WI: Wisconsin, Lifetables (period 1x5), Males Last modified: 3 Dec 2019, MPv5 (May07) 

Year     	Age	mx	qx	ax	lx	dx	Lx	Tx	ex
1960-1964	0	0.02470	0.02417	0.11	100000	2417	97852	6859345	68.59
1960-1964	1	0.00143	0.00143	0.5	97583	140	97513	6761493	69.29
1960-1964	2	0.00097	0.00097	0.5	97443	94	97396	6663980	68.39
1960-1964	3	0.00077	0.00077	0.5	97349	75	97312	6566584	67.45
1960-1964	4	0.00070	0.00070	0.5	97274	68	97240	6469273	66.51
1960-1964	5	0.00065	0.00065	0.5	97206	63	97175	6372032	65.55
1960-1964	6	0.00048	0.00048	0.5	97143	46	97120	6274858	64.59
1960-1964	7	0.00052	0.00052	0.5	97097	50	97072	6177738	63.62
1960-1964	8	0.00045	0.00045	0.5	97047	43	97025	6080666	62.66
1960-1964	9	0.00040	0.00040	0.5	97003	39	96984	5983641	61.68
1960-1964	10	0.00036	0.00036	0.5	96964	35	96947	5886657	60.71
1960-1964	11	0.00041	0.00041	0.5	96929	40	96909	5789711	59.73
1960-1964	12	0.00042	0.00042	0.5	96889	41	96869	5692802	58.76
1960-1964	13	0.00050	0.00050	0.5	96848	48	96824	5595933	57.78
1960-1964	14	0.00054	0.00054	0.5	96800	52	96774	5499109	56.81
1960-1964	15	0.00080	0.00080	0.5	96748	78	96709	5402335	55.84
1960-1964	16	0.00102	0.00102	0.5	96670	99	96621	5305626	54.88
1960-1964	17	0.00146	0.00146	0.5	96571	141	96501	5209005	53.94
1960-1964	18	0.00192	0.00192	0.5	96431	185	96338	5112504	53.02
1960-1964	19	0.00170	0.00170	0.5	96246	163	96164	5016166	52.12
1960-1964	20	0.00196	0.00196	0.5	96083	188	95988	4920002	51.21
1960-1964	21	0.00199	0.00198	0.5	95894	190	95799	4824013	50.31
1960-1964	22	0.00166	0.00166	0.5	95704	159	95625	4728214	49.40
1960-1964	23	0.00184	0.00184	0.5	95545	175	95458	4632589	48.49
1960-1964	24	0.00162	0.00161	0.5	95370	154	95293	4537132	47.57
1960-1964	25	0.00172	0.00172	0.5	95216	164	95134	4441839	46.65
1960-1964	26	0.00144	0.00144	0.5	95053	136	94984	4346704	45.73
1960-1964	27	0.00144	0.00144	0.5	94916	137	94848	4251720	44.79
1960-1964	28	0.00135	0.00135	0.5	94779	128	94715	4156872	43.86
1960-1964	29	0.00133	0.00133	0.5	94651	126	94588	4062157	42.92
1960-1964	30	0.00151	0.00151	0.5	94525	143	94453	3967569	41.97
1960-1964	31	0.00152	0.00152	0.5	94382	144	94310	3873116	41.04
1960-1964	32	0.00160	0.00160	0.5	94238	151	94163	3778806	40.10
1960-1964	33	0.00154	0.00154	0.5	94087	144	94015	3684643	39.16
1960-1964	34	0.00161	0.00160	0.5	93943	151	93867	3590628	38.22
1960-1964	35	0.00185	0.00185	0.5	93792	174	93705	3496761	37.28
1960-1964	36	0.00207	0.00207	0.5	93618	194	93521	3403055	36.35
1960-1964	37	0.00205	0.00205	0.5	93425	191	93329	3309534	35.42
1960-1964	38	0.00244	0.00244	0.5	93233	228	93119	3216205	34.50
1960-1964	39	0.00261	0.00260	0.5	93006	242	92885	3123086	33.58
1960-1964	40	0.00285	0.00284	0.5	92764	264	92632	3030201	32.67
1960-1964	41	0.00334	0.00334	0.5	92500	309	92346	2937569	31.76
1960-1964	42	0.00341	0.00341	0.5	92191	314	92034	2845224	30.86
1960-1964	43	0.00385	0.00384	0.5	91877	353	91701	2753190	29.97
1960-1964	44	0.00440	0.00439	0.5	91524	402	91323	2661489	29.08
1960-1964	45	0.00474	0.00473	0.5	91122	431	90907	2570166	28.21
1960-1964	46	0.00540	0.00539	0.5	90691	489	90447	2479259	27.34
1960-1964	47	0.00583	0.00581	0.5	90203	524	89941	2388812	26.48
1960-1964	48	0.00625	0.00623	0.5	89679	558	89399	2298871	25.63
1960-1964	49	0.00737	0.00735	0.5	89120	655	88793	2209472	24.79
1960-1964	50	0.00795	0.00792	0.5	88466	700	88115	2120679	23.97
1960-1964	51	0.00938	0.00933	0.5	87765	819	87356	2032564	23.16
1960-1964	52	0.00986	0.00981	0.5	86946	853	86519	1945208	22.37
1960-1964	53	0.01140	0.01134	0.5	86093	976	85605	1858689	21.59
1960-1964	54	0.01152	0.01145	0.5	85117	975	84629	1773084	20.83
1960-1964	55	0.01324	0.01315	0.5	84142	1107	83589	1688455	20.07
1960-1964	56	0.01455	0.01444	0.5	83035	1199	82436	1604866	19.33
1960-1964	57	0.01595	0.01582	0.5	81836	1295	81189	1522431	18.60
1960-1964	58	0.01616	0.01603	0.5	80541	1291	79896	1441242	17.89
1960-1964	59	0.01931	0.01912	0.5	79251	1515	78493	1361346	17.18
1960-1964	60	0.01942	0.01924	0.5	77735	1495	76988	1282853	16.50
1960-1964	61	0.02213	0.02188	0.5	76240	1668	75406	1205866	15.82
1960-1964	62	0.02497	0.02466	0.5	74571	1839	73652	1130460	15.16
1960-1964	63	0.02632	0.02598	0.5	72732	1889	71788	1056808	14.53
1960-1964	64	0.02770	0.02732	0.5	70843	1936	69875	985021	13.90
1960-1964	65	0.03174	0.03125	0.5	68907	2153	67831	915146	13.28
1960-1964	66	0.03369	0.03313	0.5	66754	2211	65648	847315	12.69
1960-1964	67	0.03811	0.03740	0.5	64543	2414	63336	781667	12.11
1960-1964	68	0.03939	0.03863	0.5	62129	2400	60929	718331	11.56
1960-1964	69	0.04339	0.04247	0.5	59729	2537	58461	657403	11.01
1960-1964	70	0.04761	0.04651	0.5	57192	2660	55862	598942	10.47
1960-1964	71	0.05240	0.05106	0.5	54533	2785	53140	543080	9.96
1960-1964	72	0.05855	0.05688	0.5	51748	2943	50276	489939	9.47
1960-1964	73	0.06003	0.05828	0.5	48804	2844	47382	439663	9.01
1960-1964	74	0.06629	0.06416	0.5	45960	2949	44486	392281	8.54
1960-1964	75	0.07153	0.06906	0.5	43011	2970	41526	347796	8.09
1960-1964	76	0.07728	0.07441	0.5	40041	2979	38551	306270	7.65
1960-1964	77	0.08199	0.07876	0.5	37062	2919	35602	267718	7.22
1960-1964	78	0.09144	0.08744	0.5	34143	2986	32650	232116	6.80
1960-1964	79	0.10074	0.09591	0.5	31157	2988	29663	199466	6.40
1960-1964	80	0.10996	0.10423	0.5	28169	2936	26701	169803	6.03
1960-1964	81	0.11811	0.11152	0.5	25233	2814	23826	143102	5.67
1960-1964	82	0.13030	0.12233	0.5	22419	2743	21048	119277	5.32
1960-1964	83	0.14093	0.13165	0.5	19676	2590	18381	98229	4.99
1960-1964	84	0.15305	0.14217	0.5	17086	2429	15871	79848	4.67
1960-1964	85	0.17446	0.16046	0.5	14657	2352	13481	63977	4.37
1960-1964	86	0.18863	0.17237	0.5	12305	2121	11244	50496	4.10
1960-1964	87	0.20863	0.18892	0.5	10184	1924	9222	39252	3.85
1960-1964	88	0.22505	0.20229	0.5	8260	1671	7424	30030	3.64
1960-1964	89	0.24582	0.21892	0.5	6589	1442	5868	22605	3.43
1960-1964	90	0.26476	0.23381	0.5	5147	1203	4545	16738	3.25
1960-1964	91	0.25811	0.22861	0.5	3943	901	3493	12193	3.09
1960-1964	92	0.30156	0.26205	0.5	3042	797	2643	8700	2.86
1960-1964	93	0.32421	0.27898	0.5	2245	626	1932	6057	2.70
1960-1964	94	0.34771	0.29621	0.5	1618	479	1379	4125	2.55
1960-1964	95	0.37199	0.31365	0.5	1139	357	960	2746	2.41
1960-1964	96	0.39692	0.33119	0.5	782	259	652	1786	2.28
1960-1964	97	0.42240	0.34875	0.5	523	182	432	1134	2.17
1960-1964	98	0.44830	0.36622	0.5	341	125	278	702	2.06
1960-1964	99	0.47449	0.38351	0.5	216	83	174	424	1.96
1960-1964	100	0.50082	0.40052	0.5	133	53	106	249	1.87
1960-1964	101	0.52714	0.41718	0.5	80	33	63	143	1.79
1960-1964	102	0.55331	0.43341	0.5	46	20	36	80	1.72
1960-1964	103	0.57919	0.44913	0.5	26	12	20	43	1.65
1960-1964	104	0.60464	0.46428	0.5	15	7	11	23	1.59
1960-1964	105	0.62954	0.47882	0.5	8	4	6	12	1.53
1960-1964	106	0.65377	0.49271	0.5	4	2	3	6	1.48
1960-1964	107	0.67722	0.50591	0.5	2	1	2	3	1.44
1960-1964	108	0.69982	0.51842	0.5	1	1	1	1	1.40
1960-1964	109	0.72148	0.53021	0.5	0	0	0	1	1.37
1960-1964	110+	0.74216	1.00000	1.35	0	0	0	0	1.35
1965-1969	0	0.02212	0.02169	0.1	100000	2169	98057	6865921	68.66
1965-1969	1	0.00112	0.00112	0.5	97831	109	97776	6767864	69.18
1965-1969	2	0.00080	0.00080	0.5	97722	78	97683	6670088	68.26
1965-1969	3	0.00068	0.00068	0.5	97644	66	97610	6572405	67.31
1965-1969	4	0.00060	0.00060	0.5	97577	58	97548	6474795	66.36
1965-1969	5	0.00050	0.00050	0.5	97519	49	97495	6377247	65.39
1965-1969	6	0.00052	0.00052	0.5	97470	51	97445	6279752	64.43
1965-1969	7	0.00047	0.00047	0.5	97420	46	97397	6182307	63.46
1965-1969	8	0.00039	0.00039	0.5	97374	38	97355	6084910	62.49
1965-1969	9	0.00038	0.00038	0.5	97337	37	97318	5987555	61.51
1965-1969	10	0.00037	0.00037	0.5	97299	36	97281	5890237	60.54
1965-1969	11	0.00036	0.00036	0.5	97263	35	97245	5792956	59.56
1965-1969	12	0.00049	0.00049	0.5	97228	48	97204	5695710	58.58
1965-1969	13	0.00046	0.00046	0.5	97180	45	97158	5598506	57.61
1965-1969	14	0.00056	0.00056	0.5	97135	54	97108	5501349	56.64
1965-1969	15	0.00074	0.00074	0.5	97081	72	97045	5404240	55.67
1965-1969	16	0.00106	0.00106	0.5	97009	103	96958	5307195	54.71
1965-1969	17	0.00152	0.00152	0.5	96906	147	96833	5210237	53.77
1965-1969	18	0.00243	0.00242	0.5	96759	234	96642	5113405	52.85
1965-1969	19	0.00214	0.00213	0.5	96525	206	96422	5016763	51.97
1965-1969	20	0.00188	0.00188	0.5	96319	181	96228	4920341	51.08
1965-1969	21	0.00189	0.00189	0.5	96138	181	96047	4824112	50.18
1965-1969	22	0.00189	0.00189	0.5	95957	181	95866	4728065	49.27
1965-1969	23	0.00176	0.00175	0.5	95776	168	95692	4632199	48.37
1965-1969	24	0.00157	0.00157	0.5	95608	150	95533	4536507	47.45
1965-1969	25	0.00165	0.00165	0.5	95458	157	95379	4440975	46.52
1965-1969	26	0.00145	0.00145	0.5	95301	138	95231	4345595	45.60
1965-1969	27	0.00131	0.00130	0.5	95162	124	95100	4250364	44.66
1965-1969	28	0.00142	0.00142	0.5	95038	135	94971	4155264	43.72
1965-1969	29	0.00131	0.00131	0.5	94904	124	94842	4060293	42.78
1965-1969	30	0.00145	0.00145	0.5	94780	137	94711	3965451	41.84
1965-1969	31	0.00132	0.00132	0.5	94642	125	94580	3870740	40.90
1965-1969	32	0.00163	0.00163	0.5	94518	154	94441	3776159	39.95
1965-1969	33	0.00159	0.00159	0.5	94364	150	94289	3681719	39.02
1965-1969	34	0.00185	0.00185	0.5	94213	174	94126	3587430	38.08
1965-1969	35	0.00188	0.00188	0.5	94040	177	93951	3493304	37.15
1965-1969	36	0.00205	0.00205	0.5	93863	192	93767	3399352	36.22
1965-1969	37	0.00199	0.00199	0.5	93671	187	93577	3305586	35.29
1965-1969	38	0.00238	0.00238	0.5	93484	223	93373	3212008	34.36
1965-1969	39	0.00259	0.00259	0.5	93261	242	93141	3118636	33.44
1965-1969	40	0.00287	0.00287	0.5	93020	267	92887	3025495	32.53
1965-1969	41	0.00306	0.00306	0.5	92753	284	92611	2932608	31.62
1965-1969	42	0.00363	0.00362	0.5	92470	335	92302	2839997	30.71
1965-1969	43	0.00371	0.00370	0.5	92135	341	91964	2747695	29.82
1965-1969	44	0.00437	0.00436	0.5	91794	400	91594	2655730	28.93
1965-1969	45	0.00514	0.00513	0.5	91393	469	91159	2564137	28.06
1965-1969	46	0.00521	0.00520	0.5	90925	473	90689	2472977	27.20
1965-1969	47	0.00586	0.00584	0.5	90452	529	90188	2382289	26.34
1965-1969	48	0.00652	0.00650	0.5	89923	584	89631	2292101	25.49
1965-1969	49	0.00773	0.00770	0.5	89339	688	88995	2202470	24.65
1965-1969	50	0.00769	0.00766	0.5	88651	679	88311	2113475	23.84
1965-1969	51	0.00891	0.00887	0.5	87972	781	87582	2025163	23.02
1965-1969	52	0.01033	0.01028	0.5	87191	896	86743	1937582	22.22
1965-1969	53	0.01094	0.01088	0.5	86295	939	85825	1850839	21.45
1965-1969	54	0.01242	0.01234	0.5	85356	1053	84829	1765013	20.68
1965-1969	55	0.01345	0.01336	0.5	84303	1127	83739	1680184	19.93
1965-1969	56	0.01457	0.01446	0.5	83176	1203	82575	1596445	19.19
1965-1969	57	0.01610	0.01598	0.5	81973	1310	81318	1513870	18.47
1965-1969	58	0.01837	0.01820	0.5	80664	1468	79930	1432552	17.76
1965-1969	59	0.01904	0.01886	0.5	79195	1493	78449	1352623	17.08
1965-1969	60	0.02085	0.02064	0.5	77702	1604	76900	1274174	16.40
1965-1969	61	0.02277	0.02251	0.5	76098	1713	75242	1197274	15.73
1965-1969	62	0.02505	0.02474	0.5	74385	1840	73465	1122032	15.08
1965-1969	63	0.02702	0.02666	0.5	72545	1934	71578	1048567	14.45
1965-1969	64	0.03075	0.03028	0.5	70610	2138	69541	976989	13.84
1965-1969	65	0.03186	0.03136	0.5	68472	2147	67399	907448	13.25
1965-1969	66	0.03367	0.03311	0.5	66325	2196	65227	840049	12.67
1965-1969	67	0.03785	0.03715	0.5	64129	2382	62938	774823	12.08
1965-1969	68	0.04117	0.04034	0.5	61747	2491	60501	711885	11.53
1965-1969	69	0.04491	0.04392	0.5	59256	2603	57955	651383	10.99
1965-1969	70	0.04893	0.04776	0.5	56653	2706	55300	593429	10.47
1965-1969	71	0.05222	0.05089	0.5	53947	2745	52575	538129	9.98
1965-1969	72	0.05658	0.05503	0.5	51202	2817	49793	485554	9.48
1965-1969	73	0.06035	0.05858	0.5	48384	2835	46967	435761	9.01
1965-1969	74	0.06709	0.06492	0.5	45550	2957	44071	388794	8.54
1965-1969	75	0.06953	0.06719	0.5	42593	2862	41162	344722	8.09
1965-1969	76	0.07930	0.07628	0.5	39731	3031	38216	303560	7.64
1965-1969	77	0.08559	0.08208	0.5	36700	3012	35194	265345	7.23
1965-1969	78	0.09346	0.08928	0.5	33688	3008	32184	230150	6.83
1965-1969	79	0.10099	0.09614	0.5	30680	2950	29205	197966	6.45
1965-1969	80	0.10842	0.10284	0.5	27731	2852	26305	168761	6.09
1965-1969	81	0.11769	0.11115	0.5	24879	2765	23496	142456	5.73
1965-1969	82	0.13050	0.12251	0.5	22114	2709	20759	118960	5.38
1965-1969	83	0.14748	0.13735	0.5	19404	2665	18072	98201	5.06
1965-1969	84	0.14921	0.13885	0.5	16739	2324	15577	80129	4.79
1965-1969	85	0.16996	0.15665	0.5	14415	2258	13286	64552	4.48
1965-1969	86	0.18436	0.16880	0.5	12157	2052	11131	51266	4.22
1965-1969	87	0.20001	0.18182	0.5	10105	1837	9186	40135	3.97
1965-1969	88	0.20890	0.18915	0.5	8268	1564	7486	30949	3.74
1965-1969	89	0.23187	0.20778	0.5	6704	1393	6007	23463	3.50
1965-1969	90	0.25241	0.22413	0.5	5311	1190	4716	17456	3.29
1965-1969	91	0.27714	0.24341	0.5	4121	1003	3619	12741	3.09
1965-1969	92	0.29419	0.25646	0.5	3118	800	2718	9122	2.93
1965-1969	93	0.31595	0.27284	0.5	2318	632	2002	6404	2.76
1965-1969	94	0.33854	0.28953	0.5	1686	488	1442	4402	2.61
1965-1969	95	0.36190	0.30645	0.5	1198	367	1014	2960	2.47
1965-1969	96	0.38593	0.32350	0.5	831	269	696	1946	2.34
1965-1969	97	0.41053	0.34061	0.5	562	191	466	1250	2.23
1965-1969	98	0.43558	0.35768	0.5	370	133	304	784	2.12
1965-1969	99	0.46097	0.37462	0.5	238	89	193	480	2.02
1965-1969	100	0.48656	0.39135	0.5	149	58	120	286	1.92
1965-1969	101	0.51222	0.40778	0.5	91	37	72	167	1.84
1965-1969	102	0.53782	0.42384	0.5	54	23	42	95	1.76
1965-1969	103	0.56322	0.43946	0.5	31	14	24	52	1.69
1965-1969	104	0.58829	0.45458	0.5	17	8	13	28	1.63
1965-1969	105	0.61291	0.46914	0.5	9	4	7	15	1.57
1965-1969	106	0.63697	0.48311	0.5	5	2	4	8	1.52
1965-1969	107	0.66036	0.49645	0.5	3	1	2	4	1.47
1965-1969	108	0.68300	0.50913	0.5	1	1	1	2	1.43
1965-1969	109	0.70480	0.52115	0.5	1	0	0	1	1.40
1965-1969	110+	0.72570	1.00000	1.38	0	0	0	0	1.38
1970-1974	0	0.01699	0.01673	0.09	100000	1673	98479	6952353	69.52
1970-1974	1	0.00103	0.00103	0.5	98327	101	98277	6853874	69.70
1970-1974	2	0.00069	0.00069	0.5	98226	67	98192	6755597	68.78
1970-1974	3	0.00072	0.00072	0.5	98159	71	98123	6657405	67.82
1970-1974	4	0.00051	0.00051	0.5	98088	50	98062	6559282	66.87
1970-1974	5	0.00049	0.00049	0.5	98037	48	98013	6461219	65.91
1970-1974	6	0.00044	0.00044	0.5	97989	43	97968	6363206	64.94
1970-1974	7	0.00041	0.00041	0.5	97947	41	97926	6265238	63.97
1970-1974	8	0.00038	0.00038	0.5	97906	37	97888	6167311	62.99
1970-1974	9	0.00026	0.00026	0.5	97869	26	97856	6069424	62.02
1970-1974	10	0.00036	0.00036	0.5	97843	35	97826	5971568	61.03
1970-1974	11	0.00037	0.00037	0.5	97809	37	97790	5873742	60.05
1970-1974	12	0.00042	0.00042	0.5	97772	41	97752	5775951	59.08
1970-1974	13	0.00060	0.00060	0.5	97731	58	97702	5678200	58.10
1970-1974	14	0.00062	0.00062	0.5	97673	60	97643	5580498	57.13
1970-1974	15	0.00080	0.00080	0.5	97613	78	97574	5482855	56.17
1970-1974	16	0.00116	0.00116	0.5	97535	113	97478	5385281	55.21
1970-1974	17	0.00136	0.00136	0.5	97422	133	97356	5287803	54.28
1970-1974	18	0.00198	0.00198	0.5	97289	193	97193	5190448	53.35
1970-1974	19	0.00216	0.00215	0.5	97096	209	96992	5093255	52.46
1970-1974	20	0.00165	0.00165	0.5	96887	160	96807	4996263	51.57
1970-1974	21	0.00176	0.00176	0.5	96727	170	96642	4899456	50.65
1970-1974	22	0.00207	0.00206	0.5	96557	199	96457	4802814	49.74
1970-1974	23	0.00181	0.00181	0.5	96357	174	96270	4706357	48.84
1970-1974	24	0.00182	0.00182	0.5	96184	175	96096	4610086	47.93
1970-1974	25	0.00148	0.00148	0.5	96008	142	95937	4513990	47.02
1970-1974	26	0.00156	0.00156	0.5	95866	149	95792	4418053	46.09
1970-1974	27	0.00149	0.00149	0.5	95717	143	95646	4322262	45.16
1970-1974	28	0.00136	0.00136	0.5	95574	130	95510	4226616	44.22
1970-1974	29	0.00151	0.00151	0.5	95445	144	95373	4131106	43.28
1970-1974	30	0.00143	0.00143	0.5	95301	136	95233	4035733	42.35
1970-1974	31	0.00162	0.00162	0.5	95165	154	95088	3940500	41.41
1970-1974	32	0.00149	0.00149	0.5	95011	142	94940	3845412	40.47
1970-1974	33	0.00158	0.00158	0.5	94869	149	94795	3750472	39.53
1970-1974	34	0.00169	0.00168	0.5	94720	159	94640	3655678	38.59
1970-1974	35	0.00182	0.00182	0.5	94560	172	94474	3561038	37.66
1970-1974	36	0.00189	0.00189	0.5	94389	179	94299	3466563	36.73
1970-1974	37	0.00212	0.00212	0.5	94210	199	94110	3372264	35.80
1970-1974	38	0.00212	0.00211	0.5	94011	199	93911	3278154	34.87
1970-1974	39	0.00246	0.00246	0.5	93812	231	93696	3184243	33.94
1970-1974	40	0.00261	0.00260	0.5	93581	244	93459	3090546	33.03
1970-1974	41	0.00284	0.00284	0.5	93337	265	93205	2997087	32.11
1970-1974	42	0.00341	0.00340	0.5	93072	317	92914	2903882	31.20
1970-1974	43	0.00358	0.00357	0.5	92756	331	92590	2810968	30.31
1970-1974	44	0.00397	0.00396	0.5	92424	366	92242	2718378	29.41
1970-1974	45	0.00524	0.00522	0.5	92059	481	91818	2626136	28.53
1970-1974	46	0.00542	0.00540	0.5	91578	495	91331	2534318	27.67
1970-1974	47	0.00573	0.00571	0.5	91083	520	90823	2442988	26.82
1970-1974	48	0.00593	0.00591	0.5	90563	535	90295	2352165	25.97
1970-1974	49	0.00650	0.00648	0.5	90028	583	89736	2261870	25.12
1970-1974	50	0.00704	0.00701	0.5	89445	627	89131	2172134	24.28
1970-1974	51	0.00866	0.00862	0.5	88817	766	88434	2083003	23.45
1970-1974	52	0.00933	0.00928	0.5	88052	817	87643	1994568	22.65
1970-1974	53	0.00995	0.00990	0.5	87234	864	86802	1906925	21.86
1970-1974	54	0.01130	0.01124	0.5	86370	970	85885	1820123	21.07
1970-1974	55	0.01281	0.01273	0.5	85400	1087	84856	1734238	20.31
1970-1974	56	0.01369	0.01360	0.5	84313	1147	83739	1649382	19.56
1970-1974	57	0.01581	0.01568	0.5	83166	1304	82514	1565643	18.83
1970-1974	58	0.01654	0.01640	0.5	81862	1343	81190	1483129	18.12
1970-1974	59	0.01799	0.01783	0.5	80519	1435	79801	1401939	17.41
1970-1974	60	0.02008	0.01988	0.5	79083	1572	78297	1322138	16.72
1970-1974	61	0.02130	0.02107	0.5	77511	1634	76694	1243841	16.05
1970-1974	62	0.02341	0.02314	0.5	75877	1756	74999	1167147	15.38
1970-1974	63	0.02687	0.02651	0.5	74121	1965	73139	1092147	14.73
1970-1974	64	0.02922	0.02880	0.5	72156	2078	71117	1019008	14.12
1970-1974	65	0.03197	0.03146	0.5	70078	2205	68976	947891	13.53
1970-1974	66	0.03336	0.03281	0.5	67874	2227	66760	878915	12.95
1970-1974	67	0.03783	0.03713	0.5	65646	2437	64428	812155	12.37
1970-1974	68	0.03840	0.03768	0.5	63209	2382	62018	747727	11.83
1970-1974	69	0.04264	0.04175	0.5	60827	2540	59558	685709	11.27
1970-1974	70	0.04572	0.04470	0.5	58288	2605	56985	626152	10.74
1970-1974	71	0.05012	0.04890	0.5	55682	2723	54321	569166	10.22
1970-1974	72	0.05433	0.05289	0.5	52960	2801	51559	514845	9.72
1970-1974	73	0.05909	0.05740	0.5	50158	2879	48719	463286	9.24
1970-1974	74	0.06427	0.06227	0.5	47279	2944	45807	414568	8.77
1970-1974	75	0.07020	0.06782	0.5	44335	3007	42832	368760	8.32
1970-1974	76	0.07530	0.07257	0.5	41329	2999	39829	325928	7.89
1970-1974	77	0.08481	0.08136	0.5	38330	3118	36770	286099	7.46
1970-1974	78	0.08991	0.08604	0.5	35211	3030	33696	249328	7.08
1970-1974	79	0.09688	0.09240	0.5	32182	2974	30695	215632	6.70
1970-1974	80	0.10398	0.09884	0.5	29208	2887	27764	184937	6.33
1970-1974	81	0.11175	0.10583	0.5	26321	2786	24928	157173	5.97
1970-1974	82	0.11921	0.11251	0.5	23535	2648	22211	132245	5.62
1970-1974	83	0.13382	0.12543	0.5	20887	2620	19577	110033	5.27
1970-1974	84	0.15148	0.14081	0.5	18268	2572	16981	90456	4.95
1970-1974	85	0.15971	0.14790	0.5	15695	2321	14535	73474	4.68
1970-1974	86	0.17492	0.16085	0.5	13374	2151	12298	58940	4.41
1970-1974	87	0.18844	0.17221	0.5	11223	1933	10256	46642	4.16
1970-1974	88	0.19935	0.18128	0.5	9290	1684	8448	36385	3.92
1970-1974	89	0.21797	0.19655	0.5	7606	1495	6858	27937	3.67
1970-1974	90	0.22977	0.20609	0.5	6111	1259	5481	21079	3.45
1970-1974	91	0.25605	0.22699	0.5	4852	1101	4301	15598	3.21
1970-1974	92	0.29752	0.25899	0.5	3750	971	3265	11297	3.01
1970-1974	93	0.29921	0.26027	0.5	2779	723	2417	8032	2.89
1970-1974	94	0.32091	0.27653	0.5	2056	568	1771	5615	2.73
1970-1974	95	0.34340	0.29308	0.5	1487	436	1269	3843	2.58
1970-1974	96	0.36662	0.30982	0.5	1051	326	888	2574	2.45
1970-1974	97	0.39047	0.32669	0.5	726	237	607	1686	2.32
1970-1974	98	0.41487	0.34359	0.5	489	168	405	1078	2.21
1970-1974	99	0.43968	0.36044	0.5	321	116	263	674	2.10
1970-1974	100	0.46480	0.37715	0.5	205	77	166	411	2.00
1970-1974	101	0.49010	0.39364	0.5	128	50	103	245	1.91
1970-1974	102	0.51545	0.40983	0.5	77	32	62	142	1.83
1970-1974	103	0.54073	0.42565	0.5	46	19	36	80	1.76
1970-1974	104	0.56579	0.44103	0.5	26	12	20	44	1.69
1970-1974	105	0.59052	0.45591	0.5	15	7	11	24	1.63
1970-1974	106	0.61481	0.47025	0.5	8	4	6	13	1.57
1970-1974	107	0.63853	0.48401	0.5	4	2	3	6	1.52
1970-1974	108	0.66160	0.49714	0.5	2	1	2	3	1.48
1970-1974	109	0.68392	0.50964	0.5	1	1	1	2	1.44
1970-1974	110+	0.70543	1.00000	1.42	1	1	1	1	1.42
1975-1979	0	0.01304	0.01289	0.08	100000	1289	98815	7113974	71.14
1975-1979	1	0.00084	0.00084	0.5	98711	83	98670	7015159	71.07
1975-1979	2	0.00069	0.00069	0.5	98628	68	98594	6916490	70.13
1975-1979	3	0.00055	0.00055	0.5	98560	54	98533	6817896	69.17
1975-1979	4	0.00047	0.00047	0.5	98506	46	98483	6719362	68.21
1975-1979	5	0.00040	0.00040	0.5	98460	40	98441	6620879	67.24
1975-1979	6	0.00039	0.00039	0.5	98421	39	98401	6522438	66.27
1975-1979	7	0.00043	0.00043	0.5	98382	42	98361	6424037	65.30
1975-1979	8	0.00032	0.00032	0.5	98340	31	98325	6325676	64.32
1975-1979	9	0.00033	0.00033	0.5	98309	32	98293	6227351	63.34
1975-1979	10	0.00028	0.00028	0.5	98277	28	98263	6129058	62.37
1975-1979	11	0.00039	0.00039	0.5	98249	39	98230	6030795	61.38
1975-1979	12	0.00038	0.00038	0.5	98210	37	98192	5932565	60.41
1975-1979	13	0.00041	0.00041	0.5	98173	40	98153	5834374	59.43
1975-1979	14	0.00062	0.00062	0.5	98133	61	98102	5736221	58.45
1975-1979	15	0.00074	0.00074	0.5	98072	73	98036	5638118	57.49
1975-1979	16	0.00106	0.00106	0.5	97999	104	97947	5540083	56.53
1975-1979	17	0.00140	0.00140	0.5	97895	137	97827	5442135	55.59
1975-1979	18	0.00190	0.00189	0.5	97759	185	97666	5344309	54.67
1975-1979	19	0.00183	0.00183	0.5	97573	179	97484	5246643	53.77
1975-1979	20	0.00176	0.00176	0.5	97395	171	97309	5149159	52.87
1975-1979	21	0.00174	0.00174	0.5	97223	169	97139	5051850	51.96
1975-1979	22	0.00171	0.00171	0.5	97054	165	96971	4954711	51.05
1975-1979	23	0.00158	0.00158	0.5	96889	153	96812	4857739	50.14
1975-1979	24	0.00149	0.00149	0.5	96736	144	96664	4760927	49.22
1975-1979	25	0.00158	0.00158	0.5	96592	153	96515	4664263	48.29
1975-1979	26	0.00142	0.00141	0.5	96439	136	96370	4567748	47.36
1975-1979	27	0.00132	0.00132	0.5	96302	127	96239	4471378	46.43
1975-1979	28	0.00135	0.00135	0.5	96175	129	96111	4375139	45.49
1975-1979	29	0.00123	0.00123	0.5	96046	118	95987	4279028	44.55
1975-1979	30	0.00141	0.00141	0.5	95928	135	95860	4183041	43.61
1975-1979	31	0.00133	0.00133	0.5	95792	127	95729	4087181	42.67
1975-1979	32	0.00124	0.00124	0.5	95665	119	95606	3991452	41.72
1975-1979	33	0.00144	0.00144	0.5	95546	138	95477	3895847	40.77
1975-1979	34	0.00146	0.00146	0.5	95408	139	95339	3800369	39.83
1975-1979	35	0.00163	0.00163	0.5	95270	156	95192	3705030	38.89
1975-1979	36	0.00166	0.00166	0.5	95114	158	95035	3609838	37.95
1975-1979	37	0.00183	0.00183	0.5	94956	174	94869	3514804	37.02
1975-1979	38	0.00205	0.00205	0.5	94782	194	94685	3419935	36.08
1975-1979	39	0.00208	0.00208	0.5	94588	197	94490	3325250	35.16
1975-1979	40	0.00239	0.00239	0.5	94391	226	94278	3230760	34.23
1975-1979	41	0.00264	0.00263	0.5	94165	248	94042	3136482	33.31
1975-1979	42	0.00259	0.00258	0.5	93918	243	93796	3042440	32.39
1975-1979	43	0.00319	0.00318	0.5	93675	298	93526	2948644	31.48
1975-1979	44	0.00359	0.00359	0.5	93377	335	93209	2855118	30.58
1975-1979	45	0.00411	0.00410	0.5	93042	381	92851	2761909	29.68
1975-1979	46	0.00423	0.00422	0.5	92661	391	92465	2669057	28.80
1975-1979	47	0.00474	0.00473	0.5	92269	436	92051	2576592	27.92
1975-1979	48	0.00556	0.00554	0.5	91833	509	91579	2484541	27.05
1975-1979	49	0.00607	0.00605	0.5	91324	553	91048	2392963	26.20
1975-1979	50	0.00658	0.00656	0.5	90772	595	90474	2301915	25.36
1975-1979	51	0.00689	0.00687	0.5	90176	620	89866	2211441	24.52
1975-1979	52	0.00810	0.00806	0.5	89556	722	89195	2121575	23.69
1975-1979	53	0.00915	0.00910	0.5	88834	809	88430	2032379	22.88
1975-1979	54	0.00952	0.00948	0.5	88025	834	87608	1943950	22.08
1975-1979	55	0.01063	0.01058	0.5	87191	922	86730	1856341	21.29
1975-1979	56	0.01198	0.01191	0.5	86269	1027	85755	1769612	20.51
1975-1979	57	0.01311	0.01302	0.5	85242	1110	84686	1683856	19.75
1975-1979	58	0.01468	0.01457	0.5	84131	1226	83518	1599170	19.01
1975-1979	59	0.01534	0.01522	0.5	82905	1262	82274	1515652	18.28
1975-1979	60	0.01700	0.01685	0.5	81643	1376	80956	1433377	17.56
1975-1979	61	0.01917	0.01898	0.5	80268	1524	79506	1352422	16.85
1975-1979	62	0.02231	0.02207	0.5	78744	1738	77875	1272916	16.17
1975-1979	63	0.02354	0.02327	0.5	77006	1792	76110	1195041	15.52
1975-1979	64	0.02546	0.02514	0.5	75214	1891	74269	1118931	14.88
1975-1979	65	0.02762	0.02725	0.5	73323	1998	72324	1044662	14.25
1975-1979	66	0.03035	0.02989	0.5	71325	2132	70259	972338	13.63
1975-1979	67	0.03453	0.03394	0.5	69193	2349	68019	902078	13.04
1975-1979	68	0.03584	0.03521	0.5	66845	2354	65668	834059	12.48
1975-1979	69	0.03859	0.03786	0.5	64491	2442	63270	768392	11.91
1975-1979	70	0.04205	0.04119	0.5	62049	2556	60771	705122	11.36
1975-1979	71	0.04655	0.04549	0.5	59494	2707	58140	644350	10.83
1975-1979	72	0.04942	0.04823	0.5	56787	2739	55418	586210	10.32
1975-1979	73	0.05384	0.05242	0.5	54048	2833	52631	530792	9.82
1975-1979	74	0.05940	0.05768	0.5	51215	2954	49738	478161	9.34
1975-1979	75	0.06302	0.06110	0.5	48260	2949	46786	428423	8.88
1975-1979	76	0.06917	0.06686	0.5	45312	3030	43797	381637	8.42
1975-1979	77	0.07619	0.07339	0.5	42282	3103	40731	337840	7.99
1975-1979	78	0.08248	0.07921	0.5	39179	3103	37628	297109	7.58
1975-1979	79	0.08596	0.08242	0.5	36076	2973	34589	259482	7.19
1975-1979	80	0.09231	0.08823	0.5	33103	2921	31642	224892	6.79
1975-1979	81	0.10276	0.09774	0.5	30182	2950	28707	193250	6.40
1975-1979	82	0.11287	0.10684	0.5	27232	2910	25777	164543	6.04
1975-1979	83	0.12553	0.11811	0.5	24322	2873	22886	138766	5.71
1975-1979	84	0.13468	0.12618	0.5	21450	2706	20096	115880	5.40
1975-1979	85	0.13831	0.12936	0.5	18743	2425	17531	95784	5.11
1975-1979	86	0.15651	0.14515	0.5	16318	2369	15134	78253	4.80
1975-1979	87	0.16657	0.15376	0.5	13950	2145	12877	63119	4.52
1975-1979	88	0.18341	0.16801	0.5	11805	1983	10813	50242	4.26
1975-1979	89	0.19817	0.18030	0.5	9822	1771	8936	39429	4.01
1975-1979	90	0.20782	0.18826	0.5	8051	1516	7293	30492	3.79
1975-1979	91	0.23128	0.20731	0.5	6535	1355	5858	23200	3.55
1975-1979	92	0.24970	0.22198	0.5	5180	1150	4605	17342	3.35
1975-1979	93	0.26903	0.23713	0.5	4030	956	3552	12737	3.16
1975-1979	94	0.28868	0.25227	0.5	3075	776	2687	9184	2.99
1975-1979	95	0.30915	0.26776	0.5	2299	616	1991	6497	2.83
1975-1979	96	0.33041	0.28356	0.5	1683	477	1445	4506	2.68
1975-1979	97	0.35238	0.29959	0.5	1206	361	1025	3061	2.54
1975-1979	98	0.37499	0.31578	0.5	845	267	711	2036	2.41
1975-1979	99	0.39816	0.33205	0.5	578	192	482	1325	2.29
1975-1979	100	0.42180	0.34833	0.5	386	134	319	842	2.18
1975-1979	101	0.44580	0.36454	0.5	252	92	206	524	2.08
1975-1979	102	0.47005	0.38060	0.5	160	61	129	318	1.99
1975-1979	103	0.49445	0.39644	0.5	99	39	79	189	1.90
1975-1979	104	0.51887	0.41199	0.5	60	25	47	109	1.83
1975-1979	105	0.54321	0.42718	0.5	35	15	28	62	1.75
1975-1979	106	0.56734	0.44197	0.5	20	9	16	34	1.69
1975-1979	107	0.59115	0.45629	0.5	11	5	9	18	1.63
1975-1979	108	0.61455	0.47010	0.5	6	3	5	10	1.58
1975-1979	109	0.63742	0.48337	0.5	3	2	2	5	1.54
1975-1979	110+	0.65970	1.00000	1.52	2	2	3	3	1.52
1980-1984	0	0.01110	0.01099	0.07	100000	1099	98983	7232736	72.33
1980-1984	1	0.00087	0.00087	0.5	98901	86	98858	7133753	72.13
1980-1984	2	0.00057	0.00057	0.5	98815	56	98787	7034894	71.19
1980-1984	3	0.00047	0.00047	0.5	98758	46	98735	6936108	70.23
1980-1984	4	0.00033	0.00032	0.5	98712	32	98696	6837373	69.27
1980-1984	5	0.00027	0.00027	0.5	98680	26	98667	6738676	68.29
1980-1984	6	0.00031	0.00031	0.5	98654	31	98638	6640009	67.31
1980-1984	7	0.00033	0.00033	0.5	98623	33	98606	6541371	66.33
1980-1984	8	0.00031	0.00031	0.5	98590	31	98575	6442765	65.35
1980-1984	9	0.00017	0.00017	0.5	98559	17	98551	6344190	64.37
1980-1984	10	0.00023	0.00023	0.5	98543	23	98531	6245639	63.38
1980-1984	11	0.00026	0.00026	0.5	98519	26	98506	6147108	62.39
1980-1984	12	0.00025	0.00025	0.5	98493	25	98481	6048602	61.41
1980-1984	13	0.00036	0.00036	0.5	98468	36	98450	5950121	60.43
1980-1984	14	0.00045	0.00045	0.5	98433	44	98410	5851670	59.45
1980-1984	15	0.00051	0.00051	0.5	98388	50	98363	5753260	58.48
1980-1984	16	0.00077	0.00077	0.5	98338	76	98301	5654897	57.50
1980-1984	17	0.00122	0.00122	0.5	98263	120	98203	5556596	56.55
1980-1984	18	0.00172	0.00172	0.5	98143	169	98058	5458393	55.62
1980-1984	19	0.00153	0.00153	0.5	97974	149	97899	5360335	54.71
1980-1984	20	0.00156	0.00156	0.5	97825	152	97748	5262435	53.79
1980-1984	21	0.00151	0.00151	0.5	97672	148	97598	5164687	52.88
1980-1984	22	0.00153	0.00152	0.5	97525	149	97450	5067089	51.96
1980-1984	23	0.00144	0.00144	0.5	97376	140	97306	4969638	51.04
1980-1984	24	0.00124	0.00123	0.5	97236	120	97176	4872333	50.11
1980-1984	25	0.00139	0.00139	0.5	97116	135	97048	4775157	49.17
1980-1984	26	0.00129	0.00129	0.5	96981	125	96918	4678109	48.24
1980-1984	27	0.00114	0.00114	0.5	96856	110	96800	4581191	47.30
1980-1984	28	0.00146	0.00146	0.5	96745	142	96674	4484390	46.35
1980-1984	29	0.00124	0.00124	0.5	96604	119	96544	4387716	45.42
1980-1984	30	0.00118	0.00118	0.5	96484	114	96427	4291172	44.48
1980-1984	31	0.00120	0.00120	0.5	96370	115	96312	4194745	43.53
1980-1984	32	0.00133	0.00133	0.5	96255	128	96191	4098432	42.58
1980-1984	33	0.00140	0.00140	0.5	96127	134	96060	4002242	41.64
1980-1984	34	0.00137	0.00137	0.5	95992	131	95927	3906182	40.69
1980-1984	35	0.00151	0.00151	0.5	95861	145	95789	3810255	39.75
1980-1984	36	0.00142	0.00142	0.5	95717	136	95649	3714466	38.81
1980-1984	37	0.00159	0.00158	0.5	95581	151	95505	3618817	37.86
1980-1984	38	0.00180	0.00180	0.5	95430	172	95344	3523312	36.92
1980-1984	39	0.00191	0.00191	0.5	95258	182	95167	3427968	35.99
1980-1984	40	0.00199	0.00198	0.5	95076	189	94982	3332801	35.05
1980-1984	41	0.00248	0.00247	0.5	94887	235	94770	3237820	34.12
1980-1984	42	0.00248	0.00247	0.5	94653	234	94536	3143050	33.21
1980-1984	43	0.00287	0.00287	0.5	94419	271	94283	3048514	32.29
1980-1984	44	0.00276	0.00276	0.5	94148	259	94018	2954231	31.38
1980-1984	45	0.00348	0.00347	0.5	93888	326	93725	2860213	30.46
1980-1984	46	0.00360	0.00359	0.5	93563	336	93394	2766488	29.57
1980-1984	47	0.00443	0.00442	0.5	93226	412	93020	2673094	28.67
1980-1984	48	0.00509	0.00507	0.5	92814	471	92579	2580073	27.80
1980-1984	49	0.00525	0.00524	0.5	92343	484	92101	2487494	26.94
1980-1984	50	0.00567	0.00566	0.5	91859	520	91600	2395393	26.08
1980-1984	51	0.00662	0.00660	0.5	91340	603	91038	2303793	25.22
1980-1984	52	0.00746	0.00743	0.5	90737	674	90400	2212755	24.39
1980-1984	53	0.00799	0.00796	0.5	90063	717	89704	2122355	23.57
1980-1984	54	0.00875	0.00871	0.5	89346	778	88957	2032651	22.75
1980-1984	55	0.01000	0.00995	0.5	88568	882	88127	1943694	21.95
1980-1984	56	0.01132	0.01126	0.5	87686	987	87193	1855567	21.16
1980-1984	57	0.01180	0.01173	0.5	86699	1017	86191	1768375	20.40
1980-1984	58	0.01342	0.01333	0.5	85682	1142	85111	1682184	19.63
1980-1984	59	0.01435	0.01425	0.5	84540	1205	83938	1597073	18.89
1980-1984	60	0.01536	0.01525	0.5	83335	1270	82700	1513135	18.16
1980-1984	61	0.01735	0.01720	0.5	82065	1411	81359	1430435	17.43
1980-1984	62	0.01978	0.01958	0.5	80654	1579	79864	1349076	16.73
1980-1984	63	0.02135	0.02112	0.5	79074	1670	78239	1269212	16.05
1980-1984	64	0.02073	0.02052	0.5	77404	1588	76610	1190973	15.39
1980-1984	65	0.02428	0.02399	0.5	75816	1819	74906	1114363	14.70
1980-1984	66	0.02791	0.02752	0.5	73997	2037	72979	1039457	14.05
1980-1984	67	0.03009	0.02965	0.5	71960	2133	70894	966478	13.43
1980-1984	68	0.03212	0.03161	0.5	69827	2207	68723	895584	12.83
1980-1984	69	0.03641	0.03576	0.5	67620	2418	66411	826861	12.23
1980-1984	70	0.04010	0.03931	0.5	65202	2563	63920	760450	11.66
1980-1984	71	0.04258	0.04169	0.5	62639	2611	61333	696530	11.12
1980-1984	72	0.04709	0.04601	0.5	60027	2762	58647	635197	10.58
1980-1984	73	0.05110	0.04982	0.5	57266	2853	55839	576550	10.07
1980-1984	74	0.05500	0.05353	0.5	54413	2913	52956	520711	9.57
1980-1984	75	0.06025	0.05848	0.5	51500	3012	49994	467755	9.08
1980-1984	76	0.06625	0.06413	0.5	48488	3109	46933	417761	8.62
1980-1984	77	0.07169	0.06921	0.5	45379	3141	43808	370827	8.17
1980-1984	78	0.07456	0.07188	0.5	42238	3036	40720	327019	7.74
1980-1984	79	0.08458	0.08115	0.5	39202	3181	37611	286299	7.30
1980-1984	80	0.09456	0.09029	0.5	36021	3252	34394	248688	6.90
1980-1984	81	0.10053	0.09572	0.5	32768	3137	31200	214294	6.54
1980-1984	82	0.10636	0.10099	0.5	29632	2993	28135	183094	6.18
1980-1984	83	0.11760	0.11107	0.5	26639	2959	25160	154959	5.82
1980-1984	84	0.13008	0.12214	0.5	23680	2892	22234	129799	5.48
1980-1984	85	0.14096	0.13168	0.5	20788	2737	19419	107565	5.17
1980-1984	86	0.15417	0.14313	0.5	18051	2584	16759	88145	4.88
1980-1984	87	0.16257	0.15035	0.5	15467	2325	14304	71386	4.62
1980-1984	88	0.17454	0.16053	0.5	13142	2110	12087	57082	4.34
1980-1984	89	0.19840	0.18049	0.5	11032	1991	10036	44995	4.08
1980-1984	90	0.20921	0.18940	0.5	9041	1712	8185	34959	3.87
1980-1984	91	0.22211	0.19991	0.5	7328	1465	6596	26774	3.65
1980-1984	92	0.23679	0.21173	0.5	5863	1241	5243	20178	3.44
1980-1984	93	0.26201	0.23166	0.5	4622	1071	4087	14936	3.23
1980-1984	94	0.28113	0.24648	0.5	3551	875	3114	10849	3.05
1980-1984	95	0.30107	0.26168	0.5	2676	700	2326	7736	2.89
1980-1984	96	0.32180	0.27720	0.5	1976	548	1702	5410	2.74
1980-1984	97	0.34326	0.29298	0.5	1428	418	1219	3708	2.60
1980-1984	98	0.36537	0.30893	0.5	1010	312	854	2489	2.47
1980-1984	99	0.38807	0.32501	0.5	698	227	584	1635	2.34
1980-1984	100	0.41126	0.34112	0.5	471	161	391	1051	2.23
1980-1984	101	0.43486	0.35719	0.5	310	111	255	660	2.13
1980-1984	102	0.45875	0.37316	0.5	199	74	162	405	2.03
1980-1984	103	0.48284	0.38894	0.5	125	49	101	243	1.94
1980-1984	104	0.50700	0.40447	0.5	76	31	61	142	1.86
1980-1984	105	0.53114	0.41968	0.5	46	19	36	81	1.79
1980-1984	106	0.55512	0.43452	0.5	26	11	21	46	1.72
1980-1984	107	0.57886	0.44893	0.5	15	7	12	25	1.66
1980-1984	108	0.60223	0.46286	0.5	8	4	6	13	1.61
1980-1984	109	0.62515	0.47628	0.5	4	2	3	7	1.57
1980-1984	110+	0.64752	1.00000	1.54	2	2	4	4	1.54
1985-1989	0	0.01017	0.01007	0.07	100000	1007	99066	7316191	73.16
1985-1989	1	0.00072	0.00072	0.5	98993	71	98957	7217125	72.91
1985-1989	2	0.00057	0.00056	0.5	98922	56	98894	7118168	71.96
1985-1989	3	0.00041	0.00041	0.5	98866	40	98846	7019274	71.00
1985-1989	4	0.00037	0.00037	0.5	98825	36	98807	6920429	70.03
1985-1989	5	0.00033	0.00033	0.5	98789	33	98772	6821622	69.05
1985-1989	6	0.00026	0.00026	0.5	98756	26	98743	6722849	68.08
1985-1989	7	0.00025	0.00025	0.5	98730	25	98718	6624106	67.09
1985-1989	8	0.00027	0.00027	0.5	98705	27	98692	6525389	66.11
1985-1989	9	0.00021	0.00021	0.5	98678	20	98668	6426697	65.13
1985-1989	10	0.00021	0.00021	0.5	98658	21	98647	6328029	64.14
1985-1989	11	0.00025	0.00025	0.5	98637	24	98625	6229382	63.15
1985-1989	12	0.00026	0.00026	0.5	98613	26	98600	6130757	62.17
1985-1989	13	0.00033	0.00033	0.5	98587	32	98571	6032157	61.19
1985-1989	14	0.00042	0.00042	0.5	98554	42	98533	5933587	60.21
1985-1989	15	0.00061	0.00060	0.5	98513	60	98483	5835053	59.23
1985-1989	16	0.00081	0.00081	0.5	98453	80	98413	5736570	58.27
1985-1989	17	0.00101	0.00101	0.5	98373	99	98323	5638157	57.31
1985-1989	18	0.00132	0.00132	0.5	98274	130	98209	5539834	56.37
1985-1989	19	0.00153	0.00152	0.5	98144	150	98069	5441625	55.45
1985-1989	20	0.00139	0.00139	0.5	97994	136	97926	5343557	54.53
1985-1989	21	0.00157	0.00157	0.5	97858	154	97781	5245631	53.60
1985-1989	22	0.00145	0.00145	0.5	97704	142	97633	5147850	52.69
1985-1989	23	0.00131	0.00131	0.5	97562	128	97498	5050217	51.76
1985-1989	24	0.00124	0.00123	0.5	97434	120	97374	4952718	50.83
1985-1989	25	0.00130	0.00130	0.5	97314	126	97251	4855344	49.89
1985-1989	26	0.00115	0.00115	0.5	97188	112	97132	4758094	48.96
1985-1989	27	0.00126	0.00126	0.5	97076	123	97014	4660962	48.01
1985-1989	28	0.00124	0.00124	0.5	96953	120	96893	4563948	47.07
1985-1989	29	0.00119	0.00119	0.5	96832	115	96775	4467055	46.13
1985-1989	30	0.00120	0.00120	0.5	96717	116	96659	4370280	45.19
1985-1989	31	0.00131	0.00130	0.5	96602	126	96539	4273621	44.24
1985-1989	32	0.00132	0.00132	0.5	96476	127	96412	4177082	43.30
1985-1989	33	0.00141	0.00141	0.5	96348	136	96280	4080670	42.35
1985-1989	34	0.00130	0.00130	0.5	96212	125	96150	3984390	41.41
1985-1989	35	0.00139	0.00139	0.5	96088	133	96021	3888240	40.47
1985-1989	36	0.00161	0.00161	0.5	95954	154	95877	3792219	39.52
1985-1989	37	0.00169	0.00168	0.5	95800	161	95719	3696342	38.58
1985-1989	38	0.00168	0.00168	0.5	95639	161	95558	3600622	37.65
1985-1989	39	0.00183	0.00183	0.5	95478	175	95390	3505064	36.71
1985-1989	40	0.00192	0.00192	0.5	95303	183	95211	3409674	35.78
1985-1989	41	0.00204	0.00204	0.5	95120	194	95023	3314463	34.85
1985-1989	42	0.00244	0.00244	0.5	94926	232	94810	3219440	33.92
1985-1989	43	0.00268	0.00268	0.5	94694	253	94567	3124630	33.00
1985-1989	44	0.00285	0.00284	0.5	94441	269	94306	3030062	32.08
1985-1989	45	0.00300	0.00300	0.5	94172	282	94031	2935756	31.17
1985-1989	46	0.00344	0.00343	0.5	93890	322	93729	2841725	30.27
1985-1989	47	0.00378	0.00377	0.5	93568	353	93391	2747996	29.37
1985-1989	48	0.00413	0.00412	0.5	93215	384	93023	2654604	28.48
1985-1989	49	0.00438	0.00437	0.5	92831	406	92627	2561582	27.59
1985-1989	50	0.00498	0.00497	0.5	92424	459	92195	2468954	26.71
1985-1989	51	0.00582	0.00580	0.5	91965	534	91699	2376759	25.84
1985-1989	52	0.00666	0.00664	0.5	91432	607	91128	2285061	24.99
1985-1989	53	0.00736	0.00733	0.5	90825	666	90492	2193932	24.16
1985-1989	54	0.00766	0.00763	0.5	90159	688	89815	2103440	23.33
1985-1989	55	0.00852	0.00848	0.5	89472	759	89092	2013625	22.51
1985-1989	56	0.00987	0.00982	0.5	88713	871	88277	1924532	21.69
1985-1989	57	0.01090	0.01084	0.5	87842	953	87366	1836255	20.90
1985-1989	58	0.01222	0.01215	0.5	86889	1055	86362	1748889	20.13
1985-1989	59	0.01259	0.01251	0.5	85834	1074	85297	1662528	19.37
1985-1989	60	0.01458	0.01447	0.5	84760	1226	84147	1577231	18.61
1985-1989	61	0.01558	0.01546	0.5	83534	1291	82888	1493084	17.87
1985-1989	62	0.01780	0.01765	0.5	82242	1451	81517	1410196	17.15
1985-1989	63	0.01923	0.01905	0.5	80791	1539	80022	1328679	16.45
1985-1989	64	0.02069	0.02048	0.5	79252	1623	78441	1248657	15.76
1985-1989	65	0.02326	0.02299	0.5	77629	1785	76737	1170217	15.07
1985-1989	66	0.02545	0.02513	0.5	75845	1906	74892	1093480	14.42
1985-1989	67	0.02669	0.02634	0.5	73939	1947	72965	1018588	13.78
1985-1989	68	0.03127	0.03079	0.5	71992	2216	70883	945622	13.14
1985-1989	69	0.03195	0.03144	0.5	69775	2194	68678	874739	12.54
1985-1989	70	0.03544	0.03482	0.5	67581	2353	66405	806060	11.93
1985-1989	71	0.04146	0.04062	0.5	65228	2649	63904	739656	11.34
1985-1989	72	0.04451	0.04354	0.5	62579	2725	61216	675752	10.80
1985-1989	73	0.04848	0.04733	0.5	59854	2833	58438	614536	10.27
1985-1989	74	0.05251	0.05116	0.5	57021	2917	55562	556098	9.75
1985-1989	75	0.05589	0.05437	0.5	54104	2942	52633	500536	9.25
1985-1989	76	0.06122	0.05940	0.5	51162	3039	49642	447903	8.75
1985-1989	77	0.06787	0.06565	0.5	48123	3159	46543	398261	8.28
1985-1989	78	0.07439	0.07172	0.5	44964	3225	43351	351717	7.82
1985-1989	79	0.07953	0.07649	0.5	41739	3193	40143	308366	7.39
1985-1989	80	0.08833	0.08460	0.5	38546	3261	36916	268223	6.96
1985-1989	81	0.09973	0.09500	0.5	35286	3352	33609	231307	6.56
1985-1989	82	0.10528	0.10001	0.5	31933	3194	30337	197698	6.19
1985-1989	83	0.11633	0.10994	0.5	28740	3160	27160	167361	5.82
1985-1989	84	0.12388	0.11665	0.5	25580	2984	24088	140201	5.48
1985-1989	85	0.13751	0.12867	0.5	22596	2907	21143	116113	5.14
1985-1989	86	0.15247	0.14167	0.5	19689	2789	18294	94970	4.82
1985-1989	87	0.16315	0.15085	0.5	16899	2549	15625	76676	4.54
1985-1989	88	0.18118	0.16613	0.5	14350	2384	13158	61052	4.25
1985-1989	89	0.19776	0.17996	0.5	11966	2153	10890	47893	4.00
1985-1989	90	0.20555	0.18639	0.5	9813	1829	8898	37004	3.77
1985-1989	91	0.22863	0.20517	0.5	7984	1638	7165	28105	3.52
1985-1989	92	0.25183	0.22367	0.5	6346	1419	5636	20941	3.30
1985-1989	93	0.27204	0.23947	0.5	4926	1180	4337	15305	3.11
1985-1989	94	0.29323	0.25574	0.5	3747	958	3268	10968	2.93
1985-1989	95	0.31536	0.27241	0.5	2789	760	2409	7701	2.76
1985-1989	96	0.33836	0.28940	0.5	2029	587	1735	5292	2.61
1985-1989	97	0.36216	0.30663	0.5	1442	442	1221	3556	2.47
1985-1989	98	0.38664	0.32401	0.5	1000	324	838	2336	2.34
1985-1989	99	0.41172	0.34143	0.5	676	231	560	1498	2.22
1985-1989	100	0.43726	0.35881	0.5	445	160	365	938	2.11
1985-1989	101	0.46313	0.37605	0.5	285	107	232	572	2.01
1985-1989	102	0.48921	0.39307	0.5	178	70	143	341	1.91
1985-1989	103	0.51535	0.40976	0.5	108	44	86	198	1.83
1985-1989	104	0.54140	0.42607	0.5	64	27	50	112	1.75
1985-1989	105	0.56723	0.44190	0.5	37	16	29	62	1.68
1985-1989	106	0.59270	0.45721	0.5	20	9	16	33	1.62
1985-1989	107	0.61768	0.47193	0.5	11	5	8	17	1.56
1985-1989	108	0.64205	0.48602	0.5	6	3	4	9	1.52
1985-1989	109	0.66571	0.49946	0.5	3	2	2	4	1.48
1985-1989	110+	0.68857	1.00000	1.45	2	2	2	2	1.45
1990-1994	0	0.00925	0.00917	0.07	100000	917	99147	7400449	74.00
1990-1994	1	0.00070	0.00070	0.5	99083	69	99049	7301302	73.69
1990-1994	2	0.00044	0.00044	0.5	99014	43	98992	7202253	72.74
1990-1994	3	0.00033	0.00033	0.5	98970	32	98954	7103261	71.77
1990-1994	4	0.00029	0.00029	0.5	98938	29	98924	7004307	70.79
1990-1994	5	0.00028	0.00028	0.5	98909	28	98895	6905383	69.82
1990-1994	6	0.00017	0.00017	0.5	98881	16	98873	6806488	68.83
1990-1994	7	0.00023	0.00023	0.5	98865	23	98854	6707614	67.85
1990-1994	8	0.00017	0.00017	0.5	98842	17	98834	6608761	66.86
1990-1994	9	0.00021	0.00021	0.5	98826	21	98815	6509927	65.87
1990-1994	10	0.00023	0.00023	0.5	98805	23	98793	6411111	64.89
1990-1994	11	0.00019	0.00019	0.5	98782	19	98772	6312318	63.90
1990-1994	12	0.00018	0.00018	0.5	98763	17	98754	6213545	62.91
1990-1994	13	0.00033	0.00033	0.5	98746	33	98729	6114791	61.92
1990-1994	14	0.00045	0.00045	0.5	98713	44	98690	6016062	60.95
1990-1994	15	0.00073	0.00073	0.5	98668	72	98632	5917372	59.97
1990-1994	16	0.00088	0.00088	0.5	98597	87	98553	5818739	59.02
1990-1994	17	0.00104	0.00104	0.5	98510	103	98459	5720186	58.07
1990-1994	18	0.00137	0.00137	0.5	98407	135	98340	5621727	57.13
1990-1994	19	0.00140	0.00140	0.5	98272	138	98203	5523388	56.21
1990-1994	20	0.00140	0.00140	0.5	98134	137	98066	5425185	55.28
1990-1994	21	0.00137	0.00137	0.5	97997	134	97930	5327119	54.36
1990-1994	22	0.00117	0.00117	0.5	97863	114	97806	5229189	53.43
1990-1994	23	0.00124	0.00124	0.5	97748	121	97688	5131383	52.50
1990-1994	24	0.00114	0.00114	0.5	97627	111	97572	5033695	51.56
1990-1994	25	0.00122	0.00122	0.5	97516	119	97457	4936124	50.62
1990-1994	26	0.00109	0.00109	0.5	97398	107	97344	4838667	49.68
1990-1994	27	0.00128	0.00128	0.5	97291	125	97229	4741322	48.73
1990-1994	28	0.00135	0.00135	0.5	97167	131	97101	4644094	47.80
1990-1994	29	0.00127	0.00127	0.5	97035	123	96974	4546993	46.86
1990-1994	30	0.00159	0.00159	0.5	96912	154	96835	4450019	45.92
1990-1994	31	0.00149	0.00149	0.5	96758	144	96686	4353184	44.99
1990-1994	32	0.00148	0.00148	0.5	96614	143	96542	4256498	44.06
1990-1994	33	0.00153	0.00153	0.5	96471	147	96397	4159956	43.12
1990-1994	34	0.00136	0.00136	0.5	96324	131	96258	4063559	42.19
1990-1994	35	0.00155	0.00155	0.5	96192	149	96118	3967301	41.24
1990-1994	36	0.00158	0.00158	0.5	96044	152	95968	3871183	40.31
1990-1994	37	0.00173	0.00172	0.5	95892	165	95809	3775215	39.37
1990-1994	38	0.00165	0.00165	0.5	95727	158	95648	3679406	38.44
1990-1994	39	0.00168	0.00168	0.5	95569	160	95489	3583758	37.50
1990-1994	40	0.00214	0.00214	0.5	95409	204	95307	3488269	36.56
1990-1994	41	0.00221	0.00221	0.5	95205	210	95100	3392962	35.64
1990-1994	42	0.00233	0.00233	0.5	94995	221	94884	3297863	34.72
1990-1994	43	0.00247	0.00246	0.5	94773	234	94656	3202979	33.80
1990-1994	44	0.00271	0.00271	0.5	94540	256	94412	3108322	32.88
1990-1994	45	0.00287	0.00287	0.5	94284	271	94149	3013911	31.97
1990-1994	46	0.00315	0.00315	0.5	94013	296	93865	2919762	31.06
1990-1994	47	0.00347	0.00347	0.5	93717	325	93555	2825897	30.15
1990-1994	48	0.00425	0.00424	0.5	93392	396	93194	2732342	29.26
1990-1994	49	0.00410	0.00409	0.5	92996	380	92806	2639148	28.38
1990-1994	50	0.00435	0.00434	0.5	92616	402	92415	2546342	27.49
1990-1994	51	0.00519	0.00517	0.5	92214	477	91975	2453927	26.61
1990-1994	52	0.00585	0.00583	0.5	91737	535	91469	2361952	25.75
1990-1994	53	0.00627	0.00625	0.5	91202	570	90917	2270482	24.90
1990-1994	54	0.00701	0.00699	0.5	90632	633	90315	2179566	24.05
1990-1994	55	0.00841	0.00838	0.5	89998	754	89622	2089251	23.21
1990-1994	56	0.00835	0.00832	0.5	89245	743	88873	1999629	22.41
1990-1994	57	0.00985	0.00980	0.5	88502	868	88068	1910756	21.59
1990-1994	58	0.01163	0.01156	0.5	87634	1013	87128	1822687	20.80
1990-1994	59	0.01113	0.01107	0.5	86621	959	86142	1735560	20.04
1990-1994	60	0.01290	0.01282	0.5	85662	1098	85113	1649418	19.25
1990-1994	61	0.01418	0.01408	0.5	84564	1190	83969	1564304	18.50
1990-1994	62	0.01526	0.01515	0.5	83374	1263	82742	1480336	17.76
1990-1994	63	0.01634	0.01621	0.5	82111	1331	81445	1397593	17.02
1990-1994	64	0.01874	0.01856	0.5	80780	1500	80030	1316148	16.29
1990-1994	65	0.02133	0.02110	0.5	79280	1673	78443	1236118	15.59
1990-1994	66	0.02341	0.02314	0.5	77607	1796	76709	1157675	14.92
1990-1994	67	0.02440	0.02411	0.5	75811	1828	74898	1080966	14.26
1990-1994	68	0.02826	0.02787	0.5	73984	2062	72953	1006068	13.60
1990-1994	69	0.03098	0.03050	0.5	71922	2194	70825	933116	12.97
1990-1994	70	0.03188	0.03138	0.5	69728	2188	68634	862291	12.37
1990-1994	71	0.03631	0.03567	0.5	67540	2409	66336	793657	11.75
1990-1994	72	0.03879	0.03806	0.5	65131	2479	63892	727321	11.17
1990-1994	73	0.04256	0.04167	0.5	62653	2611	61347	663429	10.59
1990-1994	74	0.04757	0.04646	0.5	60042	2790	58647	602082	10.03
1990-1994	75	0.05070	0.04945	0.5	57252	2831	55836	543435	9.49
1990-1994	76	0.05865	0.05698	0.5	54421	3101	52870	487599	8.96
1990-1994	77	0.06453	0.06251	0.5	51320	3208	49716	434729	8.47
1990-1994	78	0.06992	0.06755	0.5	48112	3250	46487	385013	8.00
1990-1994	79	0.07454	0.07186	0.5	44862	3224	43250	338526	7.55
1990-1994	80	0.08601	0.08247	0.5	41638	3434	39921	295276	7.09
1990-1994	81	0.09466	0.09039	0.5	38204	3453	36478	255355	6.68
1990-1994	82	0.10352	0.09843	0.5	34751	3421	33041	218877	6.30
1990-1994	83	0.11340	0.10732	0.5	31331	3362	29649	185836	5.93
1990-1994	84	0.12118	0.11425	0.5	27968	3195	26371	156187	5.58
1990-1994	85	0.13231	0.12410	0.5	24773	3074	23236	129816	5.24
1990-1994	86	0.14396	0.13429	0.5	21698	2914	20241	106581	4.91
1990-1994	87	0.16122	0.14920	0.5	18785	2803	17383	86339	4.60
1990-1994	88	0.17639	0.16209	0.5	15982	2591	14687	68956	4.31
1990-1994	89	0.18539	0.16966	0.5	13391	2272	12255	54269	4.05
1990-1994	90	0.20486	0.18583	0.5	11119	2066	10086	42014	3.78
1990-1994	91	0.23093	0.20703	0.5	9053	1874	8116	31928	3.53
1990-1994	92	0.25234	0.22407	0.5	7179	1609	6375	23812	3.32
1990-1994	93	0.26865	0.23684	0.5	5570	1319	4911	17437	3.13
1990-1994	94	0.29007	0.25333	0.5	4251	1077	3713	12526	2.95
1990-1994	95	0.31247	0.27025	0.5	3174	858	2745	8814	2.78
1990-1994	96	0.33578	0.28751	0.5	2316	666	1983	6069	2.62
1990-1994	97	0.35992	0.30503	0.5	1650	503	1399	4085	2.48
1990-1994	98	0.38479	0.32270	0.5	1147	370	962	2687	2.34
1990-1994	99	0.41027	0.34044	0.5	777	264	645	1725	2.22
1990-1994	100	0.43625	0.35813	0.5	512	183	421	1080	2.11
1990-1994	101	0.46258	0.37569	0.5	329	124	267	660	2.01
1990-1994	102	0.48912	0.39301	0.5	205	81	165	393	1.91
1990-1994	103	0.51572	0.41000	0.5	125	51	99	228	1.83
1990-1994	104	0.54224	0.42658	0.5	74	31	58	129	1.75
1990-1994	105	0.56851	0.44268	0.5	42	19	33	71	1.68
1990-1994	106	0.59441	0.45822	0.5	23	11	18	38	1.62
1990-1994	107	0.61979	0.47316	0.5	13	6	10	20	1.56
1990-1994	108	0.64453	0.48745	0.5	7	3	5	10	1.51
1990-1994	109	0.66853	0.50105	0.5	3	2	3	5	1.47
1990-1994	110+	0.69168	1.00000	1.45	2	2	2	2	1.45
1995-1999	0	0.00842	0.00835	0.07	100000	835	99221	7478840	74.79
1995-1999	1	0.00067	0.00067	0.5	99165	66	99132	7379619	74.42
1995-1999	2	0.00043	0.00043	0.5	99099	42	99078	7280487	73.47
1995-1999	3	0.00032	0.00032	0.5	99056	31	99041	7181410	72.50
1995-1999	4	0.00025	0.00025	0.5	99025	25	99013	7082369	71.52
1995-1999	5	0.00020	0.00020	0.5	99000	20	98990	6983356	70.54
1995-1999	6	0.00020	0.00020	0.5	98980	20	98970	6884366	69.55
1995-1999	7	0.00020	0.00020	0.5	98960	20	98950	6785396	68.57
1995-1999	8	0.00017	0.00017	0.5	98940	17	98932	6686446	67.58
1995-1999	9	0.00012	0.00012	0.5	98923	12	98917	6587514	66.59
1995-1999	10	0.00011	0.00011	0.5	98911	11	98906	6488597	65.60
1995-1999	11	0.00015	0.00015	0.5	98900	14	98893	6389691	64.61
1995-1999	12	0.00023	0.00023	0.5	98886	23	98874	6290799	63.62
1995-1999	13	0.00031	0.00031	0.5	98863	31	98848	6191924	62.63
1995-1999	14	0.00042	0.00042	0.5	98832	41	98812	6093077	61.65
1995-1999	15	0.00048	0.00048	0.5	98791	47	98768	5994265	60.68
1995-1999	16	0.00069	0.00069	0.5	98744	68	98710	5895497	59.70
1995-1999	17	0.00087	0.00087	0.5	98676	86	98633	5796787	58.75
1995-1999	18	0.00105	0.00105	0.5	98590	104	98538	5698155	57.80
1995-1999	19	0.00115	0.00115	0.5	98486	113	98429	5599617	56.86
1995-1999	20	0.00115	0.00115	0.5	98373	113	98316	5501188	55.92
1995-1999	21	0.00151	0.00150	0.5	98259	148	98186	5402872	54.99
1995-1999	22	0.00132	0.00132	0.5	98112	129	98047	5304686	54.07
1995-1999	23	0.00115	0.00115	0.5	97983	113	97926	5206639	53.14
1995-1999	24	0.00120	0.00120	0.5	97869	118	97811	5108713	52.20
1995-1999	25	0.00110	0.00110	0.5	97752	107	97698	5010902	51.26
1995-1999	26	0.00114	0.00114	0.5	97645	111	97589	4913204	50.32
1995-1999	27	0.00117	0.00117	0.5	97533	114	97476	4815615	49.37
1995-1999	28	0.00119	0.00119	0.5	97419	116	97361	4718139	48.43
1995-1999	29	0.00100	0.00100	0.5	97303	97	97254	4620779	47.49
1995-1999	30	0.00107	0.00107	0.5	97205	104	97153	4523525	46.54
1995-1999	31	0.00119	0.00118	0.5	97102	115	97044	4426371	45.58
1995-1999	32	0.00128	0.00128	0.5	96987	124	96925	4329327	44.64
1995-1999	33	0.00131	0.00131	0.5	96863	126	96800	4232402	43.69
1995-1999	34	0.00141	0.00141	0.5	96736	136	96668	4135603	42.75
1995-1999	35	0.00158	0.00158	0.5	96600	152	96524	4038935	41.81
1995-1999	36	0.00151	0.00151	0.5	96448	145	96375	3942411	40.88
1995-1999	37	0.00156	0.00156	0.5	96303	150	96227	3846036	39.94
1995-1999	38	0.00173	0.00173	0.5	96152	166	96069	3749808	39.00
1995-1999	39	0.00181	0.00181	0.5	95986	173	95899	3653739	38.07
1995-1999	40	0.00191	0.00191	0.5	95812	183	95721	3557840	37.13
1995-1999	41	0.00203	0.00203	0.5	95630	194	95533	3462119	36.20
1995-1999	42	0.00228	0.00228	0.5	95436	218	95327	3366586	35.28
1995-1999	43	0.00233	0.00232	0.5	95218	221	95108	3271259	34.36
1995-1999	44	0.00270	0.00270	0.5	94997	256	94869	3176152	33.43
1995-1999	45	0.00291	0.00291	0.5	94741	276	94603	3081283	32.52
1995-1999	46	0.00311	0.00310	0.5	94465	293	94319	2986680	31.62
1995-1999	47	0.00331	0.00331	0.5	94172	311	94017	2892361	30.71
1995-1999	48	0.00377	0.00376	0.5	93861	353	93684	2798345	29.81
1995-1999	49	0.00390	0.00389	0.5	93508	364	93326	2704660	28.92
1995-1999	50	0.00431	0.00430	0.5	93144	401	92944	2611334	28.04
1995-1999	51	0.00475	0.00474	0.5	92744	439	92524	2518390	27.15
1995-1999	52	0.00544	0.00543	0.5	92304	501	92054	2425866	26.28
1995-1999	53	0.00584	0.00582	0.5	91803	534	91536	2333812	25.42
1995-1999	54	0.00634	0.00632	0.5	91269	577	90980	2242276	24.57
1995-1999	55	0.00726	0.00723	0.5	90692	656	90364	2151296	23.72
1995-1999	56	0.00781	0.00778	0.5	90036	701	89686	2060932	22.89
1995-1999	57	0.00877	0.00874	0.5	89335	780	88945	1971246	22.07
1995-1999	58	0.00961	0.00956	0.5	88555	847	88131	1882301	21.26
1995-1999	59	0.01083	0.01078	0.5	87708	945	87235	1794170	20.46
1995-1999	60	0.01222	0.01215	0.5	86763	1054	86236	1706934	19.67
1995-1999	61	0.01346	0.01337	0.5	85709	1146	85136	1620698	18.91
1995-1999	62	0.01413	0.01403	0.5	84563	1186	83970	1535562	18.16
1995-1999	63	0.01562	0.01550	0.5	83377	1292	82731	1451592	17.41
1995-1999	64	0.01786	0.01770	0.5	82085	1453	81358	1368862	16.68
1995-1999	65	0.01982	0.01962	0.5	80632	1582	79841	1287504	15.97
1995-1999	66	0.02169	0.02146	0.5	79049	1696	78201	1207663	15.28
1995-1999	67	0.02300	0.02274	0.5	77353	1759	76473	1129462	14.60
1995-1999	68	0.02692	0.02657	0.5	75594	2008	74590	1052989	13.93
1995-1999	69	0.02879	0.02838	0.5	73586	2089	72541	978399	13.30
1995-1999	70	0.03098	0.03051	0.5	71497	2181	70406	905858	12.67
1995-1999	71	0.03377	0.03321	0.5	69316	2302	68165	835451	12.05
1995-1999	72	0.03707	0.03639	0.5	67014	2439	65795	767286	11.45
1995-1999	73	0.04121	0.04037	0.5	64575	2607	63272	701491	10.86
1995-1999	74	0.04474	0.04376	0.5	61968	2712	60612	638219	10.30
1995-1999	75	0.04854	0.04739	0.5	59256	2808	57852	577607	9.75
1995-1999	76	0.05141	0.05012	0.5	56448	2829	55033	519755	9.21
1995-1999	77	0.05793	0.05630	0.5	53619	3019	52109	464722	8.67
1995-1999	78	0.06360	0.06164	0.5	50600	3119	49040	412612	8.15
1995-1999	79	0.07284	0.07028	0.5	47481	3337	45813	363572	7.66
1995-1999	80	0.07925	0.07623	0.5	44144	3365	42461	317759	7.20
1995-1999	81	0.09005	0.08617	0.5	40779	3514	39022	275298	6.75
1995-1999	82	0.09573	0.09136	0.5	37265	3404	35563	236276	6.34
1995-1999	83	0.10998	0.10425	0.5	33861	3530	32096	200713	5.93
1995-1999	84	0.12099	0.11409	0.5	30331	3460	28600	168618	5.56
1995-1999	85	0.13254	0.12430	0.5	26870	3340	25200	140017	5.21
1995-1999	86	0.14431	0.13460	0.5	23530	3167	21947	114817	4.88
1995-1999	87	0.15993	0.14809	0.5	20363	3016	18855	92870	4.56
1995-1999	88	0.17324	0.15943	0.5	17347	2766	15965	74015	4.27
1995-1999	89	0.18209	0.16690	0.5	14582	2434	13365	58051	3.98
1995-1999	90	0.20661	0.18726	0.5	12148	2275	11011	44686	3.68
1995-1999	91	0.23639	0.21140	0.5	9873	2087	8830	33675	3.41
1995-1999	92	0.26126	0.23107	0.5	7786	1799	6886	24846	3.19
1995-1999	93	0.27961	0.24531	0.5	5987	1469	5252	17959	3.00
1995-1999	94	0.30366	0.26363	0.5	4518	1191	3923	12707	2.81
1995-1999	95	0.32884	0.28240	0.5	3327	940	2857	8784	2.64
1995-1999	96	0.35504	0.30151	0.5	2387	720	2028	5927	2.48
1995-1999	97	0.38214	0.32084	0.5	1668	535	1400	3899	2.34
1995-1999	98	0.40999	0.34024	0.5	1133	385	940	2499	2.21
1995-1999	99	0.43843	0.35960	0.5	747	269	613	1559	2.09
1995-1999	100	0.46729	0.37879	0.5	479	181	388	946	1.98
1995-1999	101	0.49636	0.39767	0.5	297	118	238	559	1.88
1995-1999	102	0.52546	0.41613	0.5	179	75	142	320	1.79
1995-1999	103	0.55438	0.43406	0.5	105	45	82	179	1.71
1995-1999	104	0.58295	0.45138	0.5	59	27	46	97	1.64
1995-1999	105	0.61096	0.46800	0.5	32	15	25	51	1.57
1995-1999	106	0.63827	0.48385	0.5	17	8	13	26	1.51
1995-1999	107	0.66470	0.49889	0.5	9	4	7	13	1.46
1995-1999	108	0.69015	0.51309	0.5	4	2	3	6	1.41
1995-1999	109	0.71449	0.52643	0.5	2	1	2	3	1.38
1995-1999	110+	0.73765	1.00000	1.36	1	1	1	1	1.36
2000-2004	0	0.00708	0.00703	0.06	100000	703	99342	7569684	75.70
2000-2004	1	0.00055	0.00055	0.5	99297	55	99270	7470342	75.23
2000-2004	2	0.00033	0.00033	0.5	99242	32	99226	7371072	74.27
2000-2004	3	0.00022	0.00022	0.5	99210	21	99199	7271846	73.30
2000-2004	4	0.00018	0.00018	0.5	99189	18	99180	7172646	72.31
2000-2004	5	0.00019	0.00019	0.5	99171	19	99161	7073466	71.33
2000-2004	6	0.00025	0.00025	0.5	99152	24	99140	6974305	70.34
2000-2004	7	0.00017	0.00017	0.5	99127	16	99119	6875165	69.36
2000-2004	8	0.00016	0.00016	0.5	99111	15	99103	6776046	68.37
2000-2004	9	0.00015	0.00015	0.5	99096	15	99088	6676943	67.38
2000-2004	10	0.00016	0.00016	0.5	99081	16	99072	6577854	66.39
2000-2004	11	0.00015	0.00015	0.5	99064	15	99057	6478782	65.40
2000-2004	12	0.00016	0.00016	0.5	99049	16	99042	6379725	64.41
2000-2004	13	0.00023	0.00023	0.5	99034	23	99022	6280684	63.42
2000-2004	14	0.00029	0.00029	0.5	99011	28	98997	6181661	62.43
2000-2004	15	0.00044	0.00044	0.5	98983	43	98961	6082664	61.45
2000-2004	16	0.00072	0.00072	0.5	98939	71	98904	5983703	60.48
2000-2004	17	0.00094	0.00094	0.5	98868	93	98821	5884800	59.52
2000-2004	18	0.00113	0.00113	0.5	98775	112	98719	5785978	58.58
2000-2004	19	0.00113	0.00113	0.5	98663	112	98607	5687259	57.64
2000-2004	20	0.00121	0.00121	0.5	98551	119	98492	5588652	56.71
2000-2004	21	0.00156	0.00156	0.5	98432	153	98355	5490160	55.78
2000-2004	22	0.00125	0.00125	0.5	98279	122	98217	5391805	54.86
2000-2004	23	0.00136	0.00136	0.5	98156	133	98090	5293588	53.93
2000-2004	24	0.00132	0.00132	0.5	98023	129	97958	5195498	53.00
2000-2004	25	0.00138	0.00138	0.5	97894	135	97826	5097540	52.07
2000-2004	26	0.00110	0.00110	0.5	97759	108	97705	4999713	51.14
2000-2004	27	0.00104	0.00104	0.5	97651	102	97600	4902008	50.20
2000-2004	28	0.00110	0.00110	0.5	97549	107	97496	4804407	49.25
2000-2004	29	0.00107	0.00107	0.5	97443	104	97391	4706911	48.30
2000-2004	30	0.00095	0.00095	0.5	97339	92	97292	4609521	47.36
2000-2004	31	0.00123	0.00123	0.5	97246	119	97187	4512228	46.40
2000-2004	32	0.00117	0.00117	0.5	97127	114	97070	4415042	45.46
2000-2004	33	0.00118	0.00118	0.5	97013	115	96956	4317972	44.51
2000-2004	34	0.00121	0.00121	0.5	96898	117	96840	4221016	43.56
2000-2004	35	0.00143	0.00143	0.5	96782	138	96712	4124176	42.61
2000-2004	36	0.00134	0.00134	0.5	96643	129	96579	4027464	41.67
2000-2004	37	0.00165	0.00165	0.5	96514	159	96434	3930885	40.73
2000-2004	38	0.00171	0.00171	0.5	96355	165	96272	3834451	39.80
2000-2004	39	0.00193	0.00192	0.5	96190	185	96097	3738179	38.86
2000-2004	40	0.00199	0.00199	0.5	96005	191	95910	3642081	37.94
2000-2004	41	0.00215	0.00215	0.5	95814	206	95711	3546172	37.01
2000-2004	42	0.00230	0.00229	0.5	95608	219	95498	3450461	36.09
2000-2004	43	0.00247	0.00247	0.5	95389	235	95271	3354962	35.17
2000-2004	44	0.00261	0.00261	0.5	95153	248	95029	3259691	34.26
2000-2004	45	0.00314	0.00313	0.5	94905	297	94756	3164662	33.35
2000-2004	46	0.00320	0.00320	0.5	94608	303	94456	3069906	32.45
2000-2004	47	0.00382	0.00381	0.5	94305	359	94125	2975450	31.55
2000-2004	48	0.00377	0.00377	0.5	93946	354	93769	2881324	30.67
2000-2004	49	0.00401	0.00400	0.5	93592	374	93405	2787555	29.78
2000-2004	50	0.00466	0.00465	0.5	93218	433	93001	2694151	28.90
2000-2004	51	0.00472	0.00471	0.5	92784	437	92566	2601150	28.03
2000-2004	52	0.00500	0.00498	0.5	92348	460	92118	2508584	27.16
2000-2004	53	0.00546	0.00544	0.5	91888	500	91637	2416466	26.30
2000-2004	54	0.00625	0.00623	0.5	91387	569	91103	2324829	25.44
2000-2004	55	0.00691	0.00688	0.5	90818	625	90506	2233726	24.60
2000-2004	56	0.00719	0.00717	0.5	90193	646	89870	2143220	23.76
2000-2004	57	0.00838	0.00835	0.5	89547	748	89173	2053350	22.93
2000-2004	58	0.00892	0.00889	0.5	88799	789	88405	1964177	22.12
2000-2004	59	0.00983	0.00978	0.5	88010	861	87580	1875772	21.31
2000-2004	60	0.01025	0.01020	0.5	87150	889	86705	1788192	20.52
2000-2004	61	0.01113	0.01107	0.5	86260	955	85783	1701487	19.72
2000-2004	62	0.01291	0.01283	0.5	85306	1095	84759	1615704	18.94
2000-2004	63	0.01437	0.01427	0.5	84211	1201	83611	1530945	18.18
2000-2004	64	0.01536	0.01525	0.5	83010	1266	82377	1447335	17.44
2000-2004	65	0.01701	0.01687	0.5	81744	1379	81055	1364958	16.70
2000-2004	66	0.01893	0.01875	0.5	80366	1507	79612	1283903	15.98
2000-2004	67	0.02064	0.02043	0.5	78858	1611	78053	1204291	15.27
2000-2004	68	0.02281	0.02255	0.5	77248	1742	76377	1126238	14.58
2000-2004	69	0.02418	0.02389	0.5	75505	1804	74604	1049861	13.90
2000-2004	70	0.02750	0.02712	0.5	73702	1999	72702	975257	13.23
2000-2004	71	0.02970	0.02926	0.5	71703	2098	70654	902555	12.59
2000-2004	72	0.03315	0.03261	0.5	69605	2270	68470	831901	11.95
2000-2004	73	0.03573	0.03510	0.5	67335	2364	66153	763432	11.34
2000-2004	74	0.03921	0.03845	0.5	64971	2498	63722	697279	10.73
2000-2004	75	0.04418	0.04323	0.5	62473	2700	61122	633557	10.14
2000-2004	76	0.04943	0.04823	0.5	59772	2883	58331	572435	9.58
2000-2004	77	0.05445	0.05300	0.5	56889	3015	55382	514104	9.04
2000-2004	78	0.05809	0.05645	0.5	53874	3041	52353	458722	8.51
2000-2004	79	0.06492	0.06288	0.5	50833	3196	49234	406369	7.99
2000-2004	80	0.07159	0.06911	0.5	47636	3292	45990	357135	7.50
2000-2004	81	0.07898	0.07598	0.5	44344	3369	42659	311145	7.02
2000-2004	82	0.09116	0.08719	0.5	40975	3573	39189	268485	6.55
2000-2004	83	0.09836	0.09375	0.5	37402	3506	35649	229297	6.13
2000-2004	84	0.10959	0.10390	0.5	33896	3522	32135	193648	5.71
2000-2004	85	0.12183	0.11484	0.5	30374	3488	28630	161513	5.32
2000-2004	86	0.14018	0.13099	0.5	26886	3522	25125	132883	4.94
2000-2004	87	0.15000	0.13953	0.5	23364	3260	21734	107758	4.61
2000-2004	88	0.16834	0.15527	0.5	20104	3122	18543	86024	4.28
2000-2004	89	0.18323	0.16786	0.5	16982	2851	15557	67481	3.97
2000-2004	90	0.21192	0.19162	0.5	14132	2708	12778	51923	3.67
2000-2004	91	0.22834	0.20494	0.5	11424	2341	10253	39146	3.43
2000-2004	92	0.25543	0.22650	0.5	9083	2057	8054	28892	3.18
2000-2004	93	0.27997	0.24559	0.5	7025	1725	6163	20838	2.97
2000-2004	94	0.30608	0.26545	0.5	5300	1407	4597	14676	2.77
2000-2004	95	0.33349	0.28583	0.5	3893	1113	3337	10079	2.59
2000-2004	96	0.36208	0.30658	0.5	2780	852	2354	6742	2.42
2000-2004	97	0.39168	0.32754	0.5	1928	631	1612	4388	2.28
2000-2004	98	0.42210	0.34854	0.5	1296	452	1071	2776	2.14
2000-2004	99	0.45312	0.36942	0.5	845	312	689	1705	2.02
2000-2004	100	0.48451	0.39002	0.5	533	208	429	1017	1.91
2000-2004	101	0.51602	0.41019	0.5	325	133	258	588	1.81
2000-2004	102	0.54740	0.42977	0.5	192	82	150	330	1.72
2000-2004	103	0.57841	0.44866	0.5	109	49	85	179	1.64
2000-2004	104	0.60882	0.46674	0.5	60	28	46	95	1.57
2000-2004	105	0.63840	0.48393	0.5	32	16	24	48	1.51
2000-2004	106	0.66697	0.50017	0.5	17	8	12	24	1.45
2000-2004	107	0.69437	0.51542	0.5	8	4	6	12	1.40
2000-2004	108	0.72045	0.52966	0.5	4	2	3	5	1.36
2000-2004	109	0.74513	0.54287	0.5	2	1	1	2	1.32
2000-2004	110+	0.76832	1.00000	1.3	1	1	1	1	1.30
2005-2009	0	0.00727	0.00722	0.06	100000	722	99325	7677069	76.77
2005-2009	1	0.00045	0.00045	0.5	99278	45	99256	7577744	76.33
2005-2009	2	0.00029	0.00029	0.5	99233	28	99219	7478489	75.36
2005-2009	3	0.00019	0.00019	0.5	99205	19	99195	7379270	74.38
2005-2009	4	0.00012	0.00012	0.5	99186	12	99180	7280074	73.40
2005-2009	5	0.00010	0.00010	0.5	99174	10	99169	7180894	72.41
2005-2009	6	0.00010	0.00010	0.5	99164	10	99159	7081725	71.41
2005-2009	7	0.00017	0.00017	0.5	99154	17	99145	6982567	70.42
2005-2009	8	0.00017	0.00017	0.5	99136	17	99128	6883422	69.43
2005-2009	9	0.00016	0.00016	0.5	99119	15	99112	6784294	68.45
2005-2009	10	0.00008	0.00008	0.5	99104	8	99100	6685182	67.46
2005-2009	11	0.00017	0.00017	0.5	99096	17	99087	6586083	66.46
2005-2009	12	0.00016	0.00016	0.5	99079	16	99071	6486995	65.47
2005-2009	13	0.00025	0.00025	0.5	99063	25	99051	6387924	64.48
2005-2009	14	0.00026	0.00026	0.5	99038	26	99025	6288874	63.50
2005-2009	15	0.00040	0.00040	0.5	99012	40	98992	6189848	62.52
2005-2009	16	0.00052	0.00052	0.5	98973	51	98947	6090856	61.54
2005-2009	17	0.00080	0.00080	0.5	98921	79	98882	5991909	60.57
2005-2009	18	0.00103	0.00103	0.5	98842	102	98791	5893027	59.62
2005-2009	19	0.00106	0.00106	0.5	98740	105	98688	5794236	58.68
2005-2009	20	0.00106	0.00106	0.5	98636	104	98584	5695548	57.74
2005-2009	21	0.00127	0.00127	0.5	98531	125	98469	5596964	56.80
2005-2009	22	0.00125	0.00125	0.5	98406	123	98344	5498496	55.88
2005-2009	23	0.00124	0.00123	0.5	98283	121	98222	5400151	54.95
2005-2009	24	0.00126	0.00126	0.5	98161	124	98099	5301929	54.01
2005-2009	25	0.00130	0.00130	0.5	98037	128	97973	5203830	53.08
2005-2009	26	0.00121	0.00121	0.5	97910	118	97851	5105857	52.15
2005-2009	27	0.00128	0.00128	0.5	97792	125	97729	5008006	51.21
2005-2009	28	0.00105	0.00105	0.5	97667	102	97616	4910277	50.28
2005-2009	29	0.00124	0.00124	0.5	97564	121	97504	4812661	49.33
2005-2009	30	0.00114	0.00114	0.5	97444	111	97388	4715157	48.39
2005-2009	31	0.00140	0.00140	0.5	97333	136	97265	4617769	47.44
2005-2009	32	0.00122	0.00122	0.5	97196	118	97137	4520504	46.51
2005-2009	33	0.00128	0.00128	0.5	97078	124	97016	4423367	45.57
2005-2009	34	0.00112	0.00112	0.5	96954	109	96900	4326351	44.62
2005-2009	35	0.00134	0.00134	0.5	96846	129	96781	4229451	43.67
2005-2009	36	0.00154	0.00154	0.5	96716	149	96642	4132670	42.73
2005-2009	37	0.00149	0.00149	0.5	96567	144	96496	4036028	41.79
2005-2009	38	0.00165	0.00165	0.5	96424	159	96344	3939533	40.86
2005-2009	39	0.00167	0.00167	0.5	96264	161	96184	3843189	39.92
2005-2009	40	0.00190	0.00190	0.5	96103	182	96012	3747005	38.99
2005-2009	41	0.00209	0.00209	0.5	95921	200	95821	3650993	38.06
2005-2009	42	0.00234	0.00234	0.5	95721	224	95609	3555172	37.14
2005-2009	43	0.00245	0.00245	0.5	95497	234	95380	3459563	36.23
2005-2009	44	0.00270	0.00270	0.5	95263	257	95135	3364183	35.31
2005-2009	45	0.00283	0.00282	0.5	95006	268	94872	3269049	34.41
2005-2009	46	0.00309	0.00308	0.5	94738	292	94592	3174177	33.50
2005-2009	47	0.00334	0.00333	0.5	94446	315	94289	3079585	32.61
2005-2009	48	0.00381	0.00380	0.5	94131	358	93952	2985296	31.71
2005-2009	49	0.00399	0.00399	0.5	93773	374	93587	2891344	30.83
2005-2009	50	0.00440	0.00439	0.5	93400	410	93195	2797757	29.95
2005-2009	51	0.00476	0.00475	0.5	92990	442	92769	2704562	29.08
2005-2009	52	0.00510	0.00509	0.5	92548	471	92313	2611793	28.22
2005-2009	53	0.00564	0.00562	0.5	92077	518	91818	2519480	27.36
2005-2009	54	0.00542	0.00540	0.5	91560	495	91312	2427662	26.51
2005-2009	55	0.00654	0.00652	0.5	91065	593	90768	2336350	25.66
2005-2009	56	0.00700	0.00697	0.5	90471	631	90156	2245582	24.82
2005-2009	57	0.00763	0.00760	0.5	89841	683	89499	2155425	23.99
2005-2009	58	0.00808	0.00805	0.5	89157	718	88799	2065926	23.17
2005-2009	59	0.00837	0.00834	0.5	88440	737	88071	1977128	22.36
2005-2009	60	0.01017	0.01012	0.5	87702	888	87259	1889057	21.54
2005-2009	61	0.01026	0.01021	0.5	86815	886	86372	1801798	20.75
2005-2009	62	0.01193	0.01186	0.5	85929	1019	85419	1715426	19.96
2005-2009	63	0.01268	0.01260	0.5	84910	1070	84375	1630007	19.20
2005-2009	64	0.01445	0.01435	0.5	83840	1203	83239	1545632	18.44
2005-2009	65	0.01535	0.01523	0.5	82637	1259	82008	1462393	17.70
2005-2009	66	0.01627	0.01614	0.5	81379	1313	80722	1380385	16.96
2005-2009	67	0.01709	0.01695	0.5	80066	1357	79387	1299663	16.23
2005-2009	68	0.01994	0.01975	0.5	78709	1554	77932	1220275	15.50
2005-2009	69	0.02085	0.02063	0.5	77155	1592	76359	1142344	14.81
2005-2009	70	0.02354	0.02327	0.5	75563	1758	74684	1065985	14.11
2005-2009	71	0.02527	0.02496	0.5	73805	1842	72884	991301	13.43
2005-2009	72	0.02900	0.02859	0.5	71963	2057	70934	918418	12.76
2005-2009	73	0.03137	0.03089	0.5	69906	2159	68826	847484	12.12
2005-2009	74	0.03316	0.03262	0.5	67746	2210	66641	778658	11.49
2005-2009	75	0.03801	0.03730	0.5	65536	2445	64314	712017	10.86
2005-2009	76	0.04033	0.03953	0.5	63092	2494	61845	647702	10.27
2005-2009	77	0.04648	0.04542	0.5	60598	2752	59222	585858	9.67
2005-2009	78	0.05138	0.05010	0.5	57845	2898	56397	526636	9.10
2005-2009	79	0.05560	0.05410	0.5	54948	2973	53461	470239	8.56
2005-2009	80	0.06269	0.06078	0.5	51975	3159	50395	416778	8.02
2005-2009	81	0.06865	0.06638	0.5	48816	3240	47196	366383	7.51
2005-2009	82	0.07799	0.07506	0.5	45576	3421	43865	319187	7.00
2005-2009	83	0.08520	0.08172	0.5	42155	3445	40432	275322	6.53
2005-2009	84	0.09585	0.09147	0.5	38710	3541	36939	234890	6.07
2005-2009	85	0.10962	0.10393	0.5	35169	3655	33342	197950	5.63
2005-2009	86	0.12312	0.11598	0.5	31514	3655	29687	164609	5.22
2005-2009	87	0.13914	0.13009	0.5	27859	3624	26047	134922	4.84
2005-2009	88	0.15307	0.14219	0.5	24235	3446	22512	108875	4.49
2005-2009	89	0.17469	0.16066	0.5	20789	3340	19119	86363	4.15
2005-2009	90	0.18656	0.17064	0.5	17449	2977	15960	67244	3.85
2005-2009	91	0.22266	0.20036	0.5	14472	2899	13022	51284	3.54
2005-2009	92	0.24452	0.21788	0.5	11572	2521	10311	38262	3.31
2005-2009	93	0.26128	0.23109	0.5	9051	2092	8005	27951	3.09
2005-2009	94	0.29037	0.25356	0.5	6959	1765	6077	19946	2.87
2005-2009	95	0.31839	0.27467	0.5	5195	1427	4481	13869	2.67
2005-2009	96	0.34780	0.29628	0.5	3768	1116	3210	9387	2.49
2005-2009	97	0.37841	0.31820	0.5	2652	844	2230	6178	2.33
2005-2009	98	0.41002	0.34026	0.5	1808	615	1500	3948	2.18
2005-2009	99	0.44240	0.36226	0.5	1193	432	977	2448	2.05
2005-2009	100	0.47527	0.38401	0.5	761	292	615	1471	1.93
2005-2009	101	0.50835	0.40533	0.5	469	190	374	856	1.83
2005-2009	102	0.54137	0.42604	0.5	279	119	219	483	1.73
2005-2009	103	0.57402	0.44601	0.5	160	71	124	264	1.65
2005-2009	104	0.60604	0.46511	0.5	89	41	68	139	1.57
2005-2009	105	0.63718	0.48323	0.5	47	23	36	71	1.51
2005-2009	106	0.66720	0.50030	0.5	24	12	18	35	1.45
2005-2009	107	0.69593	0.51628	0.5	12	6	9	17	1.40
2005-2009	108	0.72321	0.53114	0.5	6	3	4	8	1.35
2005-2009	109	0.74892	0.54488	0.5	3	2	2	4	1.32
2005-2009	110+	0.77299	1.00000	1.29	1	1	2	2	1.29
2010-2014	0	0.00633	0.00629	0.06	100000	629	99410	7734886	77.35
2010-2014	1	0.00028	0.00028	0.5	99371	28	99357	7635476	76.84
2010-2014	2	0.00029	0.00029	0.5	99343	29	99328	7536119	75.86
2010-2014	3	0.00018	0.00018	0.5	99314	18	99305	7436791	74.88
2010-2014	4	0.00015	0.00015	0.5	99296	15	99289	7337486	73.89
2010-2014	5	0.00011	0.00011	0.5	99281	11	99276	7238197	72.91
2010-2014	6	0.00013	0.00013	0.5	99270	13	99263	7138922	71.91
2010-2014	7	0.00011	0.00011	0.5	99257	11	99251	7039659	70.92
2010-2014	8	0.00015	0.00015	0.5	99246	15	99238	6940407	69.93
2010-2014	9	0.00013	0.00013	0.5	99230	13	99224	6841170	68.94
2010-2014	10	0.00018	0.00018	0.5	99217	18	99208	6741946	67.95
2010-2014	11	0.00013	0.00013	0.5	99199	13	99192	6642738	66.96
2010-2014	12	0.00013	0.00013	0.5	99186	13	99179	6543546	65.97
2010-2014	13	0.00015	0.00015	0.5	99173	15	99165	6444366	64.98
2010-2014	14	0.00024	0.00024	0.5	99158	24	99146	6345201	63.99
2010-2014	15	0.00029	0.00029	0.5	99134	29	99120	6246055	63.01
2010-2014	16	0.00044	0.00044	0.5	99105	44	99083	6146936	62.02
2010-2014	17	0.00060	0.00060	0.5	99061	59	99031	6047853	61.05
2010-2014	18	0.00079	0.00079	0.5	99002	78	98962	5948821	60.09
2010-2014	19	0.00091	0.00091	0.5	98923	90	98879	5849859	59.14
2010-2014	20	0.00092	0.00092	0.5	98834	91	98788	5750980	58.19
2010-2014	21	0.00120	0.00120	0.5	98742	119	98683	5652192	57.24
2010-2014	22	0.00115	0.00115	0.5	98624	114	98567	5553509	56.31
2010-2014	23	0.00118	0.00118	0.5	98510	116	98452	5454943	55.37
2010-2014	24	0.00132	0.00132	0.5	98394	130	98329	5356491	54.44
2010-2014	25	0.00123	0.00123	0.5	98264	121	98204	5258162	53.51
2010-2014	26	0.00127	0.00127	0.5	98143	124	98081	5159958	52.58
2010-2014	27	0.00137	0.00137	0.5	98019	134	97952	5061877	51.64
2010-2014	28	0.00130	0.00130	0.5	97884	127	97821	4963925	50.71
2010-2014	29	0.00131	0.00131	0.5	97757	128	97693	4866104	49.78
2010-2014	30	0.00132	0.00132	0.5	97629	129	97565	4768411	48.84
2010-2014	31	0.00139	0.00139	0.5	97500	136	97432	4670846	47.91
2010-2014	32	0.00126	0.00126	0.5	97364	123	97303	4573414	46.97
2010-2014	33	0.00134	0.00134	0.5	97242	131	97176	4476111	46.03
2010-2014	34	0.00141	0.00141	0.5	97111	136	97043	4378935	45.09
2010-2014	35	0.00153	0.00153	0.5	96975	148	96901	4281892	44.15
2010-2014	36	0.00141	0.00140	0.5	96827	136	96759	4184991	43.22
2010-2014	37	0.00153	0.00153	0.5	96691	148	96617	4088233	42.28
2010-2014	38	0.00173	0.00173	0.5	96543	167	96459	3991616	41.35
2010-2014	39	0.00178	0.00178	0.5	96375	171	96290	3895157	40.42
2010-2014	40	0.00186	0.00186	0.5	96204	179	96115	3798867	39.49
2010-2014	41	0.00194	0.00193	0.5	96026	186	95933	3702752	38.56
2010-2014	42	0.00207	0.00207	0.5	95840	199	95741	3606820	37.63
2010-2014	43	0.00214	0.00213	0.5	95641	204	95539	3511079	36.71
2010-2014	44	0.00253	0.00253	0.5	95437	241	95317	3415540	35.79
2010-2014	45	0.00258	0.00257	0.5	95196	245	95073	3320223	34.88
2010-2014	46	0.00289	0.00288	0.5	94951	274	94814	3225150	33.97
2010-2014	47	0.00318	0.00318	0.5	94677	301	94527	3130335	33.06
2010-2014	48	0.00328	0.00327	0.5	94376	309	94222	3035809	32.17
2010-2014	49	0.00387	0.00386	0.5	94068	363	93886	2941587	31.27
2010-2014	50	0.00429	0.00429	0.5	93705	402	93504	2847700	30.39
2010-2014	51	0.00457	0.00456	0.5	93303	425	93091	2754196	29.52
2010-2014	52	0.00527	0.00526	0.5	92878	488	92634	2661106	28.65
2010-2014	53	0.00535	0.00534	0.5	92390	493	92143	2568472	27.80
2010-2014	54	0.00597	0.00596	0.5	91897	547	91623	2476328	26.95
2010-2014	55	0.00673	0.00671	0.5	91349	613	91043	2384705	26.11
2010-2014	56	0.00700	0.00698	0.5	90736	633	90420	2293662	25.28
2010-2014	57	0.00771	0.00768	0.5	90103	692	89757	2203243	24.45
2010-2014	58	0.00816	0.00813	0.5	89411	727	89048	2113486	23.64
2010-2014	59	0.00892	0.00888	0.5	88684	787	88291	2024438	22.83
2010-2014	60	0.00963	0.00958	0.5	87897	842	87476	1936147	22.03
2010-2014	61	0.00975	0.00971	0.5	87055	845	86633	1848671	21.24
2010-2014	62	0.01128	0.01122	0.5	86210	967	85727	1762038	20.44
2010-2014	63	0.01263	0.01255	0.5	85243	1069	84709	1676311	19.67
2010-2014	64	0.01245	0.01237	0.5	84174	1041	83653	1591603	18.91
2010-2014	65	0.01379	0.01370	0.5	83133	1139	82563	1507949	18.14
2010-2014	66	0.01533	0.01521	0.5	81994	1247	81370	1425386	17.38
2010-2014	67	0.01642	0.01629	0.5	80747	1315	80089	1344016	16.64
2010-2014	68	0.01864	0.01847	0.5	79431	1467	78698	1263927	15.91
2010-2014	69	0.01986	0.01967	0.5	77964	1533	77198	1185229	15.20
2010-2014	70	0.02261	0.02236	0.5	76431	1709	75576	1108032	14.50
2010-2014	71	0.02512	0.02481	0.5	74722	1854	73795	1032455	13.82
2010-2014	72	0.02622	0.02588	0.5	72868	1886	71925	958660	13.16
2010-2014	73	0.02997	0.02953	0.5	70982	2096	69934	886735	12.49
2010-2014	74	0.03125	0.03077	0.5	68886	2119	67827	816801	11.86
2010-2014	75	0.03578	0.03515	0.5	66767	2347	65593	748974	11.22
2010-2014	76	0.03872	0.03798	0.5	64420	2447	63197	683381	10.61
2010-2014	77	0.04221	0.04134	0.5	61973	2562	60692	620184	10.01
2010-2014	78	0.04631	0.04526	0.5	59411	2689	58067	559492	9.42
2010-2014	79	0.05167	0.05037	0.5	56723	2857	55294	501425	8.84
2010-2014	80	0.05864	0.05697	0.5	53866	3069	52331	446131	8.28
2010-2014	81	0.06622	0.06410	0.5	50797	3256	49169	393799	7.75
2010-2014	82	0.07421	0.07156	0.5	47541	3402	45840	344630	7.25
2010-2014	83	0.08282	0.07953	0.5	44139	3510	42384	298790	6.77
2010-2014	84	0.09081	0.08687	0.5	40629	3529	38864	256406	6.31
2010-2014	85	0.10386	0.09874	0.5	37100	3663	35268	217542	5.86
2010-2014	86	0.11359	0.10749	0.5	33437	3594	31640	182273	5.45
2010-2014	87	0.12966	0.12177	0.5	29843	3634	28026	150634	5.05
2010-2014	88	0.14091	0.13163	0.5	26209	3450	24484	122608	4.68
2010-2014	89	0.16104	0.14904	0.5	22759	3392	21063	98124	4.31
2010-2014	90	0.18441	0.16885	0.5	19367	3270	17732	77062	3.98
2010-2014	91	0.20630	0.18701	0.5	16097	3010	14592	59330	3.69
2010-2014	92	0.22816	0.20479	0.5	13087	2680	11747	44738	3.42
2010-2014	93	0.25358	0.22504	0.5	10407	2342	9236	32991	3.17
2010-2014	94	0.27967	0.24536	0.5	8065	1979	7075	23756	2.95
2010-2014	95	0.30735	0.26641	0.5	6086	1621	5275	16680	2.74
2010-2014	96	0.33649	0.28803	0.5	4465	1286	3822	11405	2.55
2010-2014	97	0.36693	0.31005	0.5	3179	986	2686	7584	2.39
2010-2014	98	0.39847	0.33227	0.5	2193	729	1829	4898	2.23
2010-2014	99	0.43087	0.35450	0.5	1464	519	1205	3069	2.10
2010-2014	100	0.46388	0.37654	0.5	945	356	767	1864	1.97
2010-2014	101	0.49721	0.39821	0.5	589	235	472	1097	1.86
2010-2014	102	0.53056	0.41932	0.5	355	149	280	625	1.76
2010-2014	103	0.56364	0.43972	0.5	206	91	161	345	1.67
2010-2014	104	0.59616	0.45926	0.5	115	53	89	184	1.60
2010-2014	105	0.62786	0.47785	0.5	62	30	47	95	1.53
2010-2014	106	0.65850	0.49539	0.5	33	16	25	48	1.46
2010-2014	107	0.68787	0.51183	0.5	16	8	12	23	1.41
2010-2014	108	0.71580	0.52714	0.5	8	4	6	11	1.36
2010-2014	109	0.74217	0.54130	0.5	4	2	3	5	1.33
2010-2014	110+	0.76689	1.00000	1.3	2	2	2	2	1.30
2015-2017	0	0.00674	0.00670	0.06	100000	670	99373	7707622	77.08
2015-2017	1	0.00038	0.00038	0.5	99330	38	99312	7608249	76.60
2015-2017	2	0.00023	0.00023	0.5	99293	23	99281	7508938	75.62
2015-2017	3	0.00018	0.00018	0.5	99270	18	99261	7409656	74.64
2015-2017	4	0.00019	0.00019	0.5	99252	19	99242	7310396	73.66
2015-2017	5	0.00009	0.00009	0.5	99233	9	99228	7211153	72.67
2015-2017	6	0.00017	0.00017	0.5	99224	17	99215	7111925	71.68
2015-2017	7	0.00014	0.00014	0.5	99207	14	99200	7012710	70.69
2015-2017	8	0.00006	0.00006	0.5	99193	6	99190	6913510	69.70
2015-2017	9	0.00012	0.00012	0.5	99187	12	99181	6814319	68.70
2015-2017	10	0.00014	0.00014	0.5	99175	14	99168	6715138	67.71
2015-2017	11	0.00011	0.00011	0.5	99161	11	99155	6615970	66.72
2015-2017	12	0.00016	0.00016	0.5	99149	16	99142	6516815	65.73
2015-2017	13	0.00015	0.00015	0.5	99134	15	99126	6417674	64.74
2015-2017	14	0.00035	0.00035	0.5	99119	35	99101	6318547	63.75
2015-2017	15	0.00039	0.00039	0.5	99084	39	99064	6219446	62.77
2015-2017	16	0.00042	0.00042	0.5	99045	41	99024	6120382	61.79
2015-2017	17	0.00052	0.00052	0.5	99004	51	98978	6021357	60.82
2015-2017	18	0.00076	0.00076	0.5	98953	75	98915	5922379	59.85
2015-2017	19	0.00100	0.00100	0.5	98878	99	98828	5823464	58.90
2015-2017	20	0.00105	0.00105	0.5	98778	104	98726	5724636	57.95
2015-2017	21	0.00115	0.00115	0.5	98674	114	98618	5625910	57.01
2015-2017	22	0.00118	0.00118	0.5	98561	117	98503	5527292	56.08
2015-2017	23	0.00134	0.00134	0.5	98444	132	98378	5428789	55.15
2015-2017	24	0.00142	0.00142	0.5	98312	139	98243	5330411	54.22
2015-2017	25	0.00147	0.00147	0.5	98173	144	98101	5232168	53.30
2015-2017	26	0.00169	0.00169	0.5	98029	165	97946	5134068	52.37
2015-2017	27	0.00167	0.00166	0.5	97863	163	97782	5036121	51.46
2015-2017	28	0.00167	0.00167	0.5	97701	163	97619	4938339	50.55
2015-2017	29	0.00177	0.00177	0.5	97537	173	97451	4840721	49.63
2015-2017	30	0.00184	0.00184	0.5	97365	179	97275	4743270	48.72
2015-2017	31	0.00161	0.00161	0.5	97186	157	97107	4645995	47.81
2015-2017	32	0.00156	0.00156	0.5	97029	151	96953	4548887	46.88
2015-2017	33	0.00180	0.00180	0.5	96878	174	96790	4451934	45.95
2015-2017	34	0.00191	0.00191	0.5	96703	184	96611	4355144	45.04
2015-2017	35	0.00182	0.00182	0.5	96519	175	96431	4258532	44.12
2015-2017	36	0.00184	0.00184	0.5	96343	177	96255	4162101	43.20
2015-2017	37	0.00190	0.00190	0.5	96166	183	96075	4065846	42.28
2015-2017	38	0.00197	0.00196	0.5	95983	189	95889	3969772	41.36
2015-2017	39	0.00206	0.00206	0.5	95795	197	95696	3873883	40.44
2015-2017	40	0.00199	0.00198	0.5	95598	190	95503	3778186	39.52
2015-2017	41	0.00186	0.00186	0.5	95408	177	95320	3682683	38.60
2015-2017	42	0.00222	0.00222	0.5	95231	211	95125	3587364	37.67
2015-2017	43	0.00265	0.00265	0.5	95020	252	94894	3492238	36.75
2015-2017	44	0.00263	0.00263	0.5	94768	249	94643	3397345	35.85
2015-2017	45	0.00274	0.00274	0.5	94519	259	94389	3302701	34.94
2015-2017	46	0.00344	0.00344	0.5	94260	324	94098	3208312	34.04
2015-2017	47	0.00346	0.00346	0.5	93936	325	93774	3114214	33.15
2015-2017	48	0.00334	0.00333	0.5	93611	312	93455	3020440	32.27
2015-2017	49	0.00374	0.00374	0.5	93299	349	93125	2926985	31.37
2015-2017	50	0.00444	0.00443	0.5	92950	412	92745	2833860	30.49
2015-2017	51	0.00478	0.00476	0.5	92539	441	92318	2741116	29.62
2015-2017	52	0.00523	0.00522	0.5	92098	480	91858	2648797	28.76
2015-2017	53	0.00577	0.00575	0.5	91618	527	91354	2556939	27.91
2015-2017	54	0.00595	0.00593	0.5	91091	540	90821	2465585	27.07
2015-2017	55	0.00672	0.00670	0.5	90550	606	90247	2374765	26.23
2015-2017	56	0.00703	0.00700	0.5	89944	630	89629	2284517	25.40
2015-2017	57	0.00784	0.00780	0.5	89314	697	88966	2194888	24.57
2015-2017	58	0.00811	0.00808	0.5	88617	716	88259	2105922	23.76
2015-2017	59	0.00914	0.00910	0.5	87901	800	87501	2017663	22.95
2015-2017	60	0.00947	0.00942	0.5	87101	821	86691	1930162	22.16
2015-2017	61	0.01034	0.01029	0.5	86280	888	85836	1843472	21.37
2015-2017	62	0.01155	0.01148	0.5	85393	981	84902	1757635	20.58
2015-2017	63	0.01259	0.01251	0.5	84412	1056	83884	1672733	19.82
2015-2017	64	0.01263	0.01256	0.5	83356	1047	82833	1588849	19.06
2015-2017	65	0.01392	0.01383	0.5	82310	1138	81740	1506016	18.30
2015-2017	66	0.01526	0.01514	0.5	81171	1229	80557	1424276	17.55
2015-2017	67	0.01597	0.01584	0.5	79942	1266	79309	1343719	16.81
2015-2017	68	0.01797	0.01781	0.5	78676	1401	77975	1264410	16.07
2015-2017	69	0.01967	0.01948	0.5	77275	1505	76522	1186434	15.35
2015-2017	70	0.02092	0.02071	0.5	75770	1569	74985	1109912	14.65
2015-2017	71	0.02260	0.02235	0.5	74201	1659	73372	1034927	13.95
2015-2017	72	0.02578	0.02545	0.5	72542	1846	71619	961555	13.26
2015-2017	73	0.02839	0.02799	0.5	70696	1979	69706	889936	12.59
2015-2017	74	0.03028	0.02983	0.5	68717	2050	67692	820230	11.94
2015-2017	75	0.03492	0.03432	0.5	66667	2288	65523	752538	11.29
2015-2017	76	0.03737	0.03669	0.5	64379	2362	63198	687015	10.67
2015-2017	77	0.04423	0.04327	0.5	62017	2683	60675	623817	10.06
2015-2017	78	0.04626	0.04522	0.5	59334	2683	57992	563141	9.49
2015-2017	79	0.05145	0.05016	0.5	56651	2842	55230	505149	8.92
2015-2017	80	0.05701	0.05543	0.5	53809	2982	52318	449919	8.36
2015-2017	81	0.06146	0.05963	0.5	50827	3031	49311	397601	7.82
2015-2017	82	0.07207	0.06956	0.5	47796	3325	46134	348290	7.29
2015-2017	83	0.08101	0.07786	0.5	44471	3462	42740	302156	6.79
2015-2017	84	0.09024	0.08635	0.5	41009	3541	39238	259416	6.33
2015-2017	85	0.09997	0.09521	0.5	37468	3567	35684	220178	5.88
2015-2017	86	0.11682	0.11037	0.5	33901	3742	32030	184494	5.44
2015-2017	87	0.12792	0.12023	0.5	30159	3626	28346	152464	5.06
2015-2017	88	0.13959	0.13048	0.5	26533	3462	24802	124118	4.68
2015-2017	89	0.16438	0.15190	0.5	23071	3504	21319	99316	4.30
2015-2017	90	0.17941	0.16464	0.5	19566	3221	17956	77997	3.99
2015-2017	91	0.20282	0.18415	0.5	16345	3010	14840	60042	3.67
2015-2017	92	0.22784	0.20454	0.5	13335	2728	11971	45202	3.39
2015-2017	93	0.26077	0.23069	0.5	10608	2447	9384	33230	3.13
2015-2017	94	0.28137	0.24667	0.5	8161	2013	7154	23846	2.92
2015-2017	95	0.30988	0.26830	0.5	6148	1649	5323	16692	2.72
2015-2017	96	0.33990	0.29053	0.5	4498	1307	3845	11369	2.53
2015-2017	97	0.37127	0.31314	0.5	3191	999	2692	7525	2.36
2015-2017	98	0.40377	0.33595	0.5	2192	736	1824	4833	2.20
2015-2017	99	0.43713	0.35873	0.5	1456	522	1195	3009	2.07
2015-2017	100	0.47107	0.38127	0.5	933	356	755	1815	1.94
2015-2017	101	0.50528	0.40337	0.5	578	233	461	1059	1.83
2015-2017	102	0.53944	0.42485	0.5	345	146	271	598	1.74
2015-2017	103	0.57324	0.44554	0.5	198	88	154	327	1.65
2015-2017	104	0.60636	0.46529	0.5	110	51	84	173	1.57
2015-2017	105	0.63854	0.48401	0.5	59	28	45	88	1.50
2015-2017	106	0.66951	0.50160	0.5	30	15	23	44	1.44
2015-2017	107	0.69909	0.51802	0.5	15	8	11	21	1.39
2015-2017	108	0.72709	0.53324	0.5	7	4	5	10	1.34
2015-2017	109	0.75341	0.54726	0.5	3	2	2	4	1.31
2015-2017	110+	0.77797	1.00000	1.29	2	2	2	2	1.29
