CO: Colorado, Lifetables (period 1x10), Both sexes Last modified: 3 Dec 2019, MPv5 (May07) 

Year     	Age	mx	qx	ax	lx	dx	Lx	Tx	ex
1960-1969	0	0.02451	0.02399	0.12	100000	2399	97882	7137698	71.38
1960-1969	1	0.00156	0.00156	0.5	97601	152	97525	7039817	72.13
1960-1969	2	0.00099	0.00098	0.5	97449	96	97401	6942292	71.24
1960-1969	3	0.00075	0.00075	0.5	97353	73	97316	6844891	70.31
1960-1969	4	0.00064	0.00064	0.5	97279	63	97248	6747575	69.36
1960-1969	5	0.00057	0.00057	0.5	97217	55	97189	6650327	68.41
1960-1969	6	0.00046	0.00046	0.5	97162	45	97139	6553138	67.45
1960-1969	7	0.00038	0.00038	0.5	97117	37	97098	6455999	66.48
1960-1969	8	0.00037	0.00037	0.5	97079	36	97061	6358901	65.50
1960-1969	9	0.00035	0.00035	0.5	97043	34	97026	6261839	64.53
1960-1969	10	0.00037	0.00037	0.5	97009	36	96991	6164813	63.55
1960-1969	11	0.00036	0.00036	0.5	96973	35	96955	6067823	62.57
1960-1969	12	0.00042	0.00042	0.5	96938	41	96918	5970867	61.59
1960-1969	13	0.00043	0.00043	0.5	96897	42	96876	5873950	60.62
1960-1969	14	0.00053	0.00053	0.5	96855	51	96830	5777074	59.65
1960-1969	15	0.00077	0.00077	0.5	96804	74	96767	5680244	58.68
1960-1969	16	0.00091	0.00091	0.5	96730	88	96686	5583477	57.72
1960-1969	17	0.00106	0.00106	0.5	96642	102	96591	5486791	56.77
1960-1969	18	0.00125	0.00125	0.5	96540	120	96480	5390200	55.83
1960-1969	19	0.00125	0.00125	0.5	96419	120	96359	5293720	54.90
1960-1969	20	0.00132	0.00132	0.5	96299	127	96236	5197361	53.97
1960-1969	21	0.00150	0.00150	0.5	96173	144	96100	5101125	53.04
1960-1969	22	0.00139	0.00139	0.5	96028	134	95962	5005025	52.12
1960-1969	23	0.00136	0.00136	0.5	95895	130	95830	4909063	51.19
1960-1969	24	0.00122	0.00121	0.5	95765	116	95707	4813233	50.26
1960-1969	25	0.00132	0.00132	0.5	95649	126	95585	4717527	49.32
1960-1969	26	0.00139	0.00139	0.5	95522	133	95456	4621941	48.39
1960-1969	27	0.00112	0.00112	0.5	95389	107	95336	4526485	47.45
1960-1969	28	0.00131	0.00130	0.5	95282	124	95220	4431149	46.51
1960-1969	29	0.00144	0.00144	0.5	95158	137	95089	4335929	45.57
1960-1969	30	0.00134	0.00134	0.5	95021	127	94957	4240840	44.63
1960-1969	31	0.00142	0.00142	0.5	94894	135	94826	4145883	43.69
1960-1969	32	0.00154	0.00153	0.5	94759	145	94686	4051056	42.75
1960-1969	33	0.00161	0.00161	0.5	94613	152	94537	3956370	41.82
1960-1969	34	0.00186	0.00185	0.5	94461	175	94374	3861833	40.88
1960-1969	35	0.00182	0.00182	0.5	94286	172	94200	3767459	39.96
1960-1969	36	0.00199	0.00199	0.5	94114	187	94021	3673259	39.03
1960-1969	37	0.00218	0.00218	0.5	93927	204	93825	3579239	38.11
1960-1969	38	0.00241	0.00240	0.5	93723	225	93610	3485414	37.19
1960-1969	39	0.00266	0.00266	0.5	93497	249	93373	3391804	36.28
1960-1969	40	0.00284	0.00284	0.5	93249	264	93117	3298431	35.37
1960-1969	41	0.00299	0.00299	0.5	92984	278	92845	3205314	34.47
1960-1969	42	0.00328	0.00328	0.5	92706	304	92554	3112469	33.57
1960-1969	43	0.00365	0.00364	0.5	92402	336	92234	3019914	32.68
1960-1969	44	0.00404	0.00403	0.5	92066	371	91880	2927680	31.80
1960-1969	45	0.00437	0.00436	0.5	91695	400	91495	2835800	30.93
1960-1969	46	0.00464	0.00463	0.5	91295	422	91083	2744306	30.06
1960-1969	47	0.00531	0.00530	0.5	90872	482	90631	2653222	29.20
1960-1969	48	0.00598	0.00597	0.5	90391	539	90121	2562591	28.35
1960-1969	49	0.00638	0.00636	0.5	89851	571	89566	2472470	27.52
1960-1969	50	0.00657	0.00654	0.5	89280	584	88988	2382904	26.69
1960-1969	51	0.00731	0.00729	0.5	88696	646	88373	2293916	25.86
1960-1969	52	0.00797	0.00793	0.5	88050	699	87700	2205543	25.05
1960-1969	53	0.00889	0.00885	0.5	87351	773	86964	2117843	24.25
1960-1969	54	0.00968	0.00963	0.5	86578	834	86161	2030879	23.46
1960-1969	55	0.01011	0.01006	0.5	85744	863	85313	1944718	22.68
1960-1969	56	0.01115	0.01108	0.5	84881	941	84411	1859405	21.91
1960-1969	57	0.01153	0.01147	0.5	83940	962	83459	1774995	21.15
1960-1969	58	0.01276	0.01268	0.5	82978	1052	82452	1691535	20.39
1960-1969	59	0.01424	0.01414	0.5	81926	1158	81346	1609084	19.64
1960-1969	60	0.01505	0.01494	0.5	80767	1206	80164	1527737	18.92
1960-1969	61	0.01638	0.01625	0.5	79561	1293	78914	1447573	18.19
1960-1969	62	0.01798	0.01782	0.5	78268	1395	77571	1368659	17.49
1960-1969	63	0.01953	0.01935	0.5	76874	1487	76130	1291088	16.79
1960-1969	64	0.02042	0.02021	0.5	75386	1524	74625	1214958	16.12
1960-1969	65	0.02253	0.02228	0.5	73863	1645	73040	1140333	15.44
1960-1969	66	0.02452	0.02422	0.5	72217	1749	71343	1067293	14.78
1960-1969	67	0.02625	0.02591	0.5	70468	1826	69555	995951	14.13
1960-1969	68	0.02853	0.02813	0.5	68642	1931	67677	926395	13.50
1960-1969	69	0.03188	0.03138	0.5	66711	2093	65665	858719	12.87
1960-1969	70	0.03478	0.03419	0.5	64618	2209	63513	793054	12.27
1960-1969	71	0.03689	0.03623	0.5	62409	2261	61278	729541	11.69
1960-1969	72	0.04084	0.04002	0.5	60148	2407	58945	668262	11.11
1960-1969	73	0.04365	0.04272	0.5	57741	2467	56508	609318	10.55
1960-1969	74	0.04881	0.04765	0.5	55274	2634	53958	552810	10.00
1960-1969	75	0.05406	0.05263	0.5	52641	2771	51255	498853	9.48
1960-1969	76	0.05757	0.05595	0.5	49870	2790	48475	447597	8.98
1960-1969	77	0.06175	0.05990	0.5	47080	2820	45670	399122	8.48
1960-1969	78	0.06911	0.06681	0.5	44259	2957	42781	353453	7.99
1960-1969	79	0.07752	0.07462	0.5	41303	3082	39762	310672	7.52
1960-1969	80	0.08262	0.07934	0.5	38221	3033	36704	270910	7.09
1960-1969	81	0.08799	0.08428	0.5	35188	2966	33705	234206	6.66
1960-1969	82	0.10004	0.09527	0.5	32222	3070	30687	200501	6.22
1960-1969	83	0.11289	0.10686	0.5	29152	3115	27595	169813	5.83
1960-1969	84	0.12174	0.11475	0.5	26037	2988	24543	142219	5.46
1960-1969	85	0.13757	0.12871	0.5	23049	2967	21566	117675	5.11
1960-1969	86	0.14838	0.13813	0.5	20083	2774	18696	96109	4.79
1960-1969	87	0.16517	0.15257	0.5	17309	2641	15988	77414	4.47
1960-1969	88	0.17932	0.16456	0.5	14668	2414	13461	61425	4.19
1960-1969	89	0.19802	0.18018	0.5	12254	2208	11150	47964	3.91
1960-1969	90	0.21639	0.19526	0.5	10046	1962	9065	36814	3.66
1960-1969	91	0.23600	0.21109	0.5	8085	1707	7231	27749	3.43
1960-1969	92	0.25684	0.22761	0.5	6378	1452	5652	20517	3.22
1960-1969	93	0.27888	0.24475	0.5	4926	1206	4323	14865	3.02
1960-1969	94	0.30209	0.26245	0.5	3721	976	3232	10542	2.83
1960-1969	95	0.32641	0.28061	0.5	2744	770	2359	7310	2.66
1960-1969	96	0.35173	0.29912	0.5	1974	590	1679	4950	2.51
1960-1969	97	0.37796	0.31789	0.5	1384	440	1164	3272	2.36
1960-1969	98	0.40497	0.33678	0.5	944	318	785	2108	2.23
1960-1969	99	0.43260	0.35567	0.5	626	223	515	1323	2.11
1960-1969	100	0.46070	0.37445	0.5	403	151	328	808	2.00
1960-1969	101	0.48909	0.39299	0.5	252	99	203	481	1.91
1960-1969	102	0.51758	0.41117	0.5	153	63	122	278	1.81
1960-1969	103	0.54600	0.42891	0.5	90	39	71	156	1.73
1960-1969	104	0.57414	0.44608	0.5	51	23	40	85	1.66
1960-1969	105	0.60184	0.46262	0.5	29	13	22	45	1.59
1960-1969	106	0.62892	0.47846	0.5	15	7	12	23	1.53
1960-1969	107	0.65524	0.49354	0.5	8	4	6	12	1.48
1960-1969	108	0.68066	0.50783	0.5	4	2	3	6	1.43
1960-1969	109	0.70506	0.52129	0.5	2	1	1	3	1.40
1960-1969	110+	0.72835	1.00000	1.37	1	1	1	1	1.37
1970-1979	0	0.01505	0.01485	0.09	100000	1485	98649	7371920	73.72
1970-1979	1	0.00119	0.00119	0.5	98515	117	98457	7273271	73.83
1970-1979	2	0.00068	0.00068	0.5	98398	67	98365	7174814	72.92
1970-1979	3	0.00056	0.00056	0.5	98331	55	98304	7076449	71.97
1970-1979	4	0.00045	0.00045	0.5	98276	44	98254	6978146	71.01
1970-1979	5	0.00039	0.00039	0.5	98232	39	98213	6879892	70.04
1970-1979	6	0.00039	0.00039	0.5	98193	38	98174	6781679	69.06
1970-1979	7	0.00038	0.00038	0.5	98155	38	98137	6683504	68.09
1970-1979	8	0.00030	0.00030	0.5	98118	29	98103	6585368	67.12
1970-1979	9	0.00029	0.00029	0.5	98088	28	98074	6487265	66.14
1970-1979	10	0.00029	0.00029	0.5	98060	28	98046	6389190	65.16
1970-1979	11	0.00030	0.00030	0.5	98032	30	98017	6291144	64.17
1970-1979	12	0.00037	0.00037	0.5	98003	36	97984	6193127	63.19
1970-1979	13	0.00039	0.00039	0.5	97966	38	97947	6095142	62.22
1970-1979	14	0.00050	0.00050	0.5	97929	49	97904	5997195	61.24
1970-1979	15	0.00070	0.00070	0.5	97879	68	97845	5899291	60.27
1970-1979	16	0.00086	0.00086	0.5	97811	84	97769	5801446	59.31
1970-1979	17	0.00112	0.00112	0.5	97727	110	97672	5703677	58.36
1970-1979	18	0.00132	0.00131	0.5	97617	128	97553	5606005	57.43
1970-1979	19	0.00126	0.00126	0.5	97489	123	97428	5508451	56.50
1970-1979	20	0.00129	0.00128	0.5	97366	125	97304	5411024	55.57
1970-1979	21	0.00135	0.00134	0.5	97241	131	97176	5313720	54.64
1970-1979	22	0.00138	0.00138	0.5	97110	134	97044	5216544	53.72
1970-1979	23	0.00136	0.00136	0.5	96977	132	96911	5119500	52.79
1970-1979	24	0.00131	0.00130	0.5	96845	126	96782	5022590	51.86
1970-1979	25	0.00121	0.00121	0.5	96719	117	96660	4925808	50.93
1970-1979	26	0.00131	0.00131	0.5	96602	126	96539	4829148	49.99
1970-1979	27	0.00122	0.00122	0.5	96475	118	96417	4732609	49.06
1970-1979	28	0.00128	0.00128	0.5	96358	124	96296	4636193	48.11
1970-1979	29	0.00128	0.00128	0.5	96234	123	96172	4539897	47.18
1970-1979	30	0.00126	0.00126	0.5	96111	121	96050	4443725	46.24
1970-1979	31	0.00136	0.00136	0.5	95990	130	95925	4347674	45.29
1970-1979	32	0.00131	0.00131	0.5	95859	126	95796	4251750	44.35
1970-1979	33	0.00141	0.00141	0.5	95734	135	95666	4155953	43.41
1970-1979	34	0.00142	0.00142	0.5	95599	136	95531	4060287	42.47
1970-1979	35	0.00164	0.00163	0.5	95463	156	95385	3964756	41.53
1970-1979	36	0.00183	0.00183	0.5	95307	174	95220	3869371	40.60
1970-1979	37	0.00197	0.00197	0.5	95133	187	95039	3774151	39.67
1970-1979	38	0.00203	0.00203	0.5	94946	192	94849	3679112	38.75
1970-1979	39	0.00210	0.00210	0.5	94753	199	94654	3584263	37.83
1970-1979	40	0.00239	0.00239	0.5	94554	226	94441	3489609	36.91
1970-1979	41	0.00249	0.00249	0.5	94328	235	94211	3395168	35.99
1970-1979	42	0.00285	0.00284	0.5	94094	268	93960	3300957	35.08
1970-1979	43	0.00305	0.00305	0.5	93826	286	93683	3206997	34.18
1970-1979	44	0.00339	0.00338	0.5	93540	317	93382	3113313	33.28
1970-1979	45	0.00361	0.00360	0.5	93224	336	93056	3019931	32.39
1970-1979	46	0.00404	0.00403	0.5	92888	374	92701	2926876	31.51
1970-1979	47	0.00433	0.00432	0.5	92514	400	92314	2834175	30.64
1970-1979	48	0.00474	0.00472	0.5	92114	435	91896	2741861	29.77
1970-1979	49	0.00536	0.00534	0.5	91678	490	91434	2649965	28.90
1970-1979	50	0.00570	0.00568	0.5	91189	518	90930	2558531	28.06
1970-1979	51	0.00648	0.00646	0.5	90671	586	90378	2467602	27.22
1970-1979	52	0.00683	0.00680	0.5	90085	613	89778	2377224	26.39
1970-1979	53	0.00701	0.00698	0.5	89472	625	89159	2287446	25.57
1970-1979	54	0.00764	0.00761	0.5	88847	676	88509	2198286	24.74
1970-1979	55	0.00856	0.00852	0.5	88171	751	87796	2109777	23.93
1970-1979	56	0.00936	0.00932	0.5	87420	814	87013	2021981	23.13
1970-1979	57	0.01016	0.01011	0.5	86606	876	86168	1934969	22.34
1970-1979	58	0.01156	0.01150	0.5	85730	986	85237	1848801	21.57
1970-1979	59	0.01192	0.01185	0.5	84744	1004	84242	1763564	20.81
1970-1979	60	0.01364	0.01354	0.5	83740	1134	83173	1679322	20.05
1970-1979	61	0.01446	0.01436	0.5	82606	1186	82013	1596149	19.32
1970-1979	62	0.01567	0.01555	0.5	81420	1266	80787	1514135	18.60
1970-1979	63	0.01724	0.01709	0.5	80154	1370	79469	1433348	17.88
1970-1979	64	0.01861	0.01844	0.5	78784	1453	78058	1353879	17.18
1970-1979	65	0.02058	0.02037	0.5	77331	1575	76544	1275822	16.50
1970-1979	66	0.02144	0.02121	0.5	75756	1607	74953	1199278	15.83
1970-1979	67	0.02417	0.02388	0.5	74149	1770	73264	1124325	15.16
1970-1979	68	0.02524	0.02492	0.5	72379	1804	71477	1051061	14.52
1970-1979	69	0.02827	0.02787	0.5	70575	1967	69591	979584	13.88
1970-1979	70	0.03055	0.03009	0.5	68608	2064	67576	909993	13.26
1970-1979	71	0.03258	0.03206	0.5	66544	2133	65477	842417	12.66
1970-1979	72	0.03564	0.03501	0.5	64410	2255	63283	776940	12.06
1970-1979	73	0.03810	0.03739	0.5	62155	2324	60993	713657	11.48
1970-1979	74	0.04109	0.04026	0.5	59831	2409	58627	652664	10.91
1970-1979	75	0.04658	0.04552	0.5	57422	2614	56115	594038	10.35
1970-1979	76	0.04991	0.04869	0.5	54808	2669	53474	537922	9.81
1970-1979	77	0.05602	0.05449	0.5	52140	2841	50719	484448	9.29
1970-1979	78	0.06176	0.05991	0.5	49298	2954	47822	433729	8.80
1970-1979	79	0.06501	0.06296	0.5	46345	2918	44886	385908	8.33
1970-1979	80	0.06965	0.06731	0.5	43427	2923	41965	341022	7.85
1970-1979	81	0.07754	0.07464	0.5	40504	3023	38992	299056	7.38
1970-1979	82	0.08452	0.08110	0.5	37481	3040	35961	260064	6.94
1970-1979	83	0.09613	0.09172	0.5	34441	3159	32861	224103	6.51
1970-1979	84	0.10638	0.10100	0.5	31282	3160	29702	191242	6.11
1970-1979	85	0.11379	0.10767	0.5	28122	3028	26608	161540	5.74
1970-1979	86	0.12691	0.11934	0.5	25094	2995	23597	134931	5.38
1970-1979	87	0.14240	0.13294	0.5	22100	2938	20631	111334	5.04
1970-1979	88	0.15286	0.14201	0.5	19162	2721	17801	90704	4.73
1970-1979	89	0.16754	0.15459	0.5	16441	2542	15170	72902	4.43
1970-1979	90	0.18336	0.16796	0.5	13899	2335	12732	57733	4.15
1970-1979	91	0.20036	0.18211	0.5	11565	2106	10511	45001	3.89
1970-1979	92	0.21855	0.19702	0.5	9458	1864	8527	34489	3.65
1970-1979	93	0.23795	0.21265	0.5	7595	1615	6787	25963	3.42
1970-1979	94	0.25856	0.22896	0.5	5980	1369	5295	19175	3.21
1970-1979	95	0.28035	0.24588	0.5	4611	1134	4044	13880	3.01
1970-1979	96	0.30328	0.26334	0.5	3477	916	3019	9836	2.83
1970-1979	97	0.32729	0.28126	0.5	2561	720	2201	6817	2.66
1970-1979	98	0.35230	0.29954	0.5	1841	551	1565	4616	2.51
1970-1979	99	0.37822	0.31807	0.5	1290	410	1084	3050	2.37
1970-1979	100	0.40491	0.33674	0.5	879	296	731	1966	2.24
1970-1979	101	0.43224	0.35542	0.5	583	207	480	1235	2.12
1970-1979	102	0.46005	0.37402	0.5	376	141	306	755	2.01
1970-1979	103	0.48817	0.39239	0.5	235	92	189	449	1.91
1970-1979	104	0.51642	0.41044	0.5	143	59	114	260	1.82
1970-1979	105	0.54463	0.42806	0.5	84	36	66	147	1.74
1970-1979	106	0.57260	0.44515	0.5	48	21	37	80	1.67
1970-1979	107	0.60017	0.46164	0.5	27	12	21	43	1.60
1970-1979	108	0.62716	0.47745	0.5	14	7	11	22	1.55
1970-1979	109	0.65343	0.49252	0.5	8	4	6	11	1.50
1970-1979	110+	0.67883	1.00000	1.47	4	4	6	6	1.47
1980-1989	0	0.00963	0.00954	0.08	100000	954	99118	7628293	76.28
1980-1989	1	0.00080	0.00080	0.5	99046	79	99007	7529176	76.02
1980-1989	2	0.00052	0.00052	0.5	98967	51	98942	7430169	75.08
1980-1989	3	0.00034	0.00034	0.5	98916	33	98899	7331227	74.12
1980-1989	4	0.00032	0.00032	0.5	98883	32	98867	7232328	73.14
1980-1989	5	0.00028	0.00028	0.5	98851	28	98837	7133461	72.16
1980-1989	6	0.00025	0.00025	0.5	98823	24	98811	7034624	71.18
1980-1989	7	0.00020	0.00020	0.5	98799	19	98789	6935813	70.20
1980-1989	8	0.00020	0.00020	0.5	98779	20	98770	6837024	69.22
1980-1989	9	0.00022	0.00022	0.5	98760	22	98749	6738255	68.23
1980-1989	10	0.00021	0.00021	0.5	98738	21	98727	6639506	67.24
1980-1989	11	0.00021	0.00021	0.5	98717	20	98707	6540778	66.26
1980-1989	12	0.00024	0.00024	0.5	98697	24	98685	6442072	65.27
1980-1989	13	0.00029	0.00029	0.5	98673	29	98658	6343387	64.29
1980-1989	14	0.00036	0.00036	0.5	98644	35	98626	6244729	63.31
1980-1989	15	0.00051	0.00051	0.5	98608	51	98583	6146103	62.33
1980-1989	16	0.00067	0.00067	0.5	98558	66	98525	6047520	61.36
1980-1989	17	0.00097	0.00097	0.5	98491	96	98444	5948995	60.40
1980-1989	18	0.00108	0.00108	0.5	98396	106	98343	5850552	59.46
1980-1989	19	0.00106	0.00106	0.5	98290	104	98237	5752209	58.52
1980-1989	20	0.00104	0.00104	0.5	98185	102	98134	5653972	57.58
1980-1989	21	0.00122	0.00122	0.5	98083	119	98023	5555838	56.64
1980-1989	22	0.00115	0.00115	0.5	97964	113	97907	5457814	55.71
1980-1989	23	0.00117	0.00117	0.5	97851	114	97794	5359907	54.78
1980-1989	24	0.00117	0.00117	0.5	97736	114	97679	5262113	53.84
1980-1989	25	0.00116	0.00116	0.5	97622	113	97566	5164434	52.90
1980-1989	26	0.00103	0.00103	0.5	97509	100	97459	5066868	51.96
1980-1989	27	0.00110	0.00110	0.5	97409	107	97356	4969408	51.02
1980-1989	28	0.00114	0.00113	0.5	97302	110	97247	4872053	50.07
1980-1989	29	0.00111	0.00111	0.5	97192	108	97138	4774806	49.13
1980-1989	30	0.00111	0.00111	0.5	97083	107	97030	4677668	48.18
1980-1989	31	0.00113	0.00113	0.5	96976	110	96921	4580639	47.23
1980-1989	32	0.00122	0.00122	0.5	96866	119	96807	4483718	46.29
1980-1989	33	0.00121	0.00121	0.5	96748	117	96689	4386911	45.34
1980-1989	34	0.00130	0.00130	0.5	96630	125	96568	4290222	44.40
1980-1989	35	0.00129	0.00128	0.5	96505	124	96443	4193654	43.46
1980-1989	36	0.00139	0.00139	0.5	96381	134	96314	4097211	42.51
1980-1989	37	0.00139	0.00139	0.5	96247	134	96180	4000897	41.57
1980-1989	38	0.00160	0.00160	0.5	96114	154	96037	3904717	40.63
1980-1989	39	0.00167	0.00166	0.5	95960	160	95880	3808680	39.69
1980-1989	40	0.00177	0.00177	0.5	95800	170	95715	3712801	38.76
1980-1989	41	0.00190	0.00190	0.5	95630	181	95539	3617086	37.82
1980-1989	42	0.00212	0.00212	0.5	95449	202	95348	3521546	36.89
1980-1989	43	0.00211	0.00211	0.5	95247	201	95146	3426198	35.97
1980-1989	44	0.00226	0.00226	0.5	95046	215	94938	3331052	35.05
1980-1989	45	0.00279	0.00279	0.5	94831	265	94698	3236114	34.13
1980-1989	46	0.00287	0.00286	0.5	94566	271	94430	3141416	33.22
1980-1989	47	0.00306	0.00305	0.5	94295	288	94151	3046985	32.31
1980-1989	48	0.00345	0.00345	0.5	94007	324	93845	2952834	31.41
1980-1989	49	0.00374	0.00374	0.5	93683	350	93508	2858989	30.52
1980-1989	50	0.00399	0.00399	0.5	93333	372	93147	2765481	29.63
1980-1989	51	0.00451	0.00450	0.5	92961	418	92752	2672334	28.75
1980-1989	52	0.00507	0.00506	0.5	92543	468	92309	2579582	27.87
1980-1989	53	0.00546	0.00545	0.5	92075	502	91824	2487273	27.01
1980-1989	54	0.00589	0.00587	0.5	91573	538	91304	2395449	26.16
1980-1989	55	0.00723	0.00720	0.5	91035	656	90707	2304145	25.31
1980-1989	56	0.00730	0.00728	0.5	90379	658	90051	2213437	24.49
1980-1989	57	0.00815	0.00811	0.5	89722	728	89358	2123387	23.67
1980-1989	58	0.00928	0.00924	0.5	88994	822	88583	2034029	22.86
1980-1989	59	0.00989	0.00984	0.5	88172	868	87738	1945446	22.06
1980-1989	60	0.01072	0.01066	0.5	87304	931	86839	1857708	21.28
1980-1989	61	0.01211	0.01204	0.5	86373	1040	85853	1770869	20.50
1980-1989	62	0.01267	0.01259	0.5	85334	1074	84797	1685016	19.75
1980-1989	63	0.01408	0.01398	0.5	84259	1178	83671	1600219	18.99
1980-1989	64	0.01481	0.01470	0.5	83082	1221	82471	1516549	18.25
1980-1989	65	0.01725	0.01711	0.5	81861	1400	81160	1434077	17.52
1980-1989	66	0.01802	0.01786	0.5	80460	1437	79742	1352917	16.81
1980-1989	67	0.02070	0.02049	0.5	79023	1619	78213	1273175	16.11
1980-1989	68	0.02253	0.02228	0.5	77404	1724	76542	1194962	15.44
1980-1989	69	0.02421	0.02392	0.5	75680	1810	74774	1118420	14.78
1980-1989	70	0.02657	0.02622	0.5	73869	1937	72901	1043646	14.13
1980-1989	71	0.02849	0.02809	0.5	71932	2021	70922	970745	13.50
1980-1989	72	0.03265	0.03213	0.5	69912	2246	68788	899824	12.87
1980-1989	73	0.03429	0.03371	0.5	67665	2281	66525	831035	12.28
1980-1989	74	0.03712	0.03645	0.5	65384	2383	64193	764510	11.69
1980-1989	75	0.04113	0.04030	0.5	63001	2539	61732	700317	11.12
1980-1989	76	0.04482	0.04383	0.5	60462	2650	59137	638586	10.56
1980-1989	77	0.04825	0.04712	0.5	57812	2724	56450	579449	10.02
1980-1989	78	0.05329	0.05191	0.5	55088	2860	53658	522999	9.49
1980-1989	79	0.05828	0.05663	0.5	52228	2958	50749	469341	8.99
1980-1989	80	0.06125	0.05943	0.5	49270	2928	47806	418592	8.50
1980-1989	81	0.06818	0.06594	0.5	46342	3056	44814	370786	8.00
1980-1989	82	0.07330	0.07070	0.5	43286	3061	41756	325972	7.53
1980-1989	83	0.08189	0.07867	0.5	40226	3165	38643	284216	7.07
1980-1989	84	0.08909	0.08529	0.5	37061	3161	35481	245572	6.63
1980-1989	85	0.10074	0.09591	0.5	33900	3251	32275	210092	6.20
1980-1989	86	0.11125	0.10539	0.5	30649	3230	29034	177817	5.80
1980-1989	87	0.12281	0.11571	0.5	27419	3173	25833	148783	5.43
1980-1989	88	0.13575	0.12712	0.5	24246	3082	22705	122951	5.07
1980-1989	89	0.15040	0.13988	0.5	21164	2961	19684	100245	4.74
1980-1989	90	0.16565	0.15298	0.5	18204	2785	16811	80562	4.43
1980-1989	91	0.18216	0.16695	0.5	15419	2574	14132	63750	4.13
1980-1989	92	0.19996	0.18179	0.5	12845	2335	11677	49619	3.86
1980-1989	93	0.21910	0.19746	0.5	10510	2075	9472	37942	3.61
1980-1989	94	0.23957	0.21394	0.5	8434	1804	7532	28470	3.38
1980-1989	95	0.26137	0.23116	0.5	6630	1533	5864	20937	3.16
1980-1989	96	0.28448	0.24905	0.5	5097	1270	4463	15074	2.96
1980-1989	97	0.30884	0.26753	0.5	3828	1024	3316	10611	2.77
1980-1989	98	0.33439	0.28649	0.5	2804	803	2402	7295	2.60
1980-1989	99	0.36102	0.30582	0.5	2001	612	1695	4893	2.45
1980-1989	100	0.38860	0.32538	0.5	1389	452	1163	3199	2.30
1980-1989	101	0.41699	0.34505	0.5	937	323	775	2036	2.17
1980-1989	102	0.44601	0.36468	0.5	614	224	502	1261	2.05
1980-1989	103	0.47548	0.38415	0.5	390	150	315	759	1.95
1980-1989	104	0.50518	0.40331	0.5	240	97	192	444	1.85
1980-1989	105	0.53491	0.42204	0.5	143	60	113	252	1.76
1980-1989	106	0.56446	0.44022	0.5	83	36	65	139	1.68
1980-1989	107	0.59361	0.45775	0.5	46	21	36	75	1.61
1980-1989	108	0.62218	0.47455	0.5	25	12	19	39	1.55
1980-1989	109	0.64996	0.49054	0.5	13	6	10	20	1.51
1980-1989	110+	0.67681	1.00000	1.48	7	7	10	10	1.48
1990-1999	0	0.00744	0.00738	0.07	100000	738	99312	7760063	77.60
1990-1999	1	0.00059	0.00059	0.5	99262	59	99232	7660751	77.18
1990-1999	2	0.00041	0.00041	0.5	99202	40	99182	7561519	76.22
1990-1999	3	0.00027	0.00027	0.5	99162	27	99149	7462336	75.25
1990-1999	4	0.00019	0.00019	0.5	99136	19	99126	7363188	74.27
1990-1999	5	0.00019	0.00019	0.5	99116	19	99107	7264062	73.29
1990-1999	6	0.00020	0.00020	0.5	99097	19	99087	7164955	72.30
1990-1999	7	0.00015	0.00015	0.5	99078	14	99070	7065868	71.32
1990-1999	8	0.00015	0.00015	0.5	99063	15	99056	6966797	70.33
1990-1999	9	0.00015	0.00015	0.5	99048	15	99041	6867742	69.34
1990-1999	10	0.00015	0.00015	0.5	99033	15	99026	6768701	68.35
1990-1999	11	0.00018	0.00018	0.5	99018	18	99010	6669675	67.36
1990-1999	12	0.00019	0.00019	0.5	99001	18	98991	6570665	66.37
1990-1999	13	0.00027	0.00027	0.5	98982	27	98969	6471674	65.38
1990-1999	14	0.00041	0.00041	0.5	98956	41	98935	6372705	64.40
1990-1999	15	0.00054	0.00054	0.5	98915	54	98888	6273770	63.43
1990-1999	16	0.00077	0.00077	0.5	98861	76	98823	6174881	62.46
1990-1999	17	0.00080	0.00080	0.5	98785	79	98746	6076058	61.51
1990-1999	18	0.00093	0.00093	0.5	98706	92	98660	5977312	60.56
1990-1999	19	0.00099	0.00099	0.5	98614	98	98566	5878652	59.61
1990-1999	20	0.00094	0.00094	0.5	98517	93	98470	5780087	58.67
1990-1999	21	0.00097	0.00097	0.5	98424	95	98376	5681616	57.73
1990-1999	22	0.00095	0.00095	0.5	98329	93	98282	5583240	56.78
1990-1999	23	0.00094	0.00094	0.5	98235	92	98189	5484958	55.83
1990-1999	24	0.00094	0.00094	0.5	98143	93	98097	5386768	54.89
1990-1999	25	0.00089	0.00089	0.5	98051	87	98007	5288671	53.94
1990-1999	26	0.00086	0.00086	0.5	97964	84	97922	5190664	52.99
1990-1999	27	0.00098	0.00098	0.5	97879	96	97832	5092742	52.03
1990-1999	28	0.00102	0.00102	0.5	97784	100	97734	4994911	51.08
1990-1999	29	0.00111	0.00111	0.5	97683	108	97629	4897177	50.13
1990-1999	30	0.00106	0.00106	0.5	97575	103	97524	4799548	49.19
1990-1999	31	0.00117	0.00117	0.5	97472	114	97415	4702024	48.24
1990-1999	32	0.00122	0.00122	0.5	97358	118	97299	4604609	47.30
1990-1999	33	0.00128	0.00128	0.5	97240	124	97178	4507310	46.35
1990-1999	34	0.00134	0.00134	0.5	97116	131	97050	4410132	45.41
1990-1999	35	0.00138	0.00138	0.5	96985	134	96918	4313082	44.47
1990-1999	36	0.00143	0.00143	0.5	96851	139	96782	4216164	43.53
1990-1999	37	0.00158	0.00157	0.5	96712	152	96636	4119382	42.59
1990-1999	38	0.00175	0.00175	0.5	96560	169	96475	4022746	41.66
1990-1999	39	0.00169	0.00169	0.5	96391	162	96310	3926271	40.73
1990-1999	40	0.00179	0.00179	0.5	96228	172	96142	3829962	39.80
1990-1999	41	0.00196	0.00196	0.5	96056	188	95962	3733819	38.87
1990-1999	42	0.00204	0.00204	0.5	95868	195	95771	3637857	37.95
1990-1999	43	0.00225	0.00224	0.5	95673	215	95566	3542086	37.02
1990-1999	44	0.00232	0.00232	0.5	95458	221	95348	3446520	36.10
1990-1999	45	0.00244	0.00243	0.5	95237	232	95121	3351172	35.19
1990-1999	46	0.00268	0.00267	0.5	95005	254	94878	3256051	34.27
1990-1999	47	0.00274	0.00274	0.5	94751	259	94622	3161173	33.36
1990-1999	48	0.00305	0.00304	0.5	94492	288	94348	3066551	32.45
1990-1999	49	0.00322	0.00322	0.5	94204	303	94053	2972203	31.55
1990-1999	50	0.00369	0.00369	0.5	93901	346	93728	2878151	30.65
1990-1999	51	0.00391	0.00390	0.5	93555	365	93372	2784423	29.76
1990-1999	52	0.00417	0.00416	0.5	93189	387	92996	2691051	28.88
1990-1999	53	0.00457	0.00456	0.5	92802	423	92590	2598055	28.00
1990-1999	54	0.00494	0.00493	0.5	92379	455	92151	2505465	27.12
1990-1999	55	0.00548	0.00547	0.5	91923	502	91672	2413314	26.25
1990-1999	56	0.00605	0.00603	0.5	91421	551	91145	2321642	25.40
1990-1999	57	0.00674	0.00672	0.5	90869	611	90564	2230497	24.55
1990-1999	58	0.00738	0.00735	0.5	90259	663	89927	2139933	23.71
1990-1999	59	0.00779	0.00776	0.5	89595	695	89248	2050006	22.88
1990-1999	60	0.00937	0.00932	0.5	88900	829	88486	1960759	22.06
1990-1999	61	0.01024	0.01019	0.5	88071	897	87623	1872273	21.26
1990-1999	62	0.01187	0.01180	0.5	87174	1029	86659	1784650	20.47
1990-1999	63	0.01238	0.01230	0.5	86145	1060	85615	1697991	19.71
1990-1999	64	0.01310	0.01302	0.5	85085	1108	84531	1612376	18.95
1990-1999	65	0.01498	0.01487	0.5	83978	1249	83353	1527845	18.19
1990-1999	66	0.01635	0.01621	0.5	82729	1341	82058	1444491	17.46
1990-1999	67	0.01779	0.01763	0.5	81388	1435	80670	1362433	16.74
1990-1999	68	0.01955	0.01936	0.5	79953	1548	79178	1281763	16.03
1990-1999	69	0.02149	0.02126	0.5	78404	1667	77571	1202585	15.34
1990-1999	70	0.02422	0.02393	0.5	76738	1836	75820	1125014	14.66
1990-1999	71	0.02592	0.02559	0.5	74902	1917	73943	1049194	14.01
1990-1999	72	0.02840	0.02800	0.5	72985	2044	71963	975251	13.36
1990-1999	73	0.03114	0.03066	0.5	70941	2175	69853	903288	12.73
1990-1999	74	0.03322	0.03268	0.5	68766	2247	67642	833435	12.12
1990-1999	75	0.03744	0.03675	0.5	66518	2445	65296	765793	11.51
1990-1999	76	0.04045	0.03965	0.5	64074	2541	62803	700497	10.93
1990-1999	77	0.04412	0.04316	0.5	61533	2656	60205	637693	10.36
1990-1999	78	0.04880	0.04764	0.5	58877	2805	57475	577488	9.81
1990-1999	79	0.05441	0.05296	0.5	56072	2970	54587	520014	9.27
1990-1999	80	0.05712	0.05553	0.5	53102	2949	51628	465427	8.76
1990-1999	81	0.06282	0.06090	0.5	50153	3054	48626	413799	8.25
1990-1999	82	0.06957	0.06724	0.5	47099	3167	45515	365173	7.75
1990-1999	83	0.07671	0.07388	0.5	43932	3246	42309	319658	7.28
1990-1999	84	0.08654	0.08295	0.5	40686	3375	38999	277349	6.82
1990-1999	85	0.09372	0.08952	0.5	37311	3340	35641	238350	6.39
1990-1999	86	0.10652	0.10114	0.5	33971	3436	32253	202709	5.97
1990-1999	87	0.11391	0.10777	0.5	30535	3291	28890	170455	5.58
1990-1999	88	0.12921	0.12137	0.5	27244	3307	25591	141566	5.20
1990-1999	89	0.14329	0.13371	0.5	23938	3201	22337	115974	4.84
1990-1999	90	0.15868	0.14701	0.5	20737	3049	19213	93637	4.52
1990-1999	91	0.17543	0.16128	0.5	17688	2853	16262	74424	4.21
1990-1999	92	0.19360	0.17651	0.5	14836	2619	13526	58163	3.92
1990-1999	93	0.21322	0.19268	0.5	12217	2354	11040	44636	3.65
1990-1999	94	0.23433	0.20975	0.5	9863	2069	8829	33596	3.41
1990-1999	95	0.25691	0.22767	0.5	7794	1774	6907	24768	3.18
1990-1999	96	0.28095	0.24635	0.5	6020	1483	5278	17861	2.97
1990-1999	97	0.30639	0.26569	0.5	4537	1205	3934	12583	2.77
1990-1999	98	0.33314	0.28558	0.5	3331	951	2856	8649	2.60
1990-1999	99	0.36110	0.30588	0.5	2380	728	2016	5793	2.43
1990-1999	100	0.39011	0.32644	0.5	1652	539	1382	3777	2.29
1990-1999	101	0.42001	0.34711	0.5	1113	386	920	2395	2.15
1990-1999	102	0.45058	0.36773	0.5	726	267	593	1475	2.03
1990-1999	103	0.48160	0.38814	0.5	459	178	370	882	1.92
1990-1999	104	0.51284	0.40818	0.5	281	115	224	512	1.82
1990-1999	105	0.54405	0.42770	0.5	166	71	131	288	1.73
1990-1999	106	0.57498	0.44659	0.5	95	43	74	157	1.65
1990-1999	107	0.60539	0.46472	0.5	53	24	40	83	1.58
1990-1999	108	0.63506	0.48201	0.5	28	14	21	43	1.52
1990-1999	109	0.66378	0.49837	0.5	15	7	11	22	1.48
1990-1999	110+	0.69139	1.00000	1.45	7	7	11	11	1.45
2000-2009	0	0.00635	0.00632	0.07	100000	632	99410	7899225	78.99
2000-2009	1	0.00042	0.00042	0.5	99368	41	99348	7799815	78.49
2000-2009	2	0.00027	0.00027	0.5	99327	27	99314	7700468	77.53
2000-2009	3	0.00021	0.00021	0.5	99300	21	99290	7601154	76.55
2000-2009	4	0.00019	0.00019	0.5	99280	19	99270	7501864	75.56
2000-2009	5	0.00013	0.00013	0.5	99261	13	99255	7402594	74.58
2000-2009	6	0.00014	0.00014	0.5	99248	14	99241	7303339	73.59
2000-2009	7	0.00013	0.00013	0.5	99234	13	99228	7204098	72.60
2000-2009	8	0.00013	0.00013	0.5	99222	13	99215	7104870	71.61
2000-2009	9	0.00013	0.00013	0.5	99208	13	99202	7005655	70.62
2000-2009	10	0.00015	0.00015	0.5	99195	15	99188	6906453	69.62
2000-2009	11	0.00014	0.00014	0.5	99180	14	99173	6807265	68.64
2000-2009	12	0.00017	0.00017	0.5	99166	17	99158	6708092	67.64
2000-2009	13	0.00019	0.00019	0.5	99149	19	99140	6608934	66.66
2000-2009	14	0.00028	0.00028	0.5	99130	28	99116	6509794	65.67
2000-2009	15	0.00036	0.00036	0.5	99102	36	99085	6410678	64.69
2000-2009	16	0.00050	0.00049	0.5	99067	49	99042	6311593	63.71
2000-2009	17	0.00059	0.00059	0.5	99018	59	98988	6212551	62.74
2000-2009	18	0.00082	0.00081	0.5	98959	81	98919	6113563	61.78
2000-2009	19	0.00086	0.00086	0.5	98878	85	98836	6014644	60.83
2000-2009	20	0.00085	0.00085	0.5	98794	84	98752	5915808	59.88
2000-2009	21	0.00091	0.00091	0.5	98710	89	98665	5817056	58.93
2000-2009	22	0.00090	0.00090	0.5	98620	88	98576	5718391	57.98
2000-2009	23	0.00092	0.00092	0.5	98532	90	98487	5619815	57.04
2000-2009	24	0.00089	0.00089	0.5	98441	87	98398	5521328	56.09
2000-2009	25	0.00091	0.00091	0.5	98354	89	98309	5422931	55.14
2000-2009	26	0.00081	0.00081	0.5	98265	80	98225	5324621	54.19
2000-2009	27	0.00089	0.00089	0.5	98185	88	98141	5226396	53.23
2000-2009	28	0.00085	0.00085	0.5	98097	83	98056	5128255	52.28
2000-2009	29	0.00093	0.00093	0.5	98014	91	97969	5030199	51.32
2000-2009	30	0.00091	0.00091	0.5	97923	89	97879	4932230	50.37
2000-2009	31	0.00088	0.00088	0.5	97834	86	97791	4834352	49.41
2000-2009	32	0.00099	0.00099	0.5	97748	96	97700	4736561	48.46
2000-2009	33	0.00101	0.00100	0.5	97652	98	97603	4638861	47.50
2000-2009	34	0.00111	0.00111	0.5	97554	109	97499	4541258	46.55
2000-2009	35	0.00118	0.00118	0.5	97445	115	97388	4443759	45.60
2000-2009	36	0.00131	0.00131	0.5	97331	128	97267	4346371	44.66
2000-2009	37	0.00137	0.00137	0.5	97203	133	97136	4249104	43.71
2000-2009	38	0.00143	0.00143	0.5	97070	139	97000	4151968	42.77
2000-2009	39	0.00156	0.00156	0.5	96931	151	96855	4054968	41.83
2000-2009	40	0.00168	0.00168	0.5	96780	163	96699	3958112	40.90
2000-2009	41	0.00188	0.00188	0.5	96617	182	96526	3861414	39.97
2000-2009	42	0.00202	0.00202	0.5	96435	195	96338	3764888	39.04
2000-2009	43	0.00217	0.00217	0.5	96241	209	96136	3668550	38.12
2000-2009	44	0.00237	0.00237	0.5	96032	227	95918	3572413	37.20
2000-2009	45	0.00249	0.00249	0.5	95805	238	95686	3476495	36.29
2000-2009	46	0.00274	0.00274	0.5	95566	261	95436	3380810	35.38
2000-2009	47	0.00288	0.00287	0.5	95305	274	95168	3285374	34.47
2000-2009	48	0.00322	0.00322	0.5	95031	306	94878	3190206	33.57
2000-2009	49	0.00338	0.00338	0.5	94725	320	94565	3095327	32.68
2000-2009	50	0.00350	0.00350	0.5	94405	330	94240	3000762	31.79
2000-2009	51	0.00378	0.00377	0.5	94075	355	93898	2906522	30.90
2000-2009	52	0.00431	0.00430	0.5	93720	403	93519	2812624	30.01
2000-2009	53	0.00443	0.00442	0.5	93318	412	93112	2719105	29.14
2000-2009	54	0.00488	0.00487	0.5	92905	452	92679	2625993	28.27
2000-2009	55	0.00508	0.00507	0.5	92453	469	92219	2533314	27.40
2000-2009	56	0.00524	0.00523	0.5	91985	481	91744	2441095	26.54
2000-2009	57	0.00603	0.00602	0.5	91504	550	91229	2349351	25.67
2000-2009	58	0.00627	0.00625	0.5	90953	569	90669	2258122	24.83
2000-2009	59	0.00668	0.00666	0.5	90385	602	90084	2167453	23.98
2000-2009	60	0.00773	0.00770	0.5	89783	691	89437	2077369	23.14
2000-2009	61	0.00838	0.00835	0.5	89092	744	88720	1987932	22.31
2000-2009	62	0.00880	0.00876	0.5	88348	774	87961	1899212	21.50
2000-2009	63	0.01016	0.01011	0.5	87574	885	87132	1811251	20.68
2000-2009	64	0.01101	0.01095	0.5	86689	949	86215	1724120	19.89
2000-2009	65	0.01156	0.01149	0.5	85740	985	85247	1637905	19.10
2000-2009	66	0.01305	0.01297	0.5	84755	1099	84205	1552658	18.32
2000-2009	67	0.01444	0.01434	0.5	83656	1200	83056	1468453	17.55
2000-2009	68	0.01550	0.01538	0.5	82456	1268	81822	1385397	16.80
2000-2009	69	0.01760	0.01745	0.5	81188	1417	80480	1303575	16.06
2000-2009	70	0.01941	0.01923	0.5	79771	1534	79005	1223095	15.33
2000-2009	71	0.02108	0.02086	0.5	78238	1632	77422	1144091	14.62
2000-2009	72	0.02343	0.02316	0.5	76606	1774	75719	1066669	13.92
2000-2009	73	0.02639	0.02605	0.5	74832	1949	73857	990950	13.24
2000-2009	74	0.02872	0.02832	0.5	72883	2064	71851	917093	12.58
2000-2009	75	0.03226	0.03175	0.5	70819	2248	69695	845242	11.94
2000-2009	76	0.03521	0.03460	0.5	68571	2372	67384	775547	11.31
2000-2009	77	0.03958	0.03881	0.5	66198	2569	64914	708163	10.70
2000-2009	78	0.04300	0.04210	0.5	63629	2679	62290	643249	10.11
2000-2009	79	0.04760	0.04649	0.5	60950	2834	59534	580960	9.53
2000-2009	80	0.05033	0.04910	0.5	58117	2853	56690	521426	8.97
2000-2009	81	0.05659	0.05503	0.5	55263	3041	53743	464736	8.41
2000-2009	82	0.06300	0.06107	0.5	52222	3189	50628	410993	7.87
2000-2009	83	0.07043	0.06803	0.5	49033	3336	47365	360366	7.35
2000-2009	84	0.07977	0.07671	0.5	45697	3505	43944	313001	6.85
2000-2009	85	0.09018	0.08629	0.5	42192	3641	40371	269057	6.38
2000-2009	86	0.10227	0.09729	0.5	38551	3751	36676	228685	5.93
2000-2009	87	0.11299	0.10695	0.5	34800	3722	32939	192010	5.52
2000-2009	88	0.12699	0.11941	0.5	31078	3711	29223	159070	5.12
2000-2009	89	0.14297	0.13343	0.5	27367	3652	25542	129847	4.74
2000-2009	90	0.16005	0.14819	0.5	23716	3514	21959	104306	4.40
2000-2009	91	0.17876	0.16409	0.5	20201	3315	18544	82347	4.08
2000-2009	92	0.19915	0.18111	0.5	16886	3058	15357	63803	3.78
2000-2009	93	0.22126	0.19922	0.5	13828	2755	12451	48446	3.50
2000-2009	94	0.24509	0.21833	0.5	11073	2418	9864	35995	3.25
2000-2009	95	0.27062	0.23836	0.5	8656	2063	7624	26131	3.02
2000-2009	96	0.29778	0.25919	0.5	6592	1709	5738	18507	2.81
2000-2009	97	0.32648	0.28066	0.5	4884	1371	4198	12769	2.61
2000-2009	98	0.35657	0.30262	0.5	3513	1063	2982	8570	2.44
2000-2009	99	0.38787	0.32487	0.5	2450	796	2052	5589	2.28
2000-2009	100	0.42016	0.34722	0.5	1654	574	1367	3537	2.14
2000-2009	101	0.45319	0.36947	0.5	1080	399	880	2170	2.01
2000-2009	102	0.48668	0.39143	0.5	681	266	548	1290	1.89
2000-2009	103	0.52032	0.41290	0.5	414	171	329	742	1.79
2000-2009	104	0.55382	0.43372	0.5	243	106	190	413	1.70
2000-2009	105	0.58688	0.45373	0.5	138	63	106	223	1.62
2000-2009	106	0.61920	0.47282	0.5	75	36	57	116	1.54
2000-2009	107	0.65054	0.49088	0.5	40	19	30	59	1.48
2000-2009	108	0.68067	0.50783	0.5	20	10	15	29	1.43
2000-2009	109	0.70938	0.52365	0.5	10	5	7	14	1.38
2000-2009	110+	0.73654	1.00000	1.36	5	5	6	6	1.36
2010-2017	0	0.00497	0.00494	0.06	100000	494	99536	8026995	80.27
2010-2017	1	0.00040	0.00040	0.5	99506	39	99486	7927458	79.67
2010-2017	2	0.00024	0.00024	0.5	99466	24	99454	7827972	78.70
2010-2017	3	0.00019	0.00019	0.5	99443	19	99433	7728518	77.72
2010-2017	4	0.00013	0.00013	0.5	99424	13	99417	7629084	76.73
2010-2017	5	0.00012	0.00012	0.5	99411	12	99405	7529667	75.74
2010-2017	6	0.00010	0.00010	0.5	99399	10	99394	7430262	74.75
2010-2017	7	0.00008	0.00008	0.5	99389	8	99385	7330868	73.76
2010-2017	8	0.00011	0.00011	0.5	99381	11	99376	7231483	72.77
2010-2017	9	0.00010	0.00010	0.5	99370	10	99365	7132107	71.77
2010-2017	10	0.00012	0.00012	0.5	99360	12	99354	7032742	70.78
2010-2017	11	0.00009	0.00009	0.5	99348	9	99344	6933388	69.79
2010-2017	12	0.00013	0.00013	0.5	99339	13	99333	6834044	68.80
2010-2017	13	0.00017	0.00017	0.5	99327	16	99318	6734711	67.80
2010-2017	14	0.00026	0.00026	0.5	99310	26	99297	6635393	66.81
2010-2017	15	0.00030	0.00030	0.5	99284	30	99269	6536095	65.83
2010-2017	16	0.00040	0.00040	0.5	99254	40	99234	6436826	64.85
2010-2017	17	0.00052	0.00052	0.5	99214	52	99188	6337592	63.88
2010-2017	18	0.00060	0.00060	0.5	99163	60	99133	6238403	62.91
2010-2017	19	0.00066	0.00066	0.5	99103	65	99070	6139271	61.95
2010-2017	20	0.00078	0.00078	0.5	99038	77	98999	6040200	60.99
2010-2017	21	0.00084	0.00084	0.5	98961	83	98919	5941201	60.04
2010-2017	22	0.00093	0.00093	0.5	98877	92	98831	5842282	59.09
2010-2017	23	0.00094	0.00094	0.5	98785	93	98739	5743451	58.14
2010-2017	24	0.00090	0.00090	0.5	98692	89	98648	5644712	57.20
2010-2017	25	0.00091	0.00091	0.5	98603	90	98558	5546065	56.25
2010-2017	26	0.00097	0.00097	0.5	98513	96	98465	5447507	55.30
2010-2017	27	0.00100	0.00100	0.5	98418	99	98368	5349041	54.35
2010-2017	28	0.00101	0.00101	0.5	98319	99	98269	5250673	53.40
2010-2017	29	0.00101	0.00100	0.5	98220	99	98170	5152403	52.46
2010-2017	30	0.00101	0.00101	0.5	98121	99	98072	5054233	51.51
2010-2017	31	0.00109	0.00109	0.5	98022	107	97969	4956161	50.56
2010-2017	32	0.00107	0.00107	0.5	97915	105	97863	4858192	49.62
2010-2017	33	0.00121	0.00121	0.5	97811	118	97751	4760329	48.67
2010-2017	34	0.00119	0.00119	0.5	97692	116	97634	4662578	47.73
2010-2017	35	0.00118	0.00118	0.5	97576	115	97519	4564944	46.78
2010-2017	36	0.00124	0.00124	0.5	97461	121	97400	4467425	45.84
2010-2017	37	0.00129	0.00129	0.5	97340	125	97277	4370024	44.89
2010-2017	38	0.00136	0.00136	0.5	97215	132	97149	4272747	43.95
2010-2017	39	0.00140	0.00140	0.5	97083	136	97015	4175598	43.01
2010-2017	40	0.00158	0.00158	0.5	96947	153	96871	4078584	42.07
2010-2017	41	0.00172	0.00172	0.5	96794	166	96711	3981713	41.14
2010-2017	42	0.00189	0.00189	0.5	96628	183	96537	3885002	40.21
2010-2017	43	0.00187	0.00187	0.5	96445	181	96355	3788465	39.28
2010-2017	44	0.00202	0.00202	0.5	96265	194	96168	3692110	38.35
2010-2017	45	0.00223	0.00223	0.5	96071	214	95964	3595942	37.43
2010-2017	46	0.00249	0.00248	0.5	95857	238	95738	3499979	36.51
2010-2017	47	0.00264	0.00264	0.5	95619	253	95492	3404241	35.60
2010-2017	48	0.00296	0.00296	0.5	95366	282	95225	3308749	34.70
2010-2017	49	0.00327	0.00326	0.5	95084	310	94929	3213524	33.80
2010-2017	50	0.00327	0.00326	0.5	94773	309	94619	3118595	32.91
2010-2017	51	0.00369	0.00368	0.5	94464	348	94291	3023976	32.01
2010-2017	52	0.00407	0.00406	0.5	94117	382	93926	2929686	31.13
2010-2017	53	0.00433	0.00432	0.5	93735	405	93532	2835760	30.25
2010-2017	54	0.00463	0.00462	0.5	93330	432	93114	2742228	29.38
2010-2017	55	0.00496	0.00495	0.5	92898	460	92668	2649114	28.52
2010-2017	56	0.00552	0.00550	0.5	92439	509	92184	2556445	27.66
2010-2017	57	0.00594	0.00593	0.5	91930	545	91657	2464261	26.81
2010-2017	58	0.00633	0.00631	0.5	91385	577	91097	2372604	25.96
2010-2017	59	0.00697	0.00694	0.5	90808	630	90493	2281507	25.12
2010-2017	60	0.00718	0.00715	0.5	90178	645	89855	2191014	24.30
2010-2017	61	0.00793	0.00790	0.5	89533	707	89179	2101159	23.47
2010-2017	62	0.00842	0.00839	0.5	88826	745	88453	2011979	22.65
2010-2017	63	0.00921	0.00916	0.5	88081	807	87677	1923526	21.84
2010-2017	64	0.00954	0.00949	0.5	87274	828	86860	1835849	21.04
2010-2017	65	0.01038	0.01032	0.5	86446	892	85999	1748989	20.23
2010-2017	66	0.01116	0.01110	0.5	85553	950	85078	1662989	19.44
2010-2017	67	0.01210	0.01203	0.5	84604	1018	84095	1577911	18.65
2010-2017	68	0.01289	0.01281	0.5	83586	1071	83051	1493816	17.87
2010-2017	69	0.01430	0.01420	0.5	82515	1171	81930	1410766	17.10
2010-2017	70	0.01588	0.01575	0.5	81344	1281	80703	1328836	16.34
2010-2017	71	0.01673	0.01659	0.5	80062	1328	79399	1248133	15.59
2010-2017	72	0.01942	0.01923	0.5	78735	1514	77977	1168734	14.84
2010-2017	73	0.02083	0.02062	0.5	77220	1592	76424	1090757	14.13
2010-2017	74	0.02334	0.02307	0.5	75628	1745	74756	1014333	13.41
2010-2017	75	0.02687	0.02651	0.5	73883	1959	72904	939577	12.72
2010-2017	76	0.02948	0.02905	0.5	71925	2089	70880	866673	12.05
2010-2017	77	0.03214	0.03163	0.5	69835	2209	68731	795793	11.40
2010-2017	78	0.03619	0.03554	0.5	67627	2404	66425	727062	10.75
2010-2017	79	0.04001	0.03923	0.5	65223	2558	63944	660637	10.13
2010-2017	80	0.04519	0.04419	0.5	62664	2769	61280	596694	9.52
2010-2017	81	0.05094	0.04968	0.5	59895	2975	58407	535414	8.94
2010-2017	82	0.05561	0.05410	0.5	56920	3079	55380	477007	8.38
2010-2017	83	0.06178	0.05993	0.5	53840	3226	52227	421627	7.83
2010-2017	84	0.07047	0.06807	0.5	50614	3445	48891	369400	7.30
2010-2017	85	0.07906	0.07605	0.5	47168	3587	45375	320509	6.80
2010-2017	86	0.09040	0.08649	0.5	43581	3769	41696	275134	6.31
2010-2017	87	0.10251	0.09751	0.5	39812	3882	37871	233438	5.86
2010-2017	88	0.11550	0.10919	0.5	35930	3923	33968	195567	5.44
2010-2017	89	0.12918	0.12134	0.5	32006	3884	30065	161599	5.05
2010-2017	90	0.14521	0.13538	0.5	28123	3807	26219	131535	4.68
2010-2017	91	0.16286	0.15060	0.5	24315	3662	22484	105316	4.33
2010-2017	92	0.18219	0.16698	0.5	20654	3449	18929	82831	4.01
2010-2017	93	0.20324	0.18450	0.5	17205	3174	15618	63902	3.71
2010-2017	94	0.22606	0.20310	0.5	14031	2850	12606	48284	3.44
2010-2017	95	0.25063	0.22272	0.5	11181	2490	9936	35679	3.19
2010-2017	96	0.27691	0.24323	0.5	8691	2114	7634	25743	2.96
2010-2017	97	0.30483	0.26451	0.5	6577	1740	5707	18109	2.75
2010-2017	98	0.33426	0.28640	0.5	4837	1385	4145	12402	2.56
2010-2017	99	0.36505	0.30871	0.5	3452	1066	2919	8257	2.39
2010-2017	100	0.39700	0.33125	0.5	2386	790	1991	5338	2.24
2010-2017	101	0.42986	0.35381	0.5	1596	565	1313	3347	2.10
2010-2017	102	0.46336	0.37620	0.5	1031	388	837	2034	1.97
2010-2017	103	0.49721	0.39821	0.5	643	256	515	1196	1.86
2010-2017	104	0.53111	0.41966	0.5	387	162	306	681	1.76
2010-2017	105	0.56474	0.44039	0.5	225	99	175	375	1.67
2010-2017	106	0.59781	0.46024	0.5	126	58	97	200	1.59
2010-2017	107	0.63003	0.47911	0.5	68	33	52	103	1.52
2010-2017	108	0.66116	0.49689	0.5	35	18	27	52	1.47
2010-2017	109	0.69097	0.51355	0.5	18	9	13	25	1.42
2010-2017	110+	0.71929	1.00000	1.39	9	9	12	12	1.39
