TN: Tennessee, Lifetables (period 5x1), Females Last modified: 3 Dec 2019, MPv5 (May07) 

Year	Age	mx	qx	ax	lx	dx	Lx	Tx	ex
1959	0	0.02873	0.02803	0.13	100000	2803	97571	7277936	72.78
1959	1-4	0.00106	0.00422	1.63	97197	410	387815	7180365	73.87
1959	5-9	0.00038	0.00189	2.1	96787	183	483404	6792550	70.18
1959	10-14	0.00033	0.00165	2.85	96604	159	482677	6309147	65.31
1959	15-19	0.00068	0.00340	2.56	96445	328	481425	5826470	60.41
1959	20-24	0.00069	0.00344	2.48	96117	331	479751	5345045	55.61
1959	25-29	0.00092	0.00457	2.62	95786	438	477886	4865294	50.79
1959	30-34	0.00151	0.00752	2.73	95348	717	475114	4387408	46.01
1959	35-39	0.00193	0.00961	2.75	94631	910	471108	3912294	41.34
1959	40-44	0.00259	0.01287	2.68	93721	1206	465810	3441186	36.72
1959	45-49	0.00474	0.02345	2.56	92515	2169	457274	2975376	32.16
1959	50-54	0.00663	0.03263	2.62	90346	2948	444712	2518102	27.87
1959	55-59	0.00984	0.04812	2.7	87398	4206	427320	2073390	23.72
1959	60-64	0.01380	0.06681	2.62	83193	5558	402726	1646070	19.79
1959	65-69	0.02188	0.10416	2.69	77635	8086	369495	1243344	16.02
1959	70-74	0.03737	0.17119	2.55	69549	11906	318577	873849	12.56
1959	75-79	0.06077	0.26430	2.54	57642	15235	250706	555272	9.63
1959	80-84	0.09956	0.39914	2.52	42407	16927	170007	304566	7.18
1959	85-89	0.15638	0.55241	2.34	25481	14076	90008	134558	5.28
1959	90-94	0.23341	0.69628	2.1	11405	7941	34022	44550	3.91
1959	95-99	0.31162	0.80547	2	3464	2790	8953	10528	3.04
1959	100-104	0.41756	0.89122	1.78	674	601	1438	1575	2.34
1959	105-109	0.53187	0.94227	1.57	73	69	130	137	1.86
1959	110+	0.62497	1.00000	1.6	4	4	7	7	1.60
1960	0	0.02646	0.02587	0.13	100000	2587	97742	7278630	72.79
1960	1-4	0.00122	0.00486	1.44	97413	474	388439	7180888	73.72
1960	5-9	0.00052	0.00261	2.2	96940	253	483992	6792448	70.07
1960	10-14	0.00040	0.00201	2.62	96687	194	482974	6308456	65.25
1960	15-19	0.00052	0.00262	2.83	96493	253	481918	5825482	60.37
1960	20-24	0.00090	0.00451	2.55	96240	434	480136	5343564	55.52
1960	25-29	0.00115	0.00576	2.73	95806	552	477779	4863428	50.76
1960	30-34	0.00126	0.00629	2.56	95254	599	474813	4385648	46.04
1960	35-39	0.00187	0.00931	2.69	94655	881	471241	3910835	41.32
1960	40-44	0.00305	0.01515	2.77	93775	1421	465700	3439594	36.68
1960	45-49	0.00435	0.02155	2.68	92354	1990	457160	2973894	32.20
1960	50-54	0.00639	0.03147	2.56	90363	2844	444881	2516734	27.85
1960	55-59	0.00954	0.04666	2.69	87519	4083	428176	2071853	23.67
1960	60-64	0.01461	0.07055	2.6	83436	5887	403039	1643678	19.70
1960	65-69	0.02337	0.11085	2.68	77549	8597	367773	1240639	16.00
1960	70-74	0.03676	0.16894	2.61	68953	11649	316894	872865	12.66
1960	75-79	0.05944	0.26036	2.62	57304	14919	250996	555972	9.70
1960	80-84	0.09744	0.39276	2.53	42384	16647	170846	304976	7.20
1960	85-89	0.15698	0.55431	2.35	25738	14267	90884	134130	5.21
1960	90-94	0.24056	0.71271	2.14	11471	8175	33984	43247	3.77
1960	95-99	0.33944	0.83439	1.95	3296	2750	8101	9262	2.81
1960	100-104	0.46120	0.91567	1.71	546	500	1084	1161	2.13
1960	105-109	0.58836	0.95850	1.48	46	44	75	78	1.69
1960	110+	0.68881	1.00000	1.45	2	2	3	3	1.45
1961	0	0.02584	0.02527	0.13	100000	2527	97790	7313576	73.14
1961	1-4	0.00113	0.00450	1.52	97473	439	388802	7215786	74.03
1961	5-9	0.00044	0.00218	2.44	97034	211	484629	6826984	70.36
1961	10-14	0.00029	0.00147	2.81	96822	142	483801	6342355	65.51
1961	15-19	0.00061	0.00304	2.92	96681	294	482792	5858554	60.60
1961	20-24	0.00080	0.00399	2.61	96387	385	481015	5375762	55.77
1961	25-29	0.00100	0.00498	2.56	96002	478	478843	4894747	50.99
1961	30-34	0.00142	0.00708	2.7	95524	677	476060	4415903	46.23
1961	35-39	0.00180	0.00897	2.73	94847	850	472307	3939844	41.54
1961	40-44	0.00303	0.01505	2.62	93997	1415	466616	3467536	36.89
1961	45-49	0.00446	0.02208	2.74	92582	2045	458295	3000920	32.41
1961	50-54	0.00593	0.02925	2.61	90537	2648	446352	2542625	28.08
1961	55-59	0.00950	0.04643	2.61	87889	4081	429679	2096272	23.85
1961	60-64	0.01470	0.07097	2.55	83808	5948	404490	1666594	19.89
1961	65-69	0.02160	0.10295	2.73	77860	8016	371081	1262104	16.21
1961	70-74	0.03623	0.16663	2.59	69844	11638	321219	891023	12.76
1961	75-79	0.05682	0.24955	2.56	58206	14525	255656	569803	9.79
1961	80-84	0.10032	0.40344	2.57	43681	17622	175654	314147	7.19
1961	85-89	0.15508	0.55104	2.37	26058	14359	92593	138493	5.31
1961	90-94	0.22971	0.69652	2.17	11699	8149	35474	45900	3.92
1961	95-99	0.32355	0.81837	1.98	3550	2906	8980	10427	2.94
1961	100-104	0.43625	0.90242	1.75	645	582	1334	1446	2.24
1961	105-109	0.55629	0.94992	1.53	63	60	107	112	1.78
1961	110+	0.65295	1.00000	1.53	3	3	5	5	1.53
1962	0	0.02486	0.02433	0.12	100000	2433	97866	7294702	72.95
1962	1-4	0.00105	0.00420	1.44	97567	410	389222	7196836	73.76
1962	5-9	0.00050	0.00249	2.09	97158	242	485086	6807614	70.07
1962	10-14	0.00037	0.00185	2.85	96916	179	484193	6322528	65.24
1962	15-19	0.00065	0.00325	2.71	96737	315	482961	5838335	60.35
1962	20-24	0.00073	0.00366	2.49	96422	353	481223	5355374	55.54
1962	25-29	0.00084	0.00421	2.67	96069	404	479404	4874151	50.74
1962	30-34	0.00131	0.00651	2.86	95665	623	476993	4394746	45.94
1962	35-39	0.00196	0.00978	2.76	95042	929	473131	3917753	41.22
1962	40-44	0.00295	0.01464	2.6	94113	1378	467257	3444622	36.60
1962	45-49	0.00434	0.02148	2.7	92735	1992	459097	2977365	32.11
1962	50-54	0.00646	0.03182	2.56	90743	2887	446680	2518268	27.75
1962	55-59	0.00967	0.04729	2.67	87856	4155	429602	2071588	23.58
1962	60-64	0.01441	0.06966	2.6	83701	5831	404533	1641986	19.62
1962	65-69	0.02263	0.10741	2.63	77870	8364	369534	1237453	15.89
1962	70-74	0.03689	0.16969	2.64	69506	11795	319726	867920	12.49
1962	75-79	0.06067	0.26447	2.58	57712	15263	251564	548193	9.50
1962	80-84	0.10106	0.40412	2.52	42449	17155	169754	296629	6.99
1962	85-89	0.17021	0.58480	2.33	25294	14792	86903	126875	5.02
1962	90-94	0.23899	0.70948	2.14	10502	7451	31177	39972	3.81
1962	95-99	0.33057	0.82512	1.97	3051	2517	7616	8795	2.88
1962	100-104	0.44325	0.90605	1.74	534	483	1091	1179	2.21
1962	105-109	0.56247	0.95157	1.52	50	48	85	88	1.77
1962	110+	0.65812	1.00000	1.52	2	2	4	4	1.52
1963	0	0.02490	0.02436	0.12	100000	2436	97863	7301923	73.02
1963	1-4	0.00087	0.00346	1.46	97564	338	389395	7204061	73.84
1963	5-9	0.00037	0.00184	2.53	97226	179	485687	6814665	70.09
1963	10-14	0.00037	0.00185	2.75	97047	179	484832	6328979	65.22
1963	15-19	0.00062	0.00312	2.83	96868	302	483683	5844147	60.33
1963	20-24	0.00086	0.00429	2.53	96566	415	481808	5360464	55.51
1963	25-29	0.00101	0.00505	2.39	96151	486	479487	4878656	50.74
1963	30-34	0.00138	0.00687	2.66	95666	657	476791	4399169	45.98
1963	35-39	0.00191	0.00953	2.47	95009	905	472756	3922378	41.28
1963	40-44	0.00292	0.01450	2.76	94104	1364	467469	3449622	36.66
1963	45-49	0.00431	0.02135	2.67	92739	1980	459087	2982153	32.16
1963	50-54	0.00647	0.03183	2.54	90759	2889	446686	2523066	27.80
1963	55-59	0.00948	0.04633	2.55	87870	4071	429362	2076380	23.63
1963	60-64	0.01488	0.07187	2.64	83799	6022	404773	1647018	19.65
1963	65-69	0.02147	0.10217	2.63	77777	7946	370054	1242246	15.97
1963	70-74	0.03688	0.16968	2.65	69830	11848	321312	872191	12.49
1963	75-79	0.05910	0.25829	2.56	57982	14976	253410	550879	9.50
1963	80-84	0.10403	0.41528	2.57	43006	17859	171671	297469	6.92
1963	85-89	0.16856	0.58184	2.34	25146	14631	86803	125798	5.00
1963	90-94	0.24546	0.72203	2.15	10515	7592	30931	38995	3.71
1963	95-99	0.34691	0.84074	1.94	2923	2457	7084	8064	2.76
1963	100-104	0.46662	0.91793	1.7	465	427	916	980	2.11
1963	105-109	0.59087	0.95893	1.48	38	37	62	64	1.68
1963	110+	0.68890	1.00000	1.45	2	2	2	2	1.45
1964	0	0.02400	0.02350	0.12	100000	2350	97932	7335190	73.35
1964	1-4	0.00105	0.00419	1.44	97650	410	389549	7237257	74.11
1964	5-9	0.00040	0.00201	2.02	97240	196	485617	6847709	70.42
1964	10-14	0.00034	0.00168	2.36	97044	163	484790	6362091	65.56
1964	15-19	0.00057	0.00284	2.5	96881	275	483718	5877302	60.67
1964	20-24	0.00069	0.00344	2.39	96606	333	482162	5393583	55.83
1964	25-29	0.00115	0.00575	2.73	96273	554	480108	4911421	51.02
1964	30-34	0.00135	0.00671	2.64	95719	643	477082	4431314	46.29
1964	35-39	0.00197	0.00980	2.75	95077	932	473291	3954231	41.59
1964	40-44	0.00299	0.01487	2.65	94145	1400	467436	3480940	36.97
1964	45-49	0.00427	0.02112	2.65	92745	1959	459124	3013504	32.49
1964	50-54	0.00645	0.03178	2.66	90786	2886	447186	2554380	28.14
1964	55-59	0.00938	0.04586	2.63	87901	4031	429930	2107194	23.97
1964	60-64	0.01484	0.07177	2.72	83870	6020	405601	1677263	20.00
1964	65-69	0.02161	0.10283	2.66	77850	8005	370492	1271662	16.33
1964	70-74	0.03462	0.16022	2.68	69845	11191	323259	901170	12.90
1964	75-79	0.05681	0.24907	2.53	58654	14609	257146	577911	9.85
1964	80-84	0.09786	0.39335	2.51	44045	17325	177037	320765	7.28
1964	85-89	0.15343	0.54610	2.36	26720	14592	95102	143729	5.38
1964	90-94	0.22400	0.68683	2.18	12128	8330	37188	48627	4.01
1964	95-99	0.31457	0.80896	2	3798	3073	9768	11439	3.01
1964	100-104	0.42397	0.89533	1.77	726	650	1532	1671	2.30
1964	105-109	0.54162	0.94552	1.56	76	72	133	139	1.83
1964	110+	0.63706	1.00000	1.57	4	4	6	6	1.57
1965	0	0.02249	0.02205	0.12	100000	2205	98051	7365936	73.66
1965	1-4	0.00101	0.00402	1.57	97795	394	390225	7267885	74.32
1965	5-9	0.00041	0.00204	2.28	97401	199	486468	6877660	70.61
1965	10-14	0.00031	0.00153	2.67	97203	149	485668	6391192	65.75
1965	15-19	0.00057	0.00282	2.89	97054	274	484691	5905524	60.85
1965	20-24	0.00080	0.00398	2.61	96780	385	482980	5420833	56.01
1965	25-29	0.00088	0.00440	2.83	96395	424	481054	4937853	51.23
1965	30-34	0.00124	0.00618	2.63	95971	593	478449	4456798	46.44
1965	35-39	0.00191	0.00953	2.62	95378	909	474722	3978349	41.71
1965	40-44	0.00300	0.01487	2.62	94469	1405	469000	3503627	37.09
1965	45-49	0.00419	0.02073	2.64	93064	1929	460770	3034627	32.61
1965	50-54	0.00585	0.02886	2.55	91135	2630	449237	2573857	28.24
1965	55-59	0.00944	0.04614	2.57	88505	4084	432583	2124620	24.01
1965	60-64	0.01406	0.06807	2.67	84421	5747	408741	1692037	20.04
1965	65-69	0.02213	0.10515	2.63	78674	8273	373767	1283297	16.31
1965	70-74	0.03320	0.15390	2.63	70401	10835	326374	909530	12.92
1965	75-79	0.05781	0.25328	2.56	59567	15087	260980	583155	9.79
1965	80-84	0.09815	0.39403	2.5	44480	17527	178571	322175	7.24
1965	85-89	0.15177	0.54047	2.34	26953	14567	95983	143604	5.33
1965	90-94	0.23655	0.70419	2.13	12386	8722	36871	47621	3.84
1965	95-99	0.32377	0.81873	1.98	3664	3000	9265	10750	2.93
1965	100-104	0.43764	0.90327	1.75	664	600	1371	1485	2.24
1965	105-109	0.55884	0.95070	1.53	64	61	109	114	1.78
1965	110+	0.65631	1.00000	1.52	3	3	5	5	1.52
1966	0	0.02187	0.02145	0.11	100000	2145	98100	7359833	73.60
1966	1-4	0.00096	0.00383	1.56	97855	375	390504	7261733	74.21
1966	5-9	0.00043	0.00215	2.29	97480	210	486833	6871228	70.49
1966	10-14	0.00047	0.00233	2.79	97270	226	485851	6384395	65.64
1966	15-19	0.00064	0.00317	2.68	97044	308	484505	5898545	60.78
1966	20-24	0.00065	0.00325	2.38	96736	314	482858	5414040	55.97
1966	25-29	0.00093	0.00463	2.72	96422	447	481091	4931182	51.14
1966	30-34	0.00137	0.00683	2.68	95975	656	478352	4450091	46.37
1966	35-39	0.00194	0.00963	2.65	95319	918	474437	3971739	41.67
1966	40-44	0.00304	0.01509	2.57	94401	1424	468542	3497302	37.05
1966	45-49	0.00449	0.02220	2.7	92977	2064	460128	3028760	32.58
1966	50-54	0.00573	0.02828	2.62	90913	2571	448445	2568632	28.25
1966	55-59	0.00934	0.04572	2.73	88342	4039	432548	2120187	24.00
1966	60-64	0.01301	0.06307	2.61	84303	5317	408797	1687639	20.02
1966	65-69	0.02246	0.10668	2.64	78986	8426	375085	1278841	16.19
1966	70-74	0.03527	0.16293	2.66	70560	11496	325920	903756	12.81
1966	75-79	0.05871	0.25725	2.6	59064	15194	258817	577836	9.78
1966	80-84	0.09495	0.38538	2.56	43870	16907	178061	319019	7.27
1966	85-89	0.15905	0.56163	2.38	26963	15143	95214	140958	5.23
1966	90-94	0.23282	0.70200	2.17	11820	8298	35639	45744	3.87
1966	95-99	0.33169	0.82704	1.97	3522	2913	8783	10105	2.87
1966	100-104	0.45142	0.91085	1.73	609	555	1229	1323	2.17
1966	105-109	0.57755	0.95586	1.5	54	52	90	93	1.72
1966	110+	0.67789	1.00000	1.48	2	2	4	4	1.48
1967	0	0.02222	0.02179	0.12	100000	2179	98072	7419994	74.20
1967	1-4	0.00087	0.00348	1.67	97821	340	390492	7321922	74.85
1967	5-9	0.00038	0.00188	2.32	97481	184	486913	6931430	71.11
1967	10-14	0.00031	0.00157	2.89	97298	153	486165	6444516	66.24
1967	15-19	0.00055	0.00272	3.03	97145	265	485202	5958352	61.33
1967	20-24	0.00079	0.00396	2.62	96880	384	483485	5473150	56.49
1967	25-29	0.00095	0.00473	2.72	96496	456	481439	4989665	51.71
1967	30-34	0.00123	0.00611	2.77	96040	587	478894	4508226	46.94
1967	35-39	0.00171	0.00851	2.6	95453	812	475321	4029332	42.21
1967	40-44	0.00278	0.01381	2.61	94641	1307	470079	3554011	37.55
1967	45-49	0.00380	0.01883	2.67	93334	1758	462572	3083933	33.04
1967	50-54	0.00678	0.03341	2.76	91576	3059	451020	2621360	28.62
1967	55-59	0.00884	0.04331	2.66	88517	3834	433595	2170340	24.52
1967	60-64	0.01225	0.05951	2.61	84683	5040	411391	1736745	20.51
1967	65-69	0.02153	0.10246	2.65	79643	8161	379045	1325354	16.64
1967	70-74	0.03265	0.15161	2.65	71483	10837	331949	946309	13.24
1967	75-79	0.05494	0.24282	2.61	60645	14726	268038	614360	10.13
1967	80-84	0.08972	0.36674	2.51	45920	16841	187711	346322	7.54
1967	85-89	0.15104	0.53596	2.29	29079	15585	103185	158611	5.45
1967	90-94	0.21631	0.67532	2.22	13494	9112	42128	55426	4.11
1967	95-99	0.31132	0.80605	2.01	4381	3531	11343	13298	3.04
1967	100-104	0.42438	0.89598	1.78	850	761	1794	1955	2.30
1967	105-109	0.54622	0.94716	1.55	88	84	153	161	1.82
1967	110+	0.64492	1.00000	1.55	5	5	7	7	1.55
1968	0	0.02092	0.02054	0.11	100000	2054	98176	7391952	73.92
1968	1-4	0.00083	0.00331	1.39	97946	324	390939	7293776	74.47
1968	5-9	0.00035	0.00177	2.32	97622	172	487649	6902838	70.71
1968	10-14	0.00031	0.00153	2.35	97450	149	486854	6415189	65.83
1968	15-19	0.00058	0.00289	2.54	97301	281	485814	5928335	60.93
1968	20-24	0.00078	0.00390	2.53	97020	378	484165	5442521	56.10
1968	25-29	0.00086	0.00430	2.56	96642	416	482191	4958357	51.31
1968	30-34	0.00121	0.00605	2.64	96226	582	479752	4476165	46.52
1968	35-39	0.00198	0.00987	2.46	95643	944	475818	3996413	41.78
1968	40-44	0.00288	0.01431	2.49	94700	1355	470102	3520595	37.18
1968	45-49	0.00463	0.02292	2.68	93344	2139	461752	3050493	32.68
1968	50-54	0.00592	0.02922	2.69	91205	2665	449883	2588741	28.38
1968	55-59	0.00872	0.04270	2.65	88540	3781	433812	2138858	24.16
1968	60-64	0.01354	0.06557	2.58	84759	5557	410341	1705047	20.12
1968	65-69	0.02211	0.10481	2.53	79202	8301	375497	1294706	16.35
1968	70-74	0.03395	0.15715	2.64	70900	11142	328165	919209	12.96
1968	75-79	0.05712	0.25040	2.54	59758	14963	261971	591044	9.89
1968	80-84	0.09484	0.38379	2.52	44795	17192	181276	329073	7.35
1968	85-89	0.15280	0.54899	2.44	27603	15154	99172	147797	5.35
1968	90-94	0.23012	0.69817	2.18	12449	8692	37770	48626	3.91
1968	95-99	0.32906	0.82450	1.97	3757	3098	9415	10856	2.89
1968	100-104	0.44838	0.90932	1.73	659	600	1337	1441	2.18
1968	105-109	0.57444	0.95508	1.51	60	57	99	103	1.73
1968	110+	0.67491	1.00000	1.48	3	3	4	4	1.48
1969	0	0.01998	0.01963	0.11	100000	1963	98251	7393540	73.94
1969	1-4	0.00076	0.00305	1.57	98037	299	391419	7295290	74.41
1969	5-9	0.00036	0.00178	2.63	97737	174	488273	6903871	70.64
1969	10-14	0.00033	0.00163	2.53	97563	159	487424	6415598	65.76
1969	15-19	0.00066	0.00332	2.61	97405	323	486251	5928174	60.86
1969	20-24	0.00081	0.00405	2.18	97081	393	484300	5441923	56.06
1969	25-29	0.00096	0.00481	2.57	96688	465	482313	4957623	51.27
1969	30-34	0.00130	0.00646	2.64	96223	622	479648	4475310	46.51
1969	35-39	0.00212	0.01056	2.71	95601	1009	475696	3995662	41.80
1969	40-44	0.00294	0.01460	2.71	94592	1381	469795	3519966	37.21
1969	45-49	0.00450	0.02228	2.65	93211	2077	461184	3050172	32.72
1969	50-54	0.00613	0.03023	2.65	91134	2755	449202	2588987	28.41
1969	55-59	0.00932	0.04557	2.59	88379	4027	432195	2139785	24.21
1969	60-64	0.01401	0.06787	2.69	84351	5725	408554	1707590	20.24
1969	65-69	0.02094	0.09973	2.62	78627	7841	374504	1299036	16.52
1969	70-74	0.03311	0.15351	2.63	70785	10866	328213	924533	13.06
1969	75-79	0.05751	0.25275	2.61	59919	15145	263342	596320	9.95
1969	80-84	0.09265	0.37653	2.51	44775	16859	181971	332978	7.44
1969	85-89	0.15165	0.54537	2.43	27916	15225	100394	151007	5.41
1969	90-94	0.22395	0.69039	2.22	12691	8762	39124	50612	3.99
1969	95-99	0.32458	0.82015	1.98	3929	3223	9929	11488	2.92
1969	100-104	0.44349	0.90684	1.74	707	641	1445	1560	2.21
1969	105-109	0.56970	0.95388	1.51	66	63	110	115	1.74
1969	110+	0.67059	1.00000	1.49	3	3	5	5	1.49
1970	0	0.01984	0.01949	0.11	100000	1949	98262	7418579	74.19
1970	1-4	0.00089	0.00356	1.63	98051	349	391376	7320316	74.66
1970	5-9	0.00039	0.00194	2.2	97702	189	487979	6928940	70.92
1970	10-14	0.00035	0.00177	2.56	97513	173	487141	6440961	66.05
1970	15-19	0.00069	0.00343	2.87	97340	334	485987	5953821	61.17
1970	20-24	0.00080	0.00398	2.7	97006	387	484140	5467834	56.37
1970	25-29	0.00095	0.00472	2.62	96619	456	482010	4983693	51.58
1970	30-34	0.00133	0.00660	2.5	96163	635	479232	4501683	46.81
1970	35-39	0.00189	0.00944	2.88	95528	901	475731	4022451	42.11
1970	40-44	0.00321	0.01593	2.59	94627	1508	469496	3546720	37.48
1970	45-49	0.00447	0.02211	2.68	93119	2059	460826	3077224	33.05
1970	50-54	0.00612	0.03015	2.58	91061	2745	448661	2616397	28.73
1970	55-59	0.00927	0.04536	2.64	88315	4006	432106	2167736	24.55
1970	60-64	0.01298	0.06297	2.61	84309	5309	408847	1735630	20.59
1970	65-69	0.02057	0.09812	2.67	79001	7752	376926	1326783	16.79
1970	70-74	0.03226	0.14972	2.61	71249	10667	330700	949857	13.33
1970	75-79	0.05466	0.24126	2.57	60582	14616	267423	619157	10.22
1970	80-84	0.08826	0.36167	2.5	45966	16624	188349	351733	7.65
1970	85-89	0.14235	0.52012	2.41	29341	15261	107210	163384	5.57
1970	90-94	0.22472	0.68580	2.16	14080	9656	42970	56175	3.99
1970	95-99	0.31685	0.81250	2	4424	3594	11344	13204	2.98
1970	100-104	0.43595	0.90296	1.76	830	749	1718	1860	2.24
1970	105-109	0.56333	0.95228	1.52	80	77	136	142	1.76
1970	110+	0.66557	1.00000	1.5	4	4	6	6	1.50
1971	0	0.01848	0.01818	0.1	100000	1818	98372	7472014	74.72
1971	1-4	0.00076	0.00302	1.69	98182	296	392042	7373642	75.10
1971	5-9	0.00041	0.00205	2.1	97885	201	488845	6981601	71.32
1971	10-14	0.00029	0.00145	2.53	97685	142	488073	6492756	66.47
1971	15-19	0.00065	0.00327	2.8	97543	319	487013	6004683	61.56
1971	20-24	0.00078	0.00388	2.53	97224	377	485192	5517670	56.75
1971	25-29	0.00081	0.00403	2.63	96847	391	483313	5032479	51.96
1971	30-34	0.00127	0.00634	2.71	96457	612	480884	4549166	47.16
1971	35-39	0.00172	0.00858	2.73	95845	823	477361	4068282	42.45
1971	40-44	0.00289	0.01434	2.61	95022	1362	471852	3590921	37.79
1971	45-49	0.00392	0.01944	2.71	93660	1821	464138	3119069	33.30
1971	50-54	0.00636	0.03134	2.69	91839	2879	452554	2654930	28.91
1971	55-59	0.00860	0.04213	2.57	88960	3748	435693	2202377	24.76
1971	60-64	0.01268	0.06153	2.59	85212	5243	413416	1766684	20.73
1971	65-69	0.01944	0.09289	2.62	79969	7428	382137	1353268	16.92
1971	70-74	0.03278	0.15188	2.59	72541	11017	336120	971131	13.39
1971	75-79	0.05331	0.23651	2.62	61523	14551	272968	635011	10.32
1971	80-84	0.08706	0.35827	2.53	46972	16829	193301	362043	7.71
1971	85-89	0.14533	0.52559	2.37	30144	15843	109020	168742	5.60
1971	90-94	0.21018	0.66760	2.27	14300	9547	45422	59722	4.18
1971	95-99	0.31400	0.80950	2.01	4753	3848	12255	14300	3.01
1971	100-104	0.43248	0.90106	1.76	905	816	1887	2045	2.26
1971	105-109	0.55961	0.95127	1.53	90	85	152	159	1.77
1971	110+	0.66189	1.00000	1.51	4	4	7	7	1.51
1972	0	0.01838	0.01808	0.1	100000	1808	98381	7487313	74.87
1972	1-4	0.00062	0.00247	1.15	98192	242	392078	7388933	75.25
1972	5-9	0.00048	0.00242	2.58	97949	237	489174	6996855	71.43
1972	10-14	0.00033	0.00167	2.76	97713	163	488197	6507681	66.60
1972	15-19	0.00053	0.00266	2.72	97550	259	487158	6019483	61.71
1972	20-24	0.00070	0.00349	2.68	97291	340	485663	5532325	56.86
1972	25-29	0.00090	0.00449	2.53	96951	436	483676	5046662	52.05
1972	30-34	0.00110	0.00550	2.86	96515	531	481441	4562986	47.28
1972	35-39	0.00181	0.00901	2.63	95984	865	477873	4081545	42.52
1972	40-44	0.00244	0.01212	2.7	95119	1153	472941	3603672	37.89
1972	45-49	0.00426	0.02110	2.62	93966	1983	465113	3130731	33.32
1972	50-54	0.00581	0.02863	2.61	91983	2634	453627	2665618	28.98
1972	55-59	0.00842	0.04126	2.62	89349	3687	437955	2211992	24.76
1972	60-64	0.01256	0.06095	2.58	85663	5221	415698	1774037	20.71
1972	65-69	0.01957	0.09353	2.63	80442	7524	384392	1358339	16.89
1972	70-74	0.03330	0.15449	2.67	72918	11265	338295	973947	13.36
1972	75-79	0.05397	0.23915	2.62	61653	14744	273216	635652	10.31
1972	80-84	0.08845	0.36151	2.47	46908	16958	191719	362436	7.73
1972	85-89	0.14134	0.51792	2.42	29951	15512	109753	170717	5.70
1972	90-94	0.21037	0.66193	2.2	14439	9557	45431	60964	4.22
1972	95-99	0.29511	0.78764	2.04	4881	3845	13028	15534	3.18
1972	100-104	0.40228	0.88205	1.82	1037	914	2273	2506	2.42
1972	105-109	0.51977	0.93851	1.6	122	115	221	233	1.91
1972	110+	0.61615	1.00000	1.62	8	8	12	12	1.62
1973	0	0.01858	0.01828	0.11	100000	1828	98364	7485600	74.86
1973	1-4	0.00077	0.00307	1.51	98172	302	391936	7387236	75.25
1973	5-9	0.00038	0.00189	2.31	97870	185	488854	6995300	71.48
1973	10-14	0.00030	0.00151	2.76	97685	147	488095	6506446	66.61
1973	15-19	0.00068	0.00342	2.92	97538	333	486995	6018351	61.70
1973	20-24	0.00062	0.00310	2.46	97205	302	485255	5531356	56.90
1973	25-29	0.00081	0.00404	2.46	96903	392	483518	5046101	52.07
1973	30-34	0.00100	0.00497	2.61	96511	480	481407	4562583	47.28
1973	35-39	0.00186	0.00925	2.78	96031	888	478189	4081176	42.50
1973	40-44	0.00257	0.01278	2.63	95143	1216	472834	3602988	37.87
1973	45-49	0.00438	0.02170	2.71	93928	2038	464969	3130154	33.33
1973	50-54	0.00633	0.03121	2.67	91889	2868	452765	2665185	29.00
1973	55-59	0.00816	0.04003	2.68	89022	3564	436826	2212420	24.85
1973	60-64	0.01307	0.06338	2.6	85458	5416	414280	1775594	20.78
1973	65-69	0.01895	0.09058	2.58	80041	7250	382650	1361313	17.01
1973	70-74	0.03204	0.14893	2.64	72792	10840	338353	978664	13.44
1973	75-79	0.05184	0.23051	2.6	61951	14280	275454	640311	10.34
1973	80-84	0.08925	0.36659	2.57	47671	17476	195810	364856	7.65
1973	85-89	0.14626	0.53114	2.42	30195	16038	109653	169046	5.60
1973	90-94	0.21017	0.66791	2.27	14157	9456	44990	59393	4.20
1973	95-99	0.30786	0.80250	2.02	4701	3773	12255	14403	3.06
1973	100-104	0.42172	0.89457	1.78	929	831	1970	2148	2.31
1973	105-109	0.54483	0.94684	1.55	98	93	170	178	1.82
1973	110+	0.64467	1.00000	1.55	5	5	8	8	1.55
1974	0	0.01663	0.01638	0.1	100000	1638	98525	7528327	75.28
1974	1-4	0.00071	0.00282	1.53	98362	278	392760	7429803	75.54
1974	5-9	0.00032	0.00162	2.4	98084	159	490007	7037043	71.75
1974	10-14	0.00030	0.00148	2.99	97925	145	489335	6547036	66.86
1974	15-19	0.00058	0.00290	2.85	97780	283	488293	6057700	61.95
1974	20-24	0.00078	0.00389	2.62	97497	379	486582	5569407	57.12
1974	25-29	0.00100	0.00501	2.59	97118	487	484419	5082826	52.34
1974	30-34	0.00124	0.00616	2.72	96631	596	481796	4598407	47.59
1974	35-39	0.00160	0.00797	2.7	96036	765	478418	4116611	42.87
1974	40-44	0.00254	0.01264	2.73	95270	1204	473617	3638193	38.19
1974	45-49	0.00400	0.01982	2.67	94066	1864	465978	3164576	33.64
1974	50-54	0.00580	0.02860	2.62	92202	2637	454736	2698598	29.27
1974	55-59	0.00819	0.04016	2.65	89565	3597	439354	2243863	25.05
1974	60-64	0.01279	0.06209	2.64	85968	5338	417221	1804509	20.99
1974	65-69	0.01947	0.09305	2.62	80630	7503	385326	1387287	17.21
1974	70-74	0.03110	0.14497	2.67	73127	10601	340893	1001961	13.70
1974	75-79	0.05013	0.22334	2.56	62526	13965	278551	661068	10.57
1974	80-84	0.08306	0.34642	2.61	48562	16823	202541	382517	7.88
1974	85-89	0.14009	0.51282	2.39	31739	16276	116184	179976	5.67
1974	90-94	0.21180	0.67200	2.28	15463	10391	49060	63791	4.13
1974	95-99	0.32603	0.82289	1.99	5072	4173	12801	14732	2.90
1974	100-104	0.45577	0.91397	1.72	898	821	1801	1931	2.15
1974	105-109	0.59251	0.95994	1.48	77	74	125	130	1.68
1974	110+	0.70010	1.00000	1.43	3	3	4	4	1.43
1975	0	0.01537	0.01516	0.1	100000	1516	98629	7591178	75.91
1975	1-4	0.00070	0.00279	1.69	98484	275	393301	7492549	76.08
1975	5-9	0.00026	0.00128	2.48	98209	126	490729	7099248	72.29
1975	10-14	0.00028	0.00142	2.77	98083	140	490106	6608519	67.38
1975	15-19	0.00073	0.00363	2.82	97944	355	488945	6118413	62.47
1975	20-24	0.00069	0.00344	2.51	97588	336	487107	5629468	57.69
1975	25-29	0.00073	0.00366	2.53	97253	355	485387	5142360	52.88
1975	30-34	0.00101	0.00502	2.56	96897	486	483299	4656973	48.06
1975	35-39	0.00175	0.00873	2.82	96411	841	480224	4173674	43.29
1975	40-44	0.00255	0.01266	2.73	95570	1210	475101	3693450	38.65
1975	45-49	0.00361	0.01791	2.7	94360	1690	467910	3218349	34.11
1975	50-54	0.00567	0.02797	2.64	92670	2592	457230	2750439	29.68
1975	55-59	0.00827	0.04058	2.69	90078	3656	441937	2293209	25.46
1975	60-64	0.01211	0.05892	2.69	86423	5092	420364	1851271	21.42
1975	65-69	0.01811	0.08691	2.68	81331	7069	390260	1430907	17.59
1975	70-74	0.02902	0.13595	2.68	74262	10096	347878	1040647	14.01
1975	75-79	0.04836	0.21694	2.63	64166	13921	287855	692769	10.80
1975	80-84	0.08128	0.34000	2.6	50246	17084	210186	404913	8.06
1975	85-89	0.12988	0.48787	2.45	33162	16179	124564	194728	5.87
1975	90-94	0.21473	0.67186	2.21	16983	11411	53138	70163	4.13
1975	95-99	0.30788	0.80370	2.03	5573	4479	14548	17025	3.05
1975	100-104	0.43102	0.90081	1.77	1094	985	2286	2477	2.26
1975	105-109	0.56376	0.95272	1.53	109	103	183	191	1.76
1975	110+	0.67033	1.00000	1.49	5	5	8	8	1.49
1976	0	0.01501	0.01481	0.1	100000	1481	98659	7635166	76.35
1976	1-4	0.00057	0.00227	1.54	98519	224	393526	7536506	76.50
1976	5-9	0.00029	0.00144	1.93	98295	142	491041	7142981	72.67
1976	10-14	0.00025	0.00126	3.01	98154	123	490523	6651940	67.77
1976	15-19	0.00052	0.00258	2.76	98030	253	489586	6161417	62.85
1976	20-24	0.00063	0.00317	2.44	97778	310	488094	5671831	58.01
1976	25-29	0.00063	0.00315	2.6	97468	307	486603	5183737	53.18
1976	30-34	0.00095	0.00475	2.67	97161	462	484728	4697134	48.34
1976	35-39	0.00159	0.00792	2.48	96700	766	481568	4212406	43.56
1976	40-44	0.00241	0.01196	2.6	95934	1147	476912	3730838	38.89
1976	45-49	0.00362	0.01798	2.75	94787	1704	470101	3253926	34.33
1976	50-54	0.00563	0.02777	2.64	93083	2585	459323	2783825	29.91
1976	55-59	0.00768	0.03775	2.71	90498	3417	444653	2324501	25.69
1976	60-64	0.01207	0.05868	2.65	87081	5110	423418	1879848	21.59
1976	65-69	0.01855	0.08876	2.59	81971	7276	392332	1456431	17.77
1976	70-74	0.02833	0.13263	2.6	74695	9907	349735	1064099	14.25
1976	75-79	0.04689	0.21049	2.57	64788	13637	290840	714364	11.03
1976	80-84	0.07891	0.33060	2.55	51151	16910	214309	423524	8.28
1976	85-89	0.12728	0.47738	2.38	34241	16346	128428	209215	6.11
1976	90-94	0.18996	0.62745	2.3	17895	11228	59107	80788	4.51
1976	95-99	0.28683	0.77879	2.07	6667	5192	18101	21681	3.25
1976	100-104	0.39999	0.88137	1.83	1475	1300	3250	3580	2.43
1976	105-109	0.52505	0.94083	1.59	175	165	313	330	1.89
1976	110+	0.62766	1.00000	1.59	10	10	16	16	1.59
1977	0	0.01374	0.01357	0.09	100000	1357	98767	7674197	76.74
1977	1-4	0.00061	0.00243	1.79	98643	239	394045	7575430	76.80
1977	5-9	0.00024	0.00120	2.44	98404	118	491717	7181385	72.98
1977	10-14	0.00024	0.00122	3.04	98286	120	491193	6689668	68.06
1977	15-19	0.00058	0.00288	2.66	98166	283	490168	6198475	63.14
1977	20-24	0.00068	0.00341	2.46	97883	334	488568	5708307	58.32
1977	25-29	0.00069	0.00345	2.86	97549	337	487026	5219739	53.51
1977	30-34	0.00111	0.00554	2.6	97213	539	484773	4732713	48.68
1977	35-39	0.00122	0.00607	2.77	96674	587	482060	4247940	43.94
1977	40-44	0.00247	0.01230	2.77	96087	1182	477800	3765880	39.19
1977	45-49	0.00350	0.01737	2.65	94905	1648	470646	3288080	34.65
1977	50-54	0.00555	0.02738	2.65	93257	2553	460289	2817434	30.21
1977	55-59	0.00739	0.03635	2.74	90704	3297	446056	2357146	25.99
1977	60-64	0.01150	0.05597	2.61	87407	4892	425325	1911090	21.86
1977	65-69	0.01722	0.08280	2.68	82515	6832	396728	1485765	18.01
1977	70-74	0.02746	0.12902	2.67	75683	9764	355640	1089036	14.39
1977	75-79	0.04624	0.20850	2.65	65918	13744	297236	733397	11.13
1977	80-84	0.07545	0.31878	2.57	52174	16632	220430	436161	8.36
1977	85-89	0.12654	0.47614	2.4	35542	16923	133743	215731	6.07
1977	90-94	0.19757	0.64454	2.3	18619	12001	60742	81988	4.40
1977	95-99	0.29070	0.78401	2.06	6618	5189	17849	21246	3.21
1977	100-104	0.40910	0.88771	1.81	1429	1269	3102	3397	2.38
1977	105-109	0.53929	0.94566	1.57	161	152	281	295	1.84
1977	110+	0.64541	1.00000	1.55	9	9	14	14	1.55
1978	0	0.01363	0.01347	0.09	100000	1347	98776	7714667	77.15
1978	1-4	0.00061	0.00245	1.71	98653	242	394059	7615891	77.20
1978	5-9	0.00025	0.00124	2.53	98412	122	491756	7221832	73.38
1978	10-14	0.00024	0.00120	2.79	98289	118	491185	6730076	68.47
1978	15-19	0.00060	0.00298	2.74	98171	293	490194	6238891	63.55
1978	20-24	0.00071	0.00353	2.37	97878	346	488481	5748698	58.73
1978	25-29	0.00072	0.00362	2.59	97533	353	486815	5260217	53.93
1978	30-34	0.00074	0.00369	2.56	97180	358	485026	4773401	49.12
1978	35-39	0.00125	0.00624	2.57	96822	604	482639	4288375	44.29
1978	40-44	0.00209	0.01041	2.77	96218	1002	478853	3805736	39.55
1978	45-49	0.00325	0.01612	2.63	95217	1535	472444	3326883	34.94
1978	50-54	0.00519	0.02563	2.66	93681	2401	462784	2854440	30.47
1978	55-59	0.00764	0.03751	2.6	91280	3424	448191	2391656	26.20
1978	60-64	0.01146	0.05587	2.73	87856	4908	428156	1943465	22.12
1978	65-69	0.01658	0.07984	2.67	82947	6622	399325	1515308	18.27
1978	70-74	0.02653	0.12488	2.66	76325	9531	359303	1115983	14.62
1978	75-79	0.04418	0.19985	2.61	66793	13348	302128	756680	11.33
1978	80-84	0.07465	0.31619	2.58	53445	16899	226361	454551	8.51
1978	85-89	0.12095	0.46372	2.49	36546	16947	140119	228190	6.24
1978	90-94	0.19296	0.63356	2.29	19599	12417	64351	88071	4.49
1978	95-99	0.28126	0.77235	2.08	7182	5547	19722	23720	3.30
1978	100-104	0.39645	0.87936	1.84	1635	1438	3626	3999	2.45
1978	105-109	0.52450	0.94087	1.59	197	186	354	372	1.89
1978	110+	0.62973	1.00000	1.59	12	12	19	19	1.59
1979	0	0.01209	0.01195	0.09	100000	1195	98908	7757566	77.58
1979	1-4	0.00052	0.00206	1.84	98805	203	394778	7658658	77.51
1979	5-9	0.00024	0.00119	2.45	98601	118	492706	7263880	73.67
1979	10-14	0.00023	0.00114	2.88	98484	113	492179	6771173	68.75
1979	15-19	0.00059	0.00296	2.87	98371	291	491236	6278994	63.83
1979	20-24	0.00066	0.00331	2.58	98080	325	489615	5787758	59.01
1979	25-29	0.00077	0.00386	2.65	97755	377	487892	5298143	54.20
1979	30-34	0.00096	0.00479	2.71	97379	467	485822	4810251	49.40
1979	35-39	0.00132	0.00658	2.81	96912	638	483161	4324428	44.62
1979	40-44	0.00203	0.01008	2.69	96274	971	479133	3841267	39.90
1979	45-49	0.00322	0.01597	2.96	95303	1522	473409	3362135	35.28
1979	50-54	0.00528	0.02607	2.65	93781	2445	463162	2888725	30.80
1979	55-59	0.00767	0.03765	2.6	91336	3439	448417	2425564	26.56
1979	60-64	0.01092	0.05324	2.68	87897	4679	428635	1977147	22.49
1979	65-69	0.01607	0.07737	2.61	83218	6439	400715	1548512	18.61
1979	70-74	0.02551	0.12020	2.61	76779	9229	361810	1147797	14.95
1979	75-79	0.04141	0.18822	2.59	67550	12715	307078	785987	11.64
1979	80-84	0.07412	0.31457	2.6	54836	17250	232714	478909	8.73
1979	85-89	0.11432	0.44323	2.47	37586	16659	145719	246195	6.55
1979	90-94	0.17736	0.59788	2.28	20927	12512	70545	100476	4.80
1979	95-99	0.25841	0.74114	2.12	8415	6237	24135	29931	3.56
1979	100-104	0.36170	0.85282	1.9	2178	1858	5136	5796	2.66
1979	105-109	0.47942	0.92329	1.67	321	296	617	660	2.06
1979	110+	0.57794	1.00000	1.73	25	25	43	43	1.73
1980	0	0.01216	0.01203	0.09	100000	1203	98902	7718450	77.18
1980	1-4	0.00051	0.00203	1.62	98797	200	394713	7619548	77.12
1980	5-9	0.00029	0.00147	2.5	98597	145	492623	7224835	73.28
1980	10-14	0.00035	0.00175	2.44	98452	172	491820	6732212	68.38
1980	15-19	0.00063	0.00314	2.89	98280	309	490746	6240392	63.50
1980	20-24	0.00057	0.00286	2.86	97971	280	489256	5749646	58.69
1980	25-29	0.00072	0.00357	2.63	97691	349	487627	5260390	53.85
1980	30-34	0.00092	0.00460	2.8	97342	448	485725	4772763	49.03
1980	35-39	0.00150	0.00749	2.84	96894	725	482905	4287038	44.24
1980	40-44	0.00197	0.00983	2.71	96169	945	478677	3804133	39.56
1980	45-49	0.00317	0.01575	2.61	95224	1499	472534	3325456	34.92
1980	50-54	0.00528	0.02608	2.74	93724	2444	463086	2852923	30.44
1980	55-59	0.00778	0.03820	2.59	91280	3487	447997	2389836	26.18
1980	60-64	0.01135	0.05524	2.57	87793	4849	427172	1941839	22.12
1980	65-69	0.01607	0.07738	2.62	82944	6418	399454	1514666	18.26
1980	70-74	0.02659	0.12485	2.56	76525	9554	359291	1115213	14.57
1980	75-79	0.04354	0.19662	2.54	66971	13168	302448	755922	11.29
1980	80-84	0.07644	0.32232	2.57	53803	17342	226856	453474	8.43
1980	85-89	0.12228	0.46762	2.49	36462	17050	139431	226618	6.22
1980	90-94	0.19224	0.63010	2.27	19411	12231	63623	87187	4.49
1980	95-99	0.28351	0.77501	2.08	7180	5565	19628	23564	3.28
1980	100-104	0.39821	0.88044	1.83	1615	1422	3572	3936	2.44
1980	105-109	0.52542	0.94110	1.59	193	182	346	364	1.88
1980	110+	0.62987	1.00000	1.59	11	11	18	18	1.59
1981	0	0.01098	0.01087	0.08	100000	1087	99004	7762703	77.63
1981	1-4	0.00054	0.00215	1.52	98913	213	395126	7663699	77.48
1981	5-9	0.00023	0.00113	2.22	98701	112	493192	7268574	73.64
1981	10-14	0.00031	0.00155	2.61	98589	153	492578	6775381	68.72
1981	15-19	0.00054	0.00272	2.57	98436	268	491532	6282803	63.83
1981	20-24	0.00056	0.00280	2.61	98169	274	490188	5791271	58.99
1981	25-29	0.00074	0.00369	2.72	97894	361	488648	5301083	54.15
1981	30-34	0.00081	0.00402	2.58	97533	393	486716	4812435	49.34
1981	35-39	0.00136	0.00680	2.71	97141	661	484192	4325719	44.53
1981	40-44	0.00192	0.00957	2.72	96480	923	480293	3841527	39.82
1981	45-49	0.00311	0.01544	2.63	95557	1476	474292	3361233	35.18
1981	50-54	0.00468	0.02316	2.61	94081	2179	465208	2886941	30.69
1981	55-59	0.00807	0.03960	2.67	91903	3640	451040	2421734	26.35
1981	60-64	0.01158	0.05634	2.6	88263	4973	429374	1970694	22.33
1981	65-69	0.01713	0.08231	2.64	83290	6855	400256	1541320	18.51
1981	70-74	0.02551	0.12022	2.61	76435	9189	360249	1141064	14.93
1981	75-79	0.04068	0.18467	2.51	67246	12418	305287	780815	11.61
1981	80-84	0.07145	0.30380	2.54	54827	16656	233107	475528	8.67
1981	85-89	0.11798	0.45355	2.45	38171	17313	146747	242421	6.35
1981	90-94	0.18637	0.61713	2.26	20858	12872	69069	95674	4.59
1981	95-99	0.27819	0.76871	2.09	7986	6139	22067	26605	3.33
1981	100-104	0.39445	0.87820	1.84	1847	1622	4112	4537	2.46
1981	105-109	0.52411	0.94085	1.59	225	212	404	425	1.89
1981	110+	0.63075	1.00000	1.59	13	13	21	21	1.59
1982	0	0.01094	0.01083	0.08	100000	1083	99008	7794007	77.94
1982	1-4	0.00044	0.00177	1.44	98917	175	395222	7694999	77.79
1982	5-9	0.00023	0.00113	2.04	98743	112	493382	7299777	73.93
1982	10-14	0.00025	0.00124	2.79	98631	123	492883	6806395	69.01
1982	15-19	0.00053	0.00265	2.79	98508	261	491964	6313512	64.09
1982	20-24	0.00045	0.00226	2.49	98247	222	490679	5821548	59.25
1982	25-29	0.00063	0.00315	2.62	98025	309	489392	5330869	54.38
1982	30-34	0.00085	0.00423	2.68	97716	413	487623	4841477	49.55
1982	35-39	0.00125	0.00622	2.67	97303	605	485105	4353854	44.75
1982	40-44	0.00193	0.00959	2.58	96698	927	481246	3868749	40.01
1982	45-49	0.00298	0.01481	2.85	95771	1418	475801	3387503	35.37
1982	50-54	0.00490	0.02424	2.71	94353	2288	466535	2911702	30.86
1982	55-59	0.00762	0.03741	2.56	92065	3444	451924	2445167	26.56
1982	60-64	0.01096	0.05344	2.68	88621	4736	432122	1993243	22.49
1982	65-69	0.01686	0.08103	2.62	83885	6798	403247	1561121	18.61
1982	70-74	0.02534	0.11942	2.6	77088	9206	363340	1157874	15.02
1982	75-79	0.04127	0.18783	2.61	67882	12750	308929	794534	11.70
1982	80-84	0.06937	0.29666	2.56	55132	16355	235771	485605	8.81
1982	85-89	0.11519	0.44479	2.44	38777	17248	149733	249834	6.44
1982	90-94	0.18310	0.61198	2.29	21529	13175	71958	100101	4.65
1982	95-99	0.27438	0.76396	2.1	8354	6382	23259	28143	3.37
1982	100-104	0.39081	0.87582	1.85	1972	1727	4419	4884	2.48
1982	105-109	0.52123	0.93996	1.6	245	230	442	465	1.90
1982	110+	0.62872	1.00000	1.59	15	15	23	23	1.59
1983	0	0.01115	0.01104	0.08	100000	1104	98989	7760552	77.61
1983	1-4	0.00045	0.00180	1.72	98896	178	395180	7661563	77.47
1983	5-9	0.00024	0.00119	1.75	98718	118	493210	7266383	73.61
1983	10-14	0.00022	0.00112	2.93	98601	110	492775	6773173	68.69
1983	15-19	0.00043	0.00213	2.67	98490	210	491964	6280398	63.77
1983	20-24	0.00066	0.00329	2.5	98281	323	490596	5788434	58.90
1983	25-29	0.00073	0.00365	2.72	97958	358	488971	5297838	54.08
1983	30-34	0.00081	0.00402	2.6	97600	392	487059	4808866	49.27
1983	35-39	0.00125	0.00622	2.68	97207	605	484631	4321808	44.46
1983	40-44	0.00201	0.00999	2.66	96602	966	480752	3837176	39.72
1983	45-49	0.00317	0.01576	2.74	95637	1507	474780	3356424	35.10
1983	50-54	0.00487	0.02408	2.74	94130	2266	465532	2881644	30.61
1983	55-59	0.00783	0.03845	2.72	91864	3532	451266	2416112	26.30
1983	60-64	0.01195	0.05813	2.63	88332	5134	429495	1964845	22.24
1983	65-69	0.01701	0.08177	2.62	83197	6803	399814	1535350	18.45
1983	70-74	0.02700	0.12686	2.62	76394	9692	358896	1135537	14.86
1983	75-79	0.04018	0.18336	2.62	66703	12230	304418	776641	11.64
1983	80-84	0.07298	0.31085	2.62	54473	16933	232013	472223	8.67
1983	85-89	0.11684	0.45167	2.49	37540	16956	145122	240210	6.40
1983	90-94	0.18481	0.61601	2.29	20584	12680	68612	95087	4.62
1983	95-99	0.27652	0.76645	2.09	7904	6058	21908	26475	3.35
1983	100-104	0.39146	0.87605	1.85	1846	1617	4131	4567	2.47
1983	105-109	0.51992	0.93938	1.6	229	215	413	436	1.90
1983	110+	0.62578	1.00000	1.6	14	14	22	22	1.60
1984	0	0.01052	0.01042	0.08	100000	1042	99044	7780367	77.80
1984	1-4	0.00052	0.00208	1.45	98958	206	395305	7681323	77.62
1984	5-9	0.00024	0.00121	2.55	98752	120	493465	7286019	73.78
1984	10-14	0.00024	0.00119	2.57	98632	117	492876	6792553	68.87
1984	15-19	0.00050	0.00250	2.88	98515	246	492053	6299678	63.95
1984	20-24	0.00062	0.00308	2.48	98269	303	490581	5807625	59.10
1984	25-29	0.00068	0.00339	2.56	97966	332	489017	5317044	54.27
1984	30-34	0.00098	0.00489	2.72	97634	478	487079	4828027	49.45
1984	35-39	0.00143	0.00714	2.68	97156	694	484169	4340948	44.68
1984	40-44	0.00194	0.00967	2.75	96462	933	480217	3856779	39.98
1984	45-49	0.00283	0.01408	2.74	95529	1345	474614	3376562	35.35
1984	50-54	0.00539	0.02660	2.6	94184	2505	464913	2901948	30.81
1984	55-59	0.00730	0.03588	2.7	91680	3289	450821	2437035	26.58
1984	60-64	0.01139	0.05543	2.63	88390	4900	430359	1986215	22.47
1984	65-69	0.01598	0.07700	2.62	83490	6429	402182	1555855	18.64
1984	70-74	0.02557	0.12051	2.62	77062	9287	363170	1153673	14.97
1984	75-79	0.04157	0.18893	2.59	67775	12805	308021	790503	11.66
1984	80-84	0.07020	0.30105	2.64	54970	16549	235731	482481	8.78
1984	85-89	0.11587	0.44773	2.46	38421	17202	148460	246751	6.42
1984	90-94	0.18331	0.61457	2.32	21219	13040	71140	98291	4.63
1984	95-99	0.27899	0.77008	2.09	8178	6298	22575	27152	3.32
1984	100-104	0.39825	0.88107	1.84	1880	1657	4160	4577	2.43
1984	105-109	0.53110	0.94332	1.58	224	211	397	417	1.86
1984	110+	0.64003	1.00000	1.56	13	13	20	20	1.56
1985	0	0.01018	0.01008	0.08	100000	1008	99074	7768440	77.68
1985	1-4	0.00056	0.00225	1.72	98992	223	395458	7669367	77.47
1985	5-9	0.00032	0.00158	2.37	98769	156	493434	7273908	73.65
1985	10-14	0.00024	0.00119	2.78	98613	118	492803	6780474	68.76
1985	15-19	0.00043	0.00216	2.7	98495	213	491984	6287671	63.84
1985	20-24	0.00069	0.00344	2.49	98282	338	490562	5795687	58.97
1985	25-29	0.00077	0.00386	2.53	97944	378	488783	5305125	54.17
1985	30-34	0.00083	0.00414	2.6	97566	404	486862	4816342	49.37
1985	35-39	0.00099	0.00493	2.72	97162	479	484721	4329481	44.56
1985	40-44	0.00195	0.00970	2.67	96683	938	481233	3844760	39.77
1985	45-49	0.00320	0.01589	2.74	95745	1522	475288	3363527	35.13
1985	50-54	0.00505	0.02496	2.63	94223	2352	465548	2888238	30.65
1985	55-59	0.00772	0.03793	2.64	91871	3485	451126	2422690	26.37
1985	60-64	0.01163	0.05656	2.61	88387	4999	429993	1971565	22.31
1985	65-69	0.01688	0.08113	2.62	83388	6765	400827	1541572	18.49
1985	70-74	0.02601	0.12251	2.64	76622	9387	360930	1140745	14.89
1985	75-79	0.04239	0.19222	2.58	67235	12924	304873	779815	11.60
1985	80-84	0.07013	0.30028	2.61	54311	16308	232549	474942	8.74
1985	85-89	0.11986	0.45838	2.44	38003	17420	145337	242392	6.38
1985	90-94	0.17905	0.60514	2.32	20583	12456	69567	97055	4.72
1985	95-99	0.27330	0.76235	2.1	8127	6196	22670	27488	3.38
1985	100-104	0.38790	0.87361	1.85	1931	1687	4350	4818	2.49
1985	105-109	0.51644	0.93821	1.61	244	229	443	468	1.92
1985	110+	0.62259	1.00000	1.61	15	15	24	24	1.61
1986	0	0.00997	0.00988	0.08	100000	988	99092	7775926	77.76
1986	1-4	0.00042	0.00169	1.63	99012	168	395651	7676834	77.53
1986	5-9	0.00016	0.00080	2.1	98844	79	493993	7281183	73.66
1986	10-14	0.00026	0.00132	2.65	98766	130	493522	6787190	68.72
1986	15-19	0.00056	0.00280	2.87	98635	277	492588	6293668	63.81
1986	20-24	0.00061	0.00302	2.58	98359	297	491074	5801080	58.98
1986	25-29	0.00063	0.00314	2.53	98061	308	489546	5310005	54.15
1986	30-34	0.00086	0.00428	2.58	97753	418	487753	4820459	49.31
1986	35-39	0.00117	0.00584	2.51	97335	568	485263	4332707	44.51
1986	40-44	0.00205	0.01021	2.7	96767	988	481563	3847444	39.76
1986	45-49	0.00327	0.01621	2.6	95779	1553	475166	3365881	35.14
1986	50-54	0.00488	0.02414	2.63	94226	2275	465738	2890715	30.68
1986	55-59	0.00715	0.03517	2.73	91951	3233	452400	2424978	26.37
1986	60-64	0.01175	0.05714	2.6	88717	5070	431425	1972578	22.23
1986	65-69	0.01692	0.08121	2.54	83648	6793	401526	1541152	18.42
1986	70-74	0.02618	0.12337	2.66	76854	9481	362121	1139626	14.83
1986	75-79	0.04182	0.19013	2.62	67373	12810	306325	777505	11.54
1986	80-84	0.07152	0.30479	2.58	54563	16630	232522	471180	8.64
1986	85-89	0.11921	0.45816	2.48	37933	17379	145790	238658	6.29
1986	90-94	0.19060	0.62763	2.28	20554	12900	67680	92868	4.52
1986	95-99	0.28207	0.77376	2.08	7654	5922	20995	25188	3.29
1986	100-104	0.40056	0.88244	1.83	1732	1528	3815	4193	2.42
1986	105-109	0.53210	0.94354	1.58	204	192	361	379	1.86
1986	110+	0.63984	1.00000	1.56	11	11	18	18	1.56
1987	0	0.00999	0.00990	0.08	100000	990	99090	7781281	77.81
1987	1-4	0.00038	0.00150	1.28	99010	148	395637	7682191	77.59
1987	5-9	0.00015	0.00073	2.42	98862	72	494122	7286553	73.70
1987	10-14	0.00023	0.00117	2.79	98789	116	493691	6792431	68.76
1987	15-19	0.00063	0.00313	2.81	98674	309	492692	6298740	63.83
1987	20-24	0.00059	0.00295	2.5	98365	290	491097	5806048	59.03
1987	25-29	0.00076	0.00377	2.63	98075	370	489497	5314951	54.19
1987	30-34	0.00093	0.00465	2.61	97705	455	487438	4825454	49.39
1987	35-39	0.00129	0.00642	2.72	97250	624	484827	4338016	44.61
1987	40-44	0.00177	0.00879	2.77	96626	850	481230	3853188	39.88
1987	45-49	0.00284	0.01413	2.63	95776	1353	475669	3371958	35.21
1987	50-54	0.00526	0.02599	2.68	94423	2454	466428	2896289	30.67
1987	55-59	0.00746	0.03666	2.6	91969	3371	451744	2429860	26.42
1987	60-64	0.01096	0.05340	2.62	88598	4731	431736	1978117	22.33
1987	65-69	0.01704	0.08181	2.57	83867	6861	402678	1546380	18.44
1987	70-74	0.02613	0.12313	2.67	77006	9482	362949	1143702	14.85
1987	75-79	0.04250	0.19314	2.64	67524	13042	306861	780753	11.56
1987	80-84	0.06808	0.29162	2.54	54482	15888	233382	473892	8.70
1987	85-89	0.11883	0.45726	2.48	38594	17648	148510	240510	6.23
1987	90-94	0.19713	0.64380	2.31	20947	13485	68409	92000	4.39
1987	95-99	0.29487	0.79017	2.06	7461	5896	19994	23591	3.16
1987	100-104	0.42392	0.89763	1.79	1566	1405	3315	3597	2.30
1987	105-109	0.56473	0.95344	1.53	160	153	271	282	1.76
1987	110+	0.67779	1.00000	1.48	7	7	11	11	1.48
1988	0	0.01017	0.01007	0.08	100000	1007	99075	7777262	77.77
1988	1-4	0.00035	0.00141	1.76	98993	140	395658	7678187	77.56
1988	5-9	0.00017	0.00087	2.45	98853	86	494044	7282529	73.67
1988	10-14	0.00023	0.00114	2.27	98767	112	493526	6788484	68.73
1988	15-19	0.00056	0.00281	2.77	98654	277	492652	6294958	63.81
1988	20-24	0.00054	0.00268	2.53	98377	263	491234	5802306	58.98
1988	25-29	0.00080	0.00399	2.61	98114	392	489633	5311072	54.13
1988	30-34	0.00083	0.00416	2.52	97722	407	487604	4821439	49.34
1988	35-39	0.00111	0.00554	2.77	97316	539	485377	4333835	44.53
1988	40-44	0.00194	0.00964	2.75	96776	933	481787	3848458	39.77
1988	45-49	0.00286	0.01420	2.76	95844	1361	476167	3366670	35.13
1988	50-54	0.00483	0.02387	2.63	94483	2256	467073	2890503	30.59
1988	55-59	0.00764	0.03753	2.64	92228	3461	452972	2423430	26.28
1988	60-64	0.01178	0.05727	2.61	88766	5084	431668	1970458	22.20
1988	65-69	0.01733	0.08320	2.6	83683	6962	401689	1538790	18.39
1988	70-74	0.02617	0.12312	2.6	76721	9446	360932	1137100	14.82
1988	75-79	0.04227	0.19180	2.59	67275	12903	305262	776168	11.54
1988	80-84	0.06970	0.29807	2.57	54371	16206	232524	470906	8.66
1988	85-89	0.11657	0.44986	2.46	38165	17169	147281	238382	6.25
1988	90-94	0.19932	0.64556	2.27	20996	13554	68002	91101	4.34
1988	95-99	0.30117	0.79760	2.05	7442	5936	19708	23100	3.10
1988	100-104	0.43320	0.90300	1.77	1506	1360	3140	3392	2.25
1988	105-109	0.57604	0.95641	1.51	146	140	243	252	1.72
1988	110+	0.68979	1.00000	1.45	6	6	9	9	1.45
1989	0	0.00963	0.00955	0.08	100000	955	99121	7824871	78.25
1989	1-4	0.00034	0.00136	1.73	99045	135	395875	7725750	78.00
1989	5-9	0.00021	0.00103	2.15	98911	102	494262	7329875	74.11
1989	10-14	0.00015	0.00073	2.73	98809	73	493879	6835613	69.18
1989	15-19	0.00053	0.00264	2.61	98736	260	493058	6341733	64.23
1989	20-24	0.00048	0.00241	2.57	98476	238	491801	5848675	59.39
1989	25-29	0.00070	0.00348	2.61	98238	342	490375	5356874	54.53
1989	30-34	0.00090	0.00450	2.48	97896	441	488369	4866499	49.71
1989	35-39	0.00121	0.00604	2.73	97455	589	485939	4378130	44.92
1989	40-44	0.00177	0.00882	2.78	96866	854	482439	3892191	40.18
1989	45-49	0.00264	0.01311	2.79	96012	1258	477278	3409752	35.51
1989	50-54	0.00459	0.02270	2.79	94754	2151	469009	2932475	30.95
1989	55-59	0.00716	0.03520	2.68	92603	3259	455442	2463465	26.60
1989	60-64	0.01134	0.05524	2.65	89344	4935	435098	2008023	22.48
1989	65-69	0.01669	0.08024	2.62	84409	6773	405904	1572924	18.63
1989	70-74	0.02565	0.12071	2.57	77636	9372	365360	1167020	15.03
1989	75-79	0.04112	0.18744	2.65	68264	12795	311189	801661	11.74
1989	80-84	0.06801	0.29238	2.6	55469	16218	238471	490472	8.84
1989	85-89	0.11182	0.43658	2.49	39251	17136	153250	252001	6.42
1989	90-94	0.19164	0.63173	2.3	22115	13970	72898	98750	4.47
1989	95-99	0.29329	0.78857	2.07	8144	6422	21898	25853	3.17
1989	100-104	0.42390	0.89781	1.79	1722	1546	3647	3955	2.30
1989	105-109	0.56657	0.95403	1.52	176	168	296	308	1.75
1989	110+	0.68100	1.00000	1.47	8	8	12	12	1.47
1990	0	0.00997	0.00988	0.08	100000	988	99092	7801657	78.02
1990	1-4	0.00047	0.00188	1.5	99012	186	395583	7702565	77.79
1990	5-9	0.00021	0.00106	2.56	98826	105	493875	7306982	73.94
1990	10-14	0.00021	0.00103	2.8	98721	102	493382	6813107	69.01
1990	15-19	0.00056	0.00282	2.71	98619	278	492462	6319725	64.08
1990	20-24	0.00055	0.00274	2.41	98342	269	491010	5827263	59.26
1990	25-29	0.00076	0.00377	2.33	98072	370	489376	5336253	54.41
1990	30-34	0.00089	0.00446	2.56	97702	436	487447	4846877	49.61
1990	35-39	0.00125	0.00624	2.64	97267	607	484899	4359430	44.82
1990	40-44	0.00183	0.00913	2.78	96660	883	481338	3874531	40.08
1990	45-49	0.00296	0.01470	2.7	95777	1408	475646	3393192	35.43
1990	50-54	0.00472	0.02332	2.6	94369	2201	466570	2917547	30.92
1990	55-59	0.00742	0.03645	2.64	92168	3360	452896	2450977	26.59
1990	60-64	0.01145	0.05571	2.57	88808	4947	432016	1998080	22.50
1990	65-69	0.01687	0.08105	2.59	83861	6797	402919	1566064	18.67
1990	70-74	0.02574	0.12133	2.64	77064	9351	363293	1163146	15.09
1990	75-79	0.04127	0.18805	2.64	67714	12734	308528	799853	11.81
1990	80-84	0.06651	0.28640	2.58	54980	15746	236733	491325	8.94
1990	85-89	0.11332	0.43807	2.41	39234	17187	151678	254592	6.49
1990	90-94	0.18200	0.60882	2.28	22047	13423	73750	102914	4.67
1990	95-99	0.27287	0.76229	2.11	8624	6574	24092	29164	3.38
1990	100-104	0.39122	0.87636	1.85	2050	1797	4592	5071	2.47
1990	105-109	0.52399	0.94105	1.6	253	239	455	479	1.89
1990	110+	0.63335	1.00000	1.58	15	15	24	24	1.58
1991	0	0.00889	0.00882	0.08	100000	882	99187	7826732	78.27
1991	1-4	0.00048	0.00193	1.66	99118	191	396027	7727545	77.96
1991	5-9	0.00024	0.00121	2.29	98927	120	494311	7331518	74.11
1991	10-14	0.00015	0.00077	2.33	98807	76	493835	6837207	69.20
1991	15-19	0.00046	0.00231	2.49	98732	228	493087	6343372	64.25
1991	20-24	0.00060	0.00298	2.44	98504	294	491764	5850286	59.39
1991	25-29	0.00073	0.00362	2.45	98210	356	490142	5358521	54.56
1991	30-34	0.00090	0.00451	2.52	97854	441	488175	4868380	49.75
1991	35-39	0.00140	0.00699	2.58	97413	680	485419	4380204	44.97
1991	40-44	0.00174	0.00865	2.68	96732	837	481719	3894785	40.26
1991	45-49	0.00287	0.01428	2.63	95896	1369	476230	3413066	35.59
1991	50-54	0.00451	0.02230	2.62	94527	2108	467624	2936836	31.07
1991	55-59	0.00726	0.03570	2.64	92419	3299	454295	2469212	26.72
1991	60-64	0.01144	0.05569	2.65	89120	4963	433956	2014918	22.61
1991	65-69	0.01658	0.07981	2.67	84156	6716	405156	1580962	18.79
1991	70-74	0.02547	0.12021	2.66	77440	9309	365437	1175806	15.18
1991	75-79	0.04073	0.18573	2.63	68131	12654	310660	810369	11.89
1991	80-84	0.06642	0.28626	2.59	55477	15881	239105	499709	9.01
1991	85-89	0.11119	0.43396	2.47	39596	17183	154534	260604	6.58
1991	90-94	0.17942	0.60304	2.28	22413	13516	75331	106070	4.73
1991	95-99	0.26615	0.75313	2.12	8897	6701	25176	30740	3.46
1991	100-104	0.38121	0.86906	1.87	2196	1909	5007	5563	2.53
1991	105-109	0.51134	0.93658	1.62	288	269	527	556	1.93
1991	110+	0.61922	1.00000	1.61	18	18	29	29	1.61
1992	0	0.00832	0.00826	0.08	100000	826	99237	7845189	78.45
1992	1-4	0.00051	0.00202	1.56	99174	200	396207	7745952	78.10
1992	5-9	0.00018	0.00091	2.04	98974	90	494603	7349745	74.26
1992	10-14	0.00021	0.00107	2.98	98884	106	494207	6855142	69.32
1992	15-19	0.00057	0.00285	2.7	98778	282	493243	6360935	64.40
1992	20-24	0.00051	0.00256	2.55	98497	253	491865	5867692	59.57
1992	25-29	0.00073	0.00366	2.4	98244	359	490285	5375827	54.72
1992	30-34	0.00100	0.00499	2.64	97885	489	488271	4885542	49.91
1992	35-39	0.00123	0.00616	2.72	97396	600	485610	4397271	45.15
1992	40-44	0.00171	0.00850	2.59	96796	823	481996	3911661	40.41
1992	45-49	0.00291	0.01446	2.62	95974	1388	476569	3429665	35.74
1992	50-54	0.00443	0.02194	2.66	94586	2075	468078	2953096	31.22
1992	55-59	0.00736	0.03616	2.62	92511	3345	454589	2485018	26.86
1992	60-64	0.01106	0.05390	2.64	89166	4806	434478	2030429	22.77
1992	65-69	0.01687	0.08104	2.59	84360	6837	405344	1595951	18.92
1992	70-74	0.02506	0.11822	2.62	77523	9165	365762	1190607	15.36
1992	75-79	0.03888	0.17777	2.59	68358	12152	312521	824845	12.07
1992	80-84	0.06434	0.27768	2.54	56207	15607	242591	512324	9.12
1992	85-89	0.11059	0.43239	2.48	40599	17555	158738	269733	6.64
1992	90-94	0.17399	0.59495	2.34	23045	13710	78801	110996	4.82
1992	95-99	0.26643	0.75379	2.12	9334	7036	26408	32194	3.45
1992	100-104	0.38365	0.87106	1.87	2298	2002	5218	5786	2.52
1992	105-109	0.51616	0.93842	1.61	296	278	539	568	1.92
1992	110+	0.62582	1.00000	1.6	18	18	29	29	1.60
1993	0	0.00824	0.00817	0.08	100000	817	99245	7793291	77.93
1993	1-4	0.00042	0.00167	1.41	99183	166	396302	7694047	77.57
1993	5-9	0.00022	0.00109	2.34	99017	108	494797	7297745	73.70
1993	10-14	0.00019	0.00093	2.89	98909	92	494350	6802948	68.78
1993	15-19	0.00055	0.00277	2.64	98817	274	493440	6308597	63.84
1993	20-24	0.00072	0.00361	2.59	98543	356	491859	5815157	59.01
1993	25-29	0.00076	0.00379	2.58	98188	372	490039	5323299	54.22
1993	30-34	0.00103	0.00514	2.6	97816	502	487875	4833260	49.41
1993	35-39	0.00139	0.00690	2.61	97313	672	484962	4345385	44.65
1993	40-44	0.00181	0.00899	2.53	96642	869	481063	3860424	39.95
1993	45-49	0.00311	0.01546	2.88	95773	1481	475717	3379360	35.29
1993	50-54	0.00455	0.02250	2.74	94292	2121	466656	2903643	30.79
1993	55-59	0.00768	0.03775	2.72	92170	3480	452914	2436987	26.44
1993	60-64	0.01173	0.05706	2.59	88690	5061	431253	1984073	22.37
1993	65-69	0.01738	0.08345	2.63	83630	6979	401587	1552819	18.57
1993	70-74	0.02624	0.12355	2.64	76651	9470	360948	1151232	15.02
1993	75-79	0.04077	0.18590	2.63	67181	12489	306320	790285	11.76
1993	80-84	0.06830	0.29255	2.55	54692	16000	234260	483965	8.85
1993	85-89	0.11533	0.44786	2.51	38692	17329	150258	249705	6.45
1993	90-94	0.18127	0.60985	2.32	21364	13029	71873	99447	4.65
1993	95-99	0.27994	0.77153	2.09	8335	6431	22972	27574	3.31
1993	100-104	0.40128	0.88327	1.83	1904	1682	4192	4602	2.42
1993	105-109	0.53625	0.94506	1.57	222	210	392	411	1.85
1993	110+	0.64663	1.00000	1.55	12	12	19	19	1.55
1994	0	0.00901	0.00894	0.08	100000	894	99176	7777114	77.77
1994	1-4	0.00055	0.00222	1.61	99106	220	395900	7677938	77.47
1994	5-9	0.00018	0.00092	2.48	98887	91	494204	7282038	73.64
1994	10-14	0.00024	0.00119	2.97	98796	118	493739	6787834	68.71
1994	15-19	0.00060	0.00301	2.88	98678	297	492760	6294094	63.78
1994	20-24	0.00068	0.00337	2.72	98381	332	491149	5801335	58.97
1994	25-29	0.00071	0.00355	2.5	98050	349	489376	5310186	54.16
1994	30-34	0.00098	0.00489	2.53	97701	477	487325	4820810	49.34
1994	35-39	0.00145	0.00723	2.71	97224	703	484509	4333485	44.57
1994	40-44	0.00182	0.00908	2.58	96521	876	480482	3848975	39.88
1994	45-49	0.00290	0.01441	2.63	95644	1378	474962	3368494	35.22
1994	50-54	0.00451	0.02231	2.75	94266	2103	466591	2893532	30.70
1994	55-59	0.00734	0.03608	2.71	92163	3325	453207	2426940	26.33
1994	60-64	0.01165	0.05670	2.62	88838	5037	432218	1973733	22.22
1994	65-69	0.01733	0.08326	2.65	83801	6977	402586	1541515	18.39
1994	70-74	0.02730	0.12809	2.6	76824	9841	360489	1138929	14.83
1994	75-79	0.04076	0.18579	2.62	66983	12445	305317	778439	11.62
1994	80-84	0.07007	0.29909	2.56	54538	16312	232812	473122	8.68
1994	85-89	0.11752	0.45235	2.46	38226	17292	147140	240310	6.29
1994	90-94	0.19384	0.64015	2.35	20935	13401	69137	93170	4.45
1994	95-99	0.29200	0.78651	2.07	7533	5925	20291	24034	3.19
1994	100-104	0.41815	0.89403	1.8	1608	1438	3438	3742	2.33
1994	105-109	0.55639	0.95108	1.54	170	162	291	304	1.78
1994	110+	0.66802	1.00000	1.5	8	8	12	12	1.50
1995	0	0.00811	0.00805	0.08	100000	805	99256	7797994	77.98
1995	1-4	0.00038	0.00151	1.62	99195	150	396424	7698738	77.61
1995	5-9	0.00021	0.00106	2	99045	105	494910	7302314	73.73
1995	10-14	0.00026	0.00132	2.69	98940	131	494398	6807403	68.80
1995	15-19	0.00052	0.00258	2.59	98809	255	493430	6313005	63.89
1995	20-24	0.00047	0.00237	2.73	98554	233	492240	5819575	59.05
1995	25-29	0.00077	0.00386	2.65	98321	379	490712	5327335	54.18
1995	30-34	0.00095	0.00474	2.7	97941	465	488639	4836623	49.38
1995	35-39	0.00133	0.00665	2.63	97477	648	485846	4347983	44.61
1995	40-44	0.00195	0.00969	2.61	96829	939	481896	3862137	39.89
1995	45-49	0.00300	0.01491	2.68	95890	1429	476132	3380241	35.25
1995	50-54	0.00462	0.02286	2.65	94461	2159	467226	2904109	30.74
1995	55-59	0.00734	0.03609	2.69	92301	3331	453799	2436883	26.40
1995	60-64	0.01182	0.05751	2.64	88970	5117	432769	1983084	22.29
1995	65-69	0.01703	0.08181	2.61	83854	6860	402839	1550316	18.49
1995	70-74	0.02633	0.12372	2.56	76994	9526	361741	1147477	14.90
1995	75-79	0.04165	0.18915	2.58	67468	12761	306426	785736	11.65
1995	80-84	0.06810	0.29208	2.57	54707	15979	234636	479310	8.76
1995	85-89	0.11664	0.44979	2.46	38728	17419	149337	244674	6.32
1995	90-94	0.19133	0.63245	2.32	21309	13477	70435	95337	4.47
1995	95-99	0.29292	0.78791	2.07	7832	6171	21067	24902	3.18
1995	100-104	0.42168	0.89635	1.79	1661	1489	3531	3835	2.31
1995	105-109	0.56249	0.95286	1.53	172	164	292	304	1.76
1995	110+	0.67575	1.00000	1.48	8	8	12	12	1.48
1996	0	0.00758	0.00753	0.07	100000	753	99303	7807672	78.08
1996	1-4	0.00039	0.00158	1.62	99247	157	396617	7708368	77.67
1996	5-9	0.00016	0.00079	1.94	99091	78	495215	7311752	73.79
1996	10-14	0.00021	0.00104	3.09	99013	103	494867	6816536	68.84
1996	15-19	0.00049	0.00244	2.62	98910	241	493974	6321669	63.91
1996	20-24	0.00064	0.00322	2.41	98669	317	492521	5827695	59.06
1996	25-29	0.00072	0.00357	2.82	98351	352	490991	5335174	54.25
1996	30-34	0.00102	0.00509	2.61	98000	499	488807	4844183	49.43
1996	35-39	0.00146	0.00725	2.69	97501	707	485873	4355376	44.67
1996	40-44	0.00182	0.00907	2.56	96794	878	481826	3869503	39.98
1996	45-49	0.00290	0.01439	2.69	95916	1381	476398	3387677	35.32
1996	50-54	0.00467	0.02311	2.61	94536	2185	467465	2911280	30.80
1996	55-59	0.00730	0.03587	2.69	92351	3313	454110	2443815	26.46
1996	60-64	0.01135	0.05529	2.65	89038	4923	433614	1989705	22.35
1996	65-69	0.01688	0.08118	2.66	84116	6829	404586	1556091	18.50
1996	70-74	0.02745	0.12881	2.62	77287	9956	362697	1151505	14.90
1996	75-79	0.04144	0.18826	2.58	67331	12676	305919	788808	11.72
1996	80-84	0.06746	0.28985	2.57	54655	15842	234821	482889	8.84
1996	85-89	0.11257	0.43840	2.48	38813	17016	151161	248068	6.39
1996	90-94	0.19360	0.63411	2.28	21798	13822	71395	96907	4.45
1996	95-99	0.29075	0.78543	2.07	7976	6264	21545	25512	3.20
1996	100-104	0.41971	0.89526	1.8	1711	1532	3650	3967	2.32
1996	105-109	0.56109	0.95253	1.53	179	171	304	317	1.77
1996	110+	0.67492	1.00000	1.48	9	9	13	13	1.48
1997	0	0.00799	0.00794	0.08	100000	794	99266	7796576	77.97
1997	1-4	0.00033	0.00134	1.25	99206	133	396462	7697310	77.59
1997	5-9	0.00017	0.00083	2.35	99074	82	495152	7300848	73.69
1997	10-14	0.00025	0.00125	2.67	98992	124	494670	6805696	68.75
1997	15-19	0.00043	0.00215	2.75	98868	213	493860	6311026	63.83
1997	20-24	0.00048	0.00242	2.42	98655	238	492659	5817166	58.96
1997	25-29	0.00062	0.00308	2.59	98417	303	491354	5324507	54.10
1997	30-34	0.00092	0.00459	2.68	98114	450	489523	4833153	49.26
1997	35-39	0.00148	0.00738	2.64	97663	721	486614	4343630	44.48
1997	40-44	0.00211	0.01050	2.59	96942	1018	482257	3857017	39.79
1997	45-49	0.00308	0.01530	2.63	95925	1468	476152	3374760	35.18
1997	50-54	0.00466	0.02304	2.71	94457	2177	467307	2898608	30.69
1997	55-59	0.00733	0.03605	2.71	92281	3327	453795	2431301	26.35
1997	60-64	0.01189	0.05785	2.7	88954	5146	432939	1977506	22.23
1997	65-69	0.01708	0.08206	2.6	83808	6877	402536	1544567	18.43
1997	70-74	0.02709	0.12726	2.62	76931	9790	361338	1142031	14.84
1997	75-79	0.04184	0.19038	2.64	67140	12782	305474	780693	11.63
1997	80-84	0.06699	0.28781	2.55	54358	15645	233537	475220	8.74
1997	85-89	0.11819	0.45352	2.44	38713	17557	148549	241682	6.24
1997	90-94	0.19559	0.63731	2.27	21156	13483	68933	93133	4.40
1997	95-99	0.29562	0.79119	2.06	7673	6071	20536	24200	3.15
1997	100-104	0.42599	0.89893	1.79	1602	1440	3381	3664	2.29
1997	105-109	0.56804	0.95437	1.52	162	155	272	283	1.75
1997	110+	0.68183	1.00000	1.47	7	7	11	11	1.47
1998	0	0.00829	0.00823	0.08	100000	823	99240	7790162	77.90
1998	1-4	0.00041	0.00163	1.59	99177	162	396318	7690922	77.55
1998	5-9	0.00020	0.00100	2.63	99015	99	494841	7294604	73.67
1998	10-14	0.00020	0.00100	2.8	98916	99	494364	6799763	68.74
1998	15-19	0.00050	0.00248	2.84	98817	245	493558	6305398	63.81
1998	20-24	0.00064	0.00319	2.51	98572	315	492075	5811840	58.96
1998	25-29	0.00069	0.00346	2.73	98257	340	490516	5319765	54.14
1998	30-34	0.00097	0.00484	2.82	97918	474	488556	4829249	49.32
1998	35-39	0.00133	0.00664	2.55	97444	647	485636	4340693	44.55
1998	40-44	0.00204	0.01016	2.75	96797	984	481766	3855057	39.83
1998	45-49	0.00289	0.01435	2.73	95813	1375	475945	3373291	35.21
1998	50-54	0.00458	0.02268	2.74	94438	2142	467359	2897346	30.68
1998	55-59	0.00732	0.03596	2.63	92297	3319	453607	2429987	26.33
1998	60-64	0.01157	0.05631	2.61	88978	5010	432937	1976379	22.21
1998	65-69	0.01707	0.08203	2.63	83968	6888	403509	1543443	18.38
1998	70-74	0.02750	0.12901	2.61	77080	9944	361598	1139933	14.79
1998	75-79	0.04210	0.19151	2.64	67136	12857	305393	778336	11.59
1998	80-84	0.06911	0.29621	2.59	54279	16078	232655	472942	8.71
1998	85-89	0.11744	0.45253	2.47	38201	17287	147203	240288	6.29
1998	90-94	0.19192	0.63287	2.31	20914	13236	68965	93085	4.45
1998	95-99	0.29703	0.79280	2.06	7678	6087	20494	24120	3.14
1998	100-104	0.42751	0.89978	1.78	1591	1431	3348	3626	2.28
1998	105-109	0.56945	0.95472	1.52	159	152	267	278	1.74
1998	110+	0.68303	1.00000	1.46	7	7	11	11	1.46
1999	0	0.00741	0.00736	0.07	100000	736	99319	7802022	78.02
1999	1-4	0.00036	0.00144	1.72	99264	143	396730	7702703	77.60
1999	5-9	0.00018	0.00091	2.47	99121	91	495375	7305973	73.71
1999	10-14	0.00027	0.00133	2.83	99030	131	494866	6810598	68.77
1999	15-19	0.00053	0.00263	2.7	98899	260	493895	6315731	63.86
1999	20-24	0.00066	0.00327	2.47	98638	323	492376	5821836	59.02
1999	25-29	0.00067	0.00335	2.64	98316	329	490800	5329460	54.21
1999	30-34	0.00102	0.00507	2.63	97986	497	488757	4838659	49.38
1999	35-39	0.00145	0.00720	2.65	97490	702	485796	4349902	44.62
1999	40-44	0.00205	0.01019	2.7	96788	986	481669	3864106	39.92
1999	45-49	0.00305	0.01512	2.71	95802	1449	475686	3382437	35.31
1999	50-54	0.00448	0.02216	2.71	94353	2091	466976	2906752	30.81
1999	55-59	0.00727	0.03575	2.74	92262	3299	453871	2439776	26.44
1999	60-64	0.01060	0.05169	2.64	88963	4599	433981	1985904	22.32
1999	65-69	0.01712	0.08222	2.61	84365	6936	405231	1551924	18.40
1999	70-74	0.02590	0.12210	2.66	77428	9454	365035	1146693	14.81
1999	75-79	0.04242	0.19288	2.65	67974	13111	309056	781658	11.50
1999	80-84	0.06855	0.29392	2.58	54863	16126	235248	472602	8.61
1999	85-89	0.12262	0.46902	2.49	38738	18169	148167	237354	6.13
1999	90-94	0.19737	0.64313	2.29	20569	13229	67025	89187	4.34
1999	95-99	0.31079	0.80859	2.03	7340	5935	19098	22162	3.02
1999	100-104	0.44829	0.91124	1.74	1405	1280	2856	3064	2.18
1999	105-109	0.59500	0.96099	1.48	125	120	201	208	1.67
1999	110+	0.71007	1.00000	1.41	5	5	7	7	1.41
2000	0	0.00837	0.00831	0.08	100000	831	99233	7773341	77.73
2000	1-4	0.00035	0.00140	1.58	99169	139	396340	7674108	77.38
2000	5-9	0.00018	0.00088	2.73	99030	87	494953	7277768	73.49
2000	10-14	0.00023	0.00115	2.98	98943	114	494484	6782815	68.55
2000	15-19	0.00053	0.00264	2.74	98829	261	493555	6288331	63.63
2000	20-24	0.00065	0.00324	2.56	98568	320	492059	5794776	58.79
2000	25-29	0.00081	0.00402	2.64	98248	395	490309	5302717	53.97
2000	30-34	0.00094	0.00467	2.75	97853	457	488240	4812408	49.18
2000	35-39	0.00132	0.00658	2.63	97396	641	485460	4324168	44.40
2000	40-44	0.00207	0.01032	2.51	96755	999	481290	3838708	39.67
2000	45-49	0.00292	0.01449	2.65	95757	1387	475524	3357418	35.06
2000	50-54	0.00445	0.02200	2.62	94369	2076	466911	2881894	30.54
2000	55-59	0.00726	0.03570	2.66	92293	3295	453741	2414983	26.17
2000	60-64	0.01173	0.05711	2.67	88998	5083	433129	1961242	22.04
2000	65-69	0.01783	0.08552	2.63	83916	7177	402602	1528114	18.21
2000	70-74	0.02720	0.12782	2.64	76739	9809	360582	1125511	14.67
2000	75-79	0.04285	0.19430	2.61	66930	13004	303510	764930	11.43
2000	80-84	0.07049	0.30074	2.56	53926	16217	230079	461420	8.56
2000	85-89	0.12034	0.46323	2.52	37709	17468	145158	231341	6.13
2000	90-94	0.20259	0.65256	2.27	20241	13208	65199	86183	4.26
2000	95-99	0.31504	0.81315	2.03	7033	5719	18152	20984	2.98
2000	100-104	0.45398	0.91410	1.73	1314	1201	2646	2832	2.16
2000	105-109	0.60136	0.96239	1.47	113	109	181	187	1.65
2000	110+	0.71633	1.00000	1.4	4	4	6	6	1.40
2001	0	0.00856	0.00849	0.08	100000	849	99216	7785183	77.85
2001	1-4	0.00031	0.00125	1.66	99151	124	396313	7685966	77.52
2001	5-9	0.00011	0.00055	2.71	99027	55	495010	7289653	73.61
2001	10-14	0.00017	0.00087	2.53	98972	86	494650	6794643	68.65
2001	15-19	0.00047	0.00237	2.86	98887	234	493931	6299993	63.71
2001	20-24	0.00063	0.00314	2.77	98652	310	492570	5806063	58.85
2001	25-29	0.00072	0.00358	2.57	98342	352	490854	5313492	54.03
2001	30-34	0.00095	0.00475	2.66	97990	466	488862	4822638	49.22
2001	35-39	0.00158	0.00786	2.79	97525	766	485933	4333776	44.44
2001	40-44	0.00229	0.01140	2.65	96759	1103	481206	3847843	39.77
2001	45-49	0.00325	0.01615	2.6	95656	1545	474568	3366637	35.20
2001	50-54	0.00493	0.02439	2.71	94111	2295	465293	2892069	30.73
2001	55-59	0.00722	0.03553	2.75	91816	3262	451752	2426776	26.43
2001	60-64	0.01032	0.05033	2.55	88554	4457	431848	1975024	22.30
2001	65-69	0.01714	0.08232	2.62	84097	6923	404001	1543176	18.35
2001	70-74	0.02583	0.12174	2.64	77174	9395	363723	1139175	14.76
2001	75-79	0.04194	0.19072	2.63	67778	12927	308213	775452	11.44
2001	80-84	0.07021	0.30042	2.6	54851	16478	234712	467239	8.52
2001	85-89	0.12169	0.46694	2.51	38373	17918	147247	232527	6.06
2001	90-94	0.20931	0.66620	2.27	20455	13627	65104	85280	4.17
2001	95-99	0.31858	0.81692	2.02	6828	5578	17509	20176	2.95
2001	100-104	0.45909	0.91662	1.72	1250	1146	2496	2666	2.13
2001	105-109	0.60738	0.96368	1.46	104	100	165	171	1.64
2001	110+	0.72245	1.00000	1.38	4	4	5	5	1.38
2002	0	0.00839	0.00832	0.08	100000	832	99232	7767406	77.67
2002	1-4	0.00027	0.00107	1.44	99168	106	396400	7668175	77.33
2002	5-9	0.00016	0.00082	2.77	99062	81	495128	7271775	73.41
2002	10-14	0.00021	0.00105	2.22	98981	104	494614	6776647	68.46
2002	15-19	0.00056	0.00279	2.87	98877	276	493795	6282032	63.53
2002	20-24	0.00063	0.00316	2.45	98601	311	492209	5788237	58.70
2002	25-29	0.00074	0.00367	2.6	98289	361	490579	5296028	53.88
2002	30-34	0.00108	0.00538	2.77	97928	527	488463	4805449	49.07
2002	35-39	0.00184	0.00918	2.67	97401	894	484919	4316986	44.32
2002	40-44	0.00236	0.01175	2.66	96507	1134	479885	3832067	39.71
2002	45-49	0.00335	0.01661	2.57	95373	1585	473012	3352182	35.15
2002	50-54	0.00467	0.02308	2.68	93789	2165	463913	2879170	30.70
2002	55-59	0.00718	0.03534	2.75	91624	3238	450819	2415257	26.36
2002	60-64	0.01098	0.05352	2.62	88386	4730	430684	1964438	22.23
2002	65-69	0.01682	0.08086	2.63	83656	6764	402275	1533755	18.33
2002	70-74	0.02627	0.12368	2.63	76891	9510	361933	1131479	14.72
2002	75-79	0.04267	0.19327	2.56	67382	13023	305184	769547	11.42
2002	80-84	0.06962	0.29851	2.61	54359	16226	233072	464363	8.54
2002	85-89	0.12365	0.47211	2.5	38132	18003	145589	231291	6.07
2002	90-94	0.20102	0.65226	2.31	20130	13130	65317	85702	4.26
2002	95-99	0.32377	0.82251	2.01	7000	5757	17782	20386	2.91
2002	100-104	0.46791	0.92091	1.71	1242	1144	2445	2603	2.10
2002	105-109	0.61873	0.96604	1.44	98	95	153	158	1.61
2002	110+	0.73451	1.00000	1.36	3	3	5	5	1.36
2003	0	0.00797	0.00791	0.08	100000	791	99269	7769293	77.69
2003	1-4	0.00026	0.00106	1.56	99209	105	396581	7670024	77.31
2003	5-9	0.00017	0.00083	1.88	99104	82	495265	7273443	73.39
2003	10-14	0.00019	0.00097	2.88	99022	96	494908	6778178	68.45
2003	15-19	0.00046	0.00232	2.55	98926	230	494069	6283270	63.51
2003	20-24	0.00068	0.00339	2.45	98697	335	492631	5789202	58.66
2003	25-29	0.00079	0.00394	2.6	98362	388	490880	5296571	53.85
2003	30-34	0.00116	0.00577	2.75	97974	565	488600	4805691	49.05
2003	35-39	0.00171	0.00852	2.63	97409	830	485080	4317091	44.32
2003	40-44	0.00248	0.01232	2.64	96579	1190	480089	3832011	39.68
2003	45-49	0.00348	0.01727	2.64	95389	1647	473062	3351921	35.14
2003	50-54	0.00476	0.02355	2.66	93742	2207	463543	2878859	30.71
2003	55-59	0.00725	0.03566	2.72	91535	3264	450223	2415316	26.39
2003	60-64	0.01094	0.05333	2.67	88271	4708	430374	1965093	22.26
2003	65-69	0.01673	0.08043	2.62	83563	6721	401806	1534719	18.37
2003	70-74	0.02622	0.12332	2.59	76842	9476	361387	1132913	14.74
2003	75-79	0.04147	0.18866	2.61	67366	12710	306512	771526	11.45
2003	80-84	0.06892	0.29508	2.56	54657	16128	234008	465014	8.51
2003	85-89	0.12332	0.46959	2.46	38529	18093	146718	231006	6.00
2003	90-94	0.21052	0.66888	2.27	20436	13669	64931	84288	4.12
2003	95-99	0.33040	0.82927	2	6767	5612	16984	19357	2.86
2003	100-104	0.47802	0.92549	1.69	1155	1069	2237	2373	2.05
2003	105-109	0.63087	0.96837	1.42	86	83	132	136	1.58
2003	110+	0.74679	1.00000	1.34	3	3	4	4	1.34
2004	0	0.00761	0.00756	0.07	100000	756	99300	7816244	78.16
2004	1-4	0.00028	0.00110	1.35	99244	109	396687	7716943	77.76
2004	5-9	0.00012	0.00061	2.75	99135	61	495537	7320256	73.84
2004	10-14	0.00018	0.00089	3.04	99074	88	495198	6824719	68.89
2004	15-19	0.00058	0.00291	2.88	98986	288	494321	6329521	63.94
2004	20-24	0.00066	0.00332	2.55	98698	327	492690	5835200	59.12
2004	25-29	0.00075	0.00373	2.62	98371	367	490981	5342511	54.31
2004	30-34	0.00095	0.00472	2.75	98004	463	488976	4851529	49.50
2004	35-39	0.00150	0.00748	2.79	97541	730	486089	4362553	44.73
2004	40-44	0.00238	0.01182	2.7	96811	1144	481427	3876464	40.04
2004	45-49	0.00340	0.01688	2.61	95667	1615	474479	3395037	35.49
2004	50-54	0.00474	0.02344	2.68	94052	2205	465135	2920558	31.05
2004	55-59	0.00712	0.03503	2.69	91847	3217	451789	2455423	26.73
2004	60-64	0.01087	0.05300	2.65	88630	4697	432123	2003635	22.61
2004	65-69	0.01574	0.07585	2.61	83933	6366	404449	1571512	18.72
2004	70-74	0.02521	0.11897	2.64	77567	9228	366059	1167063	15.05
2004	75-79	0.03965	0.18116	2.62	68338	12380	312229	801004	11.72
2004	80-84	0.06766	0.29035	2.56	55958	16247	240117	488774	8.73
2004	85-89	0.11493	0.44607	2.49	39711	17714	154127	248658	6.26
2004	90-94	0.20172	0.65391	2.31	21997	14384	71305	94530	4.30
2004	95-99	0.30692	0.80455	2.04	7613	6125	19956	23225	3.05
2004	100-104	0.44475	0.90955	1.75	1488	1353	3043	3269	2.20
2004	105-109	0.59244	0.96047	1.48	135	129	218	226	1.68
2004	110+	0.70851	1.00000	1.41	5	5	8	8	1.41
2005	0	0.00796	0.00791	0.08	100000	791	99269	7811260	78.11
2005	1-4	0.00033	0.00130	1.63	99209	129	396532	7711991	77.73
2005	5-9	0.00012	0.00060	2.42	99080	60	495247	7315459	73.83
2005	10-14	0.00018	0.00091	2.83	99020	91	494906	6820212	68.88
2005	15-19	0.00049	0.00243	2.79	98930	241	494117	6325306	63.94
2005	20-24	0.00067	0.00334	2.28	98689	330	492548	5831189	59.09
2005	25-29	0.00078	0.00388	2.65	98359	381	490902	5338641	54.28
2005	30-34	0.00102	0.00509	2.49	97978	499	488638	4847739	49.48
2005	35-39	0.00165	0.00823	2.78	97479	803	485617	4359101	44.72
2005	40-44	0.00242	0.01206	2.69	96677	1166	480693	3873484	40.07
2005	45-49	0.00363	0.01798	2.64	95511	1718	473496	3392791	35.52
2005	50-54	0.00472	0.02332	2.58	93793	2187	463667	2919295	31.12
2005	55-59	0.00697	0.03430	2.66	91606	3142	450684	2455628	26.81
2005	60-64	0.01023	0.04993	2.65	88464	4417	431952	2004944	22.66
2005	65-69	0.01586	0.07647	2.68	84047	6427	405327	1572992	18.72
2005	70-74	0.02524	0.11911	2.64	77619	9246	366248	1167664	15.04
2005	75-79	0.03962	0.18120	2.64	68374	12389	312688	801416	11.72
2005	80-84	0.06637	0.28606	2.59	55985	16015	241307	488729	8.73
2005	85-89	0.11922	0.45816	2.47	39970	18313	153606	247422	6.19
2005	90-94	0.19709	0.64188	2.28	21657	13901	70534	93816	4.33
2005	95-99	0.31257	0.81094	2.03	7756	6290	20122	23282	3.00
2005	100-104	0.45401	0.91438	1.73	1466	1341	2953	3160	2.15
2005	105-109	0.60424	0.96312	1.46	126	121	200	207	1.65
2005	110+	0.72108	1.00000	1.39	5	5	6	6	1.39
2006	0	0.00847	0.00840	0.08	100000	840	99224	7836438	78.36
2006	1-4	0.00034	0.00137	1.68	99160	136	396324	7737214	78.03
2006	5-9	0.00010	0.00051	2.43	99024	51	494989	7340889	74.13
2006	10-14	0.00016	0.00079	2.52	98973	78	494671	6845900	69.17
2006	15-19	0.00052	0.00262	2.89	98895	259	493926	6351229	64.22
2006	20-24	0.00060	0.00300	2.61	98636	296	492470	5857304	59.38
2006	25-29	0.00075	0.00376	2.71	98339	370	490850	5364833	54.55
2006	30-34	0.00109	0.00546	2.65	97969	535	488592	4873983	49.75
2006	35-39	0.00155	0.00771	2.6	97435	751	485371	4385391	45.01
2006	40-44	0.00248	0.01231	2.58	96684	1190	480533	3900020	40.34
2006	45-49	0.00348	0.01726	2.6	95493	1648	473516	3419487	35.81
2006	50-54	0.00489	0.02416	2.61	93845	2267	463804	2945970	31.39
2006	55-59	0.00674	0.03317	2.64	91578	3038	450719	2482166	27.10
2006	60-64	0.01068	0.05210	2.65	88540	4613	431862	2031448	22.94
2006	65-69	0.01566	0.07545	2.6	83928	6333	404465	1599585	19.06
2006	70-74	0.02383	0.11274	2.61	77595	8748	367104	1195120	15.40
2006	75-79	0.03808	0.17478	2.66	68847	12033	316038	828016	12.03
2006	80-84	0.06316	0.27442	2.61	56814	15591	246833	511979	9.01
2006	85-89	0.11109	0.43623	2.54	41223	17983	161870	265146	6.43
2006	90-94	0.19094	0.62899	2.29	23240	14618	76558	103276	4.44
2006	95-99	0.30098	0.79843	2.06	8622	6884	22873	26718	3.10
2006	100-104	0.44112	0.90801	1.76	1738	1578	3577	3846	2.21
2006	105-109	0.59213	0.96057	1.48	160	154	259	268	1.68
2006	110+	0.71080	1.00000	1.41	6	6	9	9	1.41
2007	0	0.00734	0.00730	0.07	100000	730	99324	7873666	78.74
2007	1-4	0.00033	0.00130	1.41	99270	129	396747	7774342	78.31
2007	5-9	0.00011	0.00056	2.7	99141	55	495579	7377595	74.42
2007	10-14	0.00013	0.00064	2.65	99086	64	495279	6882017	69.46
2007	15-19	0.00047	0.00235	2.87	99022	232	494616	6386737	64.50
2007	20-24	0.00065	0.00326	2.58	98790	322	493170	5892121	59.64
2007	25-29	0.00077	0.00385	2.64	98468	379	491443	5398951	54.83
2007	30-34	0.00094	0.00471	2.48	98089	462	489277	4907509	50.03
2007	35-39	0.00138	0.00690	2.77	97626	674	486633	4418232	45.26
2007	40-44	0.00240	0.01193	2.68	96953	1156	482087	3931599	40.55
2007	45-49	0.00333	0.01651	2.56	95797	1581	475126	3449513	36.01
2007	50-54	0.00479	0.02366	2.63	94215	2229	465794	2974386	31.57
2007	55-59	0.00647	0.03183	2.61	91986	2928	452920	2508592	27.27
2007	60-64	0.00994	0.04859	2.66	89058	4328	435169	2055672	23.08
2007	65-69	0.01553	0.07484	2.59	84730	6341	408346	1620502	19.13
2007	70-74	0.02252	0.10703	2.69	78389	8390	372532	1212156	15.46
2007	75-79	0.03764	0.17255	2.59	69999	12078	320873	839624	11.99
2007	80-84	0.06258	0.27234	2.62	57921	15774	252059	518752	8.96
2007	85-89	0.11393	0.44219	2.47	42147	18637	163587	266693	6.33
2007	90-94	0.19491	0.63929	2.31	23510	15029	77110	103106	4.39
2007	95-99	0.30479	0.80276	2.05	8480	6808	22336	25996	3.07
2007	100-104	0.44638	0.91076	1.75	1673	1523	3413	3661	2.19
2007	105-109	0.59813	0.96191	1.47	149	144	240	248	1.66
2007	110+	0.71675	1.00000	1.4	6	6	8	8	1.40
2008	0	0.00780	0.00774	0.07	100000	774	99284	7851751	78.52
2008	1-4	0.00037	0.00148	1.63	99226	147	396554	7752467	78.13
2008	5-9	0.00010	0.00050	1.76	99078	49	495233	7355913	74.24
2008	10-14	0.00013	0.00064	2.96	99029	64	495017	6860680	69.28
2008	15-19	0.00039	0.00194	2.86	98966	192	494418	6365663	64.32
2008	20-24	0.00049	0.00246	2.79	98774	243	493333	5871245	59.44
2008	25-29	0.00074	0.00368	2.63	98531	363	491798	5377912	54.58
2008	30-34	0.00099	0.00492	2.61	98169	483	489689	4886114	49.77
2008	35-39	0.00147	0.00730	2.67	97686	714	486765	4396425	45.01
2008	40-44	0.00233	0.01158	2.69	96972	1123	482262	3909660	40.32
2008	45-49	0.00347	0.01721	2.69	95849	1649	475436	3427398	35.76
2008	50-54	0.00474	0.02342	2.56	94200	2206	465627	2951961	31.34
2008	55-59	0.00667	0.03280	2.6	91994	3018	452715	2486334	27.03
2008	60-64	0.01013	0.04947	2.62	88976	4402	434421	2033620	22.86
2008	65-69	0.01590	0.07661	2.64	84574	6479	407558	1599199	18.91
2008	70-74	0.02390	0.11310	2.64	78096	8833	369625	1191641	15.26
2008	75-79	0.03873	0.17729	2.62	69263	12279	317060	822016	11.87
2008	80-84	0.06437	0.27853	2.58	56983	15872	246555	504956	8.86
2008	85-89	0.11761	0.45585	2.53	41112	18741	159353	258401	6.29
2008	90-94	0.19127	0.63774	2.39	22371	14267	74590	99048	4.43
2008	95-99	0.31042	0.80891	2.04	8104	6556	21118	24458	3.02
2008	100-104	0.45346	0.91429	1.74	1549	1416	3122	3340	2.16
2008	105-109	0.60559	0.96349	1.46	133	128	211	218	1.64
2008	110+	0.72374	1.00000	1.38	5	5	7	7	1.38
2009	0	0.00689	0.00684	0.07	100000	684	99365	7889301	78.89
2009	1-4	0.00027	0.00109	1.65	99316	109	397007	7789936	78.44
2009	5-9	0.00010	0.00050	2.86	99207	49	495930	7392929	74.52
2009	10-14	0.00013	0.00064	2.74	99158	63	495645	6896999	69.56
2009	15-19	0.00045	0.00223	3.13	99094	221	495057	6401354	64.60
2009	20-24	0.00070	0.00352	2.39	98873	348	493457	5906297	59.74
2009	25-29	0.00079	0.00394	2.58	98525	388	491688	5412839	54.94
2009	30-34	0.00107	0.00536	2.6	98137	526	489426	4921152	50.15
2009	35-39	0.00149	0.00742	2.58	97611	724	486307	4431726	45.40
2009	40-44	0.00214	0.01065	2.75	96887	1032	482113	3945419	40.72
2009	45-49	0.00360	0.01785	2.61	95855	1711	475190	3463306	36.13
2009	50-54	0.00480	0.02372	2.67	94144	2233	465523	2988116	31.74
2009	55-59	0.00673	0.03314	2.62	91912	3046	452306	2522593	27.45
2009	60-64	0.00965	0.04719	2.65	88866	4194	434464	2070287	23.30
2009	65-69	0.01445	0.06992	2.68	84672	5920	409602	1635823	19.32
2009	70-74	0.02411	0.11402	2.62	78751	8979	372384	1226221	15.57
2009	75-79	0.03619	0.16669	2.63	69772	11630	321351	853837	12.24
2009	80-84	0.06211	0.27071	2.63	58142	15740	253400	532486	9.16
2009	85-89	0.10736	0.42434	2.53	42402	17993	167602	279086	6.58
2009	90-94	0.18510	0.62043	2.34	24409	15144	81816	111484	4.57
2009	95-99	0.28967	0.78503	2.08	9265	7273	25109	29669	3.20
2009	100-104	0.42516	0.89910	1.79	1992	1791	4212	4560	2.29
2009	105-109	0.57349	0.95609	1.51	201	192	335	348	1.73
2009	110+	0.69187	1.00000	1.45	9	9	13	13	1.45
2010	0	0.00712	0.00708	0.07	100000	708	99344	7883065	78.83
2010	1-4	0.00026	0.00105	1.52	99292	104	396911	7783721	78.39
2010	5-9	0.00015	0.00077	2.72	99188	76	495768	7386810	74.47
2010	10-14	0.00013	0.00066	2.48	99112	66	495396	6891041	69.53
2010	15-19	0.00035	0.00176	3.05	99047	174	494894	6395645	64.57
2010	20-24	0.00059	0.00294	2.63	98872	291	493673	5900752	59.68
2010	25-29	0.00077	0.00382	2.78	98581	377	492069	5407079	54.85
2010	30-34	0.00116	0.00578	2.68	98204	568	489705	4915010	50.05
2010	35-39	0.00146	0.00727	2.66	97636	710	486519	4425305	45.32
2010	40-44	0.00222	0.01102	2.75	96926	1068	482224	3938786	40.64
2010	45-49	0.00330	0.01636	2.65	95858	1569	475605	3456561	36.06
2010	50-54	0.00527	0.02604	2.57	94289	2455	465472	2980956	31.62
2010	55-59	0.00662	0.03257	2.58	91834	2991	451924	2515484	27.39
2010	60-64	0.00992	0.04848	2.66	88843	4307	434156	2063560	23.23
2010	65-69	0.01489	0.07200	2.7	84536	6086	408665	1629404	19.27
2010	70-74	0.02342	0.11082	2.57	78449	8693	371136	1220738	15.56
2010	75-79	0.03699	0.16999	2.62	69756	11857	320550	849603	12.18
2010	80-84	0.06103	0.26631	2.61	57898	15419	252657	529053	9.14
2010	85-89	0.10935	0.42973	2.51	42479	18255	166940	276396	6.51
2010	90-94	0.18706	0.62190	2.31	24225	15065	80536	109456	4.52
2010	95-99	0.29439	0.79084	2.07	9159	7244	24606	28920	3.16
2010	100-104	0.43280	0.90355	1.78	1916	1731	4000	4314	2.25
2010	105-109	0.58327	0.95854	1.5	185	177	304	315	1.70
2010	110+	0.70241	1.00000	1.42	8	8	11	11	1.42
2011	0	0.00681	0.00677	0.07	100000	677	99372	7897439	78.97
2011	1-4	0.00032	0.00126	1.54	99323	125	396986	7798067	78.51
2011	5-9	0.00011	0.00054	2.91	99198	54	495879	7401081	74.61
2011	10-14	0.00016	0.00078	2.63	99144	77	495539	6905202	69.65
2011	15-19	0.00030	0.00149	2.95	99067	148	495033	6409663	64.70
2011	20-24	0.00057	0.00286	2.48	98919	283	493885	5914629	59.79
2011	25-29	0.00076	0.00380	2.6	98637	375	492282	5420744	54.96
2011	30-34	0.00100	0.00500	2.62	98262	491	490139	4928462	50.16
2011	35-39	0.00142	0.00707	2.67	97771	691	487245	4438323	45.40
2011	40-44	0.00220	0.01095	2.62	97079	1063	482864	3951078	40.70
2011	45-49	0.00363	0.01802	2.61	96016	1730	475949	3468215	36.12
2011	50-54	0.00506	0.02498	2.62	94286	2355	465814	2992266	31.74
2011	55-59	0.00693	0.03409	2.56	91931	3134	452015	2526452	27.48
2011	60-64	0.00999	0.04883	2.66	88797	4336	433844	2074438	23.36
2011	65-69	0.01461	0.07067	2.67	84460	5969	408418	1640594	19.42
2011	70-74	0.02184	0.10385	2.65	78492	8152	373287	1232175	15.70
2011	75-79	0.03764	0.17291	2.65	70340	12163	323096	858888	12.21
2011	80-84	0.05852	0.25668	2.61	58177	14933	255203	535792	9.21
2011	85-89	0.10981	0.43073	2.5	43244	18626	169627	280589	6.49
2011	90-94	0.18628	0.62352	2.35	24618	15350	82400	110962	4.51
2011	95-99	0.30246	0.80077	2.06	9268	7422	24538	28562	3.08
2011	100-104	0.44818	0.91209	1.75	1847	1684	3758	4025	2.18
2011	105-109	0.60439	0.96344	1.46	162	156	259	267	1.64
2011	110+	0.72573	1.00000	1.38	6	6	8	8	1.38
2012	0	0.00668	0.00664	0.07	100000	664	99384	7888958	78.89
2012	1-4	0.00034	0.00138	1.37	99336	137	396986	7789574	78.42
2012	5-9	0.00010	0.00049	2.46	99200	49	495874	7392588	74.52
2012	10-14	0.00011	0.00053	2.59	99151	53	495627	6896713	69.56
2012	15-19	0.00035	0.00176	2.91	99098	175	495124	6401086	64.59
2012	20-24	0.00056	0.00280	2.71	98923	277	493984	5905962	59.70
2012	25-29	0.00081	0.00404	2.62	98647	399	492283	5411978	54.86
2012	30-34	0.00103	0.00515	2.55	98248	506	489999	4919695	50.07
2012	35-39	0.00156	0.00777	2.67	97742	760	486939	4429696	45.32
2012	40-44	0.00227	0.01128	2.74	96982	1094	482438	3942757	40.65
2012	45-49	0.00345	0.01711	2.69	95888	1640	475644	3460319	36.09
2012	50-54	0.00510	0.02519	2.65	94247	2374	465648	2984674	31.67
2012	55-59	0.00709	0.03483	2.58	91873	3200	451632	2519026	27.42
2012	60-64	0.00972	0.04750	2.62	88673	4212	433329	2067394	23.31
2012	65-69	0.01461	0.07069	2.71	84461	5970	408606	1634065	19.35
2012	70-74	0.02340	0.11089	2.65	78490	8704	372019	1225459	15.61
2012	75-79	0.03786	0.17367	2.62	69787	12120	320111	853440	12.23
2012	80-84	0.05887	0.25809	2.61	57667	14883	252800	533329	9.25
2012	85-89	0.10682	0.42194	2.51	42784	18052	169001	280529	6.56
2012	90-94	0.18671	0.62333	2.33	24731	15416	82565	111528	4.51
2012	95-99	0.29936	0.79720	2.07	9316	7426	24807	28963	3.11
2012	100-104	0.44380	0.90983	1.76	1889	1719	3873	4155	2.20
2012	105-109	0.59935	0.96236	1.47	170	164	274	282	1.66
2012	110+	0.72074	1.00000	1.39	6	6	9	9	1.39
2013	0	0.00610	0.00607	0.07	100000	607	99436	7892827	78.93
2013	1-4	0.00025	0.00099	1.6	99393	99	397336	7793392	78.41
2013	5-9	0.00015	0.00073	2.5	99295	73	496292	7396055	74.49
2013	10-14	0.00012	0.00060	2.49	99222	60	495959	6899763	69.54
2013	15-19	0.00029	0.00147	3	99162	145	495519	6403804	64.58
2013	20-24	0.00047	0.00234	2.51	99017	232	494506	5908285	59.67
2013	25-29	0.00083	0.00414	2.6	98785	409	492943	5413780	54.80
2013	30-34	0.00099	0.00494	2.58	98376	486	490703	4920837	50.02
2013	35-39	0.00146	0.00728	2.66	97890	713	487787	4430134	45.26
2013	40-44	0.00214	0.01065	2.62	97178	1035	483427	3942347	40.57
2013	45-49	0.00338	0.01679	2.72	96142	1615	477030	3458920	35.98
2013	50-54	0.00553	0.02729	2.66	94528	2579	466594	2981890	31.55
2013	55-59	0.00723	0.03553	2.58	91949	3267	451823	2515296	27.36
2013	60-64	0.00990	0.04838	2.65	88681	4291	433328	2063473	23.27
2013	65-69	0.01513	0.07310	2.7	84391	6169	407778	1630145	19.32
2013	70-74	0.02366	0.11212	2.66	78222	8770	370596	1222367	15.63
2013	75-79	0.03664	0.16846	2.62	69452	11700	319365	851770	12.26
2013	80-84	0.05922	0.25931	2.61	57752	14976	252895	532405	9.22
2013	85-89	0.10746	0.42359	2.5	42776	18120	168618	279510	6.53
2013	90-94	0.18776	0.62628	2.34	24657	15442	82244	110892	4.50
2013	95-99	0.29943	0.79720	2.07	9215	7346	24533	28648	3.11
2013	100-104	0.44330	0.90952	1.76	1869	1700	3834	4115	2.20
2013	105-109	0.59828	0.96210	1.47	169	163	272	281	1.66
2013	110+	0.71936	1.00000	1.39	6	6	9	9	1.39
2014	0	0.00607	0.00603	0.07	100000	603	99439	7891010	78.91
2014	1-4	0.00025	0.00099	1.47	99397	99	397338	7791571	78.39
2014	5-9	0.00013	0.00064	1.83	99298	63	496290	7394233	74.47
2014	10-14	0.00012	0.00058	3.03	99235	57	496061	6897943	69.51
2014	15-19	0.00032	0.00160	2.96	99177	159	495565	6401882	64.55
2014	20-24	0.00052	0.00258	2.46	99019	255	494448	5906317	59.65
2014	25-29	0.00073	0.00363	2.67	98764	358	492985	5411869	54.80
2014	30-34	0.00103	0.00512	2.58	98406	504	490811	4918884	49.99
2014	35-39	0.00156	0.00777	2.48	97902	761	487592	4428073	45.23
2014	40-44	0.00233	0.01160	2.66	97141	1127	483071	3940481	40.56
2014	45-49	0.00350	0.01736	2.74	96015	1667	476309	3457411	36.01
2014	50-54	0.00555	0.02738	2.63	94348	2583	465612	2981101	31.60
2014	55-59	0.00766	0.03758	2.58	91765	3449	450469	2515489	27.41
2014	60-64	0.00999	0.04880	2.63	88317	4309	431381	2065020	23.38
2014	65-69	0.01493	0.07211	2.63	84007	6058	405693	1633639	19.45
2014	70-74	0.02310	0.10951	2.63	77949	8536	369541	1227946	15.75
2014	75-79	0.03616	0.16667	2.66	69413	11569	319959	858405	12.37
2014	80-84	0.05886	0.25772	2.59	57844	14907	253264	538445	9.31
2014	85-89	0.10430	0.41455	2.53	42937	17799	170658	285181	6.64
2014	90-94	0.18483	0.62040	2.35	25137	15595	84378	114523	4.56
2014	95-99	0.29382	0.79067	2.08	9542	7545	25678	30145	3.16
2014	100-104	0.43592	0.90560	1.77	1997	1809	4150	4467	2.24
2014	105-109	0.59020	0.96031	1.49	189	181	307	317	1.68
2014	110+	0.71160	1.00000	1.41	7	7	11	11	1.41
2015	0	0.00639	0.00636	0.07	100000	636	99409	7868668	78.69
2015	1-4	0.00020	0.00079	1.76	99364	78	397282	7769258	78.19
2015	5-9	0.00014	0.00068	2.51	99286	68	496262	7371976	74.25
2015	10-14	0.00015	0.00077	3.18	99218	77	495952	6875714	69.30
2015	15-19	0.00028	0.00138	3.12	99142	137	495451	6379762	64.35
2015	20-24	0.00057	0.00283	2.83	99005	280	494415	5884311	59.43
2015	25-29	0.00087	0.00435	2.65	98725	430	492615	5389896	54.60
2015	30-34	0.00113	0.00562	2.5	98295	552	490093	4897281	49.82
2015	35-39	0.00155	0.00773	2.53	97743	756	486849	4407188	45.09
2015	40-44	0.00256	0.01273	2.74	96987	1234	482143	3920339	40.42
2015	45-49	0.00352	0.01747	2.61	95752	1672	474757	3438196	35.91
2015	50-54	0.00529	0.02614	2.61	94080	2459	464510	2963439	31.50
2015	55-59	0.00773	0.03796	2.62	91621	3478	449819	2498929	27.27
2015	60-64	0.01054	0.05142	2.67	88143	4533	430149	2049110	23.25
2015	65-69	0.01442	0.06964	2.57	83611	5823	403883	1618961	19.36
2015	70-74	0.02339	0.11080	2.63	77788	8619	368490	1215079	15.62
2015	75-79	0.03701	0.17001	2.61	69169	11759	317719	846588	12.24
2015	80-84	0.06095	0.26545	2.57	57410	15239	250039	528870	9.21
2015	85-89	0.10637	0.42052	2.51	42171	17734	166715	278830	6.61
2015	90-94	0.18285	0.61295	2.31	24437	14979	81917	112116	4.59
2015	95-99	0.29053	0.78626	2.08	9458	7437	25597	30198	3.19
2015	100-104	0.42777	0.90073	1.79	2022	1821	4257	4602	2.28
2015	105-109	0.57773	0.95721	1.51	201	192	333	345	1.72
2015	110+	0.69700	1.00000	1.43	9	9	12	12	1.43
2016	0	0.00661	0.00656	0.07	100000	656	99390	7857308	78.57
2016	1-4	0.00032	0.00128	1.72	99344	128	397083	7757918	78.09
2016	5-9	0.00014	0.00071	2.57	99216	71	495909	7360835	74.19
2016	10-14	0.00018	0.00089	2.93	99145	89	495544	6864926	69.24
2016	15-19	0.00035	0.00173	2.93	99057	172	494929	6369382	64.30
2016	20-24	0.00061	0.00307	2.65	98885	303	493713	5874453	59.41
2016	25-29	0.00082	0.00411	2.73	98582	405	491988	5380740	54.58
2016	30-34	0.00131	0.00651	2.71	98177	640	489420	4888752	49.80
2016	35-39	0.00170	0.00846	2.56	97537	825	485673	4399331	45.10
2016	40-44	0.00244	0.01214	2.67	96712	1174	480822	3913658	40.47
2016	45-49	0.00348	0.01724	2.59	95538	1647	473727	3432836	35.93
2016	50-54	0.00571	0.02818	2.66	93891	2646	463260	2959109	31.52
2016	55-59	0.00774	0.03801	2.62	91245	3468	447964	2495849	27.35
2016	60-64	0.01035	0.05050	2.62	87777	4432	428341	2047885	23.33
2016	65-69	0.01505	0.07267	2.64	83345	6057	402421	1619544	19.43
2016	70-74	0.02310	0.10963	2.68	77288	8473	366803	1217124	15.75
2016	75-79	0.03633	0.16716	2.62	68815	11503	316660	850320	12.36
2016	80-84	0.05991	0.26123	2.55	57312	14972	249908	533661	9.31
2016	85-89	0.10584	0.41919	2.52	42340	17749	167687	283753	6.70
2016	90-94	0.17599	0.59942	2.34	24592	14741	83757	116066	4.72
2016	95-99	0.28156	0.77502	2.1	9851	7635	27115	32309	3.28
2016	100-104	0.41443	0.89273	1.81	2216	1978	4774	5194	2.34
2016	105-109	0.56147	0.95297	1.53	238	227	404	420	1.77
2016	110+	0.67991	1.00000	1.47	11	11	16	16	1.47
2017	0	0.00678	0.00674	0.07	100000	674	99375	7852901	78.53
2017	1-4	0.00036	0.00145	1.58	99326	144	396957	7753527	78.06
2017	5-9	0.00012	0.00061	3.35	99182	60	495811	7356570	74.17
2017	10-14	0.00013	0.00065	2.84	99122	64	495471	6860758	69.22
2017	15-19	0.00033	0.00163	2.9	99058	161	494951	6365287	64.26
2017	20-24	0.00074	0.00368	2.49	98896	364	493570	5870336	59.36
2017	25-29	0.00095	0.00473	2.86	98533	466	491663	5376766	54.57
2017	30-34	0.00136	0.00680	2.6	98066	667	488731	4885103	49.81
2017	35-39	0.00190	0.00946	2.54	97400	922	484730	4396372	45.14
2017	40-44	0.00238	0.01185	2.7	96478	1143	479757	3911642	40.54
2017	45-49	0.00348	0.01726	2.76	95335	1645	472994	3431885	36.00
2017	50-54	0.00491	0.02428	2.57	93689	2275	462919	2958892	31.58
2017	55-59	0.00823	0.04037	2.63	91415	3690	448327	2495973	27.30
2017	60-64	0.01034	0.05044	2.55	87725	4425	427761	2047646	23.34
2017	65-69	0.01476	0.07128	2.63	83300	5938	402400	1619884	19.45
2017	70-74	0.02275	0.10805	2.68	77362	8359	367430	1217484	15.74
2017	75-79	0.03635	0.16723	2.61	69003	11540	317489	850054	12.32
2017	80-84	0.06125	0.26667	2.58	57463	15324	250192	532565	9.27
2017	85-89	0.10357	0.41207	2.52	42140	17364	167666	282373	6.70
2017	90-94	0.18170	0.61572	2.38	24775	15255	83955	114707	4.63
2017	95-99	0.28660	0.78144	2.09	9521	7440	25959	30752	3.23
2017	100-104	0.42229	0.89755	1.8	2081	1868	4423	4793	2.30
2017	105-109	0.57137	0.95561	1.52	213	204	357	370	1.74
2017	110+	0.69056	1.00000	1.45	9	9	14	14	1.45
