TN: Tennessee, Lifetables (period 5x5), Males Last modified: 3 Dec 2019, MPv5 (May07) 

Year     	Age	mx	qx	ax	lx	dx	Lx	Tx	ex
1960-1964	0	0.03338	0.03244	0.13	100000	3244	97192	6620249	66.20
1960-1964	1-4	0.00114	0.00456	1.61	96756	442	385967	6523056	67.42
1960-1964	5-9	0.00053	0.00264	2.42	96314	254	480914	6137089	63.72
1960-1964	10-14	0.00061	0.00304	2.71	96060	292	479630	5656175	58.88
1960-1964	15-19	0.00141	0.00703	2.75	95768	674	477324	5176545	54.05
1960-1964	20-24	0.00185	0.00921	2.51	95094	876	473286	4699220	49.42
1960-1964	25-29	0.00201	0.01001	2.51	94219	943	468741	4225934	44.85
1960-1964	30-34	0.00243	0.01210	2.66	93275	1129	463738	3757193	40.28
1960-1964	35-39	0.00330	0.01635	2.64	92147	1507	457182	3293455	35.74
1960-1964	40-44	0.00522	0.02578	2.68	90640	2336	447788	2836273	31.29
1960-1964	45-49	0.00806	0.03958	2.7	88303	3495	433470	2388485	27.05
1960-1964	50-54	0.01281	0.06218	2.63	84808	5273	411563	1955015	23.05
1960-1964	55-59	0.01888	0.09032	2.62	79535	7184	380587	1543452	19.41
1960-1964	60-64	0.02723	0.12793	2.64	72351	9256	339906	1162864	16.07
1960-1964	65-69	0.04054	0.18442	2.56	63095	11636	287038	822958	13.04
1960-1964	70-74	0.05825	0.25473	2.54	51459	13108	225044	535920	10.41
1960-1964	75-79	0.08397	0.34642	2.47	38351	13286	158209	310876	8.11
1960-1964	80-84	0.12773	0.48027	2.42	25066	12038	94246	152667	6.09
1960-1964	85-89	0.19759	0.64184	2.27	13027	8361	42317	58421	4.48
1960-1964	90-94	0.27038	0.75260	2.05	4666	3512	12987	16104	3.45
1960-1964	95-99	0.35687	0.84738	1.9	1154	978	2741	3116	2.70
1960-1964	100-104	0.46151	0.91413	1.7	176	161	349	375	2.13
1960-1964	105-109	0.57000	0.95295	1.51	15	14	25	26	1.74
1960-1964	110+	0.65668	1.00000	1.52	1	1	1	1	1.52
1965-1969	0	0.02850	0.02780	0.12	100000	2780	97557	6609718	66.10
1965-1969	1-4	0.00105	0.00417	1.53	97220	406	387876	6512161	66.98
1965-1969	5-9	0.00052	0.00259	2.37	96814	251	483410	6124285	63.26
1965-1969	10-14	0.00061	0.00304	2.81	96563	293	482173	5640875	58.42
1965-1969	15-19	0.00174	0.00865	2.82	96270	833	479534	5158702	53.59
1965-1969	20-24	0.00209	0.01041	2.56	95437	993	474761	4679168	49.03
1965-1969	25-29	0.00206	0.01026	2.48	94444	969	469773	4204407	44.52
1965-1969	30-34	0.00238	0.01183	2.66	93475	1106	464789	3734634	39.95
1965-1969	35-39	0.00348	0.01725	2.63	92369	1593	458073	3269845	35.40
1965-1969	40-44	0.00548	0.02707	2.7	90776	2458	448220	2811772	30.97
1965-1969	45-49	0.00827	0.04059	2.67	88318	3585	433255	2363551	26.76
1965-1969	50-54	0.01327	0.06432	2.64	84733	5450	410807	1930297	22.78
1965-1969	55-59	0.01929	0.09220	2.61	79283	7310	378965	1519489	19.17
1965-1969	60-64	0.02804	0.13143	2.61	71973	9459	337301	1140525	15.85
1965-1969	65-69	0.04152	0.18844	2.55	62514	11780	283741	803224	12.85
1965-1969	70-74	0.06095	0.26534	2.56	50734	13461	220855	519483	10.24
1965-1969	75-79	0.08810	0.35979	2.45	37272	13410	152212	298628	8.01
1965-1969	80-84	0.12780	0.48185	2.45	23862	11498	89972	146417	6.14
1965-1969	85-89	0.19408	0.63484	2.28	12364	7849	40444	56445	4.57
1965-1969	90-94	0.26038	0.74532	2.13	4515	3365	12923	16001	3.54
1965-1969	95-99	0.36013	0.85031	1.9	1150	978	2715	3077	2.68
1965-1969	100-104	0.46704	0.91689	1.69	172	158	338	363	2.11
1965-1969	105-109	0.57745	0.95497	1.5	14	14	24	25	1.72
1965-1969	110+	0.66533	1.00000	1.5	1	1	1	1	1.50
1970-1974	0	0.02301	0.02255	0.11	100000	2255	97986	6646283	66.46
1970-1974	1-4	0.00091	0.00364	1.59	97745	356	390124	6548297	66.99
1970-1974	5-9	0.00051	0.00253	2.36	97389	246	486297	6158173	63.23
1970-1974	10-14	0.00061	0.00303	2.84	97143	294	485082	5671876	58.39
1970-1974	15-19	0.00181	0.00899	2.79	96849	871	482319	5186793	53.56
1970-1974	20-24	0.00239	0.01188	2.56	95978	1141	477110	4704475	49.02
1970-1974	25-29	0.00231	0.01147	2.46	94837	1087	471423	4227365	44.57
1970-1974	30-34	0.00254	0.01264	2.64	93750	1185	465948	3755942	40.06
1970-1974	35-39	0.00353	0.01750	2.74	92565	1620	459159	3289994	35.54
1970-1974	40-44	0.00524	0.02588	2.71	90945	2353	449324	2830835	31.13
1970-1974	45-49	0.00834	0.04092	2.68	88591	3625	434562	2381511	26.88
1970-1974	50-54	0.01293	0.06276	2.67	84967	5332	412391	1946949	22.91
1970-1974	55-59	0.01894	0.09067	2.66	79634	7220	381283	1534558	19.27
1970-1974	60-64	0.02881	0.13470	2.6	72414	9754	338626	1153275	15.93
1970-1974	65-69	0.04049	0.18425	2.56	62660	11545	285149	814648	13.00
1970-1974	70-74	0.05971	0.26017	2.53	51115	13298	222732	529499	10.36
1970-1974	75-79	0.08712	0.35719	2.48	37816	13508	155056	306767	8.11
1970-1974	80-84	0.12649	0.47669	2.42	24309	11588	91610	151711	6.24
1970-1974	85-89	0.18458	0.61291	2.26	12721	7797	42241	60101	4.72
1970-1974	90-94	0.25569	0.73275	2.09	4924	3608	14111	17860	3.63
1970-1974	95-99	0.33664	0.82889	1.94	1316	1091	3240	3749	2.85
1970-1974	100-104	0.43379	0.89940	1.75	225	203	467	509	2.26
1970-1974	105-109	0.53651	0.94294	1.56	23	21	40	42	1.85
1970-1974	110+	0.61970	1.00000	1.61	1	1	2	2	1.61
1975-1979	0	0.01751	0.01723	0.09	100000	1723	98435	6834973	68.35
1975-1979	1-4	0.00070	0.00279	1.69	98277	274	392472	6736538	68.55
1975-1979	5-9	0.00039	0.00197	2.31	98002	193	489492	6344066	64.73
1975-1979	10-14	0.00052	0.00258	2.83	97809	252	488499	5854575	59.86
1975-1979	15-19	0.00157	0.00781	2.9	97557	762	486183	5366076	55.00
1975-1979	20-24	0.00213	0.01058	2.47	96795	1024	481386	4879892	50.41
1975-1979	25-29	0.00201	0.01000	2.45	95771	958	476408	4398507	45.93
1975-1979	30-34	0.00209	0.01041	2.56	94813	987	471658	3922099	41.37
1975-1979	35-39	0.00290	0.01442	2.63	93826	1353	465929	3450440	36.77
1975-1979	40-44	0.00453	0.02240	2.72	92473	2071	457645	2984511	32.27
1975-1979	45-49	0.00707	0.03478	2.63	90402	3144	444572	2526867	27.95
1975-1979	50-54	0.01132	0.05516	2.67	87258	4813	425058	2082295	23.86
1975-1979	55-59	0.01765	0.08468	2.62	82445	6981	395639	1657237	20.10
1975-1979	60-64	0.02592	0.12209	2.63	75463	9214	355441	1261598	16.72
1975-1979	65-69	0.03720	0.17059	2.57	66250	11301	303800	906157	13.68
1975-1979	70-74	0.05414	0.23883	2.54	54949	13123	242403	602357	10.96
1975-1979	75-79	0.07793	0.32581	2.49	41825	13627	174857	359954	8.61
1975-1979	80-84	0.11925	0.45614	2.42	28198	12862	107858	185097	6.56
1975-1979	85-89	0.17071	0.58412	2.3	15336	8958	52476	77239	5.04
1975-1979	90-94	0.23511	0.70487	2.16	6378	4496	19121	24764	3.88
1975-1979	95-99	0.31799	0.81056	1.98	1882	1526	4798	5643	3.00
1975-1979	100-104	0.41232	0.88672	1.79	357	316	767	845	2.37
1975-1979	105-109	0.51366	0.93518	1.6	40	38	74	78	1.93
1975-1979	110+	0.59642	1.00000	1.68	3	3	4	4	1.68
1980-1984	0	0.01389	0.01371	0.08	100000	1371	98741	6960553	69.61
1980-1984	1-4	0.00062	0.00247	1.55	98629	244	393918	6861811	69.57
1980-1984	5-9	0.00034	0.00170	2.39	98385	167	491488	6467893	65.74
1980-1984	10-14	0.00039	0.00195	2.84	98218	192	490676	5976405	60.85
1980-1984	15-19	0.00131	0.00655	2.91	98026	642	488789	5485728	55.96
1980-1984	20-24	0.00189	0.00940	2.51	97385	915	484648	4996939	51.31
1980-1984	25-29	0.00195	0.00969	2.53	96469	935	480035	4512291	46.77
1980-1984	30-34	0.00204	0.01017	2.62	95534	972	475356	4032256	42.21
1980-1984	35-39	0.00260	0.01292	2.7	94562	1222	470002	3556901	37.61
1980-1984	40-44	0.00387	0.01918	2.66	93341	1791	462519	3086899	33.07
1980-1984	45-49	0.00630	0.03106	2.67	91550	2844	451125	2624379	28.67
1980-1984	50-54	0.01018	0.04974	2.67	88706	4412	433242	2173254	24.50
1980-1984	55-59	0.01597	0.07698	2.66	84294	6489	406307	1740013	20.64
1980-1984	60-64	0.02422	0.11443	2.6	77805	8903	367663	1333705	17.14
1980-1984	65-69	0.03506	0.16162	2.58	68902	11136	317604	966042	14.02
1980-1984	70-74	0.05191	0.23031	2.56	57767	13304	256323	648438	11.23
1980-1984	75-79	0.07539	0.31623	2.45	44462	14060	186511	392115	8.82
1980-1984	80-84	0.11375	0.43986	2.42	30402	13373	117560	205604	6.76
1980-1984	85-89	0.16650	0.57745	2.35	17029	9834	59060	88044	5.17
1980-1984	90-94	0.22446	0.68826	2.19	7196	4953	22064	28984	4.03
1980-1984	95-99	0.30784	0.79987	2	2243	1794	5828	6920	3.08
1980-1984	100-104	0.40098	0.87946	1.81	449	395	985	1091	2.43
1980-1984	105-109	0.50191	0.93083	1.62	54	50	100	107	1.97
1980-1984	110+	0.58468	1.00000	1.71	4	4	6	6	1.71
1985-1989	0	0.01296	0.01281	0.08	100000	1281	98821	7004355	70.04
1985-1989	1-4	0.00059	0.00237	1.66	98719	234	394329	6905533	69.95
1985-1989	5-9	0.00031	0.00153	2.45	98486	150	492044	6511204	66.11
1985-1989	10-14	0.00043	0.00216	2.9	98335	212	491231	6019160	61.21
1985-1989	15-19	0.00137	0.00685	2.96	98123	672	489241	5527930	56.34
1985-1989	20-24	0.00188	0.00937	2.54	97451	913	485004	5038688	51.71
1985-1989	25-29	0.00187	0.00929	2.59	96538	897	480530	4553684	47.17
1985-1989	30-34	0.00223	0.01107	2.52	95641	1059	475583	4073154	42.59
1985-1989	35-39	0.00263	0.01307	2.64	94582	1236	469989	3597571	38.04
1985-1989	40-44	0.00354	0.01757	2.67	93347	1640	462915	3127582	33.51
1985-1989	45-49	0.00573	0.02825	2.68	91706	2591	452528	2664667	29.06
1985-1989	50-54	0.00923	0.04518	2.7	89115	4027	436327	2212139	24.82
1985-1989	55-59	0.01480	0.07150	2.65	85089	6084	411160	1775812	20.87
1985-1989	60-64	0.02289	0.10853	2.62	79005	8574	374624	1364652	17.27
1985-1989	65-69	0.03402	0.15724	2.6	70431	11075	325542	990028	14.06
1985-1989	70-74	0.05187	0.23027	2.57	59356	13668	263516	664486	11.19
1985-1989	75-79	0.07558	0.31833	2.52	45688	14544	192438	400969	8.78
1985-1989	80-84	0.11281	0.43682	2.42	31144	13604	120594	208532	6.70
1985-1989	85-89	0.16943	0.58267	2.32	17540	10220	60321	87937	5.01
1985-1989	90-94	0.24189	0.71590	2.15	7320	5240	21664	27616	3.77
1985-1989	95-99	0.33389	0.82747	1.95	2080	1721	5154	5952	2.86
1985-1989	100-104	0.44031	0.90386	1.74	359	324	737	798	2.23
1985-1989	105-109	0.55280	0.94847	1.54	34	33	59	62	1.80
1985-1989	110+	0.64344	1.00000	1.55	2	2	3	3	1.55
1990-1994	0	0.01095	0.01084	0.07	100000	1084	98996	7067456	70.67
1990-1994	1-4	0.00056	0.00223	1.71	98916	221	395157	6968460	70.45
1990-1994	5-9	0.00028	0.00139	2.34	98695	137	493110	6573303	66.60
1990-1994	10-14	0.00033	0.00166	2.82	98558	163	492433	6080193	61.69
1990-1994	15-19	0.00141	0.00704	2.82	98394	693	490460	5587759	56.79
1990-1994	20-24	0.00188	0.00937	2.49	97702	915	486209	5097299	52.17
1990-1994	25-29	0.00210	0.01045	2.56	96787	1011	481465	4611090	47.64
1990-1994	30-34	0.00237	0.01180	2.63	95775	1130	476198	4129625	43.12
1990-1994	35-39	0.00280	0.01389	2.57	94645	1314	470032	3653427	38.60
1990-1994	40-44	0.00368	0.01825	2.58	93331	1703	462537	3183396	34.11
1990-1994	45-49	0.00529	0.02612	2.66	91627	2393	452537	2720858	29.69
1990-1994	50-54	0.00853	0.04181	2.65	89235	3731	437405	2268322	25.42
1990-1994	55-59	0.01373	0.06654	2.66	85504	5689	414226	1830916	21.41
1990-1994	60-64	0.02116	0.10073	2.63	79814	8040	380034	1416690	17.75
1990-1994	65-69	0.03178	0.14775	2.62	71774	10605	333645	1036656	14.44
1990-1994	70-74	0.04821	0.21598	2.59	61170	13212	274047	703012	11.49
1990-1994	75-79	0.07197	0.30559	2.53	47958	14656	203647	428965	8.94
1990-1994	80-84	0.11086	0.43214	2.45	33303	14391	129813	225318	6.77
1990-1994	85-89	0.16460	0.57217	2.34	18911	10820	65739	95505	5.05
1990-1994	90-94	0.24873	0.72604	2.13	8091	5874	23616	29766	3.68
1990-1994	95-99	0.34519	0.83860	1.93	2217	1859	5385	6149	2.77
1990-1994	100-104	0.45952	0.91416	1.71	358	327	712	764	2.14
1990-1994	105-109	0.57874	0.95577	1.5	31	29	51	53	1.72
1990-1994	110+	0.67353	1.00000	1.48	1	1	2	2	1.48
1995-1999	0	0.00959	0.00951	0.07	100000	951	99116	7129548	71.30
1995-1999	1-4	0.00043	0.00172	1.67	99049	171	395799	7030431	70.98
1995-1999	5-9	0.00026	0.00130	2.46	98879	129	494065	6634632	67.10
1995-1999	10-14	0.00031	0.00157	2.92	98749	155	493425	6140568	62.18
1995-1999	15-19	0.00142	0.00707	2.85	98594	697	491471	5647143	57.28
1995-1999	20-24	0.00171	0.00851	2.49	97897	833	487394	5155672	52.66
1995-1999	25-29	0.00182	0.00907	2.55	97064	881	483163	4668278	48.09
1995-1999	30-34	0.00217	0.01080	2.62	96184	1039	478450	4185115	43.51
1995-1999	35-39	0.00299	0.01483	2.6	95145	1411	472339	3706665	38.96
1995-1999	40-44	0.00385	0.01906	2.64	93734	1786	464450	3234326	34.51
1995-1999	45-49	0.00538	0.02657	2.65	91948	2443	454006	2769876	30.12
1995-1999	50-54	0.00804	0.03945	2.68	89505	3531	439335	2315870	25.87
1995-1999	55-59	0.01297	0.06291	2.65	85974	5409	417178	1876535	21.83
1995-1999	60-64	0.01963	0.09375	2.61	80565	7553	384802	1459357	18.11
1995-1999	65-69	0.03036	0.14158	2.62	73012	10337	340503	1074555	14.72
1995-1999	70-74	0.04573	0.20595	2.59	62674	12908	282281	734051	11.71
1995-1999	75-79	0.06833	0.29263	2.55	49766	14563	213125	451770	9.08
1995-1999	80-84	0.10800	0.42477	2.49	35203	14953	138461	238645	6.78
1995-1999	85-89	0.16906	0.58241	2.33	20250	11794	69761	100184	4.95
1995-1999	90-94	0.25384	0.73588	2.14	8456	6223	24515	30423	3.60
1995-1999	95-99	0.36342	0.85499	1.9	2233	1910	5255	5908	2.65
1995-1999	100-104	0.48802	0.92742	1.66	324	300	615	654	2.02
1995-1999	105-109	0.61488	0.96423	1.44	24	23	37	38	1.62
1995-1999	110+	0.71329	1.00000	1.4	1	1	1	1	1.40
2000-2004	0	0.01024	0.01014	0.07	100000	1014	99059	7196445	71.96
2000-2004	1-4	0.00040	0.00158	1.76	98986	156	395592	7097385	71.70
2000-2004	5-9	0.00018	0.00092	2.4	98829	91	493910	6701793	67.81
2000-2004	10-14	0.00028	0.00140	2.8	98738	139	493386	6207884	62.87
2000-2004	15-19	0.00120	0.00597	3.05	98599	589	491847	5714498	57.96
2000-2004	20-24	0.00177	0.00883	2.42	98011	865	487819	5222651	53.29
2000-2004	25-29	0.00174	0.00865	2.47	97146	841	483604	4734832	48.74
2000-2004	30-34	0.00207	0.01029	2.53	96305	991	479081	4251228	44.14
2000-2004	35-39	0.00274	0.01362	2.65	95314	1298	473518	3772147	39.58
2000-2004	40-44	0.00410	0.02030	2.65	94016	1909	465602	3298629	35.09
2000-2004	45-49	0.00587	0.02894	2.67	92108	2666	454318	2833027	30.76
2000-2004	50-54	0.00807	0.03958	2.61	89442	3540	438756	2378709	26.59
2000-2004	55-59	0.01160	0.05646	2.61	85902	4850	417932	1939953	22.58
2000-2004	60-64	0.01810	0.08679	2.63	81053	7035	388611	1522020	18.78
2000-2004	65-69	0.02698	0.12684	2.64	74018	9388	347909	1133410	15.31
2000-2004	70-74	0.04108	0.18696	2.6	64630	12083	294128	785500	12.15
2000-2004	75-79	0.06397	0.27653	2.55	52546	14531	227155	491372	9.35
2000-2004	80-84	0.10168	0.40516	2.49	38016	15402	151472	264217	6.95
2000-2004	85-89	0.16558	0.57666	2.37	22613	13040	78756	112745	4.99
2000-2004	90-94	0.25622	0.74130	2.16	9573	7097	27698	33989	3.55
2000-2004	95-99	0.37943	0.86852	1.88	2477	2151	5669	6291	2.54
2000-2004	100-104	0.51628	0.93879	1.61	326	306	592	623	1.91
2000-2004	105-109	0.65189	0.97131	1.39	20	19	30	30	1.53
2000-2004	110+	0.75361	1.00000	1.33	1	1	1	1	1.33
2005-2009	0	0.00966	0.00957	0.07	100000	957	99111	7289611	72.90
2005-2009	1-4	0.00034	0.00138	1.61	99043	136	395847	7190500	72.60
2005-2009	5-9	0.00016	0.00082	2.41	98907	81	494324	6794654	68.70
2005-2009	10-14	0.00021	0.00103	2.93	98826	102	493919	6300329	63.75
2005-2009	15-19	0.00105	0.00522	3.04	98724	515	492610	5806410	58.81
2005-2009	20-24	0.00180	0.00897	2.58	98209	881	488916	5313800	54.11
2005-2009	25-29	0.00182	0.00908	2.53	97328	884	484455	4824883	49.57
2005-2009	30-34	0.00207	0.01029	2.54	96444	992	479784	4340428	45.00
2005-2009	35-39	0.00251	0.01249	2.59	95452	1192	474393	3860644	40.45
2005-2009	40-44	0.00376	0.01863	2.68	94260	1756	467231	3386251	35.92
2005-2009	45-49	0.00578	0.02848	2.61	92504	2635	456233	2919020	31.56
2005-2009	50-54	0.00859	0.04207	2.63	89869	3781	440369	2462787	27.40
2005-2009	55-59	0.01174	0.05707	2.59	86088	4913	418590	2022417	23.49
2005-2009	60-64	0.01639	0.07885	2.6	81175	6400	390527	1603827	19.76
2005-2009	65-69	0.02383	0.11274	2.61	74774	8430	353729	1213300	16.23
2005-2009	70-74	0.03597	0.16570	2.63	66344	10993	305635	859571	12.96
2005-2009	75-79	0.05628	0.24730	2.55	55351	13688	243222	553936	10.01
2005-2009	80-84	0.09046	0.36964	2.53	41663	15400	170248	310714	7.46
2005-2009	85-89	0.14799	0.53499	2.41	26263	14050	94939	140466	5.35
2005-2009	90-94	0.24091	0.71757	2.18	12212	8763	36375	45526	3.73
2005-2009	95-99	0.36106	0.85489	1.92	3449	2949	8166	9151	2.65
2005-2009	100-104	0.50090	0.93363	1.64	501	467	933	984	1.97
2005-2009	105-109	0.64177	0.96981	1.4	33	32	50	52	1.55
2005-2009	110+	0.74811	1.00000	1.34	1	1	1	1	1.34
2010-2014	0	0.00804	0.00798	0.07	100000	798	99255	7360873	73.61
2010-2014	1-4	0.00035	0.00140	1.72	99202	139	396490	7261618	73.20
2010-2014	5-9	0.00013	0.00067	2.39	99063	67	495140	6865129	69.30
2010-2014	10-14	0.00019	0.00094	3.04	98996	94	494798	6369988	64.35
2010-2014	15-19	0.00084	0.00421	3.06	98903	416	493705	5875191	59.40
2010-2014	20-24	0.00146	0.00726	2.57	98486	715	490694	5381486	54.64
2010-2014	25-29	0.00177	0.00883	2.58	97771	863	486767	4890792	50.02
2010-2014	30-34	0.00202	0.01004	2.57	96908	973	482182	4404025	45.45
2010-2014	35-39	0.00255	0.01266	2.6	95936	1215	476762	3921843	40.88
2010-2014	40-44	0.00344	0.01706	2.65	94721	1616	469809	3445081	36.37
2010-2014	45-49	0.00556	0.02744	2.67	93105	2555	459583	2975272	31.96
2010-2014	50-54	0.00849	0.04161	2.61	90550	3768	443734	2515689	27.78
2010-2014	55-59	0.01223	0.05942	2.59	86782	5156	421508	2071955	23.88
2010-2014	60-64	0.01638	0.07881	2.61	81626	6433	392723	1650447	20.22
2010-2014	65-69	0.02251	0.10680	2.62	75193	8031	356843	1257724	16.73
2010-2014	70-74	0.03406	0.15743	2.59	67162	10573	310381	900881	13.41
2010-2014	75-79	0.05200	0.23084	2.57	56589	13063	251226	590500	10.43
2010-2014	80-84	0.08267	0.34331	2.53	43526	14943	180749	339274	7.79
2010-2014	85-89	0.13963	0.51322	2.42	28583	14669	105059	158525	5.55
2010-2014	90-94	0.23170	0.70321	2.21	13914	9784	42228	53467	3.84
2010-2014	95-99	0.35052	0.84653	1.95	4129	3496	9973	11238	2.72
2010-2014	100-104	0.49284	0.93084	1.66	634	590	1197	1265	2.00
2010-2014	105-109	0.63753	0.96922	1.41	44	42	67	68	1.56
2010-2014	110+	0.74697	1.00000	1.34	1	1	2	2	1.34
2015-2017	0	0.00799	0.00793	0.07	100000	793	99259	7336049	73.36
2015-2017	1-4	0.00031	0.00124	1.67	99207	123	396541	7236790	72.95
2015-2017	5-9	0.00016	0.00082	2.26	99084	81	495197	6840249	69.03
2015-2017	10-14	0.00024	0.00122	2.84	99003	121	494752	6345052	64.09
2015-2017	15-19	0.00092	0.00461	3.05	98882	455	493522	5850300	59.16
2015-2017	20-24	0.00159	0.00791	2.54	98426	779	490214	5356778	54.42
2015-2017	25-29	0.00190	0.00945	2.65	97647	923	486069	4866564	49.84
2015-2017	30-34	0.00240	0.01193	2.65	96724	1154	480909	4380495	45.29
2015-2017	35-39	0.00285	0.01415	2.54	95570	1352	474526	3899586	40.80
2015-2017	40-44	0.00362	0.01794	2.61	94218	1690	467042	3425060	36.35
2015-2017	45-49	0.00524	0.02587	2.66	92528	2394	457040	2958018	31.97
2015-2017	50-54	0.00829	0.04068	2.69	90134	3666	442205	2500978	27.75
2015-2017	55-59	0.01277	0.06194	2.61	86468	5356	419540	2058773	23.81
2015-2017	60-64	0.01738	0.08341	2.59	81112	6766	389274	1639233	20.21
2015-2017	65-69	0.02392	0.11309	2.59	74346	8408	351463	1249959	16.81
2015-2017	70-74	0.03368	0.15582	2.6	65938	10274	305035	898496	13.63
2015-2017	75-79	0.05085	0.22649	2.59	55664	12608	247943	593461	10.66
2015-2017	80-84	0.08082	0.33619	2.5	43056	14475	179103	345518	8.02
2015-2017	85-89	0.13139	0.49226	2.45	28581	14069	107086	166415	5.82
2015-2017	90-94	0.21471	0.67492	2.25	14512	9794	45616	59329	4.09
2015-2017	95-99	0.32548	0.82274	2	4717	3881	11925	13713	2.91
2015-2017	100-104	0.45826	0.91544	1.72	836	766	1670	1788	2.14
2015-2017	105-109	0.59802	0.96130	1.47	71	68	114	118	1.66
2015-2017	110+	0.70749	1.00000	1.41	3	3	4	4	1.41
