Div6: East South Central, Lifetables (period 5x10), Females Last modified: 3 Dec 2019, MPv5 (May07) 

Year     	Age	mx	qx	ax	lx	dx	Lx	Tx	ex
1960-1969	0	0.02659	0.02599	0.13	100000	2599	97733	7282013	72.82
1960-1969	1-4	0.00116	0.00462	1.53	97401	450	388492	7184281	73.76
1960-1969	5-9	0.00045	0.00226	2.3	96951	219	484163	6795789	70.10
1960-1969	10-14	0.00037	0.00187	2.63	96732	181	483232	6311626	65.25
1960-1969	15-19	0.00067	0.00336	2.72	96551	325	482016	5828393	60.37
1960-1969	20-24	0.00085	0.00426	2.54	96227	410	480124	5346377	55.56
1960-1969	25-29	0.00108	0.00538	2.61	95816	516	477850	4866253	50.79
1960-1969	30-34	0.00149	0.00741	2.66	95300	706	474854	4388402	46.05
1960-1969	35-39	0.00217	0.01081	2.66	94595	1023	470578	3913548	41.37
1960-1969	40-44	0.00326	0.01618	2.64	93572	1514	464286	3442970	36.79
1960-1969	45-49	0.00463	0.02292	2.66	92058	2110	455356	2978684	32.36
1960-1969	50-54	0.00661	0.03252	2.63	89948	2925	442813	2523328	28.05
1960-1969	55-59	0.00955	0.04671	2.63	87023	4064	425500	2080515	23.91
1960-1969	60-64	0.01436	0.06943	2.64	82958	5760	401177	1655015	19.95
1960-1969	65-69	0.02261	0.10722	2.6	77198	8278	366103	1253838	16.24
1960-1969	70-74	0.03522	0.16251	2.62	68921	11200	318003	887735	12.88
1960-1969	75-79	0.05785	0.25358	2.57	57721	14637	253035	569732	9.87
1960-1969	80-84	0.09555	0.38635	2.52	43084	16646	174207	316697	7.35
1960-1969	85-89	0.15352	0.54596	2.36	26438	14434	94019	142490	5.39
1960-1969	90-94	0.22402	0.68582	2.17	12004	8233	36749	48471	4.04
1960-1969	95-99	0.30374	0.79691	2.02	3771	3006	9895	11722	3.11
1960-1969	100-104	0.40842	0.88558	1.8	766	678	1661	1827	2.39
1960-1969	105-109	0.52226	0.93908	1.59	88	82	158	166	1.90
1960-1969	110+	0.61538	1.00000	1.63	5	5	9	9	1.63
1970-1979	0	0.01724	0.01698	0.1	100000	1698	98474	7533221	75.33
1970-1979	1-4	0.00076	0.00303	1.61	98302	298	392498	7434747	75.63
1970-1979	5-9	0.00036	0.00180	2.26	98005	177	489539	7042249	71.86
1970-1979	10-14	0.00030	0.00150	2.72	97828	147	488807	6552710	66.98
1970-1979	15-19	0.00062	0.00311	2.74	97682	304	487722	6063903	62.08
1970-1979	20-24	0.00073	0.00363	2.53	97378	354	486016	5576181	57.26
1970-1979	25-29	0.00084	0.00421	2.6	97024	408	484142	5090165	52.46
1970-1979	30-34	0.00114	0.00568	2.66	96616	549	481794	4606023	47.67
1970-1979	35-39	0.00176	0.00875	2.68	96067	841	478385	4124229	42.93
1970-1979	40-44	0.00271	0.01349	2.68	95226	1284	473150	3645844	38.29
1970-1979	45-49	0.00413	0.02046	2.66	93942	1922	465205	3172694	33.77
1970-1979	50-54	0.00603	0.02971	2.62	92020	2734	453604	2707489	29.42
1970-1979	55-59	0.00841	0.04121	2.64	89286	3680	437759	2253885	25.24
1970-1979	60-64	0.01260	0.06117	2.64	85607	5236	415686	1816126	21.21
1970-1979	65-69	0.01872	0.08961	2.63	80370	7202	384800	1400440	17.42
1970-1979	70-74	0.03046	0.14204	2.63	73168	10393	341237	1015640	13.88
1970-1979	75-79	0.04927	0.22031	2.6	62775	13830	280713	674402	10.74
1970-1979	80-84	0.08285	0.34444	2.55	48946	16859	203481	393690	8.04
1970-1979	85-89	0.13350	0.49586	2.41	32087	15911	119182	190209	5.93
1970-1979	90-94	0.20025	0.64601	2.25	16176	10450	52186	71027	4.39
1970-1979	95-99	0.28365	0.77414	2.07	5726	4433	15628	18841	3.29
1970-1979	100-104	0.39032	0.87417	1.84	1293	1131	2897	3213	2.48
1970-1979	105-109	0.50867	0.93470	1.62	163	152	299	317	1.95
1970-1979	110+	0.60632	1.00000	1.65	11	11	18	18	1.65
1980-1989	0	0.01121	0.01110	0.08	100000	1110	98984	7738092	77.38
1980-1989	1-4	0.00051	0.00204	1.57	98890	202	395069	7639108	77.25
1980-1989	5-9	0.00024	0.00121	2.37	98688	119	493127	7244038	73.40
1980-1989	10-14	0.00024	0.00119	2.69	98569	117	492575	6750911	68.49
1980-1989	15-19	0.00055	0.00272	2.72	98452	268	491647	6258336	63.57
1980-1989	20-24	0.00060	0.00299	2.57	98184	294	490205	5766690	58.73
1980-1989	25-29	0.00070	0.00352	2.59	97890	344	488621	5276484	53.90
1980-1989	30-34	0.00091	0.00455	2.61	97546	444	486669	4787863	49.08
1980-1989	35-39	0.00132	0.00657	2.66	97102	638	484018	4301195	44.30
1980-1989	40-44	0.00199	0.00988	2.67	96464	953	480100	3817176	39.57
1980-1989	45-49	0.00320	0.01589	2.67	95511	1517	474017	3337076	34.94
1980-1989	50-54	0.00516	0.02547	2.67	93993	2394	464390	2863059	30.46
1980-1989	55-59	0.00783	0.03845	2.64	91599	3522	449682	2398669	26.19
1980-1989	60-64	0.01191	0.05791	2.63	88077	5100	428284	1948987	22.13
1980-1989	65-69	0.01739	0.08348	2.61	82976	6927	398301	1520703	18.33
1980-1989	70-74	0.02670	0.12555	2.63	76049	9548	357645	1122402	14.76
1980-1989	75-79	0.04239	0.19227	2.59	66501	12786	301649	764757	11.50
1980-1989	80-84	0.07250	0.30810	2.56	53715	16550	228268	463108	8.62
1980-1989	85-89	0.11922	0.45714	2.45	37165	16990	142505	234840	6.32
1980-1989	90-94	0.18815	0.62308	2.29	20176	12571	66813	92335	4.58
1980-1989	95-99	0.27601	0.76566	2.09	7605	5823	21096	25522	3.36
1980-1989	100-104	0.38978	0.87476	1.85	1782	1559	3999	4427	2.48
1980-1989	105-109	0.51701	0.93831	1.61	223	209	405	427	1.91
1980-1989	110+	0.62199	1.00000	1.61	14	14	22	22	1.61
1990-1999	0	0.00876	0.00869	0.08	100000	869	99198	7776388	77.76
1990-1999	1-4	0.00046	0.00184	1.59	99131	182	396085	7677190	77.44
1990-1999	5-9	0.00021	0.00105	2.41	98949	104	494475	7281105	73.58
1990-1999	10-14	0.00022	0.00112	2.8	98845	111	493981	6786630	68.66
1990-1999	15-19	0.00057	0.00283	2.68	98734	279	493023	6292649	63.73
1990-1999	20-24	0.00063	0.00314	2.55	98455	309	491517	5799627	58.91
1990-1999	25-29	0.00078	0.00389	2.59	98146	382	489810	5308109	54.08
1990-1999	30-34	0.00103	0.00514	2.62	97764	503	487627	4818299	49.28
1990-1999	35-39	0.00142	0.00708	2.66	97262	689	484693	4330672	44.53
1990-1999	40-44	0.00199	0.00992	2.65	96573	958	480611	3845979	39.82
1990-1999	45-49	0.00308	0.01531	2.69	95615	1464	474694	3365368	35.20
1990-1999	50-54	0.00473	0.02341	2.67	94151	2204	465631	2890674	30.70
1990-1999	55-59	0.00753	0.03701	2.66	91947	3403	451790	2425043	26.37
1990-1999	60-64	0.01171	0.05696	2.65	88544	5043	430847	1973253	22.29
1990-1999	65-69	0.01750	0.08401	2.62	83501	7015	400815	1542406	18.47
1990-1999	70-74	0.02676	0.12580	2.62	76486	9622	359570	1141591	14.93
1990-1999	75-79	0.04119	0.18747	2.61	66864	12535	304329	782021	11.70
1990-1999	80-84	0.06914	0.29591	2.57	54329	16077	232523	477693	8.79
1990-1999	85-89	0.11492	0.44530	2.47	38253	17034	148216	245170	6.41
1990-1999	90-94	0.18711	0.62229	2.31	21219	13204	70570	96953	4.57
1990-1999	95-99	0.28162	0.77359	2.09	8014	6200	22015	26384	3.29
1990-1999	100-104	0.40301	0.88436	1.83	1815	1605	3982	4368	2.41
1990-1999	105-109	0.53777	0.94551	1.57	210	198	369	387	1.84
1990-1999	110+	0.64787	1.00000	1.54	11	11	18	18	1.54
2000-2009	0	0.00785	0.00779	0.07	100000	779	99279	7787925	77.88
2000-2009	1-4	0.00035	0.00139	1.57	99221	138	396547	7688646	77.49
2000-2009	5-9	0.00015	0.00077	2.39	99082	76	495213	7292099	73.60
2000-2009	10-14	0.00018	0.00092	2.79	99006	91	494829	6796885	68.65
2000-2009	15-19	0.00050	0.00250	2.8	98915	247	494029	6302057	63.71
2000-2009	20-24	0.00067	0.00333	2.54	98668	329	492530	5808027	58.86
2000-2009	25-29	0.00083	0.00414	2.66	98339	407	490739	5315498	54.05
2000-2009	30-34	0.00109	0.00542	2.61	97931	531	488386	4824759	49.27
2000-2009	35-39	0.00158	0.00789	2.67	97401	768	485212	4336373	44.52
2000-2009	40-44	0.00240	0.01193	2.68	96632	1153	480486	3851161	39.85
2000-2009	45-49	0.00345	0.01712	2.63	95480	1634	473519	3370675	35.30
2000-2009	50-54	0.00488	0.02411	2.63	93845	2263	463870	2897156	30.87
2000-2009	55-59	0.00712	0.03500	2.65	91583	3205	450389	2433286	26.57
2000-2009	60-64	0.01095	0.05338	2.65	88378	4718	430798	1982897	22.44
2000-2009	65-69	0.01661	0.07991	2.64	83660	6685	402492	1552099	18.55
2000-2009	70-74	0.02544	0.11999	2.63	76975	9236	363001	1149607	14.93
2000-2009	75-79	0.04068	0.18540	2.61	67739	12559	308694	786606	11.61
2000-2009	80-84	0.06852	0.29390	2.58	55181	16218	236689	477912	8.66
2000-2009	85-89	0.11873	0.45717	2.49	38963	17813	150029	241223	6.19
2000-2009	90-94	0.19982	0.64886	2.3	21151	13724	68679	91194	4.31
2000-2009	95-99	0.30927	0.80701	2.04	7427	5994	19380	22514	3.03
2000-2009	100-104	0.44688	0.91057	1.75	1433	1305	2920	3135	2.19
2000-2009	105-109	0.59395	0.96078	1.48	128	123	207	214	1.67
2000-2009	110+	0.70940	1.00000	1.41	5	5	7	7	1.41
2010-2017	0	0.00700	0.00695	0.07	100000	695	99355	7835418	78.35
2010-2017	1-4	0.00031	0.00123	1.57	99305	122	396923	7736063	77.90
2010-2017	5-9	0.00015	0.00073	2.5	99183	72	495734	7339140	74.00
2010-2017	10-14	0.00015	0.00077	2.76	99111	77	495382	6843405	69.05
2010-2017	15-19	0.00037	0.00187	2.87	99034	185	494776	6348024	64.10
2010-2017	20-24	0.00061	0.00306	2.58	98849	303	493511	5853248	59.21
2010-2017	25-29	0.00088	0.00438	2.67	98546	431	491726	5359736	54.39
2010-2017	30-34	0.00125	0.00625	2.6	98115	613	489103	4868010	49.62
2010-2017	35-39	0.00174	0.00866	2.61	97502	844	485490	4378908	44.91
2010-2017	40-44	0.00242	0.01202	2.69	96657	1162	480599	3893418	40.28
2010-2017	45-49	0.00366	0.01815	2.65	95495	1733	473404	3412818	35.74
2010-2017	50-54	0.00549	0.02712	2.63	93762	2543	462785	2939414	31.35
2010-2017	55-59	0.00760	0.03730	2.59	91220	3403	447902	2476630	27.15
2010-2017	60-64	0.01048	0.05113	2.63	87817	4490	428431	2028728	23.10
2010-2017	65-69	0.01534	0.07403	2.64	83327	6168	402084	1600297	19.21
2010-2017	70-74	0.02384	0.11284	2.63	77158	8706	365181	1198213	15.53
2010-2017	75-79	0.03752	0.17224	2.63	68452	11790	314273	833032	12.17
2010-2017	80-84	0.06163	0.26816	2.58	56662	15195	246540	518758	9.16
2010-2017	85-89	0.10791	0.42528	2.51	41467	17635	163421	272218	6.56
2010-2017	90-94	0.18467	0.61864	2.33	23832	14743	79838	108797	4.57
2010-2017	95-99	0.29133	0.78709	2.08	9089	7154	24555	28959	3.19
2010-2017	100-104	0.42789	0.90071	1.79	1935	1743	4073	4404	2.28
2010-2017	105-109	0.57701	0.95699	1.51	192	184	319	331	1.72
2010-2017	110+	0.69570	1.00000	1.44	8	8	12	12	1.44
