TX: Texas, Lifetables (period 5x1), Females Last modified: 3 Dec 2019, MPv5 (May07) 

Year	Age	mx	qx	ax	lx	dx	Lx	Tx	ex
1959	0	0.02619	0.02561	0.13	100000	2561	97763	7413839	74.14
1959	1-4	0.00118	0.00470	1.45	97439	458	388589	7316076	75.08
1959	5-9	0.00046	0.00231	2.4	96981	224	484321	6927487	71.43
1959	10-14	0.00038	0.00189	2.75	96757	183	483373	6443166	66.59
1959	15-19	0.00065	0.00327	2.69	96574	316	482143	5959793	61.71
1959	20-24	0.00079	0.00394	2.5	96259	379	480347	5477650	56.91
1959	25-29	0.00094	0.00468	2.48	95880	449	478264	4997304	52.12
1959	30-34	0.00131	0.00652	2.63	95431	622	475678	4519039	47.35
1959	35-39	0.00172	0.00858	2.64	94809	813	472121	4043361	42.65
1959	40-44	0.00266	0.01322	2.69	93996	1243	467103	3571240	37.99
1959	45-49	0.00403	0.01995	2.7	92753	1850	459517	3104137	33.47
1959	50-54	0.00592	0.02919	2.7	90903	2654	448417	2644620	29.09
1959	55-59	0.00851	0.04173	2.67	88249	3683	432646	2196204	24.89
1959	60-64	0.01245	0.06047	2.61	84566	5114	410599	1763558	20.85
1959	65-69	0.01940	0.09271	2.61	79452	7366	379686	1352958	17.03
1959	70-74	0.03102	0.14455	2.65	72086	10420	335915	973272	13.50
1959	75-79	0.05221	0.23251	2.65	61666	14338	274638	637357	10.34
1959	80-84	0.08858	0.36400	2.55	47328	17227	194489	362720	7.66
1959	85-89	0.14326	0.52214	2.4	30100	15717	109703	168230	5.59
1959	90-94	0.22073	0.67726	2.15	14384	9742	44133	58527	4.07
1959	95-99	0.30374	0.79784	2.03	4642	3704	12194	14394	3.10
1959	100-104	0.41572	0.89087	1.79	938	836	2011	2200	2.34
1959	105-109	0.53735	0.94448	1.57	102	97	180	189	1.84
1959	110+	0.63635	1.00000	1.57	6	6	9	9	1.57
1960	0	0.02632	0.02573	0.13	100000	2573	97753	7391256	73.91
1960	1-4	0.00130	0.00517	1.55	97427	503	388474	7293503	74.86
1960	5-9	0.00046	0.00228	2.3	96924	221	484021	6905029	71.24
1960	10-14	0.00032	0.00159	2.59	96703	153	483143	6421008	66.40
1960	15-19	0.00055	0.00275	2.74	96549	265	482145	5937865	61.50
1960	20-24	0.00079	0.00395	2.72	96284	380	480551	5455719	56.66
1960	25-29	0.00086	0.00428	2.45	95903	411	478468	4975168	51.88
1960	30-34	0.00128	0.00636	2.54	95493	607	475968	4496700	47.09
1960	35-39	0.00170	0.00845	2.65	94885	802	472543	4020732	42.37
1960	40-44	0.00277	0.01378	2.72	94084	1297	467455	3548190	37.71
1960	45-49	0.00386	0.01911	2.67	92787	1773	459795	3080734	33.20
1960	50-54	0.00597	0.02941	2.63	91014	2677	448731	2620939	28.80
1960	55-59	0.00892	0.04372	2.73	88337	3862	432914	2172208	24.59
1960	60-64	0.01282	0.06223	2.66	84475	5257	410099	1739294	20.59
1960	65-69	0.01993	0.09515	2.63	79218	7538	378259	1329195	16.78
1960	70-74	0.03261	0.15143	2.64	71680	10854	332812	950936	13.27
1960	75-79	0.05275	0.23406	2.6	60826	14237	269901	618124	10.16
1960	80-84	0.09132	0.37267	2.53	46589	17362	190126	348224	7.47
1960	85-89	0.15152	0.54166	2.37	29227	15831	104480	158098	5.41
1960	90-94	0.22372	0.68884	2.21	13396	9228	41246	53618	4.00
1960	95-99	0.31913	0.81451	1.99	4168	3395	10639	12373	2.97
1960	100-104	0.43594	0.90271	1.75	773	698	1601	1734	2.24
1960	105-109	0.56070	0.95142	1.53	75	72	128	133	1.77
1960	110+	0.66098	1.00000	1.51	4	4	6	6	1.51
1961	0	0.02342	0.02295	0.12	100000	2295	97977	7462332	74.62
1961	1-4	0.00106	0.00422	1.52	97705	412	389800	7364354	75.37
1961	5-9	0.00042	0.00210	2.31	97293	204	485917	6974555	71.69
1961	10-14	0.00032	0.00158	2.63	97089	153	485081	6488638	66.83
1961	15-19	0.00056	0.00278	2.47	96936	270	483996	6003557	61.93
1961	20-24	0.00072	0.00360	2.67	96666	348	482520	5519561	57.10
1961	25-29	0.00094	0.00468	2.69	96318	451	480548	5037041	52.30
1961	30-34	0.00115	0.00572	2.63	95867	549	478037	4556492	47.53
1961	35-39	0.00181	0.00902	2.63	95319	859	474561	4078455	42.79
1961	40-44	0.00260	0.01290	2.7	94459	1219	469498	3603894	38.15
1961	45-49	0.00397	0.01968	2.69	93241	1835	461973	3134397	33.62
1961	50-54	0.00585	0.02885	2.63	91406	2637	450786	2672423	29.24
1961	55-59	0.00787	0.03861	2.63	88769	3427	435713	2221638	25.03
1961	60-64	0.01269	0.06159	2.59	85342	5256	414063	1785924	20.93
1961	65-69	0.01898	0.09080	2.63	80086	7272	383160	1371862	17.13
1961	70-74	0.03065	0.14284	2.62	72814	10401	339302	988702	13.58
1961	75-79	0.05000	0.22315	2.59	62413	13927	278564	649400	10.40
1961	80-84	0.08751	0.35964	2.52	48486	17437	199254	370836	7.65
1961	85-89	0.14373	0.52379	2.41	31048	16263	113147	171583	5.53
1961	90-94	0.22817	0.69684	2.21	14786	10303	45155	58435	3.95
1961	95-99	0.31939	0.81531	2	4482	3655	11442	13280	2.96
1961	100-104	0.44057	0.90560	1.75	828	750	1702	1838	2.22
1961	105-109	0.56975	0.95406	1.51	78	75	131	136	1.74
1961	110+	0.67302	1.00000	1.49	4	4	5	5	1.49
1962	0	0.02369	0.02320	0.12	100000	2320	97956	7414718	74.15
1962	1-4	0.00120	0.00480	1.43	97680	469	389511	7316761	74.91
1962	5-9	0.00043	0.00213	2.16	97210	207	485464	6927250	71.26
1962	10-14	0.00032	0.00160	2.65	97003	155	484650	6441786	66.41
1962	15-19	0.00059	0.00296	2.81	96848	287	483610	5957135	61.51
1962	20-24	0.00071	0.00353	2.7	96561	341	482021	5473526	56.68
1962	25-29	0.00098	0.00487	2.64	96220	469	479994	4991504	51.88
1962	30-34	0.00123	0.00615	2.67	95751	588	477387	4511510	47.12
1962	35-39	0.00176	0.00877	2.68	95163	834	473876	4034123	42.39
1962	40-44	0.00287	0.01426	2.7	94329	1345	468549	3560247	37.74
1962	45-49	0.00410	0.02030	2.6	92983	1888	460394	3091699	33.25
1962	50-54	0.00580	0.02861	2.63	91096	2606	449308	2631305	28.89
1962	55-59	0.00822	0.04029	2.61	88489	3565	433936	2181997	24.66
1962	60-64	0.01302	0.06317	2.68	84924	5365	412174	1748061	20.58
1962	65-69	0.02056	0.09800	2.61	79559	7797	379188	1335887	16.79
1962	70-74	0.03086	0.14376	2.62	71762	10316	334277	956700	13.33
1962	75-79	0.05228	0.23223	2.6	61446	14270	272930	622422	10.13
1962	80-84	0.09266	0.37804	2.57	47176	17834	192463	349492	7.41
1962	85-89	0.15008	0.54297	2.45	29342	15932	106155	157029	5.35
1962	90-94	0.23772	0.71042	2.17	13410	9527	40076	50874	3.79
1962	95-99	0.34298	0.83846	1.95	3883	3256	9493	10798	2.78
1962	100-104	0.47226	0.92133	1.69	627	578	1224	1305	2.08
1962	105-109	0.60616	0.96276	1.46	49	48	78	81	1.64
1962	110+	0.71050	1.00000	1.41	2	2	3	3	1.41
1963	0	0.02469	0.02417	0.12	100000	2417	97878	7411598	74.12
1963	1-4	0.00114	0.00453	1.53	97583	442	389242	7313720	74.95
1963	5-9	0.00039	0.00192	2.22	97141	187	485185	6924478	71.28
1963	10-14	0.00034	0.00170	2.58	96954	165	484372	6439293	66.42
1963	15-19	0.00062	0.00310	2.61	96790	300	483233	5954920	61.52
1963	20-24	0.00083	0.00416	2.55	96490	402	481463	5471688	56.71
1963	25-29	0.00088	0.00439	2.61	96088	422	479432	4990224	51.93
1963	30-34	0.00133	0.00661	2.62	95666	633	476829	4510793	47.15
1963	35-39	0.00199	0.00990	2.77	95034	940	473076	4033964	42.45
1963	40-44	0.00279	0.01386	2.61	94093	1304	467348	3560888	37.84
1963	45-49	0.00390	0.01931	2.64	92789	1792	459719	3093540	33.34
1963	50-54	0.00592	0.02920	2.67	90997	2658	448788	2633821	28.94
1963	55-59	0.00861	0.04216	2.6	88340	3725	432771	2185034	24.73
1963	60-64	0.01303	0.06324	2.67	84615	5351	410589	1752263	20.71
1963	65-69	0.01979	0.09439	2.57	79264	7482	378132	1341673	16.93
1963	70-74	0.03126	0.14544	2.61	71782	10440	334008	963541	13.42
1963	75-79	0.05096	0.22665	2.56	61342	13903	272821	629533	10.26
1963	80-84	0.09175	0.37521	2.57	47439	17800	193998	356712	7.52
1963	85-89	0.14554	0.52620	2.37	29639	15596	107158	162714	5.49
1963	90-94	0.22731	0.69246	2.18	14043	9724	42779	55556	3.96
1963	95-99	0.32020	0.81577	1.99	4319	3523	11003	12777	2.96
1963	100-104	0.43862	0.90429	1.75	796	719	1640	1774	2.23
1963	105-109	0.56490	0.95263	1.52	76	73	128	134	1.76
1963	110+	0.66614	1.00000	1.5	4	4	5	5	1.50
1964	0	0.02402	0.02353	0.12	100000	2353	97930	7453136	74.53
1964	1-4	0.00112	0.00446	1.36	97647	435	389439	7355206	75.32
1964	5-9	0.00040	0.00198	2.18	97212	193	485516	6965767	71.66
1964	10-14	0.00035	0.00174	2.76	97019	169	484719	6480251	66.79
1964	15-19	0.00065	0.00325	2.69	96851	315	483526	5995533	61.90
1964	20-24	0.00083	0.00413	2.61	96536	399	481726	5512006	57.10
1964	25-29	0.00085	0.00426	2.43	96137	410	479631	5030280	52.32
1964	30-34	0.00114	0.00566	2.68	95727	542	477378	4550650	47.54
1964	35-39	0.00192	0.00954	2.65	95185	908	473789	4073271	42.79
1964	40-44	0.00271	0.01346	2.79	94277	1269	468585	3599482	38.18
1964	45-49	0.00390	0.01931	2.68	93008	1796	460865	3130897	33.66
1964	50-54	0.00590	0.02908	2.66	91212	2652	449855	2670032	29.27
1964	55-59	0.00860	0.04215	2.64	88560	3733	433979	2220177	25.07
1964	60-64	0.01235	0.06002	2.68	84827	5092	412327	1786199	21.06
1964	65-69	0.01934	0.09250	2.64	79735	7376	381295	1373872	17.23
1964	70-74	0.03027	0.14126	2.64	72359	10222	337673	992577	13.72
1964	75-79	0.04883	0.21783	2.53	62138	13536	277202	654905	10.54
1964	80-84	0.08546	0.35364	2.56	48602	17188	201113	377702	7.77
1964	85-89	0.14140	0.51924	2.44	31415	16312	115359	176589	5.62
1964	90-94	0.21864	0.67685	2.19	15103	10222	46754	61230	4.05
1964	95-99	0.31874	0.81494	2	4880	3977	12478	14476	2.97
1964	100-104	0.44212	0.90663	1.75	903	819	1852	1998	2.21
1964	105-109	0.57360	0.95517	1.51	84	81	140	146	1.73
1964	110+	0.67846	1.00000	1.47	4	4	6	6	1.47
1965	0	0.02201	0.02159	0.11	100000	2159	98089	7479809	74.80
1965	1-4	0.00106	0.00422	1.45	97841	413	390314	7381720	75.45
1965	5-9	0.00040	0.00197	2.29	97429	192	486622	6991406	71.76
1965	10-14	0.00031	0.00156	2.72	97236	152	485834	6504784	66.90
1965	15-19	0.00051	0.00254	2.65	97084	246	484842	6018949	62.00
1965	20-24	0.00086	0.00431	2.55	96838	417	483170	5534107	57.15
1965	25-29	0.00096	0.00479	2.61	96421	462	481000	5050937	52.38
1965	30-34	0.00136	0.00678	2.75	95959	651	478337	4569936	47.62
1965	35-39	0.00182	0.00905	2.67	95309	862	474534	4091600	42.93
1965	40-44	0.00276	0.01371	2.6	94447	1295	469124	3617066	38.30
1965	45-49	0.00390	0.01933	2.62	93152	1801	461476	3147942	33.79
1965	50-54	0.00551	0.02719	2.61	91352	2484	450828	2686465	29.41
1965	55-59	0.00843	0.04131	2.61	88867	3671	435565	2235637	25.16
1965	60-64	0.01246	0.06056	2.71	85197	5160	414155	1800072	21.13
1965	65-69	0.01894	0.09061	2.61	80037	7252	382820	1385917	17.32
1965	70-74	0.02978	0.13908	2.63	72785	10123	339905	1003097	13.78
1965	75-79	0.04931	0.22075	2.63	62662	13833	280544	663192	10.58
1965	80-84	0.08356	0.34693	2.56	48830	16941	202743	382648	7.84
1965	85-89	0.13954	0.51227	2.41	31889	16336	117069	179905	5.64
1965	90-94	0.22084	0.68224	2.2	15553	10611	48048	62836	4.04
1965	95-99	0.31552	0.81164	2.01	4942	4011	12713	14788	2.99
1965	100-104	0.43859	0.90479	1.75	931	842	1920	2075	2.23
1965	105-109	0.57021	0.95432	1.51	89	85	148	154	1.74
1965	110+	0.67541	1.00000	1.48	4	4	6	6	1.48
1966	0	0.02260	0.02216	0.12	100000	2216	98042	7457793	74.58
1966	1-4	0.00096	0.00384	1.62	97784	375	390246	7359751	75.27
1966	5-9	0.00043	0.00213	2.22	97409	207	486470	6969505	71.55
1966	10-14	0.00031	0.00157	2.56	97202	153	485638	6483035	66.70
1966	15-19	0.00070	0.00348	2.82	97049	338	484509	5997396	61.80
1966	20-24	0.00080	0.00400	2.55	96711	387	482610	5512888	57.00
1966	25-29	0.00087	0.00433	2.48	96325	417	480571	5030277	52.22
1966	30-34	0.00120	0.00598	2.71	95908	574	478225	4549706	47.44
1966	35-39	0.00173	0.00860	2.71	95334	820	474792	4071481	42.71
1966	40-44	0.00291	0.01444	2.64	94514	1365	469348	3596689	38.05
1966	45-49	0.00380	0.01884	2.69	93149	1755	461698	3127341	33.57
1966	50-54	0.00595	0.02932	2.63	91394	2679	450630	2665643	29.17
1966	55-59	0.00854	0.04186	2.63	88714	3713	434757	2215013	24.97
1966	60-64	0.01237	0.06009	2.61	85001	5107	412802	1780256	20.94
1966	65-69	0.01967	0.09389	2.59	79894	7502	381378	1367454	17.12
1966	70-74	0.03041	0.14188	2.64	72392	10271	337768	986076	13.62
1966	75-79	0.05149	0.22924	2.61	62121	14240	276554	648308	10.44
1966	80-84	0.08549	0.35319	2.54	47881	16911	197812	371755	7.76
1966	85-89	0.14189	0.52134	2.46	30970	16146	113793	173942	5.62
1966	90-94	0.22019	0.68231	2.21	14824	10115	45935	60149	4.06
1966	95-99	0.31267	0.80830	2.01	4709	3807	12174	14214	3.02
1966	100-104	0.43244	0.90118	1.76	903	814	1881	2039	2.26
1966	105-109	0.56107	0.95175	1.53	89	85	151	158	1.77
1966	110+	0.66446	1.00000	1.5	4	4	6	6	1.50
1967	0	0.02131	0.02091	0.11	100000	2091	98145	7510625	75.11
1967	1-4	0.00089	0.00356	1.54	97909	349	390779	7412480	75.71
1967	5-9	0.00034	0.00169	2.26	97560	165	487352	7021702	71.97
1967	10-14	0.00026	0.00129	2.73	97396	125	486695	6534350	67.09
1967	15-19	0.00066	0.00332	2.76	97271	323	485629	6047655	62.17
1967	20-24	0.00077	0.00382	2.39	96948	371	483772	5562026	57.37
1967	25-29	0.00094	0.00467	2.64	96577	451	481822	5078254	52.58
1967	30-34	0.00121	0.00602	2.79	96126	579	479349	4596431	47.82
1967	35-39	0.00187	0.00929	2.64	95547	887	475639	4117082	43.09
1967	40-44	0.00264	0.01312	2.58	94660	1242	470290	3641443	38.47
1967	45-49	0.00402	0.01989	2.69	93417	1858	462793	3171153	33.95
1967	50-54	0.00560	0.02762	2.63	91559	2529	451790	2708360	29.58
1967	55-59	0.00819	0.04017	2.61	89030	3576	436601	2256570	25.35
1967	60-64	0.01200	0.05836	2.65	85454	4987	415540	1819968	21.30
1967	65-69	0.01905	0.09115	2.63	80467	7335	384962	1404428	17.45
1967	70-74	0.02921	0.13663	2.64	73132	9992	342108	1019466	13.94
1967	75-79	0.04736	0.21265	2.6	63141	13427	283481	677359	10.73
1967	80-84	0.08308	0.34524	2.55	49714	17163	206588	393877	7.92
1967	85-89	0.13780	0.50890	2.43	32551	16565	120211	187289	5.75
1967	90-94	0.21129	0.67195	2.29	15986	10741	50837	67078	4.20
1967	95-99	0.30355	0.79832	2.03	5244	4187	13792	16241	3.10
1967	100-104	0.42099	0.89458	1.79	1058	946	2247	2449	2.32
1967	105-109	0.54841	0.94816	1.55	111	106	193	202	1.81
1967	110+	0.65162	1.00000	1.53	6	6	9	9	1.53
1968	0	0.02010	0.01975	0.11	100000	1975	98241	7451623	74.52
1968	1-4	0.00097	0.00386	1.52	98025	378	391163	7353382	75.02
1968	5-9	0.00035	0.00175	2.31	97647	171	487773	6962219	71.30
1968	10-14	0.00032	0.00161	2.52	97475	157	486988	6474446	66.42
1968	15-19	0.00066	0.00330	2.73	97319	321	485864	5987458	61.52
1968	20-24	0.00087	0.00435	2.57	96997	422	483963	5501594	56.72
1968	25-29	0.00094	0.00468	2.39	96576	452	481696	5017631	51.96
1968	30-34	0.00119	0.00592	2.53	96123	569	479212	4535935	47.19
1968	35-39	0.00189	0.00940	2.61	95555	898	475630	4056723	42.45
1968	40-44	0.00299	0.01485	2.63	94657	1406	469954	3581093	37.83
1968	45-49	0.00405	0.02005	2.66	93251	1870	461874	3111139	33.36
1968	50-54	0.00611	0.03011	2.63	91381	2752	450386	2649265	28.99
1968	55-59	0.00846	0.04144	2.61	88629	3673	434374	2198879	24.81
1968	60-64	0.01266	0.06142	2.59	84957	5218	412186	1764505	20.77
1968	65-69	0.01948	0.09307	2.62	79739	7421	381019	1352319	16.96
1968	70-74	0.03136	0.14606	2.65	72318	10562	336796	971300	13.43
1968	75-79	0.05101	0.22712	2.59	61755	14026	274942	634504	10.27
1968	80-84	0.08882	0.36434	2.53	47730	17390	195778	359562	7.53
1968	85-89	0.15126	0.54234	2.39	30340	16455	108787	163784	5.40
1968	90-94	0.22518	0.69071	2.2	13885	9591	42591	54997	3.96
1968	95-99	0.32865	0.82467	1.98	4295	3542	10776	12407	2.89
1968	100-104	0.45242	0.91175	1.73	753	687	1518	1631	2.17
1968	105-109	0.58294	0.95740	1.49	66	64	109	113	1.70
1968	110+	0.68638	1.00000	1.46	3	3	4	4	1.46
1969	0	0.01982	0.01948	0.11	100000	1948	98263	7473464	74.73
1969	1-4	0.00096	0.00384	1.54	98052	377	391281	7375200	75.22
1969	5-9	0.00039	0.00194	2.24	97675	189	487854	6983919	71.50
1969	10-14	0.00038	0.00191	2.68	97486	187	486997	6496065	66.64
1969	15-19	0.00064	0.00320	2.76	97299	311	485800	6009068	61.76
1969	20-24	0.00082	0.00408	2.61	96989	395	483999	5523268	56.95
1969	25-29	0.00093	0.00463	2.68	96593	447	481928	5039269	52.17
1969	30-34	0.00121	0.00605	2.79	96146	581	479446	4557341	47.40
1969	35-39	0.00185	0.00921	2.65	95565	880	475759	4077896	42.67
1969	40-44	0.00277	0.01374	2.53	94685	1301	470210	3602136	38.04
1969	45-49	0.00408	0.02019	2.62	93384	1886	462427	3131926	33.54
1969	50-54	0.00583	0.02874	2.69	91498	2630	451424	2669500	29.18
1969	55-59	0.00858	0.04203	2.62	88868	3735	435452	2218076	24.96
1969	60-64	0.01263	0.06132	2.61	85133	5221	413203	1782624	20.94
1969	65-69	0.01928	0.09225	2.66	79913	7372	382342	1369421	17.14
1969	70-74	0.03037	0.14173	2.65	72540	10281	338548	987078	13.61
1969	75-79	0.05079	0.22620	2.58	62259	14083	277269	648531	10.42
1969	80-84	0.08628	0.35641	2.56	48176	17170	199014	371262	7.71
1969	85-89	0.14593	0.53068	2.43	31006	16454	112756	172248	5.56
1969	90-94	0.21702	0.67824	2.24	14552	9869	45477	59492	4.09
1969	95-99	0.31570	0.81145	2.01	4682	3799	12035	14014	2.99
1969	100-104	0.43585	0.90303	1.76	883	797	1829	1980	2.24
1969	105-109	0.56446	0.95266	1.52	86	82	144	151	1.76
1969	110+	0.66763	1.00000	1.5	4	4	6	6	1.50
1970	0	0.01957	0.01923	0.11	100000	1923	98284	7495166	74.95
1970	1-4	0.00082	0.00326	1.65	98077	320	391554	7396882	75.42
1970	5-9	0.00039	0.00193	2.35	97756	189	488282	7005328	71.66
1970	10-14	0.00036	0.00177	2.72	97567	173	487442	6517046	66.80
1970	15-19	0.00068	0.00337	2.66	97394	328	486203	6029604	61.91
1970	20-24	0.00085	0.00425	2.44	97066	413	484271	5543401	57.11
1970	25-29	0.00092	0.00458	2.56	96653	442	482186	5059130	52.34
1970	30-34	0.00125	0.00621	2.62	96211	597	479631	4576944	47.57
1970	35-39	0.00191	0.00950	2.61	95613	909	475895	4097313	42.85
1970	40-44	0.00279	0.01385	2.62	94705	1311	470399	3621417	38.24
1970	45-49	0.00419	0.02072	2.59	93393	1935	462310	3151018	33.74
1970	50-54	0.00585	0.02886	2.68	91458	2639	451170	2688709	29.40
1970	55-59	0.00834	0.04092	2.67	88819	3635	435636	2237539	25.19
1970	60-64	0.01262	0.06129	2.67	85185	5221	413738	1801903	21.15
1970	65-69	0.01950	0.09323	2.65	79964	7455	382315	1388165	17.36
1970	70-74	0.03003	0.14038	2.68	72509	10179	338913	1005850	13.87
1970	75-79	0.04887	0.21851	2.58	62330	13620	278709	666937	10.70
1970	80-84	0.08045	0.33558	2.53	48710	16346	203188	388228	7.97
1970	85-89	0.13841	0.50933	2.41	32364	16484	119097	185040	5.72
1970	90-94	0.21384	0.66799	2.19	15880	10608	49607	65943	4.15
1970	95-99	0.30328	0.79817	2.03	5272	4208	13876	16335	3.10
1970	100-104	0.42177	0.89516	1.79	1064	953	2258	2460	2.31
1970	105-109	0.55034	0.94878	1.55	112	106	192	201	1.80
1970	110+	0.65438	1.00000	1.53	6	6	9	9	1.53
1971	0	0.01831	0.01802	0.1	100000	1802	98386	7527280	75.27
1971	1-4	0.00081	0.00322	1.59	98198	316	392032	7428893	75.65
1971	5-9	0.00031	0.00157	2.22	97882	154	488984	7036862	71.89
1971	10-14	0.00031	0.00155	2.73	97728	151	488300	6547877	67.00
1971	15-19	0.00065	0.00326	2.85	97577	318	487203	6059577	62.10
1971	20-24	0.00077	0.00386	2.49	97260	376	485356	5572374	57.29
1971	25-29	0.00105	0.00522	2.61	96884	506	483211	5087018	52.51
1971	30-34	0.00123	0.00616	2.58	96378	593	480454	4603808	47.77
1971	35-39	0.00181	0.00901	2.83	95785	863	477050	4123354	43.05
1971	40-44	0.00275	0.01368	2.64	94922	1299	471542	3646303	38.41
1971	45-49	0.00401	0.01986	2.64	93623	1859	463719	3174762	33.91
1971	50-54	0.00592	0.02919	2.6	91764	2679	452389	2711042	29.54
1971	55-59	0.00833	0.04087	2.67	89085	3640	436933	2258654	25.35
1971	60-64	0.01271	0.06172	2.67	85445	5274	414912	1821721	21.32
1971	65-69	0.01776	0.08514	2.59	80171	6826	384415	1406809	17.55
1971	70-74	0.02946	0.13756	2.59	73345	10089	342439	1022394	13.94
1971	75-79	0.04861	0.21756	2.59	63256	13762	283139	679954	10.75
1971	80-84	0.08104	0.33835	2.56	49494	16746	206648	396815	8.02
1971	85-89	0.13324	0.49418	2.39	32748	16183	121462	190168	5.81
1971	90-94	0.21447	0.67791	2.29	16564	11229	52357	68706	4.15
1971	95-99	0.30693	0.80250	2.03	5335	4281	13949	16349	3.06
1971	100-104	0.42854	0.89928	1.77	1054	948	2211	2399	2.28
1971	105-109	0.55984	0.95158	1.53	106	101	180	188	1.77
1971	110+	0.66550	1.00000	1.5	5	5	8	8	1.50
1972	0	0.01782	0.01754	0.1	100000	1754	98426	7526947	75.27
1972	1-4	0.00081	0.00323	1.65	98246	318	392236	7428521	75.61
1972	5-9	0.00035	0.00176	2.43	97928	172	489200	7036286	71.85
1972	10-14	0.00034	0.00169	2.65	97756	166	488393	6547085	66.97
1972	15-19	0.00068	0.00339	2.65	97591	331	487178	6058693	62.08
1972	20-24	0.00084	0.00417	2.7	97260	406	485367	5571514	57.28
1972	25-29	0.00091	0.00455	2.77	96854	441	483289	5086147	52.51
1972	30-34	0.00128	0.00637	2.71	96413	614	480658	4602859	47.74
1972	35-39	0.00187	0.00933	2.67	95799	894	476912	4122200	43.03
1972	40-44	0.00257	0.01278	2.65	94905	1213	471670	3645288	38.41
1972	45-49	0.00393	0.01945	2.63	93692	1822	464131	3173618	33.87
1972	50-54	0.00579	0.02854	2.61	91870	2622	453093	2709487	29.49
1972	55-59	0.00830	0.04072	2.67	89248	3634	437760	2256394	25.28
1972	60-64	0.01238	0.06010	2.6	85614	5146	415734	1818633	21.24
1972	65-69	0.01826	0.08748	2.6	80468	7039	385464	1402900	17.43
1972	70-74	0.02952	0.13802	2.65	73429	10135	343352	1017436	13.86
1972	75-79	0.05066	0.22591	2.61	63294	14299	282257	674084	10.65
1972	80-84	0.08228	0.34149	2.51	48996	16732	203347	391827	8.00
1972	85-89	0.13549	0.50245	2.43	32264	16211	119650	188480	5.84
1972	90-94	0.20463	0.65270	2.23	16053	10478	51202	68830	4.29
1972	95-99	0.29655	0.79017	2.04	5575	4405	14856	17627	3.16
1972	100-104	0.41080	0.88822	1.81	1170	1039	2529	2771	2.37
1972	105-109	0.53577	0.94423	1.57	131	123	230	242	1.85
1972	110+	0.63768	1.00000	1.57	7	7	11	11	1.57
1973	0	0.01736	0.01710	0.1	100000	1710	98464	7530321	75.30
1973	1-4	0.00082	0.00327	1.6	98290	322	392389	7431857	75.61
1973	5-9	0.00041	0.00204	2.3	97969	200	489304	7039468	71.85
1973	10-14	0.00032	0.00160	2.42	97769	156	488439	6550165	67.00
1973	15-19	0.00070	0.00347	2.72	97612	339	487288	6061725	62.10
1973	20-24	0.00078	0.00391	2.46	97273	380	485401	5574438	57.31
1973	25-29	0.00089	0.00445	2.68	96893	431	483466	5089036	52.52
1973	30-34	0.00106	0.00529	2.56	96462	510	481068	4605570	47.74
1973	35-39	0.00174	0.00865	2.63	95953	830	477795	4124503	42.98
1973	40-44	0.00267	0.01326	2.61	95123	1262	472593	3646708	38.34
1973	45-49	0.00399	0.01976	2.64	93861	1855	464931	3174114	33.82
1973	50-54	0.00598	0.02948	2.58	92006	2712	453473	2709183	29.45
1973	55-59	0.00850	0.04169	2.65	89294	3722	437714	2255710	25.26
1973	60-64	0.01258	0.06111	2.66	85572	5230	415630	1817996	21.25
1973	65-69	0.01806	0.08659	2.63	80342	6957	385224	1402367	17.45
1973	70-74	0.02980	0.13912	2.62	73385	10209	342586	1017143	13.86
1973	75-79	0.04813	0.21576	2.6	63176	13631	283216	674557	10.68
1973	80-84	0.08187	0.34117	2.56	49545	16903	206475	391341	7.90
1973	85-89	0.14002	0.51456	2.42	32642	16796	119959	184867	5.66
1973	90-94	0.21513	0.67326	2.22	15846	10668	49591	64908	4.10
1973	95-99	0.31938	0.81598	2	5177	4225	13228	15318	2.96
1973	100-104	0.44606	0.90896	1.74	953	866	1941	2090	2.19
1973	105-109	0.58075	0.95710	1.5	87	83	143	148	1.71
1973	110+	0.68764	1.00000	1.45	4	4	5	5	1.45
1974	0	0.01642	0.01619	0.1	100000	1619	98542	7601517	76.02
1974	1-4	0.00071	0.00285	1.62	98381	280	392859	7502975	76.26
1974	5-9	0.00027	0.00134	2.51	98101	132	490178	7110117	72.48
1974	10-14	0.00029	0.00145	2.71	97970	142	489521	6619939	67.57
1974	15-19	0.00057	0.00284	2.78	97827	278	488519	6130417	62.67
1974	20-24	0.00072	0.00358	2.51	97549	350	486878	5641898	57.84
1974	25-29	0.00081	0.00404	2.52	97200	393	485027	5155020	53.04
1974	30-34	0.00100	0.00499	2.66	96807	484	482905	4669993	48.24
1974	35-39	0.00162	0.00806	2.72	96324	776	479848	4187088	43.47
1974	40-44	0.00258	0.01281	2.72	95548	1224	474948	3707240	38.80
1974	45-49	0.00381	0.01890	2.7	94324	1783	467519	3232291	34.27
1974	50-54	0.00541	0.02669	2.59	92541	2470	456753	2764772	29.88
1974	55-59	0.00795	0.03901	2.62	90071	3514	441997	2308019	25.62
1974	60-64	0.01256	0.06099	2.65	86557	5279	420374	1866022	21.56
1974	65-69	0.01800	0.08635	2.64	81278	7018	389814	1445648	17.79
1974	70-74	0.02847	0.13340	2.65	74260	9906	347989	1055834	14.22
1974	75-79	0.04516	0.20399	2.63	64354	13128	290676	707845	11.00
1974	80-84	0.07779	0.32646	2.54	51226	16723	214988	417169	8.14
1974	85-89	0.13300	0.49534	2.42	34503	17091	128501	202181	5.86
1974	90-94	0.20662	0.65988	2.26	17412	11490	55610	73680	4.23
1974	95-99	0.30814	0.80421	2.03	5922	4763	15457	18070	3.05
1974	100-104	0.43314	0.90216	1.77	1160	1046	2415	2613	2.25
1974	105-109	0.56776	0.95387	1.52	113	108	191	198	1.75
1974	110+	0.67556	1.00000	1.48	5	5	8	8	1.48
1975	0	0.01526	0.01505	0.1	100000	1505	98639	7658721	76.59
1975	1-4	0.00069	0.00277	1.57	98495	273	393315	7560083	76.76
1975	5-9	0.00031	0.00156	2.18	98222	154	490674	7166768	72.97
1975	10-14	0.00031	0.00157	2.55	98068	154	489963	6676094	68.08
1975	15-19	0.00058	0.00292	2.62	97914	286	488893	6186132	63.18
1975	20-24	0.00069	0.00346	2.38	97629	338	487257	5697238	58.36
1975	25-29	0.00079	0.00394	2.58	97291	383	485527	5209981	53.55
1975	30-34	0.00093	0.00462	2.44	96908	448	483394	4724454	48.75
1975	35-39	0.00152	0.00759	2.66	96460	733	480584	4241060	43.97
1975	40-44	0.00242	0.01205	2.67	95728	1153	475952	3760476	39.28
1975	45-49	0.00365	0.01811	2.65	94574	1712	468852	3284524	34.73
1975	50-54	0.00531	0.02622	2.59	92862	2435	458444	2815672	30.32
1975	55-59	0.00785	0.03852	2.61	90427	3483	443813	2357228	26.07
1975	60-64	0.01156	0.05626	2.61	86944	4891	423029	1913416	22.01
1975	65-69	0.01711	0.08222	2.63	82053	6746	394300	1490386	18.16
1975	70-74	0.02780	0.13054	2.67	75306	9831	353661	1096087	14.56
1975	75-79	0.04400	0.19901	2.6	65475	13030	296161	742425	11.34
1975	80-84	0.07511	0.31693	2.54	52445	16621	221291	446264	8.51
1975	85-89	0.12010	0.45935	2.44	35824	16456	137018	224973	6.28
1975	90-94	0.19116	0.62812	2.27	19368	12165	63640	87955	4.54
1975	95-99	0.27451	0.76331	2.09	7203	5498	20028	24314	3.38
1975	100-104	0.38483	0.87091	1.86	1705	1485	3858	4286	2.51
1975	105-109	0.50842	0.93503	1.62	220	206	405	428	1.95
1975	110+	0.61069	1.00000	1.64	14	14	23	23	1.64
1976	0	0.01509	0.01489	0.1	100000	1489	98653	7669244	76.69
1976	1-4	0.00071	0.00285	1.52	98511	281	393347	7570591	76.85
1976	5-9	0.00024	0.00121	2.43	98230	119	490846	7177245	73.07
1976	10-14	0.00026	0.00127	2.65	98111	125	490262	6686399	68.15
1976	15-19	0.00054	0.00272	2.83	97986	266	489352	6196137	63.23
1976	20-24	0.00067	0.00334	2.48	97720	326	487776	5706784	58.40
1976	25-29	0.00066	0.00331	2.73	97394	322	486236	5219008	53.59
1976	30-34	0.00099	0.00494	2.6	97072	479	484207	4732772	48.76
1976	35-39	0.00146	0.00725	2.72	96592	701	481366	4248565	43.98
1976	40-44	0.00230	0.01143	2.61	95892	1096	476844	3767199	39.29
1976	45-49	0.00362	0.01797	2.63	94796	1704	469948	3290354	34.71
1976	50-54	0.00538	0.02658	2.62	93093	2474	459578	2820406	30.30
1976	55-59	0.00765	0.03756	2.65	90618	3404	445105	2360828	26.05
1976	60-64	0.01165	0.05667	2.61	87214	4942	424274	1915723	21.97
1976	65-69	0.01704	0.08188	2.63	82272	6736	395364	1491450	18.13
1976	70-74	0.02620	0.12331	2.61	75536	9314	355434	1096085	14.51
1976	75-79	0.04519	0.20367	2.58	66222	13487	298469	740652	11.18
1976	80-84	0.07498	0.31735	2.58	52734	16735	223189	442183	8.39
1976	85-89	0.12404	0.47060	2.44	35999	16941	136573	218994	6.08
1976	90-94	0.20152	0.64814	2.25	19058	12352	61294	82420	4.32
1976	95-99	0.29680	0.79158	2.05	6706	5308	17884	21126	3.15
1976	100-104	0.41983	0.89460	1.79	1398	1250	2978	3242	2.32
1976	105-109	0.55407	0.95019	1.54	147	140	253	264	1.79
1976	110+	0.66255	1.00000	1.51	7	7	11	11	1.51
1977	0	0.01344	0.01328	0.09	100000	1328	98792	7730751	77.31
1977	1-4	0.00062	0.00247	1.52	98672	243	394083	7631958	77.35
1977	5-9	0.00025	0.00126	2.39	98429	124	491820	7237875	73.53
1977	10-14	0.00024	0.00122	2.57	98305	120	491233	6746056	68.62
1977	15-19	0.00051	0.00257	2.79	98185	252	490366	6254823	63.70
1977	20-24	0.00069	0.00347	2.58	97933	340	488842	5764457	58.86
1977	25-29	0.00071	0.00355	2.52	97593	347	487105	5275615	54.06
1977	30-34	0.00087	0.00437	2.62	97246	424	485217	4788509	49.24
1977	35-39	0.00152	0.00758	2.69	96821	734	482411	4303292	44.45
1977	40-44	0.00218	0.01086	2.71	96087	1043	478046	3820881	39.76
1977	45-49	0.00339	0.01683	2.71	95044	1600	471559	3342835	35.17
1977	50-54	0.00521	0.02574	2.6	93444	2406	461446	2871276	30.73
1977	55-59	0.00749	0.03679	2.63	91039	3349	447241	2409830	26.47
1977	60-64	0.01106	0.05389	2.67	87689	4725	427425	1962589	22.38
1977	65-69	0.01646	0.07924	2.65	82964	6574	399369	1535163	18.50
1977	70-74	0.02541	0.11976	2.61	76390	9149	360050	1135794	14.87
1977	75-79	0.04209	0.19119	2.6	67241	12856	305411	775744	11.54
1977	80-84	0.07162	0.30536	2.59	54386	16607	231864	470333	8.65
1977	85-89	0.11838	0.45596	2.48	37778	17225	145506	238469	6.31
1977	90-94	0.19179	0.63153	2.3	20553	12980	67679	92962	4.52
1977	95-99	0.27753	0.76783	2.09	7573	5815	20953	25283	3.34
1977	100-104	0.39336	0.87743	1.84	1758	1543	3922	4330	2.46
1977	105-109	0.52267	0.94036	1.6	216	203	388	408	1.89
1977	110+	0.62909	1.00000	1.59	13	13	20	20	1.59
1978	0	0.01309	0.01293	0.09	100000	1293	98823	7730181	77.30
1978	1-4	0.00059	0.00235	1.64	98707	232	394279	7631358	77.31
1978	5-9	0.00029	0.00145	2.2	98474	142	491974	7237080	73.49
1978	10-14	0.00028	0.00142	2.79	98332	140	491351	6745106	68.60
1978	15-19	0.00060	0.00301	2.73	98192	295	490291	6253755	63.69
1978	20-24	0.00072	0.00360	2.64	97897	353	488651	5763464	58.87
1978	25-29	0.00073	0.00363	2.64	97544	354	486883	5274813	54.08
1978	30-34	0.00090	0.00448	2.73	97190	435	484961	4787930	49.26
1978	35-39	0.00136	0.00678	2.69	96754	656	482257	4302969	44.47
1978	40-44	0.00211	0.01052	2.64	96099	1011	478104	3820713	39.76
1978	45-49	0.00340	0.01687	2.64	95088	1604	471659	3342608	35.15
1978	50-54	0.00505	0.02496	2.63	93483	2333	461888	2870949	30.71
1978	55-59	0.00753	0.03701	2.67	91150	3374	447876	2409061	26.43
1978	60-64	0.01083	0.05278	2.62	87777	4633	427875	1961185	22.34
1978	65-69	0.01633	0.07856	2.59	83144	6532	399977	1533310	18.44
1978	70-74	0.02573	0.12114	2.59	76612	9281	360662	1133333	14.79
1978	75-79	0.04194	0.19039	2.58	67331	12819	305623	772671	11.48
1978	80-84	0.07213	0.30700	2.58	54512	16735	232010	467048	8.57
1978	85-89	0.11976	0.45857	2.45	37777	17323	144652	235037	6.22
1978	90-94	0.19713	0.64417	2.31	20454	13176	66838	90385	4.42
1978	95-99	0.28766	0.78080	2.07	7278	5683	19755	23547	3.24
1978	100-104	0.40877	0.88786	1.81	1595	1416	3465	3792	2.38
1978	105-109	0.54232	0.94679	1.56	179	169	312	327	1.83
1978	110+	0.65107	1.00000	1.54	10	10	15	15	1.54
1979	0	0.01223	0.01209	0.09	100000	1209	98896	7753668	77.54
1979	1-4	0.00065	0.00259	1.66	98791	256	394563	7654772	77.48
1979	5-9	0.00029	0.00145	2.3	98535	143	492287	7260209	73.68
1979	10-14	0.00027	0.00134	2.69	98392	131	491654	6767922	68.79
1979	15-19	0.00060	0.00301	2.71	98260	296	490621	6276268	63.87
1979	20-24	0.00069	0.00347	2.54	97964	340	488983	5785646	59.06
1979	25-29	0.00075	0.00375	2.43	97624	366	487183	5296663	54.26
1979	30-34	0.00087	0.00435	2.62	97258	423	485285	4809480	49.45
1979	35-39	0.00143	0.00715	2.67	96835	692	482563	4324195	44.66
1979	40-44	0.00204	0.01015	2.71	96143	976	478482	3841632	39.96
1979	45-49	0.00320	0.01586	2.67	95167	1509	472322	3363151	35.34
1979	50-54	0.00512	0.02530	2.65	93658	2370	462731	2890828	30.87
1979	55-59	0.00749	0.03679	2.6	91288	3358	448389	2428098	26.60
1979	60-64	0.01074	0.05238	2.61	87930	4606	428654	1979709	22.51
1979	65-69	0.01596	0.07692	2.64	83324	6409	401518	1551055	18.61
1979	70-74	0.02534	0.11964	2.67	76915	9202	363160	1149538	14.95
1979	75-79	0.04145	0.18888	2.65	67713	12790	308553	786377	11.61
1979	80-84	0.06911	0.29622	2.59	54923	16269	235429	477825	8.70
1979	85-89	0.11926	0.45736	2.45	38654	17679	148238	242396	6.27
1979	90-94	0.19197	0.62969	2.27	20975	13208	68804	94158	4.49
1979	95-99	0.28449	0.77712	2.08	7767	6036	21217	25354	3.26
1979	100-104	0.40633	0.88647	1.82	1731	1535	3777	4137	2.39
1979	105-109	0.54114	0.94652	1.57	197	186	344	360	1.83
1979	110+	0.65103	1.00000	1.54	11	11	16	16	1.54
1980	0	0.01148	0.01136	0.09	100000	1136	98961	7760022	77.60
1980	1-4	0.00069	0.00275	1.55	98864	272	394787	7661062	77.49
1980	5-9	0.00028	0.00142	2.39	98592	140	492593	7266275	73.70
1980	10-14	0.00026	0.00128	2.85	98452	126	491989	6773681	68.80
1980	15-19	0.00055	0.00275	2.79	98326	271	491033	6281692	63.89
1980	20-24	0.00071	0.00353	2.46	98056	346	489402	5790660	59.05
1980	25-29	0.00073	0.00364	2.66	97710	355	487717	5301258	54.26
1980	30-34	0.00088	0.00437	2.59	97355	426	485748	4813541	49.44
1980	35-39	0.00129	0.00643	2.75	96929	623	483242	4327793	44.65
1980	40-44	0.00202	0.01007	2.6	96305	969	479202	3844550	39.92
1980	45-49	0.00328	0.01628	2.67	95336	1552	473067	3365349	35.30
1980	50-54	0.00491	0.02427	2.62	93784	2276	463515	2892282	30.84
1980	55-59	0.00767	0.03763	2.58	91508	3444	449198	2428767	26.54
1980	60-64	0.01094	0.05327	2.58	88064	4692	428974	1979569	22.48
1980	65-69	0.01627	0.07834	2.65	83373	6531	401537	1550595	18.60
1980	70-74	0.02546	0.11990	2.57	76841	9213	361851	1149057	14.95
1980	75-79	0.04051	0.18457	2.6	67628	12482	308141	787207	11.64
1980	80-84	0.07063	0.30093	2.54	55146	16595	234965	479065	8.69
1980	85-89	0.11698	0.45149	2.47	38551	17405	148793	244100	6.33
1980	90-94	0.19202	0.63128	2.29	21146	13349	69518	95307	4.51
1980	95-99	0.28036	0.77167	2.09	7797	6017	21460	25789	3.31
1980	100-104	0.39879	0.88130	1.83	1780	1569	3934	4329	2.43
1980	105-109	0.53052	0.94306	1.58	211	199	376	394	1.87
1980	110+	0.63853	1.00000	1.57	12	12	19	19	1.57
1981	0	0.01086	0.01076	0.08	100000	1076	99014	7784516	77.85
1981	1-4	0.00056	0.00222	1.68	98924	220	395187	7685502	77.69
1981	5-9	0.00024	0.00120	2.19	98705	119	493188	7290315	73.86
1981	10-14	0.00026	0.00128	2.75	98586	126	492645	6797126	68.95
1981	15-19	0.00056	0.00278	2.9	98460	274	491722	6304481	64.03
1981	20-24	0.00077	0.00386	2.53	98186	379	489993	5812759	59.20
1981	25-29	0.00079	0.00395	2.59	97807	386	488105	5322765	54.42
1981	30-34	0.00087	0.00432	2.65	97421	421	486117	4834660	49.63
1981	35-39	0.00120	0.00597	2.75	97000	579	483699	4348543	44.83
1981	40-44	0.00184	0.00917	2.72	96422	884	480095	3864844	40.08
1981	45-49	0.00304	0.01510	2.62	95537	1443	474252	3384749	35.43
1981	50-54	0.00473	0.02337	2.6	94094	2199	465206	2910497	30.93
1981	55-59	0.00732	0.03596	2.59	91896	3305	451508	2445291	26.61
1981	60-64	0.01101	0.05365	2.62	88591	4753	431657	1993783	22.51
1981	65-69	0.01637	0.07879	2.61	83838	6605	403432	1562126	18.63
1981	70-74	0.02519	0.11890	2.64	77233	9183	364477	1158694	15.00
1981	75-79	0.04043	0.18412	2.58	68050	12529	309884	794217	11.67
1981	80-84	0.07005	0.29891	2.55	55521	16595	236918	484333	8.72
1981	85-89	0.11824	0.45560	2.48	38925	17735	149992	247415	6.36
1981	90-94	0.18649	0.61890	2.28	21191	13115	70324	97423	4.60
1981	95-99	0.27578	0.76566	2.1	8076	6183	22421	27099	3.36
1981	100-104	0.39170	0.87634	1.85	1893	1658	4234	4678	2.47
1981	105-109	0.52133	0.93994	1.6	234	220	422	444	1.90
1981	110+	0.62814	1.00000	1.59	14	14	22	22	1.59
1982	0	0.00964	0.00956	0.08	100000	956	99121	7816078	78.16
1982	1-4	0.00061	0.00245	1.57	99044	242	395589	7716957	77.91
1982	5-9	0.00024	0.00121	2.35	98802	120	493693	7321369	74.10
1982	10-14	0.00019	0.00093	2.62	98682	91	493194	6827675	69.19
1982	15-19	0.00054	0.00269	2.89	98591	266	492394	6334481	64.25
1982	20-24	0.00066	0.00329	2.59	98325	323	490847	5842087	59.42
1982	25-29	0.00071	0.00355	2.55	98002	348	489159	5351240	54.60
1982	30-34	0.00084	0.00421	2.62	97654	411	487294	4862081	49.79
1982	35-39	0.00120	0.00601	2.62	97243	584	484830	4374787	44.99
1982	40-44	0.00193	0.00962	2.59	96659	930	481055	3889957	40.24
1982	45-49	0.00298	0.01480	2.7	95730	1417	475390	3408902	35.61
1982	50-54	0.00446	0.02207	2.69	94313	2082	466747	2933511	31.10
1982	55-59	0.00721	0.03545	2.64	92231	3269	453454	2466764	26.75
1982	60-64	0.01074	0.05234	2.61	88961	4656	433690	2013310	22.63
1982	65-69	0.01632	0.07850	2.59	84305	6618	405579	1579621	18.74
1982	70-74	0.02495	0.11785	2.66	77687	9156	367013	1174042	15.11
1982	75-79	0.04025	0.18385	2.65	68531	12600	313019	807029	11.78
1982	80-84	0.06959	0.29684	2.53	55932	16603	238574	494010	8.83
1982	85-89	0.11244	0.43834	2.49	39329	17239	153316	255436	6.49
1982	90-94	0.18578	0.61914	2.31	22090	13677	73615	102120	4.62
1982	95-99	0.27256	0.76155	2.1	8413	6407	23507	28505	3.39
1982	100-104	0.38830	0.87404	1.85	2006	1753	4516	4998	2.49
1982	105-109	0.51823	0.93892	1.6	253	237	458	482	1.91
1982	110+	0.62548	1.00000	1.6	15	15	25	25	1.60
1983	0	0.00987	0.00979	0.08	100000	979	99100	7812702	78.13
1983	1-4	0.00058	0.00232	1.59	99021	230	395531	7713602	77.90
1983	5-9	0.00027	0.00135	2.46	98791	133	493619	7318071	74.08
1983	10-14	0.00020	0.00101	2.75	98658	100	493067	6824452	69.17
1983	15-19	0.00051	0.00254	2.65	98558	251	492203	6331385	64.24
1983	20-24	0.00068	0.00339	2.52	98308	333	490712	5839183	59.40
1983	25-29	0.00069	0.00344	2.52	97974	337	489038	5348471	54.59
1983	30-34	0.00080	0.00398	2.62	97638	388	487265	4859433	49.77
1983	35-39	0.00128	0.00637	2.69	97249	619	484816	4372168	44.96
1983	40-44	0.00173	0.00860	2.77	96630	831	481296	3887353	40.23
1983	45-49	0.00293	0.01457	2.65	95799	1396	475719	3406057	35.55
1983	50-54	0.00460	0.02275	2.63	94403	2148	466925	2930338	31.04
1983	55-59	0.00700	0.03442	2.69	92255	3176	453934	2463413	26.70
1983	60-64	0.01075	0.05241	2.64	89079	4668	434391	2009478	22.56
1983	65-69	0.01666	0.08015	2.64	84411	6766	406110	1575088	18.66
1983	70-74	0.02567	0.12100	2.63	77645	9395	365997	1168978	15.06
1983	75-79	0.04059	0.18505	2.61	68250	12630	311123	802981	11.77
1983	80-84	0.06872	0.29467	2.58	55620	16390	238498	491858	8.84
1983	85-89	0.11375	0.44154	2.47	39231	17322	152274	253360	6.46
1983	90-94	0.18560	0.62071	2.33	21909	13599	73270	101086	4.61
1983	95-99	0.27624	0.76661	2.1	8310	6371	23061	27817	3.35
1983	100-104	0.39506	0.87895	1.84	1939	1705	4315	4755	2.45
1983	105-109	0.52784	0.94229	1.59	235	221	419	440	1.88
1983	110+	0.63693	1.00000	1.57	14	14	21	21	1.57
1984	0	0.00957	0.00949	0.08	100000	949	99127	7817682	78.18
1984	1-4	0.00052	0.00210	1.65	99051	208	395717	7718555	77.93
1984	5-9	0.00024	0.00119	2.35	98843	118	493905	7322838	74.09
1984	10-14	0.00023	0.00114	2.47	98726	113	493343	6828933	69.17
1984	15-19	0.00047	0.00233	2.79	98613	230	492556	6335590	64.25
1984	20-24	0.00064	0.00318	2.55	98383	313	491149	5843034	59.39
1984	25-29	0.00063	0.00315	2.58	98070	309	489604	5351886	54.57
1984	30-34	0.00077	0.00382	2.57	97761	374	487897	4862281	49.74
1984	35-39	0.00114	0.00566	2.65	97388	551	485641	4374384	44.92
1984	40-44	0.00176	0.00878	2.65	96836	850	482182	3888743	40.16
1984	45-49	0.00266	0.01321	2.63	95986	1268	476922	3406561	35.49
1984	50-54	0.00469	0.02320	2.66	94718	2197	468452	2929639	30.93
1984	55-59	0.00727	0.03574	2.7	92520	3306	454990	2461187	26.60
1984	60-64	0.01071	0.05225	2.63	89214	4661	435042	2006197	22.49
1984	65-69	0.01647	0.07926	2.64	84553	6701	406936	1571154	18.58
1984	70-74	0.02619	0.12317	2.59	77851	9589	366177	1164219	14.95
1984	75-79	0.04064	0.18519	2.61	68262	12641	311088	798042	11.69
1984	80-84	0.06995	0.29957	2.61	55621	16662	238206	486954	8.75
1984	85-89	0.11378	0.44270	2.49	38959	17247	151585	248747	6.38
1984	90-94	0.19244	0.63098	2.27	21712	13700	71191	97162	4.48
1984	95-99	0.28663	0.77998	2.08	8012	6249	21803	25972	3.24
1984	100-104	0.41086	0.88952	1.81	1763	1568	3816	4169	2.36
1984	105-109	0.54791	0.94864	1.55	195	185	337	352	1.81
1984	110+	0.65919	1.00000	1.52	10	10	15	15	1.52
1985	0	0.00887	0.00880	0.08	100000	880	99188	7840857	78.41
1985	1-4	0.00044	0.00177	1.52	99120	176	396043	7741669	78.10
1985	5-9	0.00023	0.00117	2.46	98944	116	494426	7345626	74.24
1985	10-14	0.00022	0.00108	2.9	98828	106	493918	6851200	69.32
1985	15-19	0.00052	0.00261	2.81	98722	258	493046	6357281	64.40
1985	20-24	0.00061	0.00303	2.52	98464	298	491581	5864235	59.56
1985	25-29	0.00065	0.00324	2.54	98166	318	490048	5372654	54.73
1985	30-34	0.00085	0.00422	2.68	97848	413	488280	4882606	49.90
1985	35-39	0.00106	0.00529	2.69	97435	515	485986	4394326	45.10
1985	40-44	0.00187	0.00931	2.63	96920	902	482455	3908339	40.33
1985	45-49	0.00276	0.01372	2.67	96017	1317	477021	3425884	35.68
1985	50-54	0.00456	0.02255	2.71	94700	2136	468620	2948863	31.14
1985	55-59	0.00709	0.03488	2.67	92564	3229	455303	2480244	26.79
1985	60-64	0.01069	0.05214	2.66	89336	4658	435774	2024941	22.67
1985	65-69	0.01605	0.07733	2.63	84678	6548	407850	1589166	18.77
1985	70-74	0.02562	0.12065	2.6	78130	9427	368000	1181317	15.12
1985	75-79	0.04001	0.18263	2.62	68703	12547	313608	813316	11.84
1985	80-84	0.06683	0.28771	2.59	56156	16157	241768	499709	8.90
1985	85-89	0.11280	0.43819	2.45	39999	17527	155382	257941	6.45
1985	90-94	0.18776	0.62455	2.32	22472	14035	74749	102558	4.56
1985	95-99	0.28095	0.77304	2.09	8437	6522	23215	27809	3.30
1985	100-104	0.40439	0.88549	1.83	1915	1696	4193	4594	2.40
1985	105-109	0.54147	0.94677	1.57	219	208	383	401	1.83
1985	110+	0.65327	1.00000	1.53	12	12	18	18	1.53
1986	0	0.00894	0.00887	0.08	100000	887	99182	7857657	78.58
1986	1-4	0.00052	0.00209	1.57	99113	207	395950	7758475	78.28
1986	5-9	0.00021	0.00105	2.33	98906	104	494253	7362525	74.44
1986	10-14	0.00020	0.00102	2.64	98802	101	493774	6868272	69.52
1986	15-19	0.00054	0.00269	2.65	98701	266	492883	6374498	64.58
1986	20-24	0.00066	0.00328	2.51	98436	323	491375	5881615	59.75
1986	25-29	0.00062	0.00311	2.48	98113	305	489796	5390241	54.94
1986	30-34	0.00073	0.00362	2.69	97808	354	488222	4900444	50.10
1986	35-39	0.00113	0.00563	2.73	97453	549	486022	4412222	45.28
1986	40-44	0.00166	0.00827	2.74	96904	802	482708	3926201	40.52
1986	45-49	0.00273	0.01356	2.7	96103	1303	477520	3443493	35.83
1986	50-54	0.00448	0.02217	2.66	94799	2102	469087	2965972	31.29
1986	55-59	0.00689	0.03392	2.69	92697	3144	456229	2496885	26.94
1986	60-64	0.01072	0.05222	2.58	89553	4677	436458	2040656	22.79
1986	65-69	0.01658	0.07970	2.58	84876	6764	408029	1604198	18.90
1986	70-74	0.02502	0.11803	2.61	78112	9220	368513	1196170	15.31
1986	75-79	0.03971	0.18143	2.62	68892	12499	314721	827656	12.01
1986	80-84	0.06443	0.27898	2.6	56393	15732	244178	512936	9.10
1986	85-89	0.10889	0.42754	2.49	40661	17384	159643	268757	6.61
1986	90-94	0.18071	0.60794	2.31	23277	14151	78307	109114	4.69
1986	95-99	0.27299	0.76291	2.11	9126	6962	25503	30807	3.38
1986	100-104	0.39492	0.87929	1.85	2164	1902	4817	5304	2.45
1986	105-109	0.53164	0.94376	1.58	261	246	464	486	1.86
1986	110+	0.64385	1.00000	1.55	15	15	23	23	1.55
1987	0	0.00837	0.00831	0.08	100000	831	99233	7867470	78.67
1987	1-4	0.00047	0.00187	1.56	99169	185	396226	7768237	78.33
1987	5-9	0.00018	0.00091	2.33	98984	90	494680	7372012	74.48
1987	10-14	0.00016	0.00081	2.87	98894	80	494299	6877332	69.54
1987	15-19	0.00052	0.00262	2.72	98814	259	493478	6383033	64.60
1987	20-24	0.00061	0.00303	2.48	98555	299	492019	5889555	59.76
1987	25-29	0.00065	0.00324	2.56	98256	318	490502	5397536	54.93
1987	30-34	0.00083	0.00416	2.56	97938	408	488692	4907034	50.10
1987	35-39	0.00111	0.00552	2.67	97530	538	486396	4418342	45.30
1987	40-44	0.00158	0.00788	2.65	96992	764	483162	3931945	40.54
1987	45-49	0.00274	0.01359	2.66	96228	1308	478080	3448783	35.84
1987	50-54	0.00438	0.02166	2.65	94920	2056	469769	2970704	31.30
1987	55-59	0.00686	0.03379	2.71	92864	3138	457126	2500935	26.93
1987	60-64	0.01109	0.05401	2.64	89727	4846	437173	2043809	22.78
1987	65-69	0.01580	0.07613	2.62	84881	6462	409055	1606635	18.93
1987	70-74	0.02497	0.11794	2.65	78419	9249	370334	1197580	15.27
1987	75-79	0.04001	0.18269	2.62	69170	12637	315822	827246	11.96
1987	80-84	0.06580	0.28372	2.57	56533	16040	243749	511424	9.05
1987	85-89	0.10844	0.42578	2.48	40494	17241	159001	267675	6.61
1987	90-94	0.18260	0.61464	2.34	23252	14292	78267	108674	4.67
1987	95-99	0.27152	0.76074	2.11	8961	6817	25105	30407	3.39
1987	100-104	0.39123	0.87655	1.85	2144	1879	4803	5302	2.47
1987	105-109	0.52573	0.94173	1.59	265	249	474	498	1.88
1987	110+	0.63645	1.00000	1.57	15	15	24	24	1.57
1988	0	0.00843	0.00836	0.08	100000	836	99228	7861958	78.62
1988	1-4	0.00049	0.00194	1.49	99164	192	396172	7762730	78.28
1988	5-9	0.00025	0.00125	2.35	98971	123	494530	7366558	74.43
1988	10-14	0.00020	0.00101	2.93	98848	100	494032	6872028	69.52
1988	15-19	0.00051	0.00256	2.7	98748	253	493155	6377996	64.59
1988	20-24	0.00063	0.00313	2.56	98495	308	491720	5884840	59.75
1988	25-29	0.00069	0.00345	2.45	98186	338	490068	5393121	54.93
1988	30-34	0.00079	0.00392	2.5	97848	384	488280	4903052	50.11
1988	35-39	0.00106	0.00529	2.64	97464	516	486105	4414772	45.30
1988	40-44	0.00157	0.00780	2.66	96949	756	482973	3928667	40.52
1988	45-49	0.00260	0.01291	2.73	96193	1242	478140	3445693	35.82
1988	50-54	0.00429	0.02124	2.65	94950	2017	470019	2967554	31.25
1988	55-59	0.00679	0.03343	2.65	92933	3106	457379	2497535	26.87
1988	60-64	0.01124	0.05479	2.69	89827	4921	437748	2040156	22.71
1988	65-69	0.01600	0.07709	2.64	84906	6546	409099	1602408	18.87
1988	70-74	0.02477	0.11705	2.66	78360	9172	370339	1193309	15.23
1988	75-79	0.04007	0.18289	2.62	69188	12654	315791	822970	11.89
1988	80-84	0.06628	0.28592	2.6	56534	16164	243874	507178	8.97
1988	85-89	0.11171	0.43677	2.5	40370	17633	157835	263304	6.52
1988	90-94	0.18272	0.61312	2.32	22737	13941	76295	105469	4.64
1988	95-99	0.27884	0.77044	2.1	8797	6777	24305	29174	3.32
1988	100-104	0.40224	0.88415	1.83	2019	1785	4439	4868	2.41
1988	105-109	0.53963	0.94624	1.57	234	221	410	430	1.84
1988	110+	0.65182	1.00000	1.53	13	13	19	19	1.53
1989	0	0.00884	0.00877	0.08	100000	877	99191	7862996	78.63
1989	1-4	0.00050	0.00198	1.56	99123	196	396014	7763805	78.32
1989	5-9	0.00022	0.00108	2.51	98927	106	494369	7367791	74.48
1989	10-14	0.00021	0.00103	2.66	98820	102	493862	6873422	69.55
1989	15-19	0.00052	0.00262	2.44	98718	258	492930	6379559	64.62
1989	20-24	0.00057	0.00284	2.49	98460	280	491598	5886630	59.79
1989	25-29	0.00066	0.00329	2.51	98180	323	490096	5395032	54.95
1989	30-34	0.00079	0.00394	2.72	97857	386	488405	4904936	50.12
1989	35-39	0.00104	0.00519	2.58	97471	506	486134	4416531	45.31
1989	40-44	0.00162	0.00809	2.67	96966	784	483000	3930397	40.53
1989	45-49	0.00264	0.01312	2.7	96182	1262	478002	3447396	35.84
1989	50-54	0.00430	0.02129	2.73	94920	2021	470012	2969395	31.28
1989	55-59	0.00682	0.03360	2.76	92899	3121	457515	2499382	26.90
1989	60-64	0.01067	0.05201	2.62	89778	4670	437790	2041867	22.74
1989	65-69	0.01687	0.08112	2.64	85108	6904	409232	1604077	18.85
1989	70-74	0.02509	0.11835	2.62	78205	9256	368969	1194845	15.28
1989	75-79	0.03966	0.18127	2.63	68949	12498	315170	825876	11.98
1989	80-84	0.06481	0.28010	2.58	56451	15812	243952	510706	9.05
1989	85-89	0.11054	0.43315	2.5	40639	17603	159248	266754	6.56
1989	90-94	0.18031	0.60499	2.28	23036	13937	77291	107506	4.67
1989	95-99	0.27828	0.76991	2.1	9100	7006	25175	30215	3.32
1989	100-104	0.40286	0.88469	1.83	2094	1852	4598	5040	2.41
1989	105-109	0.54159	0.94692	1.57	241	229	422	442	1.83
1989	110+	0.65478	1.00000	1.53	13	13	20	20	1.53
1990	0	0.00759	0.00753	0.07	100000	753	99302	7898068	78.98
1990	1-4	0.00042	0.00166	1.48	99247	165	396570	7798765	78.58
1990	5-9	0.00019	0.00096	2.35	99082	95	495158	7402195	74.71
1990	10-14	0.00023	0.00116	2.77	98987	115	494677	6907037	69.78
1990	15-19	0.00048	0.00240	2.61	98872	237	493792	6412360	64.86
1990	20-24	0.00050	0.00252	2.45	98635	248	492540	5918568	60.00
1990	25-29	0.00061	0.00305	2.43	98386	300	491161	5426027	55.15
1990	30-34	0.00080	0.00401	2.63	98086	394	489497	4934866	50.31
1990	35-39	0.00111	0.00555	2.57	97692	542	487145	4445370	45.50
1990	40-44	0.00158	0.00787	2.63	97150	765	483941	3958224	40.74
1990	45-49	0.00260	0.01294	2.67	96386	1247	479020	3474284	36.05
1990	50-54	0.00413	0.02045	2.65	95139	1945	471128	2995263	31.48
1990	55-59	0.00690	0.03395	2.61	93193	3164	458390	2524135	27.08
1990	60-64	0.01090	0.05314	2.63	90029	4784	438821	2065745	22.95
1990	65-69	0.01617	0.07784	2.61	85245	6635	410352	1626924	19.09
1990	70-74	0.02475	0.11677	2.59	78610	9179	370898	1216571	15.48
1990	75-79	0.03755	0.17247	2.64	69430	11974	318875	845674	12.18
1990	80-84	0.06416	0.27761	2.57	57456	15950	248586	526799	9.17
1990	85-89	0.10653	0.42058	2.5	41505	17456	163862	278213	6.70
1990	90-94	0.17693	0.59960	2.31	24049	14420	81501	114351	4.75
1990	95-99	0.26960	0.75840	2.12	9629	7303	27087	32851	3.41
1990	100-104	0.39033	0.87609	1.85	2326	2038	5222	5764	2.48
1990	105-109	0.52625	0.94201	1.59	288	272	516	542	1.88
1990	110+	0.63818	1.00000	1.57	17	17	26	26	1.57
1991	0	0.00705	0.00700	0.07	100000	700	99351	7907156	79.07
1991	1-4	0.00044	0.00174	1.64	99300	173	396789	7807806	78.63
1991	5-9	0.00016	0.00079	2.39	99127	78	495429	7411016	74.76
1991	10-14	0.00022	0.00109	2.72	99048	108	494996	6915588	69.82
1991	15-19	0.00050	0.00251	2.77	98940	249	494146	6420592	64.89
1991	20-24	0.00060	0.00302	2.57	98692	298	492732	5926446	60.05
1991	25-29	0.00063	0.00313	2.63	98394	308	491238	5433713	55.22
1991	30-34	0.00085	0.00426	2.61	98086	418	489432	4942476	50.39
1991	35-39	0.00111	0.00555	2.63	97668	542	487053	4453044	45.59
1991	40-44	0.00158	0.00788	2.69	97126	765	483859	3965991	40.83
1991	45-49	0.00273	0.01357	2.73	96360	1307	478833	3482132	36.14
1991	50-54	0.00415	0.02055	2.68	95053	1954	470739	3003299	31.60
1991	55-59	0.00673	0.03311	2.63	93099	3082	458199	2532560	27.20
1991	60-64	0.01099	0.05355	2.64	90017	4820	438704	2074362	23.04
1991	65-69	0.01670	0.08029	2.59	85197	6841	409507	1635658	19.20
1991	70-74	0.02433	0.11497	2.62	78356	9009	370316	1226150	15.65
1991	75-79	0.03673	0.16896	2.63	69347	11717	318995	855835	12.34
1991	80-84	0.06231	0.27038	2.56	57630	15582	250078	536839	9.32
1991	85-89	0.10475	0.41550	2.51	42048	17471	166795	286761	6.82
1991	90-94	0.17057	0.58802	2.36	24577	14452	84723	119966	4.88
1991	95-99	0.26318	0.74969	2.13	10125	7591	28843	35243	3.48
1991	100-104	0.38216	0.87028	1.87	2534	2206	5772	6400	2.53
1991	105-109	0.51717	0.93895	1.61	329	309	597	629	1.91
1991	110+	0.62896	1.00000	1.59	20	20	32	32	1.59
1992	0	0.00715	0.00710	0.07	100000	710	99341	7914585	79.15
1992	1-4	0.00038	0.00151	1.5	99290	150	396783	7815244	78.71
1992	5-9	0.00016	0.00079	2.11	99140	78	495472	7418460	74.83
1992	10-14	0.00020	0.00100	2.79	99061	99	495086	6922988	69.89
1992	15-19	0.00045	0.00227	2.92	98962	225	494341	6427902	64.95
1992	20-24	0.00057	0.00287	2.49	98737	283	492975	5933561	60.09
1992	25-29	0.00062	0.00307	2.5	98454	302	491514	5440586	55.26
1992	30-34	0.00078	0.00388	2.65	98151	380	489864	4949073	50.42
1992	35-39	0.00113	0.00565	2.64	97771	552	487549	4459209	45.61
1992	40-44	0.00170	0.00846	2.67	97219	822	484182	3971660	40.85
1992	45-49	0.00265	0.01316	2.67	96396	1269	479031	3487478	36.18
1992	50-54	0.00418	0.02069	2.65	95128	1968	471014	3008447	31.63
1992	55-59	0.00693	0.03411	2.72	93159	3178	458547	2537432	27.24
1992	60-64	0.01076	0.05251	2.68	89981	4725	438926	2078886	23.10
1992	65-69	0.01629	0.07845	2.65	85257	6689	410562	1639960	19.24
1992	70-74	0.02436	0.11513	2.61	78568	9045	371255	1229397	15.65
1992	75-79	0.03733	0.17158	2.64	69523	11929	319510	858142	12.34
1992	80-84	0.06157	0.26783	2.57	57594	15425	250534	538632	9.35
1992	85-89	0.10390	0.41218	2.49	42169	17381	167283	288098	6.83
1992	90-94	0.17046	0.58969	2.39	24788	14617	85752	120815	4.87
1992	95-99	0.26597	0.75379	2.13	10171	7667	28825	35063	3.45
1992	100-104	0.38786	0.87460	1.86	2504	2190	5647	6238	2.49
1992	105-109	0.52568	0.94196	1.59	314	296	563	591	1.88
1992	110+	0.63930	1.00000	1.56	18	18	29	29	1.56
1993	0	0.00702	0.00698	0.07	100000	698	99353	7902266	79.02
1993	1-4	0.00036	0.00143	1.47	99302	142	396849	7802913	78.58
1993	5-9	0.00021	0.00106	2.34	99160	105	495523	7406064	74.69
1993	10-14	0.00022	0.00110	2.93	99056	109	495053	6910541	69.76
1993	15-19	0.00048	0.00238	2.78	98947	235	494211	6415489	64.84
1993	20-24	0.00055	0.00276	2.53	98712	273	492885	5921277	59.99
1993	25-29	0.00060	0.00298	2.58	98439	294	491484	5428392	55.14
1993	30-34	0.00082	0.00407	2.59	98145	400	489763	4936908	50.30
1993	35-39	0.00115	0.00575	2.74	97745	562	487457	4447144	45.50
1993	40-44	0.00166	0.00825	2.68	97183	802	484059	3959688	40.74
1993	45-49	0.00261	0.01300	2.81	96382	1253	479159	3475629	36.06
1993	50-54	0.00420	0.02077	2.65	95129	1976	471000	2996470	31.50
1993	55-59	0.00653	0.03219	2.72	93153	2998	458928	2525470	27.11
1993	60-64	0.01064	0.05192	2.67	90155	4681	439875	2066542	22.92
1993	65-69	0.01607	0.07746	2.66	85474	6620	411907	1626667	19.03
1993	70-74	0.02492	0.11767	2.64	78853	9279	372333	1214760	15.41
1993	75-79	0.03795	0.17412	2.64	69574	12114	319246	842426	12.11
1993	80-84	0.06447	0.27917	2.6	57460	16041	248804	523180	9.11
1993	85-89	0.10812	0.42524	2.49	41419	17613	162896	274375	6.62
1993	90-94	0.17985	0.60646	2.32	23806	14437	80273	111480	4.68
1993	95-99	0.27716	0.76856	2.1	9369	7200	25979	31207	3.33
1993	100-104	0.40209	0.88426	1.83	2168	1917	4768	5228	2.41
1993	105-109	0.54140	0.94690	1.57	251	238	439	459	1.83
1993	110+	0.65509	1.00000	1.53	13	13	20	20	1.53
1994	0	0.00640	0.00636	0.07	100000	636	99409	7919113	79.19
1994	1-4	0.00039	0.00156	1.43	99364	155	397059	7819704	78.70
1994	5-9	0.00019	0.00093	2.41	99209	92	495810	7422645	74.82
1994	10-14	0.00019	0.00094	2.8	99118	94	495382	6926835	69.89
1994	15-19	0.00047	0.00236	2.7	99024	234	494581	6431453	64.95
1994	20-24	0.00050	0.00251	2.5	98790	248	493331	5936872	60.10
1994	25-29	0.00065	0.00325	2.56	98542	321	491928	5443541	55.24
1994	30-34	0.00077	0.00385	2.72	98222	378	490247	4951613	50.41
1994	35-39	0.00117	0.00583	2.61	97843	570	487850	4461366	45.60
1994	40-44	0.00161	0.00800	2.63	97273	778	484518	3973516	40.85
1994	45-49	0.00253	0.01258	2.61	96495	1214	479573	3488998	36.16
1994	50-54	0.00402	0.01991	2.67	95281	1897	471995	3009425	31.58
1994	55-59	0.00659	0.03247	2.72	93384	3033	460011	2537429	27.17
1994	60-64	0.01038	0.05066	2.66	90352	4577	441059	2077418	22.99
1994	65-69	0.01569	0.07564	2.65	85774	6488	413632	1636360	19.08
1994	70-74	0.02496	0.11784	2.63	79286	9343	374314	1222727	15.42
1994	75-79	0.03807	0.17462	2.63	69943	12214	320809	848413	12.13
1994	80-84	0.06359	0.27562	2.59	57730	15911	250227	527604	9.14
1994	85-89	0.10882	0.42741	2.49	41818	17874	164249	277377	6.63
1994	90-94	0.17760	0.60076	2.31	23945	14385	80995	113128	4.72
1994	95-99	0.27425	0.76472	2.11	9560	7311	26657	32133	3.36
1994	100-104	0.39783	0.88139	1.84	2249	1982	4983	5476	2.43
1994	105-109	0.53616	0.94526	1.58	267	252	470	493	1.85
1994	110+	0.64941	1.00000	1.54	15	15	22	22	1.54
1995	0	0.00597	0.00594	0.07	100000	594	99447	7918602	79.19
1995	1-4	0.00035	0.00141	1.61	99406	140	397289	7819154	78.66
1995	5-9	0.00017	0.00084	2.16	99266	83	496094	7421865	74.77
1995	10-14	0.00021	0.00104	2.73	99183	103	495681	6925771	69.83
1995	15-19	0.00044	0.00222	2.65	99080	220	494882	6430090	64.90
1995	20-24	0.00052	0.00262	2.54	98860	259	493661	5935208	60.04
1995	25-29	0.00062	0.00309	2.57	98601	305	492265	5441548	55.19
1995	30-34	0.00076	0.00380	2.64	98296	373	490600	4949283	50.35
1995	35-39	0.00121	0.00604	2.66	97923	592	488229	4458683	45.53
1995	40-44	0.00172	0.00858	2.67	97331	835	484709	3970455	40.79
1995	45-49	0.00256	0.01270	2.63	96496	1226	479578	3485746	36.12
1995	50-54	0.00408	0.02023	2.69	95270	1928	471902	3006168	31.55
1995	55-59	0.00654	0.03220	2.67	93343	3006	459708	2534267	27.15
1995	60-64	0.01060	0.05173	2.65	90337	4673	440685	2074559	22.96
1995	65-69	0.01560	0.07526	2.65	85664	6447	413189	1633874	19.07
1995	70-74	0.02517	0.11874	2.63	79217	9406	373773	1220685	15.41
1995	75-79	0.03796	0.17398	2.6	69811	12146	319941	846912	12.13
1995	80-84	0.06358	0.27520	2.56	57665	15870	249596	526971	9.14
1995	85-89	0.10775	0.42463	2.51	41795	17748	164707	277375	6.64
1995	90-94	0.18014	0.60984	2.35	24048	14665	81413	112668	4.69
1995	95-99	0.27704	0.76851	2.1	9382	7210	26027	31255	3.33
1995	100-104	0.40277	0.88478	1.83	2172	1922	4771	5228	2.41
1995	105-109	0.54296	0.94741	1.56	250	237	437	457	1.82
1995	110+	0.65727	1.00000	1.52	13	13	20	20	1.52
1996	0	0.00609	0.00606	0.07	100000	606	99437	7919195	79.19
1996	1-4	0.00033	0.00133	1.66	99394	133	397268	7819758	78.67
1996	5-9	0.00020	0.00099	2.5	99262	98	496065	7422491	74.78
1996	10-14	0.00018	0.00089	2.87	99164	88	495631	6926426	69.85
1996	15-19	0.00047	0.00234	2.56	99076	232	494812	6430795	64.91
1996	20-24	0.00053	0.00263	2.49	98844	260	493568	5935983	60.05
1996	25-29	0.00060	0.00297	2.53	98584	293	492197	5442414	55.21
1996	30-34	0.00082	0.00407	2.54	98291	400	490472	4950217	50.36
1996	35-39	0.00112	0.00560	2.67	97891	548	488179	4459745	45.56
1996	40-44	0.00165	0.00821	2.64	97343	799	484830	3971566	40.80
1996	45-49	0.00253	0.01257	2.62	96544	1214	479838	3486736	36.12
1996	50-54	0.00404	0.02003	2.68	95331	1909	472225	3006898	31.54
1996	55-59	0.00645	0.03176	2.64	93421	2967	460110	2534673	27.13
1996	60-64	0.01027	0.05014	2.67	90454	4536	441716	2074564	22.93
1996	65-69	0.01552	0.07491	2.67	85918	6436	414596	1632848	19.00
1996	70-74	0.02498	0.11795	2.64	79482	9375	375266	1218252	15.33
1996	75-79	0.03825	0.17514	2.59	70107	12278	320989	842986	12.02
1996	80-84	0.06475	0.27999	2.59	57829	16191	250046	521996	9.03
1996	85-89	0.11014	0.43155	2.49	41637	17969	163136	271951	6.53
1996	90-94	0.18430	0.61504	2.3	23669	14557	78987	108815	4.60
1996	95-99	0.28282	0.77585	2.09	9111	7069	24995	29828	3.27
1996	100-104	0.41037	0.88965	1.82	2042	1817	4428	4833	2.37
1996	105-109	0.55155	0.94993	1.55	225	214	388	405	1.80
1996	110+	0.66601	1.00000	1.5	11	11	17	17	1.50
1997	0	0.00582	0.00579	0.07	100000	579	99461	7915663	79.16
1997	1-4	0.00036	0.00143	1.49	99421	142	397327	7816202	78.62
1997	5-9	0.00018	0.00089	2.3	99279	89	496156	7418875	74.73
1997	10-14	0.00019	0.00094	2.6	99191	93	495729	6922719	69.79
1997	15-19	0.00049	0.00247	2.8	99098	245	494950	6426989	64.86
1997	20-24	0.00050	0.00248	2.54	98853	245	493659	5932039	60.01
1997	25-29	0.00061	0.00303	2.6	98607	298	492320	5438380	55.15
1997	30-34	0.00076	0.00380	2.63	98309	374	490658	4946059	50.31
1997	35-39	0.00117	0.00584	2.7	97935	572	488357	4455402	45.49
1997	40-44	0.00168	0.00835	2.66	97363	813	484911	3967045	40.74
1997	45-49	0.00249	0.01240	2.69	96550	1197	479983	3482134	36.07
1997	50-54	0.00397	0.01967	2.69	95353	1875	472426	3002150	31.48
1997	55-59	0.00650	0.03202	2.66	93478	2993	460389	2529724	27.06
1997	60-64	0.01042	0.05087	2.66	90485	4603	441636	2069335	22.87
1997	65-69	0.01575	0.07595	2.66	85882	6523	414172	1627699	18.95
1997	70-74	0.02501	0.11797	2.59	79359	9362	374266	1213527	15.29
1997	75-79	0.03882	0.17765	2.62	69997	12435	320335	839262	11.99
1997	80-84	0.06454	0.27934	2.59	57562	16079	249120	518927	9.02
1997	85-89	0.11048	0.43333	2.51	41483	17976	162708	269807	6.50
1997	90-94	0.18523	0.62078	2.34	23507	14593	78780	107098	4.56
1997	95-99	0.29265	0.78831	2.07	8914	7027	24012	28318	3.18
1997	100-104	0.42685	0.89987	1.79	1887	1698	3978	4305	2.28
1997	105-109	0.57333	0.95595	1.51	189	181	315	327	1.73
1997	110+	0.69023	1.00000	1.45	8	8	12	12	1.45
1998	0	0.00595	0.00591	0.07	100000	591	99450	7933796	79.34
1998	1-4	0.00031	0.00123	1.51	99409	122	397330	7834346	78.81
1998	5-9	0.00016	0.00078	2.53	99287	78	496240	7437016	74.90
1998	10-14	0.00018	0.00088	2.83	99209	87	495855	6940776	69.96
1998	15-19	0.00048	0.00238	2.64	99122	236	495051	6444920	65.02
1998	20-24	0.00046	0.00230	2.59	98886	227	493882	5949870	60.17
1998	25-29	0.00057	0.00284	2.63	98659	281	492628	5455988	55.30
1998	30-34	0.00074	0.00370	2.6	98378	364	491014	4963360	50.45
1998	35-39	0.00117	0.00584	2.57	98014	572	488679	4472346	45.63
1998	40-44	0.00165	0.00822	2.63	97441	801	485312	3983667	40.88
1998	45-49	0.00250	0.01244	2.72	96640	1202	480467	3498355	36.20
1998	50-54	0.00389	0.01927	2.67	95439	1839	472900	3017889	31.62
1998	55-59	0.00629	0.03098	2.69	93599	2900	461295	2544988	27.19
1998	60-64	0.01014	0.04953	2.7	90700	4492	443165	2083693	22.97
1998	65-69	0.01536	0.07415	2.65	86207	6392	416039	1640528	19.03
1998	70-74	0.02502	0.11810	2.64	79815	9427	376815	1224489	15.34
1998	75-79	0.03803	0.17427	2.6	70389	12266	322540	847674	12.04
1998	80-84	0.06484	0.28005	2.57	58122	16277	251033	525134	9.03
1998	85-89	0.10865	0.42627	2.47	41845	17837	164167	274101	6.55
1998	90-94	0.18521	0.61916	2.32	24008	14864	80258	109934	4.58
1998	95-99	0.28558	0.77943	2.09	9143	7126	24954	29676	3.25
1998	100-104	0.41511	0.89269	1.81	2017	1800	4337	4722	2.34
1998	105-109	0.55792	0.95177	1.54	216	206	369	385	1.78
1998	110+	0.67320	1.00000	1.49	10	10	16	16	1.49
1999	0	0.00593	0.00590	0.07	100000	590	99451	7916322	79.16
1999	1-4	0.00033	0.00131	1.64	99410	130	397333	7816871	78.63
1999	5-9	0.00016	0.00079	2.44	99280	79	496198	7419538	74.73
1999	10-14	0.00019	0.00096	2.61	99201	95	495778	6923340	69.79
1999	15-19	0.00045	0.00225	2.83	99106	223	495044	6427562	64.86
1999	20-24	0.00050	0.00250	2.4	98882	247	493769	5932518	60.00
1999	25-29	0.00052	0.00258	2.52	98635	254	492545	5438750	55.14
1999	30-34	0.00069	0.00345	2.63	98381	339	491100	4946205	50.28
1999	35-39	0.00107	0.00533	2.71	98042	523	489014	4455105	45.44
1999	40-44	0.00168	0.00838	2.73	97519	817	485742	3966091	40.67
1999	45-49	0.00262	0.01304	2.67	96702	1261	480578	3480349	35.99
1999	50-54	0.00401	0.01986	2.71	95441	1896	472858	2999771	31.43
1999	55-59	0.00623	0.03070	2.66	93546	2872	461002	2526912	27.01
1999	60-64	0.00980	0.04792	2.68	90674	4345	443267	2065910	22.78
1999	65-69	0.01571	0.07572	2.63	86329	6537	416124	1622643	18.80
1999	70-74	0.02500	0.11804	2.64	79792	9419	376717	1206519	15.12
1999	75-79	0.03918	0.17939	2.65	70373	12624	322245	829801	11.79
1999	80-84	0.06699	0.28786	2.56	57749	16624	248140	507556	8.79
1999	85-89	0.11510	0.44636	2.49	41125	18356	159483	259416	6.31
1999	90-94	0.19485	0.63873	2.3	22769	14543	74638	99933	4.39
1999	95-99	0.30409	0.80141	2.05	8226	6592	21678	25294	3.08
1999	100-104	0.44107	0.90762	1.76	1634	1483	3361	3616	2.21
1999	105-109	0.58840	0.95955	1.49	151	145	246	255	1.69
1999	110+	0.70457	1.00000	1.42	6	6	9	9	1.42
2000	0	0.00551	0.00548	0.07	100000	548	99490	7911320	79.11
2000	1-4	0.00036	0.00145	1.58	99452	144	397461	7811830	78.55
2000	5-9	0.00016	0.00082	2.64	99308	82	496349	7414369	74.66
2000	10-14	0.00015	0.00075	2.86	99227	74	495975	6918020	69.72
2000	15-19	0.00047	0.00234	2.74	99152	232	495238	6422046	64.77
2000	20-24	0.00048	0.00242	2.47	98920	239	493997	5926808	59.92
2000	25-29	0.00056	0.00281	2.53	98681	277	492719	5432811	55.05
2000	30-34	0.00080	0.00399	2.65	98404	393	491096	4940092	50.20
2000	35-39	0.00110	0.00548	2.59	98011	537	488759	4448995	45.39
2000	40-44	0.00172	0.00857	2.67	97474	835	485425	3960236	40.63
2000	45-49	0.00266	0.01322	2.66	96639	1278	480199	3474811	35.96
2000	50-54	0.00388	0.01923	2.65	95361	1834	472494	2994613	31.40
2000	55-59	0.00628	0.03094	2.67	93527	2894	460892	2522118	26.97
2000	60-64	0.00998	0.04875	2.67	90633	4419	442870	2061227	22.74
2000	65-69	0.01535	0.07405	2.63	86214	6384	415943	1618357	18.77
2000	70-74	0.02429	0.11486	2.64	79830	9169	377503	1202414	15.06
2000	75-79	0.04031	0.18372	2.59	70661	12982	322060	824911	11.67
2000	80-84	0.06768	0.29065	2.57	57679	16764	247681	502850	8.72
2000	85-89	0.11626	0.45083	2.51	40915	18446	158656	255169	6.24
2000	90-94	0.20037	0.64777	2.27	22469	14555	72638	96513	4.30
2000	95-99	0.31086	0.80898	2.04	7914	6403	20596	23875	3.02
2000	100-104	0.45086	0.91274	1.74	1512	1380	3060	3279	2.17
2000	105-109	0.59999	0.96218	1.47	132	127	212	219	1.66
2000	110+	0.71643	1.00000	1.4	5	5	7	7	1.40
2001	0	0.00538	0.00535	0.07	100000	535	99501	7917281	79.17
2001	1-4	0.00036	0.00144	1.51	99465	143	397501	7817780	78.60
2001	5-9	0.00014	0.00071	2.54	99321	70	496433	7420279	74.71
2001	10-14	0.00017	0.00085	2.6	99251	85	496051	6923846	69.76
2001	15-19	0.00042	0.00211	2.63	99166	209	495335	6427795	64.82
2001	20-24	0.00046	0.00229	2.42	98957	226	494202	5932460	59.95
2001	25-29	0.00058	0.00289	2.55	98731	285	492957	5438258	55.08
2001	30-34	0.00069	0.00347	2.62	98446	341	491416	4945302	50.23
2001	35-39	0.00105	0.00525	2.66	98105	515	489317	4453886	45.40
2001	40-44	0.00174	0.00867	2.69	97590	846	485992	3964569	40.62
2001	45-49	0.00254	0.01264	2.67	96744	1223	480871	3478576	35.96
2001	50-54	0.00394	0.01954	2.67	95521	1867	473262	2997705	31.38
2001	55-59	0.00643	0.03168	2.68	93654	2967	461371	2524443	26.96
2001	60-64	0.01007	0.04919	2.63	90687	4461	442875	2063071	22.75
2001	65-69	0.01547	0.07461	2.62	86226	6433	415843	1620196	18.79
2001	70-74	0.02405	0.11382	2.65	79793	9082	377589	1204353	15.09
2001	75-79	0.03965	0.18109	2.61	70711	12805	322966	826764	11.69
2001	80-84	0.06724	0.28926	2.59	57906	16750	249120	503798	8.70
2001	85-89	0.11851	0.45634	2.48	41156	18781	158479	254678	6.19
2001	90-94	0.20003	0.65035	2.31	22375	14552	72747	96199	4.30
2001	95-99	0.31312	0.81146	2.03	7824	6349	20275	23452	3.00
2001	100-104	0.45419	0.91443	1.73	1475	1349	2970	3177	2.15
2001	105-109	0.60396	0.96305	1.46	126	122	201	208	1.65
2001	110+	0.72049	1.00000	1.39	5	5	6	6	1.39
2002	0	0.00598	0.00595	0.07	100000	595	99447	7915955	79.16
2002	1-4	0.00030	0.00120	1.61	99405	120	397334	7816508	78.63
2002	5-9	0.00015	0.00075	2.52	99285	74	496243	7419174	74.73
2002	10-14	0.00018	0.00092	2.84	99211	91	495860	6922930	69.78
2002	15-19	0.00046	0.00229	2.71	99120	227	495084	6427071	64.84
2002	20-24	0.00047	0.00235	2.63	98894	232	493917	5931987	59.98
2002	25-29	0.00056	0.00281	2.58	98661	277	492637	5438069	55.12
2002	30-34	0.00074	0.00367	2.65	98384	361	491075	4945433	50.27
2002	35-39	0.00114	0.00567	2.71	98023	556	488846	4454358	45.44
2002	40-44	0.00187	0.00929	2.66	97467	906	485218	3965513	40.69
2002	45-49	0.00259	0.01286	2.65	96562	1242	479893	3480295	36.04
2002	50-54	0.00399	0.01977	2.64	95319	1885	472148	3000402	31.48
2002	55-59	0.00630	0.03106	2.73	93435	2902	460594	2528254	27.06
2002	60-64	0.00979	0.04786	2.64	90533	4333	442424	2067660	22.84
2002	65-69	0.01505	0.07267	2.65	86199	6264	416245	1625235	18.85
2002	70-74	0.02442	0.11540	2.62	79935	9224	377737	1208990	15.12
2002	75-79	0.03914	0.17888	2.6	70711	12649	323165	831254	11.76
2002	80-84	0.06791	0.29184	2.59	58062	16945	249520	508088	8.75
2002	85-89	0.11489	0.44631	2.5	41117	18351	159722	258569	6.29
2002	90-94	0.19686	0.64361	2.31	22766	14653	74433	98846	4.34
2002	95-99	0.31173	0.81002	2.04	8114	6572	21084	24414	3.01
2002	100-104	0.45282	0.91378	1.74	1541	1409	3111	3330	2.16
2002	105-109	0.60285	0.96283	1.47	133	128	212	219	1.65
2002	110+	0.71969	1.00000	1.39	5	5	7	7	1.39
2003	0	0.00601	0.00597	0.07	100000	597	99444	7939874	79.40
2003	1-4	0.00036	0.00144	1.7	99403	143	397281	7840430	78.88
2003	5-9	0.00016	0.00081	2.48	99260	80	496097	7443148	74.99
2003	10-14	0.00015	0.00074	2.72	99180	73	495733	6947051	70.05
2003	15-19	0.00043	0.00217	2.91	99107	215	495086	6451319	65.09
2003	20-24	0.00057	0.00286	2.53	98892	283	493764	5956233	60.23
2003	25-29	0.00055	0.00272	2.71	98610	268	492434	5462469	55.39
2003	30-34	0.00072	0.00361	2.65	98341	355	490870	4970036	50.54
2003	35-39	0.00110	0.00547	2.69	97986	536	488693	4479165	45.71
2003	40-44	0.00182	0.00908	2.61	97450	885	485139	3990472	40.95
2003	45-49	0.00278	0.01380	2.69	96565	1333	479742	3505333	36.30
2003	50-54	0.00385	0.01908	2.62	95232	1817	471836	3025591	31.77
2003	55-59	0.00616	0.03036	2.65	93415	2836	460412	2553755	27.34
2003	60-64	0.00967	0.04728	2.65	90579	4283	442845	2093344	23.11
2003	65-69	0.01467	0.07087	2.63	86297	6116	417000	1650499	19.13
2003	70-74	0.02310	0.10954	2.64	80181	8783	380219	1233499	15.38
2003	75-79	0.03815	0.17507	2.65	71398	12500	327621	853280	11.95
2003	80-84	0.06404	0.27756	2.6	58898	16348	255273	525659	8.92
2003	85-89	0.11403	0.44381	2.5	42550	18884	165612	270386	6.35
2003	90-94	0.19206	0.63599	2.35	23666	15051	78370	104774	4.43
2003	95-99	0.30492	0.80279	2.05	8615	6916	22681	26404	3.07
2003	100-104	0.44572	0.91035	1.75	1699	1547	3470	3723	2.19
2003	105-109	0.59667	0.96156	1.48	152	146	245	254	1.67
2003	110+	0.71484	1.00000	1.4	6	6	8	8	1.40
2004	0	0.00610	0.00607	0.07	100000	607	99436	7984006	79.84
2004	1-4	0.00029	0.00114	1.57	99393	113	397298	7884570	79.33
2004	5-9	0.00014	0.00071	2.35	99280	70	496214	7487272	75.42
2004	10-14	0.00015	0.00074	2.77	99210	74	495883	6991058	70.47
2004	15-19	0.00040	0.00201	2.76	99136	199	495233	6495175	65.52
2004	20-24	0.00049	0.00245	2.4	98937	242	494054	5999942	60.64
2004	25-29	0.00055	0.00276	2.68	98695	273	492840	5505888	55.79
2004	30-34	0.00073	0.00362	2.65	98422	356	491270	5013048	50.93
2004	35-39	0.00104	0.00518	2.64	98065	508	489128	4521778	46.11
2004	40-44	0.00172	0.00856	2.66	97558	835	485829	4032650	41.34
2004	45-49	0.00261	0.01298	2.6	96722	1256	480591	3546821	36.67
2004	50-54	0.00378	0.01872	2.63	95466	1787	473095	3066230	32.12
2004	55-59	0.00564	0.02785	2.69	93679	2609	462365	2593134	27.68
2004	60-64	0.00927	0.04534	2.65	91070	4129	445661	2130769	23.40
2004	65-69	0.01447	0.06995	2.65	86940	6082	420391	1685109	19.38
2004	70-74	0.02228	0.10589	2.65	80859	8562	384213	1264718	15.64
2004	75-79	0.03759	0.17248	2.61	72297	12470	331711	880505	12.18
2004	80-84	0.06117	0.26696	2.62	59827	15971	261103	548793	9.17
2004	85-89	0.10751	0.42380	2.5	43855	18586	172871	287690	6.56
2004	90-94	0.18551	0.62051	2.33	25270	15680	84526	114819	4.54
2004	95-99	0.29416	0.79064	2.08	9590	7582	25775	30293	3.16
2004	100-104	0.43309	0.90376	1.78	2008	1814	4189	4518	2.25
2004	105-109	0.58412	0.95876	1.5	193	185	317	328	1.70
2004	110+	0.70361	1.00000	1.42	8	8	11	11	1.42
2005	0	0.00619	0.00615	0.07	100000	615	99428	7990468	79.90
2005	1-4	0.00027	0.00107	1.62	99385	107	397285	7891040	79.40
2005	5-9	0.00013	0.00065	2.45	99278	64	496226	7493755	75.48
2005	10-14	0.00016	0.00082	2.8	99214	81	495889	6997529	70.53
2005	15-19	0.00035	0.00177	2.83	99133	176	495281	6501640	65.59
2005	20-24	0.00048	0.00238	2.59	98957	236	494214	6006359	60.70
2005	25-29	0.00052	0.00258	2.51	98721	255	492969	5512144	55.84
2005	30-34	0.00079	0.00396	2.59	98466	390	491390	5019175	50.97
2005	35-39	0.00103	0.00514	2.67	98076	504	489205	4527785	46.17
2005	40-44	0.00184	0.00917	2.69	97572	895	485790	4038580	41.39
2005	45-49	0.00267	0.01324	2.63	96677	1280	480354	3552790	36.75
2005	50-54	0.00387	0.01915	2.61	95397	1827	472613	3072436	32.21
2005	55-59	0.00564	0.02782	2.67	93570	2603	461773	2599823	27.78
2005	60-64	0.00928	0.04540	2.65	90966	4129	445119	2138050	23.50
2005	65-69	0.01363	0.06602	2.65	86837	5733	420692	1692931	19.50
2005	70-74	0.02169	0.10322	2.67	81103	8372	385998	1272239	15.69
2005	75-79	0.03610	0.16644	2.66	72732	12105	335304	886242	12.19
2005	80-84	0.06209	0.27030	2.61	60626	16387	263946	550938	9.09
2005	85-89	0.10975	0.43091	2.51	44239	19063	173702	286992	6.49
2005	90-94	0.18732	0.62360	2.32	25176	15700	83812	113290	4.50
2005	95-99	0.29952	0.79690	2.06	9476	7552	25212	29478	3.11
2005	100-104	0.44028	0.90766	1.76	1925	1747	3968	4266	2.22
2005	105-109	0.59216	0.96062	1.48	178	171	288	298	1.68
2005	110+	0.71150	1.00000	1.41	7	7	10	10	1.41
2006	0	0.00579	0.00576	0.07	100000	576	99464	8005589	80.06
2006	1-4	0.00028	0.00114	1.45	99424	113	397407	7906125	79.52
2006	5-9	0.00013	0.00066	2.47	99311	66	496388	7508718	75.61
2006	10-14	0.00015	0.00076	2.71	99245	76	496053	7012329	70.66
2006	15-19	0.00037	0.00184	2.82	99170	183	495450	6516277	65.71
2006	20-24	0.00048	0.00240	2.64	98987	237	494375	6020826	60.82
2006	25-29	0.00060	0.00301	2.68	98750	297	493059	5526452	55.96
2006	30-34	0.00073	0.00364	2.67	98452	358	491427	5033392	51.13
2006	35-39	0.00110	0.00547	2.64	98094	536	489203	4541965	46.30
2006	40-44	0.00169	0.00842	2.71	97558	822	485906	4052762	41.54
2006	45-49	0.00276	0.01371	2.68	96736	1326	480607	3566856	36.87
2006	50-54	0.00385	0.01905	2.63	95410	1818	472736	3086249	32.35
2006	55-59	0.00582	0.02871	2.68	93592	2687	461740	2613513	27.92
2006	60-64	0.00889	0.04355	2.7	90905	3958	445435	2151773	23.67
2006	65-69	0.01375	0.06660	2.65	86947	5791	421116	1706338	19.63
2006	70-74	0.02111	0.10053	2.63	81156	8158	386474	1285222	15.84
2006	75-79	0.03584	0.16518	2.63	72998	12058	336402	898748	12.31
2006	80-84	0.05965	0.26096	2.6	60940	15903	266609	562347	9.23
2006	85-89	0.10671	0.42176	2.52	45037	18995	178006	295738	6.57
2006	90-94	0.18648	0.62247	2.33	26042	16210	86928	117732	4.52
2006	95-99	0.29678	0.79403	2.07	9831	7806	26304	30804	3.13
2006	100-104	0.43896	0.90716	1.77	2025	1837	4185	4500	2.22
2006	105-109	0.59276	0.96085	1.48	188	181	305	315	1.68
2006	110+	0.71353	1.00000	1.4	7	7	10	10	1.40
2007	0	0.00619	0.00615	0.07	100000	615	99428	8019023	80.19
2007	1-4	0.00028	0.00111	1.57	99385	110	397271	7919595	79.69
2007	5-9	0.00013	0.00065	2.23	99275	65	496194	7522324	75.77
2007	10-14	0.00014	0.00070	2.82	99210	69	495898	7026131	70.82
2007	15-19	0.00037	0.00184	2.89	99141	183	495316	6530233	65.87
2007	20-24	0.00047	0.00235	2.62	98958	233	494236	6034916	60.98
2007	25-29	0.00059	0.00295	2.6	98725	291	492925	5540681	56.12
2007	30-34	0.00068	0.00342	2.7	98434	337	491395	5047755	51.28
2007	35-39	0.00106	0.00529	2.69	98097	519	489288	4556360	46.45
2007	40-44	0.00166	0.00827	2.66	97579	807	486006	4067072	41.68
2007	45-49	0.00264	0.01310	2.72	96771	1268	480961	3581066	37.01
2007	50-54	0.00391	0.01935	2.61	95504	1848	473109	3100104	32.46
2007	55-59	0.00560	0.02765	2.67	93656	2590	462255	2626995	28.05
2007	60-64	0.00888	0.04352	2.67	91066	3963	446087	2164740	23.77
2007	65-69	0.01350	0.06542	2.66	87103	5699	422181	1718653	19.73
2007	70-74	0.02100	0.10003	2.63	81404	8143	387744	1296472	15.93
2007	75-79	0.03520	0.16238	2.62	73261	11896	337955	908728	12.40
2007	80-84	0.05868	0.25723	2.6	61365	15785	269004	570773	9.30
2007	85-89	0.10518	0.41713	2.52	45580	19013	180767	301769	6.62
2007	90-94	0.18394	0.61745	2.34	26567	16404	89180	121002	4.55
2007	95-99	0.29685	0.79433	2.07	10163	8073	27195	31823	3.13
2007	100-104	0.44072	0.90823	1.76	2090	1898	4308	4627	2.21
2007	105-109	0.59617	0.96167	1.48	192	184	309	320	1.67
2007	110+	0.71784	1.00000	1.39	7	7	10	10	1.39
2008	0	0.00584	0.00581	0.07	100000	581	99459	8021252	80.21
2008	1-4	0.00030	0.00120	1.51	99419	120	397377	7921793	79.68
2008	5-9	0.00012	0.00059	2.49	99299	59	496348	7524415	75.78
2008	10-14	0.00011	0.00057	2.72	99240	56	496073	7028067	70.82
2008	15-19	0.00037	0.00185	2.81	99184	184	495518	6531994	65.86
2008	20-24	0.00047	0.00237	2.39	99000	234	494391	6036475	60.97
2008	25-29	0.00059	0.00293	2.6	98766	289	493137	5542085	56.11
2008	30-34	0.00074	0.00371	2.58	98477	365	491501	5048948	51.27
2008	35-39	0.00104	0.00518	2.54	98111	509	489306	4557447	46.45
2008	40-44	0.00172	0.00856	2.72	97603	836	486105	4068141	41.68
2008	45-49	0.00260	0.01291	2.69	96767	1250	480945	3582036	37.02
2008	50-54	0.00368	0.01823	2.58	95517	1741	473372	3101092	32.47
2008	55-59	0.00560	0.02764	2.6	93776	2592	462670	2627720	28.02
2008	60-64	0.00889	0.04358	2.7	91185	3974	446770	2165050	23.74
2008	65-69	0.01318	0.06391	2.64	87211	5574	422918	1718280	19.70
2008	70-74	0.02098	0.09997	2.64	81637	8161	388945	1295362	15.87
2008	75-79	0.03537	0.16313	2.62	73476	11986	338881	906417	12.34
2008	80-84	0.05951	0.26056	2.62	61490	16022	269246	567536	9.23
2008	85-89	0.10735	0.42388	2.52	45468	19273	179531	298290	6.56
2008	90-94	0.18494	0.62142	2.36	26195	16278	88020	118758	4.53
2008	95-99	0.30044	0.79843	2.07	9917	7918	26354	30739	3.10
2008	100-104	0.44515	0.91052	1.76	1999	1820	4089	4385	2.19
2008	105-109	0.60076	0.96266	1.47	179	172	287	296	1.65
2008	110+	0.72205	1.00000	1.38	7	7	9	9	1.38
2009	0	0.00552	0.00549	0.07	100000	549	99488	8057844	80.58
2009	1-4	0.00028	0.00111	1.68	99451	110	397546	7958356	80.02
2009	5-9	0.00014	0.00068	2.17	99340	67	496511	7560810	76.11
2009	10-14	0.00014	0.00068	2.73	99273	68	496211	7064299	71.16
2009	15-19	0.00034	0.00169	2.78	99205	168	495655	6568087	66.21
2009	20-24	0.00053	0.00263	2.61	99038	260	494565	6072433	61.31
2009	25-29	0.00059	0.00292	2.65	98777	289	493207	5577868	56.47
2009	30-34	0.00071	0.00352	2.58	98489	347	491602	5084661	51.63
2009	35-39	0.00099	0.00494	2.7	98142	484	489594	4593058	46.80
2009	40-44	0.00163	0.00812	2.66	97657	793	486426	4103465	42.02
2009	45-49	0.00256	0.01270	2.71	96864	1230	481498	3617039	37.34
2009	50-54	0.00378	0.01875	2.67	95633	1793	473997	3135540	32.79
2009	55-59	0.00573	0.02824	2.6	93840	2650	462844	2661543	28.36
2009	60-64	0.00854	0.04185	2.64	91190	3817	446952	2198699	24.11
2009	65-69	0.01286	0.06239	2.6	87373	5451	423772	1751747	20.05
2009	70-74	0.02008	0.09582	2.63	81922	7850	391036	1327975	16.21
2009	75-79	0.03416	0.15807	2.64	74072	11708	342712	936938	12.65
2009	80-84	0.05632	0.24876	2.65	62364	15514	275434	594226	9.53
2009	85-89	0.10125	0.40549	2.55	46850	18997	187629	318792	6.80
2009	90-94	0.17635	0.60194	2.36	27853	16766	95069	131164	4.71
2009	95-99	0.28343	0.77815	2.1	11087	8627	30439	36095	3.26
2009	100-104	0.42287	0.89834	1.8	2460	2210	5225	5656	2.30
2009	105-109	0.57642	0.95709	1.51	250	239	415	431	1.72
2009	110+	0.69868	1.00000	1.43	11	11	15	15	1.43
2010	0	0.00571	0.00568	0.07	100000	568	99471	8069965	80.70
2010	1-4	0.00026	0.00105	1.48	99432	105	397463	7970494	80.16
2010	5-9	0.00010	0.00048	2.48	99327	48	496516	7573031	76.24
2010	10-14	0.00014	0.00068	2.98	99280	67	496263	7076514	71.28
2010	15-19	0.00031	0.00153	2.74	99212	152	495720	6580252	66.32
2010	20-24	0.00051	0.00254	2.57	99061	251	494693	6084532	61.42
2010	25-29	0.00055	0.00274	2.51	98810	271	493375	5589839	56.57
2010	30-34	0.00075	0.00374	2.56	98539	369	491797	5096464	51.72
2010	35-39	0.00098	0.00491	2.6	98170	482	489693	4604668	46.90
2010	40-44	0.00151	0.00754	2.76	97688	737	486788	4114974	42.12
2010	45-49	0.00250	0.01241	2.73	96952	1203	482029	3628186	37.42
2010	50-54	0.00406	0.02012	2.62	95749	1927	474158	3146157	32.86
2010	55-59	0.00558	0.02752	2.66	93822	2582	463077	2671999	28.48
2010	60-64	0.00829	0.04065	2.66	91240	3709	447523	2208922	24.21
2010	65-69	0.01276	0.06192	2.63	87531	5420	424796	1761399	20.12
2010	70-74	0.01954	0.09340	2.65	82111	7669	392510	1336603	16.28
2010	75-79	0.03341	0.15478	2.63	74442	11522	344885	944093	12.68
2010	80-84	0.05600	0.24702	2.62	62920	15543	277557	599208	9.52
2010	85-89	0.10066	0.40361	2.55	47377	19122	189961	321651	6.79
2010	90-94	0.17851	0.60692	2.36	28255	17149	96067	131690	4.66
2010	95-99	0.28833	0.78442	2.09	11107	8712	30216	35623	3.21
2010	100-104	0.43121	0.90325	1.78	2394	2163	5015	5407	2.26
2010	105-109	0.58732	0.95976	1.49	232	222	379	392	1.69
2010	110+	0.71047	1.00000	1.41	9	9	13	13	1.41
2011	0	0.00511	0.00508	0.07	100000	508	99526	8091249	80.91
2011	1-4	0.00025	0.00099	1.6	99492	98	397731	7991723	80.33
2011	5-9	0.00010	0.00051	2.51	99394	51	496840	7593992	76.40
2011	10-14	0.00012	0.00058	2.98	99343	58	496596	7097152	71.44
2011	15-19	0.00028	0.00140	2.99	99285	139	496145	6600555	66.48
2011	20-24	0.00047	0.00233	2.57	99146	231	495169	6104410	61.57
2011	25-29	0.00052	0.00258	2.56	98915	255	493955	5609241	56.71
2011	30-34	0.00076	0.00378	2.67	98660	373	492432	5115286	51.85
2011	35-39	0.00100	0.00500	2.59	98287	492	490255	4622854	47.03
2011	40-44	0.00156	0.00778	2.65	97796	761	487194	4132599	42.26
2011	45-49	0.00242	0.01203	2.7	97035	1168	482488	3645405	37.57
2011	50-54	0.00381	0.01890	2.66	95868	1812	475099	3162918	32.99
2011	55-59	0.00558	0.02756	2.64	94056	2592	464154	2687818	28.58
2011	60-64	0.00837	0.04107	2.71	91463	3756	448720	2223664	24.31
2011	65-69	0.01270	0.06169	2.67	87707	5410	425949	1774944	20.24
2011	70-74	0.01952	0.09331	2.64	82297	7679	393335	1348996	16.39
2011	75-79	0.03253	0.15112	2.65	74617	11276	346606	955660	12.81
2011	80-84	0.05406	0.23961	2.63	63341	15177	280750	609054	9.62
2011	85-89	0.09984	0.40125	2.56	48164	19326	193571	328304	6.82
2011	90-94	0.17688	0.60298	2.36	28838	17389	98311	134733	4.67
2011	95-99	0.29087	0.78790	2.09	11449	9021	31014	36421	3.18
2011	100-104	0.43774	0.90709	1.77	2428	2203	5032	5407	2.23
2011	105-109	0.59735	0.96213	1.48	226	217	363	375	1.66
2011	110+	0.72207	1.00000	1.38	9	9	12	12	1.38
2012	0	0.00542	0.00540	0.07	100000	540	99497	8095624	80.96
2012	1-4	0.00026	0.00103	1.62	99460	102	397598	7996127	80.40
2012	5-9	0.00009	0.00044	2.28	99358	44	496669	7598529	76.48
2012	10-14	0.00012	0.00061	2.7	99314	61	496430	7101860	71.51
2012	15-19	0.00028	0.00141	2.87	99253	140	495969	6605430	66.55
2012	20-24	0.00047	0.00236	2.6	99114	233	495007	6109461	61.64
2012	25-29	0.00059	0.00294	2.57	98880	290	493695	5614454	56.78
2012	30-34	0.00071	0.00353	2.56	98590	348	492101	5120758	51.94
2012	35-39	0.00097	0.00484	2.67	98242	476	490100	4628657	47.11
2012	40-44	0.00140	0.00698	2.61	97766	682	487203	4138558	42.33
2012	45-49	0.00244	0.01214	2.69	97084	1179	482697	3651355	37.61
2012	50-54	0.00386	0.01913	2.67	95905	1835	475249	3168658	33.04
2012	55-59	0.00567	0.02797	2.64	94070	2631	464146	2693409	28.63
2012	60-64	0.00810	0.03976	2.68	91439	3636	448761	2229264	24.38
2012	65-69	0.01226	0.05958	2.63	87803	5232	426614	1780503	20.28
2012	70-74	0.01926	0.09209	2.63	82572	7604	394859	1353889	16.40
2012	75-79	0.03260	0.15143	2.66	74967	11352	348236	959030	12.79
2012	80-84	0.05441	0.24075	2.61	63615	15315	281478	610794	9.60
2012	85-89	0.09946	0.39954	2.54	48300	19298	194021	329316	6.82
2012	90-94	0.17794	0.60474	2.35	29002	17539	98566	135295	4.66
2012	95-99	0.28851	0.78488	2.1	11463	8997	31186	36729	3.20
2012	100-104	0.43331	0.90457	1.78	2466	2231	5148	5543	2.25
2012	105-109	0.59131	0.96075	1.49	235	226	382	395	1.68
2012	110+	0.71549	1.00000	1.4	9	9	13	13	1.40
2013	0	0.00531	0.00528	0.07	100000	528	99508	8093629	80.94
2013	1-4	0.00024	0.00098	1.58	99472	97	397652	7994121	80.37
2013	5-9	0.00010	0.00049	2.38	99375	49	496744	7596469	76.44
2013	10-14	0.00013	0.00066	2.89	99325	65	496490	7099725	71.48
2013	15-19	0.00031	0.00153	2.8	99260	151	495967	6603236	66.52
2013	20-24	0.00044	0.00222	2.48	99109	220	494991	6107268	61.62
2013	25-29	0.00052	0.00262	2.49	98889	259	493797	5612277	56.75
2013	30-34	0.00076	0.00377	2.59	98631	372	492257	5118480	51.90
2013	35-39	0.00100	0.00499	2.68	98259	490	490154	4626224	47.08
2013	40-44	0.00152	0.00757	2.66	97768	740	487110	4136070	42.30
2013	45-49	0.00248	0.01232	2.7	97028	1195	482396	3648960	37.61
2013	50-54	0.00382	0.01894	2.66	95833	1815	474907	3166563	33.04
2013	55-59	0.00572	0.02821	2.63	94018	2652	463798	2691656	28.63
2013	60-64	0.00818	0.04015	2.66	91365	3668	448229	2227859	24.38
2013	65-69	0.01241	0.06027	2.63	87697	5285	425940	1779630	20.29
2013	70-74	0.01946	0.09299	2.63	82412	7663	393886	1353690	16.43
2013	75-79	0.03283	0.15232	2.63	74749	11386	346771	959804	12.84
2013	80-84	0.05395	0.23926	2.64	63363	15160	280977	613032	9.67
2013	85-89	0.09869	0.39636	2.52	48203	19106	193595	332055	6.89
2013	90-94	0.17288	0.59341	2.36	29097	17267	99879	138460	4.76
2013	95-99	0.28256	0.77744	2.11	11831	9198	32550	38581	3.26
2013	100-104	0.42458	0.89959	1.8	2633	2369	5579	6031	2.29
2013	105-109	0.58093	0.95831	1.5	264	253	436	452	1.71
2013	110+	0.70496	1.00000	1.42	11	11	16	16	1.42
2014	0	0.00529	0.00526	0.07	100000	526	99510	8098985	80.99
2014	1-4	0.00022	0.00088	1.66	99474	88	397690	7999476	80.42
2014	5-9	0.00012	0.00059	2.34	99386	58	496776	7601786	76.49
2014	10-14	0.00012	0.00059	2.8	99328	59	496510	7105010	71.53
2014	15-19	0.00029	0.00145	2.84	99269	143	496036	6608499	66.57
2014	20-24	0.00043	0.00215	2.63	99126	213	495124	6112464	61.66
2014	25-29	0.00057	0.00287	2.62	98913	284	493887	5617340	56.79
2014	30-34	0.00070	0.00351	2.65	98629	346	492331	5123453	51.95
2014	35-39	0.00105	0.00521	2.6	98283	512	490184	4631122	47.12
2014	40-44	0.00153	0.00763	2.68	97770	746	487121	4140938	42.35
2014	45-49	0.00244	0.01212	2.66	97024	1176	482375	3653817	37.66
2014	50-54	0.00390	0.01932	2.66	95849	1852	474914	3171442	33.09
2014	55-59	0.00578	0.02852	2.62	93997	2680	463601	2696528	28.69
2014	60-64	0.00851	0.04170	2.65	91317	3808	447638	2232928	24.45
2014	65-69	0.01230	0.05978	2.65	87509	5231	425253	1785289	20.40
2014	70-74	0.01958	0.09356	2.64	82278	7698	393228	1360036	16.53
2014	75-79	0.03197	0.14876	2.67	74580	11094	347027	966808	12.96
2014	80-84	0.05371	0.23778	2.59	63486	15096	281058	619781	9.76
2014	85-89	0.09586	0.38775	2.54	48390	18763	195733	338722	7.00
2014	90-94	0.17077	0.58829	2.36	29627	17429	102063	142989	4.83
2014	95-99	0.27327	0.76523	2.13	12198	9334	34157	40927	3.36
2014	100-104	0.41018	0.89077	1.82	2864	2551	6219	6770	2.36
2014	105-109	0.56303	0.95372	1.53	313	298	530	551	1.76
2014	110+	0.68610	1.00000	1.46	14	14	21	21	1.46
2015	0	0.00540	0.00538	0.07	100000	538	99499	8095326	80.95
2015	1-4	0.00023	0.00092	1.47	99462	91	397619	7995827	80.39
2015	5-9	0.00010	0.00052	2.28	99371	51	496717	7598207	76.46
2015	10-14	0.00010	0.00052	2.64	99320	52	496478	7101491	71.50
2015	15-19	0.00032	0.00160	3.02	99268	159	496027	6605013	66.54
2015	20-24	0.00047	0.00237	2.4	99109	235	494936	6108985	61.64
2015	25-29	0.00052	0.00260	2.62	98875	257	493760	5614049	56.78
2015	30-34	0.00079	0.00396	2.64	98617	390	492166	5120289	51.92
2015	35-39	0.00109	0.00543	2.66	98227	533	489888	4628123	47.12
2015	40-44	0.00149	0.00743	2.68	97694	726	486784	4138235	42.36
2015	45-49	0.00236	0.01176	2.76	96968	1140	482279	3651451	37.66
2015	50-54	0.00375	0.01860	2.68	95827	1783	475007	3169171	33.07
2015	55-59	0.00585	0.02885	2.67	94045	2713	463906	2694164	28.65
2015	60-64	0.00833	0.04084	2.65	91332	3730	447905	2230258	24.42
2015	65-69	0.01234	0.05998	2.66	87602	5255	425686	1782353	20.35
2015	70-74	0.01993	0.09519	2.66	82347	7839	393359	1356668	16.48
2015	75-79	0.03177	0.14788	2.66	74508	11018	346775	963309	12.93
2015	80-84	0.05421	0.23992	2.61	63490	15232	281002	616534	9.71
2015	85-89	0.09630	0.38930	2.54	48258	18787	195096	335532	6.95
2015	90-94	0.17336	0.59409	2.35	29471	17508	100991	140436	4.77
2015	95-99	0.27892	0.77272	2.11	11962	9244	33141	39445	3.30
2015	100-104	0.41896	0.89624	1.81	2719	2437	5816	6304	2.32
2015	105-109	0.57400	0.95659	1.52	282	270	470	488	1.73
2015	110+	0.69773	1.00000	1.43	12	12	18	18	1.43
2016	0	0.00509	0.00507	0.07	100000	507	99527	8118013	81.18
2016	1-4	0.00024	0.00097	1.75	99493	97	397755	8018486	80.59
2016	5-9	0.00012	0.00059	2.32	99396	59	496824	7620731	76.67
2016	10-14	0.00014	0.00071	2.64	99337	70	496521	7123907	71.71
2016	15-19	0.00030	0.00149	2.91	99267	148	496024	6627386	66.76
2016	20-24	0.00049	0.00244	2.43	99119	242	494974	6131361	61.86
2016	25-29	0.00058	0.00287	2.62	98877	284	493710	5636388	57.00
2016	30-34	0.00078	0.00387	2.68	98593	382	492079	5142678	52.16
2016	35-39	0.00107	0.00533	2.58	98211	523	489788	4650599	47.35
2016	40-44	0.00149	0.00742	2.69	97688	724	486768	4160811	42.59
2016	45-49	0.00232	0.01152	2.69	96964	1117	482237	3674043	37.89
2016	50-54	0.00378	0.01875	2.7	95846	1797	475095	3191806	33.30
2016	55-59	0.00574	0.02833	2.63	94049	2665	463934	2716711	28.89
2016	60-64	0.00833	0.04085	2.64	91384	3733	448096	2252777	24.65
2016	65-69	0.01219	0.05928	2.67	87651	5196	426153	1804681	20.59
2016	70-74	0.01918	0.09175	2.64	82455	7565	394418	1378528	16.72
2016	75-79	0.03127	0.14557	2.63	74889	10902	348644	984110	13.14
2016	80-84	0.05218	0.23166	2.58	63988	14823	284102	635466	9.93
2016	85-89	0.09327	0.38012	2.57	49165	18689	200365	351364	7.15
2016	90-94	0.16365	0.57360	2.39	30476	17481	106819	150998	4.95
2016	95-99	0.26878	0.75947	2.14	12995	9869	36719	44179	3.40
2016	100-104	0.40579	0.88816	1.83	3126	2776	6841	7460	2.39
2016	105-109	0.55963	0.95290	1.54	350	333	595	619	1.77
2016	110+	0.68386	1.00000	1.46	16	16	24	24	1.46
2017	0	0.00514	0.00511	0.07	100000	511	99523	8118629	81.19
2017	1-4	0.00023	0.00093	1.68	99489	92	397741	8019106	80.60
2017	5-9	0.00010	0.00052	2.34	99397	52	496845	7621365	76.68
2017	10-14	0.00012	0.00062	2.96	99345	61	496598	7124520	71.72
2017	15-19	0.00036	0.00178	2.81	99283	177	496029	6627921	66.76
2017	20-24	0.00045	0.00226	2.58	99106	224	494991	6131892	61.87
2017	25-29	0.00055	0.00275	2.62	98883	272	493765	5636901	57.01
2017	30-34	0.00080	0.00399	2.58	98611	394	492100	5143136	52.16
2017	35-39	0.00106	0.00528	2.69	98217	519	489888	4651036	47.35
2017	40-44	0.00154	0.00767	2.58	97698	749	486676	4161148	42.59
2017	45-49	0.00233	0.01160	2.67	96949	1125	482127	3674472	37.90
2017	50-54	0.00365	0.01809	2.67	95824	1733	475089	3192345	33.31
2017	55-59	0.00564	0.02781	2.64	94091	2617	464272	2717256	28.88
2017	60-64	0.00844	0.04136	2.62	91474	3784	448383	2252984	24.63
2017	65-69	0.01219	0.05922	2.63	87691	5193	426171	1804601	20.58
2017	70-74	0.01942	0.09284	2.65	82498	7659	394479	1378430	16.71
2017	75-79	0.03098	0.14439	2.65	74838	10806	348828	983951	13.15
2017	80-84	0.05373	0.23806	2.61	64033	15244	283692	635123	9.92
2017	85-89	0.09131	0.37269	2.54	48789	18183	199132	351431	7.20
2017	90-94	0.16320	0.57137	2.38	30606	17487	107154	152299	4.98
2017	95-99	0.26509	0.75416	2.14	13119	9894	37322	45146	3.44
2017	100-104	0.39868	0.88330	1.85	3225	2849	7145	7824	2.43
2017	105-109	0.54955	0.94999	1.56	376	358	651	679	1.80
2017	110+	0.67230	1.00000	1.49	19	19	28	28	1.49
