TX: Texas, Lifetables (period 5x1), Males Last modified: 3 Dec 2019, MPv5 (May07) 

Year	Age	mx	qx	ax	lx	dx	Lx	Tx	ex
1959	0	0.03361	0.03266	0.14	100000	3266	97176	6704208	67.04
1959	1-4	0.00133	0.00531	1.63	96734	514	385720	6607032	68.30
1959	5-9	0.00056	0.00279	2.37	96220	269	480395	6221312	64.66
1959	10-14	0.00063	0.00315	2.84	95952	302	479106	5740917	59.83
1959	15-19	0.00135	0.00673	2.64	95650	644	476732	5261812	55.01
1959	20-24	0.00199	0.00992	2.38	95006	943	472554	4785080	50.37
1959	25-29	0.00196	0.00975	2.46	94063	918	467989	4312525	45.85
1959	30-34	0.00216	0.01076	2.6	93145	1002	463320	3844536	41.27
1959	35-39	0.00309	0.01533	2.68	92143	1413	457443	3381216	36.70
1959	40-44	0.00451	0.02232	2.69	90730	2025	448970	2923773	32.22
1959	45-49	0.00711	0.03496	2.66	88706	3101	436275	2474803	27.90
1959	50-54	0.01157	0.05631	2.63	85604	4820	416583	2038528	23.81
1959	55-59	0.01745	0.08373	2.6	80784	6764	387685	1621945	20.08
1959	60-64	0.02565	0.12080	2.6	74020	8942	348633	1234260	16.67
1959	65-69	0.03782	0.17328	2.59	65079	11277	298170	885627	13.61
1959	70-74	0.05270	0.23293	2.51	53802	12532	237809	587457	10.92
1959	75-79	0.07799	0.32714	2.54	41270	13501	173122	349648	8.47
1959	80-84	0.12301	0.46915	2.47	27769	13028	105903	176526	6.36
1959	85-89	0.18415	0.61661	2.32	14741	9090	49360	70623	4.79
1959	90-94	0.24370	0.72034	2.16	5652	4071	16705	21263	3.76
1959	95-99	0.33196	0.82460	1.95	1581	1303	3926	4558	2.88
1959	100-104	0.42963	0.89717	1.75	277	249	579	632	2.28
1959	105-109	0.53329	0.94198	1.57	29	27	50	53	1.86
1959	110+	0.61738	1.00000	1.62	2	2	3	3	1.62
1960	0	0.03376	0.03281	0.14	100000	3281	97164	6679493	66.79
1960	1-4	0.00137	0.00545	1.57	96719	527	385597	6582329	68.06
1960	5-9	0.00059	0.00294	2.39	96193	282	480227	6196732	64.42
1960	10-14	0.00068	0.00341	2.75	95910	327	478816	5716504	59.60
1960	15-19	0.00134	0.00666	2.7	95583	636	476449	5237689	54.80
1960	20-24	0.00185	0.00922	2.49	94947	876	472532	4761239	50.15
1960	25-29	0.00173	0.00864	2.52	94071	812	468342	4288707	45.59
1960	30-34	0.00219	0.01092	2.64	93259	1018	463889	3820366	40.97
1960	35-39	0.00298	0.01479	2.7	92241	1365	458059	3356477	36.39
1960	40-44	0.00453	0.02241	2.71	90876	2037	449725	2898418	31.89
1960	45-49	0.00744	0.03659	2.7	88840	3251	436724	2448693	27.56
1960	50-54	0.01153	0.05612	2.67	85589	4804	416752	2011970	23.51
1960	55-59	0.01697	0.08159	2.65	80785	6592	388464	1595218	19.75
1960	60-64	0.02705	0.12699	2.6	74194	9422	348356	1206754	16.26
1960	65-69	0.03902	0.17799	2.54	64772	11529	295454	858398	13.25
1960	70-74	0.05619	0.24652	2.51	53243	13126	233593	562944	10.57
1960	75-79	0.08194	0.34068	2.53	40118	13667	166797	329351	8.21
1960	80-84	0.12881	0.48426	2.44	26451	12809	99440	162554	6.15
1960	85-89	0.18847	0.62149	2.26	13642	8478	44984	63113	4.63
1960	90-94	0.26665	0.75942	2.17	5164	3921	14706	18129	3.51
1960	95-99	0.34901	0.84040	1.92	1242	1044	2991	3423	2.76
1960	100-104	0.45054	0.90855	1.72	198	180	400	432	2.18
1960	105-109	0.55663	0.94917	1.53	18	17	31	32	1.78
1960	110+	0.64190	1.00000	1.56	1	1	1	1	1.56
1961	0	0.03093	0.03012	0.13	100000	3012	97374	6732796	67.33
1961	1-4	0.00121	0.00483	1.56	96988	469	386811	6635422	68.41
1961	5-9	0.00058	0.00287	2.33	96519	277	481858	6248611	64.74
1961	10-14	0.00060	0.00300	2.83	96242	289	480584	5766753	59.92
1961	15-19	0.00138	0.00687	2.71	95954	660	478261	5286169	55.09
1961	20-24	0.00184	0.00918	2.62	95294	875	474388	4807908	50.45
1961	25-29	0.00186	0.00924	2.48	94419	873	469893	4333520	45.90
1961	30-34	0.00218	0.01086	2.66	93547	1016	465360	3863627	41.30
1961	35-39	0.00304	0.01508	2.61	92531	1395	459324	3398267	36.73
1961	40-44	0.00457	0.02262	2.66	91135	2062	450863	2938943	32.25
1961	45-49	0.00674	0.03319	2.66	89074	2957	438462	2488081	27.93
1961	50-54	0.01123	0.05468	2.63	86117	4709	419443	2049619	23.80
1961	55-59	0.01699	0.08164	2.61	81408	6646	391143	1630176	20.02
1961	60-64	0.02635	0.12400	2.63	74762	9271	351871	1239033	16.57
1961	65-69	0.03793	0.17338	2.52	65491	11355	299339	887162	13.55
1961	70-74	0.05484	0.24152	2.53	54136	13075	238428	587823	10.86
1961	75-79	0.07718	0.32425	2.54	41061	13314	172512	349395	8.51
1961	80-84	0.12073	0.46106	2.44	27747	12793	105963	176883	6.37
1961	85-89	0.18606	0.61974	2.31	14954	9267	49809	70920	4.74
1961	90-94	0.24537	0.72333	2.16	5686	4113	16763	21110	3.71
1961	95-99	0.34747	0.83962	1.92	1573	1321	3802	4348	2.76
1961	100-104	0.45366	0.91055	1.71	252	230	506	546	2.16
1961	105-109	0.56458	0.95165	1.52	23	21	38	40	1.76
1961	110+	0.65343	1.00000	1.53	1	1	2	2	1.53
1962	0	0.03153	0.03069	0.13	100000	3069	97329	6699850	67.00
1962	1-4	0.00135	0.00539	1.51	96931	522	386426	6602522	68.12
1962	5-9	0.00051	0.00254	2.34	96409	245	481392	6216095	64.48
1962	10-14	0.00055	0.00274	2.69	96164	264	480211	5734703	59.63
1962	15-19	0.00132	0.00660	2.9	95900	633	478173	5254492	54.79
1962	20-24	0.00200	0.00995	2.54	95267	948	474005	4776319	50.14
1962	25-29	0.00182	0.00908	2.5	94319	856	469455	4302314	45.61
1962	30-34	0.00213	0.01058	2.44	93463	988	464788	3832859	41.01
1962	35-39	0.00306	0.01517	2.66	92475	1403	459095	3368071	36.42
1962	40-44	0.00447	0.02211	2.63	91072	2014	450586	2908975	31.94
1962	45-49	0.00707	0.03478	2.73	89058	3097	438244	2458389	27.60
1962	50-54	0.01152	0.05604	2.61	85961	4818	418310	2020145	23.50
1962	55-59	0.01770	0.08492	2.61	81143	6891	389236	1601835	19.74
1962	60-64	0.02639	0.12419	2.64	74252	9221	349479	1212599	16.33
1962	65-69	0.03971	0.18065	2.5	65031	11748	295840	863120	13.27
1962	70-74	0.05549	0.24455	2.58	53283	13030	234838	567280	10.65
1962	75-79	0.08012	0.33373	2.5	40252	13433	167663	332442	8.26
1962	80-84	0.12596	0.47454	2.4	26819	12727	101038	164778	6.14
1962	85-89	0.19389	0.63394	2.27	14092	8934	46077	63740	4.52
1962	90-94	0.27211	0.75515	2.05	5159	3896	14316	17663	3.42
1962	95-99	0.36395	0.85362	1.89	1263	1078	2962	3347	2.65
1962	100-104	0.47306	0.91977	1.68	185	170	359	385	2.08
1962	105-109	0.58523	0.95698	1.48	15	14	24	25	1.70
1962	110+	0.67415	1.00000	1.48	1	1	1	1	1.48
1963	0	0.03074	0.02993	0.13	100000	2993	97388	6690551	66.91
1963	1-4	0.00117	0.00467	1.54	97007	453	386913	6593162	67.97
1963	5-9	0.00054	0.00269	2.38	96554	259	482090	6206249	64.28
1963	10-14	0.00053	0.00264	2.79	96295	254	480910	5724159	59.44
1963	15-19	0.00143	0.00710	2.8	96040	682	478700	5243249	54.59
1963	20-24	0.00184	0.00915	2.45	95358	872	474569	4764549	49.96
1963	25-29	0.00196	0.00977	2.54	94486	923	470156	4289979	45.40
1963	30-34	0.00221	0.01101	2.61	93563	1030	465354	3819823	40.83
1963	35-39	0.00320	0.01586	2.65	92533	1468	459211	3354469	36.25
1963	40-44	0.00446	0.02209	2.67	91065	2011	450640	2895258	31.79
1963	45-49	0.00746	0.03668	2.69	89054	3267	437712	2444618	27.45
1963	50-54	0.01167	0.05680	2.67	85787	4872	417603	2006906	23.39
1963	55-59	0.01771	0.08494	2.61	80915	6873	388145	1589303	19.64
1963	60-64	0.02617	0.12307	2.58	74041	9112	348172	1201158	16.22
1963	65-69	0.04064	0.18479	2.55	64929	11998	295200	852986	13.14
1963	70-74	0.05817	0.25456	2.55	52931	13474	231637	557785	10.54
1963	75-79	0.07761	0.32320	2.42	39457	12752	164324	326149	8.27
1963	80-84	0.12657	0.47561	2.39	26704	12701	100343	161825	6.06
1963	85-89	0.20298	0.65063	2.24	14003	9111	44885	61482	4.39
1963	90-94	0.27366	0.76013	2.08	4892	3719	13589	16597	3.39
1963	95-99	0.37735	0.86440	1.87	1174	1014	2688	3008	2.56
1963	100-104	0.49104	0.92767	1.65	159	148	301	320	2.01
1963	105-109	0.60622	0.96190	1.45	12	11	18	19	1.64
1963	110+	0.69639	1.00000	1.44	0	0	1	1	1.44
1964	0	0.03118	0.03035	0.13	100000	3035	97355	6701876	67.02
1964	1-4	0.00127	0.00506	1.45	96965	491	386608	6604520	68.11
1964	5-9	0.00052	0.00260	2.33	96474	251	481699	6217912	64.45
1964	10-14	0.00054	0.00268	2.87	96223	258	480563	5736213	59.61
1964	15-19	0.00151	0.00755	2.85	95965	724	478262	5255650	54.77
1964	20-24	0.00205	0.01021	2.53	95240	972	473798	4777387	50.16
1964	25-29	0.00178	0.00886	2.46	94268	835	469222	4303589	45.65
1964	30-34	0.00222	0.01106	2.66	93433	1033	464748	3834367	41.04
1964	35-39	0.00317	0.01575	2.7	92400	1455	458647	3369620	36.47
1964	40-44	0.00445	0.02204	2.64	90944	2005	449993	2910973	32.01
1964	45-49	0.00711	0.03495	2.64	88940	3109	437363	2460980	27.67
1964	50-54	0.01128	0.05496	2.71	85831	4717	418341	2023616	23.58
1964	55-59	0.01766	0.08468	2.58	81114	6868	388959	1605276	19.79
1964	60-64	0.02664	0.12516	2.59	74245	9293	348803	1216316	16.38
1964	65-69	0.04023	0.18318	2.56	64953	11898	295765	867514	13.36
1964	70-74	0.05703	0.25001	2.54	53055	13264	232596	571748	10.78
1964	75-79	0.07767	0.32273	2.38	39790	12841	165339	339152	8.52
1964	80-84	0.12000	0.45767	2.41	26949	12334	102778	173813	6.45
1964	85-89	0.17895	0.60741	2.36	14615	8877	49608	71035	4.86
1964	90-94	0.24575	0.72298	2.15	5738	4148	16880	21427	3.73
1964	95-99	0.33465	0.82754	1.95	1590	1315	3931	4547	2.86
1964	100-104	0.43583	0.90093	1.74	274	247	567	616	2.25
1964	105-109	0.54287	0.94520	1.55	27	26	47	50	1.83
1964	110+	0.62944	1.00000	1.59	1	1	2	2	1.59
1965	0	0.02884	0.02813	0.12	100000	2813	97531	6718951	67.19
1965	1-4	0.00112	0.00447	1.74	97187	435	387764	6621419	68.13
1965	5-9	0.00061	0.00306	2.42	96752	296	482998	6233655	64.43
1965	10-14	0.00051	0.00254	2.73	96456	245	481723	5750657	59.62
1965	15-19	0.00144	0.00719	2.84	96211	692	479562	5268933	54.76
1965	20-24	0.00192	0.00954	2.42	95519	911	475241	4789371	50.14
1965	25-29	0.00210	0.01044	2.66	94608	988	470728	4314131	45.60
1965	30-34	0.00218	0.01083	2.59	93620	1014	465649	3843403	41.05
1965	35-39	0.00312	0.01549	2.59	92605	1435	459565	3377754	36.47
1965	40-44	0.00452	0.02238	2.61	91171	2040	450984	2918189	32.01
1965	45-49	0.00724	0.03563	2.7	89130	3176	438348	2467205	27.68
1965	50-54	0.01140	0.05555	2.71	85955	4775	418839	2028856	23.60
1965	55-59	0.01751	0.08406	2.64	81180	6824	389775	1610018	19.83
1965	60-64	0.02570	0.12106	2.62	74356	9002	350316	1220243	16.41
1965	65-69	0.03861	0.17676	2.61	65354	11552	299212	869927	13.31
1965	70-74	0.05623	0.24704	2.55	53802	13292	236384	570715	10.61
1965	75-79	0.08187	0.33822	2.43	40511	13701	167352	334331	8.25
1965	80-84	0.12528	0.47498	2.46	26809	12734	101645	166980	6.23
1965	85-89	0.19046	0.62583	2.26	14075	8809	46250	65335	4.64
1965	90-94	0.25251	0.73247	2.13	5267	3858	15277	19085	3.62
1965	95-99	0.35617	0.84708	1.91	1409	1194	3351	3808	2.70
1965	100-104	0.46324	0.91517	1.7	215	197	426	457	2.12
1965	105-109	0.57419	0.95417	1.5	18	17	30	32	1.73
1965	110+	0.66264	1.00000	1.51	1	1	1	1	1.51
1966	0	0.02805	0.02738	0.12	100000	2738	97592	6692917	66.93
1966	1-4	0.00114	0.00456	1.56	97262	443	387966	6595326	67.81
1966	5-9	0.00050	0.00251	2.26	96819	243	483430	6207360	64.11
1966	10-14	0.00052	0.00259	2.69	96576	250	482304	5723930	59.27
1966	15-19	0.00150	0.00749	2.84	96326	721	480071	5241626	54.42
1966	20-24	0.00205	0.01022	2.48	95605	977	475563	4761555	49.80
1966	25-29	0.00210	0.01042	2.52	94628	986	470697	4285992	45.29
1966	30-34	0.00237	0.01177	2.58	93641	1102	465540	3815295	40.74
1966	35-39	0.00322	0.01598	2.69	92539	1479	459280	3349755	36.20
1966	40-44	0.00489	0.02419	2.65	91061	2202	450138	2890475	31.74
1966	45-49	0.00741	0.03640	2.68	88858	3235	436803	2440337	27.46
1966	50-54	0.01151	0.05607	2.69	85624	4801	417036	2003534	23.40
1966	55-59	0.01808	0.08666	2.6	80823	7004	387322	1586498	19.63
1966	60-64	0.02654	0.12467	2.58	73818	9203	346795	1199176	16.24
1966	65-69	0.03945	0.18012	2.59	64615	11638	295049	852381	13.19
1966	70-74	0.05780	0.25299	2.54	52977	13402	231886	557333	10.52
1966	75-79	0.08344	0.34374	2.44	39575	13603	163029	325447	8.22
1966	80-84	0.12538	0.47425	2.43	25971	12317	98239	162418	6.25
1966	85-89	0.18406	0.61345	2.28	13654	8376	45508	64179	4.70
1966	90-94	0.26180	0.74346	2.09	5278	3924	14989	18672	3.54
1966	95-99	0.35372	0.84498	1.91	1354	1144	3235	3683	2.72
1966	100-104	0.46020	0.91370	1.7	210	192	417	448	2.14
1966	105-109	0.57080	0.95328	1.51	18	17	30	32	1.74
1966	110+	0.65913	1.00000	1.52	1	1	1	1	1.52
1967	0	0.02632	0.02572	0.12	100000	2572	97726	6713681	67.14
1967	1-4	0.00115	0.00459	1.67	97428	447	388674	6615955	67.91
1967	5-9	0.00052	0.00260	2.41	96982	252	484255	6227282	64.21
1967	10-14	0.00058	0.00289	2.75	96730	279	483020	5743026	59.37
1967	15-19	0.00156	0.00777	2.93	96450	749	480702	5260007	54.54
1967	20-24	0.00218	0.01086	2.39	95701	1039	475791	4779304	49.94
1967	25-29	0.00209	0.01037	2.4	94662	982	470754	4303513	45.46
1967	30-34	0.00222	0.01102	2.6	93680	1032	465925	3832759	40.91
1967	35-39	0.00327	0.01623	2.62	92648	1504	459657	3366834	36.34
1967	40-44	0.00480	0.02375	2.68	91144	2165	450699	2907177	31.90
1967	45-49	0.00714	0.03510	2.67	88979	3123	437634	2456479	27.61
1967	50-54	0.01159	0.05644	2.68	85856	4845	418063	2018845	23.51
1967	55-59	0.01757	0.08437	2.65	81011	6835	388991	1600782	19.76
1967	60-64	0.02619	0.12316	2.59	74176	9136	348871	1211791	16.34
1967	65-69	0.03868	0.17670	2.56	65041	11493	297140	862920	13.27
1967	70-74	0.05724	0.25062	2.52	53548	13420	234476	565780	10.57
1967	75-79	0.08410	0.34670	2.47	40128	13912	165431	331304	8.26
1967	80-84	0.12142	0.46271	2.43	26215	12130	99905	165873	6.33
1967	85-89	0.18306	0.61247	2.3	14085	8627	47126	65968	4.68
1967	90-94	0.27056	0.75486	2.07	5458	4120	15229	18842	3.45
1967	95-99	0.35630	0.84751	1.91	1338	1134	3183	3613	2.70
1967	100-104	0.46615	0.91677	1.69	204	187	401	430	2.11
1967	105-109	0.57981	0.95573	1.49	17	16	28	29	1.71
1967	110+	0.67015	1.00000	1.49	1	1	1	1	1.49
1968	0	0.02594	0.02536	0.11	100000	2536	97755	6660745	66.61
1968	1-4	0.00112	0.00446	1.62	97464	435	388821	6562990	67.34
1968	5-9	0.00053	0.00265	2.14	97030	257	484412	6174169	63.63
1968	10-14	0.00055	0.00272	2.87	96772	263	483299	5689758	58.80
1968	15-19	0.00174	0.00868	2.76	96509	838	480666	5206459	53.95
1968	20-24	0.00230	0.01145	2.47	95671	1095	475586	4725793	49.40
1968	25-29	0.00213	0.01058	2.52	94576	1000	470402	4250207	44.94
1968	30-34	0.00250	0.01241	2.52	93576	1162	464998	3779805	40.39
1968	35-39	0.00320	0.01591	2.71	92414	1470	458702	3314807	35.87
1968	40-44	0.00494	0.02442	2.58	90944	2221	449346	2856104	31.41
1968	45-49	0.00757	0.03719	2.6	88724	3300	435710	2406758	27.13
1968	50-54	0.01225	0.05951	2.63	85424	5084	415073	1971048	23.07
1968	55-59	0.01865	0.08933	2.64	80340	7177	384730	1555975	19.37
1968	60-64	0.02710	0.12724	2.6	73163	9309	343470	1171246	16.01
1968	65-69	0.04098	0.18629	2.56	63854	11895	290264	827776	12.96
1968	70-74	0.05966	0.25992	2.52	51959	13505	226367	537512	10.35
1968	75-79	0.08532	0.35099	2.48	38454	13497	158194	311146	8.09
1968	80-84	0.12788	0.48181	2.44	24957	12024	94026	152952	6.13
1968	85-89	0.19315	0.63144	2.26	12932	8166	42279	58926	4.56
1968	90-94	0.26628	0.74763	2.07	4766	3563	13382	16647	3.49
1968	95-99	0.35476	0.84557	1.91	1203	1017	2867	3265	2.71
1968	100-104	0.45889	0.91285	1.7	186	170	370	398	2.14
1968	105-109	0.56708	0.95216	1.51	16	15	27	28	1.75
1968	110+	0.65362	1.00000	1.53	1	1	1	1	1.53
1969	0	0.02640	0.02580	0.12	100000	2580	97719	6668209	66.68
1969	1-4	0.00117	0.00468	1.66	97420	456	388615	6570490	67.44
1969	5-9	0.00054	0.00268	2.4	96965	259	484149	6181875	63.75
1969	10-14	0.00058	0.00291	2.84	96705	281	482918	5697726	58.92
1969	15-19	0.00178	0.00888	2.88	96424	857	480300	5214809	54.08
1969	20-24	0.00233	0.01160	2.44	95567	1108	474997	4734509	49.54
1969	25-29	0.00214	0.01066	2.49	94459	1007	469767	4259512	45.09
1969	30-34	0.00260	0.01294	2.63	93452	1210	464389	3789745	40.55
1969	35-39	0.00314	0.01559	2.7	92242	1438	457908	3325356	36.05
1969	40-44	0.00510	0.02520	2.72	90804	2288	448808	2867449	31.58
1969	45-49	0.00777	0.03813	2.6	88517	3375	434495	2418641	27.32
1969	50-54	0.01146	0.05578	2.64	85142	4749	414514	1984146	23.30
1969	55-59	0.01808	0.08666	2.6	80392	6967	385231	1569631	19.52
1969	60-64	0.02676	0.12569	2.59	73426	9229	344925	1184400	16.13
1969	65-69	0.03956	0.18067	2.61	64197	11599	293222	839475	13.08
1969	70-74	0.05959	0.26001	2.55	52598	13676	229490	546253	10.39
1969	75-79	0.08724	0.35723	2.47	38922	13904	159379	316763	8.14
1969	80-84	0.12358	0.46803	2.41	25018	11709	94750	157384	6.29
1969	85-89	0.18583	0.62104	2.33	13309	8265	44478	62634	4.71
1969	90-94	0.25668	0.74144	2.15	5044	3739	14569	18156	3.60
1969	95-99	0.34932	0.84110	1.92	1304	1097	3140	3588	2.75
1969	100-104	0.45452	0.91087	1.71	207	189	415	448	2.16
1969	105-109	0.56428	0.95150	1.52	18	18	31	33	1.76
1969	110+	0.65221	1.00000	1.53	1	1	1	1	1.53
1970	0	0.02588	0.02530	0.11	100000	2530	97759	6697059	66.97
1970	1-4	0.00113	0.00449	1.62	97470	438	388836	6599299	67.71
1970	5-9	0.00053	0.00265	2.42	97032	257	484495	6210463	64.00
1970	10-14	0.00059	0.00296	2.71	96775	287	483217	5725968	59.17
1970	15-19	0.00172	0.00858	2.89	96488	828	480691	5242752	54.34
1970	20-24	0.00227	0.01129	2.51	95660	1080	475611	4762061	49.78
1970	25-29	0.00219	0.01090	2.49	94580	1031	470309	4286450	45.32
1970	30-34	0.00235	0.01167	2.55	93549	1091	465068	3816141	40.79
1970	35-39	0.00311	0.01543	2.59	92458	1427	458854	3351072	36.24
1970	40-44	0.00498	0.02463	2.68	91031	2242	449951	2892218	31.77
1970	45-49	0.00771	0.03790	2.7	88789	3365	436200	2442267	27.51
1970	50-54	0.01220	0.05930	2.67	85424	5066	415332	2006067	23.48
1970	55-59	0.01792	0.08590	2.59	80359	6903	385169	1590735	19.80
1970	60-64	0.02609	0.12276	2.59	73456	9017	345564	1205566	16.41
1970	65-69	0.03851	0.17610	2.57	64439	11348	294630	860002	13.35
1970	70-74	0.05724	0.25084	2.54	53091	13317	232680	565372	10.65
1970	75-79	0.08444	0.34798	2.47	39774	13841	163909	332692	8.36
1970	80-84	0.11919	0.45554	2.41	25933	11813	99111	168784	6.51
1970	85-89	0.17302	0.58654	2.26	14120	8282	47866	69673	4.93
1970	90-94	0.24570	0.71537	2.08	5838	4176	16997	21807	3.74
1970	95-99	0.33033	0.82334	1.95	1662	1368	4142	4809	2.89
1970	100-104	0.43027	0.89777	1.75	294	264	612	668	2.28
1970	105-109	0.53643	0.94315	1.56	30	28	53	56	1.85
1970	110+	0.62250	1.00000	1.61	2	2	3	3	1.61
1971	0	0.02322	0.02274	0.11	100000	2274	97970	6750094	67.50
1971	1-4	0.00099	0.00396	1.62	97726	387	389980	6652124	68.07
1971	5-9	0.00054	0.00268	2.39	97338	260	486010	6262144	64.33
1971	10-14	0.00050	0.00250	2.8	97078	243	484854	5776134	59.50
1971	15-19	0.00160	0.00796	2.94	96835	771	482588	5291280	54.64
1971	20-24	0.00220	0.01093	2.47	96064	1050	477660	4808692	50.06
1971	25-29	0.00214	0.01064	2.54	95013	1011	472582	4331032	45.58
1971	30-34	0.00227	0.01129	2.49	94002	1061	467346	3858450	41.05
1971	35-39	0.00319	0.01585	2.52	92941	1473	461060	3391104	36.49
1971	40-44	0.00490	0.02421	2.73	91468	2215	452323	2930044	32.03
1971	45-49	0.00737	0.03619	2.59	89254	3230	438483	2477721	27.76
1971	50-54	0.01121	0.05461	2.63	86023	4698	418970	2039238	23.71
1971	55-59	0.01712	0.08228	2.63	81325	6691	390747	1620268	19.92
1971	60-64	0.02676	0.12578	2.62	74634	9387	350787	1229521	16.47
1971	65-69	0.03708	0.17003	2.56	65247	11094	299202	878734	13.47
1971	70-74	0.05600	0.24578	2.51	54153	13310	237678	579532	10.70
1971	75-79	0.08324	0.34352	2.46	40843	14030	168558	341854	8.37
1971	80-84	0.11957	0.45652	2.41	26813	12241	102372	173295	6.46
1971	85-89	0.17728	0.59657	2.26	14572	8693	49037	70923	4.87
1971	90-94	0.24807	0.72580	2.14	5879	4267	17200	21886	3.72
1971	95-99	0.32892	0.82180	1.96	1612	1325	4028	4686	2.91
1971	100-104	0.42726	0.89592	1.76	287	257	602	658	2.29
1971	105-109	0.53188	0.94160	1.57	30	28	53	56	1.87
1971	110+	0.61682	1.00000	1.62	2	2	3	3	1.62
1972	0	0.02408	0.02358	0.11	100000	2358	97901	6714215	67.14
1972	1-4	0.00103	0.00409	1.63	97642	400	389623	6616314	67.76
1972	5-9	0.00046	0.00228	2.3	97242	222	485614	6226691	64.03
1972	10-14	0.00054	0.00270	2.77	97021	262	484520	5741077	59.17
1972	15-19	0.00166	0.00828	2.82	96759	801	482049	5256556	54.33
1972	20-24	0.00224	0.01112	2.52	95958	1067	477141	4774507	49.76
1972	25-29	0.00209	0.01039	2.58	94891	985	472069	4297366	45.29
1972	30-34	0.00228	0.01134	2.65	93905	1065	467027	3825297	40.74
1972	35-39	0.00315	0.01565	2.58	92841	1453	460690	3358270	36.17
1972	40-44	0.00497	0.02455	2.63	91388	2244	451617	2897580	31.71
1972	45-49	0.00784	0.03849	2.66	89144	3431	437698	2445963	27.44
1972	50-54	0.01184	0.05760	2.64	85713	4937	416901	2008265	23.43
1972	55-59	0.01725	0.08291	2.66	80776	6697	388207	1591364	19.70
1972	60-64	0.02761	0.12952	2.62	74079	9595	347546	1203157	16.24
1972	65-69	0.03847	0.17618	2.61	64484	11361	295281	855611	13.27
1972	70-74	0.05606	0.24658	2.56	53123	13099	233648	560330	10.55
1972	75-79	0.08498	0.35017	2.49	40024	14015	164931	326682	8.16
1972	80-84	0.12611	0.47606	2.43	26009	12382	98182	161751	6.22
1972	85-89	0.18586	0.61826	2.29	13627	8425	45331	63569	4.66
1972	90-94	0.26732	0.75545	2.12	5202	3930	14701	18239	3.51
1972	95-99	0.34546	0.83732	1.92	1272	1065	3083	3538	2.78
1972	100-104	0.44700	0.90678	1.72	207	188	420	454	2.20
1972	105-109	0.55344	0.94828	1.53	19	18	33	35	1.79
1972	110+	0.63910	1.00000	1.56	1	1	2	2	1.56
1973	0	0.02283	0.02237	0.11	100000	2237	98001	6729159	67.29
1973	1-4	0.00102	0.00405	1.67	97763	396	390127	6631159	67.83
1973	5-9	0.00048	0.00238	2.37	97367	232	486223	6241031	64.10
1973	10-14	0.00054	0.00272	2.91	97135	264	485123	5754808	59.25
1973	15-19	0.00163	0.00812	2.82	96871	786	482640	5269686	54.40
1973	20-24	0.00227	0.01131	2.52	96085	1087	477724	4787046	49.82
1973	25-29	0.00219	0.01087	2.49	94998	1033	472398	4309322	45.36
1973	30-34	0.00234	0.01161	2.46	93965	1091	467056	3836924	40.83
1973	35-39	0.00319	0.01584	2.66	92875	1471	460928	3369867	36.28
1973	40-44	0.00481	0.02381	2.67	91404	2176	451943	2908940	31.83
1973	45-49	0.00757	0.03718	2.69	89228	3318	438473	2456997	27.54
1973	50-54	0.01145	0.05571	2.63	85910	4786	418190	2018524	23.50
1973	55-59	0.01731	0.08319	2.65	81123	6749	389764	1600334	19.73
1973	60-64	0.02671	0.12569	2.66	74375	9348	349957	1210570	16.28
1973	65-69	0.03879	0.17722	2.56	65026	11524	297053	860614	13.23
1973	70-74	0.05673	0.24882	2.53	53503	13313	234671	563561	10.53
1973	75-79	0.08501	0.34962	2.46	40190	14051	165282	328889	8.18
1973	80-84	0.12663	0.47700	2.41	26139	12468	98459	163607	6.26
1973	85-89	0.18062	0.60720	2.3	13671	8301	45958	65148	4.77
1973	90-94	0.25952	0.74039	2.1	5370	3976	15320	19190	3.57
1973	95-99	0.34604	0.83793	1.92	1394	1168	3376	3870	2.78
1973	100-104	0.44848	0.90761	1.72	226	205	457	495	2.19
1973	105-109	0.55577	0.94899	1.53	21	20	36	37	1.79
1973	110+	0.64204	1.00000	1.56	1	1	2	2	1.56
1974	0	0.02144	0.02104	0.1	100000	2104	98112	6802211	68.02
1974	1-4	0.00095	0.00377	1.57	97896	370	390687	6704099	68.48
1974	5-9	0.00047	0.00236	2.49	97527	230	487056	6313412	64.74
1974	10-14	0.00055	0.00276	2.91	97297	269	485922	5826357	59.88
1974	15-19	0.00163	0.00814	2.95	97028	790	483519	5340435	55.04
1974	20-24	0.00208	0.01037	2.5	96238	998	478696	4856915	50.47
1974	25-29	0.00214	0.01066	2.55	95240	1015	473712	4378219	45.97
1974	30-34	0.00225	0.01118	2.58	94225	1053	468579	3904507	41.44
1974	35-39	0.00281	0.01394	2.68	93172	1299	462849	3435928	36.88
1974	40-44	0.00429	0.02124	2.68	91873	1951	454831	2973080	32.36
1974	45-49	0.00699	0.03440	2.76	89922	3093	442664	2518249	28.00
1974	50-54	0.01105	0.05383	2.65	86828	4674	423156	2075585	23.90
1974	55-59	0.01693	0.08140	2.65	82154	6687	395043	1652429	20.11
1974	60-64	0.02563	0.12080	2.63	75466	9116	355692	1257386	16.66
1974	65-69	0.03682	0.16901	2.58	66350	11214	304589	901694	13.59
1974	70-74	0.05443	0.24060	2.59	55136	13266	243700	597105	10.83
1974	75-79	0.08026	0.33455	2.51	41871	14008	174527	353405	8.44
1974	80-84	0.12018	0.45826	2.41	27863	12768	106242	178878	6.42
1974	85-89	0.18059	0.60301	2.25	15094	9102	50403	72636	4.81
1974	90-94	0.24876	0.72803	2.15	5992	4363	17538	22234	3.71
1974	95-99	0.33215	0.82495	1.95	1630	1344	4048	4696	2.88
1974	100-104	0.43120	0.89818	1.75	285	256	594	648	2.27
1974	105-109	0.53626	0.94302	1.56	29	27	51	54	1.85
1974	110+	0.62143	1.00000	1.61	2	2	3	3	1.61
1975	0	0.01993	0.01957	0.1	100000	1957	98235	6849613	68.50
1975	1-4	0.00087	0.00347	1.61	98043	340	391356	6751378	68.86
1975	5-9	0.00049	0.00243	2.41	97702	238	487896	6360022	65.10
1975	10-14	0.00046	0.00232	2.81	97465	226	486829	5872126	60.25
1975	15-19	0.00164	0.00818	2.93	97239	795	484553	5385297	55.38
1975	20-24	0.00216	0.01072	2.45	96444	1034	479585	4900744	50.81
1975	25-29	0.00215	0.01070	2.39	95410	1021	474389	4421159	46.34
1975	30-34	0.00215	0.01069	2.54	94389	1009	469464	3946770	41.81
1975	35-39	0.00284	0.01409	2.65	93380	1316	463813	3477306	37.24
1975	40-44	0.00413	0.02045	2.61	92064	1882	455830	3013493	32.73
1975	45-49	0.00703	0.03457	2.66	90182	3117	443607	2557663	28.36
1975	50-54	0.01048	0.05112	2.63	87064	4451	424782	2114056	24.28
1975	55-59	0.01591	0.07668	2.65	82614	6335	398198	1689274	20.45
1975	60-64	0.02476	0.11688	2.61	76279	8916	360071	1291076	16.93
1975	65-69	0.03629	0.16689	2.59	67363	11242	309770	931005	13.82
1975	70-74	0.05234	0.23202	2.56	56121	13021	248783	621235	11.07
1975	75-79	0.07724	0.32385	2.51	43100	13958	180706	372452	8.64
1975	80-84	0.11923	0.45541	2.41	29142	13272	111306	191746	6.58
1975	85-89	0.16885	0.58121	2.32	15871	9224	54630	80440	5.07
1975	90-94	0.23615	0.70851	2.18	6646	4709	19941	25810	3.88
1975	95-99	0.31440	0.80669	1.98	1937	1563	4971	5869	3.03
1975	100-104	0.40710	0.88330	1.8	375	331	813	898	2.40
1975	105-109	0.50699	0.93265	1.61	44	41	80	85	1.95
1975	110+	0.58871	1.00000	1.7	3	3	5	5	1.70
1976	0	0.01862	0.01831	0.09	100000	1831	98343	6883083	68.83
1976	1-4	0.00091	0.00364	1.64	98169	357	391833	6784740	69.11
1976	5-9	0.00043	0.00213	2.49	97812	208	488535	6392908	65.36
1976	10-14	0.00047	0.00234	2.9	97603	228	487537	5904373	60.49
1976	15-19	0.00156	0.00777	2.95	97375	757	485329	5416836	55.63
1976	20-24	0.00190	0.00944	2.48	96619	912	480794	4931507	51.04
1976	25-29	0.00186	0.00928	2.48	95707	888	476297	4450712	46.50
1976	30-34	0.00196	0.00975	2.56	94819	924	471844	3974416	41.92
1976	35-39	0.00277	0.01377	2.67	93895	1293	466458	3502571	37.30
1976	40-44	0.00430	0.02129	2.63	92602	1972	458344	3036113	32.79
1976	45-49	0.00663	0.03267	2.68	90630	2961	446271	2577769	28.44
1976	50-54	0.01056	0.05154	2.64	87669	4518	427678	2131498	24.31
1976	55-59	0.01576	0.07598	2.66	83151	6318	400951	1703820	20.49
1976	60-64	0.02433	0.11504	2.63	76833	8839	363235	1302869	16.96
1976	65-69	0.03610	0.16610	2.6	67994	11294	312856	939635	13.82
1976	70-74	0.05266	0.23326	2.55	56700	13226	251130	626778	11.05
1976	75-79	0.07677	0.32169	2.48	43474	13985	182175	375648	8.64
1976	80-84	0.11902	0.45697	2.46	29489	13476	113218	193474	6.56
1976	85-89	0.17029	0.58562	2.33	16014	9378	55070	80255	5.01
1976	90-94	0.24193	0.71660	2.16	6636	4755	19655	25186	3.80
1976	95-99	0.32460	0.81761	1.97	1881	1538	4737	5530	2.94
1976	100-104	0.42281	0.89338	1.77	343	306	725	793	2.31
1976	105-109	0.52769	0.94025	1.58	37	34	65	69	1.88
1976	110+	0.61300	1.00000	1.63	2	2	4	4	1.63
1977	0	0.01782	0.01754	0.09	100000	1754	98409	6913164	69.13
1977	1-4	0.00084	0.00335	1.58	98246	329	392188	6814754	69.36
1977	5-9	0.00048	0.00240	2.33	97917	235	488956	6422567	65.59
1977	10-14	0.00048	0.00240	2.73	97682	234	487877	5933611	60.74
1977	15-19	0.00160	0.00798	2.96	97448	778	485647	5445734	55.88
1977	20-24	0.00217	0.01078	2.5	96669	1042	480739	4960087	51.31
1977	25-29	0.00206	0.01026	2.48	95628	981	475664	4479348	46.84
1977	30-34	0.00213	0.01058	2.57	94647	1001	470805	4003684	42.30
1977	35-39	0.00282	0.01401	2.66	93646	1312	465163	3532879	37.73
1977	40-44	0.00404	0.02001	2.69	92333	1847	457401	3067716	33.22
1977	45-49	0.00658	0.03241	2.74	90486	2933	445807	2610316	28.85
1977	50-54	0.01022	0.04988	2.62	87553	4367	427386	2164508	24.72
1977	55-59	0.01536	0.07408	2.63	83186	6163	401333	1737123	20.88
1977	60-64	0.02320	0.11002	2.66	77023	8474	365268	1335789	17.34
1977	65-69	0.03409	0.15750	2.59	68549	10797	316683	970522	14.16
1977	70-74	0.05042	0.22434	2.54	57753	12956	256948	653839	11.32
1977	75-79	0.07587	0.31925	2.52	44797	14301	188493	396891	8.86
1977	80-84	0.11093	0.43173	2.43	30495	13166	118686	208398	6.83
1977	85-89	0.16457	0.56843	2.28	17330	9851	59857	89712	5.18
1977	90-94	0.22670	0.68558	2.12	7479	5127	22618	29855	3.99
1977	95-99	0.30843	0.80074	2	2352	1883	6105	7237	3.08
1977	100-104	0.40354	0.88135	1.8	469	413	1023	1132	2.42
1977	105-109	0.50656	0.93274	1.61	56	52	102	109	1.96
1977	110+	0.59099	1.00000	1.69	4	4	6	6	1.69
1978	0	0.01690	0.01664	0.09	100000	1664	98486	6918600	69.19
1978	1-4	0.00084	0.00337	1.65	98336	331	392564	6820114	69.36
1978	5-9	0.00044	0.00222	2.35	98005	218	489447	6427549	65.58
1978	10-14	0.00052	0.00258	2.9	97787	252	488405	5938103	60.72
1978	15-19	0.00161	0.00802	2.96	97535	782	486081	5449697	55.87
1978	20-24	0.00226	0.01122	2.52	96753	1085	481078	4963617	51.30
1978	25-29	0.00209	0.01037	2.42	95668	992	475780	4482539	46.86
1978	30-34	0.00212	0.01055	2.62	94675	999	470997	4006759	42.32
1978	35-39	0.00278	0.01383	2.68	93676	1296	465379	3535762	37.74
1978	40-44	0.00412	0.02039	2.69	92381	1884	457549	3070383	33.24
1978	45-49	0.00630	0.03103	2.68	90497	2808	445971	2612834	28.87
1978	50-54	0.01016	0.04960	2.63	87688	4349	428122	2166863	24.71
1978	55-59	0.01500	0.07241	2.63	83339	6035	402393	1738741	20.86
1978	60-64	0.02308	0.10938	2.61	77305	8455	366324	1336348	17.29
1978	65-69	0.03441	0.15893	2.6	68849	10942	317967	970024	14.09
1978	70-74	0.05064	0.22514	2.54	57907	13037	257451	652057	11.26
1978	75-79	0.07491	0.31558	2.5	44870	14160	189021	394606	8.79
1978	80-84	0.11581	0.44647	2.44	30710	13711	118390	205585	6.69
1978	85-89	0.16446	0.57205	2.34	16999	9724	59131	87195	5.13
1978	90-94	0.23570	0.70643	2.16	7275	5139	21803	28065	3.86
1978	95-99	0.32536	0.81874	1.97	2136	1749	5374	6262	2.93
1978	100-104	0.42671	0.89595	1.76	387	347	813	888	2.29
1978	105-109	0.53481	0.94277	1.57	40	38	71	75	1.85
1978	110+	0.62255	1.00000	1.61	2	2	4	4	1.61
1979	0	0.01505	0.01485	0.09	100000	1485	98642	6959242	69.59
1979	1-4	0.00078	0.00311	1.62	98515	306	393335	6860599	69.64
1979	5-9	0.00040	0.00198	2.34	98209	195	490530	6467265	65.85
1979	10-14	0.00042	0.00211	2.83	98015	207	489627	5976735	60.98
1979	15-19	0.00170	0.00847	2.91	97808	828	487312	5487108	56.10
1979	20-24	0.00228	0.01135	2.54	96980	1101	482198	4999796	51.55
1979	25-29	0.00216	0.01075	2.45	95880	1031	476767	4517599	47.12
1979	30-34	0.00232	0.01153	2.62	94849	1093	471645	4040832	42.60
1979	35-39	0.00277	0.01378	2.61	93755	1292	465683	3569187	38.07
1979	40-44	0.00387	0.01915	2.65	92463	1771	458158	3103504	33.56
1979	45-49	0.00607	0.02993	2.7	90692	2714	447206	2645346	29.17
1979	50-54	0.00969	0.04736	2.67	87978	4167	430172	2198140	24.99
1979	55-59	0.01496	0.07224	2.62	83811	6054	404628	1767968	21.09
1979	60-64	0.02232	0.10607	2.66	77757	8248	369497	1363340	17.53
1979	65-69	0.03325	0.15387	2.58	69509	10696	321702	993843	14.30
1979	70-74	0.05036	0.22440	2.58	58813	13198	262072	672141	11.43
1979	75-79	0.07253	0.30688	2.49	45616	13999	192995	410069	8.99
1979	80-84	0.10982	0.42915	2.45	31617	13568	123547	217074	6.87
1979	85-89	0.16111	0.56265	2.32	18048	10155	63032	93528	5.18
1979	90-94	0.23767	0.71224	2.19	7893	5622	23655	30496	3.86
1979	95-99	0.31561	0.80887	1.99	2271	1837	5822	6841	3.01
1979	100-104	0.41585	0.88954	1.78	434	386	929	1019	2.35
1979	105-109	0.52371	0.93914	1.59	48	45	86	91	1.89
1979	110+	0.61169	1.00000	1.63	3	3	5	5	1.63
1980	0	0.01420	0.01402	0.08	100000	1402	98715	6965704	69.66
1980	1-4	0.00083	0.00332	1.72	98598	328	393646	6866990	69.65
1980	5-9	0.00039	0.00196	2.27	98270	193	490825	6473344	65.87
1980	10-14	0.00039	0.00197	2.9	98077	193	489982	5982518	61.00
1980	15-19	0.00170	0.00846	3.02	97884	828	487785	5492537	56.11
1980	20-24	0.00242	0.01204	2.47	97056	1168	482328	5004752	51.57
1980	25-29	0.00226	0.01125	2.54	95888	1078	476790	4522424	47.16
1980	30-34	0.00230	0.01143	2.54	94809	1084	471377	4045633	42.67
1980	35-39	0.00260	0.01293	2.62	93726	1212	465745	3574256	38.14
1980	40-44	0.00384	0.01904	2.63	92514	1762	458397	3108511	33.60
1980	45-49	0.00591	0.02916	2.66	90752	2646	447578	2650114	29.20
1980	50-54	0.00983	0.04803	2.66	88106	4232	430635	2202536	25.00
1980	55-59	0.01459	0.07052	2.66	83874	5915	405519	1771901	21.13
1980	60-64	0.02204	0.10468	2.62	77960	8161	370343	1366381	17.53
1980	65-69	0.03351	0.15515	2.61	69799	10829	323159	996038	14.27
1980	70-74	0.04971	0.22168	2.56	58969	13072	262959	672880	11.41
1980	75-79	0.07361	0.31080	2.5	45897	14265	193798	409921	8.93
1980	80-84	0.11115	0.43345	2.46	31632	13711	123357	216123	6.83
1980	85-89	0.16269	0.56416	2.28	17921	10111	62148	92766	5.18
1980	90-94	0.23086	0.69663	2.15	7811	5441	23569	30619	3.92
1980	95-99	0.31994	0.81343	1.98	2370	1927	6025	7049	2.97
1980	100-104	0.42159	0.89307	1.77	442	395	936	1025	2.32
1980	105-109	0.53052	0.94146	1.57	47	45	84	88	1.87
1980	110+	0.61914	1.00000	1.62	3	3	4	4	1.62
1981	0	0.01289	0.01274	0.08	100000	1274	98827	6983498	69.83
1981	1-4	0.00076	0.00303	1.66	98726	299	394204	6884671	69.74
1981	5-9	0.00037	0.00185	2.46	98427	182	491672	6490466	65.94
1981	10-14	0.00038	0.00192	2.43	98245	189	490739	5998795	61.06
1981	15-19	0.00162	0.00808	3.03	98056	792	488720	5508056	56.17
1981	20-24	0.00252	0.01250	2.47	97264	1216	483242	5019335	51.61
1981	25-29	0.00241	0.01197	2.44	96048	1150	477295	4536093	47.23
1981	30-34	0.00228	0.01132	2.52	94898	1074	471829	4058798	42.77
1981	35-39	0.00264	0.01312	2.63	93823	1231	466194	3586969	38.23
1981	40-44	0.00388	0.01925	2.65	92592	1782	458765	3120774	33.70
1981	45-49	0.00595	0.02933	2.68	90810	2664	447864	2662009	29.31
1981	50-54	0.00935	0.04573	2.67	88146	4031	431333	2214145	25.12
1981	55-59	0.01436	0.06944	2.64	84115	5841	406780	1782813	21.19
1981	60-64	0.02178	0.10357	2.63	78275	8107	372198	1376033	17.58
1981	65-69	0.03258	0.15100	2.58	70168	10595	325211	1003835	14.31
1981	70-74	0.05034	0.22396	2.54	59572	13342	265028	678624	11.39
1981	75-79	0.07161	0.30329	2.48	46230	14021	195798	413596	8.95
1981	80-84	0.11216	0.43538	2.43	32209	14023	125035	217798	6.76
1981	85-89	0.16871	0.58141	2.33	18186	10574	62672	92763	5.10
1981	90-94	0.22840	0.69604	2.19	7612	5299	23199	30091	3.95
1981	95-99	0.31969	0.81297	1.98	2314	1881	5884	6892	2.98
1981	100-104	0.41963	0.89173	1.78	433	386	920	1008	2.33
1981	105-109	0.52678	0.94011	1.58	47	44	84	88	1.88
1981	110+	0.61404	1.00000	1.63	3	3	5	5	1.63
1982	0	0.01270	0.01255	0.08	100000	1255	98844	7031360	70.31
1982	1-4	0.00079	0.00316	1.65	98745	312	394247	6932516	70.21
1982	5-9	0.00037	0.00187	2.46	98433	184	491696	6538268	66.42
1982	10-14	0.00038	0.00189	2.89	98249	185	490855	6046572	61.54
1982	15-19	0.00155	0.00774	3	98064	759	488804	5555718	56.65
1982	20-24	0.00231	0.01149	2.46	97305	1118	483679	5066914	52.07
1982	25-29	0.00218	0.01083	2.47	96187	1042	478298	4583236	47.65
1982	30-34	0.00217	0.01080	2.5	95145	1027	473162	4104938	43.14
1982	35-39	0.00265	0.01318	2.61	94118	1240	467619	3631776	38.59
1982	40-44	0.00357	0.01769	2.71	92877	1643	460624	3164157	34.07
1982	45-49	0.00556	0.02745	2.67	91234	2505	450329	2703534	29.63
1982	50-54	0.00912	0.04464	2.67	88729	3961	434435	2253205	25.39
1982	55-59	0.01411	0.06831	2.67	84769	5791	410375	1818770	21.46
1982	60-64	0.02089	0.09947	2.6	78978	7856	376061	1408396	17.83
1982	65-69	0.03196	0.14843	2.6	71122	10557	330327	1032335	14.51
1982	70-74	0.04824	0.21551	2.53	60566	13052	270581	702008	11.59
1982	75-79	0.07038	0.29958	2.52	47513	14234	202248	431426	9.08
1982	80-84	0.11000	0.42828	2.42	33279	14253	129569	229179	6.89
1982	85-89	0.15941	0.55796	2.31	19027	10616	66597	99610	5.24
1982	90-94	0.23339	0.70255	2.17	8411	5909	25317	33013	3.93
1982	95-99	0.30845	0.80092	2	2502	2004	6496	7696	3.08
1982	100-104	0.40479	0.88229	1.8	498	439	1086	1200	2.41
1982	105-109	0.50914	0.93379	1.61	59	55	108	114	1.95
1982	110+	0.59464	1.00000	1.68	4	4	7	7	1.68
1983	0	0.01244	0.01230	0.08	100000	1230	98866	7049491	70.49
1983	1-4	0.00072	0.00287	1.72	98770	283	394433	6950625	70.37
1983	5-9	0.00033	0.00167	2.39	98487	165	492003	6556192	66.57
1983	10-14	0.00038	0.00190	3	98322	187	491235	6064189	61.68
1983	15-19	0.00140	0.00697	2.98	98135	684	489291	5572953	56.79
1983	20-24	0.00205	0.01020	2.53	97451	994	484797	5083662	52.17
1983	25-29	0.00207	0.01028	2.48	96457	992	479791	4598865	47.68
1983	30-34	0.00210	0.01043	2.47	95465	996	474810	4119074	43.15
1983	35-39	0.00243	0.01207	2.57	94470	1141	469579	3644264	38.58
1983	40-44	0.00343	0.01704	2.67	93329	1590	462943	3174685	34.02
1983	45-49	0.00535	0.02644	2.65	91739	2426	453005	2711742	29.56
1983	50-54	0.00853	0.04183	2.65	89313	3736	437776	2258738	25.29
1983	55-59	0.01395	0.06755	2.66	85577	5781	414341	1820962	21.28
1983	60-64	0.02110	0.10046	2.63	79796	8016	379991	1406622	17.63
1983	65-69	0.03304	0.15312	2.61	71780	10991	332634	1026631	14.30
1983	70-74	0.04973	0.22189	2.58	60789	13489	271245	693997	11.42
1983	75-79	0.07235	0.30610	2.49	47300	14479	200131	422752	8.94
1983	80-84	0.11090	0.43226	2.45	32822	14188	127930	222621	6.78
1983	85-89	0.16446	0.56919	2.3	18634	10606	64493	94691	5.08
1983	90-94	0.24350	0.71387	2.1	8028	5731	23535	30198	3.76
1983	95-99	0.32891	0.82271	1.96	2297	1890	5746	6663	2.90
1983	100-104	0.43473	0.90085	1.75	407	367	844	917	2.25
1983	105-109	0.54712	0.94681	1.55	40	38	70	73	1.81
1983	110+	0.63793	1.00000	1.57	2	2	3	3	1.57
1984	0	0.01180	0.01167	0.08	100000	1167	98923	7068822	70.69
1984	1-4	0.00071	0.00285	1.62	98833	282	394662	6969899	70.52
1984	5-9	0.00030	0.00148	2.3	98551	145	492364	6575237	66.72
1984	10-14	0.00040	0.00201	2.83	98406	198	491601	6082873	61.81
1984	15-19	0.00136	0.00679	2.98	98208	667	489694	5591272	56.93
1984	20-24	0.00213	0.01057	2.48	97542	1031	485114	5101578	52.30
1984	25-29	0.00197	0.00979	2.49	96511	945	480176	4616464	47.83
1984	30-34	0.00216	0.01074	2.47	95565	1026	475231	4136288	43.28
1984	35-39	0.00240	0.01194	2.62	94539	1129	470011	3661057	38.73
1984	40-44	0.00349	0.01732	2.63	93411	1618	463224	3191046	34.16
1984	45-49	0.00538	0.02656	2.65	91793	2438	453226	2727822	29.72
1984	50-54	0.00848	0.04158	2.72	89355	3716	438307	2274597	25.46
1984	55-59	0.01369	0.06636	2.68	85640	5683	414999	1836289	21.44
1984	60-64	0.02034	0.09707	2.65	79957	7762	381569	1421291	17.78
1984	65-69	0.03198	0.14840	2.58	72195	10714	335051	1039722	14.40
1984	70-74	0.04871	0.21763	2.56	61481	13380	274711	704671	11.46
1984	75-79	0.07245	0.30715	2.52	48101	14774	203927	429960	8.94
1984	80-84	0.11198	0.43345	2.4	33327	14445	129005	226033	6.78
1984	85-89	0.16442	0.57058	2.32	18881	10773	65523	97028	5.14
1984	90-94	0.23397	0.70188	2.15	8108	5691	24323	31504	3.89
1984	95-99	0.32053	0.81391	1.98	2417	1967	6138	7181	2.97
1984	100-104	0.42129	0.89279	1.77	450	402	953	1044	2.32
1984	105-109	0.52923	0.94097	1.58	48	45	86	90	1.87
1984	110+	0.61705	1.00000	1.62	3	3	5	5	1.62
1985	0	0.01147	0.01135	0.08	100000	1135	98951	7075421	70.75
1985	1-4	0.00066	0.00263	1.68	98865	260	394859	6976470	70.57
1985	5-9	0.00030	0.00148	2.35	98605	146	492641	6581611	66.75
1985	10-14	0.00039	0.00197	2.76	98460	194	491864	6088970	61.84
1985	15-19	0.00138	0.00689	2.87	98266	677	489884	5597106	56.96
1985	20-24	0.00211	0.01048	2.5	97589	1023	485385	5107222	52.33
1985	25-29	0.00216	0.01076	2.46	96566	1039	480198	4621837	47.86
1985	30-34	0.00212	0.01053	2.58	95528	1006	475205	4141639	43.36
1985	35-39	0.00253	0.01258	2.58	94521	1189	469723	3666433	38.79
1985	40-44	0.00342	0.01698	2.64	93332	1585	462917	3196710	34.25
1985	45-49	0.00514	0.02540	2.64	91748	2331	453232	2733794	29.80
1985	50-54	0.00851	0.04170	2.66	89417	3728	438358	2280562	25.50
1985	55-59	0.01331	0.06449	2.62	85688	5526	415299	1842204	21.50
1985	60-64	0.02057	0.09804	2.61	80162	7859	382003	1426905	17.80
1985	65-69	0.03129	0.14551	2.59	72303	10521	336203	1044902	14.45
1985	70-74	0.04940	0.22023	2.54	61782	13606	275457	708699	11.47
1985	75-79	0.07101	0.30209	2.53	48175	14553	204945	433242	8.99
1985	80-84	0.11199	0.43695	2.49	33622	14691	131177	228297	6.79
1985	85-89	0.16284	0.56695	2.32	18931	10733	65912	97120	5.13
1985	90-94	0.24021	0.71757	2.2	8198	5883	24490	31208	3.81
1985	95-99	0.32877	0.82259	1.96	2315	1905	5793	6718	2.90
1985	100-104	0.43474	0.90087	1.75	411	370	851	925	2.25
1985	105-109	0.54730	0.94688	1.55	41	39	70	74	1.81
1985	110+	0.63824	1.00000	1.57	2	2	3	3	1.57
1986	0	0.01069	0.01058	0.07	100000	1058	99020	7099283	70.99
1986	1-4	0.00068	0.00272	1.67	98942	269	395141	7000263	70.75
1986	5-9	0.00029	0.00145	2.38	98673	143	492989	6605122	66.94
1986	10-14	0.00035	0.00176	2.85	98530	174	492274	6112133	62.03
1986	15-19	0.00145	0.00724	3	98356	712	490357	5619859	57.14
1986	20-24	0.00212	0.01055	2.42	97644	1030	485564	5129501	52.53
1986	25-29	0.00209	0.01039	2.5	96613	1003	480554	4643937	48.07
1986	30-34	0.00228	0.01134	2.53	95610	1084	475371	4163383	43.55
1986	35-39	0.00264	0.01310	2.58	94526	1238	469638	3688012	39.02
1986	40-44	0.00339	0.01679	2.58	93288	1566	462645	3218374	34.50
1986	45-49	0.00500	0.02469	2.64	91722	2265	453257	2755729	30.04
1986	50-54	0.00804	0.03948	2.69	89457	3532	439132	2302472	25.74
1986	55-59	0.01310	0.06354	2.66	85925	5460	416824	1863340	21.69
1986	60-64	0.02025	0.09660	2.61	80465	7773	383763	1446516	17.98
1986	65-69	0.03091	0.14374	2.57	72693	10449	338054	1062753	14.62
1986	70-74	0.04778	0.21391	2.55	62244	13314	278638	724699	11.64
1986	75-79	0.06987	0.29804	2.54	48929	14583	208725	446061	9.12
1986	80-84	0.10816	0.42406	2.46	34347	14565	134668	237337	6.91
1986	85-89	0.16017	0.56068	2.33	19782	11091	69243	102669	5.19
1986	90-94	0.23766	0.71109	2.18	8690	6180	26002	33425	3.85
1986	95-99	0.32187	0.81575	1.98	2511	2048	6363	7423	2.96
1986	100-104	0.42677	0.89638	1.77	463	415	972	1060	2.29
1986	105-109	0.53892	0.94433	1.56	48	45	84	88	1.84
1986	110+	0.62989	1.00000	1.59	3	3	4	4	1.59
1987	0	0.01044	0.01034	0.07	100000	1034	99041	7132109	71.32
1987	1-4	0.00064	0.00254	1.69	98966	252	395281	7033068	71.07
1987	5-9	0.00032	0.00161	2.35	98714	159	493149	6637787	67.24
1987	10-14	0.00031	0.00153	2.85	98555	151	492451	6144638	62.35
1987	15-19	0.00118	0.00587	2.99	98404	577	490861	5652187	57.44
1987	20-24	0.00200	0.00994	2.52	97827	973	486722	5161326	52.76
1987	25-29	0.00191	0.00949	2.5	96854	919	481976	4674605	48.26
1987	30-34	0.00217	0.01079	2.54	95935	1035	477128	4192628	43.70
1987	35-39	0.00260	0.01293	2.59	94900	1227	471548	3715500	39.15
1987	40-44	0.00333	0.01652	2.67	93674	1547	464769	3243952	34.63
1987	45-49	0.00467	0.02308	2.59	92126	2126	455505	2779183	30.17
1987	50-54	0.00811	0.03981	2.72	90000	3583	441826	2323677	25.82
1987	55-59	0.01247	0.06061	2.7	86417	5237	420053	1881852	21.78
1987	60-64	0.02023	0.09647	2.61	81180	7831	387208	1461799	18.01
1987	65-69	0.03117	0.14500	2.6	73348	10636	341247	1074590	14.65
1987	70-74	0.04661	0.20935	2.57	62713	13129	281690	733343	11.69
1987	75-79	0.07024	0.29962	2.55	49584	14856	211495	451653	9.11
1987	80-84	0.10690	0.41932	2.43	34728	14562	136225	240159	6.92
1987	85-89	0.16351	0.56839	2.32	20166	11462	70099	103933	5.15
1987	90-94	0.23289	0.71070	2.26	8704	6186	26561	33834	3.89
1987	95-99	0.33008	0.82427	1.96	2518	2076	6288	7274	2.89
1987	100-104	0.43958	0.90381	1.74	442	400	910	986	2.23
1987	105-109	0.55562	0.94949	1.53	43	40	73	76	1.79
1987	110+	0.64905	1.00000	1.54	2	2	3	3	1.54
1988	0	0.01039	0.01029	0.07	100000	1029	99046	7124723	71.25
1988	1-4	0.00061	0.00242	1.66	98971	239	395323	7025677	70.99
1988	5-9	0.00030	0.00148	2.46	98731	146	493286	6630355	67.16
1988	10-14	0.00035	0.00176	2.9	98585	173	492562	6137068	62.25
1988	15-19	0.00127	0.00635	2.9	98412	624	490747	5644506	57.36
1988	20-24	0.00193	0.00960	2.52	97788	938	486611	5153759	52.70
1988	25-29	0.00205	0.01022	2.54	96849	990	481807	4667147	48.19
1988	30-34	0.00236	0.01175	2.5	95860	1126	476482	4185341	43.66
1988	35-39	0.00270	0.01343	2.65	94733	1272	470677	3708859	39.15
1988	40-44	0.00335	0.01662	2.61	93462	1553	463594	3238182	34.65
1988	45-49	0.00477	0.02361	2.65	91909	2170	454443	2774588	30.19
1988	50-54	0.00783	0.03846	2.63	89739	3451	440531	2320145	25.85
1988	55-59	0.01310	0.06356	2.66	86288	5485	418623	1879613	21.78
1988	60-64	0.02012	0.09601	2.63	80803	7758	385605	1460990	18.08
1988	65-69	0.03049	0.14209	2.61	73045	10379	340400	1075385	14.72
1988	70-74	0.04580	0.20636	2.6	62666	12932	282338	734985	11.73
1988	75-79	0.06986	0.29809	2.54	49734	14825	212203	452647	9.10
1988	80-84	0.10736	0.42244	2.48	34909	14747	137364	240444	6.89
1988	85-89	0.16504	0.57348	2.34	20162	11563	70058	103080	5.11
1988	90-94	0.23562	0.70672	2.17	8600	6077	25793	33022	3.84
1988	95-99	0.33295	0.82710	1.96	2522	2086	6265	7229	2.87
1988	100-104	0.44358	0.90600	1.74	436	395	891	963	2.21
1988	105-109	0.56046	0.95088	1.53	41	39	70	73	1.77
1988	110+	0.65433	1.00000	1.53	2	2	3	3	1.53
1989	0	0.01099	0.01088	0.07	100000	1088	98993	7126097	71.26
1989	1-4	0.00058	0.00233	1.63	98912	231	395098	7027104	71.04
1989	5-9	0.00030	0.00148	2.56	98681	146	493047	6632006	67.21
1989	10-14	0.00038	0.00189	2.83	98535	186	492268	6138958	62.30
1989	15-19	0.00132	0.00658	2.92	98348	647	490394	5646690	57.42
1989	20-24	0.00185	0.00923	2.59	97701	901	486331	5156297	52.78
1989	25-29	0.00211	0.01048	2.52	96800	1014	481480	4669966	48.24
1989	30-34	0.00240	0.01193	2.59	95785	1143	476178	4188486	43.73
1989	35-39	0.00290	0.01440	2.55	94643	1362	469878	3712308	39.22
1989	40-44	0.00343	0.01700	2.62	93280	1585	462626	3242430	34.76
1989	45-49	0.00517	0.02552	2.62	91695	2340	452917	2779804	30.32
1989	50-54	0.00781	0.03836	2.66	89355	3427	438757	2326887	26.04
1989	55-59	0.01254	0.06093	2.67	85928	5235	417448	1888130	21.97
1989	60-64	0.01979	0.09449	2.63	80692	7625	385355	1470683	18.23
1989	65-69	0.02965	0.13850	2.62	73067	10120	341294	1085328	14.85
1989	70-74	0.04539	0.20463	2.6	62947	12881	283778	744033	11.82
1989	75-79	0.06863	0.29272	2.49	50067	14656	213554	460256	9.19
1989	80-84	0.10573	0.41677	2.46	35411	14758	139584	246702	6.97
1989	85-89	0.16122	0.56238	2.31	20653	11615	72041	107118	5.19
1989	90-94	0.23258	0.70099	2.17	9038	6336	27240	35076	3.88
1989	95-99	0.32861	0.82291	1.97	2702	2224	6768	7836	2.90
1989	100-104	0.43850	0.90329	1.75	479	432	986	1069	2.23
1989	105-109	0.55510	0.94938	1.53	46	44	79	83	1.79
1989	110+	0.64900	1.00000	1.54	2	2	4	4	1.54
1990	0	0.00988	0.00979	0.07	100000	979	99091	7138094	71.38
1990	1-4	0.00058	0.00231	1.53	99021	229	395518	7039003	71.09
1990	5-9	0.00026	0.00132	2.3	98792	130	493608	6643484	67.25
1990	10-14	0.00033	0.00166	3.07	98662	163	492994	6149876	62.33
1990	15-19	0.00142	0.00709	2.89	98499	698	491020	5656882	57.43
1990	20-24	0.00192	0.00956	2.45	97800	935	486619	5165862	52.82
1990	25-29	0.00215	0.01070	2.54	96865	1037	481781	4679242	48.31
1990	30-34	0.00245	0.01219	2.54	95829	1168	476270	4197462	43.80
1990	35-39	0.00294	0.01457	2.56	94660	1379	469936	3721192	39.31
1990	40-44	0.00345	0.01713	2.55	93281	1597	462485	3251256	34.85
1990	45-49	0.00508	0.02510	2.63	91683	2301	452974	2788771	30.42
1990	50-54	0.00800	0.03927	2.66	89382	3510	438705	2335797	26.13
1990	55-59	0.01259	0.06112	2.65	85873	5248	417011	1897093	22.09
1990	60-64	0.02003	0.09557	2.6	80625	7705	384598	1480082	18.36
1990	65-69	0.02952	0.13775	2.57	72919	10044	340208	1095484	15.02
1990	70-74	0.04400	0.19902	2.61	62875	12513	284414	755276	12.01
1990	75-79	0.06591	0.28373	2.55	50362	14289	216799	470862	9.35
1990	80-84	0.10467	0.41322	2.45	36073	14906	142409	254063	7.04
1990	85-89	0.15818	0.55758	2.35	21167	11802	74614	111654	5.27
1990	90-94	0.22808	0.69979	2.24	9365	6553	28733	37040	3.96
1990	95-99	0.32176	0.81599	1.98	2811	2294	7130	8307	2.95
1990	100-104	0.42948	0.89821	1.76	517	465	1082	1178	2.28
1990	105-109	0.54458	0.94624	1.55	53	50	91	96	1.82
1990	110+	0.63775	1.00000	1.57	3	3	4	4	1.57
1991	0	0.00891	0.00884	0.07	100000	884	99177	7165707	71.66
1991	1-4	0.00059	0.00235	1.65	99116	233	395919	7066530	71.30
1991	5-9	0.00028	0.00139	2.26	98884	138	494043	6670611	67.46
1991	10-14	0.00034	0.00168	2.82	98746	166	493368	6176568	62.55
1991	15-19	0.00142	0.00708	2.89	98580	698	491428	5683200	57.65
1991	20-24	0.00204	0.01015	2.51	97882	993	486935	5191772	53.04
1991	25-29	0.00215	0.01070	2.6	96889	1037	481957	4704837	48.56
1991	30-34	0.00240	0.01193	2.54	95852	1143	476447	4222880	44.06
1991	35-39	0.00284	0.01413	2.55	94708	1338	470263	3746433	39.56
1991	40-44	0.00346	0.01717	2.54	93371	1603	462906	3276170	35.09
1991	45-49	0.00507	0.02503	2.64	91767	2297	453412	2813264	30.66
1991	50-54	0.00768	0.03773	2.69	89470	3376	439540	2359852	26.38
1991	55-59	0.01217	0.05916	2.62	86094	5093	418352	1920312	22.30
1991	60-64	0.01966	0.09391	2.62	81001	7607	386938	1501960	18.54
1991	65-69	0.02843	0.13305	2.59	73395	9765	343481	1115022	15.19
1991	70-74	0.04335	0.19621	2.59	63629	12485	288002	771540	12.13
1991	75-79	0.06453	0.27866	2.55	51145	14252	220862	483538	9.45
1991	80-84	0.10479	0.41431	2.47	36893	15285	145861	262676	7.12
1991	85-89	0.15089	0.53904	2.35	21608	11647	77191	116815	5.41
1991	90-94	0.22759	0.69729	2.22	9960	6945	30517	39624	3.98
1991	95-99	0.31402	0.80782	1.99	3015	2436	7756	9107	3.02
1991	100-104	0.41884	0.89185	1.78	579	517	1234	1351	2.33
1991	105-109	0.53172	0.94212	1.57	63	59	111	117	1.86
1991	110+	0.62362	1.00000	1.6	4	4	6	6	1.60
1992	0	0.00873	0.00866	0.07	100000	866	99193	7187282	71.87
1992	1-4	0.00053	0.00213	1.64	99134	211	396038	7088089	71.50
1992	5-9	0.00030	0.00149	2.29	98923	148	494214	6692051	67.65
1992	10-14	0.00033	0.00166	3.04	98775	164	493554	6197838	62.75
1992	15-19	0.00144	0.00716	2.87	98611	706	491551	5704283	57.85
1992	20-24	0.00187	0.00929	2.47	97905	910	487229	5212732	53.24
1992	25-29	0.00202	0.01005	2.59	96996	975	482626	4725503	48.72
1992	30-34	0.00239	0.01189	2.55	96021	1142	477311	4242877	44.19
1992	35-39	0.00297	0.01472	2.63	94879	1397	471082	3765566	39.69
1992	40-44	0.00361	0.01790	2.56	93482	1673	463322	3294485	35.24
1992	45-49	0.00504	0.02492	2.64	91809	2288	453647	2831162	30.84
1992	50-54	0.00746	0.03666	2.65	89521	3282	439887	2377516	26.56
1992	55-59	0.01203	0.05849	2.67	86239	5044	419423	1937629	22.47
1992	60-64	0.01882	0.09010	2.63	81195	7316	388645	1518206	18.70
1992	65-69	0.02838	0.13278	2.58	73879	9809	345693	1129561	15.29
1992	70-74	0.04272	0.19386	2.62	64069	12420	290747	783868	12.23
1992	75-79	0.06367	0.27572	2.57	51649	14241	223682	493121	9.55
1992	80-84	0.10124	0.40314	2.47	37408	15081	148956	269439	7.20
1992	85-89	0.14990	0.53730	2.37	22328	11997	80029	120483	5.40
1992	90-94	0.23083	0.70318	2.22	10331	7264	31471	40454	3.92
1992	95-99	0.32441	0.81924	1.98	3066	2512	7744	8984	2.93
1992	100-104	0.43733	0.90301	1.75	554	501	1145	1240	2.24
1992	105-109	0.55749	0.95026	1.53	54	51	92	96	1.78
1992	110+	0.65418	1.00000	1.53	3	3	4	4	1.53
1993	0	0.00841	0.00834	0.07	100000	834	99222	7184480	71.84
1993	1-4	0.00050	0.00199	1.72	99166	197	396213	7085258	71.45
1993	5-9	0.00023	0.00117	2.46	98968	115	494549	6689046	67.59
1993	10-14	0.00037	0.00182	2.89	98853	180	493884	6194497	62.66
1993	15-19	0.00134	0.00667	2.83	98673	658	491935	5700612	57.77
1993	20-24	0.00183	0.00909	2.48	98015	891	487827	5208677	53.14
1993	25-29	0.00195	0.00973	2.6	97124	945	483347	4720850	48.61
1993	30-34	0.00251	0.01250	2.53	96179	1202	477927	4237502	44.06
1993	35-39	0.00307	0.01523	2.6	94977	1447	471413	3759575	39.58
1993	40-44	0.00372	0.01842	2.59	93530	1722	463506	3288162	35.16
1993	45-49	0.00487	0.02407	2.66	91808	2210	453877	2824656	30.77
1993	50-54	0.00724	0.03559	2.63	89598	3189	440430	2370779	26.46
1993	55-59	0.01203	0.05853	2.67	86410	5057	420250	1930349	22.34
1993	60-64	0.01870	0.08956	2.64	81352	7286	389599	1510099	18.56
1993	65-69	0.02878	0.13472	2.63	74067	9978	346697	1120501	15.13
1993	70-74	0.04324	0.19586	2.6	64088	12552	290303	773803	12.07
1993	75-79	0.06528	0.28190	2.58	51536	14528	222555	483500	9.38
1993	80-84	0.10402	0.41171	2.47	37008	15237	146484	260945	7.05
1993	85-89	0.15711	0.55438	2.35	21772	12070	76821	114461	5.26
1993	90-94	0.23310	0.70615	2.21	9702	6851	29391	37640	3.88
1993	95-99	0.32921	0.82378	1.97	2851	2349	7134	8248	2.89
1993	100-104	0.44144	0.90507	1.74	502	455	1030	1115	2.22
1993	105-109	0.56035	0.95098	1.53	48	45	81	85	1.77
1993	110+	0.65588	1.00000	1.52	2	2	4	4	1.52
1994	0	0.00816	0.00810	0.07	100000	810	99244	7209295	72.09
1994	1-4	0.00051	0.00205	1.64	99190	203	396278	7110051	71.68
1994	5-9	0.00024	0.00122	2.51	98986	121	494630	6713772	67.83
1994	10-14	0.00029	0.00143	2.96	98865	141	494038	6219142	62.91
1994	15-19	0.00137	0.00682	2.83	98724	673	492159	5725104	57.99
1994	20-24	0.00178	0.00885	2.49	98051	868	488075	5232945	53.37
1994	25-29	0.00184	0.00915	2.59	97183	889	483771	4744870	48.82
1994	30-34	0.00243	0.01206	2.58	96294	1161	478657	4261098	44.25
1994	35-39	0.00311	0.01542	2.59	95133	1467	472132	3782442	39.76
1994	40-44	0.00376	0.01862	2.58	93667	1744	464113	3310310	35.34
1994	45-49	0.00487	0.02406	2.63	91923	2212	454361	2846196	30.96
1994	50-54	0.00759	0.03730	2.65	89711	3346	440684	2391835	26.66
1994	55-59	0.01155	0.05625	2.67	86365	4858	420491	1951151	22.59
1994	60-64	0.01838	0.08812	2.65	81507	7183	390686	1530660	18.78
1994	65-69	0.02756	0.12934	2.62	74324	9613	348789	1139974	15.34
1994	70-74	0.04153	0.18859	2.57	64711	12204	293878	791185	12.23
1994	75-79	0.06241	0.27088	2.57	52507	14223	227904	497307	9.47
1994	80-84	0.10280	0.40862	2.49	38284	15643	152174	269403	7.04
1994	85-89	0.15941	0.56109	2.36	22641	12703	79690	117229	5.18
1994	90-94	0.23942	0.71526	2.19	9937	7108	29687	37538	3.78
1994	95-99	0.34455	0.83880	1.94	2830	2373	6888	7851	2.77
1994	100-104	0.46516	0.91736	1.7	456	418	900	963	2.11
1994	105-109	0.59057	0.95892	1.48	38	36	61	63	1.68
1994	110+	0.68951	1.00000	1.45	2	2	2	2	1.45
1995	0	0.00741	0.00736	0.06	100000	736	99311	7252256	72.52
1995	1-4	0.00043	0.00173	1.56	99264	171	396637	7152945	72.06
1995	5-9	0.00024	0.00121	2.51	99092	120	495163	6756308	68.18
1995	10-14	0.00033	0.00166	2.95	98972	164	494524	6261145	63.26
1995	15-19	0.00125	0.00621	2.83	98808	614	492706	5766621	58.36
1995	20-24	0.00158	0.00787	2.51	98195	773	489050	5273915	53.71
1995	25-29	0.00167	0.00833	2.59	97422	811	485156	4784865	49.11
1995	30-34	0.00227	0.01130	2.59	96610	1092	480418	4299708	44.51
1995	35-39	0.00283	0.01407	2.61	95519	1344	474382	3819291	39.98
1995	40-44	0.00366	0.01815	2.62	94175	1710	466801	3344909	35.52
1995	45-49	0.00468	0.02315	2.62	92465	2140	457241	2878108	31.13
1995	50-54	0.00765	0.03757	2.66	90325	3393	443674	2420867	26.80
1995	55-59	0.01101	0.05364	2.64	86932	4663	423650	1977193	22.74
1995	60-64	0.01780	0.08537	2.61	82268	7023	394584	1553543	18.88
1995	65-69	0.02696	0.12663	2.61	75245	9529	353482	1158960	15.40
1995	70-74	0.04128	0.18748	2.56	65717	12321	298464	805478	12.26
1995	75-79	0.06297	0.27185	2.49	53396	14516	230523	507013	9.50
1995	80-84	0.10039	0.40073	2.48	38880	15580	155193	276491	7.11
1995	85-89	0.15810	0.55724	2.35	23300	12984	82121	121297	5.21
1995	90-94	0.23805	0.71157	2.17	10316	7341	30837	39176	3.80
1995	95-99	0.34068	0.83534	1.95	2975	2486	7296	8339	2.80
1995	100-104	0.46104	0.91546	1.71	490	449	973	1043	2.13
1995	105-109	0.58669	0.95803	1.49	41	40	68	70	1.69
1995	110+	0.68607	1.00000	1.46	2	2	3	3	1.46
1996	0	0.00701	0.00697	0.06	100000	697	99348	7282676	72.83
1996	1-4	0.00048	0.00191	1.65	99303	190	396767	7183328	72.34
1996	5-9	0.00027	0.00134	2.27	99113	133	495205	6786560	68.47
1996	10-14	0.00029	0.00147	2.99	98981	146	494611	6291355	63.56
1996	15-19	0.00122	0.00609	2.87	98835	602	492891	5796744	58.65
1996	20-24	0.00147	0.00733	2.41	98233	720	489300	5303853	53.99
1996	25-29	0.00159	0.00792	2.43	97514	772	485587	4814552	49.37
1996	30-34	0.00193	0.00962	2.62	96742	930	481497	4328965	44.75
1996	35-39	0.00264	0.01310	2.65	95811	1255	476106	3847468	40.16
1996	40-44	0.00348	0.01726	2.62	94556	1632	468890	3371362	35.65
1996	45-49	0.00491	0.02425	2.63	92924	2253	459281	2902472	31.23
1996	50-54	0.00702	0.03453	2.7	90670	3130	446157	2443191	26.95
1996	55-59	0.01120	0.05453	2.63	87540	4774	426384	1997034	22.81
1996	60-64	0.01809	0.08675	2.64	82766	7180	396906	1570650	18.98
1996	65-69	0.02648	0.12458	2.63	75586	9417	355577	1173744	15.53
1996	70-74	0.04061	0.18486	2.57	66170	12232	301179	818167	12.36
1996	75-79	0.06185	0.26842	2.54	53938	14478	234088	516988	9.58
1996	80-84	0.09839	0.39418	2.48	39460	15554	158082	282899	7.17
1996	85-89	0.15883	0.55632	2.31	23905	13299	83731	124817	5.22
1996	90-94	0.23197	0.70602	2.23	10606	7488	32280	41085	3.87
1996	95-99	0.33775	0.83267	1.96	3118	2596	7687	8805	2.82
1996	100-104	0.45781	0.91393	1.71	522	477	1042	1118	2.14
1996	105-109	0.58351	0.95728	1.49	45	43	74	76	1.70
1996	110+	0.68314	1.00000	1.46	2	2	3	3	1.46
1997	0	0.00746	0.00741	0.07	100000	741	99308	7315502	73.16
1997	1-4	0.00040	0.00161	1.62	99259	160	396657	7216194	72.70
1997	5-9	0.00022	0.00111	2.59	99100	110	495232	6819537	68.82
1997	10-14	0.00027	0.00133	3.13	98989	132	494699	6324305	63.89
1997	15-19	0.00112	0.00561	2.91	98857	555	493127	5829607	58.97
1997	20-24	0.00141	0.00703	2.38	98303	691	489706	5336480	54.29
1997	25-29	0.00143	0.00714	2.52	97612	697	486333	4846773	49.65
1997	30-34	0.00165	0.00824	2.61	96915	798	482665	4360441	44.99
1997	35-39	0.00224	0.01117	2.64	96116	1073	478052	3877776	40.34
1997	40-44	0.00326	0.01615	2.6	95043	1535	471532	3399724	35.77
1997	45-49	0.00460	0.02277	2.68	93508	2129	462603	2928192	31.31
1997	50-54	0.00690	0.03396	2.65	91379	3103	449596	2465589	26.98
1997	55-59	0.01063	0.05183	2.64	88276	4575	430581	2015993	22.84
1997	60-64	0.01728	0.08307	2.67	83701	6953	402285	1585412	18.94
1997	65-69	0.02640	0.12417	2.62	76748	9530	361037	1183127	15.42
1997	70-74	0.04174	0.18936	2.55	67218	12728	304947	822090	12.23
1997	75-79	0.06220	0.26959	2.53	54490	14690	236175	517143	9.49
1997	80-84	0.09990	0.39974	2.5	39800	15910	159260	280968	7.06
1997	85-89	0.16118	0.56724	2.39	23890	13552	84079	121708	5.09
1997	90-94	0.24920	0.72857	2.15	10339	7533	30227	37629	3.64
1997	95-99	0.36402	0.85630	1.91	2806	2403	6601	7403	2.64
1997	100-104	0.49588	0.93110	1.65	403	375	757	801	1.99
1997	105-109	0.62927	0.96729	1.42	28	27	43	44	1.58
1997	110+	0.73139	1.00000	1.37	1	1	1	1	1.37
1998	0	0.00735	0.00730	0.06	100000	730	99317	7357618	73.58
1998	1-4	0.00039	0.00155	1.72	99270	154	396728	7258300	73.12
1998	5-9	0.00018	0.00091	2.61	99116	91	495362	6861573	69.23
1998	10-14	0.00028	0.00138	2.9	99025	137	494837	6366211	64.29
1998	15-19	0.00105	0.00522	2.98	98888	517	493399	5871373	59.37
1998	20-24	0.00145	0.00725	2.42	98372	713	490018	5377974	54.67
1998	25-29	0.00128	0.00639	2.53	97659	624	486753	4887956	50.05
1998	30-34	0.00151	0.00752	2.6	97035	730	483423	4401203	45.36
1998	35-39	0.00216	0.01073	2.65	96305	1034	479095	3917780	40.68
1998	40-44	0.00312	0.01547	2.74	95271	1474	473025	3438685	36.09
1998	45-49	0.00473	0.02341	2.66	93797	2196	463838	2965660	31.62
1998	50-54	0.00683	0.03359	2.65	91601	3077	450781	2501822	27.31
1998	55-59	0.01031	0.05032	2.66	88524	4454	432198	2051041	23.17
1998	60-64	0.01672	0.08043	2.66	84070	6762	404502	1618843	19.26
1998	65-69	0.02522	0.11894	2.62	77308	9195	364639	1214341	15.71
1998	70-74	0.03998	0.18241	2.6	68113	12425	310735	849702	12.47
1998	75-79	0.05956	0.25990	2.55	55688	14474	243025	538967	9.68
1998	80-84	0.09910	0.39708	2.5	41215	16366	165150	295942	7.18
1998	85-89	0.15424	0.55003	2.39	24849	13668	88612	130792	5.26
1998	90-94	0.23965	0.71325	2.16	11181	7975	33278	42180	3.77
1998	95-99	0.34402	0.83872	1.95	3206	2689	7817	8902	2.78
1998	100-104	0.46790	0.91891	1.7	517	475	1016	1085	2.10
1998	105-109	0.59653	0.96043	1.47	42	40	68	70	1.67
1998	110+	0.69756	1.00000	1.43	2	2	2	2	1.43
1999	0	0.00711	0.00706	0.06	100000	706	99339	7377877	73.78
1999	1-4	0.00039	0.00154	1.67	99294	153	396817	7278538	73.30
1999	5-9	0.00024	0.00118	2.27	99141	117	495383	6881720	69.41
1999	10-14	0.00026	0.00132	2.87	99024	131	494841	6386337	64.49
1999	15-19	0.00096	0.00478	2.97	98893	473	493508	5891496	59.57
1999	20-24	0.00134	0.00668	2.42	98420	658	490401	5397988	54.85
1999	25-29	0.00122	0.00610	2.53	97763	596	487341	4907587	50.20
1999	30-34	0.00152	0.00757	2.6	97167	736	484071	4420246	45.49
1999	35-39	0.00213	0.01060	2.66	96431	1022	479764	3936176	40.82
1999	40-44	0.00310	0.01540	2.68	95409	1469	473639	3456412	36.23
1999	45-49	0.00445	0.02200	2.63	93940	2066	464802	2982773	31.75
1999	50-54	0.00645	0.03178	2.68	91874	2920	452583	2517971	27.41
1999	55-59	0.01072	0.05229	2.63	88954	4651	433765	2065388	23.22
1999	60-64	0.01601	0.07715	2.64	84303	6504	406194	1631622	19.35
1999	65-69	0.02442	0.11538	2.62	77798	8976	367589	1225429	15.75
1999	70-74	0.03903	0.17840	2.59	68822	12278	314566	857840	12.46
1999	75-79	0.06088	0.26549	2.59	56544	15012	246570	543274	9.61
1999	80-84	0.09799	0.39441	2.53	41532	16381	167162	296704	7.14
1999	85-89	0.15979	0.56378	2.39	25151	14180	88741	129542	5.15
1999	90-94	0.24253	0.72290	2.21	10971	7931	32702	40801	3.72
1999	95-99	0.35996	0.85306	1.92	3040	2593	7205	8099	2.66
1999	100-104	0.49174	0.92950	1.65	447	415	844	895	2.00
1999	105-109	0.62560	0.96663	1.43	31	30	49	50	1.59
1999	110+	0.72837	1.00000	1.37	1	1	1	1	1.37
2000	0	0.00671	0.00666	0.06	100000	666	99376	7384245	73.84
2000	1-4	0.00038	0.00153	1.63	99334	152	396974	7284869	73.34
2000	5-9	0.00019	0.00097	2.1	99181	96	495628	6887895	69.45
2000	10-14	0.00025	0.00127	2.85	99085	126	495155	6392267	64.51
2000	15-19	0.00102	0.00509	2.87	98959	504	493721	5897112	59.59
2000	20-24	0.00144	0.00719	2.42	98455	708	490452	5403392	54.88
2000	25-29	0.00136	0.00680	2.59	97747	665	487136	4912939	50.26
2000	30-34	0.00148	0.00740	2.67	97083	718	483738	4425803	45.59
2000	35-39	0.00199	0.00989	2.61	96365	953	479544	3942066	40.91
2000	40-44	0.00316	0.01568	2.71	95412	1496	473633	3462521	36.29
2000	45-49	0.00471	0.02331	2.67	93916	2189	464472	2988889	31.83
2000	50-54	0.00655	0.03227	2.64	91727	2960	451646	2524417	27.52
2000	55-59	0.01058	0.05162	2.66	88767	4582	433097	2072771	23.35
2000	60-64	0.01590	0.07661	2.64	84185	6449	405687	1639674	19.48
2000	65-69	0.02414	0.11416	2.62	77736	8875	367562	1233987	15.87
2000	70-74	0.03751	0.17199	2.59	68861	11843	315755	866425	12.58
2000	75-79	0.05863	0.25662	2.57	57018	14632	249554	550670	9.66
2000	80-84	0.09706	0.39090	2.51	42386	16569	170715	301116	7.10
2000	85-89	0.16249	0.56915	2.37	25818	14694	90433	130401	5.05
2000	90-94	0.25284	0.73555	2.16	11124	8182	32359	39968	3.59
2000	95-99	0.37179	0.86290	1.9	2942	2538	6827	7609	2.59
2000	100-104	0.50890	0.93627	1.62	403	378	742	782	1.94
2000	105-109	0.64581	0.97035	1.4	26	25	39	40	1.54
2000	110+	0.74900	1.00000	1.34	1	1	1	1	1.34
2001	0	0.00691	0.00687	0.06	100000	687	99357	7389833	73.90
2001	1-4	0.00044	0.00177	1.7	99313	176	396848	7290477	73.41
2001	5-9	0.00019	0.00093	2.46	99137	92	495452	6893629	69.54
2001	10-14	0.00024	0.00118	2.94	99045	117	494985	6398177	64.60
2001	15-19	0.00096	0.00477	2.96	98929	472	493679	5903192	59.67
2001	20-24	0.00141	0.00702	2.46	98456	692	490526	5409512	54.94
2001	25-29	0.00134	0.00667	2.5	97765	653	487194	4918986	50.31
2001	30-34	0.00152	0.00756	2.54	97112	734	483757	4431792	45.64
2001	35-39	0.00215	0.01070	2.57	96378	1031	479385	3948036	40.96
2001	40-44	0.00314	0.01561	2.63	95347	1488	473209	3468651	36.38
2001	45-49	0.00477	0.02356	2.65	93859	2212	464103	2995442	31.91
2001	50-54	0.00683	0.03360	2.63	91647	3079	450945	2531338	27.62
2001	55-59	0.01023	0.04999	2.68	88568	4427	432565	2080393	23.49
2001	60-64	0.01573	0.07581	2.62	84141	6379	405533	1647828	19.58
2001	65-69	0.02383	0.11279	2.63	77762	8771	367993	1242295	15.98
2001	70-74	0.03708	0.17043	2.63	68992	11758	317149	874302	12.67
2001	75-79	0.05859	0.25637	2.57	57233	14673	250442	557153	9.73
2001	80-84	0.09539	0.38528	2.51	42560	16397	171897	306711	7.21
2001	85-89	0.15519	0.55201	2.39	26163	14442	93063	134814	5.15
2001	90-94	0.25588	0.73963	2.15	11721	8669	33879	41751	3.56
2001	95-99	0.37274	0.86395	1.9	3052	2637	7073	7872	2.58
2001	100-104	0.51274	0.93783	1.62	415	389	759	799	1.92
2001	105-109	0.65199	0.97145	1.39	26	25	38	39	1.53
2001	110+	0.75622	1.00000	1.32	1	1	1	1	1.32
2002	0	0.00706	0.00701	0.06	100000	701	99344	7398283	73.98
2002	1-4	0.00037	0.00148	1.6	99299	147	396844	7298940	73.50
2002	5-9	0.00017	0.00085	2.53	99152	84	495555	6902095	69.61
2002	10-14	0.00026	0.00129	2.83	99068	127	495066	6406541	64.67
2002	15-19	0.00099	0.00493	3.06	98941	487	493757	5911475	59.75
2002	20-24	0.00145	0.00725	2.51	98453	713	490489	5417718	55.03
2002	25-29	0.00133	0.00665	2.5	97740	650	487074	4927229	50.41
2002	30-34	0.00148	0.00737	2.49	97091	716	483655	4440155	45.73
2002	35-39	0.00212	0.01054	2.66	96375	1016	479498	3956500	41.05
2002	40-44	0.00311	0.01542	2.63	95359	1471	473309	3477002	36.46
2002	45-49	0.00476	0.02353	2.65	93888	2209	464239	3003693	31.99
2002	50-54	0.00701	0.03448	2.61	91679	3161	450837	2539454	27.70
2002	55-59	0.01019	0.04974	2.65	88518	4403	432223	2088617	23.60
2002	60-64	0.01531	0.07383	2.59	84115	6210	405608	1656394	19.69
2002	65-69	0.02354	0.11148	2.64	77905	8685	368996	1250786	16.06
2002	70-74	0.03698	0.16980	2.6	69220	11754	317832	881790	12.74
2002	75-79	0.05578	0.24560	2.57	57466	14114	253027	563958	9.81
2002	80-84	0.09557	0.38622	2.52	43352	16743	175197	310931	7.17
2002	85-89	0.15940	0.56079	2.36	26609	14922	93614	135734	5.10
2002	90-94	0.25204	0.73470	2.16	11687	8586	34068	42120	3.60
2002	95-99	0.37004	0.86166	1.9	3100	2672	7220	8053	2.60
2002	100-104	0.50791	0.93599	1.63	429	401	790	833	1.94
2002	105-109	0.64574	0.97037	1.4	27	27	41	42	1.54
2002	110+	0.74958	1.00000	1.33	1	1	1	1	1.33
2003	0	0.00754	0.00749	0.07	100000	749	99300	7423420	74.23
2003	1-4	0.00039	0.00155	1.67	99251	154	396647	7324119	73.79
2003	5-9	0.00018	0.00092	2.17	99097	91	495229	6927473	69.91
2003	10-14	0.00026	0.00128	2.89	99006	126	494765	6432244	64.97
2003	15-19	0.00096	0.00477	2.98	98880	472	493445	5937479	60.05
2003	20-24	0.00135	0.00673	2.44	98408	662	490347	5444034	55.32
2003	25-29	0.00138	0.00687	2.57	97746	671	487101	4953687	50.68
2003	30-34	0.00152	0.00757	2.61	97075	735	483617	4466586	46.01
2003	35-39	0.00217	0.01081	2.63	96340	1041	479233	3982969	41.34
2003	40-44	0.00307	0.01524	2.63	95299	1452	473059	3503736	36.77
2003	45-49	0.00452	0.02238	2.64	93846	2101	464270	3030677	32.29
2003	50-54	0.00686	0.03374	2.57	91746	3096	451213	2566407	27.97
2003	55-59	0.00980	0.04792	2.66	88650	4248	433294	2115195	23.86
2003	60-64	0.01514	0.07310	2.63	84402	6169	407391	1681900	19.93
2003	65-69	0.02305	0.10923	2.61	78232	8545	370768	1274509	16.29
2003	70-74	0.03545	0.16338	2.61	69687	11385	321204	903742	12.97
2003	75-79	0.05527	0.24343	2.55	58302	14193	256774	582538	9.99
2003	80-84	0.09097	0.37130	2.53	44109	16378	180037	325764	7.39
2003	85-89	0.15359	0.54866	2.4	27732	15215	99065	145727	5.25
2003	90-94	0.24088	0.71648	2.17	12516	8968	37230	46663	3.73
2003	95-99	0.36040	0.85415	1.92	3549	3031	8410	9433	2.66
2003	100-104	0.49842	0.93257	1.64	518	483	968	1023	1.98
2003	105-109	0.63780	0.96907	1.41	35	34	53	54	1.56
2003	110+	0.74346	1.00000	1.35	1	1	1	1	1.35
2004	0	0.00692	0.00688	0.06	100000	688	99356	7466349	74.66
2004	1-4	0.00037	0.00149	1.62	99312	148	396898	7366993	74.18
2004	5-9	0.00020	0.00098	2.25	99165	98	495555	6970094	70.29
2004	10-14	0.00025	0.00127	2.87	99067	126	495067	6474540	65.36
2004	15-19	0.00088	0.00441	3.02	98941	436	493843	5979473	60.43
2004	20-24	0.00132	0.00659	2.41	98505	649	490839	5485631	55.69
2004	25-29	0.00145	0.00723	2.49	97855	708	487501	4994791	51.04
2004	30-34	0.00148	0.00735	2.58	97148	714	484010	4507291	46.40
2004	35-39	0.00197	0.00982	2.7	96434	947	479988	4023281	41.72
2004	40-44	0.00309	0.01535	2.66	95486	1465	474002	3543292	37.11
2004	45-49	0.00457	0.02258	2.65	94021	2123	465107	3069290	32.64
2004	50-54	0.00680	0.03347	2.65	91898	3075	452252	2604183	28.34
2004	55-59	0.00976	0.04769	2.66	88822	4236	434183	2151931	24.23
2004	60-64	0.01496	0.07225	2.64	84587	6111	408513	1717748	20.31
2004	65-69	0.02193	0.10427	2.64	78476	8183	373041	1309235	16.68
2004	70-74	0.03307	0.15321	2.61	70293	10770	325700	936193	13.32
2004	75-79	0.05264	0.23370	2.6	59523	13910	264237	610493	10.26
2004	80-84	0.08770	0.36113	2.56	45613	16472	187824	346256	7.59
2004	85-89	0.14475	0.52706	2.42	29141	15359	106108	158432	5.44
2004	90-94	0.23620	0.71201	2.21	13782	9813	41545	52324	3.80
2004	95-99	0.35166	0.84700	1.94	3969	3362	9559	10779	2.72
2004	100-104	0.48986	0.92934	1.66	607	564	1152	1220	2.01
2004	105-109	0.63071	0.96786	1.42	43	42	66	68	1.58
2004	110+	0.73807	1.00000	1.35	1	1	2	2	1.35
2005	0	0.00740	0.00735	0.06	100000	735	99313	7477940	74.78
2005	1-4	0.00034	0.00136	1.58	99265	135	396734	7378627	74.33
2005	5-9	0.00018	0.00089	2.52	99130	89	495431	6981893	70.43
2005	10-14	0.00022	0.00110	2.96	99042	109	494986	6486463	65.49
2005	15-19	0.00091	0.00454	3	98933	449	493764	5991477	60.56
2005	20-24	0.00139	0.00692	2.48	98483	682	490696	5497712	55.82
2005	25-29	0.00140	0.00699	2.43	97801	684	487248	5007016	51.20
2005	30-34	0.00142	0.00705	2.56	97117	685	483918	4519768	46.54
2005	35-39	0.00193	0.00961	2.65	96432	927	479979	4035850	41.85
2005	40-44	0.00304	0.01510	2.66	95505	1442	474157	3555871	37.23
2005	45-49	0.00454	0.02249	2.69	94063	2115	465429	3081715	32.76
2005	50-54	0.00673	0.03312	2.66	91948	3046	452602	2616286	28.45
2005	55-59	0.00943	0.04612	2.61	88902	4100	434729	2163684	24.34
2005	60-64	0.01459	0.07053	2.63	84802	5981	409850	1728955	20.39
2005	65-69	0.02112	0.10055	2.63	78821	7926	375306	1319105	16.74
2005	70-74	0.03375	0.15619	2.62	70896	11073	328123	943799	13.31
2005	75-79	0.05241	0.23261	2.59	59823	13915	265528	615676	10.29
2005	80-84	0.08597	0.35467	2.53	45907	16282	189397	350148	7.63
2005	85-89	0.14332	0.52221	2.4	29625	15471	107941	160751	5.43
2005	90-94	0.24211	0.72459	2.23	14155	10256	42362	52810	3.73
2005	95-99	0.35677	0.85167	1.93	3898	3320	9306	10448	2.68
2005	100-104	0.49867	0.93299	1.65	578	539	1082	1142	1.97
2005	105-109	0.64201	0.96994	1.4	39	38	59	60	1.55
2005	110+	0.75004	1.00000	1.33	1	1	2	2	1.33
2006	0	0.00730	0.00725	0.06	100000	725	99321	7516399	75.16
2006	1-4	0.00032	0.00127	1.84	99275	126	396825	7417078	74.71
2006	5-9	0.00015	0.00076	2.23	99148	76	495532	7020252	70.81
2006	10-14	0.00024	0.00119	2.86	99073	117	495112	6524720	65.86
2006	15-19	0.00086	0.00428	3.08	98955	424	493963	6029608	60.93
2006	20-24	0.00147	0.00733	2.5	98531	722	490849	5535646	56.18
2006	25-29	0.00137	0.00684	2.42	97809	669	487318	5044796	51.58
2006	30-34	0.00151	0.00755	2.62	97140	733	483956	4557478	46.92
2006	35-39	0.00189	0.00940	2.59	96407	906	479851	4073523	42.25
2006	40-44	0.00289	0.01433	2.66	95500	1368	474303	3593672	37.63
2006	45-49	0.00436	0.02156	2.67	94132	2030	465934	3119368	33.14
2006	50-54	0.00686	0.03376	2.6	92102	3109	453064	2653434	28.81
2006	55-59	0.00943	0.04612	2.66	88993	4104	435345	2200370	24.73
2006	60-64	0.01382	0.06695	2.66	84889	5684	411164	1765025	20.79
2006	65-69	0.01995	0.09524	2.62	79206	7544	378065	1353861	17.09
2006	70-74	0.03119	0.14518	2.62	71662	10404	333575	975797	13.62
2006	75-79	0.05087	0.22638	2.57	61258	13868	272608	642222	10.48
2006	80-84	0.08241	0.34242	2.53	47391	16227	196906	369614	7.80
2006	85-89	0.13745	0.50705	2.41	31163	15801	114963	172708	5.54
2006	90-94	0.23953	0.72129	2.24	15362	11081	46259	57745	3.76
2006	95-99	0.35609	0.85156	1.94	4281	3646	10239	11486	2.68
2006	100-104	0.50174	0.93442	1.64	636	594	1184	1248	1.96
2006	105-109	0.64844	0.97114	1.39	42	40	62	64	1.54
2006	110+	0.75814	1.00000	1.32	1	1	2	2	1.32
2007	0	0.00718	0.00713	0.06	100000	713	99333	7519957	75.20
2007	1-4	0.00038	0.00151	1.59	99287	150	396786	7420624	74.74
2007	5-9	0.00017	0.00083	2.43	99137	82	495473	7023838	70.85
2007	10-14	0.00019	0.00094	2.91	99055	93	495080	6528365	65.91
2007	15-19	0.00084	0.00419	3.07	98962	414	494011	6033285	60.97
2007	20-24	0.00151	0.00753	2.54	98548	742	490913	5539274	56.21
2007	25-29	0.00143	0.00713	2.62	97805	698	487366	5048361	51.62
2007	30-34	0.00151	0.00752	2.49	97107	730	483707	4560995	46.97
2007	35-39	0.00188	0.00937	2.59	96377	904	479710	4077288	42.31
2007	40-44	0.00283	0.01408	2.68	95474	1344	474246	3597578	37.68
2007	45-49	0.00438	0.02168	2.66	94129	2041	465873	3123332	33.18
2007	50-54	0.00672	0.03308	2.65	92088	3046	453277	2657459	28.86
2007	55-59	0.00955	0.04666	2.58	89042	4155	435167	2204182	24.75
2007	60-64	0.01402	0.06790	2.67	84887	5764	410990	1769015	20.84
2007	65-69	0.01999	0.09542	2.61	79123	7550	377605	1358025	17.16
2007	70-74	0.03052	0.14218	2.6	71573	10176	333452	980420	13.70
2007	75-79	0.04903	0.21931	2.6	61397	13465	274606	646968	10.54
2007	80-84	0.08274	0.34360	2.53	47932	16469	199052	372362	7.77
2007	85-89	0.14351	0.52426	2.43	31463	16495	114941	173310	5.51
2007	90-94	0.22694	0.69586	2.22	14968	10416	45896	58369	3.90
2007	95-99	0.34797	0.84412	1.95	4552	3843	11044	12473	2.74
2007	100-104	0.48831	0.92893	1.67	710	659	1350	1429	2.01
2007	105-109	0.63166	0.96813	1.42	50	49	77	79	1.58
2007	110+	0.74072	1.00000	1.35	2	2	2	2	1.35
2008	0	0.00705	0.00701	0.06	100000	701	99344	7529519	75.30
2008	1-4	0.00037	0.00149	1.51	99299	148	396830	7430175	74.83
2008	5-9	0.00013	0.00066	2.35	99152	65	495586	7033345	70.94
2008	10-14	0.00016	0.00082	2.95	99087	81	495267	6537759	65.98
2008	15-19	0.00078	0.00387	3.14	99005	383	494313	6042492	61.03
2008	20-24	0.00147	0.00730	2.5	98622	720	491311	5548179	56.26
2008	25-29	0.00143	0.00712	2.48	97902	697	487753	5056868	51.65
2008	30-34	0.00147	0.00732	2.47	97205	712	484226	4569115	47.01
2008	35-39	0.00183	0.00913	2.58	96493	881	480332	4084890	42.33
2008	40-44	0.00279	0.01384	2.68	95612	1323	474986	3604558	37.70
2008	45-49	0.00428	0.02118	2.66	94289	1997	466769	3129571	33.19
2008	50-54	0.00669	0.03291	2.66	92292	3038	454345	2662803	28.85
2008	55-59	0.00962	0.04701	2.58	89254	4196	436137	2208457	24.74
2008	60-64	0.01402	0.06788	2.64	85058	5773	411687	1772321	20.84
2008	65-69	0.02054	0.09786	2.59	79285	7759	377742	1360634	17.16
2008	70-74	0.03106	0.14459	2.61	71526	10342	332949	982892	13.74
2008	75-79	0.04942	0.22072	2.58	61184	13505	273275	649943	10.62
2008	80-84	0.08001	0.33467	2.56	47679	15957	199431	376669	7.90
2008	85-89	0.13771	0.50899	2.44	31722	16146	117248	177238	5.59
2008	90-94	0.23115	0.70416	2.23	15576	10968	47450	59989	3.85
2008	95-99	0.35038	0.84673	1.95	4608	3902	11136	12539	2.72
2008	100-104	0.49538	0.93204	1.65	706	658	1329	1403	1.99
2008	105-109	0.64247	0.97016	1.4	48	47	72	74	1.55
2008	110+	0.75308	1.00000	1.33	1	1	2	2	1.33
2009	0	0.00690	0.00686	0.06	100000	686	99358	7570923	75.71
2009	1-4	0.00034	0.00136	1.65	99314	135	396940	7471566	75.23
2009	5-9	0.00012	0.00062	2.34	99179	61	495734	7074626	71.33
2009	10-14	0.00019	0.00095	2.79	99118	94	495383	6578892	66.37
2009	15-19	0.00079	0.00396	3.15	99024	392	494395	6083509	61.43
2009	20-24	0.00134	0.00666	2.48	98632	657	491508	5589113	56.67
2009	25-29	0.00138	0.00687	2.53	97975	673	488211	5097606	52.03
2009	30-34	0.00155	0.00770	2.5	97302	749	484639	4609395	47.37
2009	35-39	0.00180	0.00896	2.58	96553	865	480670	4124756	42.72
2009	40-44	0.00261	0.01297	2.7	95688	1241	475586	3644085	38.08
2009	45-49	0.00425	0.02105	2.66	94446	1988	467586	3168499	33.55
2009	50-54	0.00655	0.03226	2.66	92458	2982	455320	2700913	29.21
2009	55-59	0.00966	0.04722	2.61	89475	4225	437298	2245593	25.10
2009	60-64	0.01340	0.06490	2.59	85250	5533	412901	1808295	21.21
2009	65-69	0.01954	0.09329	2.58	79718	7437	380586	1395394	17.50
2009	70-74	0.03007	0.14021	2.6	72281	10135	337079	1014808	14.04
2009	75-79	0.04700	0.21105	2.59	62146	13116	279091	677730	10.91
2009	80-84	0.07616	0.32057	2.53	49030	15717	206383	398639	8.13
2009	85-89	0.13193	0.49484	2.48	33312	16484	124949	192256	5.77
2009	90-94	0.22038	0.68789	2.27	16828	11576	52526	67306	4.00
2009	95-99	0.33718	0.83491	1.98	5252	4385	13006	14780	2.81
2009	100-104	0.47993	0.92581	1.68	867	803	1673	1775	2.05
2009	105-109	0.62720	0.96748	1.43	64	62	99	102	1.59
2009	110+	0.73952	1.00000	1.35	2	2	3	3	1.35
2010	0	0.00667	0.00662	0.06	100000	662	99379	7595669	75.96
2010	1-4	0.00030	0.00121	1.56	99338	120	397059	7496290	75.46
2010	5-9	0.00013	0.00064	2.36	99218	64	495920	7099231	71.55
2010	10-14	0.00016	0.00080	2.81	99154	80	495595	6603311	66.60
2010	15-19	0.00069	0.00345	3.15	99074	342	494738	6107715	61.65
2010	20-24	0.00128	0.00639	2.63	98732	631	492170	5612977	56.85
2010	25-29	0.00131	0.00655	2.55	98102	643	488935	5120808	52.20
2010	30-34	0.00135	0.00672	2.6	97459	655	485723	4631872	47.53
2010	35-39	0.00181	0.00902	2.65	96804	874	481969	4146149	42.83
2010	40-44	0.00240	0.01195	2.68	95930	1147	476996	3664181	38.20
2010	45-49	0.00395	0.01957	2.69	94783	1855	469633	3187185	33.63
2010	50-54	0.00629	0.03100	2.65	92928	2881	457857	2717552	29.24
2010	55-59	0.00967	0.04725	2.64	90047	4255	440193	2259695	25.09
2010	60-64	0.01348	0.06531	2.62	85792	5603	415649	1819502	21.21
2010	65-69	0.01989	0.09490	2.58	80189	7610	382548	1403853	17.51
2010	70-74	0.02904	0.13573	2.6	72579	9851	339280	1021305	14.07
2010	75-79	0.04733	0.21242	2.59	62728	13324	281522	682026	10.87
2010	80-84	0.07631	0.32153	2.55	49403	15885	208153	400504	8.11
2010	85-89	0.13034	0.48872	2.44	33519	16381	125677	192351	5.74
2010	90-94	0.22839	0.70094	2.25	17137	12012	52596	66674	3.89
2010	95-99	0.34639	0.84365	1.96	5125	4324	12483	14079	2.75
2010	100-104	0.49405	0.93177	1.66	801	747	1511	1596	1.99
2010	105-109	0.64413	0.97055	1.4	55	53	82	85	1.55
2010	110+	0.75664	1.00000	1.32	2	2	2	2	1.32
2011	0	0.00616	0.00613	0.06	100000	613	99425	7621756	76.22
2011	1-4	0.00035	0.00140	1.66	99387	139	397223	7522331	75.69
2011	5-9	0.00014	0.00071	2.32	99248	70	496052	7125108	71.79
2011	10-14	0.00016	0.00081	2.79	99178	80	495711	6629056	66.84
2011	15-19	0.00069	0.00345	3.04	99097	342	494816	6133345	61.89
2011	20-24	0.00130	0.00646	2.49	98756	638	492178	5638529	57.10
2011	25-29	0.00131	0.00654	2.54	98117	642	489008	5146351	52.45
2011	30-34	0.00138	0.00687	2.54	97475	670	485730	4657343	47.78
2011	35-39	0.00159	0.00793	2.66	96806	768	482235	4171613	43.09
2011	40-44	0.00241	0.01200	2.65	96038	1153	477486	3689378	38.42
2011	45-49	0.00391	0.01936	2.69	94885	1837	470182	3211892	33.85
2011	50-54	0.00639	0.03148	2.67	93048	2929	458429	2741710	29.47
2011	55-59	0.00956	0.04673	2.63	90119	4212	440621	2283281	25.34
2011	60-64	0.01361	0.06593	2.62	85907	5664	416061	1842661	21.45
2011	65-69	0.01908	0.09129	2.64	80244	7325	383937	1426600	17.78
2011	70-74	0.02919	0.13639	2.6	72918	9945	340741	1042663	14.30
2011	75-79	0.04559	0.20551	2.6	62973	12942	283845	701922	11.15
2011	80-84	0.07308	0.31046	2.58	50031	15533	212556	418077	8.36
2011	85-89	0.12480	0.47430	2.47	34499	16363	131114	205521	5.96
2011	90-94	0.21342	0.67451	2.27	18136	12233	57319	74407	4.10
2011	95-99	0.32631	0.82463	2	5903	4868	14918	17088	2.89
2011	100-104	0.46784	0.92062	1.71	1035	953	2037	2170	2.10
2011	105-109	0.61579	0.96534	1.44	82	79	129	133	1.62
2011	110+	0.72976	1.00000	1.37	3	3	4	4	1.37
2012	0	0.00630	0.00627	0.06	100000	627	99412	7622380	76.22
2012	1-4	0.00032	0.00128	1.66	99373	127	397196	7522968	75.70
2012	5-9	0.00013	0.00067	2.43	99246	67	496058	7125772	71.80
2012	10-14	0.00017	0.00085	2.8	99179	85	495710	6629714	66.85
2012	15-19	0.00064	0.00318	3.07	99095	316	494863	6134004	61.90
2012	20-24	0.00131	0.00653	2.49	98779	645	492277	5639141	57.09
2012	25-29	0.00128	0.00640	2.58	98134	628	489146	5146864	52.45
2012	30-34	0.00140	0.00697	2.55	97505	680	485860	4657718	47.77
2012	35-39	0.00168	0.00835	2.61	96825	809	482192	4171858	43.09
2012	40-44	0.00242	0.01202	2.62	96017	1154	477334	3689666	38.43
2012	45-49	0.00387	0.01920	2.71	94863	1821	470148	3212332	33.86
2012	50-54	0.00618	0.03044	2.68	93041	2832	458624	2742183	29.47
2012	55-59	0.00972	0.04751	2.65	90209	4286	440969	2283559	25.31
2012	60-64	0.01367	0.06621	2.62	85924	5689	416058	1842590	21.44
2012	65-69	0.01900	0.09091	2.63	80235	7294	383918	1426532	17.78
2012	70-74	0.02895	0.13543	2.62	72941	9879	341188	1042614	14.29
2012	75-79	0.04545	0.20499	2.61	63063	12927	284418	701426	11.12
2012	80-84	0.07305	0.31020	2.57	50136	15552	212887	417008	8.32
2012	85-89	0.12608	0.47833	2.48	34583	16542	131205	204121	5.90
2012	90-94	0.21722	0.68455	2.3	18041	12350	56854	72915	4.04
2012	95-99	0.33576	0.83408	1.98	5691	4747	14138	16061	2.82
2012	100-104	0.48219	0.92707	1.68	944	875	1815	1924	2.04
2012	105-109	0.63301	0.96867	1.42	69	67	105	108	1.57
2012	110+	0.74726	1.00000	1.34	2	2	3	3	1.34
2013	0	0.00644	0.00640	0.06	100000	640	99400	7625088	76.25
2013	1-4	0.00031	0.00124	1.78	99360	124	397164	7525689	75.74
2013	5-9	0.00015	0.00075	2.47	99236	74	495993	7128525	71.83
2013	10-14	0.00015	0.00077	2.83	99162	76	495646	6632531	66.89
2013	15-19	0.00065	0.00324	3.07	99086	321	494811	6136886	61.93
2013	20-24	0.00119	0.00591	2.56	98765	584	492401	5642075	57.13
2013	25-29	0.00132	0.00656	2.47	98182	644	489282	5149674	52.45
2013	30-34	0.00142	0.00709	2.54	97538	692	485990	4660392	47.78
2013	35-39	0.00167	0.00833	2.6	96846	807	482290	4174402	43.10
2013	40-44	0.00237	0.01180	2.62	96039	1133	477498	3692112	38.44
2013	45-49	0.00377	0.01869	2.71	94906	1774	470468	3214614	33.87
2013	50-54	0.00626	0.03087	2.69	93133	2875	459017	2744145	29.46
2013	55-59	0.00972	0.04750	2.62	90258	4287	441065	2285128	25.32
2013	60-64	0.01359	0.06581	2.6	85971	5658	416289	1844063	21.45
2013	65-69	0.01936	0.09254	2.63	80313	7433	383915	1427775	17.78
2013	70-74	0.02908	0.13582	2.57	72881	9899	340392	1043860	14.32
2013	75-79	0.04579	0.20631	2.61	62982	12994	283790	703468	11.17
2013	80-84	0.07147	0.30458	2.58	49988	15225	213039	419678	8.40
2013	85-89	0.12456	0.47388	2.48	34763	16473	132252	206640	5.94
2013	90-94	0.21410	0.67487	2.26	18289	12343	57650	74388	4.07
2013	95-99	0.33661	0.83512	1.98	5946	4966	14753	16738	2.81
2013	100-104	0.48523	0.92847	1.68	980	910	1876	1985	2.03
2013	105-109	0.63786	0.96959	1.41	70	68	107	109	1.56
2013	110+	0.75285	1.00000	1.33	2	2	3	3	1.33
2014	0	0.00657	0.00653	0.06	100000	653	99388	7621597	76.22
2014	1-4	0.00026	0.00105	1.71	99347	104	397150	7522209	75.72
2014	5-9	0.00014	0.00071	2.48	99243	71	496036	7125060	71.79
2014	10-14	0.00019	0.00093	2.81	99172	93	495658	6629023	66.84
2014	15-19	0.00066	0.00328	3.05	99079	325	494763	6133366	61.90
2014	20-24	0.00122	0.00607	2.6	98755	599	492333	5638602	57.10
2014	25-29	0.00133	0.00664	2.55	98155	652	489178	5146269	52.43
2014	30-34	0.00148	0.00737	2.59	97504	718	485785	4657091	47.76
2014	35-39	0.00171	0.00853	2.59	96785	825	481935	4171305	43.10
2014	40-44	0.00241	0.01199	2.67	95960	1150	477115	3689371	38.45
2014	45-49	0.00385	0.01908	2.68	94810	1809	469850	3212256	33.88
2014	50-54	0.00622	0.03066	2.65	93001	2851	458301	2742405	29.49
2014	55-59	0.00964	0.04711	2.62	90149	4247	440651	2284104	25.34
2014	60-64	0.01403	0.06785	2.59	85903	5828	415463	1843453	21.46
2014	65-69	0.01894	0.09059	2.6	80075	7254	382981	1427990	17.83
2014	70-74	0.02945	0.13764	2.63	72820	10023	340338	1045009	14.35
2014	75-79	0.04566	0.20582	2.61	62798	12925	283093	704671	11.22
2014	80-84	0.07125	0.30320	2.54	49873	15122	212234	421578	8.45
2014	85-89	0.12242	0.46761	2.48	34751	16250	132742	209344	6.02
2014	90-94	0.21091	0.67085	2.29	18501	12411	58848	76602	4.14
2014	95-99	0.32353	0.82201	2.01	6090	5006	15472	17754	2.92
2014	100-104	0.46563	0.91971	1.71	1084	997	2141	2282	2.11
2014	105-109	0.61458	0.96515	1.45	87	84	137	141	1.62
2014	110+	0.72942	1.00000	1.37	3	3	4	4	1.37
2015	0	0.00614	0.00610	0.06	100000	610	99427	7628745	76.29
2015	1-4	0.00031	0.00123	1.5	99390	123	397252	7529318	75.76
2015	5-9	0.00015	0.00076	2.25	99267	75	496127	7132066	71.85
2015	10-14	0.00017	0.00087	3.03	99192	86	495789	6635939	66.90
2015	15-19	0.00064	0.00318	3.11	99106	315	494932	6140149	61.96
2015	20-24	0.00124	0.00618	2.57	98791	611	492472	5645217	57.14
2015	25-29	0.00136	0.00678	2.54	98180	665	489264	5152745	52.48
2015	30-34	0.00155	0.00772	2.56	97515	752	485737	4663481	47.82
2015	35-39	0.00179	0.00892	2.58	96762	863	481726	4177745	43.18
2015	40-44	0.00232	0.01155	2.69	95900	1107	476941	3696019	38.54
2015	45-49	0.00370	0.01835	2.7	94792	1739	469959	3219078	33.96
2015	50-54	0.00625	0.03082	2.7	93053	2867	458675	2749119	29.54
2015	55-59	0.00938	0.04587	2.66	90186	4137	441257	2290444	25.40
2015	60-64	0.01399	0.06769	2.63	86049	5825	416442	1849187	21.49
2015	65-69	0.01947	0.09294	2.57	80224	7456	383004	1432745	17.86
2015	70-74	0.02951	0.13786	2.61	72768	10032	339903	1049741	14.43
2015	75-79	0.04480	0.20211	2.58	62736	12679	283047	709838	11.31
2015	80-84	0.07097	0.30185	2.53	50056	15109	212909	426791	8.53
2015	85-89	0.11891	0.45815	2.5	34947	16011	134644	213882	6.12
2015	90-94	0.20716	0.66424	2.3	18936	12578	60718	79238	4.18
2015	95-99	0.32374	0.82241	2.01	6358	5229	16152	18520	2.91
2015	100-104	0.46735	0.92061	1.71	1129	1040	2224	2369	2.10
2015	105-109	0.61768	0.96582	1.44	90	87	140	144	1.61
2015	110+	0.73321	1.00000	1.36	3	3	4	4	1.36
2016	0	0.00634	0.00630	0.06	100000	630	99409	7636820	76.37
2016	1-4	0.00029	0.00117	1.76	99370	116	397218	7537412	75.85
2016	5-9	0.00015	0.00075	2.33	99253	75	496066	7140194	71.94
2016	10-14	0.00017	0.00085	2.7	99178	84	495698	6644127	66.99
2016	15-19	0.00071	0.00353	3.07	99094	350	494795	6148430	62.05
2016	20-24	0.00131	0.00652	2.53	98744	643	492130	5653634	57.26
2016	25-29	0.00140	0.00698	2.53	98101	685	488813	5161504	52.61
2016	30-34	0.00151	0.00752	2.62	97415	732	485337	4672691	47.97
2016	35-39	0.00178	0.00885	2.55	96683	855	481319	4187354	43.31
2016	40-44	0.00240	0.01195	2.63	95828	1145	476423	3706035	38.67
2016	45-49	0.00364	0.01802	2.68	94683	1707	469457	3229613	34.11
2016	50-54	0.00583	0.02878	2.69	92976	2676	458699	2760156	29.69
2016	55-59	0.00953	0.04661	2.68	90300	4209	441750	2301456	25.49
2016	60-64	0.01429	0.06913	2.64	86091	5951	416401	1859706	21.60
2016	65-69	0.01931	0.09229	2.61	80140	7396	383009	1443305	18.01
2016	70-74	0.02858	0.13395	2.67	72743	9744	340972	1060296	14.58
2016	75-79	0.04434	0.20029	2.59	62999	12618	284555	719325	11.42
2016	80-84	0.06986	0.29744	2.5	50381	14986	214511	434769	8.63
2016	85-89	0.11574	0.44746	2.47	35395	15838	136846	220258	6.22
2016	90-94	0.20457	0.65934	2.31	19557	12895	63036	83411	4.26
2016	95-99	0.30629	0.80351	2.04	6662	5353	17478	20376	3.06
2016	100-104	0.44121	0.90746	1.76	1309	1188	2692	2898	2.21
2016	105-109	0.58612	0.95890	1.49	121	116	198	205	1.69
2016	110+	0.70062	1.00000	1.43	5	5	7	7	1.43
2017	0	0.00617	0.00613	0.06	100000	613	99425	7632927	76.33
2017	1-4	0.00028	0.00114	1.55	99387	113	397270	7533502	75.80
2017	5-9	0.00012	0.00061	2.54	99274	61	496219	7136232	71.88
2017	10-14	0.00020	0.00102	2.79	99213	101	495841	6640013	66.93
2017	15-19	0.00071	0.00355	3	99112	352	494858	6144172	61.99
2017	20-24	0.00130	0.00649	2.58	98760	641	492249	5649314	57.20
2017	25-29	0.00143	0.00710	2.47	98119	697	488833	5157065	52.56
2017	30-34	0.00161	0.00801	2.6	97422	781	485237	4668233	47.92
2017	35-39	0.00188	0.00937	2.6	96642	906	481032	4182996	43.28
2017	40-44	0.00246	0.01223	2.63	95736	1171	475905	3701963	38.67
2017	45-49	0.00373	0.01848	2.65	94565	1747	468718	3226058	34.11
2017	50-54	0.00606	0.02988	2.71	92817	2773	457727	2757340	29.71
2017	55-59	0.00924	0.04523	2.65	90044	4072	440645	2299613	25.54
2017	60-64	0.01431	0.06921	2.64	85972	5951	415836	1858967	21.62
2017	65-69	0.01903	0.09094	2.58	80021	7277	382510	1443131	18.03
2017	70-74	0.02902	0.13578	2.63	72744	9877	340303	1060622	14.58
2017	75-79	0.04405	0.19911	2.59	62867	12517	284144	720319	11.46
2017	80-84	0.07188	0.30536	2.54	50350	15375	213897	436174	8.66
2017	85-89	0.11320	0.44130	2.5	34975	15434	136345	222278	6.36
2017	90-94	0.19598	0.64012	2.29	19541	12508	63824	85933	4.40
2017	95-99	0.29690	0.79246	2.06	7032	5573	18770	22109	3.14
2017	100-104	0.42590	0.89872	1.78	1460	1312	3080	3339	2.29
2017	105-109	0.56633	0.95384	1.52	148	141	249	259	1.75
2017	110+	0.67896	1.00000	1.47	7	7	10	10	1.47
