Div9: Pacific, Lifetables (period 5x1), Both sexes Last modified: 3 Dec 2019, MPv5 (May07) 

Year	Age	mx	qx	ax	lx	dx	Lx	Tx	ex
1959	0	0.02434	0.02382	0.12	100000	2382	97894	7106355	71.06
1959	1-4	0.00097	0.00388	1.69	97618	379	389597	7008461	71.80
1959	5-9	0.00044	0.00219	2.23	97239	213	485606	6618864	68.07
1959	10-14	0.00040	0.00202	2.73	97026	196	484688	6133257	63.21
1959	15-19	0.00084	0.00421	2.74	96831	408	483235	5648569	58.33
1959	20-24	0.00112	0.00560	2.48	96423	540	480757	5165335	53.57
1959	25-29	0.00120	0.00598	2.56	95883	574	478017	4684578	48.86
1959	30-34	0.00147	0.00730	2.57	95310	696	474861	4206561	44.14
1959	35-39	0.00205	0.01020	2.67	94614	965	470817	3731700	39.44
1959	40-44	0.00335	0.01664	2.68	93649	1558	464633	3260883	34.82
1959	45-49	0.00553	0.02729	2.69	92090	2513	454656	2796249	30.36
1959	50-54	0.00876	0.04292	2.67	89577	3844	438915	2341593	26.14
1959	55-59	0.01299	0.06299	2.64	85733	5401	415900	1902678	22.19
1959	60-64	0.01917	0.09171	2.63	80332	7367	384229	1486778	18.51
1959	65-69	0.02842	0.13303	2.6	72965	9707	341548	1102549	15.11
1959	70-74	0.04253	0.19300	2.6	63258	12209	287040	761000	12.03
1959	75-79	0.06725	0.28886	2.56	51050	14746	219288	473960	9.28
1959	80-84	0.10196	0.40564	2.48	36303	14726	144437	254672	7.02
1959	85-89	0.16242	0.56756	2.35	21577	12246	75398	110235	5.11
1959	90-94	0.24287	0.71921	2.17	9331	6711	27631	34836	3.73
1959	95-99	0.34786	0.84196	1.94	2620	2206	6341	7205	2.75
1959	100-104	0.47125	0.92037	1.69	414	381	809	863	2.09
1959	105-109	0.59964	0.96112	1.47	33	32	53	55	1.66
1959	110+	0.70069	1.00000	1.43	1	1	2	2	1.43
1960	0	0.02433	0.02382	0.12	100000	2382	97895	7084945	70.85
1960	1-4	0.00098	0.00391	1.62	97618	382	389563	6987051	71.58
1960	5-9	0.00043	0.00214	2.37	97236	208	485635	6597487	67.85
1960	10-14	0.00038	0.00192	2.7	97028	186	484715	6111853	62.99
1960	15-19	0.00090	0.00452	2.83	96842	437	483264	5627138	58.11
1960	20-24	0.00121	0.00605	2.47	96405	583	480549	5143874	53.36
1960	25-29	0.00120	0.00601	2.5	95822	575	477670	4663325	48.67
1960	30-34	0.00149	0.00744	2.63	95246	709	474554	4185655	43.95
1960	35-39	0.00218	0.01086	2.7	94537	1027	470329	3711101	39.26
1960	40-44	0.00346	0.01715	2.7	93511	1604	463868	3240772	34.66
1960	45-49	0.00559	0.02760	2.68	91907	2537	453647	2776904	30.21
1960	50-54	0.00882	0.04319	2.64	89370	3860	437733	2323257	26.00
1960	55-59	0.01317	0.06383	2.62	85510	5458	414566	1885524	22.05
1960	60-64	0.01936	0.09260	2.65	80052	7413	382833	1470957	18.38
1960	65-69	0.02893	0.13523	2.59	72639	9823	339485	1088124	14.98
1960	70-74	0.04341	0.19656	2.6	62817	12347	284420	748639	11.92
1960	75-79	0.06779	0.29103	2.57	50470	14688	216678	464219	9.20
1960	80-84	0.10484	0.41426	2.47	35782	14823	141380	247541	6.92
1960	85-89	0.16286	0.56871	2.35	20959	11919	73189	106162	5.07
1960	90-94	0.24976	0.72648	2.12	9039	6567	26293	32973	3.65
1960	95-99	0.35475	0.84802	1.92	2472	2097	5910	6680	2.70
1960	100-104	0.48030	0.92442	1.67	376	347	723	770	2.05
1960	105-109	0.61002	0.96339	1.45	28	27	45	46	1.63
1960	110+	0.71136	1.00000	1.41	1	1	1	1	1.41
1961	0	0.02396	0.02347	0.11	100000	2347	97923	7113301	71.13
1961	1-4	0.00095	0.00381	1.63	97653	372	389732	7015378	71.84
1961	5-9	0.00042	0.00211	2.26	97281	205	485845	6625646	68.11
1961	10-14	0.00039	0.00196	2.66	97077	190	484939	6139801	63.25
1961	15-19	0.00085	0.00423	2.88	96887	410	483564	5654862	58.37
1961	20-24	0.00119	0.00595	2.46	96477	574	480928	5171298	53.60
1961	25-29	0.00118	0.00587	2.59	95903	563	478158	4690370	48.91
1961	30-34	0.00147	0.00735	2.58	95340	700	475008	4212212	44.18
1961	35-39	0.00212	0.01052	2.69	94640	996	470896	3737203	39.49
1961	40-44	0.00335	0.01664	2.73	93644	1558	464677	3266307	34.88
1961	45-49	0.00541	0.02669	2.67	92086	2458	454712	2801630	30.42
1961	50-54	0.00875	0.04287	2.66	89628	3843	439139	2346918	26.19
1961	55-59	0.01277	0.06198	2.63	85785	5317	416335	1907779	22.24
1961	60-64	0.01897	0.09072	2.61	80468	7300	384914	1491444	18.53
1961	65-69	0.02857	0.13364	2.58	73168	9778	342207	1106530	15.12
1961	70-74	0.04228	0.19189	2.59	63390	12164	287680	764323	12.06
1961	75-79	0.06608	0.28443	2.55	51226	14570	220500	476643	9.30
1961	80-84	0.10254	0.40803	2.5	36656	14957	145864	256143	6.99
1961	85-89	0.16476	0.57209	2.33	21699	12414	75344	110279	5.08
1961	90-94	0.23931	0.71200	2.16	9285	6611	27625	34935	3.76
1961	95-99	0.35021	0.84408	1.93	2674	2257	6445	7309	2.73
1961	100-104	0.47455	0.92189	1.68	417	384	810	864	2.07
1961	105-109	0.60368	0.96204	1.46	33	31	52	54	1.65
1961	110+	0.70509	1.00000	1.42	1	1	2	2	1.42
1962	0	0.02320	0.02274	0.11	100000	2274	97983	7114798	71.15
1962	1-4	0.00088	0.00349	1.6	97726	341	390086	7016815	71.80
1962	5-9	0.00042	0.00210	2.36	97385	205	486384	6626729	68.05
1962	10-14	0.00035	0.00175	2.56	97180	170	485487	6140345	63.19
1962	15-19	0.00083	0.00413	2.85	97010	401	484191	5654858	58.29
1962	20-24	0.00120	0.00598	2.45	96610	578	481576	5170667	53.52
1962	25-29	0.00118	0.00589	2.6	96032	565	478801	4689092	48.83
1962	30-34	0.00153	0.00762	2.64	95466	727	475617	4210291	44.10
1962	35-39	0.00223	0.01107	2.63	94739	1049	471207	3734673	39.42
1962	40-44	0.00342	0.01698	2.72	93690	1591	464825	3263466	34.83
1962	45-49	0.00550	0.02718	2.69	92099	2503	454714	2798642	30.39
1962	50-54	0.00879	0.04308	2.68	89596	3860	439020	2343927	26.16
1962	55-59	0.01291	0.06263	2.63	85736	5370	415932	1904908	22.22
1962	60-64	0.01924	0.09203	2.65	80367	7396	384480	1488976	18.53
1962	65-69	0.02854	0.13344	2.57	72971	9737	341208	1104495	15.14
1962	70-74	0.04239	0.19234	2.6	63234	12163	286923	763287	12.07
1962	75-79	0.06613	0.28477	2.56	51071	14544	219930	476365	9.33
1962	80-84	0.10238	0.40724	2.49	36528	14875	145297	256435	7.02
1962	85-89	0.16188	0.56695	2.36	21652	12276	75831	111138	5.13
1962	90-94	0.23966	0.71449	2.17	9376	6699	27953	35308	3.77
1962	95-99	0.34822	0.84232	1.94	2677	2255	6476	7354	2.75
1962	100-104	0.47211	0.92080	1.69	422	389	823	879	2.08
1962	105-109	0.60107	0.96147	1.46	33	32	53	55	1.65
1962	110+	0.70255	1.00000	1.42	1	1	2	2	1.42
1963	0	0.02263	0.02218	0.11	100000	2218	98029	7098741	70.99
1963	1-4	0.00094	0.00374	1.63	97782	365	390260	7000712	71.60
1963	5-9	0.00042	0.00209	2.27	97416	204	486525	6610452	67.86
1963	10-14	0.00036	0.00178	2.71	97213	173	485668	6123927	63.00
1963	15-19	0.00087	0.00432	2.83	97040	419	484290	5638260	58.10
1963	20-24	0.00128	0.00638	2.53	96621	616	481581	5153969	53.34
1963	25-29	0.00124	0.00617	2.52	96004	592	478552	4672389	48.67
1963	30-34	0.00153	0.00760	2.57	95412	725	475294	4193837	43.96
1963	35-39	0.00220	0.01093	2.66	94687	1035	471012	3718543	39.27
1963	40-44	0.00341	0.01692	2.7	93651	1585	464618	3247531	34.68
1963	45-49	0.00573	0.02828	2.65	92067	2604	454228	2782913	30.23
1963	50-54	0.00876	0.04290	2.66	89463	3838	438335	2328686	26.03
1963	55-59	0.01347	0.06529	2.64	85625	5591	414926	1890351	22.08
1963	60-64	0.01949	0.09312	2.62	80034	7453	382430	1475425	18.43
1963	65-69	0.02919	0.13629	2.57	72581	9892	338849	1092995	15.06
1963	70-74	0.04331	0.19601	2.58	62689	12288	283689	754146	12.03
1963	75-79	0.06495	0.27930	2.5	50402	14077	216751	470456	9.33
1963	80-84	0.10303	0.40956	2.5	36325	14877	144399	253705	6.98
1963	85-89	0.16238	0.56690	2.34	21447	12158	74877	109306	5.10
1963	90-94	0.24424	0.72096	2.16	9289	6697	27419	34429	3.71
1963	95-99	0.35429	0.84775	1.92	2592	2197	6202	7010	2.70
1963	100-104	0.48071	0.92467	1.67	395	365	759	807	2.05
1963	105-109	0.61126	0.96369	1.45	30	29	47	48	1.63
1963	110+	0.71316	1.00000	1.4	1	1	2	2	1.40
1964	0	0.02200	0.02158	0.11	100000	2158	98078	7105963	71.06
1964	1-4	0.00094	0.00376	1.65	97842	368	390505	7007885	71.62
1964	5-9	0.00042	0.00211	2.18	97475	206	486794	6617380	67.89
1964	10-14	0.00038	0.00188	2.63	97269	183	485911	6130587	63.03
1964	15-19	0.00093	0.00462	2.86	97086	449	484470	5644676	58.14
1964	20-24	0.00129	0.00643	2.55	96637	621	481664	5160206	53.40
1964	25-29	0.00135	0.00672	2.48	96016	646	478455	4678542	48.73
1964	30-34	0.00160	0.00799	2.58	95370	762	475011	4200087	44.04
1964	35-39	0.00220	0.01096	2.71	94609	1036	470673	3725076	39.37
1964	40-44	0.00341	0.01692	2.67	93572	1584	464177	3254403	34.78
1964	45-49	0.00548	0.02705	2.68	91988	2488	454163	2790226	30.33
1964	50-54	0.00873	0.04276	2.68	89500	3827	438604	2336063	26.10
1964	55-59	0.01315	0.06380	2.64	85673	5466	415484	1897459	22.15
1964	60-64	0.01945	0.09297	2.63	80207	7457	383343	1481975	18.48
1964	65-69	0.02894	0.13523	2.59	72750	9838	339995	1098631	15.10
1964	70-74	0.04323	0.19586	2.61	62912	12322	285059	758636	12.06
1964	75-79	0.06439	0.27726	2.5	50590	14026	217852	473577	9.36
1964	80-84	0.10318	0.40987	2.49	36564	14987	145253	255725	6.99
1964	85-89	0.16169	0.56612	2.35	21577	12215	75546	110473	5.12
1964	90-94	0.24197	0.71701	2.16	9362	6713	27742	34927	3.73
1964	95-99	0.35321	0.84681	1.93	2649	2244	6352	7185	2.71
1964	100-104	0.47930	0.92406	1.68	406	375	782	833	2.05
1964	105-109	0.60968	0.96335	1.45	31	30	49	50	1.63
1964	110+	0.71155	1.00000	1.41	1	1	2	2	1.41
1965	0	0.02189	0.02147	0.11	100000	2147	98087	7126307	71.26
1965	1-4	0.00090	0.00358	1.66	97853	350	390591	7028220	71.82
1965	5-9	0.00039	0.00196	2.35	97503	191	487006	6637629	68.08
1965	10-14	0.00036	0.00182	2.77	97312	177	486163	6150623	63.21
1965	15-19	0.00090	0.00448	2.84	97134	435	484730	5664460	58.32
1965	20-24	0.00127	0.00634	2.5	96699	613	481962	5179731	53.57
1965	25-29	0.00128	0.00638	2.53	96086	613	478916	4697769	48.89
1965	30-34	0.00161	0.00804	2.64	95473	767	475555	4218853	44.19
1965	35-39	0.00220	0.01095	2.71	94705	1037	471150	3743298	39.53
1965	40-44	0.00341	0.01693	2.68	93669	1586	464663	3272149	34.93
1965	45-49	0.00543	0.02684	2.71	92083	2471	454750	2807486	30.49
1965	50-54	0.00859	0.04209	2.65	89611	3772	439185	2352736	26.25
1965	55-59	0.01307	0.06342	2.65	85840	5444	416398	1913551	22.29
1965	60-64	0.01928	0.09218	2.61	80395	7411	384302	1497153	18.62
1965	65-69	0.02823	0.13225	2.62	72985	9652	341912	1112851	15.25
1965	70-74	0.04256	0.19291	2.58	63332	12218	287036	770939	12.17
1965	75-79	0.06425	0.27719	2.53	51115	14168	220531	483903	9.47
1965	80-84	0.10054	0.40151	2.49	36946	14834	147547	263372	7.13
1965	85-89	0.15780	0.55705	2.36	22112	12317	78059	115826	5.24
1965	90-94	0.23265	0.70157	2.17	9795	6872	29535	37766	3.86
1965	95-99	0.33872	0.83365	1.95	2923	2437	7194	8231	2.82
1965	100-104	0.46007	0.91517	1.71	486	445	967	1037	2.13
1965	105-109	0.58786	0.95844	1.48	41	40	67	70	1.69
1965	110+	0.68933	1.00000	1.45	2	2	2	2	1.45
1966	0	0.02085	0.02047	0.11	100000	2047	98171	7117159	71.17
1966	1-4	0.00090	0.00360	1.63	97953	353	390977	7018989	71.66
1966	5-9	0.00040	0.00202	2.27	97600	197	487463	6628011	67.91
1966	10-14	0.00039	0.00194	2.63	97403	189	486569	6140548	63.04
1966	15-19	0.00095	0.00476	2.87	97215	462	485089	5653979	58.16
1966	20-24	0.00124	0.00619	2.49	96752	599	482259	5168890	53.42
1966	25-29	0.00132	0.00656	2.52	96153	631	479203	4686631	48.74
1966	30-34	0.00162	0.00808	2.57	95523	772	475740	4207427	44.05
1966	35-39	0.00217	0.01082	2.69	94751	1025	471387	3731687	39.38
1966	40-44	0.00352	0.01748	2.68	93726	1638	464832	3260300	34.79
1966	45-49	0.00541	0.02669	2.68	92088	2458	454726	2795468	30.36
1966	50-54	0.00863	0.04228	2.65	89630	3790	439264	2340741	26.12
1966	55-59	0.01317	0.06388	2.67	85840	5483	416417	1901478	22.15
1966	60-64	0.01963	0.09371	2.6	80357	7530	383682	1485061	18.48
1966	65-69	0.02864	0.13394	2.59	72827	9754	340591	1101379	15.12
1966	70-74	0.04303	0.19498	2.59	63072	12298	285770	760788	12.06
1966	75-79	0.06589	0.28341	2.53	50775	14390	218384	475018	9.36
1966	80-84	0.10134	0.40414	2.5	36385	14705	145107	256634	7.05
1966	85-89	0.16041	0.56292	2.35	21680	12204	76080	111527	5.14
1966	90-94	0.24210	0.71858	2.17	9476	6809	28126	35447	3.74
1966	95-99	0.34835	0.84259	1.94	2667	2247	6450	7321	2.75
1966	100-104	0.47356	0.92156	1.69	420	387	817	871	2.08
1966	105-109	0.60378	0.96211	1.46	33	32	52	54	1.65
1966	110+	0.70593	1.00000	1.42	1	1	2	2	1.42
1967	0	0.01993	0.01958	0.1	100000	1958	98245	7149292	71.49
1967	1-4	0.00083	0.00333	1.62	98042	326	391394	7051046	71.92
1967	5-9	0.00041	0.00206	2.27	97716	201	488031	6659653	68.15
1967	10-14	0.00039	0.00194	2.68	97515	189	487134	6171622	63.29
1967	15-19	0.00100	0.00497	2.82	97326	484	485571	5684487	58.41
1967	20-24	0.00129	0.00645	2.55	96842	625	482681	5198917	53.68
1967	25-29	0.00133	0.00662	2.57	96217	637	479534	4716236	49.02
1967	30-34	0.00154	0.00767	2.66	95580	733	476180	4236702	44.33
1967	35-39	0.00225	0.01120	2.64	94846	1062	471723	3760521	39.65
1967	40-44	0.00340	0.01686	2.66	93784	1582	465216	3288798	35.07
1967	45-49	0.00536	0.02648	2.66	92203	2442	455294	2823581	30.62
1967	50-54	0.00848	0.04160	2.66	89761	3734	440074	2368287	26.38
1967	55-59	0.01300	0.06304	2.64	86028	5423	417322	1928214	22.41
1967	60-64	0.01904	0.09104	2.61	80604	7338	385474	1510892	18.74
1967	65-69	0.02799	0.13113	2.6	73266	9607	343282	1125418	15.36
1967	70-74	0.04219	0.19137	2.58	63659	12183	288789	782136	12.29
1967	75-79	0.06369	0.27532	2.54	51477	14173	222532	493347	9.58
1967	80-84	0.09696	0.39030	2.5	37304	14560	150166	270816	7.26
1967	85-89	0.15492	0.54977	2.36	22744	12504	80715	120649	5.30
1967	90-94	0.22947	0.69787	2.19	10240	7146	31143	39935	3.90
1967	95-99	0.33511	0.83048	1.96	3094	2569	7667	8792	2.84
1967	100-104	0.45744	0.91404	1.72	524	479	1048	1124	2.14
1967	105-109	0.58659	0.95821	1.49	45	43	74	76	1.69
1967	110+	0.68917	1.00000	1.45	2	2	3	3	1.45
1968	0	0.01966	0.01931	0.1	100000	1931	98267	7150054	71.50
1968	1-4	0.00087	0.00346	1.65	98069	339	391476	7051787	71.91
1968	5-9	0.00042	0.00209	2.29	97729	204	488092	6660310	68.15
1968	10-14	0.00038	0.00189	2.8	97525	184	487218	6172219	63.29
1968	15-19	0.00102	0.00507	2.84	97341	494	485635	5685001	58.40
1968	20-24	0.00133	0.00665	2.48	96847	644	482615	5199365	53.69
1968	25-29	0.00134	0.00666	2.51	96203	641	479425	4716751	49.03
1968	30-34	0.00157	0.00780	2.6	95563	745	476028	4237326	44.34
1968	35-39	0.00215	0.01070	2.63	94818	1014	471688	3761298	39.67
1968	40-44	0.00351	0.01741	2.68	93803	1633	465230	3289611	35.07
1968	45-49	0.00540	0.02666	2.66	92170	2457	455093	2824381	30.64
1968	50-54	0.00842	0.04128	2.66	89713	3703	439915	2369288	26.41
1968	55-59	0.01306	0.06334	2.62	86010	5448	417078	1929373	22.43
1968	60-64	0.01934	0.09242	2.61	80562	7446	385004	1512296	18.77
1968	65-69	0.02782	0.13029	2.57	73116	9526	342436	1127291	15.42
1968	70-74	0.04182	0.18978	2.57	63590	12068	288588	784856	12.34
1968	75-79	0.06289	0.27220	2.53	51522	14024	222995	496268	9.63
1968	80-84	0.09762	0.39243	2.5	37498	14715	150733	273273	7.29
1968	85-89	0.15172	0.54178	2.36	22782	12343	81354	122540	5.38
1968	90-94	0.22692	0.69065	2.17	10439	7210	31773	41185	3.95
1968	95-99	0.32590	0.82118	1.98	3229	2652	8137	9413	2.91
1968	100-104	0.44319	0.90656	1.74	577	524	1181	1275	2.21
1968	105-109	0.56845	0.95353	1.52	54	51	91	94	1.75
1968	110+	0.66914	1.00000	1.49	3	3	4	4	1.49
1969	0	0.01923	0.01890	0.1	100000	1890	98303	7150263	71.50
1969	1-4	0.00083	0.00331	1.68	98110	325	391687	7051961	71.88
1969	5-9	0.00041	0.00205	2.31	97785	200	488389	6660274	68.11
1969	10-14	0.00037	0.00186	2.8	97585	181	487527	6171885	63.25
1969	15-19	0.00116	0.00580	2.82	97404	565	485790	5684357	58.36
1969	20-24	0.00148	0.00736	2.45	96839	713	482375	5198567	53.68
1969	25-29	0.00146	0.00725	2.54	96126	697	478918	4716192	49.06
1969	30-34	0.00164	0.00819	2.65	95429	782	475305	4237274	44.40
1969	35-39	0.00229	0.01139	2.65	94647	1078	470700	3761968	39.75
1969	40-44	0.00344	0.01705	2.67	93569	1595	464132	3291268	35.17
1969	45-49	0.00528	0.02608	2.64	91974	2399	454207	2827136	30.74
1969	50-54	0.00828	0.04060	2.67	89575	3637	439387	2372929	26.49
1969	55-59	0.01269	0.06157	2.62	85938	5291	417098	1933542	22.50
1969	60-64	0.01882	0.09008	2.62	80646	7265	385946	1516444	18.80
1969	65-69	0.02773	0.12996	2.59	73382	9537	343965	1130498	15.41
1969	70-74	0.04138	0.18811	2.59	63845	12010	290225	786533	12.32
1969	75-79	0.06374	0.27543	2.53	51835	14277	223966	496308	9.57
1969	80-84	0.09761	0.39221	2.5	37558	14731	150910	272343	7.25
1969	85-89	0.15368	0.54689	2.36	22827	12484	81235	121433	5.32
1969	90-94	0.23098	0.70010	2.19	10343	7241	31351	40198	3.89
1969	95-99	0.33380	0.82914	1.97	3102	2572	7705	8847	2.85
1969	100-104	0.45505	0.91281	1.72	530	484	1063	1142	2.15
1969	105-109	0.58328	0.95738	1.49	46	44	76	79	1.70
1969	110+	0.68532	1.00000	1.46	2	2	3	3	1.46
1970	0	0.01829	0.01800	0.1	100000	1800	98379	7188400	71.88
1970	1-4	0.00080	0.00321	1.73	98200	315	392086	7090021	72.20
1970	5-9	0.00039	0.00192	2.24	97885	188	488908	6697935	68.43
1970	10-14	0.00039	0.00194	2.74	97697	190	488057	6209027	63.55
1970	15-19	0.00111	0.00555	2.92	97507	541	486413	5720971	58.67
1970	20-24	0.00147	0.00730	2.4	96967	708	482992	5234557	53.98
1970	25-29	0.00139	0.00693	2.56	96258	667	479667	4751565	49.36
1970	30-34	0.00154	0.00768	2.59	95591	734	476186	4271899	44.69
1970	35-39	0.00221	0.01097	2.66	94857	1041	471847	3795713	40.02
1970	40-44	0.00335	0.01660	2.68	93816	1557	465475	3323865	35.43
1970	45-49	0.00533	0.02632	2.65	92259	2428	455597	2858391	30.98
1970	50-54	0.00815	0.04000	2.68	89831	3593	440811	2402794	26.75
1970	55-59	0.01265	0.06139	2.62	86238	5294	418605	1961983	22.75
1970	60-64	0.01856	0.08887	2.61	80944	7194	387557	1543378	19.07
1970	65-69	0.02729	0.12805	2.59	73750	9443	345985	1155821	15.67
1970	70-74	0.03969	0.18118	2.6	64307	11651	293563	809836	12.59
1970	75-79	0.06227	0.27003	2.54	52656	14219	228335	516274	9.80
1970	80-84	0.09359	0.37888	2.49	38437	14563	155607	287938	7.49
1970	85-89	0.14507	0.52484	2.37	23874	12530	86372	132331	5.54
1970	90-94	0.22008	0.68138	2.21	11344	7729	35121	45960	4.05
1970	95-99	0.31537	0.81059	2	3614	2930	9290	10839	3.00
1970	100-104	0.43176	0.90050	1.76	685	616	1428	1549	2.26
1970	105-109	0.55763	0.95069	1.53	68	65	116	121	1.78
1970	110+	0.65956	1.00000	1.52	3	3	5	5	1.52
1971	0	0.01666	0.01641	0.09	100000	1641	98514	7207415	72.07
1971	1-4	0.00080	0.00321	1.74	98359	316	392720	7108901	72.28
1971	5-9	0.00040	0.00202	2.25	98043	198	489671	6716181	68.50
1971	10-14	0.00034	0.00172	2.68	97845	168	488835	6226510	63.64
1971	15-19	0.00111	0.00556	2.89	97677	543	487238	5737674	58.74
1971	20-24	0.00149	0.00743	2.45	97134	722	483829	5250437	54.05
1971	25-29	0.00137	0.00685	2.54	96412	661	480437	4766608	49.44
1971	30-34	0.00151	0.00754	2.53	95751	722	476971	4286171	44.76
1971	35-39	0.00218	0.01087	2.69	95029	1033	472765	3809200	40.08
1971	40-44	0.00330	0.01637	2.65	93996	1539	466365	3336435	35.50
1971	45-49	0.00522	0.02580	2.68	92457	2385	456755	2870071	31.04
1971	50-54	0.00811	0.03977	2.66	90072	3583	441963	2413316	26.79
1971	55-59	0.01224	0.05951	2.66	86490	5147	420394	1971353	22.79
1971	60-64	0.01870	0.08954	2.63	81343	7283	389451	1550960	19.07
1971	65-69	0.02685	0.12603	2.56	74059	9333	347551	1161508	15.68
1971	70-74	0.03977	0.18138	2.58	64726	11740	295216	813957	12.58
1971	75-79	0.06216	0.26974	2.55	52986	14292	229924	518741	9.79
1971	80-84	0.09300	0.37730	2.5	38693	14599	156976	288817	7.46
1971	85-89	0.14817	0.53306	2.37	24095	12844	86682	131841	5.47
1971	90-94	0.22154	0.68652	2.23	11251	7724	34864	45159	4.01
1971	95-99	0.32486	0.82072	1.99	3527	2895	8910	10296	2.92
1971	100-104	0.44674	0.90886	1.74	632	575	1286	1386	2.19
1971	105-109	0.57704	0.95599	1.5	58	55	95	99	1.72
1971	110+	0.68131	1.00000	1.47	3	3	4	4	1.47
1972	0	0.01594	0.01571	0.09	100000	1571	98575	7238328	72.38
1972	1-4	0.00083	0.00332	1.69	98429	327	392962	7139753	72.54
1972	5-9	0.00037	0.00183	2.32	98102	180	490029	6746791	68.77
1972	10-14	0.00038	0.00191	2.75	97922	187	489191	6256762	63.90
1972	15-19	0.00112	0.00559	2.86	97735	546	487509	5767572	59.01
1972	20-24	0.00151	0.00750	2.43	97189	729	484073	5280063	54.33
1972	25-29	0.00142	0.00707	2.52	96460	682	480612	4795989	49.72
1972	30-34	0.00154	0.00767	2.57	95778	735	477108	4315377	45.06
1972	35-39	0.00212	0.01052	2.71	95043	1000	472922	3838269	40.38
1972	40-44	0.00322	0.01596	2.66	94043	1501	466705	3365346	35.79
1972	45-49	0.00512	0.02531	2.64	92542	2342	457184	2898642	31.32
1972	50-54	0.00769	0.03775	2.66	90200	3405	443035	2441457	27.07
1972	55-59	0.01184	0.05759	2.64	86795	4998	422188	1998423	23.02
1972	60-64	0.01821	0.08729	2.64	81797	7140	392164	1576234	19.27
1972	65-69	0.02567	0.12087	2.59	74657	9024	351517	1184070	15.86
1972	70-74	0.03926	0.17932	2.59	65633	11769	299805	832553	12.68
1972	75-79	0.06165	0.26754	2.53	53864	14411	233749	532748	9.89
1972	80-84	0.09078	0.36981	2.5	39453	14590	160724	298999	7.58
1972	85-89	0.14434	0.52399	2.39	24863	13028	90256	138275	5.56
1972	90-94	0.21858	0.68136	2.24	11835	8064	36893	48019	4.06
1972	95-99	0.32091	0.81681	1.99	3771	3080	9599	11126	2.95
1972	100-104	0.44245	0.90667	1.75	691	626	1416	1527	2.21
1972	105-109	0.57286	0.95496	1.51	64	62	107	112	1.73
1972	110+	0.67752	1.00000	1.48	3	3	4	4	1.48
1973	0	0.01529	0.01508	0.09	100000	1508	98629	7257011	72.57
1973	1-4	0.00076	0.00303	1.71	98492	298	393283	7158382	72.68
1973	5-9	0.00037	0.00186	2.29	98193	182	490473	6765099	68.90
1973	10-14	0.00034	0.00172	2.75	98011	168	489677	6274627	64.02
1973	15-19	0.00109	0.00545	2.9	97843	534	488096	5784949	59.12
1973	20-24	0.00144	0.00717	2.5	97309	697	484800	5296854	54.43
1973	25-29	0.00135	0.00672	2.54	96612	650	481460	4812054	49.81
1973	30-34	0.00155	0.00773	2.54	95962	742	477988	4330595	45.13
1973	35-39	0.00204	0.01015	2.62	95220	966	473804	3852606	40.46
1973	40-44	0.00305	0.01514	2.64	94254	1427	467906	3378802	35.85
1973	45-49	0.00502	0.02483	2.67	92827	2304	458763	2910896	31.36
1973	50-54	0.00747	0.03669	2.65	90523	3321	444813	2452133	27.09
1973	55-59	0.01188	0.05778	2.65	87202	5039	424148	2007320	23.02
1973	60-64	0.01783	0.08552	2.61	82163	7026	394030	1583172	19.27
1973	65-69	0.02598	0.12227	2.6	75137	9187	353606	1189143	15.83
1973	70-74	0.03909	0.17859	2.58	65950	11778	301302	835537	12.67
1973	75-79	0.05971	0.26049	2.55	54172	14111	236314	534235	9.86
1973	80-84	0.09304	0.37726	2.49	40061	15113	162438	297921	7.44
1973	85-89	0.14859	0.53546	2.39	24947	13358	89899	135484	5.43
1973	90-94	0.22739	0.69504	2.2	11589	8055	35423	45584	3.93
1973	95-99	0.33046	0.82632	1.98	3534	2920	8837	10161	2.88
1973	100-104	0.45429	0.91272	1.72	614	560	1233	1324	2.16
1973	105-109	0.58571	0.95813	1.49	54	51	88	91	1.70
1973	110+	0.69027	1.00000	1.45	2	2	3	3	1.45
1974	0	0.01505	0.01484	0.09	100000	1484	98649	7309221	73.09
1974	1-4	0.00075	0.00301	1.67	98516	297	393370	7210572	73.19
1974	5-9	0.00035	0.00176	2.4	98219	173	490645	6817202	69.41
1974	10-14	0.00034	0.00169	2.85	98046	166	489872	6326557	64.53
1974	15-19	0.00104	0.00518	2.88	97880	507	488325	5836685	59.63
1974	20-24	0.00139	0.00695	2.5	97373	677	485176	5348360	54.93
1974	25-29	0.00132	0.00657	2.45	96696	635	481859	4863184	50.29
1974	30-34	0.00144	0.00716	2.57	96061	688	478631	4381325	45.61
1974	35-39	0.00197	0.00978	2.64	95372	933	474657	3902693	40.92
1974	40-44	0.00298	0.01481	2.65	94440	1399	468911	3428037	36.30
1974	45-49	0.00476	0.02354	2.65	93041	2190	460067	2959125	31.80
1974	50-54	0.00737	0.03620	2.65	90851	3289	446517	2499058	27.51
1974	55-59	0.01137	0.05539	2.65	87562	4850	426434	2052541	23.44
1974	60-64	0.01733	0.08321	2.62	82712	6883	397170	1626107	19.66
1974	65-69	0.02484	0.11726	2.61	75829	8892	357925	1228937	16.21
1974	70-74	0.03758	0.17219	2.57	66937	11526	306706	871012	13.01
1974	75-79	0.05672	0.24894	2.55	55411	13794	243219	564306	10.18
1974	80-84	0.08759	0.35994	2.53	41617	14980	171025	321087	7.72
1974	85-89	0.14228	0.51880	2.39	26637	13820	97132	150063	5.63
1974	90-94	0.21339	0.67102	2.23	12818	8601	40306	52931	4.13
1974	95-99	0.31543	0.81131	2.01	4217	3421	10846	12625	2.99
1974	100-104	0.43713	0.90396	1.76	796	719	1645	1779	2.24
1974	105-109	0.56855	0.95392	1.52	76	73	128	133	1.75
1974	110+	0.67436	1.00000	1.48	4	4	5	5	1.48
1975	0	0.01450	0.01431	0.09	100000	1431	98696	7345499	73.45
1975	1-4	0.00072	0.00287	1.62	98569	283	393602	7246804	73.52
1975	5-9	0.00032	0.00161	2.26	98286	158	490996	6853201	69.73
1975	10-14	0.00031	0.00153	2.74	98128	151	490299	6362205	64.84
1975	15-19	0.00096	0.00481	2.95	97977	471	488920	5871906	59.93
1975	20-24	0.00147	0.00732	2.54	97506	714	485772	5382986	55.21
1975	25-29	0.00140	0.00700	2.45	96792	678	482230	4897215	50.60
1975	30-34	0.00143	0.00715	2.55	96114	687	478889	4414985	45.93
1975	35-39	0.00189	0.00943	2.61	95428	900	474988	3936096	41.25
1975	40-44	0.00293	0.01456	2.69	94528	1376	469460	3461107	36.61
1975	45-49	0.00454	0.02246	2.67	93151	2093	460887	2991647	32.12
1975	50-54	0.00722	0.03548	2.64	91059	3231	447674	2530760	27.79
1975	55-59	0.01100	0.05363	2.66	87828	4710	428115	2083086	23.72
1975	60-64	0.01671	0.08037	2.65	83118	6681	399902	1654971	19.91
1975	65-69	0.02450	0.11572	2.61	76437	8845	361070	1255069	16.42
1975	70-74	0.03675	0.16887	2.6	67592	11414	310561	893999	13.23
1975	75-79	0.05555	0.24477	2.57	56178	13751	247539	583437	10.39
1975	80-84	0.08450	0.34951	2.53	42427	14829	175494	335899	7.92
1975	85-89	0.13478	0.49974	2.41	27598	13792	102330	160405	5.81
1975	90-94	0.20882	0.65924	2.2	13806	9102	43586	58075	4.21
1975	95-99	0.30530	0.80045	2.03	4705	3766	12335	14489	3.08
1975	100-104	0.42511	0.89727	1.78	939	842	1982	2154	2.29
1975	105-109	0.55607	0.95058	1.54	96	92	165	172	1.78
1975	110+	0.66245	1.00000	1.51	5	5	7	7	1.51
1976	0	0.01344	0.01328	0.09	100000	1328	98786	7382184	73.82
1976	1-4	0.00071	0.00285	1.6	98672	282	394013	7283398	73.81
1976	5-9	0.00032	0.00161	2.28	98391	158	491522	6889385	70.02
1976	10-14	0.00031	0.00156	2.75	98232	153	490817	6397863	65.13
1976	15-19	0.00096	0.00478	2.88	98079	469	489404	5907046	60.23
1976	20-24	0.00142	0.00705	2.52	97611	688	486342	5417642	55.50
1976	25-29	0.00134	0.00666	2.5	96922	645	483000	4931299	50.88
1976	30-34	0.00142	0.00707	2.58	96277	681	479740	4448299	46.20
1976	35-39	0.00185	0.00922	2.64	95596	882	475896	3968559	41.51
1976	40-44	0.00283	0.01404	2.65	94714	1330	470452	3492663	36.88
1976	45-49	0.00453	0.02242	2.67	93385	2094	462049	3022210	32.36
1976	50-54	0.00694	0.03412	2.65	91291	3115	449122	2560162	28.04
1976	55-59	0.01064	0.05190	2.66	88176	4576	430173	2111039	23.94
1976	60-64	0.01646	0.07922	2.63	83600	6623	402306	1680866	20.11
1976	65-69	0.02407	0.11381	2.61	76977	8760	363950	1278560	16.61
1976	70-74	0.03504	0.16145	2.57	68217	11014	314299	914610	13.41
1976	75-79	0.05401	0.23860	2.56	57203	13649	252702	600311	10.49
1976	80-84	0.08322	0.34517	2.53	43554	15033	180656	347609	7.98
1976	85-89	0.13320	0.49541	2.41	28521	14129	106073	166953	5.85
1976	90-94	0.20716	0.65920	2.24	14391	9487	45794	60880	4.23
1976	95-99	0.30557	0.80092	2.03	4905	3928	12855	15086	3.08
1976	100-104	0.42684	0.89841	1.78	976	877	2055	2231	2.28
1976	105-109	0.55929	0.95155	1.53	99	94	169	176	1.77
1976	110+	0.66668	1.00000	1.5	5	5	7	7	1.50
1977	0	0.01284	0.01269	0.08	100000	1269	98837	7426406	74.26
1977	1-4	0.00067	0.00268	1.62	98731	264	394292	7327569	74.22
1977	5-9	0.00034	0.00169	2.32	98466	167	491884	6933277	70.41
1977	10-14	0.00030	0.00149	2.78	98299	146	491172	6441393	65.53
1977	15-19	0.00105	0.00526	2.86	98153	517	489663	5950221	60.62
1977	20-24	0.00145	0.00724	2.51	97637	707	486421	5460558	55.93
1977	25-29	0.00134	0.00669	2.51	96930	649	483037	4974137	51.32
1977	30-34	0.00137	0.00682	2.59	96282	656	479825	4491100	46.65
1977	35-39	0.00174	0.00865	2.62	95625	827	476155	4011275	41.95
1977	40-44	0.00275	0.01366	2.65	94798	1295	470943	3535120	37.29
1977	45-49	0.00427	0.02115	2.71	93503	1977	462998	3064177	32.77
1977	50-54	0.00672	0.03309	2.66	91526	3029	450539	2601179	28.42
1977	55-59	0.01037	0.05060	2.64	88498	4478	431939	2150641	24.30
1977	60-64	0.01594	0.07681	2.63	84020	6453	404806	1718702	20.46
1977	65-69	0.02290	0.10852	2.6	77566	8418	367597	1313897	16.94
1977	70-74	0.03432	0.15856	2.6	69149	10964	319443	946300	13.69
1977	75-79	0.05201	0.23089	2.57	58184	13434	258318	626856	10.77
1977	80-84	0.08008	0.33450	2.54	44750	14969	186916	368538	8.24
1977	85-89	0.12491	0.47300	2.43	29782	14087	112772	181622	6.10
1977	90-94	0.19890	0.64223	2.24	15695	10080	50676	68850	4.39
1977	95-99	0.28821	0.78062	2.06	5615	4383	15209	18174	3.24
1977	100-104	0.40353	0.88398	1.82	1232	1089	2699	2965	2.41
1977	105-109	0.53209	0.94338	1.58	143	135	253	266	1.86
1977	110+	0.63811	1.00000	1.57	8	8	13	13	1.57
1978	0	0.01258	0.01244	0.08	100000	1244	98860	7433140	74.33
1978	1-4	0.00069	0.00276	1.66	98756	273	394386	7334281	74.27
1978	5-9	0.00031	0.00154	2.39	98484	152	492023	6939894	70.47
1978	10-14	0.00031	0.00155	2.76	98332	153	491318	6447871	65.57
1978	15-19	0.00102	0.00509	2.88	98179	500	489838	5956553	60.67
1978	20-24	0.00141	0.00703	2.47	97680	686	486663	5466716	55.97
1978	25-29	0.00137	0.00685	2.51	96993	664	483312	4980053	51.34
1978	30-34	0.00137	0.00681	2.56	96329	656	480045	4496740	46.68
1978	35-39	0.00175	0.00874	2.63	95673	836	476380	4016695	41.98
1978	40-44	0.00264	0.01313	2.66	94837	1245	471277	3540315	37.33
1978	45-49	0.00430	0.02130	2.66	93592	1993	463290	3069038	32.79
1978	50-54	0.00668	0.03289	2.66	91599	3012	450943	2605748	28.45
1978	55-59	0.01015	0.04957	2.64	88587	4391	432584	2154804	24.32
1978	60-64	0.01564	0.07540	2.63	84195	6349	405915	1722220	20.46
1978	65-69	0.02306	0.10929	2.62	77847	8508	368962	1316305	16.91
1978	70-74	0.03462	0.15977	2.59	69339	11078	319952	947343	13.66
1978	75-79	0.05131	0.22794	2.55	58261	13280	258830	627391	10.77
1978	80-84	0.08061	0.33600	2.52	44981	15114	187485	368561	8.19
1978	85-89	0.12644	0.47710	2.43	29867	14250	112697	181076	6.06
1978	90-94	0.19882	0.64395	2.27	15618	10057	50584	68378	4.38
1978	95-99	0.29193	0.78519	2.06	5561	4366	14956	17795	3.20
1978	100-104	0.40909	0.88765	1.81	1194	1060	2592	2838	2.38
1978	105-109	0.53925	0.94570	1.57	134	127	235	247	1.84
1978	110+	0.64623	1.00000	1.55	7	7	11	11	1.55
1979	0	0.01190	0.01177	0.08	100000	1177	98918	7470120	74.70
1979	1-4	0.00064	0.00255	1.63	98823	252	394693	7371201	74.59
1979	5-9	0.00029	0.00147	2.32	98570	145	492464	6976508	70.78
1979	10-14	0.00029	0.00144	2.73	98426	142	491807	6484044	65.88
1979	15-19	0.00105	0.00522	2.91	98284	513	490348	5992237	60.97
1979	20-24	0.00140	0.00698	2.48	97771	682	487137	5501889	56.27
1979	25-29	0.00136	0.00678	2.46	97089	658	483773	5014752	51.65
1979	30-34	0.00133	0.00664	2.49	96430	640	480546	4530979	46.99
1979	35-39	0.00172	0.00854	2.58	95790	818	476971	4050434	42.28
1979	40-44	0.00258	0.01284	2.68	94971	1219	472029	3573463	37.63
1979	45-49	0.00409	0.02027	2.66	93752	1900	464315	3101434	33.08
1979	50-54	0.00648	0.03190	2.66	91852	2930	452393	2637119	28.71
1979	55-59	0.00979	0.04784	2.66	88922	4254	434653	2184726	24.57
1979	60-64	0.01504	0.07266	2.66	84668	6152	408941	1750073	20.67
1979	65-69	0.02219	0.10536	2.62	78516	8273	372888	1341132	17.08
1979	70-74	0.03368	0.15577	2.59	70244	10942	324871	968244	13.78
1979	75-79	0.05109	0.22722	2.57	59302	13474	263756	643373	10.85
1979	80-84	0.07910	0.33062	2.52	45828	15152	191562	379618	8.28
1979	85-89	0.12444	0.47140	2.43	30676	14461	116206	188056	6.13
1979	90-94	0.19579	0.63980	2.29	16215	10375	52988	71850	4.43
1979	95-99	0.28873	0.78149	2.07	5841	4565	15809	18862	3.23
1979	100-104	0.40608	0.88585	1.82	1276	1131	2784	3053	2.39
1979	105-109	0.53699	0.94507	1.57	146	138	256	269	1.85
1979	110+	0.64479	1.00000	1.55	8	8	12	12	1.55
1980	0	0.01176	0.01164	0.08	100000	1164	98930	7451541	74.52
1980	1-4	0.00061	0.00243	1.55	98836	240	394757	7352610	74.39
1980	5-9	0.00029	0.00146	2.42	98596	144	492608	6957853	70.57
1980	10-14	0.00030	0.00151	2.72	98452	149	491917	6465245	65.67
1980	15-19	0.00104	0.00521	2.87	98302	512	490423	5973328	60.76
1980	20-24	0.00133	0.00664	2.46	97790	649	487300	5482905	56.07
1980	25-29	0.00133	0.00665	2.48	97141	646	484080	4995605	51.43
1980	30-34	0.00137	0.00685	2.53	96495	661	480841	4511525	46.75
1980	35-39	0.00175	0.00871	2.62	95834	834	477187	4030684	42.06
1980	40-44	0.00262	0.01302	2.64	95000	1237	472083	3553496	37.41
1980	45-49	0.00409	0.02026	2.68	93763	1900	464398	3081414	32.86
1980	50-54	0.00638	0.03143	2.67	91863	2887	452597	2617016	28.49
1980	55-59	0.00985	0.04816	2.66	88976	4285	434848	2164419	24.33
1980	60-64	0.01511	0.07293	2.64	84691	6176	408847	1729571	20.42
1980	65-69	0.02305	0.10919	2.6	78514	8573	372013	1320724	16.82
1980	70-74	0.03487	0.16084	2.59	69941	11250	322600	948712	13.56
1980	75-79	0.05206	0.23087	2.55	58692	13550	260278	626111	10.67
1980	80-84	0.08146	0.33868	2.51	45142	15289	187686	365833	8.10
1980	85-89	0.12911	0.48355	2.41	29853	14435	111807	178147	5.97
1980	90-94	0.20328	0.65426	2.28	15418	10087	49622	66340	4.30
1980	95-99	0.29883	0.79327	2.04	5330	4229	14150	16718	3.14
1980	100-104	0.41786	0.89306	1.79	1102	984	2355	2568	2.33
1980	105-109	0.54880	0.94854	1.55	118	112	204	213	1.81
1980	110+	0.65568	1.00000	1.53	6	6	9	9	1.53
1981	0	0.01068	0.01058	0.08	100000	1058	99025	7499398	74.99
1981	1-4	0.00061	0.00244	1.6	98942	241	395189	7400373	74.79
1981	5-9	0.00028	0.00141	2.34	98701	140	493134	7005184	70.97
1981	10-14	0.00029	0.00143	2.8	98561	141	492495	6512050	66.07
1981	15-19	0.00092	0.00459	2.91	98420	452	491157	6019555	61.16
1981	20-24	0.00125	0.00624	2.5	97968	611	488314	5528398	56.43
1981	25-29	0.00123	0.00615	2.5	97357	598	485289	5040084	51.77
1981	30-34	0.00138	0.00689	2.51	96759	667	482130	4554795	47.07
1981	35-39	0.00169	0.00840	2.68	96092	807	478583	4072665	42.38
1981	40-44	0.00247	0.01229	2.64	95285	1171	473655	3594082	37.72
1981	45-49	0.00395	0.01959	2.68	94113	1844	466283	3120428	33.16
1981	50-54	0.00634	0.03123	2.66	92270	2881	454612	2654144	28.77
1981	55-59	0.00962	0.04705	2.64	89388	4206	437027	2199532	24.61
1981	60-64	0.01466	0.07083	2.63	85182	6033	411614	1762505	20.69
1981	65-69	0.02227	0.10573	2.61	79149	8368	375719	1350891	17.07
1981	70-74	0.03404	0.15737	2.61	70781	11139	327237	975172	13.78
1981	75-79	0.05009	0.22313	2.56	59642	13308	265680	647935	10.86
1981	80-84	0.08007	0.33378	2.51	46334	15465	193158	382255	8.25
1981	85-89	0.12546	0.47455	2.43	30868	14648	116762	189097	6.13
1981	90-94	0.19313	0.63340	2.28	16220	10274	53195	72335	4.46
1981	95-99	0.28993	0.78283	2.06	5946	4655	16055	19140	3.22
1981	100-104	0.40672	0.88616	1.82	1291	1144	2814	3085	2.39
1981	105-109	0.53672	0.94492	1.57	147	139	259	271	1.85
1981	110+	0.64371	1.00000	1.55	8	8	13	13	1.55
1982	0	0.01015	0.01006	0.08	100000	1006	99071	7522657	75.23
1982	1-4	0.00056	0.00223	1.66	98994	221	395460	7423585	74.99
1982	5-9	0.00029	0.00143	2.38	98774	141	493497	7028126	71.15
1982	10-14	0.00027	0.00135	2.94	98632	133	492886	6534628	66.25
1982	15-19	0.00084	0.00421	2.93	98499	414	491637	6041742	61.34
1982	20-24	0.00119	0.00591	2.5	98085	580	488973	5550105	56.58
1982	25-29	0.00119	0.00593	2.53	97505	578	486093	5061131	51.91
1982	30-34	0.00127	0.00632	2.51	96926	613	483103	4575038	47.20
1982	35-39	0.00162	0.00806	2.65	96313	776	479743	4091935	42.49
1982	40-44	0.00238	0.01183	2.68	95537	1130	475065	3612192	37.81
1982	45-49	0.00385	0.01909	2.7	94407	1802	467893	3137128	33.23
1982	50-54	0.00613	0.03021	2.64	92605	2798	456425	2669234	28.82
1982	55-59	0.00955	0.04670	2.65	89807	4194	439162	2212809	24.64
1982	60-64	0.01472	0.07111	2.64	85613	6088	413668	1773647	20.72
1982	65-69	0.02235	0.10613	2.63	79525	8440	377638	1359979	17.10
1982	70-74	0.03361	0.15544	2.59	71085	11050	328800	982341	13.82
1982	75-79	0.05057	0.22523	2.58	60035	13522	267389	653541	10.89
1982	80-84	0.08007	0.33410	2.52	46513	15540	194076	386152	8.30
1982	85-89	0.12355	0.46869	2.43	30973	14517	117494	192076	6.20
1982	90-94	0.18899	0.62527	2.29	16456	10290	54446	74582	4.53
1982	95-99	0.28523	0.77699	2.07	6167	4792	16799	20136	3.27
1982	100-104	0.39987	0.88159	1.83	1375	1212	3032	3337	2.43
1982	105-109	0.52820	0.94214	1.59	163	153	290	305	1.87
1982	110+	0.63434	1.00000	1.58	9	9	15	15	1.58
1983	0	0.00986	0.00977	0.08	100000	977	99097	7549724	75.50
1983	1-4	0.00055	0.00219	1.61	99023	216	395574	7450627	75.24
1983	5-9	0.00029	0.00147	2.33	98806	145	493646	7055053	71.40
1983	10-14	0.00026	0.00132	2.85	98661	130	493027	6561407	66.50
1983	15-19	0.00080	0.00400	2.88	98531	394	491823	6068380	61.59
1983	20-24	0.00112	0.00557	2.49	98138	546	489317	5576557	56.82
1983	25-29	0.00113	0.00562	2.51	97591	548	486588	5087240	52.13
1983	30-34	0.00124	0.00618	2.55	97043	600	483744	4600653	47.41
1983	35-39	0.00153	0.00764	2.6	96443	737	480445	4116908	42.69
1983	40-44	0.00234	0.01165	2.63	95706	1115	475889	3636463	38.00
1983	45-49	0.00374	0.01852	2.69	94591	1752	468905	3160574	33.41
1983	50-54	0.00595	0.02933	2.66	92839	2723	457838	2691669	28.99
1983	55-59	0.00958	0.04687	2.66	90116	4223	440703	2233831	24.79
1983	60-64	0.01441	0.06967	2.64	85893	5984	415327	1793128	20.88
1983	65-69	0.02156	0.10256	2.63	79909	8195	380116	1377801	17.24
1983	70-74	0.03287	0.15233	2.6	71714	10924	332361	997685	13.91
1983	75-79	0.05014	0.22347	2.57	60789	13584	270915	665324	10.94
1983	80-84	0.07840	0.32824	2.52	47205	15495	197638	394409	8.36
1983	85-89	0.12276	0.46674	2.43	31710	14800	120563	196772	6.21
1983	90-94	0.19011	0.62626	2.28	16910	10590	55704	76208	4.51
1983	95-99	0.28711	0.77959	2.07	6320	4927	17161	20504	3.24
1983	100-104	0.40457	0.88492	1.82	1393	1233	3047	3343	2.40
1983	105-109	0.53575	0.94471	1.57	160	151	283	296	1.85
1983	110+	0.64385	1.00000	1.55	9	9	14	14	1.55
1984	0	0.00984	0.00975	0.08	100000	975	99098	7538345	75.38
1984	1-4	0.00053	0.00213	1.61	99025	211	395595	7439247	75.13
1984	5-9	0.00027	0.00134	2.42	98814	132	493728	7043652	71.28
1984	10-14	0.00027	0.00135	2.71	98681	133	493101	6549924	66.37
1984	15-19	0.00084	0.00417	2.89	98548	411	491873	6056823	61.46
1984	20-24	0.00117	0.00583	2.53	98137	572	489271	5564950	56.71
1984	25-29	0.00113	0.00563	2.46	97565	549	486430	5075679	52.02
1984	30-34	0.00131	0.00652	2.56	97016	633	483534	4589250	47.30
1984	35-39	0.00165	0.00823	2.61	96383	793	480024	4105716	42.60
1984	40-44	0.00237	0.01181	2.64	95590	1129	475286	3625692	37.93
1984	45-49	0.00362	0.01797	2.69	94462	1698	468388	3150406	33.35
1984	50-54	0.00591	0.02915	2.66	92764	2704	457504	2682018	28.91
1984	55-59	0.00948	0.04637	2.66	90059	4176	440534	2224514	24.70
1984	60-64	0.01468	0.07095	2.64	85883	6093	415034	1783980	20.77
1984	65-69	0.02170	0.10323	2.64	79790	8237	379497	1368946	17.16
1984	70-74	0.03309	0.15324	2.59	71553	10965	331378	989449	13.83
1984	75-79	0.05030	0.22412	2.57	60588	13579	269942	658071	10.86
1984	80-84	0.07971	0.33280	2.52	47009	15645	196267	388129	8.26
1984	85-89	0.12561	0.47484	2.43	31364	14893	118567	191862	6.12
1984	90-94	0.19309	0.63303	2.28	16471	10427	54001	73294	4.45
1984	95-99	0.29258	0.78622	2.06	6045	4752	16243	19294	3.19
1984	100-104	0.41185	0.88958	1.81	1292	1150	2791	3051	2.36
1984	105-109	0.54420	0.94731	1.56	143	135	248	260	1.82
1984	110+	0.65272	1.00000	1.53	8	8	12	12	1.53
1985	0	0.01011	0.01002	0.08	100000	1002	99075	7531834	75.32
1985	1-4	0.00052	0.00207	1.6	98998	205	395501	7432759	75.08
1985	5-9	0.00025	0.00124	2.45	98793	122	493654	7037259	71.23
1985	10-14	0.00026	0.00130	2.85	98671	128	493080	6543605	66.32
1985	15-19	0.00083	0.00416	2.88	98543	410	491847	6050525	61.40
1985	20-24	0.00112	0.00560	2.52	98133	549	489303	5558678	56.64
1985	25-29	0.00117	0.00581	2.5	97584	567	486500	5069375	51.95
1985	30-34	0.00136	0.00677	2.58	97017	656	483494	4582874	47.24
1985	35-39	0.00172	0.00859	2.57	96360	828	479794	4099380	42.54
1985	40-44	0.00238	0.01183	2.63	95533	1130	474984	3619587	37.89
1985	45-49	0.00368	0.01826	2.65	94402	1724	467963	3144603	33.31
1985	50-54	0.00583	0.02874	2.63	92679	2664	457090	2676640	28.88
1985	55-59	0.00943	0.04611	2.65	90015	4151	440325	2219550	24.66
1985	60-64	0.01447	0.06996	2.62	85864	6007	415038	1779225	20.72
1985	65-69	0.02138	0.10175	2.62	79857	8125	379979	1364187	17.08
1985	70-74	0.03334	0.15430	2.59	71732	11068	332011	984208	13.72
1985	75-79	0.05141	0.22838	2.56	60664	13854	269500	652197	10.75
1985	80-84	0.08022	0.33465	2.52	46810	15665	195267	382697	8.18
1985	85-89	0.12783	0.48080	2.42	31145	14975	117141	187430	6.02
1985	90-94	0.20004	0.64849	2.29	16170	10486	52422	70289	4.35
1985	95-99	0.29774	0.79238	2.05	5684	4504	15127	17867	3.14
1985	100-104	0.41942	0.89431	1.79	1180	1055	2516	2740	2.32
1985	105-109	0.55367	0.95014	1.54	125	119	214	223	1.79
1985	110+	0.66315	1.00000	1.51	6	6	9	9	1.51
1986	0	0.00942	0.00934	0.07	100000	934	99136	7552692	75.53
1986	1-4	0.00049	0.00197	1.56	99066	195	395788	7453557	75.24
1986	5-9	0.00022	0.00111	2.46	98871	110	494075	7057769	71.38
1986	10-14	0.00027	0.00135	2.87	98761	133	493522	6563694	66.46
1986	15-19	0.00091	0.00455	2.83	98628	448	492168	6070173	61.55
1986	20-24	0.00117	0.00585	2.51	98179	574	489470	5578005	56.81
1986	25-29	0.00123	0.00614	2.51	97605	600	486536	5088535	52.13
1986	30-34	0.00147	0.00733	2.59	97006	711	483318	4601999	47.44
1986	35-39	0.00185	0.00919	2.59	96294	885	479339	4118681	42.77
1986	40-44	0.00241	0.01199	2.65	95409	1144	474363	3639341	38.14
1986	45-49	0.00367	0.01819	2.67	94265	1715	467334	3164978	33.58
1986	50-54	0.00582	0.02872	2.65	92550	2658	456503	2697644	29.15
1986	55-59	0.00912	0.04467	2.67	89892	4015	440103	2241142	24.93
1986	60-64	0.01418	0.06862	2.63	85877	5893	415440	1801038	20.97
1986	65-69	0.02096	0.09982	2.63	79984	7984	380970	1385598	17.32
1986	70-74	0.03298	0.15275	2.59	72000	10998	333515	1004628	13.95
1986	75-79	0.04905	0.21912	2.57	61002	13367	272521	671113	11.00
1986	80-84	0.07806	0.32706	2.52	47636	15580	199577	398593	8.37
1986	85-89	0.12257	0.46595	2.43	32056	14937	121859	199016	6.21
1986	90-94	0.19160	0.63025	2.29	17119	10789	56313	77157	4.51
1986	95-99	0.28221	0.77347	2.08	6330	4896	17349	20844	3.29
1986	100-104	0.39784	0.88043	1.83	1434	1262	3173	3495	2.44
1986	105-109	0.52783	0.94215	1.59	171	162	306	322	1.88
1986	110+	0.63549	1.00000	1.57	10	10	16	16	1.57
1987	0	0.00962	0.00953	0.08	100000	953	99118	7552385	75.52
1987	1-4	0.00052	0.00206	1.58	99047	204	395692	7453266	75.25
1987	5-9	0.00024	0.00119	2.46	98842	118	493912	7057574	71.40
1987	10-14	0.00026	0.00129	2.84	98724	128	493346	6563662	66.48
1987	15-19	0.00086	0.00429	2.87	98597	423	492081	6070317	61.57
1987	20-24	0.00115	0.00572	2.51	98174	561	489469	5578236	56.82
1987	25-29	0.00120	0.00598	2.49	97612	584	486597	5088767	52.13
1987	30-34	0.00146	0.00726	2.58	97028	704	483440	4602169	47.43
1987	35-39	0.00183	0.00910	2.53	96324	877	479457	4118729	42.76
1987	40-44	0.00246	0.01222	2.64	95447	1166	474484	3639272	38.13
1987	45-49	0.00363	0.01802	2.64	94281	1699	467402	3164788	33.57
1987	50-54	0.00581	0.02868	2.69	92582	2656	456776	2697386	29.13
1987	55-59	0.00913	0.04471	2.65	89927	4021	440168	2240610	24.92
1987	60-64	0.01410	0.06820	2.61	85906	5859	415546	1800442	20.96
1987	65-69	0.02058	0.09808	2.61	80047	7851	381436	1384896	17.30
1987	70-74	0.03255	0.15104	2.62	72197	10905	335019	1003461	13.90
1987	75-79	0.04928	0.22021	2.59	61292	13497	273911	668442	10.91
1987	80-84	0.07895	0.32999	2.51	47795	15772	199762	394531	8.25
1987	85-89	0.12530	0.47425	2.44	32023	15187	121200	194769	6.08
1987	90-94	0.19772	0.64280	2.28	16836	10822	54736	73570	4.37
1987	95-99	0.29872	0.79388	2.05	6014	4774	15983	18833	3.13
1987	100-104	0.42367	0.89711	1.79	1240	1112	2625	2850	2.30
1987	105-109	0.56127	0.95240	1.53	128	121	216	225	1.77
1987	110+	0.67296	1.00000	1.49	6	6	9	9	1.49
1988	0	0.00916	0.00908	0.07	100000	908	99159	7552859	75.53
1988	1-4	0.00049	0.00195	1.6	99092	193	395904	7453700	75.22
1988	5-9	0.00023	0.00116	2.31	98899	115	494185	7057796	71.36
1988	10-14	0.00026	0.00130	2.78	98784	128	493634	6563611	66.44
1988	15-19	0.00087	0.00435	2.9	98655	429	492375	6069978	61.53
1988	20-24	0.00110	0.00551	2.48	98227	541	489772	5577602	56.78
1988	25-29	0.00120	0.00600	2.55	97686	586	486990	5087830	52.08
1988	30-34	0.00146	0.00728	2.58	97099	707	483789	4600840	47.38
1988	35-39	0.00192	0.00957	2.58	96393	923	479730	4117051	42.71
1988	40-44	0.00245	0.01217	2.62	95470	1162	474588	3637321	38.10
1988	45-49	0.00367	0.01817	2.63	94309	1714	467481	3162733	33.54
1988	50-54	0.00567	0.02799	2.68	92595	2592	456972	2695252	29.11
1988	55-59	0.00909	0.04450	2.65	90003	4005	440590	2238280	24.87
1988	60-64	0.01415	0.06844	2.63	85999	5886	416064	1797690	20.90
1988	65-69	0.02080	0.09909	2.62	80113	7938	381707	1381625	17.25
1988	70-74	0.03232	0.15008	2.62	72175	10832	335101	999919	13.85
1988	75-79	0.04956	0.22108	2.56	61343	13562	273672	664818	10.84
1988	80-84	0.08023	0.33445	2.51	47781	15980	199192	391147	8.19
1988	85-89	0.12650	0.47776	2.44	31801	15193	120104	191955	6.04
1988	90-94	0.20024	0.64706	2.27	16608	10746	53666	71851	4.33
1988	95-99	0.30202	0.79759	2.04	5861	4675	15479	18185	3.10
1988	100-104	0.42742	0.89923	1.78	1186	1067	2496	2706	2.28
1988	105-109	0.56492	0.95335	1.53	120	114	202	210	1.76
1988	110+	0.67619	1.00000	1.48	6	6	8	8	1.48
1989	0	0.00926	0.00918	0.07	100000	918	99150	7572537	75.73
1989	1-4	0.00049	0.00196	1.56	99082	195	395853	7473387	75.43
1989	5-9	0.00022	0.00109	2.46	98887	107	494163	7077535	71.57
1989	10-14	0.00025	0.00126	2.83	98780	124	493629	6583372	66.65
1989	15-19	0.00088	0.00439	2.85	98655	433	492347	6089743	61.73
1989	20-24	0.00108	0.00541	2.52	98223	531	489796	5597396	56.99
1989	25-29	0.00124	0.00619	2.58	97691	604	486993	5107599	52.28
1989	30-34	0.00155	0.00772	2.62	97087	749	483655	4620606	47.59
1989	35-39	0.00197	0.00982	2.54	96338	946	479364	4136951	42.94
1989	40-44	0.00253	0.01257	2.64	95392	1199	474131	3657588	38.34
1989	45-49	0.00357	0.01768	2.65	94193	1665	467056	3183457	33.80
1989	50-54	0.00558	0.02756	2.67	92528	2550	456688	2716402	29.36
1989	55-59	0.00885	0.04337	2.67	89977	3903	440777	2259713	25.11
1989	60-64	0.01370	0.06633	2.62	86075	5710	416798	1818937	21.13
1989	65-69	0.02016	0.09622	2.64	80365	7732	383609	1402139	17.45
1989	70-74	0.03117	0.14512	2.63	72633	10540	338162	1018530	14.02
1989	75-79	0.04822	0.21582	2.57	62093	13401	277917	680368	10.96
1989	80-84	0.07859	0.32893	2.52	48692	16016	203792	402451	8.27
1989	85-89	0.12551	0.47526	2.45	32676	15529	123729	198658	6.08
1989	90-94	0.19758	0.64280	2.28	17146	11022	55782	74930	4.37
1989	95-99	0.29936	0.79458	2.05	6125	4867	16257	19147	3.13
1989	100-104	0.42403	0.89726	1.79	1258	1129	2662	2891	2.30
1989	105-109	0.56093	0.95226	1.53	129	123	219	229	1.77
1989	110+	0.67193	1.00000	1.49	6	6	9	9	1.49
1990	0	0.00855	0.00849	0.07	100000	849	99212	7604420	76.04
1990	1-4	0.00047	0.00186	1.59	99151	184	396161	7505208	75.69
1990	5-9	0.00020	0.00099	2.3	98967	98	494569	7109047	71.83
1990	10-14	0.00025	0.00123	2.95	98868	122	494092	6614479	66.90
1990	15-19	0.00086	0.00429	2.83	98747	424	492815	6120386	61.98
1990	20-24	0.00116	0.00577	2.5	98323	568	490196	5627572	57.24
1990	25-29	0.00123	0.00615	2.56	97755	601	487305	5137375	52.55
1990	30-34	0.00151	0.00754	2.61	97154	732	484015	4650070	47.86
1990	35-39	0.00198	0.00986	2.58	96421	950	479805	4166055	43.21
1990	40-44	0.00249	0.01238	2.58	95471	1182	474494	3686250	38.61
1990	45-49	0.00362	0.01796	2.63	94288	1694	467435	3211757	34.06
1990	50-54	0.00545	0.02692	2.65	92595	2493	457125	2744322	29.64
1990	55-59	0.00843	0.04134	2.66	90102	3725	441779	2287197	25.38
1990	60-64	0.01345	0.06518	2.61	86377	5630	418427	1845418	21.36
1990	65-69	0.01991	0.09505	2.63	80747	7675	385546	1426992	17.67
1990	70-74	0.03032	0.14139	2.62	73073	10332	340724	1041446	14.25
1990	75-79	0.04708	0.21123	2.57	62741	13253	281503	700722	11.17
1990	80-84	0.07530	0.31788	2.55	49488	15731	208920	419219	8.47
1990	85-89	0.12040	0.46010	2.44	33757	15532	129000	210299	6.23
1990	90-94	0.19237	0.63272	2.3	18225	11531	59943	81299	4.46
1990	95-99	0.29207	0.78640	2.07	6694	5264	18023	21356	3.19
1990	100-104	0.41737	0.89358	1.8	1430	1278	3061	3332	2.33
1990	105-109	0.55625	0.95113	1.54	152	145	260	271	1.78
1990	110+	0.66934	1.00000	1.49	7	7	11	11	1.49
1991	0	0.00786	0.00780	0.07	100000	780	99275	7633968	76.34
1991	1-4	0.00040	0.00160	1.59	99220	158	396499	7534694	75.94
1991	5-9	0.00020	0.00099	2.37	99062	98	495049	7138195	72.06
1991	10-14	0.00024	0.00122	2.96	98963	121	494569	6643145	67.13
1991	15-19	0.00092	0.00461	2.9	98842	456	493252	6148576	62.21
1991	20-24	0.00111	0.00554	2.46	98387	545	490551	5655324	57.48
1991	25-29	0.00113	0.00562	2.56	97842	550	487864	5164773	52.79
1991	30-34	0.00146	0.00726	2.61	97292	707	484772	4676909	48.07
1991	35-39	0.00194	0.00965	2.59	96585	932	480681	4192137	43.40
1991	40-44	0.00255	0.01269	2.62	95653	1214	475371	3711456	38.80
1991	45-49	0.00352	0.01744	2.64	94439	1647	468302	3236085	34.27
1991	50-54	0.00530	0.02619	2.63	92792	2430	458207	2767782	29.83
1991	55-59	0.00845	0.04144	2.68	90362	3745	443131	2309576	25.56
1991	60-64	0.01294	0.06277	2.64	86617	5437	420232	1866445	21.55
1991	65-69	0.01961	0.09366	2.63	81180	7604	387842	1446212	17.81
1991	70-74	0.02985	0.13933	2.61	73576	10252	343386	1058370	14.38
1991	75-79	0.04566	0.20556	2.58	63325	13017	285110	714984	11.29
1991	80-84	0.07491	0.31610	2.53	50308	15902	212291	429874	8.54
1991	85-89	0.11831	0.45465	2.46	34405	15643	132219	217584	6.32
1991	90-94	0.18829	0.62511	2.31	18763	11729	62293	85365	4.55
1991	95-99	0.28292	0.77500	2.08	7034	5451	19268	23072	3.28
1991	100-104	0.40369	0.88481	1.83	1583	1400	3469	3804	2.40
1991	105-109	0.53917	0.94604	1.57	182	172	320	335	1.84
1991	110+	0.65075	1.00000	1.54	10	10	15	15	1.54
1992	0	0.00720	0.00715	0.07	100000	715	99334	7654328	76.54
1992	1-4	0.00039	0.00157	1.64	99285	156	396772	7554994	76.09
1992	5-9	0.00018	0.00088	2.39	99129	87	495415	7158222	72.21
1992	10-14	0.00024	0.00119	2.92	99041	118	494962	6662807	67.27
1992	15-19	0.00085	0.00426	2.82	98924	421	493701	6167845	62.35
1992	20-24	0.00110	0.00550	2.44	98503	541	491129	5674144	57.60
1992	25-29	0.00112	0.00559	2.59	97961	548	488487	5183015	52.91
1992	30-34	0.00150	0.00746	2.61	97414	726	485334	4694529	48.19
1992	35-39	0.00199	0.00988	2.61	96687	956	481151	4209195	43.53
1992	40-44	0.00257	0.01276	2.59	95732	1222	475713	3728044	38.94
1992	45-49	0.00352	0.01745	2.62	94510	1649	468620	3252331	34.41
1992	50-54	0.00520	0.02570	2.68	92860	2387	458757	2783711	29.98
1992	55-59	0.00820	0.04022	2.65	90474	3639	443829	2324954	25.70
1992	60-64	0.01284	0.06230	2.63	86835	5410	421372	1881125	21.66
1992	65-69	0.01936	0.09254	2.62	81425	7535	389170	1459753	17.93
1992	70-74	0.02964	0.13841	2.61	73890	10227	345050	1070583	14.49
1992	75-79	0.04497	0.20272	2.57	63663	12906	287004	725533	11.40
1992	80-84	0.07386	0.31262	2.55	50757	15868	214845	438529	8.64
1992	85-89	0.11620	0.44815	2.45	34889	15636	134556	223684	6.41
1992	90-94	0.18410	0.61765	2.34	19253	11892	64596	89128	4.63
1992	95-99	0.27785	0.76844	2.09	7362	5657	20360	24532	3.33
1992	100-104	0.39580	0.87940	1.84	1705	1499	3787	4173	2.45
1992	105-109	0.52859	0.94258	1.59	206	194	367	385	1.87
1992	110+	0.63843	1.00000	1.57	12	12	18	18	1.57
1993	0	0.00706	0.00702	0.07	100000	702	99346	7641535	76.42
1993	1-4	0.00042	0.00166	1.64	99298	165	396803	7542189	75.95
1993	5-9	0.00020	0.00098	2.39	99133	97	495412	7145386	72.08
1993	10-14	0.00025	0.00124	2.88	99036	123	494918	6649974	67.15
1993	15-19	0.00088	0.00440	2.82	98913	435	493614	6155056	62.23
1993	20-24	0.00111	0.00555	2.51	98478	547	491027	5661442	57.49
1993	25-29	0.00114	0.00570	2.59	97931	558	488312	5170415	52.80
1993	30-34	0.00153	0.00762	2.64	97373	742	485111	4682104	48.08
1993	35-39	0.00200	0.00997	2.62	96631	964	480855	4196993	43.43
1993	40-44	0.00270	0.01340	2.61	95667	1282	475267	3716137	38.84
1993	45-49	0.00349	0.01731	2.6	94385	1633	468004	3240870	34.34
1993	50-54	0.00521	0.02573	2.66	92752	2387	458172	2772866	29.90
1993	55-59	0.00818	0.04014	2.66	90365	3627	443334	2314694	25.61
1993	60-64	0.01266	0.06146	2.63	86738	5331	421047	1871360	21.57
1993	65-69	0.01927	0.09215	2.64	81407	7501	389303	1450313	17.82
1993	70-74	0.02948	0.13763	2.6	73905	10172	345082	1061010	14.36
1993	75-79	0.04580	0.20618	2.58	63733	13140	286915	715928	11.23
1993	80-84	0.07522	0.31738	2.54	50593	16057	213463	429013	8.48
1993	85-89	0.12015	0.46017	2.46	34536	15892	132273	215550	6.24
1993	90-94	0.19187	0.63239	2.31	18643	11790	61448	83278	4.47
1993	95-99	0.29259	0.78707	2.07	6853	5394	18436	21830	3.19
1993	100-104	0.41834	0.89418	1.8	1459	1305	3119	3394	2.33
1993	105-109	0.55752	0.95149	1.54	154	147	264	275	1.78
1993	110+	0.67072	1.00000	1.49	7	7	11	11	1.49
1994	0	0.00715	0.00710	0.07	100000	710	99338	7660206	76.60
1994	1-4	0.00036	0.00143	1.68	99290	142	396830	7560868	76.15
1994	5-9	0.00019	0.00093	2.47	99148	92	495508	7164039	72.26
1994	10-14	0.00024	0.00122	2.94	99056	121	495032	6668531	67.32
1994	15-19	0.00084	0.00421	2.91	98935	416	493805	6173499	62.40
1994	20-24	0.00105	0.00524	2.44	98519	517	491272	5679695	57.65
1994	25-29	0.00112	0.00560	2.56	98002	549	488671	5188422	52.94
1994	30-34	0.00152	0.00759	2.67	97453	740	485541	4699751	48.23
1994	35-39	0.00200	0.00993	2.61	96713	961	481273	4214210	43.57
1994	40-44	0.00272	0.01352	2.63	95752	1294	475698	3732937	38.99
1994	45-49	0.00353	0.01748	2.62	94458	1652	468362	3257239	34.48
1994	50-54	0.00524	0.02589	2.63	92807	2403	458337	2788877	30.05
1994	55-59	0.00788	0.03870	2.66	90404	3499	443838	2330540	25.78
1994	60-64	0.01250	0.06073	2.64	86905	5277	422059	1886702	21.71
1994	65-69	0.01883	0.09014	2.65	81628	7358	390845	1464643	17.94
1994	70-74	0.02912	0.13609	2.6	74270	10108	347133	1073798	14.46
1994	75-79	0.04479	0.20213	2.59	64162	12969	289542	726665	11.33
1994	80-84	0.07445	0.31453	2.53	51193	16102	216273	437123	8.54
1994	85-89	0.11870	0.45534	2.44	35091	15979	134615	220850	6.29
1994	90-94	0.18958	0.62779	2.31	19113	11999	63291	86235	4.51
1994	95-99	0.28841	0.78198	2.07	7114	5563	19288	22944	3.23
1994	100-104	0.41236	0.89047	1.81	1551	1381	3349	3655	2.36
1994	105-109	0.55021	0.94939	1.55	170	161	293	306	1.80
1994	110+	0.66285	1.00000	1.51	9	9	13	13	1.51
1995	0	0.00651	0.00647	0.07	100000	647	99396	7680997	76.81
1995	1-4	0.00035	0.00139	1.59	99353	138	397076	7581601	76.31
1995	5-9	0.00018	0.00088	2.41	99214	87	495845	7184525	72.41
1995	10-14	0.00023	0.00117	2.97	99127	116	495401	6688679	67.48
1995	15-19	0.00083	0.00415	2.89	99012	410	494192	6193279	62.55
1995	20-24	0.00108	0.00540	2.45	98601	532	491646	5699087	57.80
1995	25-29	0.00106	0.00530	2.53	98069	519	489061	5207440	53.10
1995	30-34	0.00150	0.00745	2.63	97549	727	486023	4718379	48.37
1995	35-39	0.00196	0.00977	2.63	96822	946	481865	4232356	43.71
1995	40-44	0.00270	0.01340	2.64	95876	1285	476344	3750491	39.12
1995	45-49	0.00348	0.01726	2.58	94591	1633	468998	3274147	34.61
1995	50-54	0.00514	0.02538	2.66	92958	2359	459267	2805149	30.18
1995	55-59	0.00782	0.03838	2.67	90599	3478	444900	2345882	25.89
1995	60-64	0.01246	0.06052	2.63	87122	5272	423122	1900982	21.82
1995	65-69	0.01821	0.08730	2.65	81849	7145	392446	1477859	18.06
1995	70-74	0.02894	0.13532	2.6	74704	10109	349309	1085413	14.53
1995	75-79	0.04394	0.19855	2.58	64595	12825	291880	736104	11.40
1995	80-84	0.07309	0.30996	2.55	51770	16046	219549	444224	8.58
1995	85-89	0.11912	0.45673	2.45	35723	16316	136970	224675	6.29
1995	90-94	0.18871	0.62558	2.31	19407	12141	64336	87705	4.52
1995	95-99	0.28927	0.78315	2.07	7266	5691	19673	23369	3.22
1995	100-104	0.41444	0.89183	1.81	1576	1405	3391	3696	2.35
1995	105-109	0.55329	0.95031	1.55	170	162	293	305	1.79
1995	110+	0.66644	1.00000	1.5	8	8	13	13	1.50
1996	0	0.00623	0.00620	0.07	100000	620	99421	7716858	77.17
1996	1-4	0.00034	0.00134	1.61	99380	133	397202	7617437	76.65
1996	5-9	0.00016	0.00081	2.43	99247	80	496029	7220235	72.75
1996	10-14	0.00021	0.00107	2.85	99167	106	495607	6724206	67.81
1996	15-19	0.00073	0.00367	2.86	99061	363	494528	6228599	62.88
1996	20-24	0.00093	0.00465	2.44	98698	459	492314	5734071	58.10
1996	25-29	0.00094	0.00470	2.53	98238	462	490051	5241757	53.36
1996	30-34	0.00127	0.00634	2.64	97777	620	487423	4751706	48.60
1996	35-39	0.00179	0.00890	2.65	97157	865	483753	4264283	43.89
1996	40-44	0.00246	0.01222	2.63	96292	1176	478665	3780530	39.26
1996	45-49	0.00342	0.01697	2.61	95115	1614	471720	3301865	34.71
1996	50-54	0.00483	0.02390	2.69	93501	2234	462342	2830145	30.27
1996	55-59	0.00766	0.03762	2.67	91267	3434	448336	2367803	25.94
1996	60-64	0.01213	0.05897	2.65	87833	5180	427018	1919467	21.85
1996	65-69	0.01794	0.08606	2.64	82653	7113	396459	1492449	18.06
1996	70-74	0.02854	0.13352	2.59	75540	10086	353363	1095990	14.51
1996	75-79	0.04370	0.19763	2.58	65453	12936	295993	742627	11.35
1996	80-84	0.07432	0.31454	2.56	52518	16519	222280	446634	8.50
1996	85-89	0.11961	0.45810	2.45	35999	16491	137873	224354	6.23
1996	90-94	0.19308	0.63152	2.26	19508	12320	63807	86481	4.43
1996	95-99	0.29573	0.79102	2.06	7188	5686	19227	22674	3.15
1996	100-104	0.42437	0.89793	1.79	1502	1349	3179	3447	2.29
1996	105-109	0.56602	0.95388	1.52	153	146	258	269	1.75
1996	110+	0.68052	1.00000	1.47	7	7	10	10	1.47
1997	0	0.00620	0.00616	0.07	100000	616	99424	7753508	77.54
1997	1-4	0.00032	0.00128	1.6	99384	128	397229	7654084	77.02
1997	5-9	0.00016	0.00079	2.39	99256	79	496074	7256855	73.11
1997	10-14	0.00019	0.00095	2.78	99177	94	495677	6760781	68.17
1997	15-19	0.00069	0.00343	2.9	99083	340	494701	6265104	63.23
1997	20-24	0.00088	0.00437	2.46	98743	431	492619	5770403	58.44
1997	25-29	0.00084	0.00419	2.5	98312	412	490528	5277784	53.68
1997	30-34	0.00105	0.00524	2.65	97900	513	488294	4787256	48.90
1997	35-39	0.00146	0.00730	2.63	97386	711	485249	4298962	44.14
1997	40-44	0.00221	0.01100	2.66	96676	1063	480893	3813713	39.45
1997	45-49	0.00319	0.01584	2.67	95613	1514	474539	3332819	34.86
1997	50-54	0.00475	0.02350	2.69	94098	2211	465374	2858280	30.38
1997	55-59	0.00745	0.03659	2.67	91887	3363	451602	2392907	26.04
1997	60-64	0.01182	0.05753	2.67	88524	5092	430780	1941305	21.93
1997	65-69	0.01793	0.08600	2.63	83432	7175	400189	1510525	18.10
1997	70-74	0.02793	0.13090	2.6	76257	9982	357353	1110335	14.56
1997	75-79	0.04362	0.19736	2.59	66275	13080	299847	752982	11.36
1997	80-84	0.07331	0.31072	2.55	53195	16529	225471	453135	8.52
1997	85-89	0.11993	0.45963	2.46	36666	16853	140518	227664	6.21
1997	90-94	0.19529	0.63798	2.28	19813	12641	64725	87146	4.40
1997	95-99	0.29884	0.79472	2.05	7173	5700	19075	22421	3.13
1997	100-104	0.42892	0.90056	1.78	1472	1326	3091	3346	2.27
1997	105-109	0.57117	0.95521	1.52	146	140	245	254	1.74
1997	110+	0.68553	1.00000	1.46	7	7	10	10	1.46
1998	0	0.00612	0.00608	0.07	100000	608	99432	7770150	77.70
1998	1-4	0.00029	0.00115	1.55	99392	115	397286	7670719	77.18
1998	5-9	0.00014	0.00069	2.34	99277	69	496202	7273432	73.26
1998	10-14	0.00020	0.00101	2.86	99208	100	495827	6777230	68.31
1998	15-19	0.00061	0.00305	2.89	99108	303	494903	6281403	63.38
1998	20-24	0.00085	0.00425	2.43	98806	420	492948	5786500	58.56
1998	25-29	0.00079	0.00392	2.53	98386	386	490974	5293551	53.80
1998	30-34	0.00100	0.00498	2.71	98000	488	488880	4802577	49.01
1998	35-39	0.00140	0.00697	2.65	97512	679	485963	4313697	44.24
1998	40-44	0.00215	0.01068	2.68	96833	1035	481762	3827734	39.53
1998	45-49	0.00312	0.01548	2.64	95798	1483	475484	3345973	34.93
1998	50-54	0.00461	0.02278	2.64	94315	2149	466515	2870489	30.44
1998	55-59	0.00730	0.03588	2.65	92167	3307	453062	2403974	26.08
1998	60-64	0.01164	0.05667	2.67	88860	5036	432566	1950912	21.95
1998	65-69	0.01776	0.08519	2.63	83824	7141	402169	1518346	18.11
1998	70-74	0.02818	0.13211	2.63	76683	10130	359419	1116177	14.56
1998	75-79	0.04301	0.19478	2.58	66553	12963	301435	756757	11.37
1998	80-84	0.07360	0.31211	2.57	53590	16726	227244	455323	8.50
1998	85-89	0.12092	0.46264	2.46	36864	17055	141036	228079	6.19
1998	90-94	0.19533	0.63977	2.3	19809	12673	64881	87043	4.39
1998	95-99	0.30104	0.79731	2.05	7136	5690	18900	22161	3.11
1998	100-104	0.43249	0.90263	1.77	1446	1306	3019	3261	2.25
1998	105-109	0.57586	0.95643	1.51	141	135	234	243	1.72
1998	110+	0.69074	1.00000	1.45	6	6	9	9	1.45
1999	0	0.00576	0.00573	0.06	100000	573	99464	7790150	77.90
1999	1-4	0.00030	0.00119	1.54	99427	118	397419	7690686	77.35
1999	5-9	0.00014	0.00069	2.38	99309	69	496366	7293267	73.44
1999	10-14	0.00018	0.00090	2.7	99240	89	495997	6796900	68.49
1999	15-19	0.00057	0.00283	2.9	99151	280	495168	6300903	63.55
1999	20-24	0.00078	0.00387	2.47	98871	382	493390	5805735	58.72
1999	25-29	0.00074	0.00369	2.57	98489	364	491559	5312346	53.94
1999	30-34	0.00094	0.00468	2.67	98125	459	489555	4820786	49.13
1999	35-39	0.00136	0.00676	2.67	97666	660	486794	4331231	44.35
1999	40-44	0.00205	0.01021	2.68	97006	990	482729	3844437	39.63
1999	45-49	0.00318	0.01577	2.63	96016	1514	476495	3361708	35.01
1999	50-54	0.00451	0.02231	2.67	94502	2109	467599	2885213	30.53
1999	55-59	0.00710	0.03491	2.66	92393	3226	454407	2417614	26.17
1999	60-64	0.01135	0.05531	2.68	89167	4931	434406	1963207	22.02
1999	65-69	0.01748	0.08394	2.64	84236	7071	404484	1528802	18.15
1999	70-74	0.02764	0.12978	2.65	77165	10015	362273	1124318	14.57
1999	75-79	0.04296	0.19483	2.61	67151	13083	304513	762045	11.35
1999	80-84	0.07334	0.31110	2.56	54068	16820	229356	457533	8.46
1999	85-89	0.12175	0.46552	2.47	37247	17339	142416	228177	6.13
1999	90-94	0.19999	0.64841	2.29	19908	12908	64545	85761	4.31
1999	95-99	0.30940	0.80696	2.04	6999	5648	18256	21216	3.03
1999	100-104	0.44608	0.91015	1.75	1351	1230	2757	2960	2.19
1999	105-109	0.59342	0.96071	1.48	121	117	197	203	1.67
1999	110+	0.70987	1.00000	1.41	5	5	7	7	1.41
2000	0	0.00591	0.00588	0.06	100000	588	99450	7810758	78.11
2000	1-4	0.00029	0.00117	1.65	99412	117	397376	7711307	77.57
2000	5-9	0.00014	0.00069	2.29	99296	69	496293	7313932	73.66
2000	10-14	0.00018	0.00092	2.79	99227	92	495932	6817639	68.71
2000	15-19	0.00056	0.00281	2.93	99135	278	495102	6321706	63.77
2000	20-24	0.00077	0.00383	2.43	98857	378	493311	5826605	58.94
2000	25-29	0.00072	0.00357	2.46	98479	352	491502	5333293	54.16
2000	30-34	0.00090	0.00451	2.65	98127	442	489598	4841791	49.34
2000	35-39	0.00132	0.00659	2.67	97685	644	486922	4352193	44.55
2000	40-44	0.00207	0.01030	2.68	97041	1000	482882	3865272	39.83
2000	45-49	0.00310	0.01538	2.65	96041	1478	476733	3382389	35.22
2000	50-54	0.00451	0.02233	2.64	94563	2111	467837	2905656	30.73
2000	55-59	0.00705	0.03468	2.67	92452	3207	454779	2437820	26.37
2000	60-64	0.01102	0.05369	2.66	89245	4792	435025	1983041	22.22
2000	65-69	0.01695	0.08150	2.64	84454	6883	406044	1548015	18.33
2000	70-74	0.02648	0.12454	2.61	77571	9661	364805	1141971	14.72
2000	75-79	0.04222	0.19177	2.61	67910	13023	308431	777166	11.44
2000	80-84	0.07170	0.30512	2.56	54886	16747	233559	468736	8.54
2000	85-89	0.11992	0.45978	2.46	38139	17536	146232	235177	6.17
2000	90-94	0.19973	0.64762	2.29	20604	13343	66807	88945	4.32
2000	95-99	0.30720	0.80466	2.04	7260	5842	19018	22138	3.05
2000	100-104	0.44397	0.90911	1.75	1418	1289	2904	3121	2.20
2000	105-109	0.59163	0.96033	1.48	129	124	209	216	1.68
2000	110+	0.70841	1.00000	1.41	5	5	7	7	1.41
2001	0	0.00564	0.00561	0.06	100000	561	99475	7816242	78.16
2001	1-4	0.00027	0.00110	1.59	99439	109	397492	7716767	77.60
2001	5-9	0.00014	0.00070	2.32	99330	69	496462	7319276	73.69
2001	10-14	0.00016	0.00081	2.88	99260	80	496132	6822814	68.74
2001	15-19	0.00058	0.00292	2.96	99180	289	495311	6326682	63.79
2001	20-24	0.00081	0.00403	2.45	98891	398	493439	5831371	58.97
2001	25-29	0.00078	0.00389	2.53	98493	383	491519	5337933	54.20
2001	30-34	0.00091	0.00455	2.65	98110	446	489502	4846413	49.40
2001	35-39	0.00136	0.00676	2.67	97664	660	486781	4356912	44.61
2001	40-44	0.00202	0.01008	2.69	97003	977	482754	3870131	39.90
2001	45-49	0.00315	0.01566	2.67	96026	1503	476628	3387377	35.28
2001	50-54	0.00463	0.02289	2.67	94523	2164	467575	2910748	30.79
2001	55-59	0.00688	0.03388	2.69	92359	3129	454568	2443173	26.45
2001	60-64	0.01092	0.05325	2.67	89230	4751	435093	1988605	22.29
2001	65-69	0.01696	0.08151	2.63	84479	6886	406092	1553512	18.39
2001	70-74	0.02615	0.12315	2.63	77593	9555	365346	1147419	14.79
2001	75-79	0.04148	0.18870	2.61	68037	12839	309557	782074	11.49
2001	80-84	0.07124	0.30371	2.57	55198	16764	235322	472517	8.56
2001	85-89	0.12051	0.46150	2.46	38434	17737	147179	237195	6.17
2001	90-94	0.19735	0.64300	2.29	20697	13308	67435	90016	4.35
2001	95-99	0.30636	0.80375	2.04	7389	5939	19385	22582	3.06
2001	100-104	0.44298	0.90860	1.75	1450	1318	2974	3197	2.20
2001	105-109	0.59059	0.96009	1.49	133	127	215	223	1.68
2001	110+	0.70741	1.00000	1.41	5	5	7	7	1.41
2002	0	0.00565	0.00562	0.06	100000	562	99474	7833585	78.34
2002	1-4	0.00027	0.00108	1.68	99438	108	397504	7734111	77.78
2002	5-9	0.00014	0.00070	2.31	99331	69	496466	7336607	73.86
2002	10-14	0.00017	0.00085	2.8	99261	84	496121	6840141	68.91
2002	15-19	0.00059	0.00295	2.99	99177	292	495299	6344019	63.97
2002	20-24	0.00078	0.00390	2.43	98885	386	493432	5848720	59.15
2002	25-29	0.00076	0.00380	2.51	98499	374	491564	5355288	54.37
2002	30-34	0.00093	0.00466	2.64	98125	457	489543	4863724	49.57
2002	35-39	0.00134	0.00667	2.72	97667	651	486852	4374181	44.79
2002	40-44	0.00206	0.01027	2.67	97016	996	482760	3887329	40.07
2002	45-49	0.00316	0.01569	2.67	96020	1506	476583	3404569	35.46
2002	50-54	0.00449	0.02220	2.63	94513	2098	467589	2927986	30.98
2002	55-59	0.00681	0.03351	2.66	92415	3097	454844	2460397	26.62
2002	60-64	0.01073	0.05231	2.65	89319	4673	435620	2005554	22.45
2002	65-69	0.01625	0.07826	2.64	84646	6624	407619	1569933	18.55
2002	70-74	0.02576	0.12140	2.64	78022	9472	367720	1162314	14.90
2002	75-79	0.04029	0.18365	2.6	68550	12589	312480	794595	11.59
2002	80-84	0.06997	0.29904	2.57	55961	16735	239158	482115	8.62
2002	85-89	0.11980	0.46009	2.48	39227	18048	150645	242956	6.19
2002	90-94	0.19738	0.64568	2.32	21179	13675	69283	92311	4.36
2002	95-99	0.30487	0.80215	2.05	7504	6020	19745	23029	3.07
2002	100-104	0.44142	0.90780	1.76	1485	1348	3053	3284	2.21
2002	105-109	0.58900	0.95973	1.49	137	131	223	231	1.69
2002	110+	0.70587	1.00000	1.42	6	6	8	8	1.42
2003	0	0.00556	0.00553	0.06	100000	553	99482	7839599	78.40
2003	1-4	0.00028	0.00114	1.64	99447	113	397521	7740117	77.83
2003	5-9	0.00014	0.00071	2.41	99334	71	496488	7342595	73.92
2003	10-14	0.00018	0.00089	2.77	99263	89	496119	6846108	68.97
2003	15-19	0.00060	0.00300	3.02	99175	298	495284	6349989	64.03
2003	20-24	0.00082	0.00408	2.44	98877	404	493350	5854705	59.21
2003	25-29	0.00076	0.00381	2.43	98473	375	491401	5361355	54.44
2003	30-34	0.00092	0.00457	2.67	98098	448	489447	4869953	49.64
2003	35-39	0.00134	0.00669	2.67	97650	653	486729	4380506	44.86
2003	40-44	0.00208	0.01035	2.65	96996	1004	482625	3893777	40.14
2003	45-49	0.00318	0.01578	2.65	95992	1515	476406	3411152	35.54
2003	50-54	0.00467	0.02309	2.63	94477	2182	467221	2934746	31.06
2003	55-59	0.00680	0.03345	2.66	92295	3087	454248	2467525	26.74
2003	60-64	0.01049	0.05117	2.62	89208	4565	435182	2013277	22.57
2003	65-69	0.01605	0.07734	2.64	84643	6546	407763	1578094	18.64
2003	70-74	0.02497	0.11784	2.62	78097	9203	368612	1170332	14.99
2003	75-79	0.03995	0.18230	2.6	68894	12559	314344	801719	11.64
2003	80-84	0.06901	0.29592	2.59	56334	16670	241549	487375	8.65
2003	85-89	0.11850	0.45616	2.48	39664	18093	152689	245826	6.20
2003	90-94	0.19864	0.64624	2.3	21571	13940	70176	93136	4.32
2003	95-99	0.31165	0.80999	2.04	7631	6181	19833	22960	3.01
2003	100-104	0.45349	0.91424	1.74	1450	1326	2923	3127	2.16
2003	105-109	0.60517	0.96341	1.46	124	120	198	204	1.64
2003	110+	0.72358	1.00000	1.38	5	5	6	6	1.38
2004	0	0.00546	0.00543	0.06	100000	543	99492	7890800	78.91
2004	1-4	0.00026	0.00105	1.56	99457	104	397575	7791309	78.34
2004	5-9	0.00013	0.00066	2.52	99353	66	496602	7393734	74.42
2004	10-14	0.00016	0.00078	2.86	99287	77	496271	6897132	69.47
2004	15-19	0.00059	0.00292	3	99210	290	495471	6400861	64.52
2004	20-24	0.00082	0.00411	2.46	98920	406	493568	5905390	59.70
2004	25-29	0.00077	0.00383	2.48	98514	377	491617	5411823	54.93
2004	30-34	0.00091	0.00453	2.63	98137	445	489629	4920206	50.14
2004	35-39	0.00128	0.00640	2.65	97692	625	486987	4430577	45.35
2004	40-44	0.00200	0.00994	2.68	97067	965	483095	3943589	40.63
2004	45-49	0.00311	0.01542	2.65	96102	1482	477024	3460495	36.01
2004	50-54	0.00456	0.02254	2.61	94620	2132	468007	2983471	31.53
2004	55-59	0.00648	0.03191	2.63	92488	2951	455452	2515464	27.20
2004	60-64	0.01001	0.04889	2.63	89537	4377	437319	2060012	23.01
2004	65-69	0.01518	0.07326	2.64	85159	6239	411061	1622692	19.05
2004	70-74	0.02392	0.11316	2.63	78921	8931	373400	1211631	15.35
2004	75-79	0.03781	0.17334	2.6	69990	12132	320838	838231	11.98
2004	80-84	0.06543	0.28278	2.6	57858	16361	250073	517393	8.94
2004	85-89	0.11206	0.43790	2.51	41497	18171	162165	267320	6.44
2004	90-94	0.18775	0.62412	2.32	23325	14558	77540	105155	4.51
2004	95-99	0.29549	0.79177	2.07	8767	6942	23493	27615	3.15
2004	100-104	0.43157	0.90264	1.78	1826	1648	3818	4123	2.26
2004	105-109	0.57984	0.95764	1.5	178	170	294	304	1.71
2004	110+	0.69793	1.00000	1.43	8	8	11	11	1.43
2005	0	0.00561	0.00558	0.06	100000	558	99478	7892791	78.93
2005	1-4	0.00027	0.00108	1.57	99442	107	397510	7793313	78.37
2005	5-9	0.00012	0.00059	2.39	99335	59	496522	7395803	74.45
2005	10-14	0.00015	0.00077	2.89	99276	76	496221	6899281	69.50
2005	15-19	0.00058	0.00290	2.95	99200	288	495410	6403061	64.55
2005	20-24	0.00084	0.00421	2.47	98913	417	493507	5907651	59.73
2005	25-29	0.00083	0.00413	2.52	98496	407	491470	5414143	54.97
2005	30-34	0.00089	0.00444	2.58	98089	436	489388	4922673	50.19
2005	35-39	0.00125	0.00624	2.65	97653	610	486831	4433285	45.40
2005	40-44	0.00200	0.00996	2.67	97043	966	482962	3946454	40.67
2005	45-49	0.00312	0.01547	2.69	96077	1486	476948	3463492	36.05
2005	50-54	0.00460	0.02274	2.64	94591	2151	467869	2986543	31.57
2005	55-59	0.00643	0.03169	2.64	92439	2930	455271	2518674	27.25
2005	60-64	0.01003	0.04900	2.65	89510	4386	437256	2063403	23.05
2005	65-69	0.01504	0.07262	2.64	85124	6182	411034	1626147	19.10
2005	70-74	0.02356	0.11159	2.64	78942	8809	373944	1215113	15.39
2005	75-79	0.03770	0.17296	2.62	70133	12130	321787	841169	11.99
2005	80-84	0.06415	0.27776	2.59	58002	16111	251159	519382	8.95
2005	85-89	0.11212	0.43775	2.5	41891	18338	163552	268223	6.40
2005	90-94	0.19086	0.63057	2.31	23553	14852	77816	104671	4.44
2005	95-99	0.30224	0.80005	2.06	8701	6961	23033	26854	3.09
2005	100-104	0.44457	0.91002	1.75	1740	1583	3561	3821	2.20
2005	105-109	0.59838	0.96209	1.47	157	151	252	260	1.66
2005	110+	0.71912	1.00000	1.39	6	6	8	8	1.39
2006	0	0.00540	0.00538	0.06	100000	538	99496	7916156	79.16
2006	1-4	0.00025	0.00101	1.61	99462	101	397609	7816660	78.59
2006	5-9	0.00013	0.00065	2.4	99362	64	496642	7419052	74.67
2006	10-14	0.00015	0.00077	2.79	99298	77	496319	6922409	69.71
2006	15-19	0.00060	0.00298	3.04	99221	295	495525	6426091	64.77
2006	20-24	0.00087	0.00436	2.49	98925	432	493543	5930566	59.95
2006	25-29	0.00081	0.00402	2.47	98494	396	491469	5437023	55.20
2006	30-34	0.00091	0.00455	2.61	98098	447	489420	4945554	50.41
2006	35-39	0.00124	0.00620	2.7	97651	606	486862	4456134	45.63
2006	40-44	0.00191	0.00952	2.67	97045	923	483071	3969272	40.90
2006	45-49	0.00309	0.01532	2.68	96122	1473	477192	3486201	36.27
2006	50-54	0.00456	0.02258	2.66	94649	2137	468238	3009009	31.79
2006	55-59	0.00654	0.03222	2.66	92512	2981	455572	2540771	27.46
2006	60-64	0.00953	0.04661	2.65	89531	4173	437868	2085198	23.29
2006	65-69	0.01461	0.07063	2.65	85358	6029	412642	1647330	19.30
2006	70-74	0.02276	0.10803	2.66	79329	8570	376559	1234689	15.56
2006	75-79	0.03660	0.16828	2.61	70759	11907	325354	858129	12.13
2006	80-84	0.06271	0.27239	2.59	58852	16031	255628	532775	9.05
2006	85-89	0.10962	0.43047	2.51	42821	18433	168152	277147	6.47
2006	90-94	0.18917	0.62690	2.31	24388	15289	80821	108994	4.47
2006	95-99	0.30093	0.79878	2.06	9099	7268	24152	28173	3.10
2006	100-104	0.44450	0.91013	1.76	1831	1666	3749	4022	2.20
2006	105-109	0.59977	0.96246	1.47	165	158	264	273	1.66
2006	110+	0.72149	1.00000	1.39	6	6	9	9	1.39
2007	0	0.00558	0.00555	0.06	100000	555	99481	7948307	79.48
2007	1-4	0.00024	0.00097	1.62	99445	97	397551	7848826	78.93
2007	5-9	0.00012	0.00061	2.47	99349	60	496590	7451275	75.00
2007	10-14	0.00014	0.00070	2.81	99288	70	496288	6954685	70.05
2007	15-19	0.00051	0.00257	2.98	99218	255	495577	6458398	65.09
2007	20-24	0.00084	0.00419	2.5	98963	414	493783	5962821	60.25
2007	25-29	0.00080	0.00400	2.5	98549	394	491762	5469038	55.50
2007	30-34	0.00089	0.00444	2.58	98155	436	489718	4977277	50.71
2007	35-39	0.00121	0.00602	2.67	97719	589	487222	4487558	45.92
2007	40-44	0.00184	0.00915	2.68	97130	889	483592	4000336	41.19
2007	45-49	0.00297	0.01476	2.65	96241	1420	477875	3516744	36.54
2007	50-54	0.00455	0.02249	2.63	94821	2132	469059	3038869	32.05
2007	55-59	0.00638	0.03144	2.61	92689	2914	456482	2569810	27.73
2007	60-64	0.00945	0.04624	2.67	89775	4151	439215	2113328	23.54
2007	65-69	0.01407	0.06808	2.65	85624	5829	414413	1674112	19.55
2007	70-74	0.02231	0.10601	2.65	79795	8459	379120	1259699	15.79
2007	75-79	0.03581	0.16500	2.62	71336	11771	328680	880579	12.34
2007	80-84	0.06016	0.26290	2.6	59565	15660	260320	551900	9.27
2007	85-89	0.10535	0.41747	2.52	43905	18329	173983	291580	6.64
2007	90-94	0.18239	0.61446	2.35	25576	15716	86163	117597	4.60
2007	95-99	0.29071	0.78689	2.09	9860	7759	26690	31433	3.19
2007	100-104	0.43153	0.90321	1.78	2101	1898	4398	4743	2.26
2007	105-109	0.58580	0.95935	1.5	203	195	333	345	1.70
2007	110+	0.70815	1.00000	1.41	8	8	12	12	1.41
2008	0	0.00543	0.00540	0.06	100000	540	99494	7974489	79.74
2008	1-4	0.00024	0.00095	1.6	99460	95	397614	7874994	79.18
2008	5-9	0.00011	0.00056	2.37	99366	56	496681	7477381	75.25
2008	10-14	0.00013	0.00066	2.7	99310	66	496397	6980700	70.29
2008	15-19	0.00047	0.00234	2.97	99244	232	495748	6484303	65.34
2008	20-24	0.00078	0.00390	2.49	99012	387	494088	5988555	60.48
2008	25-29	0.00077	0.00382	2.52	98625	377	492191	5494467	55.71
2008	30-34	0.00085	0.00423	2.57	98248	415	490234	5002276	50.91
2008	35-39	0.00113	0.00565	2.66	97833	553	487873	4512042	46.12
2008	40-44	0.00176	0.00877	2.68	97280	853	484422	4024169	41.37
2008	45-49	0.00283	0.01406	2.69	96428	1356	479005	3539746	36.71
2008	50-54	0.00439	0.02171	2.64	95072	2064	470489	3060741	32.19
2008	55-59	0.00630	0.03105	2.61	93008	2888	458137	2590253	27.85
2008	60-64	0.00930	0.04550	2.62	90120	4101	440849	2132116	23.66
2008	65-69	0.01406	0.06804	2.63	86019	5853	416207	1691267	19.66
2008	70-74	0.02170	0.10322	2.64	80166	8275	381312	1275060	15.91
2008	75-79	0.03474	0.16046	2.63	71891	11536	332083	893748	12.43
2008	80-84	0.05959	0.26083	2.61	60355	15743	264179	561665	9.31
2008	85-89	0.10421	0.41420	2.52	44613	18479	177321	297485	6.67
2008	90-94	0.18204	0.61263	2.33	26134	16010	87951	120164	4.60
2008	95-99	0.29117	0.78766	2.09	10124	7974	27386	32213	3.18
2008	100-104	0.43387	0.90467	1.78	2150	1945	4482	4827	2.25
2008	105-109	0.59012	0.96042	1.49	205	197	334	345	1.68
2008	110+	0.71363	1.00000	1.4	8	8	11	11	1.40
2009	0	0.00515	0.00513	0.06	100000	513	99519	8006368	80.06
2009	1-4	0.00023	0.00091	1.58	99487	90	397731	7906848	79.48
2009	5-9	0.00012	0.00058	2.36	99397	58	496834	7509117	75.55
2009	10-14	0.00013	0.00064	2.75	99340	64	496554	7012283	70.59
2009	15-19	0.00046	0.00227	2.96	99276	226	495919	6515728	65.63
2009	20-24	0.00074	0.00371	2.49	99050	368	494328	6019809	60.78
2009	25-29	0.00075	0.00375	2.56	98682	370	492507	5525481	55.99
2009	30-34	0.00088	0.00440	2.6	98312	433	490524	5032974	51.19
2009	35-39	0.00112	0.00560	2.61	97879	548	488089	4542450	46.41
2009	40-44	0.00178	0.00887	2.68	97331	864	484648	4054361	41.66
2009	45-49	0.00287	0.01424	2.64	96467	1374	479101	3569712	37.00
2009	50-54	0.00439	0.02174	2.65	95093	2067	470611	3090612	32.50
2009	55-59	0.00633	0.03117	2.63	93026	2900	458268	2620001	28.16
2009	60-64	0.00905	0.04428	2.63	90127	3991	441175	2161733	23.99
2009	65-69	0.01370	0.06632	2.62	86136	5713	417073	1720558	19.97
2009	70-74	0.02092	0.09970	2.64	80423	8018	383204	1303485	16.21
2009	75-79	0.03350	0.15509	2.62	72404	11229	335243	920281	12.71
2009	80-84	0.05652	0.24894	2.61	61175	15229	269461	585038	9.56
2009	85-89	0.10035	0.40194	2.53	45946	18467	184035	315577	6.87
2009	90-94	0.17239	0.59272	2.37	27479	16287	94478	131542	4.79
2009	95-99	0.27763	0.77082	2.12	11192	8627	31072	37064	3.31
2009	100-104	0.41556	0.89408	1.81	2565	2293	5518	5992	2.34
2009	105-109	0.56929	0.95539	1.52	272	260	456	473	1.74
2009	110+	0.69292	1.00000	1.44	12	12	17	17	1.44
2010	0	0.00482	0.00480	0.06	100000	480	99550	8042191	80.42
2010	1-4	0.00022	0.00088	1.63	99520	88	397873	7942641	79.81
2010	5-9	0.00010	0.00049	2.37	99433	49	497034	7544768	75.88
2010	10-14	0.00012	0.00060	2.82	99384	60	496787	7047733	70.91
2010	15-19	0.00041	0.00204	3.02	99324	202	496216	6550946	65.96
2010	20-24	0.00070	0.00350	2.52	99121	347	494744	6054730	61.08
2010	25-29	0.00069	0.00345	2.54	98774	340	493034	5559986	56.29
2010	30-34	0.00083	0.00412	2.57	98434	406	491183	5066952	51.48
2010	35-39	0.00106	0.00529	2.64	98028	519	488915	4575769	46.68
2010	40-44	0.00164	0.00816	2.68	97509	796	485700	4086854	41.91
2010	45-49	0.00265	0.01319	2.72	96713	1276	480657	3601155	37.24
2010	50-54	0.00409	0.02024	2.65	95437	1932	472654	3120498	32.70
2010	55-59	0.00619	0.03052	2.64	93505	2853	460786	2647844	28.32
2010	60-64	0.00889	0.04356	2.65	90652	3949	443988	2187058	24.13
2010	65-69	0.01326	0.06432	2.65	86702	5577	420408	1743070	20.10
2010	70-74	0.02043	0.09747	2.64	81126	7907	386961	1322662	16.30
2010	75-79	0.03293	0.15269	2.62	73219	11179	339439	935701	12.78
2010	80-84	0.05560	0.24538	2.61	62039	15223	273824	596262	9.61
2010	85-89	0.09937	0.39880	2.53	46816	18670	187893	322438	6.89
2010	90-94	0.17295	0.59502	2.38	28146	16747	96833	134545	4.78
2010	95-99	0.27783	0.77124	2.12	11398	8791	31642	37712	3.31
2010	100-104	0.41706	0.89509	1.81	2608	2334	5596	6071	2.33
2010	105-109	0.57203	0.95613	1.52	274	262	457	474	1.73
2010	110+	0.69636	1.00000	1.44	12	12	17	17	1.44
2011	0	0.00473	0.00471	0.06	100000	471	99558	8045991	80.46
2011	1-4	0.00022	0.00089	1.57	99529	88	397902	7946433	79.84
2011	5-9	0.00010	0.00048	2.31	99441	48	497076	7548531	75.91
2011	10-14	0.00012	0.00061	2.92	99393	60	496840	7051455	70.95
2011	15-19	0.00040	0.00202	3.06	99333	201	496274	6554616	65.99
2011	20-24	0.00070	0.00349	2.56	99132	346	494817	6058342	61.11
2011	25-29	0.00073	0.00366	2.49	98787	361	493025	5563525	56.32
2011	30-34	0.00086	0.00428	2.57	98425	422	491101	5070500	51.52
2011	35-39	0.00107	0.00535	2.63	98004	525	488774	4579399	46.73
2011	40-44	0.00165	0.00821	2.68	97479	800	485537	4090625	41.96
2011	45-49	0.00263	0.01309	2.72	96679	1265	480507	3605087	37.29
2011	50-54	0.00417	0.02065	2.66	95413	1970	472456	3124581	32.75
2011	55-59	0.00618	0.03045	2.62	93443	2845	460441	2652125	28.38
2011	60-64	0.00891	0.04364	2.66	90598	3954	443740	2191683	24.19
2011	65-69	0.01286	0.06242	2.68	86644	5408	420667	1747944	20.17
2011	70-74	0.02018	0.09631	2.64	81236	7824	387753	1327276	16.34
2011	75-79	0.03290	0.15255	2.62	73413	11199	340453	939524	12.80
2011	80-84	0.05532	0.24430	2.61	62214	15199	274752	599071	9.63
2011	85-89	0.09839	0.39625	2.55	47015	18629	189342	324319	6.90
2011	90-94	0.17379	0.59536	2.36	28385	16899	97242	134977	4.76
2011	95-99	0.28001	0.77424	2.11	11486	8893	31760	37735	3.29
2011	100-104	0.42169	0.89802	1.8	2593	2329	5522	5975	2.30
2011	105-109	0.57890	0.95791	1.51	264	253	438	453	1.71
2011	110+	0.70433	1.00000	1.42	11	11	16	16	1.42
2012	0	0.00466	0.00464	0.06	100000	464	99564	8065883	80.66
2012	1-4	0.00020	0.00082	1.63	99536	81	397950	7966319	80.03
2012	5-9	0.00009	0.00043	2.49	99454	43	497163	7568369	76.10
2012	10-14	0.00012	0.00060	2.84	99411	60	496926	7071206	71.13
2012	15-19	0.00038	0.00192	3.03	99351	191	496380	6574280	66.17
2012	20-24	0.00069	0.00343	2.55	99160	340	494967	6077900	61.29
2012	25-29	0.00076	0.00378	2.54	98820	373	493184	5582933	56.50
2012	30-34	0.00086	0.00431	2.53	98447	425	491188	5089749	51.70
2012	35-39	0.00106	0.00529	2.58	98022	519	488859	4598561	46.91
2012	40-44	0.00158	0.00788	2.68	97504	769	485733	4109702	42.15
2012	45-49	0.00260	0.01293	2.71	96735	1251	480808	3623969	37.46
2012	50-54	0.00413	0.02045	2.65	95484	1952	472831	3143162	32.92
2012	55-59	0.00613	0.03020	2.65	93531	2824	461018	2670331	28.55
2012	60-64	0.00882	0.04318	2.62	90707	3917	444208	2209313	24.36
2012	65-69	0.01285	0.06238	2.65	86790	5414	421206	1765105	20.34
2012	70-74	0.01965	0.09387	2.63	81376	7639	388813	1343899	16.51
2012	75-79	0.03223	0.14973	2.64	73738	11041	342580	955086	12.95
2012	80-84	0.05372	0.23822	2.63	62697	14936	278012	612506	9.77
2012	85-89	0.09592	0.38876	2.56	47761	18568	193580	334494	7.00
2012	90-94	0.17031	0.58795	2.37	29194	17164	100781	140914	4.83
2012	95-99	0.27483	0.76764	2.13	12029	9234	33599	40133	3.34
2012	100-104	0.41511	0.89411	1.82	2795	2499	6020	6534	2.34
2012	105-109	0.57159	0.95611	1.52	296	283	495	514	1.74
2012	110+	0.69709	1.00000	1.43	13	13	19	19	1.43
2013	0	0.00477	0.00474	0.06	100000	474	99555	8068391	80.68
2013	1-4	0.00020	0.00078	1.68	99526	78	397921	7968837	80.07
2013	5-9	0.00010	0.00049	2.3	99448	49	497105	7570915	76.13
2013	10-14	0.00012	0.00061	2.72	99399	61	496854	7073810	71.17
2013	15-19	0.00039	0.00194	3.05	99338	193	496313	6576956	66.21
2013	20-24	0.00070	0.00350	2.59	99145	347	494891	6080643	61.33
2013	25-29	0.00074	0.00368	2.54	98799	364	493097	5585751	56.54
2013	30-34	0.00087	0.00436	2.59	98435	430	491139	5092655	51.74
2013	35-39	0.00109	0.00545	2.59	98005	534	488739	4601516	46.95
2013	40-44	0.00158	0.00787	2.7	97471	767	485593	4112777	42.19
2013	45-49	0.00253	0.01258	2.68	96705	1216	480702	3627184	37.51
2013	50-54	0.00406	0.02011	2.65	95488	1920	472939	3146482	32.95
2013	55-59	0.00609	0.03003	2.64	93568	2810	461204	2673543	28.57
2013	60-64	0.00891	0.04361	2.63	90759	3958	444407	2212339	24.38
2013	65-69	0.01262	0.06128	2.62	86801	5319	421350	1767932	20.37
2013	70-74	0.01979	0.09453	2.64	81482	7703	389228	1346582	16.53
2013	75-79	0.03215	0.14934	2.63	73779	11018	342755	957354	12.98
2013	80-84	0.05332	0.23650	2.61	62761	14843	278382	614600	9.79
2013	85-89	0.09567	0.38729	2.54	47918	18558	193982	336217	7.02
2013	90-94	0.16942	0.58683	2.38	29360	17229	101695	142235	4.84
2013	95-99	0.27420	0.76689	2.13	12131	9303	33927	40541	3.34
2013	100-104	0.41488	0.89404	1.82	2828	2528	6094	6613	2.34
2013	105-109	0.57199	0.95624	1.52	300	287	501	520	1.73
2013	110+	0.69801	1.00000	1.43	13	13	19	19	1.43
2014	0	0.00446	0.00444	0.06	100000	444	99583	8096645	80.97
2014	1-4	0.00018	0.00074	1.61	99556	73	398049	7997062	80.33
2014	5-9	0.00009	0.00045	2.3	99483	44	497295	7599013	76.39
2014	10-14	0.00011	0.00056	2.84	99439	56	497072	7101718	71.42
2014	15-19	0.00039	0.00193	3.05	99383	192	496539	6604646	66.46
2014	20-24	0.00069	0.00345	2.49	99191	342	495097	6108106	61.58
2014	25-29	0.00078	0.00387	2.52	98849	383	493299	5613009	56.78
2014	30-34	0.00086	0.00431	2.56	98466	424	491298	5119711	51.99
2014	35-39	0.00111	0.00555	2.62	98042	544	488915	4628413	47.21
2014	40-44	0.00157	0.00780	2.66	97498	761	485710	4139497	42.46
2014	45-49	0.00256	0.01271	2.73	96737	1230	480894	3653787	37.77
2014	50-54	0.00405	0.02008	2.67	95508	1917	473065	3172894	33.22
2014	55-59	0.00619	0.03049	2.64	93590	2854	461217	2699829	28.85
2014	60-64	0.00887	0.04344	2.6	90736	3941	444208	2238612	24.67
2014	65-69	0.01237	0.06008	2.61	86795	5215	421531	1794403	20.67
2014	70-74	0.01922	0.09191	2.61	81580	7498	390011	1372872	16.83
2014	75-79	0.03096	0.14425	2.64	74082	10687	345152	982861	13.27
2014	80-84	0.05157	0.22960	2.62	63396	14556	282274	637709	10.06
2014	85-89	0.08976	0.36785	2.55	48840	17966	200154	355435	7.28
2014	90-94	0.16144	0.56877	2.4	30874	17561	108774	155282	5.03
2014	95-99	0.25980	0.74732	2.16	13314	9950	38298	46508	3.49
2014	100-104	0.39578	0.88185	1.86	3364	2967	7496	8210	2.44
2014	105-109	0.55107	0.95073	1.56	397	378	686	715	1.80
2014	110+	0.67796	1.00000	1.48	20	20	29	29	1.48
2015	0	0.00456	0.00454	0.06	100000	454	99574	8072621	80.73
2015	1-4	0.00018	0.00073	1.64	99546	72	398014	7973047	80.09
2015	5-9	0.00009	0.00044	2.4	99474	44	497255	7575033	76.15
2015	10-14	0.00012	0.00060	2.91	99430	59	497027	7077777	71.18
2015	15-19	0.00041	0.00207	3.03	99371	206	496448	6580751	66.22
2015	20-24	0.00072	0.00358	2.54	99165	355	494950	6084303	61.36
2015	25-29	0.00080	0.00402	2.56	98809	397	493080	5589353	56.57
2015	30-34	0.00091	0.00453	2.59	98413	446	490989	5096273	51.78
2015	35-39	0.00119	0.00594	2.6	97967	582	488438	4605284	47.01
2015	40-44	0.00159	0.00794	2.66	97384	773	485115	4116846	42.27
2015	45-49	0.00253	0.01257	2.67	96611	1215	480230	3631731	37.59
2015	50-54	0.00406	0.02009	2.67	95397	1917	472521	3151501	33.04
2015	55-59	0.00617	0.03040	2.66	93480	2842	460754	2678980	28.66
2015	60-64	0.00893	0.04373	2.61	90638	3963	443711	2218225	24.47
2015	65-69	0.01274	0.06182	2.61	86675	5358	420586	1774515	20.47
2015	70-74	0.01981	0.09463	2.63	81317	7695	388378	1353929	16.65
2015	75-79	0.03143	0.14632	2.64	73622	10773	342709	965551	13.11
2015	80-84	0.05303	0.23519	2.6	62850	14782	278751	622842	9.91
2015	85-89	0.09213	0.37579	2.55	48068	18064	196077	344091	7.16
2015	90-94	0.16542	0.57725	2.38	30005	17320	104701	148014	4.93
2015	95-99	0.26713	0.75745	2.14	12684	9608	35966	43313	3.41
2015	100-104	0.40545	0.88818	1.84	3077	2733	6740	7347	2.39
2015	105-109	0.56172	0.95362	1.54	344	328	584	607	1.77
2015	110+	0.68826	1.00000	1.45	16	16	23	23	1.45
2016	0	0.00431	0.00429	0.06	100000	429	99597	8085717	80.86
2016	1-4	0.00020	0.00080	1.64	99571	80	398096	7986120	80.21
2016	5-9	0.00010	0.00050	2.56	99491	50	497335	7588024	76.27
2016	10-14	0.00012	0.00059	2.7	99442	58	497074	7090689	71.31
2016	15-19	0.00043	0.00216	2.94	99383	215	496474	6593615	66.35
2016	20-24	0.00077	0.00383	2.56	99168	380	494913	6097141	61.48
2016	25-29	0.00085	0.00424	2.53	98788	418	492906	5602227	56.71
2016	30-34	0.00096	0.00477	2.54	98370	469	490693	5109322	51.94
2016	35-39	0.00122	0.00606	2.56	97900	593	488053	4618629	47.18
2016	40-44	0.00158	0.00788	2.63	97307	767	484717	4130576	42.45
2016	45-49	0.00249	0.01236	2.68	96539	1193	479930	3645859	37.77
2016	50-54	0.00403	0.01995	2.67	95346	1902	472309	3165928	33.20
2016	55-59	0.00610	0.03005	2.65	93444	2808	460630	2693619	28.83
2016	60-64	0.00901	0.04410	2.63	90636	3997	443725	2232989	24.64
2016	65-69	0.01273	0.06179	2.65	86639	5353	420619	1789264	20.65
2016	70-74	0.01910	0.09141	2.66	81286	7431	389075	1368645	16.84
2016	75-79	0.03121	0.14532	2.63	73855	10733	343890	979571	13.26
2016	80-84	0.05173	0.22996	2.59	63122	14515	280592	635681	10.07
2016	85-89	0.08930	0.36655	2.56	48607	17817	199519	355088	7.31
2016	90-94	0.16029	0.56531	2.39	30790	17406	108592	155570	5.05
2016	95-99	0.25841	0.74522	2.16	13384	9974	38598	46978	3.51
2016	100-104	0.39282	0.87972	1.86	3410	3000	7637	8380	2.46
2016	105-109	0.54650	0.94935	1.56	410	389	713	743	1.81
2016	110+	0.67241	1.00000	1.49	21	21	31	31	1.49
2017	0	0.00417	0.00415	0.06	100000	415	99610	8087689	80.88
2017	1-4	0.00019	0.00074	1.59	99585	74	398161	7988079	80.21
2017	5-9	0.00009	0.00047	2.48	99511	47	497438	7589918	76.27
2017	10-14	0.00013	0.00065	2.77	99464	64	497178	7092480	71.31
2017	15-19	0.00041	0.00207	3.01	99400	205	496591	6595302	66.35
2017	20-24	0.00079	0.00393	2.51	99195	390	495000	6098711	61.48
2017	25-29	0.00083	0.00415	2.54	98805	410	493016	5603711	56.72
2017	30-34	0.00097	0.00485	2.58	98394	478	490815	5110695	51.94
2017	35-39	0.00126	0.00627	2.58	97917	614	488099	4619881	47.18
2017	40-44	0.00161	0.00804	2.62	97302	782	484650	4131781	42.46
2017	45-49	0.00246	0.01224	2.66	96520	1181	479831	3647131	37.79
2017	50-54	0.00392	0.01942	2.66	95339	1852	472365	3167300	33.22
2017	55-59	0.00611	0.03011	2.64	93487	2815	460794	2694935	28.83
2017	60-64	0.00886	0.04338	2.63	90672	3933	444034	2234140	24.64
2017	65-69	0.01274	0.06181	2.62	86739	5361	420950	1790106	20.64
2017	70-74	0.01921	0.09189	2.65	81378	7477	389331	1369156	16.82
2017	75-79	0.03105	0.14473	2.66	73901	10695	344464	979826	13.26
2017	80-84	0.05229	0.23242	2.61	63205	14690	280923	635361	10.05
2017	85-89	0.08916	0.36611	2.56	48515	17762	199204	354438	7.31
2017	90-94	0.16049	0.56541	2.39	30753	17388	108346	155235	5.05
2017	95-99	0.25856	0.74542	2.16	13365	9963	38531	46889	3.51
2017	100-104	0.39299	0.87984	1.86	3402	2994	7618	8358	2.46
2017	105-109	0.54679	0.94944	1.56	409	388	710	741	1.81
2017	110+	0.67282	1.00000	1.49	21	21	31	31	1.49
