Reg1: , Lifetables (period 1x5), Males Last modified: 3 Dec 2019, MPv5 (May07) 

Year     	Age	mx	qx	ax	lx	dx	Lx	Tx	ex
1960-1964	0	0.02708	0.02645	0.12	100000	2645	97667	6699595	67.00
1960-1964	1	0.00135	0.00135	0.5	97355	132	97290	6601928	67.81
1960-1964	2	0.00091	0.00091	0.5	97224	89	97179	6504638	66.90
1960-1964	3	0.00076	0.00076	0.5	97135	73	97098	6407459	65.96
1960-1964	4	0.00065	0.00065	0.5	97062	63	97030	6310361	65.01
1960-1964	5	0.00056	0.00056	0.5	96999	55	96972	6213330	64.06
1960-1964	6	0.00054	0.00054	0.5	96944	52	96918	6116359	63.09
1960-1964	7	0.00048	0.00048	0.5	96892	47	96869	6019440	62.13
1960-1964	8	0.00043	0.00043	0.5	96845	42	96824	5922572	61.16
1960-1964	9	0.00038	0.00038	0.5	96803	37	96785	5825748	60.18
1960-1964	10	0.00040	0.00040	0.5	96766	38	96747	5728963	59.20
1960-1964	11	0.00040	0.00040	0.5	96728	39	96709	5632216	58.23
1960-1964	12	0.00040	0.00040	0.5	96689	39	96670	5535507	57.25
1960-1964	13	0.00049	0.00049	0.5	96650	48	96626	5438838	56.27
1960-1964	14	0.00056	0.00056	0.5	96602	54	96575	5342212	55.30
1960-1964	15	0.00065	0.00065	0.5	96548	62	96517	5245636	54.33
1960-1964	16	0.00080	0.00080	0.5	96486	78	96447	5149119	53.37
1960-1964	17	0.00103	0.00103	0.5	96408	99	96359	5052672	52.41
1960-1964	18	0.00124	0.00124	0.5	96309	119	96250	4956313	51.46
1960-1964	19	0.00141	0.00141	0.5	96190	136	96122	4860063	50.53
1960-1964	20	0.00144	0.00144	0.5	96055	139	95985	4763941	49.60
1960-1964	21	0.00150	0.00150	0.5	95916	144	95844	4667955	48.67
1960-1964	22	0.00155	0.00155	0.5	95772	149	95698	4572111	47.74
1960-1964	23	0.00149	0.00149	0.5	95623	142	95552	4476414	46.81
1960-1964	24	0.00148	0.00148	0.5	95481	142	95410	4380862	45.88
1960-1964	25	0.00151	0.00151	0.5	95340	144	95268	4285451	44.95
1960-1964	26	0.00141	0.00141	0.5	95196	134	95129	4190184	44.02
1960-1964	27	0.00142	0.00142	0.5	95062	135	94994	4095055	43.08
1960-1964	28	0.00147	0.00147	0.5	94927	139	94857	4000061	42.14
1960-1964	29	0.00155	0.00155	0.5	94787	147	94714	3905204	41.20
1960-1964	30	0.00156	0.00156	0.5	94640	148	94566	3810490	40.26
1960-1964	31	0.00163	0.00163	0.5	94492	154	94415	3715924	39.33
1960-1964	32	0.00174	0.00174	0.5	94338	164	94256	3621509	38.39
1960-1964	33	0.00184	0.00184	0.5	94174	174	94087	3527253	37.45
1960-1964	34	0.00202	0.00202	0.5	94000	190	93905	3433166	36.52
1960-1964	35	0.00220	0.00220	0.5	93810	206	93707	3339261	35.60
1960-1964	36	0.00237	0.00236	0.5	93604	221	93493	3245554	34.67
1960-1964	37	0.00265	0.00265	0.5	93383	247	93259	3152061	33.75
1960-1964	38	0.00296	0.00296	0.5	93136	275	92998	3058802	32.84
1960-1964	39	0.00322	0.00322	0.5	92860	299	92711	2965803	31.94
1960-1964	40	0.00358	0.00357	0.5	92562	331	92396	2873093	31.04
1960-1964	41	0.00375	0.00374	0.5	92231	345	92058	2780696	30.15
1960-1964	42	0.00431	0.00430	0.5	91886	396	91688	2688638	29.26
1960-1964	43	0.00467	0.00466	0.5	91490	426	91277	2596950	28.39
1960-1964	44	0.00519	0.00518	0.5	91064	472	90828	2505673	27.52
1960-1964	45	0.00589	0.00588	0.5	90593	532	90326	2414845	26.66
1960-1964	46	0.00652	0.00650	0.5	90060	585	89768	2324518	25.81
1960-1964	47	0.00736	0.00734	0.5	89475	657	89147	2234751	24.98
1960-1964	48	0.00811	0.00808	0.5	88818	717	88460	2145604	24.16
1960-1964	49	0.00886	0.00882	0.5	88101	777	87713	2057144	23.35
1960-1964	50	0.01017	0.01012	0.5	87324	884	86883	1969431	22.55
1960-1964	51	0.01089	0.01083	0.5	86441	936	85973	1882549	21.78
1960-1964	52	0.01239	0.01231	0.5	85505	1053	84978	1796576	21.01
1960-1964	53	0.01353	0.01344	0.5	84452	1135	83884	1711598	20.27
1960-1964	54	0.01473	0.01462	0.5	83317	1218	82708	1627713	19.54
1960-1964	55	0.01590	0.01578	0.5	82099	1295	81451	1545005	18.82
1960-1964	56	0.01752	0.01737	0.5	80803	1404	80102	1463554	18.11
1960-1964	57	0.01915	0.01896	0.5	79400	1506	78647	1383453	17.42
1960-1964	58	0.02092	0.02071	0.5	77894	1613	77087	1304806	16.75
1960-1964	59	0.02272	0.02246	0.5	76281	1714	75424	1227718	16.09
1960-1964	60	0.02455	0.02425	0.5	74567	1808	73663	1152294	15.45
1960-1964	61	0.02623	0.02589	0.5	72759	1884	71817	1078631	14.82
1960-1964	62	0.02997	0.02953	0.5	70875	2093	69829	1006814	14.21
1960-1964	63	0.03146	0.03097	0.5	68782	2131	67717	936985	13.62
1960-1964	64	0.03448	0.03390	0.5	66652	2259	65522	869268	13.04
1960-1964	65	0.03877	0.03804	0.5	64393	2449	63168	803746	12.48
1960-1964	66	0.03986	0.03908	0.5	61943	2421	60733	740578	11.96
1960-1964	67	0.04476	0.04378	0.5	59522	2606	58220	679845	11.42
1960-1964	68	0.04729	0.04620	0.5	56917	2629	55602	621626	10.92
1960-1964	69	0.05009	0.04887	0.5	54287	2653	52961	566024	10.43
1960-1964	70	0.05577	0.05425	0.5	51635	2801	50234	513063	9.94
1960-1964	71	0.05728	0.05569	0.5	48833	2719	47474	462829	9.48
1960-1964	72	0.06587	0.06377	0.5	46114	2941	44644	415355	9.01
1960-1964	73	0.06864	0.06637	0.5	43173	2865	41741	370712	8.59
1960-1964	74	0.07378	0.07115	0.5	40308	2868	38874	328971	8.16
1960-1964	75	0.08079	0.07766	0.5	37440	2907	35986	290097	7.75
1960-1964	76	0.08438	0.08096	0.5	34533	2796	33135	254111	7.36
1960-1964	77	0.08898	0.08519	0.5	31737	2704	30385	220976	6.96
1960-1964	78	0.09913	0.09445	0.5	29033	2742	27662	190591	6.56
1960-1964	79	0.10428	0.09911	0.5	26291	2606	24988	162929	6.20
1960-1964	80	0.12108	0.11417	0.5	23685	2704	22333	137941	5.82
1960-1964	81	0.12385	0.11663	0.5	20981	2447	19757	115608	5.51
1960-1964	82	0.14052	0.13129	0.5	18534	2433	17317	95851	5.17
1960-1964	83	0.15260	0.14179	0.5	16101	2283	14959	78534	4.88
1960-1964	84	0.16687	0.15402	0.5	13818	2128	12754	63574	4.60
1960-1964	85	0.18144	0.16635	0.5	11690	1945	10717	50821	4.35
1960-1964	86	0.19200	0.17518	0.5	9745	1707	8891	40104	4.12
1960-1964	87	0.20721	0.18776	0.5	8038	1509	7283	31212	3.88
1960-1964	88	0.22202	0.19984	0.5	6529	1305	5876	23929	3.67
1960-1964	89	0.24156	0.21553	0.5	5224	1126	4661	18053	3.46
1960-1964	90	0.26472	0.23378	0.5	4098	958	3619	13392	3.27
1960-1964	91	0.26802	0.23635	0.5	3140	742	2769	9773	3.11
1960-1964	92	0.30135	0.26189	0.5	2398	628	2084	7004	2.92
1960-1964	93	0.31667	0.27339	0.5	1770	484	1528	4920	2.78
1960-1964	94	0.33654	0.28807	0.5	1286	370	1101	3392	2.64
1960-1964	95	0.35949	0.30472	0.5	916	279	776	2291	2.50
1960-1964	96	0.38165	0.32050	0.5	637	204	535	1515	2.38
1960-1964	97	0.40433	0.33633	0.5	433	145	360	980	2.27
1960-1964	98	0.42741	0.35215	0.5	287	101	237	621	2.16
1960-1964	99	0.45082	0.36789	0.5	186	68	152	384	2.06
1960-1964	100	0.47445	0.38348	0.5	118	45	95	232	1.98
1960-1964	101	0.49819	0.39884	0.5	72	29	58	137	1.89
1960-1964	102	0.52194	0.41392	0.5	44	18	35	79	1.82
1960-1964	103	0.54559	0.42866	0.5	26	11	20	45	1.75
1960-1964	104	0.56904	0.44300	0.5	15	6	11	25	1.68
1960-1964	105	0.59218	0.45690	0.5	8	4	6	13	1.63
1960-1964	106	0.61492	0.47032	0.5	4	2	3	7	1.57
1960-1964	107	0.63717	0.48322	0.5	2	1	2	4	1.53
1960-1964	108	0.65885	0.49559	0.5	1	1	1	2	1.48
1960-1964	109	0.67988	0.50740	0.5	1	0	0	1	1.45
1960-1964	110+	0.70021	1.00000	1.43	0	0	0	0	1.43
1965-1969	0	0.02451	0.02399	0.11	100000	2399	97867	6697908	66.98
1965-1969	1	0.00127	0.00127	0.5	97601	124	97539	6600041	67.62
1965-1969	2	0.00086	0.00086	0.5	97477	84	97435	6502502	66.71
1965-1969	3	0.00068	0.00068	0.5	97393	66	97360	6405067	65.76
1965-1969	4	0.00061	0.00061	0.5	97327	59	97298	6307707	64.81
1965-1969	5	0.00056	0.00056	0.5	97268	55	97241	6210409	63.85
1965-1969	6	0.00052	0.00052	0.5	97214	50	97189	6113168	62.88
1965-1969	7	0.00047	0.00047	0.5	97164	46	97141	6015979	61.92
1965-1969	8	0.00041	0.00041	0.5	97118	39	97098	5918838	60.94
1965-1969	9	0.00038	0.00038	0.5	97079	37	97060	5821739	59.97
1965-1969	10	0.00035	0.00035	0.5	97042	34	97024	5724679	58.99
1965-1969	11	0.00038	0.00038	0.5	97007	36	96989	5627655	58.01
1965-1969	12	0.00040	0.00040	0.5	96971	38	96952	5530666	57.03
1965-1969	13	0.00048	0.00048	0.5	96932	46	96909	5433714	56.06
1965-1969	14	0.00055	0.00055	0.5	96886	53	96860	5336805	55.08
1965-1969	15	0.00072	0.00072	0.5	96833	70	96798	5239945	54.11
1965-1969	16	0.00099	0.00099	0.5	96763	96	96715	5143147	53.15
1965-1969	17	0.00132	0.00132	0.5	96667	128	96603	5046432	52.20
1965-1969	18	0.00166	0.00165	0.5	96540	160	96460	4949828	51.27
1965-1969	19	0.00178	0.00178	0.5	96380	171	96294	4853369	50.36
1965-1969	20	0.00167	0.00167	0.5	96208	161	96128	4757074	49.45
1965-1969	21	0.00184	0.00184	0.5	96048	176	95959	4660946	48.53
1965-1969	22	0.00176	0.00176	0.5	95871	169	95787	4564987	47.62
1965-1969	23	0.00167	0.00167	0.5	95703	159	95623	4469200	46.70
1965-1969	24	0.00162	0.00162	0.5	95543	154	95466	4373577	45.78
1965-1969	25	0.00163	0.00163	0.5	95389	155	95311	4278111	44.85
1965-1969	26	0.00162	0.00162	0.5	95234	154	95156	4182800	43.92
1965-1969	27	0.00173	0.00173	0.5	95079	165	94997	4087643	42.99
1965-1969	28	0.00174	0.00174	0.5	94915	165	94832	3992646	42.07
1965-1969	29	0.00168	0.00168	0.5	94749	159	94670	3897814	41.14
1965-1969	30	0.00183	0.00183	0.5	94591	173	94504	3803144	40.21
1965-1969	31	0.00187	0.00187	0.5	94417	177	94329	3708641	39.28
1965-1969	32	0.00191	0.00191	0.5	94240	180	94150	3614312	38.35
1965-1969	33	0.00206	0.00206	0.5	94060	194	93964	3520161	37.42
1965-1969	34	0.00219	0.00219	0.5	93867	205	93764	3426198	36.50
1965-1969	35	0.00252	0.00252	0.5	93661	236	93543	3332434	35.58
1965-1969	36	0.00253	0.00253	0.5	93425	236	93307	3238890	34.67
1965-1969	37	0.00281	0.00281	0.5	93189	262	93058	3145583	33.75
1965-1969	38	0.00314	0.00314	0.5	92927	291	92781	3052525	32.85
1965-1969	39	0.00333	0.00332	0.5	92636	308	92482	2959744	31.95
1965-1969	40	0.00380	0.00379	0.5	92328	350	92153	2867262	31.06
1965-1969	41	0.00403	0.00402	0.5	91978	370	91793	2775109	30.17
1965-1969	42	0.00459	0.00458	0.5	91608	420	91398	2683316	29.29
1965-1969	43	0.00491	0.00490	0.5	91188	447	90965	2591918	28.42
1965-1969	44	0.00529	0.00528	0.5	90741	479	90502	2500953	27.56
1965-1969	45	0.00598	0.00596	0.5	90263	538	89994	2410451	26.70
1965-1969	46	0.00634	0.00632	0.5	89725	567	89441	2320458	25.86
1965-1969	47	0.00707	0.00704	0.5	89157	628	88843	2231017	25.02
1965-1969	48	0.00782	0.00779	0.5	88529	690	88184	2142173	24.20
1965-1969	49	0.00865	0.00862	0.5	87839	757	87461	2053989	23.38
1965-1969	50	0.00992	0.00987	0.5	87082	859	86653	1966528	22.58
1965-1969	51	0.01048	0.01043	0.5	86223	899	85774	1879875	21.80
1965-1969	52	0.01200	0.01193	0.5	85324	1018	84815	1794102	21.03
1965-1969	53	0.01304	0.01296	0.5	84306	1092	83760	1709287	20.27
1965-1969	54	0.01449	0.01439	0.5	83214	1197	82615	1625526	19.53
1965-1969	55	0.01565	0.01553	0.5	82017	1274	81380	1542911	18.81
1965-1969	56	0.01708	0.01693	0.5	80743	1367	80059	1461531	18.10
1965-1969	57	0.01902	0.01884	0.5	79376	1495	78628	1381472	17.40
1965-1969	58	0.02081	0.02060	0.5	77881	1604	77079	1302843	16.73
1965-1969	59	0.02275	0.02249	0.5	76276	1715	75419	1225765	16.07
1965-1969	60	0.02528	0.02497	0.5	74561	1862	73630	1150346	15.43
1965-1969	61	0.02681	0.02646	0.5	72699	1923	71738	1076716	14.81
1965-1969	62	0.03028	0.02982	0.5	70776	2111	69721	1004978	14.20
1965-1969	63	0.03217	0.03167	0.5	68665	2174	67578	935258	13.62
1965-1969	64	0.03427	0.03369	0.5	66491	2240	65371	867680	13.05
1965-1969	65	0.03837	0.03765	0.5	64251	2419	63041	802309	12.49
1965-1969	66	0.03903	0.03829	0.5	61832	2367	60648	739268	11.96
1965-1969	67	0.04423	0.04327	0.5	59464	2573	58178	678620	11.41
1965-1969	68	0.04724	0.04615	0.5	56891	2626	55578	620442	10.91
1965-1969	69	0.05038	0.04914	0.5	54265	2667	52932	564864	10.41
1965-1969	70	0.05572	0.05421	0.5	51599	2797	50200	511932	9.92
1965-1969	71	0.05706	0.05547	0.5	48802	2707	47448	461732	9.46
1965-1969	72	0.06561	0.06352	0.5	46094	2928	44630	414284	8.99
1965-1969	73	0.06956	0.06722	0.5	43166	2902	41716	369654	8.56
1965-1969	74	0.07532	0.07259	0.5	40265	2923	38803	327938	8.14
1965-1969	75	0.08240	0.07914	0.5	37342	2955	35864	289135	7.74
1965-1969	76	0.08634	0.08276	0.5	34387	2846	32964	253270	7.37
1965-1969	77	0.09235	0.08828	0.5	31541	2784	30149	220307	6.98
1965-1969	78	0.09981	0.09506	0.5	28756	2734	27390	190158	6.61
1965-1969	79	0.10504	0.09980	0.5	26023	2597	24724	162769	6.25
1965-1969	80	0.12090	0.11401	0.5	23426	2671	22090	138045	5.89
1965-1969	81	0.12319	0.11604	0.5	20755	2408	19551	115954	5.59
1965-1969	82	0.13585	0.12721	0.5	18346	2334	17179	96404	5.25
1965-1969	83	0.14958	0.13918	0.5	16013	2229	14898	79224	4.95
1965-1969	84	0.16515	0.15255	0.5	13784	2103	12733	64326	4.67
1965-1969	85	0.17614	0.16189	0.5	11681	1891	10736	51593	4.42
1965-1969	86	0.18995	0.17347	0.5	9790	1698	8941	40857	4.17
1965-1969	87	0.20371	0.18488	0.5	8092	1496	7344	31916	3.94
1965-1969	88	0.21617	0.19508	0.5	6596	1287	5953	24572	3.73
1965-1969	89	0.23557	0.21074	0.5	5309	1119	4750	18620	3.51
1965-1969	90	0.25893	0.22925	0.5	4190	961	3710	13870	3.31
1965-1969	91	0.27102	0.23868	0.5	3230	771	2844	10160	3.15
1965-1969	92	0.29397	0.25630	0.5	2459	630	2144	7316	2.98
1965-1969	93	0.31090	0.26907	0.5	1829	492	1583	5172	2.83
1965-1969	94	0.33137	0.28427	0.5	1337	380	1147	3590	2.69
1965-1969	95	0.35137	0.29886	0.5	957	286	814	2443	2.55
1965-1969	96	0.37298	0.31436	0.5	671	211	565	1629	2.43
1965-1969	97	0.39512	0.32994	0.5	460	152	384	1064	2.31
1965-1969	98	0.41770	0.34553	0.5	308	106	255	680	2.21
1965-1969	99	0.44062	0.36107	0.5	202	73	165	425	2.11
1965-1969	100	0.46380	0.37649	0.5	129	49	105	260	2.02
1965-1969	101	0.48714	0.39173	0.5	80	31	65	155	1.93
1965-1969	102	0.51054	0.40672	0.5	49	20	39	91	1.85
1965-1969	103	0.53389	0.42140	0.5	29	12	23	52	1.78
1965-1969	104	0.55709	0.43572	0.5	17	7	13	29	1.72
1965-1969	105	0.58005	0.44964	0.5	9	4	7	16	1.66
1965-1969	106	0.60266	0.46311	0.5	5	2	4	8	1.60
1965-1969	107	0.62485	0.47610	0.5	3	1	2	4	1.55
1965-1969	108	0.64652	0.48858	0.5	1	1	1	2	1.51
1965-1969	109	0.66760	0.50053	0.5	1	0	1	1	1.48
1965-1969	110+	0.68804	1.00000	1.45	0	0	1	1	1.45
1970-1974	0	0.01963	0.01928	0.1	100000	1928	98260	6783826	67.84
1970-1974	1	0.00108	0.00108	0.5	98072	106	98019	6685566	68.17
1970-1974	2	0.00077	0.00077	0.5	97966	75	97928	6587547	67.24
1970-1974	3	0.00067	0.00067	0.5	97891	66	97858	6489619	66.29
1970-1974	4	0.00057	0.00057	0.5	97825	56	97797	6391761	65.34
1970-1974	5	0.00051	0.00051	0.5	97769	50	97744	6293964	64.38
1970-1974	6	0.00045	0.00045	0.5	97719	44	97697	6196220	63.41
1970-1974	7	0.00043	0.00043	0.5	97675	42	97654	6098523	62.44
1970-1974	8	0.00039	0.00039	0.5	97633	38	97614	6000869	61.46
1970-1974	9	0.00035	0.00035	0.5	97595	35	97578	5903255	60.49
1970-1974	10	0.00034	0.00034	0.5	97560	33	97544	5805678	59.51
1970-1974	11	0.00032	0.00032	0.5	97527	31	97512	5708134	58.53
1970-1974	12	0.00038	0.00038	0.5	97496	37	97477	5610622	57.55
1970-1974	13	0.00044	0.00044	0.5	97459	43	97437	5513145	56.57
1970-1974	14	0.00058	0.00058	0.5	97416	56	97388	5415708	55.59
1970-1974	15	0.00077	0.00077	0.5	97360	75	97322	5318320	54.63
1970-1974	16	0.00105	0.00105	0.5	97285	102	97234	5220998	53.67
1970-1974	17	0.00137	0.00137	0.5	97183	133	97116	5123764	52.72
1970-1974	18	0.00174	0.00174	0.5	97049	169	96965	5026648	51.79
1970-1974	19	0.00183	0.00183	0.5	96881	177	96792	4929683	50.88
1970-1974	20	0.00194	0.00194	0.5	96703	187	96610	4832891	49.98
1970-1974	21	0.00215	0.00215	0.5	96516	207	96413	4736281	49.07
1970-1974	22	0.00202	0.00202	0.5	96309	194	96212	4639869	48.18
1970-1974	23	0.00199	0.00199	0.5	96115	191	96019	4543657	47.27
1970-1974	24	0.00194	0.00194	0.5	95924	186	95831	4447638	46.37
1970-1974	25	0.00190	0.00190	0.5	95738	182	95647	4351807	45.46
1970-1974	26	0.00178	0.00178	0.5	95556	170	95471	4256161	44.54
1970-1974	27	0.00182	0.00181	0.5	95386	173	95299	4160690	43.62
1970-1974	28	0.00176	0.00176	0.5	95213	168	95129	4065391	42.70
1970-1974	29	0.00179	0.00179	0.5	95045	170	94960	3970262	41.77
1970-1974	30	0.00192	0.00192	0.5	94875	182	94784	3875302	40.85
1970-1974	31	0.00183	0.00183	0.5	94693	173	94606	3780519	39.92
1970-1974	32	0.00206	0.00206	0.5	94519	195	94422	3685913	39.00
1970-1974	33	0.00219	0.00219	0.5	94325	207	94221	3591491	38.08
1970-1974	34	0.00227	0.00227	0.5	94118	213	94011	3497269	37.16
1970-1974	35	0.00246	0.00246	0.5	93905	231	93789	3403258	36.24
1970-1974	36	0.00261	0.00261	0.5	93674	244	93551	3309469	35.33
1970-1974	37	0.00276	0.00276	0.5	93429	258	93301	3215917	34.42
1970-1974	38	0.00303	0.00303	0.5	93172	282	93031	3122617	33.51
1970-1974	39	0.00335	0.00334	0.5	92890	310	92734	3029586	32.61
1970-1974	40	0.00366	0.00365	0.5	92579	338	92410	2936851	31.72
1970-1974	41	0.00389	0.00388	0.5	92241	358	92062	2844441	30.84
1970-1974	42	0.00439	0.00438	0.5	91883	402	91682	2752380	29.96
1970-1974	43	0.00469	0.00468	0.5	91480	428	91266	2660698	29.08
1970-1974	44	0.00506	0.00505	0.5	91052	459	90822	2569432	28.22
1970-1974	45	0.00596	0.00594	0.5	90593	538	90323	2478610	27.36
1970-1974	46	0.00642	0.00640	0.5	90054	577	89766	2388286	26.52
1970-1974	47	0.00698	0.00696	0.5	89478	622	89166	2298521	25.69
1970-1974	48	0.00741	0.00738	0.5	88855	656	88527	2209354	24.86
1970-1974	49	0.00832	0.00829	0.5	88199	731	87834	2120827	24.05
1970-1974	50	0.00922	0.00917	0.5	87468	802	87067	2032993	23.24
1970-1974	51	0.00969	0.00964	0.5	86666	836	86248	1945927	22.45
1970-1974	52	0.01074	0.01068	0.5	85830	917	85372	1859679	21.67
1970-1974	53	0.01180	0.01173	0.5	84913	996	84415	1774307	20.90
1970-1974	54	0.01286	0.01278	0.5	83917	1073	83381	1689892	20.14
1970-1974	55	0.01437	0.01426	0.5	82845	1182	82254	1606511	19.39
1970-1974	56	0.01581	0.01569	0.5	81663	1281	81022	1524257	18.67
1970-1974	57	0.01745	0.01730	0.5	80382	1391	79687	1443235	17.95
1970-1974	58	0.01909	0.01891	0.5	78991	1493	78244	1363548	17.26
1970-1974	59	0.02065	0.02044	0.5	77498	1584	76706	1285304	16.59
1970-1974	60	0.02310	0.02283	0.5	75914	1733	75047	1208598	15.92
1970-1974	61	0.02449	0.02419	0.5	74180	1794	73283	1133551	15.28
1970-1974	62	0.02715	0.02678	0.5	72386	1939	71417	1060268	14.65
1970-1974	63	0.02966	0.02923	0.5	70447	2059	69418	988851	14.04
1970-1974	64	0.03205	0.03154	0.5	68388	2157	67310	919433	13.44
1970-1974	65	0.03584	0.03521	0.5	66231	2332	65065	852124	12.87
1970-1974	66	0.03719	0.03651	0.5	63899	2333	62733	787059	12.32
1970-1974	67	0.04128	0.04044	0.5	61566	2490	60321	724326	11.76
1970-1974	68	0.04418	0.04322	0.5	59076	2553	57800	664005	11.24
1970-1974	69	0.04756	0.04645	0.5	56523	2626	55210	606205	10.72
1970-1974	70	0.05228	0.05094	0.5	53897	2746	52524	550995	10.22
1970-1974	71	0.05538	0.05389	0.5	51151	2757	49773	498471	9.74
1970-1974	72	0.06186	0.06001	0.5	48395	2904	46943	448697	9.27
1970-1974	73	0.06542	0.06334	0.5	45491	2882	44050	401754	8.83
1970-1974	74	0.07060	0.06819	0.5	42609	2906	41157	357704	8.39
1970-1974	75	0.07843	0.07547	0.5	39704	2996	38206	316547	7.97
1970-1974	76	0.08354	0.08019	0.5	36707	2944	35236	278342	7.58
1970-1974	77	0.08880	0.08503	0.5	33764	2871	32328	243106	7.20
1970-1974	78	0.09831	0.09371	0.5	30893	2895	29445	210778	6.82
1970-1974	79	0.10603	0.10070	0.5	27998	2819	26588	181332	6.48
1970-1974	80	0.11239	0.10641	0.5	25179	2679	23839	154744	6.15
1970-1974	81	0.11826	0.11166	0.5	22500	2512	21243	130905	5.82
1970-1974	82	0.12995	0.12202	0.5	19987	2439	18768	109662	5.49
1970-1974	83	0.14127	0.13195	0.5	17548	2316	16391	90894	5.18
1970-1974	84	0.15456	0.14347	0.5	15233	2185	14140	74503	4.89
1970-1974	85	0.16764	0.15467	0.5	13047	2018	12038	60363	4.63
1970-1974	86	0.17902	0.16431	0.5	11029	1812	10123	48325	4.38
1970-1974	87	0.18971	0.17327	0.5	9217	1597	8419	38202	4.14
1970-1974	88	0.20548	0.18634	0.5	7620	1420	6910	29783	3.91
1970-1974	89	0.22220	0.19998	0.5	6200	1240	5580	22873	3.69
1970-1974	90	0.23901	0.21350	0.5	4960	1059	4431	17293	3.49
1970-1974	91	0.25648	0.22733	0.5	3901	887	3458	12862	3.30
1970-1974	92	0.27522	0.24193	0.5	3014	729	2650	9404	3.12
1970-1974	93	0.29910	0.26019	0.5	2285	595	1988	6755	2.96
1970-1974	94	0.30960	0.26810	0.5	1691	453	1464	4767	2.82
1970-1974	95	0.33352	0.28585	0.5	1237	354	1060	3303	2.67
1970-1974	96	0.35441	0.30106	0.5	884	266	751	2242	2.54
1970-1974	97	0.37587	0.31641	0.5	618	195	520	1492	2.42
1970-1974	98	0.39783	0.33182	0.5	422	140	352	972	2.30
1970-1974	99	0.42021	0.34725	0.5	282	98	233	620	2.20
1970-1974	100	0.44292	0.36262	0.5	184	67	151	387	2.10
1970-1974	101	0.46588	0.37786	0.5	117	44	95	236	2.01
1970-1974	102	0.48897	0.39291	0.5	73	29	59	141	1.93
1970-1974	103	0.51212	0.40772	0.5	44	18	35	82	1.85
1970-1974	104	0.53522	0.42222	0.5	26	11	21	47	1.78
1970-1974	105	0.55816	0.43638	0.5	15	7	12	26	1.72
1970-1974	106	0.58086	0.45013	0.5	9	4	7	14	1.66
1970-1974	107	0.60322	0.46344	0.5	5	2	4	8	1.60
1970-1974	108	0.62516	0.47628	0.5	3	1	2	4	1.56
1970-1974	109	0.64659	0.48862	0.5	1	1	1	2	1.52
1970-1974	110+	0.66746	1.00000	1.5	1	1	1	1	1.50
1975-1979	0	0.01563	0.01541	0.09	100000	1541	98593	6969733	69.70
1975-1979	1	0.00083	0.00082	0.5	98459	81	98419	6871139	69.79
1975-1979	2	0.00062	0.00062	0.5	98378	61	98348	6772720	68.84
1975-1979	3	0.00054	0.00054	0.5	98318	53	98291	6674372	67.89
1975-1979	4	0.00044	0.00044	0.5	98265	43	98243	6576081	66.92
1975-1979	5	0.00044	0.00044	0.5	98221	43	98200	6477839	65.95
1975-1979	6	0.00037	0.00037	0.5	98178	36	98160	6379639	64.98
1975-1979	7	0.00033	0.00033	0.5	98142	32	98126	6281478	64.00
1975-1979	8	0.00031	0.00031	0.5	98110	30	98095	6183352	63.02
1975-1979	9	0.00029	0.00029	0.5	98080	29	98066	6085257	62.04
1975-1979	10	0.00028	0.00028	0.5	98051	28	98038	5987191	61.06
1975-1979	11	0.00029	0.00029	0.5	98024	28	98010	5889153	60.08
1975-1979	12	0.00030	0.00030	0.5	97995	30	97980	5791144	59.10
1975-1979	13	0.00038	0.00038	0.5	97966	37	97947	5693163	58.11
1975-1979	14	0.00047	0.00047	0.5	97929	46	97905	5595216	57.14
1975-1979	15	0.00060	0.00060	0.5	97882	59	97853	5497311	56.16
1975-1979	16	0.00085	0.00085	0.5	97823	84	97782	5399458	55.20
1975-1979	17	0.00124	0.00124	0.5	97740	121	97680	5301676	54.24
1975-1979	18	0.00153	0.00153	0.5	97619	149	97545	5203997	53.31
1975-1979	19	0.00163	0.00163	0.5	97470	159	97391	5106452	52.39
1975-1979	20	0.00176	0.00176	0.5	97311	171	97225	5009062	51.47
1975-1979	21	0.00178	0.00178	0.5	97140	173	97053	4911836	50.56
1975-1979	22	0.00179	0.00179	0.5	96967	174	96880	4814783	49.65
1975-1979	23	0.00172	0.00172	0.5	96793	166	96710	4717903	48.74
1975-1979	24	0.00176	0.00176	0.5	96627	170	96542	4621193	47.83
1975-1979	25	0.00175	0.00175	0.5	96457	169	96372	4524651	46.91
1975-1979	26	0.00171	0.00171	0.5	96288	164	96206	4428279	45.99
1975-1979	27	0.00168	0.00168	0.5	96124	162	96043	4332073	45.07
1975-1979	28	0.00165	0.00165	0.5	95962	158	95883	4236030	44.14
1975-1979	29	0.00166	0.00166	0.5	95804	159	95724	4140148	43.21
1975-1979	30	0.00171	0.00171	0.5	95645	164	95563	4044423	42.29
1975-1979	31	0.00170	0.00170	0.5	95481	162	95400	3948861	41.36
1975-1979	32	0.00175	0.00174	0.5	95319	166	95236	3853461	40.43
1975-1979	33	0.00185	0.00185	0.5	95153	176	95065	3758225	39.50
1975-1979	34	0.00191	0.00191	0.5	94976	181	94886	3663161	38.57
1975-1979	35	0.00217	0.00217	0.5	94795	205	94693	3568275	37.64
1975-1979	36	0.00209	0.00209	0.5	94590	198	94491	3473582	36.72
1975-1979	37	0.00236	0.00236	0.5	94392	222	94281	3379091	35.80
1975-1979	38	0.00252	0.00252	0.5	94170	237	94051	3284810	34.88
1975-1979	39	0.00279	0.00278	0.5	93933	261	93802	3190758	33.97
1975-1979	40	0.00298	0.00297	0.5	93671	279	93532	3096956	33.06
1975-1979	41	0.00326	0.00326	0.5	93393	304	93240	3003424	32.16
1975-1979	42	0.00366	0.00365	0.5	93088	340	92918	2910184	31.26
1975-1979	43	0.00405	0.00404	0.5	92748	375	92561	2817266	30.38
1975-1979	44	0.00440	0.00439	0.5	92373	406	92171	2724705	29.50
1975-1979	45	0.00509	0.00508	0.5	91968	467	91734	2632534	28.62
1975-1979	46	0.00537	0.00536	0.5	91501	490	91256	2540800	27.77
1975-1979	47	0.00593	0.00592	0.5	91011	538	90741	2449544	26.91
1975-1979	48	0.00658	0.00656	0.5	90472	593	90176	2358803	26.07
1975-1979	49	0.00736	0.00733	0.5	89879	659	89550	2268627	25.24
1975-1979	50	0.00802	0.00799	0.5	89220	712	88864	2179078	24.42
1975-1979	51	0.00884	0.00880	0.5	88508	779	88118	2090214	23.62
1975-1979	52	0.00964	0.00959	0.5	87729	842	87308	2002095	22.82
1975-1979	53	0.01036	0.01031	0.5	86887	896	86439	1914788	22.04
1975-1979	54	0.01149	0.01142	0.5	85991	982	85500	1828349	21.26
1975-1979	55	0.01258	0.01250	0.5	85009	1062	84478	1742848	20.50
1975-1979	56	0.01341	0.01332	0.5	83947	1118	83388	1658370	19.76
1975-1979	57	0.01488	0.01477	0.5	82829	1223	82217	1574982	19.01
1975-1979	58	0.01622	0.01609	0.5	81606	1313	80949	1492765	18.29
1975-1979	59	0.01782	0.01766	0.5	80293	1418	79584	1411816	17.58
1975-1979	60	0.01958	0.01939	0.5	78875	1530	78110	1332232	16.89
1975-1979	61	0.02115	0.02093	0.5	77345	1619	76536	1254122	16.21
1975-1979	62	0.02430	0.02401	0.5	75726	1818	74817	1177586	15.55
1975-1979	63	0.02591	0.02557	0.5	73908	1890	72963	1102769	14.92
1975-1979	64	0.02819	0.02780	0.5	72018	2002	71017	1029806	14.30
1975-1979	65	0.03104	0.03056	0.5	70016	2140	68946	958789	13.69
1975-1979	66	0.03288	0.03235	0.5	67876	2195	66778	889843	13.11
1975-1979	67	0.03619	0.03555	0.5	65680	2335	64513	823065	12.53
1975-1979	68	0.03925	0.03849	0.5	63346	2438	62126	758552	11.97
1975-1979	69	0.04272	0.04183	0.5	60907	2548	59633	696426	11.43
1975-1979	70	0.04602	0.04499	0.5	58359	2626	57047	636793	10.91
1975-1979	71	0.04971	0.04850	0.5	55734	2703	54382	579746	10.40
1975-1979	72	0.05460	0.05315	0.5	53031	2819	51621	525364	9.91
1975-1979	73	0.05891	0.05722	0.5	50212	2873	48775	473742	9.43
1975-1979	74	0.06288	0.06096	0.5	47339	2886	45896	424967	8.98
1975-1979	75	0.07024	0.06786	0.5	44453	3016	42945	379071	8.53
1975-1979	76	0.07359	0.07097	0.5	41437	2941	39966	336126	8.11
1975-1979	77	0.07943	0.07639	0.5	38496	2941	37025	296160	7.69
1975-1979	78	0.08627	0.08270	0.5	35555	2940	34085	259135	7.29
1975-1979	79	0.09435	0.09010	0.5	32614	2938	31145	225050	6.90
1975-1979	80	0.10393	0.09880	0.5	29676	2932	28210	193905	6.53
1975-1979	81	0.10921	0.10356	0.5	26744	2770	25359	165695	6.20
1975-1979	82	0.12040	0.11357	0.5	23974	2723	22613	140336	5.85
1975-1979	83	0.13062	0.12261	0.5	21252	2606	19949	117723	5.54
1975-1979	84	0.14027	0.13108	0.5	18646	2444	17424	97774	5.24
1975-1979	85	0.15024	0.13974	0.5	16202	2264	15070	80350	4.96
1975-1979	86	0.16253	0.15032	0.5	13938	2095	12890	65281	4.68
1975-1979	87	0.17721	0.16279	0.5	11843	1928	10879	52390	4.42
1975-1979	88	0.18824	0.17204	0.5	9915	1706	9062	41512	4.19
1975-1979	89	0.20074	0.18243	0.5	8209	1498	7460	32450	3.95
1975-1979	90	0.22159	0.19948	0.5	6711	1339	6042	24990	3.72
1975-1979	91	0.22823	0.20485	0.5	5373	1101	4822	18947	3.53
1975-1979	92	0.25924	0.22949	0.5	4272	980	3782	14125	3.31
1975-1979	93	0.27688	0.24321	0.5	3292	801	2891	10343	3.14
1975-1979	94	0.29837	0.25963	0.5	2491	647	2168	7452	2.99
1975-1979	95	0.30689	0.26606	0.5	1844	491	1599	5284	2.87
1975-1979	96	0.32648	0.28067	0.5	1354	380	1164	3685	2.72
1975-1979	97	0.34671	0.29548	0.5	974	288	830	2522	2.59
1975-1979	98	0.36750	0.31045	0.5	686	213	580	1692	2.47
1975-1979	99	0.38879	0.32552	0.5	473	154	396	1112	2.35
1975-1979	100	0.41052	0.34061	0.5	319	109	265	716	2.24
1975-1979	101	0.43261	0.35568	0.5	210	75	173	451	2.15
1975-1979	102	0.45497	0.37065	0.5	136	50	110	279	2.05
1975-1979	103	0.47750	0.38547	0.5	85	33	69	168	1.97
1975-1979	104	0.50014	0.40009	0.5	52	21	42	99	1.89
1975-1979	105	0.52277	0.41444	0.5	31	13	25	57	1.82
1975-1979	106	0.54530	0.42848	0.5	18	8	14	32	1.76
1975-1979	107	0.56766	0.44216	0.5	11	5	8	18	1.70
1975-1979	108	0.58974	0.45544	0.5	6	3	5	10	1.65
1975-1979	109	0.61146	0.46829	0.5	3	1	2	5	1.61
1975-1979	110+	0.63275	1.00000	1.58	2	2	3	3	1.58
1980-1984	0	0.01259	0.01244	0.08	100000	1244	98854	7077676	70.78
1980-1984	1	0.00080	0.00080	0.5	98756	79	98716	6978823	70.67
1980-1984	2	0.00054	0.00054	0.5	98677	54	98650	6880106	69.72
1980-1984	3	0.00047	0.00047	0.5	98623	46	98600	6781456	68.76
1980-1984	4	0.00036	0.00036	0.5	98577	35	98560	6682856	67.79
1980-1984	5	0.00032	0.00032	0.5	98542	32	98526	6584297	66.82
1980-1984	6	0.00030	0.00030	0.5	98510	30	98496	6485770	65.84
1980-1984	7	0.00031	0.00031	0.5	98481	30	98466	6387275	64.86
1980-1984	8	0.00024	0.00024	0.5	98451	24	98439	6288809	63.88
1980-1984	9	0.00024	0.00024	0.5	98427	24	98415	6190370	62.89
1980-1984	10	0.00024	0.00024	0.5	98403	23	98391	6091955	61.91
1980-1984	11	0.00024	0.00024	0.5	98380	24	98368	5993564	60.92
1980-1984	12	0.00028	0.00028	0.5	98356	28	98342	5895196	59.94
1980-1984	13	0.00033	0.00033	0.5	98328	33	98311	5796854	58.95
1980-1984	14	0.00038	0.00038	0.5	98295	37	98276	5698543	57.97
1980-1984	15	0.00055	0.00055	0.5	98258	54	98231	5600266	57.00
1980-1984	16	0.00076	0.00076	0.5	98204	75	98166	5502035	56.03
1980-1984	17	0.00108	0.00108	0.5	98129	106	98076	5403869	55.07
1980-1984	18	0.00137	0.00137	0.5	98023	134	97956	5305793	54.13
1980-1984	19	0.00145	0.00145	0.5	97889	142	97818	5207837	53.20
1980-1984	20	0.00153	0.00152	0.5	97747	149	97672	5110019	52.28
1980-1984	21	0.00155	0.00155	0.5	97598	151	97522	5012346	51.36
1980-1984	22	0.00157	0.00157	0.5	97447	153	97370	4914824	50.44
1980-1984	23	0.00159	0.00159	0.5	97294	154	97217	4817454	49.51
1980-1984	24	0.00158	0.00158	0.5	97139	154	97062	4720237	48.59
1980-1984	25	0.00161	0.00161	0.5	96986	156	96908	4623175	47.67
1980-1984	26	0.00161	0.00161	0.5	96830	156	96752	4526267	46.74
1980-1984	27	0.00164	0.00164	0.5	96674	159	96595	4429515	45.82
1980-1984	28	0.00176	0.00176	0.5	96515	170	96430	4332921	44.89
1980-1984	29	0.00168	0.00168	0.5	96346	162	96265	4236490	43.97
1980-1984	30	0.00175	0.00174	0.5	96184	168	96100	4140225	43.04
1980-1984	31	0.00175	0.00175	0.5	96016	168	95932	4044126	42.12
1980-1984	32	0.00182	0.00182	0.5	95848	175	95761	3948194	41.19
1980-1984	33	0.00192	0.00191	0.5	95673	183	95582	3852433	40.27
1980-1984	34	0.00190	0.00190	0.5	95490	181	95400	3756851	39.34
1980-1984	35	0.00199	0.00198	0.5	95309	189	95214	3661451	38.42
1980-1984	36	0.00211	0.00211	0.5	95120	201	95019	3566237	37.49
1980-1984	37	0.00226	0.00226	0.5	94919	214	94812	3471218	36.57
1980-1984	38	0.00245	0.00245	0.5	94705	232	94589	3376406	35.65
1980-1984	39	0.00250	0.00250	0.5	94473	236	94355	3281817	34.74
1980-1984	40	0.00278	0.00278	0.5	94237	262	94106	3187462	33.82
1980-1984	41	0.00312	0.00311	0.5	93975	292	93829	3093356	32.92
1980-1984	42	0.00331	0.00331	0.5	93683	310	93528	2999527	32.02
1980-1984	43	0.00364	0.00364	0.5	93373	340	93203	2905999	31.12
1980-1984	44	0.00395	0.00394	0.5	93033	366	92850	2812796	30.23
1980-1984	45	0.00432	0.00431	0.5	92667	399	92468	2719946	29.35
1980-1984	46	0.00475	0.00474	0.5	92268	437	92049	2627478	28.48
1980-1984	47	0.00539	0.00538	0.5	91830	494	91584	2535429	27.61
1980-1984	48	0.00613	0.00611	0.5	91337	558	91058	2443846	26.76
1980-1984	49	0.00652	0.00650	0.5	90779	590	90484	2352788	25.92
1980-1984	50	0.00713	0.00710	0.5	90189	641	89868	2262304	25.08
1980-1984	51	0.00799	0.00796	0.5	89548	712	89192	2172436	24.26
1980-1984	52	0.00877	0.00873	0.5	88836	776	88448	2083244	23.45
1980-1984	53	0.00941	0.00937	0.5	88060	825	87647	1994797	22.65
1980-1984	54	0.01034	0.01029	0.5	87235	897	86786	1907149	21.86
1980-1984	55	0.01164	0.01158	0.5	86338	999	85838	1820363	21.08
1980-1984	56	0.01262	0.01254	0.5	85338	1070	84803	1734525	20.33
1980-1984	57	0.01361	0.01352	0.5	84268	1139	83699	1649722	19.58
1980-1984	58	0.01513	0.01501	0.5	83129	1248	82505	1566023	18.84
1980-1984	59	0.01615	0.01602	0.5	81881	1312	81225	1483519	18.12
1980-1984	60	0.01793	0.01777	0.5	80569	1432	79853	1402294	17.40
1980-1984	61	0.01924	0.01906	0.5	79137	1508	78383	1322440	16.71
1980-1984	62	0.02227	0.02202	0.5	77629	1710	76774	1244057	16.03
1980-1984	63	0.02334	0.02307	0.5	75919	1751	75044	1167283	15.38
1980-1984	64	0.02509	0.02478	0.5	74168	1838	73249	1092239	14.73
1980-1984	65	0.02758	0.02720	0.5	72330	1967	71347	1018990	14.09
1980-1984	66	0.03049	0.03003	0.5	70363	2113	69306	947643	13.47
1980-1984	67	0.03352	0.03297	0.5	68250	2250	67125	878337	12.87
1980-1984	68	0.03619	0.03555	0.5	66000	2346	64827	811212	12.29
1980-1984	69	0.03945	0.03869	0.5	63654	2463	62422	746385	11.73
1980-1984	70	0.04334	0.04242	0.5	61191	2596	59893	683963	11.18
1980-1984	71	0.04642	0.04536	0.5	58595	2658	57266	624070	10.65
1980-1984	72	0.05125	0.04997	0.5	55937	2795	54539	566804	10.13
1980-1984	73	0.05648	0.05493	0.5	53142	2919	51682	512264	9.64
1980-1984	74	0.06018	0.05842	0.5	50223	2934	48756	460582	9.17
1980-1984	75	0.06504	0.06299	0.5	47289	2979	45800	411826	8.71
1980-1984	76	0.07128	0.06883	0.5	44310	3050	42785	366027	8.26
1980-1984	77	0.07618	0.07338	0.5	41260	3028	39747	323241	7.83
1980-1984	78	0.08251	0.07924	0.5	38233	3029	36718	283495	7.41
1980-1984	79	0.08944	0.08561	0.5	35203	3014	33696	246777	7.01
1980-1984	80	0.09936	0.09466	0.5	32189	3047	30666	213080	6.62
1980-1984	81	0.10708	0.10164	0.5	29142	2962	27661	182414	6.26
1980-1984	82	0.11783	0.11127	0.5	26180	2913	24724	154753	5.91
1980-1984	83	0.12756	0.11992	0.5	23267	2790	21872	130029	5.59
1980-1984	84	0.13752	0.12867	0.5	20477	2635	19160	108157	5.28
1980-1984	85	0.14728	0.13718	0.5	17842	2448	16618	88997	4.99
1980-1984	86	0.16074	0.14879	0.5	15395	2290	14249	72379	4.70
1980-1984	87	0.17631	0.16203	0.5	13104	2123	12043	58129	4.44
1980-1984	88	0.18681	0.17085	0.5	10981	1876	10043	46087	4.20
1980-1984	89	0.20224	0.18367	0.5	9105	1672	8269	36044	3.96
1980-1984	90	0.21642	0.19529	0.5	7433	1451	6707	27775	3.74
1980-1984	91	0.23361	0.20918	0.5	5981	1251	5356	21068	3.52
1980-1984	92	0.25233	0.22406	0.5	4730	1060	4200	15713	3.32
1980-1984	93	0.27402	0.24100	0.5	3670	885	3228	11513	3.14
1980-1984	94	0.29436	0.25659	0.5	2786	715	2428	8285	2.97
1980-1984	95	0.31032	0.26864	0.5	2071	556	1793	5857	2.83
1980-1984	96	0.33083	0.28387	0.5	1515	430	1300	4064	2.68
1980-1984	97	0.35199	0.29931	0.5	1085	325	922	2764	2.55
1980-1984	98	0.37376	0.31491	0.5	760	239	640	1842	2.42
1980-1984	99	0.39605	0.33058	0.5	521	172	435	1202	2.31
1980-1984	100	0.41877	0.34627	0.5	349	121	288	767	2.20
1980-1984	101	0.44185	0.36190	0.5	228	82	187	479	2.10
1980-1984	102	0.46519	0.37740	0.5	145	55	118	292	2.01
1980-1984	103	0.48867	0.39272	0.5	91	36	73	174	1.93
1980-1984	104	0.51221	0.40778	0.5	55	22	44	102	1.85
1980-1984	105	0.53569	0.42252	0.5	33	14	26	58	1.78
1980-1984	106	0.55901	0.43690	0.5	19	8	15	32	1.71
1980-1984	107	0.58208	0.45086	0.5	11	5	8	18	1.66
1980-1984	108	0.60480	0.46437	0.5	6	3	4	9	1.61
1980-1984	109	0.62707	0.47739	0.5	3	1	2	5	1.57
1980-1984	110+	0.64881	1.00000	1.54	2	2	3	3	1.54
1985-1989	0	0.01129	0.01118	0.08	100000	1118	98967	7117864	71.18
1985-1989	1	0.00068	0.00068	0.5	98882	67	98849	7018898	70.98
1985-1989	2	0.00054	0.00053	0.5	98816	53	98789	6920049	70.03
1985-1989	3	0.00042	0.00042	0.5	98763	41	98742	6821259	69.07
1985-1989	4	0.00033	0.00033	0.5	98722	33	98705	6722517	68.10
1985-1989	5	0.00028	0.00028	0.5	98689	28	98675	6623812	67.12
1985-1989	6	0.00026	0.00026	0.5	98661	26	98648	6525137	66.14
1985-1989	7	0.00025	0.00025	0.5	98635	25	98623	6426489	65.15
1985-1989	8	0.00025	0.00025	0.5	98610	25	98598	6327866	64.17
1985-1989	9	0.00023	0.00023	0.5	98586	23	98574	6229268	63.19
1985-1989	10	0.00022	0.00022	0.5	98563	21	98552	6130693	62.20
1985-1989	11	0.00024	0.00024	0.5	98541	23	98530	6032141	61.21
1985-1989	12	0.00025	0.00025	0.5	98518	25	98505	5933612	60.23
1985-1989	13	0.00031	0.00031	0.5	98493	30	98478	5835106	59.24
1985-1989	14	0.00040	0.00040	0.5	98463	40	98443	5736628	58.26
1985-1989	15	0.00053	0.00053	0.5	98423	52	98397	5638185	57.29
1985-1989	16	0.00076	0.00076	0.5	98371	74	98333	5539789	56.32
1985-1989	17	0.00099	0.00099	0.5	98296	98	98247	5441455	55.36
1985-1989	18	0.00123	0.00123	0.5	98199	120	98138	5343208	54.41
1985-1989	19	0.00130	0.00129	0.5	98078	127	98015	5245069	53.48
1985-1989	20	0.00139	0.00139	0.5	97951	136	97883	5147055	52.55
1985-1989	21	0.00145	0.00145	0.5	97815	142	97745	5049171	51.62
1985-1989	22	0.00151	0.00151	0.5	97674	147	97600	4951427	50.69
1985-1989	23	0.00154	0.00154	0.5	97527	150	97451	4853827	49.77
1985-1989	24	0.00158	0.00158	0.5	97376	153	97300	4756375	48.85
1985-1989	25	0.00165	0.00165	0.5	97223	160	97143	4659076	47.92
1985-1989	26	0.00173	0.00173	0.5	97063	168	96979	4561933	47.00
1985-1989	27	0.00180	0.00180	0.5	96895	174	96808	4464954	46.08
1985-1989	28	0.00189	0.00189	0.5	96721	182	96630	4368146	45.16
1985-1989	29	0.00190	0.00190	0.5	96538	183	96447	4271517	44.25
1985-1989	30	0.00219	0.00219	0.5	96355	211	96250	4175070	43.33
1985-1989	31	0.00227	0.00226	0.5	96144	218	96035	4078820	42.42
1985-1989	32	0.00241	0.00241	0.5	95926	231	95811	3982785	41.52
1985-1989	33	0.00255	0.00255	0.5	95695	244	95574	3886974	40.62
1985-1989	34	0.00255	0.00254	0.5	95452	243	95330	3791401	39.72
1985-1989	35	0.00281	0.00281	0.5	95209	267	95075	3696070	38.82
1985-1989	36	0.00292	0.00291	0.5	94941	277	94803	3600995	37.93
1985-1989	37	0.00293	0.00293	0.5	94665	277	94526	3506192	37.04
1985-1989	38	0.00325	0.00324	0.5	94387	306	94234	3411666	36.15
1985-1989	39	0.00303	0.00303	0.5	94081	285	93939	3317431	35.26
1985-1989	40	0.00328	0.00328	0.5	93797	307	93643	3223492	34.37
1985-1989	41	0.00340	0.00339	0.5	93489	317	93331	3129849	33.48
1985-1989	42	0.00369	0.00369	0.5	93172	343	93001	3036519	32.59
1985-1989	43	0.00386	0.00385	0.5	92829	357	92650	2943518	31.71
1985-1989	44	0.00401	0.00400	0.5	92471	370	92286	2850868	30.83
1985-1989	45	0.00450	0.00449	0.5	92101	414	91895	2758582	29.95
1985-1989	46	0.00479	0.00478	0.5	91688	438	91469	2666687	29.08
1985-1989	47	0.00530	0.00528	0.5	91250	482	91008	2575218	28.22
1985-1989	48	0.00583	0.00582	0.5	90767	528	90503	2484210	27.37
1985-1989	49	0.00585	0.00583	0.5	90239	526	89976	2393706	26.53
1985-1989	50	0.00674	0.00672	0.5	89713	603	89412	2303730	25.68
1985-1989	51	0.00739	0.00736	0.5	89110	656	88783	2214318	24.85
1985-1989	52	0.00811	0.00808	0.5	88455	715	88097	2125536	24.03
1985-1989	53	0.00894	0.00890	0.5	87740	781	87350	2037439	23.22
1985-1989	54	0.00939	0.00934	0.5	86959	812	86553	1950089	22.43
1985-1989	55	0.01075	0.01069	0.5	86147	921	85686	1863536	21.63
1985-1989	56	0.01141	0.01134	0.5	85226	967	84743	1777850	20.86
1985-1989	57	0.01227	0.01220	0.5	84259	1028	83745	1693107	20.09
1985-1989	58	0.01434	0.01424	0.5	83232	1185	82639	1609362	19.34
1985-1989	59	0.01491	0.01480	0.5	82046	1214	81439	1526723	18.61
1985-1989	60	0.01699	0.01684	0.5	80832	1362	80151	1445284	17.88
1985-1989	61	0.01849	0.01832	0.5	79471	1456	78743	1365132	17.18
1985-1989	62	0.02051	0.02030	0.5	78014	1584	77223	1286390	16.49
1985-1989	63	0.02212	0.02187	0.5	76431	1672	75595	1209167	15.82
1985-1989	64	0.02300	0.02274	0.5	74759	1700	73909	1133572	15.16
1985-1989	65	0.02618	0.02584	0.5	73059	1888	72115	1059663	14.50
1985-1989	66	0.02750	0.02713	0.5	71171	1931	70206	987548	13.88
1985-1989	67	0.02986	0.02942	0.5	69240	2037	68222	917342	13.25
1985-1989	68	0.03371	0.03315	0.5	67203	2228	66089	849120	12.64
1985-1989	69	0.03572	0.03509	0.5	64975	2280	63835	783031	12.05
1985-1989	70	0.03991	0.03913	0.5	62695	2453	61469	719196	11.47
1985-1989	71	0.04389	0.04295	0.5	60242	2587	58948	657727	10.92
1985-1989	72	0.04929	0.04811	0.5	57655	2774	56268	598779	10.39
1985-1989	73	0.05249	0.05115	0.5	54881	2807	53477	542511	9.89
1985-1989	74	0.05608	0.05455	0.5	52074	2841	50653	489034	9.39
1985-1989	75	0.06001	0.05826	0.5	49233	2868	47799	438380	8.90
1985-1989	76	0.06640	0.06427	0.5	46365	2980	44875	390581	8.42
1985-1989	77	0.07161	0.06913	0.5	43385	2999	41885	345706	7.97
1985-1989	78	0.07767	0.07477	0.5	40386	3020	38876	303821	7.52
1985-1989	79	0.08506	0.08159	0.5	37366	3049	35842	264945	7.09
1985-1989	80	0.09719	0.09269	0.5	34317	3181	32727	229104	6.68
1985-1989	81	0.10538	0.10011	0.5	31136	3117	29578	196377	6.31
1985-1989	82	0.11437	0.10818	0.5	28019	3031	26504	166799	5.95
1985-1989	83	0.12471	0.11739	0.5	24988	2933	23522	140295	5.61
1985-1989	84	0.13617	0.12749	0.5	22055	2812	20649	116773	5.29
1985-1989	85	0.14671	0.13669	0.5	19243	2630	17928	96124	5.00
1985-1989	86	0.15776	0.14623	0.5	16613	2429	15398	78196	4.71
1985-1989	87	0.17500	0.16092	0.5	14184	2282	13042	62798	4.43
1985-1989	88	0.18637	0.17048	0.5	11901	2029	10887	49756	4.18
1985-1989	89	0.20033	0.18209	0.5	9872	1798	8973	38869	3.94
1985-1989	90	0.21870	0.19714	0.5	8075	1592	7279	29896	3.70
1985-1989	91	0.23452	0.20990	0.5	6483	1361	5802	22617	3.49
1985-1989	92	0.25561	0.22664	0.5	5122	1161	4542	16815	3.28
1985-1989	93	0.27931	0.24508	0.5	3961	971	3476	12273	3.10
1985-1989	94	0.29438	0.25661	0.5	2990	767	2607	8797	2.94
1985-1989	95	0.31485	0.27203	0.5	2223	605	1921	6191	2.78
1985-1989	96	0.33626	0.28786	0.5	1618	466	1385	4270	2.64
1985-1989	97	0.35837	0.30391	0.5	1152	350	977	2885	2.50
1985-1989	98	0.38110	0.32010	0.5	802	257	674	1908	2.38
1985-1989	99	0.40436	0.33635	0.5	545	183	454	1234	2.26
1985-1989	100	0.42805	0.35259	0.5	362	128	298	780	2.16
1985-1989	101	0.45208	0.36874	0.5	234	86	191	482	2.06
1985-1989	102	0.47634	0.38471	0.5	148	57	119	291	1.97
1985-1989	103	0.50071	0.40046	0.5	91	36	73	171	1.88
1985-1989	104	0.52508	0.41589	0.5	55	23	43	99	1.81
1985-1989	105	0.54932	0.43096	0.5	32	14	25	55	1.74
1985-1989	106	0.57334	0.44560	0.5	18	8	14	30	1.67
1985-1989	107	0.59701	0.45977	0.5	10	5	8	16	1.62
1985-1989	108	0.62024	0.47342	0.5	5	3	4	9	1.57
1985-1989	109	0.64294	0.48653	0.5	3	1	2	4	1.53
1985-1989	110+	0.66500	1.00000	1.5	1	1	2	2	1.50
1990-1994	0	0.00946	0.00938	0.07	100000	938	99128	7228189	72.28
1990-1994	1	0.00063	0.00063	0.5	99062	63	99030	7129061	71.97
1990-1994	2	0.00045	0.00045	0.5	98999	44	98977	7030030	71.01
1990-1994	3	0.00035	0.00035	0.5	98955	35	98938	6931053	70.04
1990-1994	4	0.00027	0.00027	0.5	98920	27	98907	6832116	69.07
1990-1994	5	0.00022	0.00022	0.5	98893	22	98883	6733209	68.09
1990-1994	6	0.00022	0.00022	0.5	98872	22	98861	6634326	67.10
1990-1994	7	0.00020	0.00020	0.5	98850	20	98840	6535465	66.12
1990-1994	8	0.00021	0.00021	0.5	98830	21	98819	6436626	65.13
1990-1994	9	0.00017	0.00017	0.5	98809	17	98800	6337806	64.14
1990-1994	10	0.00018	0.00018	0.5	98792	18	98783	6239006	63.15
1990-1994	11	0.00024	0.00024	0.5	98774	23	98762	6140224	62.16
1990-1994	12	0.00023	0.00023	0.5	98751	23	98739	6041461	61.18
1990-1994	13	0.00025	0.00025	0.5	98728	25	98715	5942722	60.19
1990-1994	14	0.00041	0.00041	0.5	98703	40	98682	5844007	59.21
1990-1994	15	0.00051	0.00051	0.5	98662	50	98637	5745325	58.23
1990-1994	16	0.00078	0.00078	0.5	98612	77	98573	5646688	57.26
1990-1994	17	0.00099	0.00099	0.5	98535	98	98486	5548114	56.31
1990-1994	18	0.00126	0.00125	0.5	98437	123	98375	5449628	55.36
1990-1994	19	0.00125	0.00125	0.5	98313	123	98252	5351253	54.43
1990-1994	20	0.00133	0.00133	0.5	98191	131	98125	5253001	53.50
1990-1994	21	0.00145	0.00145	0.5	98060	142	97989	5154876	52.57
1990-1994	22	0.00139	0.00139	0.5	97918	136	97850	5056887	51.64
1990-1994	23	0.00146	0.00146	0.5	97782	143	97711	4959036	50.72
1990-1994	24	0.00137	0.00137	0.5	97639	134	97573	4861325	49.79
1990-1994	25	0.00153	0.00153	0.5	97506	149	97431	4763753	48.86
1990-1994	26	0.00160	0.00160	0.5	97356	156	97278	4666322	47.93
1990-1994	27	0.00169	0.00169	0.5	97200	164	97118	4569043	47.01
1990-1994	28	0.00185	0.00185	0.5	97037	179	96947	4471925	46.08
1990-1994	29	0.00182	0.00182	0.5	96857	176	96769	4374978	45.17
1990-1994	30	0.00215	0.00215	0.5	96681	208	96577	4278209	44.25
1990-1994	31	0.00221	0.00221	0.5	96473	213	96366	4181632	43.35
1990-1994	32	0.00229	0.00229	0.5	96260	220	96150	4085266	42.44
1990-1994	33	0.00250	0.00250	0.5	96039	240	95919	3989116	41.54
1990-1994	34	0.00261	0.00261	0.5	95799	250	95674	3893197	40.64
1990-1994	35	0.00278	0.00278	0.5	95550	266	95417	3797522	39.74
1990-1994	36	0.00301	0.00301	0.5	95284	286	95141	3702105	38.85
1990-1994	37	0.00317	0.00317	0.5	94998	301	94847	3606964	37.97
1990-1994	38	0.00350	0.00349	0.5	94697	331	94532	3512117	37.09
1990-1994	39	0.00339	0.00339	0.5	94366	320	94206	3417585	36.22
1990-1994	40	0.00371	0.00370	0.5	94047	348	93873	3323379	35.34
1990-1994	41	0.00386	0.00385	0.5	93699	361	93518	3229506	34.47
1990-1994	42	0.00401	0.00400	0.5	93337	374	93151	3135989	33.60
1990-1994	43	0.00416	0.00415	0.5	92964	386	92771	3042838	32.73
1990-1994	44	0.00419	0.00418	0.5	92578	387	92385	2950067	31.87
1990-1994	45	0.00439	0.00438	0.5	92191	404	91989	2857682	31.00
1990-1994	46	0.00480	0.00479	0.5	91787	440	91567	2765693	30.13
1990-1994	47	0.00507	0.00506	0.5	91347	462	91116	2674126	29.27
1990-1994	48	0.00551	0.00549	0.5	90885	499	90635	2583010	28.42
1990-1994	49	0.00554	0.00552	0.5	90385	499	90136	2492375	27.57
1990-1994	50	0.00623	0.00621	0.5	89886	558	89607	2402239	26.73
1990-1994	51	0.00681	0.00679	0.5	89329	606	89025	2312632	25.89
1990-1994	52	0.00725	0.00723	0.5	88722	641	88402	2223606	25.06
1990-1994	53	0.00784	0.00781	0.5	88081	688	87737	2135205	24.24
1990-1994	54	0.00836	0.00833	0.5	87393	728	87029	2047468	23.43
1990-1994	55	0.00942	0.00938	0.5	86665	813	86259	1960438	22.62
1990-1994	56	0.01018	0.01013	0.5	85852	869	85418	1874180	21.83
1990-1994	57	0.01092	0.01086	0.5	84983	923	84521	1788762	21.05
1990-1994	58	0.01281	0.01272	0.5	84060	1070	83525	1704241	20.27
1990-1994	59	0.01327	0.01318	0.5	82991	1094	82444	1620715	19.53
1990-1994	60	0.01491	0.01480	0.5	81897	1212	81291	1538272	18.78
1990-1994	61	0.01605	0.01592	0.5	80684	1284	80042	1456981	18.06
1990-1994	62	0.01787	0.01771	0.5	79400	1407	78697	1376939	17.34
1990-1994	63	0.01919	0.01901	0.5	77993	1483	77252	1298242	16.65
1990-1994	64	0.02078	0.02057	0.5	76511	1574	75724	1220990	15.96
1990-1994	65	0.02342	0.02315	0.5	74937	1735	74070	1145266	15.28
1990-1994	66	0.02519	0.02488	0.5	73202	1821	72292	1071197	14.63
1990-1994	67	0.02754	0.02716	0.5	71381	1939	70412	998905	13.99
1990-1994	68	0.03048	0.03002	0.5	69442	2085	68400	928493	13.37
1990-1994	69	0.03210	0.03159	0.5	67357	2128	66294	860093	12.77
1990-1994	70	0.03531	0.03470	0.5	65230	2263	64098	793800	12.17
1990-1994	71	0.03826	0.03754	0.5	62966	2364	61785	729702	11.59
1990-1994	72	0.04116	0.04033	0.5	60603	2444	59381	667917	11.02
1990-1994	73	0.04565	0.04463	0.5	58159	2596	56861	608536	10.46
1990-1994	74	0.04956	0.04836	0.5	55563	2687	54219	551676	9.93
1990-1994	75	0.05345	0.05206	0.5	52876	2753	51499	497456	9.41
1990-1994	76	0.06006	0.05831	0.5	50123	2923	48662	445957	8.90
1990-1994	77	0.06448	0.06246	0.5	47201	2948	45726	397295	8.42
1990-1994	78	0.06978	0.06743	0.5	44252	2984	42760	351569	7.94
1990-1994	79	0.07554	0.07279	0.5	41268	3004	39766	308809	7.48
1990-1994	80	0.08816	0.08443	0.5	38264	3231	36649	269042	7.03
1990-1994	81	0.09472	0.09044	0.5	35033	3168	33449	232393	6.63
1990-1994	82	0.10453	0.09934	0.5	31865	3165	30283	198944	6.24
1990-1994	83	0.11422	0.10805	0.5	28700	3101	27149	168662	5.88
1990-1994	84	0.12383	0.11661	0.5	25599	2985	24106	141512	5.53
1990-1994	85	0.13644	0.12773	0.5	22614	2888	21170	117406	5.19
1990-1994	86	0.14982	0.13938	0.5	19725	2749	18351	96237	4.88
1990-1994	87	0.15885	0.14716	0.5	16976	2498	15727	77886	4.59
1990-1994	88	0.17889	0.16420	0.5	14478	2377	13289	62159	4.29
1990-1994	89	0.19136	0.17465	0.5	12101	2113	11044	48870	4.04
1990-1994	90	0.21139	0.19118	0.5	9987	1909	9033	37826	3.79
1990-1994	91	0.22473	0.20203	0.5	8078	1632	7262	28793	3.56
1990-1994	92	0.24718	0.21999	0.5	6446	1418	5737	21532	3.34
1990-1994	93	0.26880	0.23695	0.5	5028	1191	4432	15795	3.14
1990-1994	94	0.29332	0.25580	0.5	3836	981	3346	11363	2.96
1990-1994	95	0.30927	0.26785	0.5	2855	765	2473	8017	2.81
1990-1994	96	0.33184	0.28461	0.5	2090	595	1793	5544	2.65
1990-1994	97	0.35521	0.30163	0.5	1495	451	1270	3751	2.51
1990-1994	98	0.37929	0.31882	0.5	1044	333	878	2481	2.38
1990-1994	99	0.40398	0.33609	0.5	711	239	592	1603	2.25
1990-1994	100	0.42917	0.35334	0.5	472	167	389	1012	2.14
1990-1994	101	0.45473	0.37049	0.5	305	113	249	623	2.04
1990-1994	102	0.48053	0.38744	0.5	192	74	155	374	1.94
1990-1994	103	0.50643	0.40411	0.5	118	48	94	219	1.86
1990-1994	104	0.53230	0.42041	0.5	70	30	55	125	1.78
1990-1994	105	0.55800	0.43628	0.5	41	18	32	70	1.71
1990-1994	106	0.58339	0.45165	0.5	23	10	18	38	1.64
1990-1994	107	0.60835	0.46646	0.5	13	6	10	20	1.59
1990-1994	108	0.63275	0.48067	0.5	7	3	5	10	1.54
1990-1994	109	0.65649	0.49425	0.5	3	2	3	5	1.50
1990-1994	110+	0.67947	1.00000	1.47	2	2	3	3	1.47
1995-1999	0	0.00752	0.00747	0.07	100000	747	99302	7392582	73.93
1995-1999	1	0.00051	0.00051	0.5	99253	50	99228	7293280	73.48
1995-1999	2	0.00036	0.00036	0.5	99203	35	99185	7194052	72.52
1995-1999	3	0.00026	0.00026	0.5	99168	26	99155	7094867	71.54
1995-1999	4	0.00022	0.00022	0.5	99142	21	99131	6995712	70.56
1995-1999	5	0.00020	0.00020	0.5	99120	19	99111	6896581	69.58
1995-1999	6	0.00017	0.00017	0.5	99101	16	99093	6797470	68.59
1995-1999	7	0.00017	0.00017	0.5	99085	17	99076	6698378	67.60
1995-1999	8	0.00016	0.00016	0.5	99068	16	99060	6599301	66.61
1995-1999	9	0.00014	0.00014	0.5	99052	14	99045	6500241	65.62
1995-1999	10	0.00017	0.00017	0.5	99038	17	99030	6401196	64.63
1995-1999	11	0.00017	0.00017	0.5	99022	17	99013	6302166	63.64
1995-1999	12	0.00020	0.00020	0.5	99005	20	98995	6203153	62.66
1995-1999	13	0.00025	0.00025	0.5	98985	25	98972	6104158	61.67
1995-1999	14	0.00030	0.00030	0.5	98960	30	98945	6005186	60.68
1995-1999	15	0.00037	0.00037	0.5	98930	37	98912	5906240	59.70
1995-1999	16	0.00059	0.00059	0.5	98893	59	98864	5807329	58.72
1995-1999	17	0.00081	0.00081	0.5	98834	80	98794	5708465	57.76
1995-1999	18	0.00100	0.00100	0.5	98754	99	98704	5609670	56.80
1995-1999	19	0.00112	0.00112	0.5	98655	111	98600	5510966	55.86
1995-1999	20	0.00116	0.00116	0.5	98544	114	98487	5412366	54.92
1995-1999	21	0.00129	0.00128	0.5	98430	126	98367	5313879	53.99
1995-1999	22	0.00125	0.00125	0.5	98303	123	98242	5215513	53.06
1995-1999	23	0.00124	0.00124	0.5	98181	121	98120	5117271	52.12
1995-1999	24	0.00119	0.00118	0.5	98060	116	98001	5019150	51.18
1995-1999	25	0.00117	0.00117	0.5	97943	114	97886	4921149	50.24
1995-1999	26	0.00120	0.00119	0.5	97829	117	97770	4823263	49.30
1995-1999	27	0.00125	0.00125	0.5	97712	122	97651	4725492	48.36
1995-1999	28	0.00130	0.00130	0.5	97590	127	97526	4627841	47.42
1995-1999	29	0.00136	0.00136	0.5	97463	132	97396	4530315	46.48
1995-1999	30	0.00146	0.00146	0.5	97330	142	97259	4432919	45.55
1995-1999	31	0.00164	0.00164	0.5	97188	159	97109	4335659	44.61
1995-1999	32	0.00173	0.00173	0.5	97029	168	96945	4238551	43.68
1995-1999	33	0.00181	0.00181	0.5	96861	175	96774	4141606	42.76
1995-1999	34	0.00190	0.00190	0.5	96686	184	96594	4044832	41.83
1995-1999	35	0.00198	0.00198	0.5	96502	191	96407	3948238	40.91
1995-1999	36	0.00215	0.00215	0.5	96312	207	96208	3851831	39.99
1995-1999	37	0.00227	0.00226	0.5	96105	218	95996	3755622	39.08
1995-1999	38	0.00249	0.00249	0.5	95887	239	95768	3659626	38.17
1995-1999	39	0.00254	0.00254	0.5	95649	243	95527	3563858	37.26
1995-1999	40	0.00281	0.00280	0.5	95406	268	95272	3468331	36.35
1995-1999	41	0.00315	0.00314	0.5	95138	299	94989	3373059	35.45
1995-1999	42	0.00317	0.00317	0.5	94839	300	94689	3278070	34.56
1995-1999	43	0.00348	0.00348	0.5	94539	329	94374	3183381	33.67
1995-1999	44	0.00374	0.00373	0.5	94210	352	94034	3089007	32.79
1995-1999	45	0.00395	0.00394	0.5	93858	370	93674	2994972	31.91
1995-1999	46	0.00427	0.00426	0.5	93489	398	93290	2901299	31.03
1995-1999	47	0.00448	0.00447	0.5	93091	416	92883	2808009	30.16
1995-1999	48	0.00500	0.00498	0.5	92675	462	92444	2715127	29.30
1995-1999	49	0.00501	0.00500	0.5	92213	461	91982	2622683	28.44
1995-1999	50	0.00524	0.00523	0.5	91752	480	91512	2530701	27.58
1995-1999	51	0.00587	0.00585	0.5	91272	534	91005	2439189	26.72
1995-1999	52	0.00620	0.00618	0.5	90737	561	90457	2348185	25.88
1995-1999	53	0.00707	0.00705	0.5	90176	635	89859	2257728	25.04
1995-1999	54	0.00744	0.00741	0.5	89541	663	89209	2167869	24.21
1995-1999	55	0.00821	0.00818	0.5	88877	727	88514	2078660	23.39
1995-1999	56	0.00903	0.00899	0.5	88151	793	87754	1990146	22.58
1995-1999	57	0.00961	0.00956	0.5	87358	836	86940	1902392	21.78
1995-1999	58	0.01091	0.01085	0.5	86522	939	86053	1815452	20.98
1995-1999	59	0.01173	0.01166	0.5	85583	998	85084	1729399	20.21
1995-1999	60	0.01271	0.01263	0.5	84586	1068	84051	1644314	19.44
1995-1999	61	0.01423	0.01413	0.5	83517	1180	82927	1560263	18.68
1995-1999	62	0.01570	0.01558	0.5	82337	1283	81696	1477336	17.94
1995-1999	63	0.01710	0.01696	0.5	81054	1374	80367	1395640	17.22
1995-1999	64	0.01877	0.01859	0.5	79680	1482	78939	1315273	16.51
1995-1999	65	0.02085	0.02064	0.5	78198	1614	77391	1236334	15.81
1995-1999	66	0.02238	0.02214	0.5	76584	1695	75737	1158943	15.13
1995-1999	67	0.02404	0.02376	0.5	74889	1779	74000	1083206	14.46
1995-1999	68	0.02709	0.02673	0.5	73110	1954	72133	1009206	13.80
1995-1999	69	0.02943	0.02900	0.5	71156	2063	70124	937073	13.17
1995-1999	70	0.03238	0.03186	0.5	69092	2202	67992	866949	12.55
1995-1999	71	0.03620	0.03556	0.5	66891	2378	65702	798958	11.94
1995-1999	72	0.03879	0.03805	0.5	64512	2455	63285	733256	11.37
1995-1999	73	0.04103	0.04020	0.5	62058	2495	60810	669971	10.80
1995-1999	74	0.04478	0.04380	0.5	59563	2609	58258	609160	10.23
1995-1999	75	0.04857	0.04742	0.5	56954	2701	55604	550902	9.67
1995-1999	76	0.05363	0.05223	0.5	54253	2834	52836	495298	9.13
1995-1999	77	0.05919	0.05749	0.5	51419	2956	49941	442462	8.60
1995-1999	78	0.06537	0.06330	0.5	48463	3068	46929	392521	8.10
1995-1999	79	0.07148	0.06901	0.5	45395	3133	43829	345591	7.61
1995-1999	80	0.08224	0.07899	0.5	42263	3339	40593	301762	7.14
1995-1999	81	0.09025	0.08635	0.5	38924	3361	37244	261169	6.71
1995-1999	82	0.09981	0.09507	0.5	35563	3381	33872	223925	6.30
1995-1999	83	0.11046	0.10468	0.5	32182	3369	30498	190053	5.91
1995-1999	84	0.12031	0.11348	0.5	28813	3270	27178	159555	5.54
1995-1999	85	0.13294	0.12466	0.5	25543	3184	23951	132377	5.18
1995-1999	86	0.14770	0.13754	0.5	22359	3075	20822	108425	4.85
1995-1999	87	0.15942	0.14765	0.5	19284	2847	17860	87604	4.54
1995-1999	88	0.17514	0.16104	0.5	16437	2647	15113	69743	4.24
1995-1999	89	0.19459	0.17734	0.5	13790	2445	12567	54630	3.96
1995-1999	90	0.21223	0.19187	0.5	11344	2177	10256	42063	3.71
1995-1999	91	0.23221	0.20805	0.5	9168	1907	8214	31807	3.47
1995-1999	92	0.25297	0.22457	0.5	7260	1630	6445	23593	3.25
1995-1999	93	0.27995	0.24557	0.5	5630	1383	4939	17148	3.05
1995-1999	94	0.29700	0.25860	0.5	4247	1098	3698	12209	2.87
1995-1999	95	0.32110	0.27668	0.5	3149	871	2713	8511	2.70
1995-1999	96	0.34594	0.29493	0.5	2278	672	1942	5797	2.55
1995-1999	97	0.37165	0.31341	0.5	1606	503	1354	3856	2.40
1995-1999	98	0.39811	0.33202	0.5	1103	366	920	2501	2.27
1995-1999	99	0.42518	0.35064	0.5	737	258	607	1582	2.15
1995-1999	100	0.45271	0.36915	0.5	478	177	390	974	2.04
1995-1999	101	0.48053	0.38744	0.5	302	117	243	584	1.94
1995-1999	102	0.50847	0.40540	0.5	185	75	147	341	1.84
1995-1999	103	0.53635	0.42293	0.5	110	46	87	194	1.76
1995-1999	104	0.56401	0.43995	0.5	63	28	49	107	1.69
1995-1999	105	0.59128	0.45636	0.5	36	16	27	57	1.62
1995-1999	106	0.61800	0.47212	0.5	19	9	15	30	1.56
1995-1999	107	0.64402	0.48715	0.5	10	5	8	15	1.50
1995-1999	108	0.66922	0.50144	0.5	5	3	4	8	1.46
1995-1999	109	0.69349	0.51494	0.5	3	1	2	4	1.42
1995-1999	110+	0.71673	1.00000	1.4	1	1	2	2	1.40
2000-2004	0	0.00692	0.00687	0.06	100000	687	99356	7522468	75.22
2000-2004	1	0.00041	0.00041	0.5	99313	41	99292	7423111	74.74
2000-2004	2	0.00030	0.00030	0.5	99272	29	99257	7323819	73.78
2000-2004	3	0.00019	0.00019	0.5	99243	19	99233	7224562	72.80
2000-2004	4	0.00018	0.00018	0.5	99224	18	99215	7125329	71.81
2000-2004	5	0.00016	0.00016	0.5	99206	16	99198	7026114	70.82
2000-2004	6	0.00013	0.00013	0.5	99190	13	99184	6926916	69.83
2000-2004	7	0.00013	0.00013	0.5	99177	13	99171	6827732	68.84
2000-2004	8	0.00013	0.00013	0.5	99164	13	99158	6728561	67.85
2000-2004	9	0.00012	0.00012	0.5	99151	12	99145	6629403	66.86
2000-2004	10	0.00013	0.00013	0.5	99139	13	99132	6530259	65.87
2000-2004	11	0.00014	0.00014	0.5	99125	14	99118	6431127	64.88
2000-2004	12	0.00015	0.00015	0.5	99111	15	99104	6332008	63.89
2000-2004	13	0.00020	0.00020	0.5	99096	19	99086	6232904	62.90
2000-2004	14	0.00024	0.00024	0.5	99077	24	99065	6133818	61.91
2000-2004	15	0.00031	0.00031	0.5	99053	31	99038	6034753	60.92
2000-2004	16	0.00053	0.00053	0.5	99022	52	98996	5935715	59.94
2000-2004	17	0.00074	0.00074	0.5	98970	73	98933	5836720	58.97
2000-2004	18	0.00094	0.00094	0.5	98896	93	98850	5737787	58.02
2000-2004	19	0.00108	0.00108	0.5	98803	107	98750	5638937	57.07
2000-2004	20	0.00114	0.00114	0.5	98696	113	98640	5540187	56.13
2000-2004	21	0.00124	0.00124	0.5	98583	122	98523	5441547	55.20
2000-2004	22	0.00128	0.00128	0.5	98462	126	98398	5343025	54.27
2000-2004	23	0.00128	0.00128	0.5	98335	125	98273	5244627	53.33
2000-2004	24	0.00126	0.00126	0.5	98210	124	98148	5146354	52.40
2000-2004	25	0.00116	0.00116	0.5	98086	114	98029	5048206	51.47
2000-2004	26	0.00122	0.00122	0.5	97972	119	97913	4950177	50.53
2000-2004	27	0.00120	0.00120	0.5	97853	118	97794	4852264	49.59
2000-2004	28	0.00117	0.00117	0.5	97735	114	97678	4754470	48.65
2000-2004	29	0.00128	0.00127	0.5	97621	124	97558	4656792	47.70
2000-2004	30	0.00126	0.00126	0.5	97496	122	97435	4559234	46.76
2000-2004	31	0.00125	0.00125	0.5	97374	122	97313	4461799	45.82
2000-2004	32	0.00131	0.00131	0.5	97252	127	97189	4364486	44.88
2000-2004	33	0.00139	0.00139	0.5	97125	135	97058	4267297	43.94
2000-2004	34	0.00149	0.00149	0.5	96990	144	96918	4170240	43.00
2000-2004	35	0.00161	0.00161	0.5	96846	156	96768	4073322	42.06
2000-2004	36	0.00175	0.00175	0.5	96690	169	96605	3976554	41.13
2000-2004	37	0.00186	0.00186	0.5	96521	179	96431	3879949	40.20
2000-2004	38	0.00202	0.00202	0.5	96341	195	96244	3783518	39.27
2000-2004	39	0.00209	0.00209	0.5	96146	201	96046	3687274	38.35
2000-2004	40	0.00232	0.00231	0.5	95945	222	95834	3591228	37.43
2000-2004	41	0.00249	0.00249	0.5	95723	239	95604	3495394	36.52
2000-2004	42	0.00272	0.00271	0.5	95485	259	95355	3399789	35.61
2000-2004	43	0.00297	0.00296	0.5	95226	282	95085	3304434	34.70
2000-2004	44	0.00327	0.00326	0.5	94944	310	94789	3209350	33.80
2000-2004	45	0.00341	0.00340	0.5	94634	322	94473	3114561	32.91
2000-2004	46	0.00383	0.00382	0.5	94312	360	94132	3020088	32.02
2000-2004	47	0.00414	0.00413	0.5	93951	388	93758	2925956	31.14
2000-2004	48	0.00457	0.00456	0.5	93564	426	93350	2832199	30.27
2000-2004	49	0.00484	0.00483	0.5	93137	449	92912	2738848	29.41
2000-2004	50	0.00527	0.00525	0.5	92688	487	92444	2645936	28.55
2000-2004	51	0.00552	0.00550	0.5	92201	507	91947	2553491	27.69
2000-2004	52	0.00589	0.00587	0.5	91694	539	91424	2461544	26.85
2000-2004	53	0.00644	0.00642	0.5	91155	585	90863	2370120	26.00
2000-2004	54	0.00685	0.00682	0.5	90570	618	90261	2279257	25.17
2000-2004	55	0.00743	0.00740	0.5	89952	666	89619	2188996	24.34
2000-2004	56	0.00793	0.00790	0.5	89286	706	88933	2099377	23.51
2000-2004	57	0.00884	0.00881	0.5	88581	780	88191	2010444	22.70
2000-2004	58	0.00964	0.00960	0.5	87801	843	87379	1922253	21.89
2000-2004	59	0.01050	0.01044	0.5	86958	908	86504	1834874	21.10
2000-2004	60	0.01150	0.01144	0.5	86050	984	85558	1748370	20.32
2000-2004	61	0.01250	0.01242	0.5	85066	1057	84537	1662812	19.55
2000-2004	62	0.01361	0.01352	0.5	84009	1136	83441	1578275	18.79
2000-2004	63	0.01484	0.01473	0.5	82873	1221	82263	1494834	18.04
2000-2004	64	0.01627	0.01614	0.5	81653	1318	80994	1412571	17.30
2000-2004	65	0.01776	0.01761	0.5	80335	1414	79628	1331577	16.58
2000-2004	66	0.01918	0.01900	0.5	78920	1499	78171	1251949	15.86
2000-2004	67	0.02128	0.02106	0.5	77421	1631	76606	1173778	15.16
2000-2004	68	0.02318	0.02291	0.5	75791	1737	74922	1097172	14.48
2000-2004	69	0.02555	0.02523	0.5	74054	1868	73120	1022250	13.80
2000-2004	70	0.02781	0.02742	0.5	72186	1980	71196	949130	13.15
2000-2004	71	0.03088	0.03041	0.5	70206	2135	69139	877933	12.51
2000-2004	72	0.03323	0.03269	0.5	68071	2225	66959	808795	11.88
2000-2004	73	0.03681	0.03614	0.5	65846	2380	64656	741836	11.27
2000-2004	74	0.04043	0.03963	0.5	63466	2515	62209	677180	10.67
2000-2004	75	0.04504	0.04405	0.5	60951	2685	59609	614972	10.09
2000-2004	76	0.04899	0.04782	0.5	58266	2786	56873	555363	9.53
2000-2004	77	0.05318	0.05180	0.5	55480	2874	54043	498490	8.99
2000-2004	78	0.05820	0.05656	0.5	52606	2975	51119	444447	8.45
2000-2004	79	0.06484	0.06280	0.5	49631	3117	48072	393328	7.93
2000-2004	80	0.07436	0.07169	0.5	46514	3335	44847	345256	7.42
2000-2004	81	0.08203	0.07879	0.5	43179	3402	41478	300409	6.96
2000-2004	82	0.09135	0.08736	0.5	39777	3475	38040	258931	6.51
2000-2004	83	0.10098	0.09613	0.5	36302	3490	34557	220891	6.08
2000-2004	84	0.11275	0.10673	0.5	32813	3502	31061	186334	5.68
2000-2004	85	0.12407	0.11683	0.5	29310	3424	27598	155273	5.30
2000-2004	86	0.14058	0.13134	0.5	25886	3400	24186	127674	4.93
2000-2004	87	0.15270	0.14187	0.5	22486	3190	20891	103488	4.60
2000-2004	88	0.17016	0.15681	0.5	19296	3026	17783	82597	4.28
2000-2004	89	0.19095	0.17431	0.5	16270	2836	14852	64814	3.98
2000-2004	90	0.20701	0.18759	0.5	13434	2520	12174	49962	3.72
2000-2004	91	0.22622	0.20324	0.5	10914	2218	9805	37788	3.46
2000-2004	92	0.25386	0.22527	0.5	8696	1959	7716	27983	3.22
2000-2004	93	0.27524	0.24194	0.5	6737	1630	5922	20267	3.01
2000-2004	94	0.30818	0.26703	0.5	5107	1364	4425	14345	2.81
2000-2004	95	0.32568	0.28007	0.5	3743	1048	3219	9920	2.65
2000-2004	96	0.35277	0.29988	0.5	2695	808	2291	6700	2.49
2000-2004	97	0.38084	0.31992	0.5	1887	604	1585	4410	2.34
2000-2004	98	0.40973	0.34007	0.5	1283	436	1065	2825	2.20
2000-2004	99	0.43926	0.36016	0.5	847	305	694	1760	2.08
2000-2004	100	0.46922	0.38006	0.5	542	206	439	1065	1.97
2000-2004	101	0.49941	0.39962	0.5	336	134	269	627	1.87
2000-2004	102	0.52960	0.41872	0.5	202	84	159	358	1.77
2000-2004	103	0.55958	0.43724	0.5	117	51	92	198	1.69
2000-2004	104	0.58913	0.45508	0.5	66	30	51	107	1.62
2000-2004	105	0.61805	0.47214	0.5	36	17	27	56	1.55
2000-2004	106	0.64615	0.48837	0.5	19	9	14	28	1.49
2000-2004	107	0.67328	0.50371	0.5	10	5	7	14	1.44
2000-2004	108	0.69930	0.51814	0.5	5	2	4	7	1.40
2000-2004	109	0.72410	0.53162	0.5	2	1	2	3	1.36
2000-2004	110+	0.74759	1.00000	1.34	1	1	1	1	1.34
2005-2009	0	0.00669	0.00665	0.06	100000	665	99377	7653611	76.54
2005-2009	1	0.00038	0.00038	0.5	99335	38	99316	7554234	76.05
2005-2009	2	0.00025	0.00025	0.5	99297	25	99285	7454918	75.08
2005-2009	3	0.00019	0.00019	0.5	99273	19	99263	7355633	74.10
2005-2009	4	0.00016	0.00016	0.5	99253	15	99246	7256370	73.11
2005-2009	5	0.00015	0.00015	0.5	99238	15	99231	7157124	72.12
2005-2009	6	0.00013	0.00013	0.5	99223	13	99217	7057894	71.13
2005-2009	7	0.00011	0.00011	0.5	99210	11	99205	6958677	70.14
2005-2009	8	0.00011	0.00011	0.5	99199	10	99194	6859472	69.15
2005-2009	9	0.00011	0.00011	0.5	99189	11	99183	6760278	68.16
2005-2009	10	0.00013	0.00013	0.5	99178	12	99171	6661095	67.16
2005-2009	11	0.00012	0.00012	0.5	99165	12	99159	6561923	66.17
2005-2009	12	0.00012	0.00012	0.5	99153	12	99147	6462764	65.18
2005-2009	13	0.00017	0.00017	0.5	99142	17	99133	6363617	64.19
2005-2009	14	0.00021	0.00021	0.5	99125	21	99114	6264484	63.20
2005-2009	15	0.00029	0.00029	0.5	99104	29	99089	6165369	62.21
2005-2009	16	0.00043	0.00043	0.5	99075	43	99054	6066280	61.23
2005-2009	17	0.00060	0.00060	0.5	99032	60	99002	5967226	60.26
2005-2009	18	0.00081	0.00081	0.5	98973	81	98932	5868224	59.29
2005-2009	19	0.00097	0.00097	0.5	98892	96	98844	5769292	58.34
2005-2009	20	0.00102	0.00102	0.5	98796	101	98745	5670448	57.40
2005-2009	21	0.00124	0.00124	0.5	98695	123	98633	5571703	56.45
2005-2009	22	0.00123	0.00123	0.5	98572	121	98511	5473069	55.52
2005-2009	23	0.00126	0.00126	0.5	98451	124	98389	5374558	54.59
2005-2009	24	0.00129	0.00129	0.5	98327	127	98263	5276169	53.66
2005-2009	25	0.00123	0.00123	0.5	98199	120	98139	5177906	52.73
2005-2009	26	0.00122	0.00122	0.5	98079	120	98019	5079767	51.79
2005-2009	27	0.00125	0.00125	0.5	97959	122	97898	4981748	50.86
2005-2009	28	0.00125	0.00125	0.5	97837	122	97776	4883850	49.92
2005-2009	29	0.00125	0.00125	0.5	97715	122	97654	4786074	48.98
2005-2009	30	0.00120	0.00120	0.5	97593	117	97535	4688420	48.04
2005-2009	31	0.00122	0.00122	0.5	97476	119	97416	4590885	47.10
2005-2009	32	0.00125	0.00125	0.5	97357	121	97296	4493469	46.15
2005-2009	33	0.00133	0.00133	0.5	97236	129	97171	4396173	45.21
2005-2009	34	0.00133	0.00133	0.5	97106	129	97042	4299002	44.27
2005-2009	35	0.00138	0.00138	0.5	96977	134	96911	4201960	43.33
2005-2009	36	0.00145	0.00145	0.5	96844	141	96773	4105049	42.39
2005-2009	37	0.00162	0.00162	0.5	96703	157	96625	4008276	41.45
2005-2009	38	0.00172	0.00172	0.5	96547	166	96464	3911651	40.52
2005-2009	39	0.00183	0.00183	0.5	96381	176	96293	3815187	39.58
2005-2009	40	0.00205	0.00205	0.5	96205	197	96106	3718894	38.66
2005-2009	41	0.00217	0.00217	0.5	96008	208	95904	3622788	37.73
2005-2009	42	0.00248	0.00248	0.5	95800	237	95681	3526885	36.82
2005-2009	43	0.00259	0.00259	0.5	95563	248	95439	3431203	35.91
2005-2009	44	0.00285	0.00285	0.5	95315	272	95179	3335765	35.00
2005-2009	45	0.00313	0.00312	0.5	95043	297	94895	3240585	34.10
2005-2009	46	0.00338	0.00337	0.5	94747	320	94587	3145690	33.20
2005-2009	47	0.00360	0.00359	0.5	94427	339	94258	3051103	32.31
2005-2009	48	0.00399	0.00398	0.5	94088	375	93901	2956846	31.43
2005-2009	49	0.00436	0.00435	0.5	93713	408	93509	2862945	30.55
2005-2009	50	0.00482	0.00481	0.5	93305	448	93081	2769436	29.68
2005-2009	51	0.00517	0.00516	0.5	92857	479	92617	2676355	28.82
2005-2009	52	0.00569	0.00567	0.5	92378	524	92116	2583737	27.97
2005-2009	53	0.00610	0.00608	0.5	91854	558	91575	2491621	27.13
2005-2009	54	0.00645	0.00643	0.5	91296	587	91002	2400046	26.29
2005-2009	55	0.00715	0.00712	0.5	90709	646	90386	2309044	25.46
2005-2009	56	0.00746	0.00744	0.5	90063	670	89728	2218659	24.63
2005-2009	57	0.00809	0.00806	0.5	89393	721	89033	2128931	23.82
2005-2009	58	0.00900	0.00896	0.5	88672	795	88275	2039898	23.00
2005-2009	59	0.00935	0.00931	0.5	87878	818	87469	1951623	22.21
2005-2009	60	0.01028	0.01023	0.5	87060	891	86614	1864155	21.41
2005-2009	61	0.01083	0.01077	0.5	86169	928	85705	1777541	20.63
2005-2009	62	0.01198	0.01191	0.5	85241	1015	84733	1691836	19.85
2005-2009	63	0.01346	0.01337	0.5	84226	1126	83663	1607102	19.08
2005-2009	64	0.01454	0.01444	0.5	83100	1200	82500	1523439	18.33
2005-2009	65	0.01561	0.01549	0.5	81900	1268	81266	1440940	17.59
2005-2009	66	0.01672	0.01658	0.5	80632	1337	79963	1359674	16.86
2005-2009	67	0.01821	0.01804	0.5	79295	1431	78579	1279710	16.14
2005-2009	68	0.01995	0.01976	0.5	77864	1538	77095	1201131	15.43
2005-2009	69	0.02185	0.02162	0.5	76326	1650	75501	1124036	14.73
2005-2009	70	0.02428	0.02399	0.5	74676	1792	73780	1048536	14.04
2005-2009	71	0.02591	0.02558	0.5	72884	1865	71952	974756	13.37
2005-2009	72	0.02882	0.02841	0.5	71019	2018	70011	902804	12.71
2005-2009	73	0.03172	0.03122	0.5	69002	2154	67925	832793	12.07
2005-2009	74	0.03411	0.03353	0.5	66847	2242	65727	764869	11.44
2005-2009	75	0.03824	0.03752	0.5	64606	2424	63394	699142	10.82
2005-2009	76	0.04168	0.04083	0.5	62182	2539	60912	635749	10.22
2005-2009	77	0.04620	0.04516	0.5	59643	2693	58296	574836	9.64
2005-2009	78	0.05147	0.05018	0.5	56949	2858	55521	516540	9.07
2005-2009	79	0.05703	0.05545	0.5	54092	3000	52592	461019	8.52
2005-2009	80	0.06379	0.06181	0.5	51092	3158	49513	408427	7.99
2005-2009	81	0.07101	0.06857	0.5	47934	3287	46291	358914	7.49
2005-2009	82	0.07952	0.07648	0.5	44647	3414	42940	312624	7.00
2005-2009	83	0.08767	0.08399	0.5	41233	3463	39501	269684	6.54
2005-2009	84	0.09747	0.09294	0.5	37769	3510	36014	230183	6.09
2005-2009	85	0.10994	0.10422	0.5	34259	3570	32474	194169	5.67
2005-2009	86	0.12247	0.11540	0.5	30689	3542	28918	161695	5.27
2005-2009	87	0.13741	0.12857	0.5	27147	3490	25402	132777	4.89
2005-2009	88	0.15351	0.14257	0.5	23657	3373	21970	107375	4.54
2005-2009	89	0.17177	0.15818	0.5	20284	3209	18680	85404	4.21
2005-2009	90	0.19173	0.17495	0.5	17075	2987	15582	66725	3.91
2005-2009	91	0.21135	0.19115	0.5	14088	2693	12742	51143	3.63
2005-2009	92	0.23493	0.21024	0.5	11395	2396	10197	38401	3.37
2005-2009	93	0.26124	0.23106	0.5	8999	2079	7960	28204	3.13
2005-2009	94	0.29062	0.25375	0.5	6920	1756	6042	20244	2.93
2005-2009	95	0.30841	0.26721	0.5	5164	1380	4474	14202	2.75
2005-2009	96	0.33615	0.28778	0.5	3784	1089	3240	9728	2.57
2005-2009	97	0.36506	0.30871	0.5	2695	832	2279	6488	2.41
2005-2009	98	0.39497	0.32983	0.5	1863	615	1556	4209	2.26
2005-2009	99	0.42570	0.35099	0.5	1249	438	1030	2653	2.12
2005-2009	100	0.45700	0.37200	0.5	810	301	660	1624	2.00
2005-2009	101	0.48866	0.39271	0.5	509	200	409	964	1.89
2005-2009	102	0.52040	0.41295	0.5	309	128	245	555	1.80
2005-2009	103	0.55198	0.43259	0.5	181	78	142	310	1.71
2005-2009	104	0.58315	0.45150	0.5	103	46	80	168	1.63
2005-2009	105	0.61366	0.46958	0.5	56	27	43	88	1.56
2005-2009	106	0.64331	0.48674	0.5	30	15	23	45	1.50
2005-2009	107	0.67190	0.50294	0.5	15	8	12	22	1.44
2005-2009	108	0.69927	0.51812	0.5	8	4	6	11	1.40
2005-2009	109	0.72529	0.53226	0.5	4	2	3	5	1.36
2005-2009	110+	0.74986	1.00000	1.33	2	2	2	2	1.33
2010-2014	0	0.00569	0.00566	0.06	100000	566	99468	7749323	77.49
2010-2014	1	0.00033	0.00033	0.5	99434	33	99417	7649855	76.93
2010-2014	2	0.00022	0.00022	0.5	99400	22	99389	7550439	75.96
2010-2014	3	0.00017	0.00017	0.5	99378	17	99370	7451049	74.98
2010-2014	4	0.00015	0.00015	0.5	99361	15	99354	7351680	73.99
2010-2014	5	0.00011	0.00011	0.5	99347	11	99341	7252326	73.00
2010-2014	6	0.00011	0.00011	0.5	99336	11	99330	7152984	72.01
2010-2014	7	0.00011	0.00011	0.5	99325	11	99319	7053654	71.02
2010-2014	8	0.00011	0.00011	0.5	99314	11	99308	6954335	70.02
2010-2014	9	0.00011	0.00011	0.5	99303	11	99297	6855027	69.03
2010-2014	10	0.00010	0.00010	0.5	99292	10	99287	6755729	68.04
2010-2014	11	0.00010	0.00010	0.5	99282	10	99277	6656443	67.05
2010-2014	12	0.00012	0.00012	0.5	99272	12	99265	6557166	66.05
2010-2014	13	0.00014	0.00014	0.5	99259	14	99253	6457901	65.06
2010-2014	14	0.00020	0.00020	0.5	99246	20	99236	6358648	64.07
2010-2014	15	0.00023	0.00023	0.5	99226	23	99215	6259412	63.08
2010-2014	16	0.00034	0.00034	0.5	99203	34	99186	6160197	62.10
2010-2014	17	0.00050	0.00050	0.5	99169	50	99144	6061011	61.12
2010-2014	18	0.00070	0.00070	0.5	99120	69	99085	5961867	60.15
2010-2014	19	0.00081	0.00081	0.5	99050	80	99010	5862782	59.19
2010-2014	20	0.00093	0.00093	0.5	98970	92	98925	5763772	58.24
2010-2014	21	0.00112	0.00111	0.5	98879	110	98824	5664847	57.29
2010-2014	22	0.00121	0.00121	0.5	98768	120	98709	5566024	56.35
2010-2014	23	0.00122	0.00122	0.5	98649	121	98589	5467315	55.42
2010-2014	24	0.00128	0.00128	0.5	98528	126	98465	5368726	54.49
2010-2014	25	0.00121	0.00121	0.5	98403	119	98343	5270261	53.56
2010-2014	26	0.00125	0.00125	0.5	98283	123	98222	5171918	52.62
2010-2014	27	0.00125	0.00125	0.5	98161	122	98099	5073696	51.69
2010-2014	28	0.00129	0.00129	0.5	98038	126	97975	4975597	50.75
2010-2014	29	0.00130	0.00130	0.5	97912	127	97849	4877622	49.82
2010-2014	30	0.00128	0.00128	0.5	97785	125	97723	4779773	48.88
2010-2014	31	0.00134	0.00133	0.5	97660	130	97595	4682050	47.94
2010-2014	32	0.00140	0.00140	0.5	97530	136	97462	4584455	47.01
2010-2014	33	0.00140	0.00140	0.5	97394	136	97326	4486993	46.07
2010-2014	34	0.00140	0.00140	0.5	97258	136	97190	4389667	45.13
2010-2014	35	0.00143	0.00143	0.5	97121	139	97052	4292478	44.20
2010-2014	36	0.00151	0.00151	0.5	96983	146	96910	4195426	43.26
2010-2014	37	0.00152	0.00151	0.5	96837	147	96763	4098516	42.32
2010-2014	38	0.00158	0.00158	0.5	96690	153	96613	4001753	41.39
2010-2014	39	0.00170	0.00170	0.5	96537	164	96455	3905139	40.45
2010-2014	40	0.00183	0.00183	0.5	96373	176	96285	3808684	39.52
2010-2014	41	0.00198	0.00198	0.5	96197	191	96102	3712399	38.59
2010-2014	42	0.00217	0.00216	0.5	96006	208	95902	3616298	37.67
2010-2014	43	0.00234	0.00234	0.5	95799	224	95687	3520395	36.75
2010-2014	44	0.00253	0.00252	0.5	95575	241	95454	3424708	35.83
2010-2014	45	0.00277	0.00277	0.5	95334	264	95202	3329254	34.92
2010-2014	46	0.00312	0.00311	0.5	95070	296	94922	3234053	34.02
2010-2014	47	0.00343	0.00342	0.5	94774	325	94612	3139131	33.12
2010-2014	48	0.00370	0.00370	0.5	94449	349	94275	3044519	32.23
2010-2014	49	0.00407	0.00407	0.5	94100	383	93909	2950245	31.35
2010-2014	50	0.00450	0.00449	0.5	93718	421	93507	2856336	30.48
2010-2014	51	0.00486	0.00484	0.5	93297	452	93071	2762829	29.61
2010-2014	52	0.00528	0.00527	0.5	92845	489	92600	2669758	28.76
2010-2014	53	0.00578	0.00577	0.5	92356	533	92089	2577158	27.90
2010-2014	54	0.00612	0.00611	0.5	91823	561	91543	2485068	27.06
2010-2014	55	0.00666	0.00664	0.5	91262	606	90960	2393526	26.23
2010-2014	56	0.00730	0.00727	0.5	90657	659	90327	2302566	25.40
2010-2014	57	0.00773	0.00770	0.5	89997	693	89651	2212239	24.58
2010-2014	58	0.00861	0.00857	0.5	89305	766	88922	2122588	23.77
2010-2014	59	0.00909	0.00904	0.5	88539	801	88139	2033666	22.97
2010-2014	60	0.00992	0.00987	0.5	87738	866	87305	1945527	22.17
2010-2014	61	0.01058	0.01053	0.5	86872	914	86415	1858222	21.39
2010-2014	62	0.01127	0.01120	0.5	85958	963	85476	1771807	20.61
2010-2014	63	0.01237	0.01229	0.5	84995	1045	84472	1686331	19.84
2010-2014	64	0.01328	0.01319	0.5	83950	1107	83396	1601858	19.08
2010-2014	65	0.01406	0.01396	0.5	82843	1156	82265	1518462	18.33
2010-2014	66	0.01527	0.01515	0.5	81686	1238	81067	1436197	17.58
2010-2014	67	0.01673	0.01659	0.5	80448	1335	79781	1355130	16.84
2010-2014	68	0.01845	0.01829	0.5	79114	1447	78390	1275349	16.12
2010-2014	69	0.02000	0.01981	0.5	77667	1538	76898	1196958	15.41
2010-2014	70	0.02185	0.02161	0.5	76129	1645	75306	1120061	14.71
2010-2014	71	0.02427	0.02398	0.5	74483	1786	73590	1044755	14.03
2010-2014	72	0.02590	0.02557	0.5	72697	1859	71768	971164	13.36
2010-2014	73	0.02829	0.02790	0.5	70839	1976	69851	899396	12.70
2010-2014	74	0.03107	0.03059	0.5	68862	2107	67809	829545	12.05
2010-2014	75	0.03416	0.03359	0.5	66756	2242	65635	761736	11.41
2010-2014	76	0.03763	0.03694	0.5	64513	2383	63322	696102	10.79
2010-2014	77	0.04213	0.04126	0.5	62131	2564	60849	632780	10.18
2010-2014	78	0.04629	0.04525	0.5	59567	2695	58219	571931	9.60
2010-2014	79	0.05068	0.04943	0.5	56872	2811	55466	513712	9.03
2010-2014	80	0.05578	0.05427	0.5	54061	2934	52594	458245	8.48
2010-2014	81	0.06328	0.06134	0.5	51127	3136	49559	405652	7.93
2010-2014	82	0.07087	0.06844	0.5	47991	3285	46348	356093	7.42
2010-2014	83	0.07921	0.07619	0.5	44706	3406	43003	309744	6.93
2010-2014	84	0.08828	0.08455	0.5	41300	3492	39554	266741	6.46
2010-2014	85	0.09848	0.09385	0.5	37808	3548	36034	227187	6.01
2010-2014	86	0.10984	0.10412	0.5	34260	3567	32476	191153	5.58
2010-2014	87	0.12482	0.11749	0.5	30692	3606	28889	158677	5.17
2010-2014	88	0.14013	0.13095	0.5	27086	3547	25313	129788	4.79
2010-2014	89	0.15646	0.14511	0.5	23539	3416	21832	104475	4.44
2010-2014	90	0.17761	0.16312	0.5	20124	3283	18482	82643	4.11
2010-2014	91	0.19575	0.17830	0.5	16841	3003	15340	64161	3.81
2010-2014	92	0.21944	0.19774	0.5	13838	2736	12470	48821	3.53
2010-2014	93	0.24643	0.21940	0.5	11102	2436	9884	36351	3.27
2010-2014	94	0.27088	0.23857	0.5	8666	2067	7632	26467	3.05
2010-2014	95	0.29245	0.25514	0.5	6599	1684	5757	18835	2.85
2010-2014	96	0.32028	0.27607	0.5	4915	1357	4237	13078	2.66
2010-2014	97	0.34946	0.29748	0.5	3558	1058	3029	8841	2.48
2010-2014	98	0.37981	0.31919	0.5	2500	798	2101	5812	2.33
2010-2014	99	0.41112	0.34102	0.5	1702	580	1412	3712	2.18
2010-2014	100	0.44318	0.36279	0.5	1121	407	918	2300	2.05
2010-2014	101	0.47572	0.38431	0.5	715	275	577	1382	1.93
2010-2014	102	0.50846	0.40540	0.5	440	178	351	805	1.83
2010-2014	103	0.54113	0.42590	0.5	262	111	206	454	1.73
2010-2014	104	0.57345	0.44567	0.5	150	67	117	248	1.65
2010-2014	105	0.60516	0.46458	0.5	83	39	64	131	1.58
2010-2014	106	0.63600	0.48255	0.5	45	22	34	67	1.51
2010-2014	107	0.66577	0.49949	0.5	23	12	17	34	1.45
2010-2014	108	0.69427	0.51537	0.5	12	6	9	16	1.40
2010-2014	109	0.72136	0.53014	0.5	6	3	4	8	1.36
2010-2014	110+	0.74692	1.00000	1.34	3	3	4	4	1.34
2015-2017	0	0.00522	0.00520	0.06	100000	520	99511	7740546	77.41
2015-2017	1	0.00028	0.00028	0.5	99480	28	99466	7641035	76.81
2015-2017	2	0.00021	0.00021	0.5	99452	21	99442	7541568	75.83
2015-2017	3	0.00016	0.00016	0.5	99431	16	99423	7442126	74.85
2015-2017	4	0.00013	0.00013	0.5	99415	13	99409	7342703	73.86
2015-2017	5	0.00011	0.00011	0.5	99402	11	99397	7243295	72.87
2015-2017	6	0.00010	0.00010	0.5	99391	10	99386	7143898	71.88
2015-2017	7	0.00011	0.00011	0.5	99381	10	99376	7044512	70.88
2015-2017	8	0.00011	0.00011	0.5	99370	11	99365	6945137	69.89
2015-2017	9	0.00010	0.00010	0.5	99359	10	99354	6845772	68.90
2015-2017	10	0.00011	0.00011	0.5	99350	11	99344	6746417	67.91
2015-2017	11	0.00009	0.00009	0.5	99338	9	99334	6647073	66.91
2015-2017	12	0.00012	0.00012	0.5	99329	11	99323	6547740	65.92
2015-2017	13	0.00017	0.00017	0.5	99318	17	99309	6448416	64.93
2015-2017	14	0.00018	0.00018	0.5	99301	18	99292	6349107	63.94
2015-2017	15	0.00024	0.00024	0.5	99283	24	99271	6249815	62.95
2015-2017	16	0.00036	0.00036	0.5	99259	36	99241	6150544	61.96
2015-2017	17	0.00043	0.00043	0.5	99223	43	99202	6051303	60.99
2015-2017	18	0.00062	0.00062	0.5	99181	61	99150	5952101	60.01
2015-2017	19	0.00081	0.00081	0.5	99119	80	99079	5852951	59.05
2015-2017	20	0.00096	0.00096	0.5	99039	95	98992	5753872	58.10
2015-2017	21	0.00113	0.00113	0.5	98944	111	98888	5654881	57.15
2015-2017	22	0.00130	0.00130	0.5	98833	128	98769	5555992	56.22
2015-2017	23	0.00140	0.00140	0.5	98704	138	98636	5457224	55.29
2015-2017	24	0.00151	0.00150	0.5	98567	148	98493	5358588	54.37
2015-2017	25	0.00156	0.00156	0.5	98418	154	98342	5260096	53.45
2015-2017	26	0.00163	0.00163	0.5	98265	160	98185	5161754	52.53
2015-2017	27	0.00164	0.00163	0.5	98105	160	98025	5063569	51.61
2015-2017	28	0.00173	0.00173	0.5	97945	169	97860	4965544	50.70
2015-2017	29	0.00172	0.00172	0.5	97775	168	97691	4867685	49.78
2015-2017	30	0.00174	0.00174	0.5	97607	169	97522	4769994	48.87
2015-2017	31	0.00185	0.00185	0.5	97438	180	97348	4672472	47.95
2015-2017	32	0.00185	0.00185	0.5	97258	180	97168	4575124	47.04
2015-2017	33	0.00197	0.00197	0.5	97078	191	96982	4477956	46.13
2015-2017	34	0.00199	0.00199	0.5	96886	193	96790	4380975	45.22
2015-2017	35	0.00202	0.00202	0.5	96693	195	96596	4284185	44.31
2015-2017	36	0.00201	0.00201	0.5	96498	194	96401	4187589	43.40
2015-2017	37	0.00210	0.00210	0.5	96305	202	96203	4091188	42.48
2015-2017	38	0.00213	0.00213	0.5	96102	205	96000	3994984	41.57
2015-2017	39	0.00224	0.00223	0.5	95898	214	95791	3898985	40.66
2015-2017	40	0.00221	0.00220	0.5	95683	211	95578	3803194	39.75
2015-2017	41	0.00233	0.00233	0.5	95473	222	95362	3707616	38.83
2015-2017	42	0.00230	0.00229	0.5	95250	219	95141	3612254	37.92
2015-2017	43	0.00248	0.00248	0.5	95032	236	94914	3517113	37.01
2015-2017	44	0.00274	0.00273	0.5	94796	259	94667	3422199	36.10
2015-2017	45	0.00288	0.00288	0.5	94537	272	94401	3327533	35.20
2015-2017	46	0.00316	0.00315	0.5	94265	297	94116	3233132	34.30
2015-2017	47	0.00342	0.00341	0.5	93968	320	93807	3139015	33.41
2015-2017	48	0.00358	0.00358	0.5	93647	335	93480	3045208	32.52
2015-2017	49	0.00403	0.00402	0.5	93312	375	93125	2951728	31.63
2015-2017	50	0.00453	0.00452	0.5	92937	420	92727	2858604	30.76
2015-2017	51	0.00488	0.00486	0.5	92517	450	92292	2765876	29.90
2015-2017	52	0.00533	0.00532	0.5	92067	490	91823	2673584	29.04
2015-2017	53	0.00567	0.00565	0.5	91578	517	91319	2581762	28.19
2015-2017	54	0.00642	0.00640	0.5	91060	583	90769	2490443	27.35
2015-2017	55	0.00684	0.00681	0.5	90478	617	90170	2399673	26.52
2015-2017	56	0.00708	0.00706	0.5	89861	634	89544	2309504	25.70
2015-2017	57	0.00796	0.00793	0.5	89227	707	88873	2219960	24.88
2015-2017	58	0.00831	0.00828	0.5	88520	733	88153	2131086	24.07
2015-2017	59	0.00914	0.00910	0.5	87787	799	87387	2042933	23.27
2015-2017	60	0.00977	0.00972	0.5	86988	846	86565	1955546	22.48
2015-2017	61	0.01044	0.01038	0.5	86142	894	85695	1868980	21.70
2015-2017	62	0.01147	0.01140	0.5	85248	972	84762	1783285	20.92
2015-2017	63	0.01246	0.01238	0.5	84276	1044	83754	1698524	20.15
2015-2017	64	0.01329	0.01320	0.5	83232	1098	82683	1614770	19.40
2015-2017	65	0.01431	0.01421	0.5	82134	1167	81550	1532087	18.65
2015-2017	66	0.01510	0.01498	0.5	80966	1213	80360	1450537	17.92
2015-2017	67	0.01597	0.01584	0.5	79753	1264	79121	1370177	17.18
2015-2017	68	0.01781	0.01765	0.5	78490	1386	77797	1291056	16.45
2015-2017	69	0.01931	0.01913	0.5	77104	1475	76367	1213259	15.74
2015-2017	70	0.02081	0.02060	0.5	75629	1558	74850	1136892	15.03
2015-2017	71	0.02234	0.02209	0.5	74071	1636	73253	1062042	14.34
2015-2017	72	0.02542	0.02510	0.5	72435	1818	71526	988789	13.65
2015-2017	73	0.02749	0.02711	0.5	70617	1915	69659	917263	12.99
2015-2017	74	0.03042	0.02996	0.5	68702	2058	67673	847603	12.34
2015-2017	75	0.03295	0.03242	0.5	66644	2160	65564	779930	11.70
2015-2017	76	0.03635	0.03570	0.5	64483	2302	63332	714367	11.08
2015-2017	77	0.04019	0.03940	0.5	62181	2450	60956	651034	10.47
2015-2017	78	0.04440	0.04343	0.5	59732	2594	58434	590078	9.88
2015-2017	79	0.04900	0.04783	0.5	57137	2733	55771	531643	9.30
2015-2017	80	0.05547	0.05397	0.5	54404	2936	52936	475873	8.75
2015-2017	81	0.06024	0.05848	0.5	51468	3010	49963	422936	8.22
2015-2017	82	0.06753	0.06533	0.5	48458	3166	46876	372973	7.70
2015-2017	83	0.07469	0.07200	0.5	45293	3261	43662	326097	7.20
2015-2017	84	0.08241	0.07915	0.5	42032	3327	40368	282435	6.72
2015-2017	85	0.09124	0.08726	0.5	38705	3378	37016	242067	6.25
2015-2017	86	0.10302	0.09798	0.5	35327	3461	33597	205051	5.80
2015-2017	87	0.11764	0.11110	0.5	31866	3540	30096	171454	5.38
2015-2017	88	0.13028	0.12231	0.5	28326	3465	26594	141358	4.99
2015-2017	89	0.14797	0.13777	0.5	24861	3425	23149	114765	4.62
2015-2017	90	0.16642	0.15364	0.5	21436	3293	19789	91616	4.27
2015-2017	91	0.18505	0.16938	0.5	18143	3073	16606	71827	3.96
2015-2017	92	0.21258	0.19216	0.5	15070	2896	13622	55221	3.66
2015-2017	93	0.23154	0.20751	0.5	12174	2526	10911	41599	3.42
2015-2017	94	0.25756	0.22818	0.5	9648	2201	8547	30688	3.18
2015-2017	95	0.27762	0.24378	0.5	7446	1815	6539	22141	2.97
2015-2017	96	0.30440	0.26419	0.5	5631	1488	4887	15603	2.77
2015-2017	97	0.33258	0.28516	0.5	4143	1182	3553	10715	2.59
2015-2017	98	0.36200	0.30652	0.5	2962	908	2508	7163	2.42
2015-2017	99	0.39250	0.32811	0.5	2054	674	1717	4655	2.27
2015-2017	100	0.42386	0.34974	0.5	1380	483	1139	2938	2.13
2015-2017	101	0.45585	0.37124	0.5	897	333	731	1799	2.01
2015-2017	102	0.48820	0.39241	0.5	564	221	454	1068	1.89
2015-2017	103	0.52066	0.41311	0.5	343	142	272	615	1.79
2015-2017	104	0.55294	0.43318	0.5	201	87	158	343	1.70
2015-2017	105	0.58478	0.45248	0.5	114	52	88	185	1.62
2015-2017	106	0.61592	0.47090	0.5	62	29	48	97	1.55
2015-2017	107	0.64615	0.48837	0.5	33	16	25	49	1.49
2015-2017	108	0.67525	0.50481	0.5	17	9	13	24	1.44
2015-2017	109	0.70306	0.52019	0.5	8	4	6	12	1.40
2015-2017	110+	0.72944	1.00000	1.37	4	4	6	6	1.37
