MN: Minnesota, Lifetables (period 5x5), Males Last modified: 3 Dec 2019, MPv5 (May07) 

Year     	Age	mx	qx	ax	lx	dx	Lx	Tx	ex
1960-1964	0	0.02436	0.02385	0.11	100000	2385	97878	6898463	68.98
1960-1964	1-4	0.00094	0.00377	1.68	97615	368	389607	6800584	69.67
1960-1964	5-9	0.00048	0.00241	2.37	97247	234	485621	6410978	65.92
1960-1964	10-14	0.00053	0.00265	2.68	97013	257	484468	5925356	61.08
1960-1964	15-19	0.00122	0.00607	2.85	96756	588	482516	5440888	56.23
1960-1964	20-24	0.00175	0.00871	2.42	96168	838	478682	4958373	51.56
1960-1964	25-29	0.00145	0.00725	2.43	95330	691	474878	4479691	46.99
1960-1964	30-34	0.00157	0.00780	2.62	94639	738	471440	4004813	42.32
1960-1964	35-39	0.00227	0.01129	2.67	93901	1060	467039	3533373	37.63
1960-1964	40-44	0.00351	0.01742	2.73	92841	1617	460540	3066333	33.03
1960-1964	45-49	0.00594	0.02931	2.66	91224	2673	449867	2605793	28.56
1960-1964	50-54	0.00986	0.04818	2.68	88550	4267	432843	2155926	24.35
1960-1964	55-59	0.01530	0.07385	2.66	84284	6224	406843	1723083	20.44
1960-1964	60-64	0.02299	0.10910	2.66	78060	8517	370398	1316240	16.86
1960-1964	65-69	0.03468	0.15989	2.56	69543	11119	320631	945842	13.60
1960-1964	70-74	0.05324	0.23569	2.57	58424	13770	258615	625211	10.70
1960-1964	75-79	0.08074	0.33593	2.5	44654	15000	185780	366596	8.21
1960-1964	80-84	0.12745	0.47991	2.43	29653	14231	111658	180815	6.10
1960-1964	85-89	0.19400	0.63336	2.26	15423	9768	50350	69157	4.48
1960-1964	90-94	0.27895	0.77064	2.1	5655	4358	15621	18807	3.33
1960-1964	95-99	0.39489	0.87771	1.84	1297	1138	2883	3186	2.46
1960-1964	100-104	0.51733	0.93805	1.6	159	149	288	303	1.91
1960-1964	105-109	0.63853	0.96849	1.4	10	10	15	15	1.56
1960-1964	110+	0.73118	1.00000	1.37	0	0	0	0	1.37
1965-1969	0	0.02148	0.02108	0.1	100000	2108	98109	6911051	69.11
1965-1969	1-4	0.00085	0.00339	1.64	97892	332	390786	6812942	69.60
1965-1969	5-9	0.00047	0.00237	2.4	97561	231	487202	6422156	65.83
1965-1969	10-14	0.00052	0.00260	2.78	97329	253	486086	5934954	60.98
1965-1969	15-19	0.00156	0.00776	2.88	97076	754	483787	5448868	56.13
1965-1969	20-24	0.00169	0.00843	2.45	96322	812	479543	4965081	51.55
1965-1969	25-29	0.00147	0.00733	2.49	95510	700	475793	4485538	46.96
1965-1969	30-34	0.00157	0.00783	2.57	94810	742	472248	4009745	42.29
1965-1969	35-39	0.00219	0.01089	2.74	94067	1024	468026	3537497	37.61
1965-1969	40-44	0.00353	0.01753	2.75	93043	1631	461543	3069471	32.99
1965-1969	45-49	0.00572	0.02823	2.67	91412	2580	451046	2607928	28.53
1965-1969	50-54	0.00993	0.04853	2.65	88832	4311	434046	2156882	24.28
1965-1969	55-59	0.01589	0.07661	2.68	84521	6475	407591	1722837	20.38
1965-1969	60-64	0.02422	0.11453	2.63	78046	8939	369020	1315245	16.85
1965-1969	65-69	0.03567	0.16423	2.59	69108	11349	318175	946225	13.69
1965-1969	70-74	0.05211	0.23133	2.58	57758	13361	256416	628050	10.87
1965-1969	75-79	0.08003	0.33407	2.53	44397	14832	185327	371634	8.37
1965-1969	80-84	0.12178	0.46412	2.44	29565	13722	112682	186306	6.30
1965-1969	85-89	0.18437	0.61387	2.28	15844	9726	52752	73624	4.65
1965-1969	90-94	0.27159	0.75970	2.1	6118	4648	17112	20872	3.41
1965-1969	95-99	0.37778	0.86540	1.87	1470	1272	3368	3760	2.56
1965-1969	100-104	0.49755	0.93071	1.64	198	184	370	392	1.98
1965-1969	105-109	0.61829	0.96465	1.43	14	13	21	22	1.61
1965-1969	110+	0.71192	1.00000	1.4	0	0	1	1	1.40
1970-1974	0	0.01850	0.01819	0.09	100000	1819	98353	6992808	69.93
1970-1974	1-4	0.00076	0.00305	1.67	98181	300	392025	6894455	70.22
1970-1974	5-9	0.00047	0.00234	2.37	97881	229	488804	6502430	66.43
1970-1974	10-14	0.00045	0.00223	2.78	97652	218	487775	6013627	61.58
1970-1974	15-19	0.00147	0.00734	2.89	97434	715	485661	5525851	56.71
1970-1974	20-24	0.00206	0.01026	2.42	96719	993	481037	5040190	52.11
1970-1974	25-29	0.00137	0.00681	2.38	95727	652	476929	4559153	47.63
1970-1974	30-34	0.00141	0.00701	2.61	95075	667	473779	4082224	42.94
1970-1974	35-39	0.00199	0.00991	2.6	94408	936	469796	3608445	38.22
1970-1974	40-44	0.00318	0.01579	2.66	93472	1476	463908	3138649	33.58
1970-1974	45-49	0.00556	0.02742	2.64	91996	2523	454026	2674742	29.07
1970-1974	50-54	0.00869	0.04258	2.7	89473	3809	438592	2220716	24.82
1970-1974	55-59	0.01475	0.07125	2.64	85664	6104	413930	1782124	20.80
1970-1974	60-64	0.02290	0.10867	2.65	79560	8645	377523	1368194	17.20
1970-1974	65-69	0.03447	0.15921	2.6	70915	11291	327499	990672	13.97
1970-1974	70-74	0.05073	0.22565	2.55	59624	13454	265210	663173	11.12
1970-1974	75-79	0.07771	0.32530	2.5	46170	15019	193279	397962	8.62
1970-1974	80-84	0.11466	0.44383	2.46	31151	13826	120580	204683	6.57
1970-1974	85-89	0.17446	0.59294	2.3	17325	10273	58883	84103	4.85
1970-1974	90-94	0.25610	0.73881	2.14	7052	5210	20345	25220	3.58
1970-1974	95-99	0.36363	0.85454	1.9	1842	1574	4329	4875	2.65
1970-1974	100-104	0.48293	0.92489	1.66	268	248	513	546	2.04
1970-1974	105-109	0.60485	0.96192	1.46	20	19	32	33	1.64
1970-1974	110+	0.70020	1.00000	1.43	1	1	1	1	1.43
1975-1979	0	0.01379	0.01362	0.08	100000	1362	98750	7165815	71.66
1975-1979	1-4	0.00065	0.00259	1.64	98638	255	393950	7067066	71.65
1975-1979	5-9	0.00036	0.00181	2.4	98383	178	491450	6673115	67.83
1975-1979	10-14	0.00039	0.00194	2.87	98205	191	490616	6181666	62.95
1975-1979	15-19	0.00143	0.00713	2.97	98014	698	488649	5691050	58.06
1975-1979	20-24	0.00170	0.00845	2.34	97315	822	484389	5202401	53.46
1975-1979	25-29	0.00132	0.00658	2.43	96493	635	480833	4718012	48.89
1975-1979	30-34	0.00125	0.00622	2.51	95858	596	477807	4237179	44.20
1975-1979	35-39	0.00163	0.00814	2.64	95261	775	474478	3759373	39.46
1975-1979	40-44	0.00265	0.01318	2.72	94486	1245	469591	3284894	34.77
1975-1979	45-49	0.00465	0.02300	2.66	93241	2145	461190	2815304	30.19
1975-1979	50-54	0.00796	0.03909	2.68	91096	3561	447228	2354114	25.84
1975-1979	55-59	0.01231	0.05987	2.7	87535	5241	425600	1906886	21.78
1975-1979	60-64	0.02073	0.09886	2.67	82294	8136	392538	1481285	18.00
1975-1979	65-69	0.03111	0.14471	2.59	74158	10731	344932	1088747	14.68
1975-1979	70-74	0.04649	0.20908	2.6	63427	13261	285270	743815	11.73
1975-1979	75-79	0.07037	0.29983	2.53	50166	15041	213741	458546	9.14
1975-1979	80-84	0.10565	0.41676	2.47	35125	14639	138556	244805	6.97
1975-1979	85-89	0.15898	0.56005	2.36	20486	11473	72167	106249	5.19
1975-1979	90-94	0.24028	0.71350	2.15	9013	6431	26763	34082	3.78
1975-1979	95-99	0.33681	0.83117	1.95	2582	2146	6372	7319	2.83
1975-1979	100-104	0.45159	0.91042	1.72	436	397	879	947	2.17
1975-1979	105-109	0.57219	0.95420	1.51	39	37	65	68	1.74
1975-1979	110+	0.66844	1.00000	1.5	2	2	3	3	1.50
1980-1984	0	0.01072	0.01062	0.07	100000	1062	99016	7304608	73.05
1980-1984	1-4	0.00057	0.00228	1.66	98938	225	395226	7205592	72.83
1980-1984	5-9	0.00025	0.00127	2.44	98713	125	493245	6810366	68.99
1980-1984	10-14	0.00031	0.00154	2.84	98588	152	492611	6317121	64.08
1980-1984	15-19	0.00101	0.00505	2.99	98436	497	491182	5824510	59.17
1980-1984	20-24	0.00145	0.00723	2.39	97939	708	487847	5333329	54.46
1980-1984	25-29	0.00117	0.00581	2.45	97230	565	484710	4845481	49.83
1980-1984	30-34	0.00117	0.00585	2.5	96665	566	481913	4360772	45.11
1980-1984	35-39	0.00154	0.00767	2.7	96099	737	478803	3878859	40.36
1980-1984	40-44	0.00226	0.01122	2.72	95363	1070	474374	3400056	35.65
1980-1984	45-49	0.00382	0.01896	2.75	94293	1787	467441	2925683	31.03
1980-1984	50-54	0.00686	0.03374	2.61	92505	3121	455073	2458242	26.57
1980-1984	55-59	0.01115	0.05435	2.69	89384	4858	435709	2003169	22.41
1980-1984	60-64	0.01811	0.08682	2.64	84526	7338	405320	1567459	18.54
1980-1984	65-69	0.02914	0.13623	2.62	77188	10515	360890	1162140	15.06
1980-1984	70-74	0.04433	0.20018	2.58	66672	13347	301074	801250	12.02
1980-1984	75-79	0.06719	0.28838	2.55	53326	15378	228885	500175	9.38
1980-1984	80-84	0.10170	0.40453	2.47	37948	15351	150949	271290	7.15
1980-1984	85-89	0.15519	0.55048	2.36	22597	12439	80155	120342	5.33
1980-1984	90-94	0.22664	0.69428	2.21	10158	7052	31117	40187	3.96
1980-1984	95-99	0.32564	0.82037	1.98	3105	2548	7823	9070	2.92
1980-1984	100-104	0.43806	0.90333	1.75	558	504	1150	1246	2.23
1980-1984	105-109	0.55756	0.95024	1.53	54	51	92	96	1.78
1980-1984	110+	0.65371	1.00000	1.53	3	3	4	4	1.53
1985-1989	0	0.00941	0.00933	0.07	100000	933	99133	7396251	73.96
1985-1989	1-4	0.00044	0.00176	1.68	99067	174	395866	7297118	73.66
1985-1989	5-9	0.00026	0.00127	2.4	98893	126	494138	6901252	69.78
1985-1989	10-14	0.00031	0.00155	2.94	98767	153	493520	6407113	64.87
1985-1989	15-19	0.00103	0.00513	2.92	98614	505	492019	5913593	59.97
1985-1989	20-24	0.00119	0.00593	2.42	98109	582	489040	5421574	55.26
1985-1989	25-29	0.00112	0.00560	2.59	97526	546	486317	4932535	50.58
1985-1989	30-34	0.00113	0.00562	2.5	96981	545	483542	4446218	45.85
1985-1989	35-39	0.00149	0.00741	2.55	96436	715	480427	3962675	41.09
1985-1989	40-44	0.00206	0.01027	2.7	95721	983	476339	3482249	36.38
1985-1989	45-49	0.00349	0.01731	2.67	94738	1640	469860	3005910	31.73
1985-1989	50-54	0.00590	0.02910	2.68	93098	2709	459206	2536050	27.24
1985-1989	55-59	0.01008	0.04923	2.68	90388	4450	441624	2076844	22.98
1985-1989	60-64	0.01663	0.08004	2.67	85938	6879	413695	1635220	19.03
1985-1989	65-69	0.02585	0.12177	2.63	79059	9627	372494	1221524	15.45
1985-1989	70-74	0.04205	0.19103	2.61	69432	13264	315403	849031	12.23
1985-1989	75-79	0.06395	0.27645	2.55	56168	15527	242790	533628	9.50
1985-1989	80-84	0.09992	0.39828	2.45	40641	16186	161998	290838	7.16
1985-1989	85-89	0.15546	0.55221	2.38	24454	13504	86863	128840	5.27
1985-1989	90-94	0.23516	0.70811	2.19	10950	7754	32974	41977	3.83
1985-1989	95-99	0.33874	0.83357	1.95	3196	2664	7865	9003	2.82
1985-1989	100-104	0.45890	0.91445	1.71	532	486	1060	1137	2.14
1985-1989	105-109	0.58459	0.95754	1.49	46	44	75	77	1.70
1985-1989	110+	0.68414	1.00000	1.46	2	2	3	3	1.46
1990-1994	0	0.00837	0.00831	0.07	100000	831	99225	7482649	74.83
1990-1994	1-4	0.00036	0.00143	1.6	99169	141	396337	7383424	74.45
1990-1994	5-9	0.00019	0.00093	2.13	99028	92	494874	6987087	70.56
1990-1994	10-14	0.00026	0.00132	2.9	98935	130	494403	6492213	65.62
1990-1994	15-19	0.00088	0.00441	2.96	98805	436	493136	5997810	60.70
1990-1994	20-24	0.00128	0.00640	2.47	98369	629	490254	5504674	55.96
1990-1994	25-29	0.00113	0.00563	2.55	97740	550	487352	5014420	51.30
1990-1994	30-34	0.00134	0.00668	2.55	97190	649	484358	4527068	46.58
1990-1994	35-39	0.00167	0.00830	2.57	96541	801	480761	4042709	41.88
1990-1994	40-44	0.00223	0.01109	2.59	95740	1062	476136	3561948	37.20
1990-1994	45-49	0.00330	0.01640	2.7	94678	1553	469820	3085813	32.59
1990-1994	50-54	0.00532	0.02627	2.71	93125	2446	460028	2615993	28.09
1990-1994	55-59	0.00848	0.04158	2.71	90679	3771	444741	2155965	23.78
1990-1994	60-64	0.01461	0.07064	2.68	86908	6139	420295	1711224	19.69
1990-1994	65-69	0.02368	0.11218	2.65	80769	9061	382588	1290929	15.98
1990-1994	70-74	0.03807	0.17449	2.62	71708	12512	328701	908341	12.67
1990-1994	75-79	0.05985	0.26135	2.58	59196	15471	258491	579640	9.79
1990-1994	80-84	0.09527	0.38470	2.5	43725	16821	176567	321149	7.34
1990-1994	85-89	0.15045	0.54036	2.39	26904	14538	96632	144582	5.37
1990-1994	90-94	0.23042	0.70058	2.2	12366	8664	37599	47950	3.88
1990-1994	95-99	0.34117	0.83646	1.95	3703	3097	9078	10351	2.80
1990-1994	100-104	0.46718	0.91879	1.7	606	556	1191	1273	2.10
1990-1994	105-109	0.59823	0.96092	1.47	49	47	79	82	1.66
1990-1994	110+	0.70099	1.00000	1.43	2	2	3	3	1.43
1995-1999	0	0.00706	0.00702	0.06	100000	702	99343	7573180	75.73
1995-1999	1-4	0.00033	0.00130	1.64	99298	130	396887	7473837	75.27
1995-1999	5-9	0.00019	0.00095	2.38	99169	94	495596	7076950	71.36
1995-1999	10-14	0.00024	0.00121	2.95	99074	119	495127	6581354	66.43
1995-1999	15-19	0.00081	0.00405	2.97	98955	401	493960	6086228	61.51
1995-1999	20-24	0.00104	0.00517	2.45	98554	509	491471	5592268	56.74
1995-1999	25-29	0.00095	0.00473	2.39	98045	464	489013	5100797	52.03
1995-1999	30-34	0.00112	0.00559	2.56	97581	545	486570	4611783	47.26
1995-1999	35-39	0.00155	0.00773	2.57	97035	750	483353	4125213	42.51
1995-1999	40-44	0.00210	0.01043	2.7	96285	1004	479114	3641860	37.82
1995-1999	45-49	0.00323	0.01602	2.68	95281	1527	472858	3162746	33.19
1995-1999	50-54	0.00489	0.02416	2.66	93754	2265	463463	2689888	28.69
1995-1999	55-59	0.00789	0.03873	2.71	91489	3544	449328	2226425	24.34
1995-1999	60-64	0.01322	0.06413	2.67	87945	5640	426591	1777097	20.21
1995-1999	65-69	0.02134	0.10160	2.66	82305	8362	391954	1350506	16.41
1995-1999	70-74	0.03583	0.16498	2.6	73943	12199	340485	958552	12.96
1995-1999	75-79	0.05481	0.24203	2.59	61744	14944	272646	618067	10.01
1995-1999	80-84	0.09210	0.37481	2.52	46800	17541	190453	345421	7.38
1995-1999	85-89	0.15160	0.54199	2.37	29259	15858	104603	154969	5.30
1995-1999	90-94	0.23798	0.71582	2.22	13401	9593	40309	50366	3.76
1995-1999	95-99	0.36306	0.85636	1.92	3808	3261	8983	10057	2.64
1995-1999	100-104	0.50195	0.93394	1.64	547	511	1018	1074	1.96
1995-1999	105-109	0.64170	0.96976	1.4	36	35	55	56	1.55
1995-1999	110+	0.74725	1.00000	1.34	1	1	1	1	1.34
2000-2004	0	0.00602	0.00598	0.06	100000	598	99438	7690708	76.91
2000-2004	1-4	0.00030	0.00118	1.57	99402	118	397320	7591270	76.37
2000-2004	5-9	0.00015	0.00073	2.16	99284	73	496212	7193950	72.46
2000-2004	10-14	0.00020	0.00100	2.83	99211	100	495839	6697738	67.51
2000-2004	15-19	0.00074	0.00370	2.9	99112	367	494786	6201898	62.57
2000-2004	20-24	0.00111	0.00552	2.46	98745	545	492342	5707112	57.80
2000-2004	25-29	0.00097	0.00485	2.52	98200	476	489816	5214770	53.10
2000-2004	30-34	0.00103	0.00514	2.57	97724	502	487397	4724954	48.35
2000-2004	35-39	0.00135	0.00671	2.62	97221	653	484551	4237557	43.59
2000-2004	40-44	0.00199	0.00991	2.56	96569	957	480507	3753006	38.86
2000-2004	45-49	0.00315	0.01564	2.66	95612	1495	474552	3272499	34.23
2000-2004	50-54	0.00461	0.02282	2.65	94116	2148	465524	2797947	29.73
2000-2004	55-59	0.00707	0.03480	2.72	91968	3200	452547	2332423	25.36
2000-2004	60-64	0.01154	0.05618	2.67	88768	4987	432237	1879875	21.18
2000-2004	65-69	0.01849	0.08860	2.65	83781	7423	401486	1447638	17.28
2000-2004	70-74	0.03023	0.14122	2.67	76358	10783	356690	1046153	13.70
2000-2004	75-79	0.04895	0.21909	2.61	65575	14367	293475	689463	10.51
2000-2004	80-84	0.08192	0.34094	2.54	51208	17459	213108	395987	7.73
2000-2004	85-89	0.14473	0.52694	2.42	33749	17784	122872	182879	5.42
2000-2004	90-94	0.23700	0.71380	2.21	15965	11396	48084	60007	3.76
2000-2004	95-99	0.36727	0.86096	1.92	4569	3934	10711	11923	2.61
2000-2004	100-104	0.51738	0.94018	1.61	635	597	1155	1211	1.91
2000-2004	105-109	0.66597	0.97394	1.37	38	37	56	57	1.50
2000-2004	110+	0.77501	1.00000	1.29	1	1	1	1	1.29
2005-2009	0	0.00612	0.00608	0.06	100000	608	99429	7811605	78.12
2005-2009	1-4	0.00024	0.00095	1.56	99392	94	397337	7712176	77.59
2005-2009	5-9	0.00011	0.00053	2.37	99297	53	496348	7314839	73.67
2005-2009	10-14	0.00017	0.00085	2.84	99244	85	496039	6818491	68.70
2005-2009	15-19	0.00058	0.00291	2.95	99160	288	495208	6322451	63.76
2005-2009	20-24	0.00103	0.00515	2.56	98872	509	493115	5827244	58.94
2005-2009	25-29	0.00095	0.00472	2.54	98362	465	490668	5334129	54.23
2005-2009	30-34	0.00100	0.00499	2.59	97898	488	488311	4843461	49.47
2005-2009	35-39	0.00130	0.00646	2.53	97409	629	485489	4355150	44.71
2005-2009	40-44	0.00190	0.00946	2.67	96780	915	481764	3869660	39.98
2005-2009	45-49	0.00293	0.01454	2.7	95865	1393	476115	3387897	35.34
2005-2009	50-54	0.00458	0.02267	2.66	94471	2142	467353	2911782	30.82
2005-2009	55-59	0.00683	0.03361	2.62	92329	3103	454261	2444430	26.48
2005-2009	60-64	0.01031	0.05033	2.67	89226	4491	435664	1990168	22.30
2005-2009	65-69	0.01583	0.07629	2.64	84735	6465	408443	1554504	18.35
2005-2009	70-74	0.02555	0.12046	2.63	78270	9428	369013	1146061	14.64
2005-2009	75-79	0.04214	0.19147	2.61	68842	13181	312772	777048	11.29
2005-2009	80-84	0.07129	0.30397	2.58	55661	16919	237343	464276	8.34
2005-2009	85-89	0.12720	0.48211	2.49	38742	18678	146833	226933	5.86
2005-2009	90-94	0.21883	0.68395	2.26	20064	13723	62710	80100	3.99
2005-2009	95-99	0.34664	0.84457	1.96	6341	5356	15450	17390	2.74
2005-2009	100-104	0.50008	0.93449	1.65	986	921	1842	1940	1.97
2005-2009	105-109	0.65510	0.97250	1.39	65	63	96	98	1.52
2005-2009	110+	0.76969	1.00000	1.3	2	2	2	2	1.30
2010-2014	0	0.00527	0.00524	0.06	100000	524	99507	7872014	78.72
2010-2014	1-4	0.00021	0.00082	1.69	99476	82	397715	7772507	78.13
2010-2014	5-9	0.00013	0.00063	2.49	99394	62	496814	7374792	74.20
2010-2014	10-14	0.00016	0.00082	2.79	99332	82	496478	6877978	69.24
2010-2014	15-19	0.00056	0.00280	2.94	99250	278	495678	6381500	64.30
2010-2014	20-24	0.00095	0.00475	2.59	98973	471	493729	5885822	59.47
2010-2014	25-29	0.00096	0.00478	2.51	98502	471	491338	5392093	54.74
2010-2014	30-34	0.00105	0.00524	2.51	98031	513	488881	4900755	49.99
2010-2014	35-39	0.00129	0.00642	2.61	97518	626	486092	4411874	45.24
2010-2014	40-44	0.00174	0.00867	2.6	96892	840	482441	3925782	40.52
2010-2014	45-49	0.00282	0.01400	2.69	96052	1345	477151	3443341	35.85
2010-2014	50-54	0.00451	0.02231	2.66	94707	2113	468588	2966189	31.32
2010-2014	55-59	0.00665	0.03274	2.67	92594	3031	455904	2497601	26.97
2010-2014	60-64	0.00998	0.04874	2.62	89563	4365	437445	2041698	22.80
2010-2014	65-69	0.01475	0.07124	2.62	85198	6069	411541	1604253	18.83
2010-2014	70-74	0.02393	0.11327	2.64	79129	8963	374466	1192712	15.07
2010-2014	75-79	0.03936	0.18005	2.64	70166	12633	320956	818246	11.66
2010-2014	80-84	0.06690	0.28812	2.59	57533	16577	247777	497289	8.64
2010-2014	85-89	0.11869	0.45786	2.51	40957	18752	157999	249512	6.09
2010-2014	90-94	0.20910	0.66786	2.3	22204	14829	70918	91514	4.12
2010-2014	95-99	0.33918	0.83838	1.98	7375	6183	18229	20595	2.79
2010-2014	100-104	0.49543	0.93304	1.66	1192	1112	2245	2366	1.99
2010-2014	105-109	0.65424	0.97249	1.39	80	78	119	121	1.52
2010-2014	110+	0.77149	1.00000	1.3	2	2	3	3	1.30
2015-2017	0	0.00565	0.00562	0.06	100000	562	99472	7861429	78.61
2015-2017	1-4	0.00026	0.00102	1.61	99438	102	397511	7761956	78.06
2015-2017	5-9	0.00012	0.00059	2.29	99337	58	496525	7364445	74.14
2015-2017	10-14	0.00014	0.00068	2.94	99278	68	496252	6867920	69.18
2015-2017	15-19	0.00057	0.00285	3.01	99210	283	495488	6371668	64.22
2015-2017	20-24	0.00104	0.00520	2.66	98927	514	493435	5876180	59.40
2015-2017	25-29	0.00120	0.00599	2.51	98413	589	490601	5382745	54.70
2015-2017	30-34	0.00121	0.00601	2.55	97824	588	487675	4892144	50.01
2015-2017	35-39	0.00144	0.00719	2.59	97235	699	484491	4404469	45.30
2015-2017	40-44	0.00194	0.00965	2.63	96536	931	480474	3919979	40.61
2015-2017	45-49	0.00288	0.01429	2.64	95605	1366	474803	3439505	35.98
2015-2017	50-54	0.00448	0.02217	2.72	94239	2090	466427	2964702	31.46
2015-2017	55-59	0.00667	0.03284	2.66	92149	3027	453671	2498275	27.11
2015-2017	60-64	0.01025	0.05003	2.61	89122	4459	434972	2044604	22.94
2015-2017	65-69	0.01462	0.07067	2.64	84663	5983	409219	1609632	19.01
2015-2017	70-74	0.02348	0.11121	2.63	78680	8750	372641	1200413	15.26
2015-2017	75-79	0.03824	0.17525	2.62	69930	12255	320473	827772	11.84
2015-2017	80-84	0.06386	0.27647	2.58	57674	15945	249708	507298	8.80
2015-2017	85-89	0.11542	0.44832	2.51	41729	18708	162083	257590	6.17
2015-2017	90-94	0.20736	0.66367	2.29	23021	15279	73681	95507	4.15
2015-2017	95-99	0.33536	0.83512	1.99	7743	6466	19281	21826	2.82
2015-2017	100-104	0.49309	0.93230	1.66	1277	1190	2414	2545	1.99
2015-2017	105-109	0.65392	0.97251	1.39	86	84	129	132	1.52
2015-2017	110+	0.77256	1.00000	1.29	2	2	3	3	1.29
