HI: Hawaii, Lifetables (period 1x5), Both sexes Last modified: 3 Dec 2019, MPv5 (May07) 

Year     	Age	mx	qx	ax	lx	dx	Lx	Tx	ex
1960-1964	0	0.02211	0.02168	0.11	100000	2168	98071	7225206	72.25
1960-1964	1	0.00148	0.00148	0.5	97832	145	97760	7127135	72.85
1960-1964	2	0.00084	0.00084	0.5	97687	82	97646	7029376	71.96
1960-1964	3	0.00055	0.00055	0.5	97605	54	97578	6931729	71.02
1960-1964	4	0.00050	0.00050	0.5	97552	48	97527	6834151	70.06
1960-1964	5	0.00049	0.00049	0.5	97503	48	97479	6736623	69.09
1960-1964	6	0.00036	0.00036	0.5	97455	35	97438	6639144	68.12
1960-1964	7	0.00040	0.00040	0.5	97421	39	97401	6541706	67.15
1960-1964	8	0.00028	0.00028	0.5	97382	27	97368	6444305	66.18
1960-1964	9	0.00027	0.00027	0.5	97354	27	97341	6346937	65.19
1960-1964	10	0.00035	0.00035	0.5	97328	34	97311	6249596	64.21
1960-1964	11	0.00041	0.00041	0.5	97293	39	97274	6152285	63.23
1960-1964	12	0.00040	0.00040	0.5	97254	38	97235	6055012	62.26
1960-1964	13	0.00045	0.00045	0.5	97215	44	97193	5957777	61.28
1960-1964	14	0.00037	0.00037	0.5	97171	35	97154	5860584	60.31
1960-1964	15	0.00056	0.00056	0.5	97136	55	97108	5763430	59.33
1960-1964	16	0.00065	0.00065	0.5	97081	63	97050	5666322	58.37
1960-1964	17	0.00075	0.00075	0.5	97018	72	96982	5569272	57.40
1960-1964	18	0.00077	0.00077	0.5	96946	75	96909	5472290	56.45
1960-1964	19	0.00104	0.00104	0.5	96871	101	96821	5375381	55.49
1960-1964	20	0.00139	0.00139	0.5	96770	134	96703	5278561	54.55
1960-1964	21	0.00081	0.00080	0.5	96636	78	96597	5181857	53.62
1960-1964	22	0.00096	0.00096	0.5	96558	93	96512	5085260	52.67
1960-1964	23	0.00105	0.00105	0.5	96465	101	96414	4988749	51.72
1960-1964	24	0.00102	0.00102	0.5	96364	98	96314	4892334	50.77
1960-1964	25	0.00085	0.00085	0.5	96265	82	96224	4796020	49.82
1960-1964	26	0.00086	0.00086	0.5	96183	83	96142	4699796	48.86
1960-1964	27	0.00110	0.00110	0.5	96100	105	96048	4603654	47.90
1960-1964	28	0.00086	0.00086	0.5	95995	83	95954	4507606	46.96
1960-1964	29	0.00104	0.00104	0.5	95912	100	95862	4411653	46.00
1960-1964	30	0.00136	0.00136	0.5	95813	130	95748	4315790	45.04
1960-1964	31	0.00103	0.00103	0.5	95683	99	95633	4220043	44.10
1960-1964	32	0.00105	0.00105	0.5	95584	101	95534	4124409	43.15
1960-1964	33	0.00124	0.00124	0.5	95483	118	95424	4028876	42.19
1960-1964	34	0.00145	0.00144	0.5	95365	138	95296	3933451	41.25
1960-1964	35	0.00159	0.00159	0.5	95227	152	95152	3838155	40.31
1960-1964	36	0.00139	0.00138	0.5	95076	132	95010	3743003	39.37
1960-1964	37	0.00191	0.00191	0.5	94944	181	94853	3647994	38.42
1960-1964	38	0.00180	0.00180	0.5	94763	171	94677	3553140	37.50
1960-1964	39	0.00242	0.00241	0.5	94592	228	94478	3458463	36.56
1960-1964	40	0.00254	0.00254	0.5	94364	239	94244	3363985	35.65
1960-1964	41	0.00240	0.00240	0.5	94124	226	94011	3269741	34.74
1960-1964	42	0.00284	0.00284	0.5	93898	267	93765	3175730	33.82
1960-1964	43	0.00282	0.00281	0.5	93632	263	93500	3081965	32.92
1960-1964	44	0.00336	0.00336	0.5	93368	313	93212	2988465	32.01
1960-1964	45	0.00340	0.00340	0.5	93055	316	92897	2895253	31.11
1960-1964	46	0.00405	0.00404	0.5	92739	375	92552	2802356	30.22
1960-1964	47	0.00441	0.00440	0.5	92364	406	92161	2709805	29.34
1960-1964	48	0.00545	0.00544	0.5	91958	500	91708	2617644	28.47
1960-1964	49	0.00608	0.00606	0.5	91458	555	91181	2525936	27.62
1960-1964	50	0.00637	0.00635	0.5	90903	577	90615	2434755	26.78
1960-1964	51	0.00751	0.00749	0.5	90326	676	89988	2344140	25.95
1960-1964	52	0.00762	0.00759	0.5	89650	680	89310	2254152	25.14
1960-1964	53	0.00846	0.00842	0.5	88970	749	88595	2164842	24.33
1960-1964	54	0.00920	0.00916	0.5	88220	808	87816	2076247	23.53
1960-1964	55	0.00975	0.00971	0.5	87412	848	86988	1988431	22.75
1960-1964	56	0.01018	0.01013	0.5	86564	877	86125	1901443	21.97
1960-1964	57	0.01180	0.01174	0.5	85687	1006	85184	1815317	21.19
1960-1964	58	0.01280	0.01271	0.5	84681	1077	84143	1730133	20.43
1960-1964	59	0.01253	0.01245	0.5	83604	1041	83084	1645991	19.69
1960-1964	60	0.01589	0.01576	0.5	82563	1301	81913	1562907	18.93
1960-1964	61	0.01535	0.01523	0.5	81262	1238	80643	1480994	18.22
1960-1964	62	0.01749	0.01734	0.5	80024	1387	79331	1400351	17.50
1960-1964	63	0.01937	0.01919	0.5	78637	1509	77882	1321020	16.80
1960-1964	64	0.02025	0.02005	0.5	77128	1546	76355	1243138	16.12
1960-1964	65	0.02580	0.02547	0.5	75582	1925	74619	1166783	15.44
1960-1964	66	0.02625	0.02591	0.5	73656	1908	72702	1092164	14.83
1960-1964	67	0.02719	0.02682	0.5	71748	1924	70786	1019461	14.21
1960-1964	68	0.03027	0.02981	0.5	69824	2082	68783	948676	13.59
1960-1964	69	0.03014	0.02969	0.5	67742	2011	66736	879893	12.99
1960-1964	70	0.03748	0.03679	0.5	65731	2418	64522	813156	12.37
1960-1964	71	0.03693	0.03626	0.5	63312	2295	62165	748635	11.82
1960-1964	72	0.03901	0.03827	0.5	61017	2335	59850	686470	11.25
1960-1964	73	0.04383	0.04289	0.5	58682	2517	57423	626621	10.68
1960-1964	74	0.05603	0.05451	0.5	56165	3061	54634	569197	10.13
1960-1964	75	0.05382	0.05241	0.5	53104	2783	51712	514563	9.69
1960-1964	76	0.05600	0.05447	0.5	50320	2741	48950	462851	9.20
1960-1964	77	0.05960	0.05788	0.5	47579	2754	46202	413901	8.70
1960-1964	78	0.06391	0.06193	0.5	44826	2776	43437	367699	8.20
1960-1964	79	0.07316	0.07058	0.5	42049	2968	40565	324261	7.71
1960-1964	80	0.08021	0.07711	0.5	39082	3014	37575	283696	7.26
1960-1964	81	0.08853	0.08478	0.5	36068	3058	34539	246121	6.82
1960-1964	82	0.09764	0.09309	0.5	33010	3073	31474	211582	6.41
1960-1964	83	0.10759	0.10210	0.5	29937	3057	28409	180108	6.02
1960-1964	84	0.11845	0.11183	0.5	26880	3006	25378	151699	5.64
1960-1964	85	0.13027	0.12230	0.5	23875	2920	22415	126322	5.29
1960-1964	86	0.14309	0.13354	0.5	20955	2798	19556	103907	4.96
1960-1964	87	0.15698	0.14556	0.5	18156	2643	16835	84352	4.65
1960-1964	88	0.17199	0.15837	0.5	15514	2457	14285	67517	4.35
1960-1964	89	0.18814	0.17196	0.5	13057	2245	11934	53232	4.08
1960-1964	90	0.20546	0.18632	0.5	10811	2014	9804	41298	3.82
1960-1964	91	0.22399	0.20143	0.5	8797	1772	7911	31493	3.58
1960-1964	92	0.24372	0.21725	0.5	7025	1526	6262	23582	3.36
1960-1964	93	0.26464	0.23372	0.5	5499	1285	4856	17320	3.15
1960-1964	94	0.28674	0.25078	0.5	4214	1057	3685	12464	2.96
1960-1964	95	0.30995	0.26836	0.5	3157	847	2733	8779	2.78
1960-1964	96	0.33421	0.28636	0.5	2310	661	1979	6045	2.62
1960-1964	97	0.35944	0.30468	0.5	1648	502	1397	4066	2.47
1960-1964	98	0.38553	0.32323	0.5	1146	370	961	2669	2.33
1960-1964	99	0.41236	0.34187	0.5	776	265	643	1708	2.20
1960-1964	100	0.43977	0.36050	0.5	510	184	418	1065	2.09
1960-1964	101	0.46761	0.37900	0.5	326	124	265	647	1.98
1960-1964	102	0.49571	0.39725	0.5	203	81	162	382	1.88
1960-1964	103	0.52388	0.41514	0.5	122	51	97	220	1.80
1960-1964	104	0.55196	0.43258	0.5	71	31	56	123	1.72
1960-1964	105	0.57975	0.44946	0.5	41	18	31	67	1.65
1960-1964	106	0.60709	0.46572	0.5	22	10	17	35	1.58
1960-1964	107	0.63382	0.48129	0.5	12	6	9	18	1.52
1960-1964	108	0.65979	0.49612	0.5	6	3	5	9	1.48
1960-1964	109	0.68487	0.51017	0.5	3	2	2	4	1.44
1960-1964	110+	0.70895	1.00000	1.41	2	2	2	2	1.41
1965-1969	0	0.01914	0.01882	0.1	100000	1882	98309	7314447	73.14
1965-1969	1	0.00112	0.00112	0.5	98118	110	98063	7216138	73.55
1965-1969	2	0.00062	0.00062	0.5	98009	61	97978	7118075	72.63
1965-1969	3	0.00057	0.00057	0.5	97947	56	97919	7020097	71.67
1965-1969	4	0.00040	0.00040	0.5	97891	40	97872	6922177	70.71
1965-1969	5	0.00050	0.00050	0.5	97852	49	97827	6824306	69.74
1965-1969	6	0.00039	0.00039	0.5	97803	38	97784	6726478	68.78
1965-1969	7	0.00038	0.00038	0.5	97765	37	97746	6628694	67.80
1965-1969	8	0.00043	0.00043	0.5	97727	42	97706	6530948	66.83
1965-1969	9	0.00035	0.00035	0.5	97685	34	97668	6433242	65.86
1965-1969	10	0.00023	0.00023	0.5	97651	22	97640	6335574	64.88
1965-1969	11	0.00028	0.00028	0.5	97629	28	97615	6237935	63.89
1965-1969	12	0.00028	0.00028	0.5	97601	27	97587	6140320	62.91
1965-1969	13	0.00038	0.00038	0.5	97574	37	97556	6042733	61.93
1965-1969	14	0.00036	0.00036	0.5	97537	35	97520	5945177	60.95
1965-1969	15	0.00056	0.00056	0.5	97502	54	97475	5847657	59.97
1965-1969	16	0.00059	0.00059	0.5	97448	58	97419	5750182	59.01
1965-1969	17	0.00083	0.00083	0.5	97390	81	97350	5652763	58.04
1965-1969	18	0.00070	0.00070	0.5	97309	68	97275	5555413	57.09
1965-1969	19	0.00077	0.00077	0.5	97241	75	97204	5458138	56.13
1965-1969	20	0.00073	0.00073	0.5	97167	71	97131	5360934	55.17
1965-1969	21	0.00092	0.00092	0.5	97096	90	97051	5263802	54.21
1965-1969	22	0.00099	0.00099	0.5	97006	96	96959	5166751	53.26
1965-1969	23	0.00087	0.00087	0.5	96911	84	96869	5069792	52.31
1965-1969	24	0.00096	0.00096	0.5	96827	93	96780	4972924	51.36
1965-1969	25	0.00085	0.00085	0.5	96734	83	96692	4876144	50.41
1965-1969	26	0.00073	0.00073	0.5	96651	71	96616	4779451	49.45
1965-1969	27	0.00121	0.00121	0.5	96580	117	96522	4682836	48.49
1965-1969	28	0.00096	0.00096	0.5	96463	93	96417	4586314	47.54
1965-1969	29	0.00099	0.00099	0.5	96371	95	96323	4489897	46.59
1965-1969	30	0.00106	0.00106	0.5	96275	102	96224	4393574	45.64
1965-1969	31	0.00111	0.00110	0.5	96173	106	96120	4297350	44.68
1965-1969	32	0.00155	0.00155	0.5	96067	149	95992	4201230	43.73
1965-1969	33	0.00133	0.00133	0.5	95918	128	95854	4105237	42.80
1965-1969	34	0.00160	0.00160	0.5	95790	154	95713	4009383	41.86
1965-1969	35	0.00122	0.00122	0.5	95637	117	95578	3913670	40.92
1965-1969	36	0.00187	0.00187	0.5	95520	179	95431	3818092	39.97
1965-1969	37	0.00160	0.00160	0.5	95341	152	95265	3722661	39.05
1965-1969	38	0.00183	0.00183	0.5	95189	174	95102	3627396	38.11
1965-1969	39	0.00218	0.00218	0.5	95015	207	94912	3532294	37.18
1965-1969	40	0.00199	0.00199	0.5	94808	189	94714	3437382	36.26
1965-1969	41	0.00257	0.00257	0.5	94619	243	94498	3342668	35.33
1965-1969	42	0.00207	0.00207	0.5	94377	196	94279	3248170	34.42
1965-1969	43	0.00303	0.00302	0.5	94181	285	94039	3153892	33.49
1965-1969	44	0.00354	0.00353	0.5	93896	332	93731	3059853	32.59
1965-1969	45	0.00409	0.00408	0.5	93565	382	93374	2966122	31.70
1965-1969	46	0.00355	0.00355	0.5	93183	331	93017	2872749	30.83
1965-1969	47	0.00418	0.00417	0.5	92852	387	92658	2779731	29.94
1965-1969	48	0.00428	0.00427	0.5	92464	395	92267	2687073	29.06
1965-1969	49	0.00526	0.00524	0.5	92069	483	91828	2594806	28.18
1965-1969	50	0.00641	0.00639	0.5	91586	585	91294	2502978	27.33
1965-1969	51	0.00669	0.00667	0.5	91001	607	90697	2411685	26.50
1965-1969	52	0.00706	0.00704	0.5	90394	636	90076	2320987	25.68
1965-1969	53	0.00896	0.00892	0.5	89758	801	89357	2230912	24.85
1965-1969	54	0.00979	0.00974	0.5	88957	866	88524	2141554	24.07
1965-1969	55	0.00995	0.00990	0.5	88091	872	87654	2053030	23.31
1965-1969	56	0.00887	0.00883	0.5	87218	770	86833	1965376	22.53
1965-1969	57	0.01223	0.01216	0.5	86448	1051	85923	1878543	21.73
1965-1969	58	0.01282	0.01274	0.5	85397	1088	84853	1792620	20.99
1965-1969	59	0.01308	0.01299	0.5	84309	1095	83761	1707767	20.26
1965-1969	60	0.01489	0.01478	0.5	83213	1230	82599	1624006	19.52
1965-1969	61	0.01455	0.01445	0.5	81984	1184	81392	1541408	18.80
1965-1969	62	0.01661	0.01647	0.5	80799	1331	80134	1460016	18.07
1965-1969	63	0.01657	0.01643	0.5	79469	1306	78816	1379882	17.36
1965-1969	64	0.01985	0.01965	0.5	78163	1536	77394	1301066	16.65
1965-1969	65	0.02208	0.02184	0.5	76626	1673	75790	1223672	15.97
1965-1969	66	0.02338	0.02311	0.5	74953	1732	74087	1147882	15.31
1965-1969	67	0.02536	0.02504	0.5	73221	1833	72304	1073795	14.67
1965-1969	68	0.02505	0.02474	0.5	71387	1766	70504	1001491	14.03
1965-1969	69	0.03056	0.03010	0.5	69621	2096	68573	930987	13.37
1965-1969	70	0.03418	0.03361	0.5	67526	2269	66391	862414	12.77
1965-1969	71	0.03736	0.03667	0.5	65256	2393	64060	796023	12.20
1965-1969	72	0.03944	0.03868	0.5	62863	2432	61648	731963	11.64
1965-1969	73	0.04046	0.03966	0.5	60432	2397	59233	670315	11.09
1965-1969	74	0.04916	0.04798	0.5	58035	2785	56643	611082	10.53
1965-1969	75	0.05380	0.05239	0.5	55251	2894	53803	554439	10.03
1965-1969	76	0.06016	0.05840	0.5	52356	3058	50827	500635	9.56
1965-1969	77	0.06276	0.06085	0.5	49299	3000	47799	449808	9.12
1965-1969	78	0.06628	0.06416	0.5	46299	2970	44814	402010	8.68
1965-1969	79	0.06773	0.06551	0.5	43328	2838	41909	357196	8.24
1965-1969	80	0.07140	0.06894	0.5	40490	2791	39094	315287	7.79
1965-1969	81	0.07894	0.07594	0.5	37699	2863	36267	276192	7.33
1965-1969	82	0.08721	0.08356	0.5	34836	2911	33380	239925	6.89
1965-1969	83	0.09625	0.09183	0.5	31925	2932	30459	206545	6.47
1965-1969	84	0.10613	0.10078	0.5	28993	2922	27532	176086	6.07
1965-1969	85	0.11689	0.11043	0.5	26071	2879	24632	148554	5.70
1965-1969	86	0.12859	0.12082	0.5	23192	2802	21791	123922	5.34
1965-1969	87	0.14128	0.13196	0.5	20390	2691	19045	102131	5.01
1965-1969	88	0.15501	0.14386	0.5	17699	2546	16426	83087	4.69
1965-1969	89	0.16982	0.15652	0.5	15153	2372	13967	66661	4.40
1965-1969	90	0.18573	0.16995	0.5	12781	2172	11695	52694	4.12
1965-1969	91	0.20279	0.18412	0.5	10609	1953	9632	40998	3.86
1965-1969	92	0.22099	0.19900	0.5	8656	1723	7794	31366	3.62
1965-1969	93	0.24035	0.21456	0.5	6933	1488	6189	23571	3.40
1965-1969	94	0.26085	0.23075	0.5	5446	1257	4817	17382	3.19
1965-1969	95	0.28245	0.24750	0.5	4189	1037	3671	12565	3.00
1965-1969	96	0.30513	0.26474	0.5	3152	835	2735	8894	2.82
1965-1969	97	0.32880	0.28238	0.5	2318	654	1990	6159	2.66
1965-1969	98	0.35339	0.30033	0.5	1663	500	1413	4169	2.51
1965-1969	99	0.37880	0.31848	0.5	1164	371	978	2755	2.37
1965-1969	100	0.40491	0.33674	0.5	793	267	660	1777	2.24
1965-1969	101	0.43158	0.35498	0.5	526	187	433	1117	2.12
1965-1969	102	0.45867	0.37311	0.5	339	127	276	684	2.02
1965-1969	103	0.48603	0.39101	0.5	213	83	171	408	1.92
1965-1969	104	0.51348	0.40858	0.5	130	53	103	237	1.83
1965-1969	105	0.54086	0.42573	0.5	77	33	60	134	1.75
1965-1969	106	0.56802	0.44238	0.5	44	19	34	74	1.68
1965-1969	107	0.59478	0.45845	0.5	25	11	19	40	1.62
1965-1969	108	0.62101	0.47387	0.5	13	6	10	21	1.56
1965-1969	109	0.64655	0.48860	0.5	7	3	5	11	1.52
1965-1969	110+	0.67130	1.00000	1.49	4	4	5	5	1.49
1970-1974	0	0.01665	0.01640	0.09	100000	1640	98515	7469466	74.69
1970-1974	1	0.00089	0.00089	0.5	98360	87	98316	7370951	74.94
1970-1974	2	0.00051	0.00051	0.5	98273	50	98248	7272635	74.00
1970-1974	3	0.00052	0.00052	0.5	98223	51	98198	7174387	73.04
1970-1974	4	0.00042	0.00042	0.5	98172	41	98152	7076189	72.08
1970-1974	5	0.00037	0.00037	0.5	98131	36	98113	6978038	71.11
1970-1974	6	0.00024	0.00024	0.5	98095	24	98083	6879925	70.14
1970-1974	7	0.00023	0.00023	0.5	98071	23	98060	6781842	69.15
1970-1974	8	0.00026	0.00026	0.5	98049	26	98036	6683782	68.17
1970-1974	9	0.00023	0.00023	0.5	98023	23	98011	6585746	67.19
1970-1974	10	0.00024	0.00024	0.5	98000	23	97988	6487735	66.20
1970-1974	11	0.00028	0.00028	0.5	97977	28	97963	6389746	65.22
1970-1974	12	0.00022	0.00022	0.5	97949	21	97939	6291783	64.24
1970-1974	13	0.00020	0.00020	0.5	97928	20	97918	6193844	63.25
1970-1974	14	0.00031	0.00031	0.5	97908	30	97893	6095926	62.26
1970-1974	15	0.00065	0.00065	0.5	97878	64	97846	5998033	61.28
1970-1974	16	0.00058	0.00058	0.5	97814	56	97786	5900187	60.32
1970-1974	17	0.00080	0.00080	0.5	97758	79	97719	5802401	59.35
1970-1974	18	0.00099	0.00099	0.5	97679	97	97631	5704683	58.40
1970-1974	19	0.00100	0.00099	0.5	97583	97	97534	5607052	57.46
1970-1974	20	0.00076	0.00076	0.5	97485	74	97448	5509518	56.52
1970-1974	21	0.00090	0.00090	0.5	97411	88	97367	5412069	55.56
1970-1974	22	0.00089	0.00089	0.5	97324	86	97280	5314702	54.61
1970-1974	23	0.00078	0.00078	0.5	97237	76	97199	5217422	53.66
1970-1974	24	0.00083	0.00083	0.5	97162	81	97121	5120222	52.70
1970-1974	25	0.00099	0.00099	0.5	97081	96	97033	5023101	51.74
1970-1974	26	0.00081	0.00081	0.5	96985	79	96945	4926068	50.79
1970-1974	27	0.00115	0.00115	0.5	96906	111	96850	4829122	49.83
1970-1974	28	0.00122	0.00121	0.5	96795	118	96736	4732272	48.89
1970-1974	29	0.00138	0.00138	0.5	96677	133	96611	4635536	47.95
1970-1974	30	0.00100	0.00100	0.5	96544	97	96496	4538925	47.01
1970-1974	31	0.00115	0.00115	0.5	96447	111	96392	4442430	46.06
1970-1974	32	0.00114	0.00114	0.5	96337	110	96282	4346038	45.11
1970-1974	33	0.00106	0.00106	0.5	96227	102	96176	4249756	44.16
1970-1974	34	0.00119	0.00119	0.5	96125	115	96067	4153580	43.21
1970-1974	35	0.00128	0.00128	0.5	96010	123	95949	4057513	42.26
1970-1974	36	0.00160	0.00160	0.5	95887	153	95810	3961564	41.31
1970-1974	37	0.00167	0.00167	0.5	95734	160	95653	3865754	40.38
1970-1974	38	0.00152	0.00152	0.5	95573	145	95501	3770100	39.45
1970-1974	39	0.00213	0.00213	0.5	95428	203	95326	3674600	38.51
1970-1974	40	0.00199	0.00199	0.5	95224	190	95130	3579273	37.59
1970-1974	41	0.00208	0.00208	0.5	95035	198	94936	3484144	36.66
1970-1974	42	0.00276	0.00276	0.5	94837	262	94706	3389208	35.74
1970-1974	43	0.00270	0.00270	0.5	94575	255	94447	3294502	34.83
1970-1974	44	0.00250	0.00250	0.5	94320	236	94202	3200054	33.93
1970-1974	45	0.00305	0.00304	0.5	94084	286	93941	3105852	33.01
1970-1974	46	0.00355	0.00355	0.5	93798	333	93631	3011912	32.11
1970-1974	47	0.00442	0.00441	0.5	93465	412	93259	2918280	31.22
1970-1974	48	0.00445	0.00444	0.5	93053	413	92847	2825021	30.36
1970-1974	49	0.00495	0.00494	0.5	92640	457	92412	2732174	29.49
1970-1974	50	0.00551	0.00550	0.5	92183	507	91930	2639762	28.64
1970-1974	51	0.00562	0.00560	0.5	91676	513	91419	2547833	27.79
1970-1974	52	0.00639	0.00637	0.5	91163	581	90872	2456414	26.95
1970-1974	53	0.00647	0.00645	0.5	90582	585	90290	2365541	26.11
1970-1974	54	0.00836	0.00833	0.5	89997	749	89623	2275252	25.28
1970-1974	55	0.00845	0.00842	0.5	89248	751	88873	2185629	24.49
1970-1974	56	0.00885	0.00881	0.5	88497	779	88107	2096756	23.69
1970-1974	57	0.00972	0.00967	0.5	87718	848	87294	2008649	22.90
1970-1974	58	0.01105	0.01099	0.5	86870	955	86392	1921356	22.12
1970-1974	59	0.01093	0.01087	0.5	85915	934	85448	1834963	21.36
1970-1974	60	0.01288	0.01280	0.5	84981	1088	84437	1749516	20.59
1970-1974	61	0.01290	0.01282	0.5	83893	1075	83356	1665078	19.85
1970-1974	62	0.01425	0.01415	0.5	82818	1172	82232	1581723	19.10
1970-1974	63	0.01417	0.01407	0.5	81646	1149	81072	1499490	18.37
1970-1974	64	0.01763	0.01747	0.5	80498	1407	79794	1418418	17.62
1970-1974	65	0.02011	0.01991	0.5	79091	1574	78304	1338624	16.93
1970-1974	66	0.01966	0.01947	0.5	77517	1509	76762	1260320	16.26
1970-1974	67	0.02120	0.02098	0.5	76008	1595	75210	1183558	15.57
1970-1974	68	0.02534	0.02502	0.5	74413	1862	73482	1108348	14.89
1970-1974	69	0.02564	0.02531	0.5	72551	1836	71633	1034866	14.26
1970-1974	70	0.03092	0.03045	0.5	70714	2153	69638	963233	13.62
1970-1974	71	0.02880	0.02839	0.5	68561	1946	67588	893595	13.03
1970-1974	72	0.03605	0.03542	0.5	66615	2359	65436	826007	12.40
1970-1974	73	0.03863	0.03789	0.5	64256	2435	63038	760571	11.84
1970-1974	74	0.03908	0.03833	0.5	61821	2369	60636	697533	11.28
1970-1974	75	0.04563	0.04461	0.5	59452	2652	58126	636897	10.71
1970-1974	76	0.05044	0.04920	0.5	56799	2795	55402	578771	10.19
1970-1974	77	0.05816	0.05651	0.5	54005	3052	52479	523369	9.69
1970-1974	78	0.05584	0.05433	0.5	50953	2768	49569	470890	9.24
1970-1974	79	0.06570	0.06361	0.5	48185	3065	46652	421321	8.74
1970-1974	80	0.06432	0.06232	0.5	45120	2812	43714	374669	8.30
1970-1974	81	0.07111	0.06867	0.5	42308	2905	40855	330955	7.82
1970-1974	82	0.07856	0.07559	0.5	39403	2978	37913	290100	7.36
1970-1974	83	0.08672	0.08312	0.5	36424	3027	34910	252187	6.92
1970-1974	84	0.09565	0.09128	0.5	33397	3049	31872	217276	6.51
1970-1974	85	0.10540	0.10012	0.5	30348	3038	28829	185404	6.11
1970-1974	86	0.11602	0.10966	0.5	27310	2995	25812	156575	5.73
1970-1974	87	0.12757	0.11992	0.5	24315	2916	22857	130763	5.38
1970-1974	88	0.14010	0.13093	0.5	21399	2802	19998	107906	5.04
1970-1974	89	0.15366	0.14270	0.5	18597	2654	17270	87908	4.73
1970-1974	90	0.16829	0.15523	0.5	15943	2475	14706	70638	4.43
1970-1974	91	0.18402	0.16852	0.5	13468	2270	12334	55932	4.15
1970-1974	92	0.20089	0.18255	0.5	11199	2044	10177	43598	3.89
1970-1974	93	0.21890	0.19731	0.5	9154	1806	8251	33422	3.65
1970-1974	94	0.23807	0.21275	0.5	7348	1563	6567	25171	3.43
1970-1974	95	0.25839	0.22883	0.5	5785	1324	5123	18604	3.22
1970-1974	96	0.27983	0.24548	0.5	4461	1095	3914	13481	3.02
1970-1974	97	0.30234	0.26264	0.5	3366	884	2924	9567	2.84
1970-1974	98	0.32587	0.28022	0.5	2482	695	2134	6643	2.68
1970-1974	99	0.35034	0.29812	0.5	1786	533	1520	4509	2.52
1970-1974	100	0.37566	0.31626	0.5	1254	397	1056	2989	2.38
1970-1974	101	0.40170	0.33451	0.5	857	287	714	1933	2.26
1970-1974	102	0.42833	0.35278	0.5	571	201	470	1219	2.14
1970-1974	103	0.45541	0.37094	0.5	369	137	301	750	2.03
1970-1974	104	0.48278	0.38890	0.5	232	90	187	449	1.93
1970-1974	105	0.51029	0.40656	0.5	142	58	113	262	1.84
1970-1974	106	0.53775	0.42380	0.5	84	36	66	149	1.76
1970-1974	107	0.56501	0.44055	0.5	49	21	38	82	1.69
1970-1974	108	0.59190	0.45673	0.5	27	12	21	44	1.63
1970-1974	109	0.61827	0.47227	0.5	15	7	11	23	1.58
1970-1974	110+	0.64398	1.00000	1.55	8	8	12	12	1.55
1975-1979	0	0.01201	0.01188	0.08	100000	1188	98909	7674102	76.74
1975-1979	1	0.00074	0.00074	0.5	98812	73	98775	7575193	76.66
1975-1979	2	0.00048	0.00048	0.5	98739	48	98715	7476418	75.72
1975-1979	3	0.00034	0.00034	0.5	98691	33	98675	7377703	74.76
1975-1979	4	0.00034	0.00034	0.5	98658	33	98642	7279028	73.78
1975-1979	5	0.00032	0.00032	0.5	98625	32	98609	7180387	72.80
1975-1979	6	0.00024	0.00024	0.5	98593	24	98581	7081777	71.83
1975-1979	7	0.00024	0.00024	0.5	98570	24	98558	6983196	70.85
1975-1979	8	0.00020	0.00020	0.5	98546	20	98536	6884638	69.86
1975-1979	9	0.00019	0.00019	0.5	98526	19	98516	6786103	68.88
1975-1979	10	0.00020	0.00020	0.5	98507	20	98497	6687587	67.89
1975-1979	11	0.00025	0.00025	0.5	98487	24	98475	6589090	66.90
1975-1979	12	0.00016	0.00016	0.5	98463	16	98455	6490614	65.92
1975-1979	13	0.00028	0.00028	0.5	98447	28	98433	6392160	64.93
1975-1979	14	0.00023	0.00022	0.5	98419	22	98408	6293727	63.95
1975-1979	15	0.00042	0.00042	0.5	98397	42	98376	6195319	62.96
1975-1979	16	0.00071	0.00071	0.5	98355	69	98321	6096943	61.99
1975-1979	17	0.00066	0.00066	0.5	98286	65	98253	5998622	61.03
1975-1979	18	0.00091	0.00091	0.5	98221	89	98176	5900369	60.07
1975-1979	19	0.00112	0.00112	0.5	98132	110	98077	5802192	59.13
1975-1979	20	0.00087	0.00087	0.5	98022	85	97979	5704115	58.19
1975-1979	21	0.00097	0.00097	0.5	97937	95	97889	5606136	57.24
1975-1979	22	0.00120	0.00120	0.5	97842	117	97783	5508247	56.30
1975-1979	23	0.00115	0.00115	0.5	97724	112	97668	5410464	55.36
1975-1979	24	0.00096	0.00096	0.5	97612	94	97565	5312796	54.43
1975-1979	25	0.00113	0.00113	0.5	97518	110	97463	5215231	53.48
1975-1979	26	0.00093	0.00093	0.5	97408	90	97363	5117768	52.54
1975-1979	27	0.00107	0.00107	0.5	97318	104	97266	5020405	51.59
1975-1979	28	0.00122	0.00122	0.5	97214	118	97154	4923140	50.64
1975-1979	29	0.00093	0.00093	0.5	97095	90	97050	4825985	49.70
1975-1979	30	0.00112	0.00112	0.5	97005	108	96951	4728935	48.75
1975-1979	31	0.00106	0.00106	0.5	96897	102	96846	4631984	47.80
1975-1979	32	0.00112	0.00112	0.5	96795	109	96740	4535138	46.85
1975-1979	33	0.00127	0.00127	0.5	96686	123	96625	4438398	45.91
1975-1979	34	0.00107	0.00107	0.5	96563	104	96511	4341773	44.96
1975-1979	35	0.00109	0.00109	0.5	96460	105	96407	4245262	44.01
1975-1979	36	0.00121	0.00121	0.5	96355	117	96296	4148854	43.06
1975-1979	37	0.00147	0.00147	0.5	96238	142	96167	4052558	42.11
1975-1979	38	0.00139	0.00139	0.5	96096	134	96029	3956391	41.17
1975-1979	39	0.00145	0.00145	0.5	95962	139	95893	3860362	40.23
1975-1979	40	0.00165	0.00165	0.5	95823	158	95744	3764469	39.29
1975-1979	41	0.00185	0.00184	0.5	95665	176	95577	3668725	38.35
1975-1979	42	0.00254	0.00254	0.5	95488	242	95367	3573148	37.42
1975-1979	43	0.00212	0.00212	0.5	95246	202	95145	3477781	36.51
1975-1979	44	0.00251	0.00251	0.5	95044	238	94925	3382636	35.59
1975-1979	45	0.00322	0.00321	0.5	94806	305	94653	3287711	34.68
1975-1979	46	0.00296	0.00296	0.5	94501	279	94361	3193058	33.79
1975-1979	47	0.00368	0.00367	0.5	94221	346	94049	3098697	32.89
1975-1979	48	0.00336	0.00335	0.5	93876	315	93718	3004648	32.01
1975-1979	49	0.00432	0.00431	0.5	93561	403	93359	2910930	31.11
1975-1979	50	0.00447	0.00446	0.5	93157	415	92950	2817571	30.25
1975-1979	51	0.00507	0.00505	0.5	92742	469	92508	2724622	29.38
1975-1979	52	0.00560	0.00558	0.5	92273	515	92016	2632114	28.53
1975-1979	53	0.00600	0.00598	0.5	91758	549	91484	2540098	27.68
1975-1979	54	0.00718	0.00715	0.5	91209	652	90883	2448615	26.85
1975-1979	55	0.00608	0.00606	0.5	90557	549	90282	2357732	26.04
1975-1979	56	0.00729	0.00726	0.5	90008	654	89681	2267449	25.19
1975-1979	57	0.00825	0.00822	0.5	89354	734	88987	2177768	24.37
1975-1979	58	0.00812	0.00808	0.5	88620	716	88262	2088781	23.57
1975-1979	59	0.00986	0.00981	0.5	87904	863	87472	2000519	22.76
1975-1979	60	0.01051	0.01045	0.5	87041	910	86586	1913047	21.98
1975-1979	61	0.01120	0.01114	0.5	86131	959	85652	1826461	21.21
1975-1979	62	0.01258	0.01251	0.5	85172	1065	84640	1740809	20.44
1975-1979	63	0.01212	0.01204	0.5	84107	1013	83601	1656169	19.69
1975-1979	64	0.01533	0.01521	0.5	83094	1264	82462	1572569	18.93
1975-1979	65	0.01622	0.01609	0.5	81830	1317	81172	1490107	18.21
1975-1979	66	0.01564	0.01552	0.5	80513	1249	79889	1408935	17.50
1975-1979	67	0.01940	0.01921	0.5	79264	1523	78503	1329046	16.77
1975-1979	68	0.02115	0.02093	0.5	77741	1627	76928	1250544	16.09
1975-1979	69	0.02284	0.02258	0.5	76114	1718	75255	1173616	15.42
1975-1979	70	0.02541	0.02509	0.5	74395	1866	73462	1098362	14.76
1975-1979	71	0.02579	0.02547	0.5	72529	1847	71605	1024899	14.13
1975-1979	72	0.02835	0.02795	0.5	70682	1976	69694	953294	13.49
1975-1979	73	0.02986	0.02942	0.5	68706	2021	67695	883600	12.86
1975-1979	74	0.03265	0.03213	0.5	66685	2143	65613	815904	12.24
1975-1979	75	0.03832	0.03760	0.5	64542	2427	63329	750291	11.62
1975-1979	76	0.03727	0.03659	0.5	62116	2273	60979	686962	11.06
1975-1979	77	0.04577	0.04474	0.5	59843	2678	58504	625983	10.46
1975-1979	78	0.04850	0.04736	0.5	57165	2707	55811	567479	9.93
1975-1979	79	0.04552	0.04450	0.5	54458	2424	53246	511668	9.40
1975-1979	80	0.05948	0.05776	0.5	52034	3006	50532	458422	8.81
1975-1979	81	0.06555	0.06347	0.5	49029	3112	47473	407890	8.32
1975-1979	82	0.07220	0.06968	0.5	45917	3200	44317	360418	7.85
1975-1979	83	0.07946	0.07643	0.5	42717	3265	41085	316101	7.40
1975-1979	84	0.08739	0.08373	0.5	39452	3303	37801	275016	6.97
1975-1979	85	0.09603	0.09163	0.5	36149	3312	34493	237216	6.56
1975-1979	86	0.10543	0.10015	0.5	32836	3289	31192	202723	6.17
1975-1979	87	0.11563	0.10931	0.5	29548	3230	27933	171531	5.81
1975-1979	88	0.12669	0.11914	0.5	26318	3136	24750	143598	5.46
1975-1979	89	0.13864	0.12965	0.5	23182	3006	21680	118848	5.13
1975-1979	90	0.15153	0.14086	0.5	20177	2842	18756	97168	4.82
1975-1979	91	0.16539	0.15276	0.5	17335	2648	16011	78412	4.52
1975-1979	92	0.18026	0.16536	0.5	14687	2429	13472	62401	4.25
1975-1979	93	0.19616	0.17864	0.5	12258	2190	11163	48929	3.99
1975-1979	94	0.21311	0.19259	0.5	10068	1939	9099	37766	3.75
1975-1979	95	0.23112	0.20718	0.5	8129	1684	7287	28667	3.53
1975-1979	96	0.25017	0.22236	0.5	6445	1433	5728	21380	3.32
1975-1979	97	0.27026	0.23809	0.5	5012	1193	4415	15651	3.12
1975-1979	98	0.29135	0.25431	0.5	3819	971	3333	11236	2.94
1975-1979	99	0.31340	0.27094	0.5	2848	772	2462	7903	2.78
1975-1979	100	0.33634	0.28792	0.5	2076	598	1777	5441	2.62
1975-1979	101	0.36010	0.30516	0.5	1478	451	1253	3664	2.48
1975-1979	102	0.38459	0.32256	0.5	1027	331	862	2411	2.35
1975-1979	103	0.40970	0.34004	0.5	696	237	578	1550	2.23
1975-1979	104	0.43531	0.35750	0.5	459	164	377	972	2.12
1975-1979	105	0.46130	0.37484	0.5	295	111	240	595	2.02
1975-1979	106	0.48752	0.39198	0.5	184	72	148	355	1.93
1975-1979	107	0.51384	0.40881	0.5	112	46	89	207	1.85
1975-1979	108	0.54011	0.42527	0.5	66	28	52	118	1.78
1975-1979	109	0.56619	0.44127	0.5	38	17	30	66	1.72
1975-1979	110+	0.59192	1.00000	1.69	21	21	36	36	1.69
1980-1984	0	0.00986	0.00977	0.08	100000	977	99097	7747993	77.48
1980-1984	1	0.00077	0.00077	0.5	99023	76	98985	7648896	77.24
1980-1984	2	0.00040	0.00040	0.5	98947	40	98927	7549911	76.30
1980-1984	3	0.00035	0.00035	0.5	98907	35	98890	7450985	75.33
1980-1984	4	0.00030	0.00030	0.5	98872	29	98858	7352095	74.36
1980-1984	5	0.00031	0.00031	0.5	98843	30	98828	7253237	73.38
1980-1984	6	0.00022	0.00022	0.5	98812	22	98801	7154410	72.40
1980-1984	7	0.00017	0.00017	0.5	98790	17	98782	7055608	71.42
1980-1984	8	0.00035	0.00035	0.5	98774	34	98757	6956826	70.43
1980-1984	9	0.00021	0.00021	0.5	98740	20	98730	6858069	69.46
1980-1984	10	0.00021	0.00021	0.5	98719	21	98709	6759340	68.47
1980-1984	11	0.00015	0.00015	0.5	98698	15	98691	6660631	67.48
1980-1984	12	0.00016	0.00016	0.5	98684	16	98676	6561940	66.49
1980-1984	13	0.00031	0.00031	0.5	98668	30	98653	6463264	65.51
1980-1984	14	0.00037	0.00037	0.5	98638	37	98619	6364611	64.53
1980-1984	15	0.00034	0.00034	0.5	98601	33	98584	6265992	63.55
1980-1984	16	0.00058	0.00058	0.5	98567	57	98539	6167408	62.57
1980-1984	17	0.00052	0.00052	0.5	98510	52	98484	6068869	61.61
1980-1984	18	0.00093	0.00093	0.5	98459	91	98413	5970385	60.64
1980-1984	19	0.00096	0.00096	0.5	98367	94	98320	5871972	59.69
1980-1984	20	0.00100	0.00100	0.5	98273	98	98224	5773652	58.75
1980-1984	21	0.00121	0.00121	0.5	98175	119	98115	5675428	57.81
1980-1984	22	0.00086	0.00086	0.5	98056	85	98013	5577313	56.88
1980-1984	23	0.00088	0.00088	0.5	97971	87	97928	5479299	55.93
1980-1984	24	0.00107	0.00107	0.5	97885	105	97832	5381371	54.98
1980-1984	25	0.00104	0.00104	0.5	97780	102	97729	5283539	54.04
1980-1984	26	0.00070	0.00070	0.5	97678	68	97644	5185811	53.09
1980-1984	27	0.00084	0.00084	0.5	97609	82	97568	5088167	52.13
1980-1984	28	0.00089	0.00089	0.5	97527	87	97484	4990599	51.17
1980-1984	29	0.00069	0.00069	0.5	97440	67	97407	4893115	50.22
1980-1984	30	0.00098	0.00098	0.5	97373	96	97325	4795708	49.25
1980-1984	31	0.00098	0.00098	0.5	97277	95	97230	4698383	48.30
1980-1984	32	0.00096	0.00096	0.5	97182	93	97136	4601153	47.35
1980-1984	33	0.00106	0.00106	0.5	97089	103	97038	4504017	46.39
1980-1984	34	0.00098	0.00097	0.5	96986	95	96939	4406979	45.44
1980-1984	35	0.00115	0.00115	0.5	96892	111	96836	4310040	44.48
1980-1984	36	0.00116	0.00116	0.5	96780	113	96724	4213204	43.53
1980-1984	37	0.00128	0.00128	0.5	96668	124	96606	4116480	42.58
1980-1984	38	0.00140	0.00140	0.5	96544	135	96476	4019874	41.64
1980-1984	39	0.00168	0.00168	0.5	96409	162	96328	3923397	40.70
1980-1984	40	0.00193	0.00193	0.5	96247	185	96154	3827070	39.76
1980-1984	41	0.00174	0.00174	0.5	96061	167	95978	3730916	38.84
1980-1984	42	0.00204	0.00204	0.5	95894	196	95796	3634938	37.91
1980-1984	43	0.00244	0.00244	0.5	95699	233	95582	3539142	36.98
1980-1984	44	0.00261	0.00261	0.5	95465	249	95341	3443560	36.07
1980-1984	45	0.00270	0.00269	0.5	95216	257	95088	3348219	35.16
1980-1984	46	0.00296	0.00296	0.5	94960	281	94819	3253131	34.26
1980-1984	47	0.00301	0.00300	0.5	94679	284	94537	3158312	33.36
1980-1984	48	0.00390	0.00389	0.5	94394	367	94211	3063775	32.46
1980-1984	49	0.00411	0.00410	0.5	94027	386	93834	2969564	31.58
1980-1984	50	0.00392	0.00392	0.5	93641	367	93458	2875730	30.71
1980-1984	51	0.00502	0.00500	0.5	93275	467	93041	2782272	29.83
1980-1984	52	0.00514	0.00513	0.5	92808	476	92570	2689231	28.98
1980-1984	53	0.00547	0.00546	0.5	92332	504	92080	2596661	28.12
1980-1984	54	0.00587	0.00586	0.5	91828	538	91559	2504581	27.27
1980-1984	55	0.00606	0.00604	0.5	91290	551	91015	2413022	26.43
1980-1984	56	0.00692	0.00689	0.5	90739	625	90426	2322007	25.59
1980-1984	57	0.00785	0.00782	0.5	90114	705	89761	2231581	24.76
1980-1984	58	0.00874	0.00870	0.5	89409	778	89020	2141820	23.96
1980-1984	59	0.00824	0.00821	0.5	88631	728	88267	2052800	23.16
1980-1984	60	0.00946	0.00941	0.5	87903	827	87489	1964533	22.35
1980-1984	61	0.00995	0.00990	0.5	87076	862	86644	1877044	21.56
1980-1984	62	0.01180	0.01173	0.5	86213	1011	85708	1790400	20.77
1980-1984	63	0.01303	0.01294	0.5	85202	1103	84651	1704692	20.01
1980-1984	64	0.01334	0.01326	0.5	84099	1115	83542	1620041	19.26
1980-1984	65	0.01468	0.01457	0.5	82985	1209	82380	1536499	18.52
1980-1984	66	0.01670	0.01656	0.5	81775	1354	81098	1454119	17.78
1980-1984	67	0.01717	0.01703	0.5	80421	1369	79736	1373021	17.07
1980-1984	68	0.02078	0.02056	0.5	79052	1626	78239	1293284	16.36
1980-1984	69	0.02031	0.02011	0.5	77426	1557	76648	1215045	15.69
1980-1984	70	0.02256	0.02231	0.5	75869	1693	75023	1138398	15.00
1980-1984	71	0.02299	0.02273	0.5	74177	1686	73333	1063375	14.34
1980-1984	72	0.02841	0.02802	0.5	72490	2031	71475	990041	13.66
1980-1984	73	0.02850	0.02810	0.5	70460	1980	69470	918566	13.04
1980-1984	74	0.03298	0.03245	0.5	68480	2222	67369	849097	12.40
1980-1984	75	0.03244	0.03192	0.5	66257	2115	65200	781728	11.80
1980-1984	76	0.03653	0.03588	0.5	64143	2301	62992	716528	11.17
1980-1984	77	0.04354	0.04262	0.5	61841	2635	60524	653536	10.57
1980-1984	78	0.04853	0.04738	0.5	59206	2805	57803	593012	10.02
1980-1984	79	0.05515	0.05367	0.5	56401	3027	54887	535209	9.49
1980-1984	80	0.05584	0.05432	0.5	53374	2899	51924	480322	9.00
1980-1984	81	0.06182	0.05997	0.5	50475	3027	48961	428397	8.49
1980-1984	82	0.06841	0.06614	0.5	47448	3138	45879	379436	8.00
1980-1984	83	0.07564	0.07288	0.5	44309	3229	42695	333558	7.53
1980-1984	84	0.08356	0.08021	0.5	41080	3295	39433	290863	7.08
1980-1984	85	0.09224	0.08817	0.5	37785	3332	36119	251430	6.65
1980-1984	86	0.10172	0.09680	0.5	34453	3335	32786	215311	6.25
1980-1984	87	0.11206	0.10611	0.5	31119	3302	29468	182525	5.87
1980-1984	88	0.12330	0.11614	0.5	27817	3231	26201	153058	5.50
1980-1984	89	0.13551	0.12691	0.5	24586	3120	23026	126856	5.16
1980-1984	90	0.14872	0.13843	0.5	21466	2971	19980	103831	4.84
1980-1984	91	0.16298	0.15070	0.5	18494	2787	17101	83851	4.53
1980-1984	92	0.17834	0.16374	0.5	15707	2572	14421	66750	4.25
1980-1984	93	0.19480	0.17751	0.5	13135	2332	11969	52329	3.98
1980-1984	94	0.21241	0.19201	0.5	10804	2074	9766	40359	3.74
1980-1984	95	0.23115	0.20720	0.5	8729	1809	7825	30593	3.50
1980-1984	96	0.25104	0.22304	0.5	6920	1544	6149	22768	3.29
1980-1984	97	0.27204	0.23947	0.5	5377	1288	4733	16619	3.09
1980-1984	98	0.29412	0.25641	0.5	4089	1049	3565	11886	2.91
1980-1984	99	0.31723	0.27380	0.5	3041	833	2624	8321	2.74
1980-1984	100	0.34130	0.29155	0.5	2208	644	1886	5696	2.58
1980-1984	101	0.36623	0.30955	0.5	1564	484	1322	3810	2.44
1980-1984	102	0.39192	0.32770	0.5	1080	354	903	2488	2.30
1980-1984	103	0.41824	0.34591	0.5	726	251	601	1585	2.18
1980-1984	104	0.44507	0.36405	0.5	475	173	389	984	2.07
1980-1984	105	0.47224	0.38203	0.5	302	115	244	596	1.97
1980-1984	106	0.49960	0.39974	0.5	187	75	149	351	1.88
1980-1984	107	0.52698	0.41708	0.5	112	47	89	202	1.80
1980-1984	108	0.55423	0.43397	0.5	65	28	51	113	1.73
1980-1984	109	0.58119	0.45033	0.5	37	17	29	62	1.68
1980-1984	110+	0.60769	1.00000	1.65	20	20	33	33	1.65
1985-1989	0	0.00879	0.00872	0.07	100000	872	99192	7811720	78.12
1985-1989	1	0.00063	0.00063	0.5	99128	63	99097	7712528	77.80
1985-1989	2	0.00037	0.00037	0.5	99066	36	99048	7613431	76.85
1985-1989	3	0.00035	0.00035	0.5	99029	35	99012	7514383	75.88
1985-1989	4	0.00025	0.00025	0.5	98995	24	98983	7415371	74.91
1985-1989	5	0.00013	0.00013	0.5	98970	13	98964	7316389	73.93
1985-1989	6	0.00021	0.00021	0.5	98957	21	98947	7217425	72.93
1985-1989	7	0.00024	0.00024	0.5	98936	24	98924	7118478	71.95
1985-1989	8	0.00023	0.00023	0.5	98912	23	98901	7019554	70.97
1985-1989	9	0.00015	0.00015	0.5	98889	15	98882	6920653	69.98
1985-1989	10	0.00012	0.00012	0.5	98875	12	98869	6821771	68.99
1985-1989	11	0.00022	0.00022	0.5	98863	22	98852	6722902	68.00
1985-1989	12	0.00024	0.00024	0.5	98841	24	98829	6624050	67.02
1985-1989	13	0.00029	0.00029	0.5	98817	29	98803	6525221	66.03
1985-1989	14	0.00033	0.00033	0.5	98788	33	98772	6426418	65.05
1985-1989	15	0.00052	0.00052	0.5	98755	51	98729	6327647	64.07
1985-1989	16	0.00062	0.00062	0.5	98704	61	98673	6228917	63.11
1985-1989	17	0.00062	0.00062	0.5	98642	62	98611	6130245	62.15
1985-1989	18	0.00081	0.00081	0.5	98581	80	98541	6031633	61.18
1985-1989	19	0.00073	0.00073	0.5	98501	72	98465	5933092	60.23
1985-1989	20	0.00081	0.00081	0.5	98429	80	98389	5834628	59.28
1985-1989	21	0.00076	0.00076	0.5	98349	75	98311	5736239	58.33
1985-1989	22	0.00073	0.00073	0.5	98274	72	98238	5637927	57.37
1985-1989	23	0.00085	0.00085	0.5	98202	83	98161	5539689	56.41
1985-1989	24	0.00077	0.00077	0.5	98119	76	98081	5441529	55.46
1985-1989	25	0.00086	0.00086	0.5	98043	85	98001	5343448	54.50
1985-1989	26	0.00085	0.00085	0.5	97959	83	97917	5245447	53.55
1985-1989	27	0.00083	0.00083	0.5	97876	81	97835	5147529	52.59
1985-1989	28	0.00072	0.00072	0.5	97794	70	97759	5049694	51.64
1985-1989	29	0.00083	0.00083	0.5	97724	81	97683	4951935	50.67
1985-1989	30	0.00093	0.00093	0.5	97643	91	97597	4854252	49.71
1985-1989	31	0.00088	0.00088	0.5	97552	85	97509	4756654	48.76
1985-1989	32	0.00108	0.00108	0.5	97467	105	97414	4659145	47.80
1985-1989	33	0.00115	0.00114	0.5	97361	111	97306	4561731	46.85
1985-1989	34	0.00101	0.00101	0.5	97250	98	97201	4464425	45.91
1985-1989	35	0.00104	0.00104	0.5	97152	101	97101	4367224	44.95
1985-1989	36	0.00121	0.00120	0.5	97051	117	96992	4270123	44.00
1985-1989	37	0.00149	0.00149	0.5	96934	144	96861	4173130	43.05
1985-1989	38	0.00140	0.00140	0.5	96789	135	96722	4076269	42.11
1985-1989	39	0.00152	0.00152	0.5	96654	147	96581	3979547	41.17
1985-1989	40	0.00137	0.00137	0.5	96507	132	96441	3882967	40.23
1985-1989	41	0.00150	0.00150	0.5	96375	145	96303	3786526	39.29
1985-1989	42	0.00227	0.00226	0.5	96230	218	96121	3690223	38.35
1985-1989	43	0.00194	0.00194	0.5	96012	186	95919	3594102	37.43
1985-1989	44	0.00231	0.00230	0.5	95826	221	95716	3498182	36.51
1985-1989	45	0.00241	0.00241	0.5	95605	231	95490	3402466	35.59
1985-1989	46	0.00290	0.00290	0.5	95375	277	95237	3306976	34.67
1985-1989	47	0.00340	0.00339	0.5	95098	323	94937	3211740	33.77
1985-1989	48	0.00336	0.00336	0.5	94775	318	94616	3116803	32.89
1985-1989	49	0.00372	0.00371	0.5	94457	350	94282	3022187	32.00
1985-1989	50	0.00401	0.00400	0.5	94107	377	93918	2927905	31.11
1985-1989	51	0.00436	0.00435	0.5	93730	408	93526	2833986	30.24
1985-1989	52	0.00558	0.00556	0.5	93322	519	93063	2740460	29.37
1985-1989	53	0.00490	0.00489	0.5	92803	454	92576	2647397	28.53
1985-1989	54	0.00506	0.00505	0.5	92349	466	92116	2554821	27.66
1985-1989	55	0.00634	0.00632	0.5	91883	581	91593	2462705	26.80
1985-1989	56	0.00759	0.00756	0.5	91302	690	90957	2371113	25.97
1985-1989	57	0.00717	0.00715	0.5	90612	648	90288	2280155	25.16
1985-1989	58	0.00927	0.00923	0.5	89965	830	89550	2189867	24.34
1985-1989	59	0.00875	0.00871	0.5	89135	776	88746	2100317	23.56
1985-1989	60	0.00922	0.00918	0.5	88358	811	87953	2011571	22.77
1985-1989	61	0.01060	0.01054	0.5	87548	923	87086	1923618	21.97
1985-1989	62	0.01108	0.01102	0.5	86624	955	86147	1836532	21.20
1985-1989	63	0.01205	0.01198	0.5	85670	1026	85157	1750385	20.43
1985-1989	64	0.01203	0.01196	0.5	84644	1012	84138	1665228	19.67
1985-1989	65	0.01437	0.01427	0.5	83632	1193	83035	1581090	18.91
1985-1989	66	0.01427	0.01417	0.5	82438	1168	81854	1498055	18.17
1985-1989	67	0.01518	0.01507	0.5	81270	1224	80658	1416201	17.43
1985-1989	68	0.01797	0.01781	0.5	80046	1426	79333	1335543	16.68
1985-1989	69	0.01919	0.01901	0.5	78620	1495	77873	1256209	15.98
1985-1989	70	0.02113	0.02090	0.5	77125	1612	76319	1178337	15.28
1985-1989	71	0.02254	0.02229	0.5	75513	1683	74671	1102017	14.59
1985-1989	72	0.02555	0.02523	0.5	73830	1862	72899	1027346	13.92
1985-1989	73	0.02968	0.02925	0.5	71967	2105	70915	954447	13.26
1985-1989	74	0.03041	0.02995	0.5	69863	2092	68816	883532	12.65
1985-1989	75	0.03354	0.03298	0.5	67770	2235	66653	814716	12.02
1985-1989	76	0.03629	0.03564	0.5	65535	2336	64367	748063	11.41
1985-1989	77	0.03661	0.03595	0.5	63199	2272	62063	683696	10.82
1985-1989	78	0.04359	0.04266	0.5	60927	2599	59627	621633	10.20
1985-1989	79	0.05264	0.05129	0.5	58328	2992	56832	562006	9.64
1985-1989	80	0.05378	0.05238	0.5	55336	2898	53887	505174	9.13
1985-1989	81	0.05968	0.05795	0.5	52438	3039	50919	451287	8.61
1985-1989	82	0.06617	0.06405	0.5	49399	3164	47817	400368	8.10
1985-1989	83	0.07332	0.07073	0.5	46235	3270	44600	352551	7.63
1985-1989	84	0.08117	0.07801	0.5	42965	3352	41289	307950	7.17
1985-1989	85	0.08979	0.08593	0.5	39614	3404	37911	266661	6.73
1985-1989	86	0.09923	0.09454	0.5	36209	3423	34498	228749	6.32
1985-1989	87	0.10954	0.10385	0.5	32786	3405	31084	194252	5.92
1985-1989	88	0.12078	0.11390	0.5	29382	3347	27708	163168	5.55
1985-1989	89	0.13301	0.12471	0.5	26035	3247	24412	135459	5.20
1985-1989	90	0.14627	0.13630	0.5	22788	3106	21235	111048	4.87
1985-1989	91	0.16062	0.14868	0.5	19682	2926	18219	89813	4.56
1985-1989	92	0.17610	0.16185	0.5	16756	2712	15400	71594	4.27
1985-1989	93	0.19273	0.17579	0.5	14044	2469	12809	56194	4.00
1985-1989	94	0.21055	0.19049	0.5	11575	2205	10472	43385	3.75
1985-1989	95	0.22956	0.20592	0.5	9370	1929	8405	32913	3.51
1985-1989	96	0.24975	0.22202	0.5	7441	1652	6615	24507	3.29
1985-1989	97	0.27111	0.23875	0.5	5789	1382	5098	17893	3.09
1985-1989	98	0.29360	0.25602	0.5	4407	1128	3842	12795	2.90
1985-1989	99	0.31717	0.27376	0.5	3278	897	2830	8953	2.73
1985-1989	100	0.34174	0.29187	0.5	2381	695	2033	6123	2.57
1985-1989	101	0.36721	0.31025	0.5	1686	523	1424	4090	2.43
1985-1989	102	0.39347	0.32879	0.5	1163	382	972	2665	2.29
1985-1989	103	0.42039	0.34738	0.5	781	271	645	1693	2.17
1985-1989	104	0.44783	0.36590	0.5	509	186	416	1048	2.06
1985-1989	105	0.47561	0.38424	0.5	323	124	261	632	1.96
1985-1989	106	0.50358	0.40229	0.5	199	80	159	371	1.87
1985-1989	107	0.53156	0.41994	0.5	119	50	94	212	1.79
1985-1989	108	0.55937	0.43712	0.5	69	30	54	118	1.72
1985-1989	109	0.58685	0.45372	0.5	39	18	30	65	1.66
1985-1989	110+	0.61382	1.00000	1.63	21	21	35	35	1.63
1990-1994	0	0.00733	0.00728	0.07	100000	728	99322	7863581	78.64
1990-1994	1	0.00051	0.00051	0.5	99272	50	99246	7764259	78.21
1990-1994	2	0.00031	0.00031	0.5	99221	31	99206	7665013	77.25
1990-1994	3	0.00027	0.00027	0.5	99190	27	99177	7565807	76.28
1990-1994	4	0.00032	0.00032	0.5	99163	32	99147	7466630	75.30
1990-1994	5	0.00014	0.00014	0.5	99131	14	99124	7367483	74.32
1990-1994	6	0.00013	0.00013	0.5	99117	13	99110	7268359	73.33
1990-1994	7	0.00019	0.00019	0.5	99104	18	99095	7169248	72.34
1990-1994	8	0.00017	0.00017	0.5	99085	17	99077	7070153	71.35
1990-1994	9	0.00017	0.00017	0.5	99069	17	99060	6971076	70.37
1990-1994	10	0.00015	0.00015	0.5	99052	14	99045	6872016	69.38
1990-1994	11	0.00015	0.00015	0.5	99037	15	99030	6772971	68.39
1990-1994	12	0.00023	0.00023	0.5	99023	23	99011	6673941	67.40
1990-1994	13	0.00027	0.00027	0.5	99000	27	98987	6574930	66.41
1990-1994	14	0.00025	0.00025	0.5	98973	25	98961	6475943	65.43
1990-1994	15	0.00040	0.00040	0.5	98948	40	98928	6376982	64.45
1990-1994	16	0.00040	0.00040	0.5	98908	39	98889	6278054	63.47
1990-1994	17	0.00050	0.00050	0.5	98869	50	98844	6179165	62.50
1990-1994	18	0.00063	0.00063	0.5	98819	62	98788	6080321	61.53
1990-1994	19	0.00088	0.00088	0.5	98757	87	98714	5981532	60.57
1990-1994	20	0.00084	0.00084	0.5	98670	83	98628	5882819	59.62
1990-1994	21	0.00087	0.00087	0.5	98587	86	98544	5784190	58.67
1990-1994	22	0.00096	0.00096	0.5	98501	95	98454	5685647	57.72
1990-1994	23	0.00086	0.00086	0.5	98406	84	98364	5587193	56.78
1990-1994	24	0.00075	0.00075	0.5	98322	74	98285	5488829	55.83
1990-1994	25	0.00094	0.00094	0.5	98248	92	98202	5390544	54.87
1990-1994	26	0.00076	0.00076	0.5	98156	75	98118	5292342	53.92
1990-1994	27	0.00086	0.00086	0.5	98081	85	98038	5194223	52.96
1990-1994	28	0.00100	0.00100	0.5	97996	98	97947	5096185	52.00
1990-1994	29	0.00091	0.00091	0.5	97898	89	97854	4998238	51.06
1990-1994	30	0.00095	0.00095	0.5	97809	93	97763	4900384	50.10
1990-1994	31	0.00117	0.00116	0.5	97717	114	97660	4802621	49.15
1990-1994	32	0.00127	0.00127	0.5	97603	124	97541	4704962	48.21
1990-1994	33	0.00134	0.00134	0.5	97478	131	97413	4607421	47.27
1990-1994	34	0.00117	0.00117	0.5	97348	114	97291	4510008	46.33
1990-1994	35	0.00141	0.00141	0.5	97234	137	97165	4412717	45.38
1990-1994	36	0.00147	0.00147	0.5	97097	142	97026	4315552	44.45
1990-1994	37	0.00176	0.00176	0.5	96954	171	96869	4218526	43.51
1990-1994	38	0.00125	0.00125	0.5	96784	121	96724	4121657	42.59
1990-1994	39	0.00156	0.00156	0.5	96663	151	96588	4024933	41.64
1990-1994	40	0.00180	0.00180	0.5	96512	173	96425	3928346	40.70
1990-1994	41	0.00198	0.00198	0.5	96339	190	96244	3831920	39.78
1990-1994	42	0.00232	0.00232	0.5	96148	223	96037	3735677	38.85
1990-1994	43	0.00236	0.00235	0.5	95925	226	95812	3639640	37.94
1990-1994	44	0.00283	0.00282	0.5	95699	270	95564	3543828	37.03
1990-1994	45	0.00254	0.00254	0.5	95429	242	95308	3448263	36.13
1990-1994	46	0.00274	0.00273	0.5	95187	260	95057	3352955	35.22
1990-1994	47	0.00325	0.00324	0.5	94927	308	94773	3257898	34.32
1990-1994	48	0.00331	0.00330	0.5	94619	313	94463	3163125	33.43
1990-1994	49	0.00364	0.00364	0.5	94306	343	94135	3068663	32.54
1990-1994	50	0.00419	0.00418	0.5	93963	393	93767	2974528	31.66
1990-1994	51	0.00421	0.00421	0.5	93570	394	93373	2880761	30.79
1990-1994	52	0.00468	0.00467	0.5	93177	435	92959	2787388	29.92
1990-1994	53	0.00488	0.00487	0.5	92741	451	92516	2694429	29.05
1990-1994	54	0.00541	0.00540	0.5	92290	498	92041	2601913	28.19
1990-1994	55	0.00616	0.00614	0.5	91792	564	91510	2509872	27.34
1990-1994	56	0.00653	0.00651	0.5	91228	594	90931	2418363	26.51
1990-1994	57	0.00683	0.00681	0.5	90634	617	90325	2327432	25.68
1990-1994	58	0.00822	0.00819	0.5	90016	737	89648	2237107	24.85
1990-1994	59	0.00771	0.00768	0.5	89279	686	88936	2147460	24.05
1990-1994	60	0.00874	0.00870	0.5	88593	771	88208	2058524	23.24
1990-1994	61	0.00963	0.00958	0.5	87823	842	87402	1970316	22.44
1990-1994	62	0.01022	0.01017	0.5	86981	884	86539	1882914	21.65
1990-1994	63	0.01064	0.01059	0.5	86096	912	85641	1796375	20.86
1990-1994	64	0.01142	0.01136	0.5	85185	968	84701	1710735	20.08
1990-1994	65	0.01385	0.01376	0.5	84217	1159	83638	1626034	19.31
1990-1994	66	0.01478	0.01467	0.5	83059	1218	82450	1542395	18.57
1990-1994	67	0.01542	0.01530	0.5	81840	1252	81214	1459946	17.84
1990-1994	68	0.01738	0.01723	0.5	80588	1389	79894	1378732	17.11
1990-1994	69	0.01803	0.01787	0.5	79200	1415	78492	1298837	16.40
1990-1994	70	0.01912	0.01894	0.5	77785	1473	77048	1220345	15.69
1990-1994	71	0.02103	0.02081	0.5	76311	1588	75517	1143297	14.98
1990-1994	72	0.02553	0.02521	0.5	74723	1884	73781	1067780	14.29
1990-1994	73	0.02471	0.02440	0.5	72839	1778	71951	993999	13.65
1990-1994	74	0.02797	0.02758	0.5	71062	1960	70082	922048	12.98
1990-1994	75	0.03071	0.03024	0.5	69102	2090	68057	851966	12.33
1990-1994	76	0.03419	0.03361	0.5	67012	2253	65886	783909	11.70
1990-1994	77	0.03586	0.03523	0.5	64760	2281	63619	718023	11.09
1990-1994	78	0.03872	0.03799	0.5	62478	2373	61291	654405	10.47
1990-1994	79	0.04912	0.04794	0.5	60105	2882	58664	593113	9.87
1990-1994	80	0.04999	0.04877	0.5	57223	2791	55828	534449	9.34
1990-1994	81	0.05573	0.05422	0.5	54432	2951	52957	478621	8.79
1990-1994	82	0.06210	0.06023	0.5	51481	3101	49931	425665	8.27
1990-1994	83	0.06915	0.06684	0.5	48381	3234	46764	375734	7.77
1990-1994	84	0.07695	0.07409	0.5	45147	3345	43474	328970	7.29
1990-1994	85	0.08556	0.08205	0.5	41802	3430	40087	285495	6.83
1990-1994	86	0.09505	0.09073	0.5	38372	3482	36631	245408	6.40
1990-1994	87	0.10549	0.10020	0.5	34891	3496	33143	208777	5.98
1990-1994	88	0.11694	0.11048	0.5	31394	3469	29660	175634	5.59
1990-1994	89	0.12949	0.12162	0.5	27926	3396	26228	145974	5.23
1990-1994	90	0.14320	0.13363	0.5	24530	3278	22891	119747	4.88
1990-1994	91	0.15812	0.14653	0.5	21252	3114	19695	96856	4.56
1990-1994	92	0.17431	0.16033	0.5	18138	2908	16684	77161	4.25
1990-1994	93	0.19182	0.17503	0.5	15230	2666	13897	60477	3.97
1990-1994	94	0.21068	0.19060	0.5	12564	2395	11367	46581	3.71
1990-1994	95	0.23091	0.20701	0.5	10169	2105	9117	35214	3.46
1990-1994	96	0.25251	0.22420	0.5	8064	1808	7160	26097	3.24
1990-1994	97	0.27546	0.24211	0.5	6256	1515	5499	18937	3.03
1990-1994	98	0.29971	0.26065	0.5	4741	1236	4124	13438	2.83
1990-1994	99	0.32520	0.27972	0.5	3506	981	3015	9315	2.66
1990-1994	100	0.35183	0.29920	0.5	2525	755	2147	6299	2.49
1990-1994	101	0.37948	0.31896	0.5	1770	564	1487	4152	2.35
1990-1994	102	0.40799	0.33886	0.5	1205	408	1001	2665	2.21
1990-1994	103	0.43719	0.35877	0.5	797	286	654	1664	2.09
1990-1994	104	0.46690	0.37853	0.5	511	193	414	1010	1.98
1990-1994	105	0.49691	0.39802	0.5	318	126	254	596	1.88
1990-1994	106	0.52700	0.41709	0.5	191	80	151	342	1.79
1990-1994	107	0.55695	0.43563	0.5	111	49	87	190	1.71
1990-1994	108	0.58654	0.45353	0.5	63	29	49	103	1.64
1990-1994	109	0.61557	0.47070	0.5	34	16	26	55	1.59
1990-1994	110+	0.64384	1.00000	1.55	18	18	28	28	1.55
1995-1999	0	0.00700	0.00696	0.07	100000	696	99352	7908999	79.09
1995-1999	1	0.00045	0.00045	0.5	99304	45	99282	7809648	78.64
1995-1999	2	0.00030	0.00030	0.5	99259	30	99244	7710366	77.68
1995-1999	3	0.00018	0.00018	0.5	99229	18	99220	7611121	76.70
1995-1999	4	0.00017	0.00017	0.5	99212	17	99203	7511901	75.72
1995-1999	5	0.00019	0.00019	0.5	99194	19	99185	7412698	74.73
1995-1999	6	0.00008	0.00008	0.5	99176	8	99172	7313513	73.74
1995-1999	7	0.00010	0.00010	0.5	99168	10	99163	7214341	72.75
1995-1999	8	0.00011	0.00011	0.5	99158	11	99152	7115178	71.76
1995-1999	9	0.00018	0.00018	0.5	99147	18	99138	7016026	70.76
1995-1999	10	0.00018	0.00018	0.5	99129	18	99120	6916887	69.78
1995-1999	11	0.00010	0.00010	0.5	99112	10	99107	6817767	68.79
1995-1999	12	0.00023	0.00023	0.5	99102	22	99091	6718660	67.80
1995-1999	13	0.00018	0.00018	0.5	99080	18	99071	6619570	66.81
1995-1999	14	0.00017	0.00017	0.5	99062	16	99054	6520499	65.82
1995-1999	15	0.00028	0.00028	0.5	99046	27	99032	6421445	64.83
1995-1999	16	0.00034	0.00034	0.5	99018	34	99001	6322413	63.85
1995-1999	17	0.00062	0.00062	0.5	98984	62	98953	6223412	62.87
1995-1999	18	0.00075	0.00075	0.5	98923	74	98886	6124458	61.91
1995-1999	19	0.00069	0.00069	0.5	98849	68	98815	6025572	60.96
1995-1999	20	0.00058	0.00058	0.5	98781	58	98752	5926758	60.00
1995-1999	21	0.00066	0.00066	0.5	98723	65	98691	5828005	59.03
1995-1999	22	0.00085	0.00085	0.5	98658	84	98616	5729315	58.07
1995-1999	23	0.00086	0.00086	0.5	98574	84	98532	5630698	57.12
1995-1999	24	0.00083	0.00083	0.5	98490	82	98449	5532166	56.17
1995-1999	25	0.00073	0.00073	0.5	98408	72	98372	5433717	55.22
1995-1999	26	0.00093	0.00093	0.5	98336	92	98290	5335345	54.26
1995-1999	27	0.00070	0.00070	0.5	98245	68	98210	5237054	53.31
1995-1999	28	0.00068	0.00068	0.5	98176	66	98143	5138844	52.34
1995-1999	29	0.00084	0.00084	0.5	98110	82	98069	5040701	51.38
1995-1999	30	0.00080	0.00080	0.5	98027	78	97988	4942632	50.42
1995-1999	31	0.00093	0.00093	0.5	97949	91	97904	4844644	49.46
1995-1999	32	0.00100	0.00100	0.5	97858	98	97809	4746740	48.51
1995-1999	33	0.00124	0.00123	0.5	97761	121	97700	4648931	47.55
1995-1999	34	0.00139	0.00139	0.5	97640	136	97572	4551230	46.61
1995-1999	35	0.00129	0.00129	0.5	97504	125	97441	4453658	45.68
1995-1999	36	0.00128	0.00128	0.5	97379	124	97316	4356217	44.73
1995-1999	37	0.00150	0.00150	0.5	97254	146	97181	4258901	43.79
1995-1999	38	0.00159	0.00159	0.5	97108	154	97031	4161720	42.86
1995-1999	39	0.00174	0.00174	0.5	96954	168	96870	4064689	41.92
1995-1999	40	0.00160	0.00160	0.5	96786	155	96708	3967819	41.00
1995-1999	41	0.00195	0.00195	0.5	96631	188	96537	3871111	40.06
1995-1999	42	0.00203	0.00203	0.5	96443	196	96345	3774574	39.14
1995-1999	43	0.00217	0.00217	0.5	96247	209	96142	3678229	38.22
1995-1999	44	0.00223	0.00223	0.5	96038	214	95931	3582086	37.30
1995-1999	45	0.00241	0.00241	0.5	95824	231	95708	3486156	36.38
1995-1999	46	0.00281	0.00281	0.5	95593	268	95459	3390447	35.47
1995-1999	47	0.00297	0.00297	0.5	95325	283	95184	3294988	34.57
1995-1999	48	0.00307	0.00306	0.5	95042	291	94897	3199805	33.67
1995-1999	49	0.00360	0.00360	0.5	94751	341	94581	3104908	32.77
1995-1999	50	0.00358	0.00358	0.5	94410	338	94242	3010327	31.89
1995-1999	51	0.00431	0.00430	0.5	94073	405	93871	2916085	31.00
1995-1999	52	0.00436	0.00435	0.5	93668	407	93465	2822215	30.13
1995-1999	53	0.00515	0.00513	0.5	93261	479	93021	2728750	29.26
1995-1999	54	0.00483	0.00481	0.5	92782	447	92559	2635729	28.41
1995-1999	55	0.00576	0.00574	0.5	92335	530	92070	2543170	27.54
1995-1999	56	0.00672	0.00670	0.5	91805	615	91498	2451100	26.70
1995-1999	57	0.00715	0.00713	0.5	91190	650	90865	2359603	25.88
1995-1999	58	0.00796	0.00793	0.5	90540	718	90182	2268737	25.06
1995-1999	59	0.00905	0.00901	0.5	89823	809	89418	2178556	24.25
1995-1999	60	0.00892	0.00888	0.5	89013	791	88618	2089138	23.47
1995-1999	61	0.01008	0.01003	0.5	88223	885	87780	2000520	22.68
1995-1999	62	0.01073	0.01068	0.5	87337	933	86871	1912740	21.90
1995-1999	63	0.01049	0.01043	0.5	86405	902	85954	1825869	21.13
1995-1999	64	0.01216	0.01209	0.5	85503	1033	84987	1739914	20.35
1995-1999	65	0.01297	0.01289	0.5	84470	1089	83926	1654928	19.59
1995-1999	66	0.01304	0.01296	0.5	83381	1080	82841	1571002	18.84
1995-1999	67	0.01434	0.01424	0.5	82301	1172	81715	1488161	18.08
1995-1999	68	0.01629	0.01616	0.5	81129	1311	80473	1406446	17.34
1995-1999	69	0.01802	0.01786	0.5	79818	1426	79105	1325973	16.61
1995-1999	70	0.01798	0.01782	0.5	78392	1397	77694	1246868	15.91
1995-1999	71	0.02100	0.02078	0.5	76995	1600	76195	1169174	15.19
1995-1999	72	0.02380	0.02352	0.5	75395	1773	74508	1092980	14.50
1995-1999	73	0.02479	0.02449	0.5	73621	1803	72720	1018472	13.83
1995-1999	74	0.02710	0.02674	0.5	71818	1920	70858	945752	13.17
1995-1999	75	0.02759	0.02722	0.5	69898	1902	68947	874894	12.52
1995-1999	76	0.03190	0.03140	0.5	67996	2135	66928	805947	11.85
1995-1999	77	0.03441	0.03382	0.5	65860	2228	64747	739019	11.22
1995-1999	78	0.04021	0.03942	0.5	63633	2509	62378	674272	10.60
1995-1999	79	0.04361	0.04268	0.5	61124	2609	59820	611894	10.01
1995-1999	80	0.04862	0.04747	0.5	58515	2777	57126	552074	9.43
1995-1999	81	0.05429	0.05285	0.5	55738	2946	54265	494948	8.88
1995-1999	82	0.06058	0.05880	0.5	52792	3104	51240	440683	8.35
1995-1999	83	0.06756	0.06535	0.5	49688	3247	48064	389443	7.84
1995-1999	84	0.07529	0.07256	0.5	46441	3370	44756	341379	7.35
1995-1999	85	0.08385	0.08047	0.5	43071	3466	41338	296623	6.89
1995-1999	86	0.09329	0.08913	0.5	39605	3530	37840	255285	6.45
1995-1999	87	0.10370	0.09858	0.5	36075	3556	34297	217445	6.03
1995-1999	88	0.11514	0.10887	0.5	32518	3540	30748	183148	5.63
1995-1999	89	0.12769	0.12003	0.5	28978	3478	27239	152400	5.26
1995-1999	90	0.14142	0.13208	0.5	25500	3368	23816	125161	4.91
1995-1999	91	0.15639	0.14505	0.5	22132	3210	20527	101345	4.58
1995-1999	92	0.17267	0.15894	0.5	18922	3007	17418	80818	4.27
1995-1999	93	0.19029	0.17376	0.5	15914	2765	14532	63400	3.98
1995-1999	94	0.20931	0.18948	0.5	13149	2491	11903	48868	3.72
1995-1999	95	0.22973	0.20606	0.5	10658	2196	9560	36965	3.47
1995-1999	96	0.25157	0.22346	0.5	8461	1891	7516	27405	3.24
1995-1999	97	0.27479	0.24160	0.5	6571	1587	5777	19889	3.03
1995-1999	98	0.29937	0.26039	0.5	4983	1298	4334	14112	2.83
1995-1999	99	0.32521	0.27973	0.5	3686	1031	3170	9778	2.65
1995-1999	100	0.35223	0.29949	0.5	2655	795	2257	6607	2.49
1995-1999	101	0.38030	0.31954	0.5	1860	594	1563	4350	2.34
1995-1999	102	0.40925	0.33973	0.5	1265	430	1050	2788	2.20
1995-1999	103	0.43891	0.35992	0.5	836	301	685	1737	2.08
1995-1999	104	0.46908	0.37997	0.5	535	203	433	1052	1.97
1995-1999	105	0.49955	0.39971	0.5	332	133	265	619	1.87
1995-1999	106	0.53007	0.41902	0.5	199	83	157	354	1.78
1995-1999	107	0.56043	0.43776	0.5	116	51	90	196	1.70
1995-1999	108	0.59040	0.45584	0.5	65	30	50	106	1.63
1995-1999	109	0.61977	0.47315	0.5	35	17	27	56	1.58
1995-1999	110+	0.64832	1.00000	1.54	19	19	29	29	1.54
2000-2004	0	0.00732	0.00727	0.07	100000	727	99323	7988267	79.88
2000-2004	1	0.00052	0.00052	0.5	99273	52	99247	7888944	79.47
2000-2004	2	0.00023	0.00023	0.5	99221	23	99209	7789697	78.51
2000-2004	3	0.00022	0.00022	0.5	99198	22	99187	7690488	77.53
2000-2004	4	0.00017	0.00017	0.5	99176	17	99168	7591301	76.54
2000-2004	5	0.00006	0.00006	0.5	99159	6	99156	7492134	75.56
2000-2004	6	0.00010	0.00010	0.5	99153	10	99148	7392978	74.56
2000-2004	7	0.00012	0.00012	0.5	99143	12	99137	7293830	73.57
2000-2004	8	0.00006	0.00006	0.5	99131	6	99128	7194694	72.58
2000-2004	9	0.00015	0.00015	0.5	99125	15	99117	7095566	71.58
2000-2004	10	0.00007	0.00007	0.5	99109	7	99106	6996449	70.59
2000-2004	11	0.00012	0.00012	0.5	99103	11	99097	6897343	69.60
2000-2004	12	0.00019	0.00019	0.5	99091	18	99082	6798246	68.61
2000-2004	13	0.00020	0.00020	0.5	99073	20	99063	6699164	67.62
2000-2004	14	0.00020	0.00020	0.5	99053	20	99043	6600102	66.63
2000-2004	15	0.00022	0.00022	0.5	99033	22	99022	6501059	65.65
2000-2004	16	0.00031	0.00031	0.5	99011	31	98996	6402037	64.66
2000-2004	17	0.00052	0.00052	0.5	98980	51	98954	6303041	63.68
2000-2004	18	0.00057	0.00057	0.5	98929	56	98901	6204087	62.71
2000-2004	19	0.00071	0.00071	0.5	98872	70	98837	6105186	61.75
2000-2004	20	0.00061	0.00061	0.5	98803	61	98772	6006349	60.79
2000-2004	21	0.00080	0.00080	0.5	98742	79	98703	5907577	59.83
2000-2004	22	0.00061	0.00061	0.5	98663	60	98633	5808874	58.88
2000-2004	23	0.00061	0.00061	0.5	98603	60	98573	5710241	57.91
2000-2004	24	0.00063	0.00063	0.5	98543	62	98512	5611668	56.95
2000-2004	25	0.00049	0.00049	0.5	98481	49	98457	5513156	55.98
2000-2004	26	0.00080	0.00080	0.5	98433	79	98393	5414699	55.01
2000-2004	27	0.00069	0.00069	0.5	98354	68	98320	5316306	54.05
2000-2004	28	0.00065	0.00065	0.5	98286	64	98254	5217986	53.09
2000-2004	29	0.00059	0.00059	0.5	98222	58	98193	5119732	52.12
2000-2004	30	0.00088	0.00088	0.5	98164	86	98121	5021539	51.15
2000-2004	31	0.00094	0.00094	0.5	98078	92	98032	4923418	50.20
2000-2004	32	0.00074	0.00074	0.5	97986	73	97949	4825387	49.25
2000-2004	33	0.00099	0.00099	0.5	97913	97	97864	4727438	48.28
2000-2004	34	0.00090	0.00090	0.5	97816	88	97772	4629573	47.33
2000-2004	35	0.00098	0.00098	0.5	97728	96	97680	4531801	46.37
2000-2004	36	0.00105	0.00105	0.5	97632	102	97581	4434121	45.42
2000-2004	37	0.00129	0.00129	0.5	97530	126	97467	4336540	44.46
2000-2004	38	0.00148	0.00148	0.5	97404	144	97332	4239073	43.52
2000-2004	39	0.00159	0.00159	0.5	97260	155	97183	4141741	42.58
2000-2004	40	0.00138	0.00138	0.5	97106	134	97039	4044558	41.65
2000-2004	41	0.00197	0.00197	0.5	96972	191	96876	3947519	40.71
2000-2004	42	0.00186	0.00185	0.5	96781	179	96691	3850642	39.79
2000-2004	43	0.00203	0.00203	0.5	96601	196	96503	3753951	38.86
2000-2004	44	0.00240	0.00240	0.5	96405	231	96290	3657448	37.94
2000-2004	45	0.00274	0.00273	0.5	96174	263	96042	3561158	37.03
2000-2004	46	0.00267	0.00267	0.5	95911	256	95783	3465116	36.13
2000-2004	47	0.00332	0.00331	0.5	95655	317	95497	3369333	35.22
2000-2004	48	0.00317	0.00317	0.5	95339	302	95187	3273836	34.34
2000-2004	49	0.00362	0.00361	0.5	95036	343	94865	3178648	33.45
2000-2004	50	0.00388	0.00387	0.5	94693	367	94510	3083784	32.57
2000-2004	51	0.00364	0.00363	0.5	94327	342	94156	2989273	31.69
2000-2004	52	0.00476	0.00475	0.5	93984	447	93761	2895118	30.80
2000-2004	53	0.00433	0.00432	0.5	93538	404	93336	2801357	29.95
2000-2004	54	0.00478	0.00476	0.5	93134	444	92912	2708021	29.08
2000-2004	55	0.00497	0.00496	0.5	92690	459	92460	2615109	28.21
2000-2004	56	0.00558	0.00556	0.5	92231	513	91974	2522649	27.35
2000-2004	57	0.00611	0.00609	0.5	91718	559	91438	2430675	26.50
2000-2004	58	0.00719	0.00717	0.5	91159	653	90832	2339236	25.66
2000-2004	59	0.00764	0.00762	0.5	90506	689	90161	2248404	24.84
2000-2004	60	0.00801	0.00798	0.5	89816	717	89458	2158243	24.03
2000-2004	61	0.00906	0.00902	0.5	89100	803	88698	2068785	23.22
2000-2004	62	0.00940	0.00935	0.5	88296	826	87884	1980087	22.43
2000-2004	63	0.01036	0.01030	0.5	87471	901	87020	1892203	21.63
2000-2004	64	0.01182	0.01175	0.5	86569	1017	86061	1805183	20.85
2000-2004	65	0.01175	0.01168	0.5	85552	999	85053	1719122	20.09
2000-2004	66	0.01290	0.01282	0.5	84553	1084	84011	1634070	19.33
2000-2004	67	0.01333	0.01324	0.5	83470	1105	82917	1550058	18.57
2000-2004	68	0.01463	0.01453	0.5	82364	1197	81766	1467141	17.81
2000-2004	69	0.01564	0.01552	0.5	81168	1260	80538	1385375	17.07
2000-2004	70	0.01676	0.01662	0.5	79908	1328	79244	1304838	16.33
2000-2004	71	0.01880	0.01862	0.5	78579	1463	77848	1225594	15.60
2000-2004	72	0.01991	0.01972	0.5	77116	1520	76356	1147747	14.88
2000-2004	73	0.02179	0.02156	0.5	75595	1630	74781	1071391	14.17
2000-2004	74	0.02394	0.02365	0.5	73966	1750	73091	996610	13.47
2000-2004	75	0.02566	0.02534	0.5	72216	1830	71301	923519	12.79
2000-2004	76	0.03011	0.02966	0.5	70386	2088	69343	852218	12.11
2000-2004	77	0.03326	0.03271	0.5	68299	2234	67182	782875	11.46
2000-2004	78	0.03780	0.03710	0.5	66065	2451	64839	715694	10.83
2000-2004	79	0.03832	0.03760	0.5	63613	2392	62417	650855	10.23
2000-2004	80	0.04403	0.04308	0.5	61221	2638	59903	588437	9.61
2000-2004	81	0.04967	0.04846	0.5	58584	2839	57164	528535	9.02
2000-2004	82	0.05599	0.05447	0.5	55745	3036	54226	471371	8.46
2000-2004	83	0.06308	0.06115	0.5	52708	3223	51097	417144	7.91
2000-2004	84	0.07101	0.06857	0.5	49485	3393	47789	366047	7.40
2000-2004	85	0.07986	0.07680	0.5	46092	3540	44322	318259	6.90
2000-2004	86	0.08973	0.08588	0.5	42552	3654	40725	273937	6.44
2000-2004	87	0.10071	0.09588	0.5	38898	3730	37033	233211	6.00
2000-2004	88	0.11289	0.10686	0.5	35168	3758	33289	196178	5.58
2000-2004	89	0.12636	0.11885	0.5	31410	3733	29544	162889	5.19
2000-2004	90	0.14121	0.13190	0.5	27677	3651	25852	133346	4.82
2000-2004	91	0.15754	0.14603	0.5	24026	3509	22272	107494	4.47
2000-2004	92	0.17540	0.16126	0.5	20518	3309	18863	85222	4.15
2000-2004	93	0.19486	0.17756	0.5	17209	3056	15681	66358	3.86
2000-2004	94	0.21598	0.19493	0.5	14153	2759	12774	50677	3.58
2000-2004	95	0.23875	0.21329	0.5	11395	2430	10179	37903	3.33
2000-2004	96	0.26318	0.23258	0.5	8964	2085	7922	27723	3.09
2000-2004	97	0.28923	0.25269	0.5	6879	1738	6010	19802	2.88
2000-2004	98	0.31681	0.27349	0.5	5141	1406	4438	13791	2.68
2000-2004	99	0.34582	0.29484	0.5	3735	1101	3184	9353	2.50
2000-2004	100	0.37609	0.31656	0.5	2634	834	2217	6169	2.34
2000-2004	101	0.40744	0.33849	0.5	1800	609	1495	3952	2.20
2000-2004	102	0.43964	0.36042	0.5	1191	429	976	2457	2.06
2000-2004	103	0.47243	0.38216	0.5	762	291	616	1481	1.94
2000-2004	104	0.50553	0.40353	0.5	471	190	376	864	1.84
2000-2004	105	0.53866	0.42436	0.5	281	119	221	489	1.74
2000-2004	106	0.57151	0.44449	0.5	162	72	126	268	1.66
2000-2004	107	0.60380	0.46378	0.5	90	42	69	142	1.58
2000-2004	108	0.63527	0.48213	0.5	48	23	37	73	1.52
2000-2004	109	0.66567	0.49944	0.5	25	12	19	37	1.47
2000-2004	110+	0.69481	1.00000	1.44	12	12	18	18	1.44
2005-2009	0	0.00625	0.00621	0.07	100000	621	99419	8057205	80.57
2005-2009	1	0.00050	0.00050	0.5	99379	49	99354	7957785	80.08
2005-2009	2	0.00022	0.00022	0.5	99329	22	99318	7858431	79.11
2005-2009	3	0.00017	0.00017	0.5	99307	17	99299	7759113	78.13
2005-2009	4	0.00019	0.00019	0.5	99290	19	99281	7659814	77.15
2005-2009	5	0.00017	0.00017	0.5	99271	16	99263	7560533	76.16
2005-2009	6	0.00011	0.00011	0.5	99255	11	99249	7461270	75.17
2005-2009	7	0.00013	0.00013	0.5	99244	13	99238	7362021	74.18
2005-2009	8	0.00009	0.00009	0.5	99232	9	99227	7262783	73.19
2005-2009	9	0.00014	0.00014	0.5	99223	14	99216	7163556	72.20
2005-2009	10	0.00013	0.00013	0.5	99209	13	99202	7064340	71.21
2005-2009	11	0.00014	0.00014	0.5	99196	14	99188	6965138	70.22
2005-2009	12	0.00009	0.00009	0.5	99181	9	99177	6865950	69.23
2005-2009	13	0.00008	0.00008	0.5	99172	8	99168	6766773	68.23
2005-2009	14	0.00019	0.00019	0.5	99164	18	99155	6667605	67.24
2005-2009	15	0.00024	0.00024	0.5	99145	24	99133	6568451	66.25
2005-2009	16	0.00031	0.00031	0.5	99122	31	99106	6469317	65.27
2005-2009	17	0.00038	0.00038	0.5	99091	38	99072	6370211	64.29
2005-2009	18	0.00062	0.00062	0.5	99054	62	99023	6271138	63.31
2005-2009	19	0.00075	0.00075	0.5	98992	75	98955	6172116	62.35
2005-2009	20	0.00052	0.00052	0.5	98917	52	98891	6073161	61.40
2005-2009	21	0.00081	0.00081	0.5	98865	80	98825	5974270	60.43
2005-2009	22	0.00057	0.00057	0.5	98785	56	98757	5875445	59.48
2005-2009	23	0.00077	0.00077	0.5	98729	76	98692	5776687	58.51
2005-2009	24	0.00059	0.00059	0.5	98654	58	98625	5677996	57.55
2005-2009	25	0.00053	0.00053	0.5	98596	53	98569	5579371	56.59
2005-2009	26	0.00063	0.00063	0.5	98543	62	98512	5480801	55.62
2005-2009	27	0.00077	0.00077	0.5	98481	76	98443	5382289	54.65
2005-2009	28	0.00081	0.00081	0.5	98405	80	98365	5283846	53.69
2005-2009	29	0.00072	0.00072	0.5	98325	71	98290	5185481	52.74
2005-2009	30	0.00065	0.00065	0.5	98254	64	98222	5087192	51.78
2005-2009	31	0.00108	0.00108	0.5	98190	106	98137	4988970	50.81
2005-2009	32	0.00072	0.00072	0.5	98084	71	98048	4890833	49.86
2005-2009	33	0.00119	0.00119	0.5	98013	116	97955	4792785	48.90
2005-2009	34	0.00113	0.00112	0.5	97897	110	97842	4694830	47.96
2005-2009	35	0.00117	0.00117	0.5	97787	115	97729	4596988	47.01
2005-2009	36	0.00120	0.00120	0.5	97672	117	97614	4499258	46.06
2005-2009	37	0.00118	0.00118	0.5	97555	115	97498	4401645	45.12
2005-2009	38	0.00150	0.00150	0.5	97440	146	97367	4304147	44.17
2005-2009	39	0.00139	0.00139	0.5	97294	135	97227	4206780	43.24
2005-2009	40	0.00146	0.00146	0.5	97159	141	97089	4109553	42.30
2005-2009	41	0.00167	0.00167	0.5	97018	162	96937	4012464	41.36
2005-2009	42	0.00209	0.00209	0.5	96856	202	96755	3915527	40.43
2005-2009	43	0.00218	0.00218	0.5	96654	211	96549	3818772	39.51
2005-2009	44	0.00218	0.00217	0.5	96443	210	96338	3722223	38.59
2005-2009	45	0.00250	0.00250	0.5	96234	240	96113	3625885	37.68
2005-2009	46	0.00287	0.00287	0.5	95993	275	95856	3529771	36.77
2005-2009	47	0.00322	0.00322	0.5	95718	308	95564	3433916	35.88
2005-2009	48	0.00320	0.00320	0.5	95410	305	95257	3338352	34.99
2005-2009	49	0.00368	0.00367	0.5	95105	349	94930	3243094	34.10
2005-2009	50	0.00362	0.00362	0.5	94756	343	94584	3148164	33.22
2005-2009	51	0.00399	0.00398	0.5	94413	376	94225	3053580	32.34
2005-2009	52	0.00478	0.00477	0.5	94037	448	93813	2959355	31.47
2005-2009	53	0.00463	0.00462	0.5	93588	432	93372	2865543	30.62
2005-2009	54	0.00431	0.00430	0.5	93156	401	92956	2772170	29.76
2005-2009	55	0.00502	0.00501	0.5	92756	464	92523	2679214	28.88
2005-2009	56	0.00594	0.00592	0.5	92291	546	92018	2586691	28.03
2005-2009	57	0.00580	0.00578	0.5	91745	530	91480	2494673	27.19
2005-2009	58	0.00652	0.00649	0.5	91214	592	90918	2403193	26.35
2005-2009	59	0.00691	0.00689	0.5	90622	624	90310	2312275	25.52
2005-2009	60	0.00734	0.00732	0.5	89998	658	89668	2221965	24.69
2005-2009	61	0.00804	0.00801	0.5	89339	715	88982	2132297	23.87
2005-2009	62	0.00866	0.00862	0.5	88624	764	88242	2043315	23.06
2005-2009	63	0.00929	0.00924	0.5	87860	812	87454	1955073	22.25
2005-2009	64	0.01054	0.01048	0.5	87048	913	86592	1867619	21.46
2005-2009	65	0.01105	0.01099	0.5	86136	947	85662	1781027	20.68
2005-2009	66	0.01167	0.01160	0.5	85189	988	84695	1695365	19.90
2005-2009	67	0.01338	0.01329	0.5	84201	1119	83641	1610670	19.13
2005-2009	68	0.01412	0.01402	0.5	83082	1165	82499	1527029	18.38
2005-2009	69	0.01594	0.01581	0.5	81917	1295	81269	1444530	17.63
2005-2009	70	0.01580	0.01568	0.5	80622	1264	79990	1363260	16.91
2005-2009	71	0.01743	0.01728	0.5	79358	1371	78672	1283271	16.17
2005-2009	72	0.01870	0.01853	0.5	77986	1445	77264	1204599	15.45
2005-2009	73	0.02078	0.02057	0.5	76541	1574	75754	1127335	14.73
2005-2009	74	0.02303	0.02276	0.5	74967	1707	74114	1051581	14.03
2005-2009	75	0.02413	0.02384	0.5	73260	1747	72387	977467	13.34
2005-2009	76	0.02662	0.02627	0.5	71514	1879	70574	905080	12.66
2005-2009	77	0.02945	0.02902	0.5	69635	2021	68624	834506	11.98
2005-2009	78	0.03290	0.03236	0.5	67614	2188	66520	765882	11.33
2005-2009	79	0.03642	0.03577	0.5	65426	2340	64255	699362	10.69
2005-2009	80	0.03772	0.03702	0.5	63085	2336	61917	635107	10.07
2005-2009	81	0.04298	0.04208	0.5	60750	2556	59472	573189	9.44
2005-2009	82	0.04894	0.04777	0.5	58194	2780	56803	513718	8.83
2005-2009	83	0.05569	0.05418	0.5	55413	3002	53912	456914	8.25
2005-2009	84	0.06332	0.06138	0.5	52411	3217	50802	403002	7.69
2005-2009	85	0.07193	0.06943	0.5	49194	3416	47486	352199	7.16
2005-2009	86	0.08162	0.07842	0.5	45778	3590	43983	304713	6.66
2005-2009	87	0.09251	0.08842	0.5	42188	3730	40323	260730	6.18
2005-2009	88	0.10470	0.09949	0.5	38458	3826	36545	220407	5.73
2005-2009	89	0.11831	0.11171	0.5	34632	3869	32698	183862	5.31
2005-2009	90	0.13346	0.12512	0.5	30763	3849	28839	151164	4.91
2005-2009	91	0.15026	0.13976	0.5	26914	3761	25034	122325	4.54
2005-2009	92	0.16879	0.15565	0.5	23153	3604	21351	97291	4.20
2005-2009	93	0.18914	0.17280	0.5	19549	3378	17860	75940	3.88
2005-2009	94	0.21136	0.19116	0.5	16171	3091	14625	58080	3.59
2005-2009	95	0.23550	0.21069	0.5	13080	2756	11702	43455	3.32
2005-2009	96	0.26153	0.23129	0.5	10324	2388	9130	31753	3.08
2005-2009	97	0.28942	0.25283	0.5	7936	2007	6933	22623	2.85
2005-2009	98	0.31906	0.27517	0.5	5930	1632	5114	15690	2.65
2005-2009	99	0.35032	0.29810	0.5	4298	1281	3657	10576	2.46
2005-2009	100	0.38299	0.32144	0.5	3017	970	2532	6919	2.29
2005-2009	101	0.41683	0.34494	0.5	2047	706	1694	4387	2.14
2005-2009	102	0.45154	0.36838	0.5	1341	494	1094	2693	2.01
2005-2009	103	0.48681	0.39152	0.5	847	332	681	1599	1.89
2005-2009	104	0.52229	0.41414	0.5	515	213	409	917	1.78
2005-2009	105	0.55761	0.43604	0.5	302	132	236	509	1.69
2005-2009	106	0.59242	0.45704	0.5	170	78	131	273	1.60
2005-2009	107	0.62639	0.47700	0.5	92	44	70	141	1.53
2005-2009	108	0.65921	0.49579	0.5	48	24	36	71	1.47
2005-2009	109	0.69062	0.51335	0.5	24	13	18	35	1.42
2005-2009	110+	0.72041	1.00000	1.39	12	12	16	16	1.39
2010-2014	0	0.00554	0.00551	0.06	100000	551	99484	8152944	81.53
2010-2014	1	0.00029	0.00029	0.5	99449	29	99434	8053460	80.98
2010-2014	2	0.00018	0.00018	0.5	99420	18	99411	7954026	80.00
2010-2014	3	0.00020	0.00020	0.5	99402	20	99392	7854615	79.02
2010-2014	4	0.00018	0.00018	0.5	99382	18	99373	7755223	78.03
2010-2014	5	0.00005	0.00005	0.5	99364	5	99362	7655850	77.05
2010-2014	6	0.00013	0.00013	0.5	99359	13	99353	7556488	76.05
2010-2014	7	0.00009	0.00009	0.5	99346	9	99342	7457136	75.06
2010-2014	8	0.00013	0.00013	0.5	99337	13	99330	7357794	74.07
2010-2014	9	0.00011	0.00011	0.5	99324	11	99319	7258463	73.08
2010-2014	10	0.00016	0.00016	0.5	99313	16	99305	7159145	72.09
2010-2014	11	0.00009	0.00009	0.5	99298	8	99293	7059839	71.10
2010-2014	12	0.00007	0.00007	0.5	99289	7	99286	6960546	70.10
2010-2014	13	0.00007	0.00007	0.5	99282	7	99278	6861260	69.11
2010-2014	14	0.00021	0.00021	0.5	99275	21	99264	6761982	68.11
2010-2014	15	0.00016	0.00016	0.5	99254	16	99246	6662718	67.13
2010-2014	16	0.00035	0.00035	0.5	99238	35	99221	6563472	66.14
2010-2014	17	0.00046	0.00046	0.5	99203	45	99180	6464251	65.16
2010-2014	18	0.00043	0.00043	0.5	99158	43	99136	6365071	64.19
2010-2014	19	0.00062	0.00062	0.5	99115	61	99084	6265935	63.22
2010-2014	20	0.00075	0.00075	0.5	99053	74	99016	6166851	62.26
2010-2014	21	0.00064	0.00064	0.5	98979	63	98948	6067835	61.30
2010-2014	22	0.00067	0.00067	0.5	98916	66	98883	5968887	60.34
2010-2014	23	0.00068	0.00068	0.5	98850	67	98817	5870004	59.38
2010-2014	24	0.00063	0.00063	0.5	98783	62	98752	5771188	58.42
2010-2014	25	0.00066	0.00065	0.5	98720	65	98688	5672436	57.46
2010-2014	26	0.00087	0.00087	0.5	98656	86	98613	5573748	56.50
2010-2014	27	0.00057	0.00057	0.5	98570	56	98541	5475135	55.55
2010-2014	28	0.00077	0.00077	0.5	98513	75	98475	5376594	54.58
2010-2014	29	0.00070	0.00070	0.5	98438	69	98403	5278118	53.62
2010-2014	30	0.00077	0.00077	0.5	98369	76	98331	5179715	52.66
2010-2014	31	0.00080	0.00080	0.5	98293	79	98254	5081384	51.70
2010-2014	32	0.00085	0.00085	0.5	98214	84	98172	4983131	50.74
2010-2014	33	0.00095	0.00095	0.5	98131	93	98084	4884958	49.78
2010-2014	34	0.00093	0.00093	0.5	98037	91	97992	4786874	48.83
2010-2014	35	0.00102	0.00102	0.5	97946	100	97896	4688882	47.87
2010-2014	36	0.00122	0.00122	0.5	97847	119	97787	4590986	46.92
2010-2014	37	0.00140	0.00139	0.5	97728	136	97659	4493199	45.98
2010-2014	38	0.00128	0.00128	0.5	97591	125	97529	4395540	45.04
2010-2014	39	0.00153	0.00153	0.5	97467	149	97392	4298011	44.10
2010-2014	40	0.00158	0.00158	0.5	97318	154	97241	4200618	43.16
2010-2014	41	0.00154	0.00154	0.5	97164	150	97089	4103378	42.23
2010-2014	42	0.00172	0.00172	0.5	97014	167	96931	4006289	41.30
2010-2014	43	0.00203	0.00203	0.5	96847	196	96749	3909358	40.37
2010-2014	44	0.00201	0.00200	0.5	96651	194	96554	3812609	39.45
2010-2014	45	0.00219	0.00219	0.5	96457	211	96352	3716054	38.53
2010-2014	46	0.00287	0.00287	0.5	96247	276	96109	3619702	37.61
2010-2014	47	0.00277	0.00277	0.5	95971	266	95838	3523594	36.72
2010-2014	48	0.00313	0.00313	0.5	95705	299	95555	3427756	35.82
2010-2014	49	0.00340	0.00339	0.5	95406	324	95244	3332201	34.93
2010-2014	50	0.00349	0.00349	0.5	95082	332	94916	3236957	34.04
2010-2014	51	0.00384	0.00383	0.5	94750	363	94568	3142042	33.16
2010-2014	52	0.00423	0.00422	0.5	94387	398	94188	3047473	32.29
2010-2014	53	0.00455	0.00454	0.5	93989	426	93776	2953285	31.42
2010-2014	54	0.00522	0.00521	0.5	93562	487	93319	2859510	30.56
2010-2014	55	0.00562	0.00560	0.5	93075	521	92814	2766191	29.72
2010-2014	56	0.00595	0.00594	0.5	92554	550	92279	2673376	28.88
2010-2014	57	0.00585	0.00583	0.5	92004	537	91736	2581097	28.05
2010-2014	58	0.00637	0.00635	0.5	91468	581	91177	2489361	27.22
2010-2014	59	0.00718	0.00715	0.5	90887	650	90561	2398184	26.39
2010-2014	60	0.00733	0.00731	0.5	90236	659	89907	2307623	25.57
2010-2014	61	0.00837	0.00833	0.5	89577	746	89204	2217716	24.76
2010-2014	62	0.00756	0.00753	0.5	88831	669	88497	2128512	23.96
2010-2014	63	0.00851	0.00848	0.5	88162	747	87789	2040016	23.14
2010-2014	64	0.00988	0.00983	0.5	87415	860	86985	1952227	22.33
2010-2014	65	0.01026	0.01021	0.5	86555	884	86113	1865242	21.55
2010-2014	66	0.01100	0.01094	0.5	85672	937	85203	1779128	20.77
2010-2014	67	0.01246	0.01238	0.5	84735	1049	84210	1693925	19.99
2010-2014	68	0.01258	0.01250	0.5	83685	1046	83162	1609715	19.24
2010-2014	69	0.01478	0.01467	0.5	82640	1212	82033	1526553	18.47
2010-2014	70	0.01502	0.01491	0.5	81427	1214	80821	1444519	17.74
2010-2014	71	0.01678	0.01664	0.5	80214	1335	79546	1363699	17.00
2010-2014	72	0.01682	0.01668	0.5	78879	1316	78221	1284152	16.28
2010-2014	73	0.01911	0.01893	0.5	77563	1468	76829	1205931	15.55
2010-2014	74	0.02057	0.02036	0.5	76095	1549	75320	1129102	14.84
2010-2014	75	0.02451	0.02422	0.5	74546	1805	73643	1053782	14.14
2010-2014	76	0.02451	0.02422	0.5	72740	1761	71860	980139	13.47
2010-2014	77	0.02736	0.02700	0.5	70979	1916	70021	908279	12.80
2010-2014	78	0.03068	0.03022	0.5	69063	2087	68019	838259	12.14
2010-2014	79	0.03328	0.03274	0.5	66976	2192	65880	770239	11.50
2010-2014	80	0.03166	0.03117	0.5	64783	2019	63774	704359	10.87
2010-2014	81	0.03622	0.03558	0.5	62764	2233	61648	640586	10.21
2010-2014	82	0.04141	0.04057	0.5	60531	2456	59303	578938	9.56
2010-2014	83	0.04730	0.04621	0.5	58075	2683	56734	519635	8.95
2010-2014	84	0.05397	0.05255	0.5	55392	2911	53936	462901	8.36
2010-2014	85	0.06152	0.05968	0.5	52481	3132	50915	408965	7.79
2010-2014	86	0.07004	0.06767	0.5	49349	3339	47679	358050	7.26
2010-2014	87	0.07963	0.07658	0.5	46009	3523	44248	310371	6.75
2010-2014	88	0.09040	0.08649	0.5	42486	3675	40649	266123	6.26
2010-2014	89	0.10245	0.09746	0.5	38811	3783	36920	225474	5.81
2010-2014	90	0.11590	0.10955	0.5	35029	3837	33110	188554	5.38
2010-2014	91	0.13084	0.12281	0.5	31192	3831	29276	155444	4.98
2010-2014	92	0.14738	0.13726	0.5	27361	3756	25483	126168	4.61
2010-2014	93	0.16560	0.15293	0.5	23605	3610	21800	100685	4.27
2010-2014	94	0.18557	0.16981	0.5	19995	3395	18298	78884	3.95
2010-2014	95	0.20733	0.18786	0.5	16600	3118	15041	60587	3.65
2010-2014	96	0.23092	0.20702	0.5	13481	2791	12086	45546	3.38
2010-2014	97	0.25632	0.22720	0.5	10690	2429	9476	33460	3.13
2010-2014	98	0.28348	0.24828	0.5	8262	2051	7236	23984	2.90
2010-2014	99	0.31230	0.27012	0.5	6210	1678	5372	16748	2.70
2010-2014	100	0.34266	0.29254	0.5	4533	1326	3870	11377	2.51
2010-2014	101	0.37437	0.31534	0.5	3207	1011	2701	7507	2.34
2010-2014	102	0.40721	0.33832	0.5	2196	743	1824	4806	2.19
2010-2014	103	0.44091	0.36127	0.5	1453	525	1190	2981	2.05
2010-2014	104	0.47520	0.38397	0.5	928	356	750	1791	1.93
2010-2014	105	0.50975	0.40622	0.5	572	232	456	1041	1.82
2010-2014	106	0.54424	0.42782	0.5	339	145	267	586	1.73
2010-2014	107	0.57835	0.44862	0.5	194	87	151	319	1.64
2010-2014	108	0.61176	0.46846	0.5	107	50	82	168	1.57
2010-2014	109	0.64418	0.48725	0.5	57	28	43	86	1.52
2010-2014	110+	0.67537	1.00000	1.48	29	29	43	43	1.48
2015-2017	0	0.00572	0.00569	0.06	100000	569	99467	8168770	81.69
2015-2017	1	0.00044	0.00044	0.5	99431	44	99409	8069303	81.16
2015-2017	2	0.00020	0.00020	0.5	99387	20	99377	7969894	80.19
2015-2017	3	0.00011	0.00011	0.5	99367	11	99361	7870517	79.21
2015-2017	4	0.00013	0.00013	0.5	99356	13	99350	7771156	78.22
2015-2017	5	0.00009	0.00009	0.5	99343	9	99339	7671807	77.23
2015-2017	6	0.00011	0.00011	0.5	99334	11	99328	7572468	76.23
2015-2017	7	0.00019	0.00019	0.5	99323	19	99313	7473139	75.24
2015-2017	8	0.00008	0.00008	0.5	99303	8	99299	7373826	74.26
2015-2017	9	0.00012	0.00012	0.5	99296	12	99290	7274527	73.26
2015-2017	10	0.00004	0.00004	0.5	99284	4	99282	7175237	72.27
2015-2017	11	0.00014	0.00014	0.5	99280	14	99273	7075955	71.27
2015-2017	12	0.00016	0.00016	0.5	99266	16	99258	6976683	70.28
2015-2017	13	0.00018	0.00018	0.5	99250	18	99241	6877425	69.29
2015-2017	14	0.00012	0.00012	0.5	99231	12	99225	6778184	68.31
2015-2017	15	0.00023	0.00023	0.5	99219	23	99208	6678959	67.32
2015-2017	16	0.00027	0.00027	0.5	99196	27	99183	6579751	66.33
2015-2017	17	0.00036	0.00036	0.5	99169	36	99151	6480569	65.35
2015-2017	18	0.00066	0.00066	0.5	99133	65	99101	6381417	64.37
2015-2017	19	0.00078	0.00078	0.5	99068	78	99029	6282317	63.41
2015-2017	20	0.00072	0.00072	0.5	98990	71	98954	6183288	62.46
2015-2017	21	0.00099	0.00098	0.5	98919	97	98870	6084333	61.51
2015-2017	22	0.00058	0.00058	0.5	98821	57	98793	5985463	60.57
2015-2017	23	0.00074	0.00074	0.5	98764	73	98728	5886670	59.60
2015-2017	24	0.00074	0.00074	0.5	98692	73	98655	5787942	58.65
2015-2017	25	0.00066	0.00066	0.5	98619	65	98587	5689287	57.69
2015-2017	26	0.00093	0.00093	0.5	98554	92	98508	5590700	56.73
2015-2017	27	0.00073	0.00073	0.5	98463	72	98427	5492192	55.78
2015-2017	28	0.00087	0.00087	0.5	98391	86	98348	5393765	54.82
2015-2017	29	0.00065	0.00065	0.5	98305	64	98273	5295418	53.87
2015-2017	30	0.00101	0.00101	0.5	98241	100	98191	5197145	52.90
2015-2017	31	0.00097	0.00097	0.5	98141	96	98093	5098954	51.96
2015-2017	32	0.00109	0.00109	0.5	98046	107	97992	5000861	51.01
2015-2017	33	0.00083	0.00083	0.5	97939	81	97898	4902869	50.06
2015-2017	34	0.00081	0.00080	0.5	97857	79	97818	4804971	49.10
2015-2017	35	0.00100	0.00100	0.5	97778	97	97730	4707153	48.14
2015-2017	36	0.00133	0.00133	0.5	97681	130	97616	4609423	47.19
2015-2017	37	0.00141	0.00141	0.5	97551	138	97482	4511807	46.25
2015-2017	38	0.00140	0.00139	0.5	97414	136	97346	4414325	45.32
2015-2017	39	0.00141	0.00141	0.5	97278	137	97209	4316979	44.38
2015-2017	40	0.00154	0.00154	0.5	97141	150	97066	4219770	43.44
2015-2017	41	0.00176	0.00176	0.5	96991	171	96906	4122704	42.51
2015-2017	42	0.00185	0.00184	0.5	96820	179	96731	4025799	41.58
2015-2017	43	0.00182	0.00182	0.5	96642	176	96554	3929067	40.66
2015-2017	44	0.00228	0.00228	0.5	96466	220	96356	3832514	39.73
2015-2017	45	0.00220	0.00220	0.5	96246	212	96140	3736157	38.82
2015-2017	46	0.00225	0.00224	0.5	96035	215	95927	3640017	37.90
2015-2017	47	0.00265	0.00264	0.5	95819	253	95693	3544090	36.99
2015-2017	48	0.00330	0.00330	0.5	95566	315	95409	3448398	36.08
2015-2017	49	0.00290	0.00289	0.5	95251	276	95113	3352989	35.20
2015-2017	50	0.00362	0.00362	0.5	94976	343	94804	3257876	34.30
2015-2017	51	0.00429	0.00428	0.5	94632	405	94429	3163072	33.42
2015-2017	52	0.00387	0.00386	0.5	94227	364	94045	3068643	32.57
2015-2017	53	0.00483	0.00482	0.5	93863	452	93637	2974598	31.69
2015-2017	54	0.00499	0.00498	0.5	93411	465	93178	2880961	30.84
2015-2017	55	0.00550	0.00548	0.5	92946	509	92691	2787783	29.99
2015-2017	56	0.00527	0.00525	0.5	92436	485	92194	2695092	29.16
2015-2017	57	0.00623	0.00621	0.5	91951	571	91665	2602898	28.31
2015-2017	58	0.00702	0.00699	0.5	91380	639	91060	2511233	27.48
2015-2017	59	0.00703	0.00701	0.5	90741	636	90423	2420173	26.67
2015-2017	60	0.00807	0.00804	0.5	90105	724	89743	2329750	25.86
2015-2017	61	0.00835	0.00831	0.5	89381	743	89009	2240007	25.06
2015-2017	62	0.00881	0.00877	0.5	88638	778	88249	2150997	24.27
2015-2017	63	0.00992	0.00987	0.5	87860	867	87427	2062748	23.48
2015-2017	64	0.00902	0.00897	0.5	86993	781	86603	1975321	22.71
2015-2017	65	0.01024	0.01018	0.5	86213	878	85774	1888718	21.91
2015-2017	66	0.01050	0.01045	0.5	85335	892	84889	1802945	21.13
2015-2017	67	0.01211	0.01204	0.5	84443	1017	83935	1718056	20.35
2015-2017	68	0.01198	0.01191	0.5	83426	993	82930	1634121	19.59
2015-2017	69	0.01360	0.01351	0.5	82433	1113	81876	1551191	18.82
2015-2017	70	0.01477	0.01466	0.5	81320	1193	80723	1469315	18.07
2015-2017	71	0.01566	0.01554	0.5	80127	1245	79504	1388591	17.33
2015-2017	72	0.01764	0.01748	0.5	78882	1379	78192	1309087	16.60
2015-2017	73	0.01874	0.01856	0.5	77503	1439	76784	1230895	15.88
2015-2017	74	0.02025	0.02004	0.5	76064	1525	75302	1154111	15.17
2015-2017	75	0.02160	0.02137	0.5	74540	1593	73743	1078809	14.47
2015-2017	76	0.02574	0.02541	0.5	72947	1854	72020	1005066	13.78
2015-2017	77	0.02785	0.02746	0.5	71093	1953	70117	933046	13.12
2015-2017	78	0.03156	0.03107	0.5	69141	2148	68066	862929	12.48
2015-2017	79	0.03333	0.03278	0.5	66992	2196	65894	794863	11.86
2015-2017	80	0.03026	0.02981	0.5	64796	1931	63830	728969	11.25
2015-2017	81	0.03447	0.03388	0.5	62865	2130	61800	665138	10.58
2015-2017	82	0.03924	0.03848	0.5	60735	2337	59566	603339	9.93
2015-2017	83	0.04464	0.04367	0.5	58398	2550	57123	543772	9.31
2015-2017	84	0.05075	0.04950	0.5	55848	2764	54466	486650	8.71
2015-2017	85	0.05765	0.05604	0.5	53083	2975	51596	432184	8.14
2015-2017	86	0.06543	0.06336	0.5	50109	3175	48521	380588	7.60
2015-2017	87	0.07419	0.07153	0.5	46934	3357	45255	332067	7.08
2015-2017	88	0.08401	0.08063	0.5	43576	3513	41820	286812	6.58
2015-2017	89	0.09502	0.09071	0.5	40063	3634	38246	244992	6.12
2015-2017	90	0.10730	0.10184	0.5	36429	3710	34574	206746	5.68
2015-2017	91	0.12098	0.11408	0.5	32719	3732	30853	172172	5.26
2015-2017	92	0.13614	0.12747	0.5	28987	3695	27139	141319	4.88
2015-2017	93	0.15289	0.14204	0.5	25292	3592	23496	114180	4.51
2015-2017	94	0.17132	0.15780	0.5	21699	3424	19987	90684	4.18
2015-2017	95	0.19148	0.17475	0.5	18275	3194	16678	70697	3.87
2015-2017	96	0.21344	0.19286	0.5	15082	2909	13627	54019	3.58
2015-2017	97	0.23720	0.21205	0.5	12173	2581	10882	40391	3.32
2015-2017	98	0.26275	0.23224	0.5	9592	2228	8478	29509	3.08
2015-2017	99	0.29005	0.25332	0.5	7364	1865	6431	21031	2.86
2015-2017	100	0.31900	0.27512	0.5	5499	1513	4742	14600	2.66
2015-2017	101	0.34947	0.29749	0.5	3986	1186	3393	9857	2.47
2015-2017	102	0.38125	0.32021	0.5	2800	897	2352	6464	2.31
2015-2017	103	0.41414	0.34310	0.5	1903	653	1577	4112	2.16
2015-2017	104	0.44786	0.36592	0.5	1250	458	1022	2536	2.03
2015-2017	105	0.48212	0.38848	0.5	793	308	639	1514	1.91
2015-2017	106	0.51660	0.41056	0.5	485	199	385	875	1.80
2015-2017	107	0.55098	0.43197	0.5	286	123	224	490	1.71
2015-2017	108	0.58491	0.45256	0.5	162	73	126	266	1.64
2015-2017	109	0.61811	0.47218	0.5	89	42	68	140	1.58
2015-2017	110+	0.65028	1.00000	1.54	47	47	72	72	1.54
