CT: Connecticut, Lifetables (period 1x10), Both sexes Last modified: 3 Dec 2019, MPv5 (May07) 

Year     	Age	mx	qx	ax	lx	dx	Lx	Tx	ex
1960-1969	0	0.02113	0.02074	0.11	100000	2074	98149	7145386	71.45
1960-1969	1	0.00116	0.00116	0.5	97926	114	97870	7047238	71.96
1960-1969	2	0.00069	0.00069	0.5	97813	68	97779	6949368	71.05
1960-1969	3	0.00054	0.00054	0.5	97745	53	97719	6851589	70.10
1960-1969	4	0.00044	0.00044	0.5	97692	43	97671	6753870	69.13
1960-1969	5	0.00042	0.00042	0.5	97649	41	97629	6656199	68.16
1960-1969	6	0.00039	0.00039	0.5	97608	38	97589	6558570	67.19
1960-1969	7	0.00038	0.00038	0.5	97570	37	97551	6460981	66.22
1960-1969	8	0.00029	0.00029	0.5	97533	28	97518	6363430	65.24
1960-1969	9	0.00024	0.00024	0.5	97504	24	97492	6265912	64.26
1960-1969	10	0.00028	0.00028	0.5	97480	27	97467	6168419	63.28
1960-1969	11	0.00029	0.00029	0.5	97453	29	97439	6070953	62.30
1960-1969	12	0.00031	0.00031	0.5	97424	31	97409	5973514	61.31
1960-1969	13	0.00035	0.00035	0.5	97394	34	97377	5876105	60.33
1960-1969	14	0.00038	0.00037	0.5	97360	37	97342	5778728	59.35
1960-1969	15	0.00048	0.00048	0.5	97324	46	97300	5681386	58.38
1960-1969	16	0.00063	0.00063	0.5	97277	61	97247	5584086	57.40
1960-1969	17	0.00074	0.00074	0.5	97216	72	97180	5486839	56.44
1960-1969	18	0.00081	0.00081	0.5	97144	78	97105	5389659	55.48
1960-1969	19	0.00091	0.00091	0.5	97066	89	97022	5292554	54.53
1960-1969	20	0.00097	0.00097	0.5	96977	94	96930	5195532	53.57
1960-1969	21	0.00099	0.00098	0.5	96883	95	96835	5098602	52.63
1960-1969	22	0.00098	0.00098	0.5	96788	94	96740	5001767	51.68
1960-1969	23	0.00095	0.00095	0.5	96693	92	96647	4905026	50.73
1960-1969	24	0.00095	0.00095	0.5	96601	92	96555	4808379	49.78
1960-1969	25	0.00104	0.00104	0.5	96509	100	96459	4711824	48.82
1960-1969	26	0.00099	0.00099	0.5	96409	95	96362	4615365	47.87
1960-1969	27	0.00094	0.00094	0.5	96314	90	96269	4519003	46.92
1960-1969	28	0.00108	0.00108	0.5	96224	104	96172	4422734	45.96
1960-1969	29	0.00097	0.00097	0.5	96120	93	96073	4326562	45.01
1960-1969	30	0.00110	0.00110	0.5	96027	106	95974	4230489	44.06
1960-1969	31	0.00122	0.00122	0.5	95921	117	95863	4134515	43.10
1960-1969	32	0.00121	0.00121	0.5	95804	116	95746	4038652	42.16
1960-1969	33	0.00122	0.00122	0.5	95688	117	95630	3942906	41.21
1960-1969	34	0.00145	0.00144	0.5	95571	138	95502	3847276	40.26
1960-1969	35	0.00152	0.00152	0.5	95433	145	95361	3751774	39.31
1960-1969	36	0.00165	0.00165	0.5	95289	157	95210	3656413	38.37
1960-1969	37	0.00174	0.00174	0.5	95132	165	95049	3561203	37.43
1960-1969	38	0.00217	0.00217	0.5	94966	206	94863	3466154	36.50
1960-1969	39	0.00234	0.00233	0.5	94760	221	94650	3371291	35.58
1960-1969	40	0.00232	0.00231	0.5	94539	219	94430	3276641	34.66
1960-1969	41	0.00262	0.00262	0.5	94321	247	94197	3182211	33.74
1960-1969	42	0.00297	0.00297	0.5	94074	279	93934	3088014	32.83
1960-1969	43	0.00313	0.00313	0.5	93794	294	93648	2994080	31.92
1960-1969	44	0.00358	0.00358	0.5	93501	334	93334	2900432	31.02
1960-1969	45	0.00409	0.00408	0.5	93166	380	92976	2807098	30.13
1960-1969	46	0.00423	0.00422	0.5	92786	392	92590	2714122	29.25
1960-1969	47	0.00499	0.00497	0.5	92395	459	92165	2621532	28.37
1960-1969	48	0.00548	0.00547	0.5	91935	503	91684	2529367	27.51
1960-1969	49	0.00607	0.00605	0.5	91432	553	91156	2437683	26.66
1960-1969	50	0.00679	0.00677	0.5	90879	615	90572	2346527	25.82
1960-1969	51	0.00729	0.00726	0.5	90264	655	89936	2255956	24.99
1960-1969	52	0.00817	0.00814	0.5	89609	729	89244	2166019	24.17
1960-1969	53	0.00907	0.00903	0.5	88880	802	88479	2076775	23.37
1960-1969	54	0.00977	0.00972	0.5	88077	856	87649	1988297	22.57
1960-1969	55	0.01030	0.01025	0.5	87221	894	86774	1900647	21.79
1960-1969	56	0.01186	0.01179	0.5	86327	1018	85818	1813873	21.01
1960-1969	57	0.01253	0.01245	0.5	85309	1062	84778	1728055	20.26
1960-1969	58	0.01411	0.01401	0.5	84247	1180	83657	1643277	19.51
1960-1969	59	0.01467	0.01456	0.5	83067	1210	82462	1559620	18.78
1960-1969	60	0.01637	0.01624	0.5	81858	1329	81193	1477157	18.05
1960-1969	61	0.01784	0.01768	0.5	80528	1424	79816	1395965	17.34
1960-1969	62	0.01970	0.01951	0.5	79104	1543	78332	1316148	16.64
1960-1969	63	0.02154	0.02131	0.5	77561	1653	76734	1237816	15.96
1960-1969	64	0.02346	0.02319	0.5	75908	1760	75028	1161082	15.30
1960-1969	65	0.02552	0.02520	0.5	74148	1868	73214	1086054	14.65
1960-1969	66	0.02772	0.02734	0.5	72279	1976	71291	1012840	14.01
1960-1969	67	0.03103	0.03056	0.5	70303	2148	69229	941549	13.39
1960-1969	68	0.03274	0.03221	0.5	68155	2195	67057	872320	12.80
1960-1969	69	0.03524	0.03463	0.5	65959	2284	64817	805263	12.21
1960-1969	70	0.04017	0.03938	0.5	63675	2507	62421	740446	11.63
1960-1969	71	0.04236	0.04148	0.5	61168	2537	59899	678025	11.08
1960-1969	72	0.04810	0.04697	0.5	58630	2754	57253	618126	10.54
1960-1969	73	0.05120	0.04992	0.5	55876	2789	54482	560872	10.04
1960-1969	74	0.05515	0.05367	0.5	53087	2849	51663	506390	9.54
1960-1969	75	0.06136	0.05954	0.5	50238	2991	48742	454728	9.05
1960-1969	76	0.06454	0.06252	0.5	47247	2954	45770	405985	8.59
1960-1969	77	0.07044	0.06804	0.5	44293	3014	42786	360215	8.13
1960-1969	78	0.07744	0.07455	0.5	41279	3077	39740	317429	7.69
1960-1969	79	0.08447	0.08105	0.5	38202	3096	36654	277689	7.27
1960-1969	80	0.09078	0.08684	0.5	35106	3048	33581	241035	6.87
1960-1969	81	0.09761	0.09307	0.5	32057	2984	30565	207454	6.47
1960-1969	82	0.10596	0.10063	0.5	29074	2926	27611	176888	6.08
1960-1969	83	0.12088	0.11399	0.5	26148	2981	24658	149277	5.71
1960-1969	84	0.13231	0.12410	0.5	23167	2875	21730	124620	5.38
1960-1969	85	0.14474	0.13497	0.5	20292	2739	18923	102890	5.07
1960-1969	86	0.15385	0.14286	0.5	17554	2508	16300	83967	4.78
1960-1969	87	0.16553	0.15288	0.5	15046	2300	13896	67667	4.50
1960-1969	88	0.18220	0.16699	0.5	12746	2128	11682	53771	4.22
1960-1969	89	0.19854	0.18061	0.5	10617	1918	9659	42090	3.96
1960-1969	90	0.21538	0.19444	0.5	8700	1692	7854	32431	3.73
1960-1969	91	0.23326	0.20889	0.5	7008	1464	6276	24577	3.51
1960-1969	92	0.25218	0.22394	0.5	5544	1242	4923	18301	3.30
1960-1969	93	0.27213	0.23954	0.5	4303	1031	3787	13377	3.11
1960-1969	94	0.29308	0.25562	0.5	3272	836	2854	9590	2.93
1960-1969	95	0.31498	0.27213	0.5	2436	663	2104	6736	2.77
1960-1969	96	0.33778	0.28898	0.5	1773	512	1517	4632	2.61
1960-1969	97	0.36141	0.30609	0.5	1261	386	1068	3115	2.47
1960-1969	98	0.38576	0.32338	0.5	875	283	733	2048	2.34
1960-1969	99	0.41074	0.34076	0.5	592	202	491	1315	2.22
1960-1969	100	0.43623	0.35812	0.5	390	140	320	824	2.11
1960-1969	101	0.46211	0.37538	0.5	250	94	203	503	2.01
1960-1969	102	0.48824	0.39244	0.5	156	61	126	300	1.92
1960-1969	103	0.51447	0.40921	0.5	95	39	76	174	1.83
1960-1969	104	0.54066	0.42561	0.5	56	24	44	99	1.75
1960-1969	105	0.56666	0.44156	0.5	32	14	25	54	1.68
1960-1969	106	0.59234	0.45699	0.5	18	8	14	29	1.62
1960-1969	107	0.61756	0.47186	0.5	10	5	7	15	1.56
1960-1969	108	0.64219	0.48610	0.5	5	3	4	8	1.52
1960-1969	109	0.66612	0.49969	0.5	3	1	2	4	1.48
1960-1969	110+	0.68925	1.00000	1.45	1	1	2	2	1.45
1970-1979	0	0.01464	0.01445	0.09	100000	1445	98684	7384385	73.84
1970-1979	1	0.00077	0.00077	0.5	98555	76	98517	7285701	73.93
1970-1979	2	0.00050	0.00050	0.5	98479	49	98455	7187184	72.98
1970-1979	3	0.00043	0.00043	0.5	98430	42	98409	7088730	72.02
1970-1979	4	0.00039	0.00039	0.5	98388	38	98369	6990320	71.05
1970-1979	5	0.00039	0.00039	0.5	98350	38	98331	6891951	70.08
1970-1979	6	0.00032	0.00032	0.5	98312	32	98296	6793620	69.10
1970-1979	7	0.00030	0.00030	0.5	98280	29	98265	6695325	68.13
1970-1979	8	0.00024	0.00024	0.5	98251	24	98239	6597059	67.15
1970-1979	9	0.00025	0.00025	0.5	98227	24	98215	6498820	66.16
1970-1979	10	0.00023	0.00023	0.5	98203	23	98192	6400605	65.18
1970-1979	11	0.00025	0.00025	0.5	98180	24	98168	6302414	64.19
1970-1979	12	0.00028	0.00028	0.5	98156	27	98142	6204246	63.21
1970-1979	13	0.00028	0.00028	0.5	98129	28	98115	6106103	62.23
1970-1979	14	0.00038	0.00038	0.5	98101	37	98082	6007989	61.24
1970-1979	15	0.00042	0.00042	0.5	98064	41	98043	5909906	60.27
1970-1979	16	0.00065	0.00065	0.5	98023	64	97991	5811863	59.29
1970-1979	17	0.00081	0.00081	0.5	97959	79	97919	5713872	58.33
1970-1979	18	0.00104	0.00104	0.5	97880	102	97829	5615953	57.38
1970-1979	19	0.00104	0.00104	0.5	97778	101	97727	5518124	56.44
1970-1979	20	0.00107	0.00107	0.5	97676	104	97624	5420397	55.49
1970-1979	21	0.00110	0.00110	0.5	97572	108	97518	5322773	54.55
1970-1979	22	0.00111	0.00111	0.5	97465	108	97411	5225255	53.61
1970-1979	23	0.00093	0.00093	0.5	97357	91	97311	5127844	52.67
1970-1979	24	0.00102	0.00102	0.5	97266	99	97216	5030533	51.72
1970-1979	25	0.00099	0.00099	0.5	97167	96	97118	4933317	50.77
1970-1979	26	0.00104	0.00104	0.5	97070	101	97020	4836198	49.82
1970-1979	27	0.00090	0.00090	0.5	96970	87	96926	4739178	48.87
1970-1979	28	0.00101	0.00101	0.5	96882	98	96833	4642252	47.92
1970-1979	29	0.00091	0.00091	0.5	96784	88	96740	4545419	46.96
1970-1979	30	0.00098	0.00098	0.5	96696	95	96649	4448679	46.01
1970-1979	31	0.00104	0.00104	0.5	96602	100	96551	4352030	45.05
1970-1979	32	0.00105	0.00105	0.5	96501	101	96451	4255479	44.10
1970-1979	33	0.00126	0.00126	0.5	96400	122	96339	4159028	43.14
1970-1979	34	0.00121	0.00120	0.5	96279	116	96221	4062688	42.20
1970-1979	35	0.00136	0.00136	0.5	96163	130	96097	3966468	41.25
1970-1979	36	0.00133	0.00133	0.5	96032	127	95968	3870370	40.30
1970-1979	37	0.00161	0.00161	0.5	95905	154	95828	3774402	39.36
1970-1979	38	0.00161	0.00161	0.5	95751	154	95674	3678574	38.42
1970-1979	39	0.00193	0.00193	0.5	95597	185	95504	3582901	37.48
1970-1979	40	0.00206	0.00206	0.5	95412	196	95314	3487396	36.55
1970-1979	41	0.00238	0.00238	0.5	95216	227	95102	3392083	35.63
1970-1979	42	0.00259	0.00258	0.5	94989	245	94866	3296980	34.71
1970-1979	43	0.00294	0.00293	0.5	94744	278	94605	3202114	33.80
1970-1979	44	0.00315	0.00314	0.5	94466	297	94317	3107509	32.90
1970-1979	45	0.00361	0.00361	0.5	94169	340	93999	3013192	32.00
1970-1979	46	0.00379	0.00378	0.5	93829	355	93652	2919193	31.11
1970-1979	47	0.00436	0.00436	0.5	93474	407	93271	2825541	30.23
1970-1979	48	0.00471	0.00470	0.5	93067	437	92849	2732270	29.36
1970-1979	49	0.00536	0.00535	0.5	92630	495	92382	2639421	28.49
1970-1979	50	0.00545	0.00544	0.5	92135	501	91884	2547039	27.64
1970-1979	51	0.00621	0.00619	0.5	91634	567	91350	2455155	26.79
1970-1979	52	0.00682	0.00679	0.5	91066	619	90757	2363805	25.96
1970-1979	53	0.00718	0.00715	0.5	90448	647	90124	2273048	25.13
1970-1979	54	0.00790	0.00787	0.5	89801	707	89447	2182924	24.31
1970-1979	55	0.00882	0.00878	0.5	89094	782	88702	2093476	23.50
1970-1979	56	0.00987	0.00982	0.5	88311	867	87878	2004774	22.70
1970-1979	57	0.01040	0.01034	0.5	87444	904	86992	1916896	21.92
1970-1979	58	0.01167	0.01161	0.5	86540	1004	86037	1829905	21.15
1970-1979	59	0.01244	0.01237	0.5	85535	1058	85006	1743867	20.39
1970-1979	60	0.01387	0.01377	0.5	84478	1164	83896	1658861	19.64
1970-1979	61	0.01498	0.01487	0.5	83314	1238	82695	1574965	18.90
1970-1979	62	0.01703	0.01689	0.5	82076	1386	81383	1492270	18.18
1970-1979	63	0.01796	0.01780	0.5	80690	1436	79971	1410888	17.49
1970-1979	64	0.01998	0.01979	0.5	79253	1568	78469	1330916	16.79
1970-1979	65	0.02165	0.02142	0.5	77685	1664	76853	1252447	16.12
1970-1979	66	0.02306	0.02280	0.5	76022	1733	75155	1175593	15.46
1970-1979	67	0.02493	0.02462	0.5	74288	1829	73374	1100438	14.81
1970-1979	68	0.02667	0.02632	0.5	72459	1907	71506	1027065	14.17
1970-1979	69	0.02917	0.02875	0.5	70552	2029	69538	955559	13.54
1970-1979	70	0.03179	0.03129	0.5	68523	2144	67451	886021	12.93
1970-1979	71	0.03440	0.03382	0.5	66379	2245	65257	818570	12.33
1970-1979	72	0.03912	0.03837	0.5	64134	2461	62904	753313	11.75
1970-1979	73	0.04164	0.04079	0.5	61674	2516	60416	690409	11.19
1970-1979	74	0.04480	0.04381	0.5	59158	2592	57862	629993	10.65
1970-1979	75	0.05057	0.04932	0.5	56566	2790	55171	572131	10.11
1970-1979	76	0.05485	0.05338	0.5	53776	2871	52341	516960	9.61
1970-1979	77	0.05897	0.05728	0.5	50906	2916	49448	464619	9.13
1970-1979	78	0.06497	0.06293	0.5	47990	3020	46480	415171	8.65
1970-1979	79	0.06994	0.06758	0.5	44970	3039	43450	368691	8.20
1970-1979	80	0.07622	0.07342	0.5	41931	3079	40392	325241	7.76
1970-1979	81	0.07935	0.07632	0.5	38852	2965	37370	284849	7.33
1970-1979	82	0.08875	0.08498	0.5	35887	3050	34362	247480	6.90
1970-1979	83	0.09706	0.09257	0.5	32837	3040	31317	213117	6.49
1970-1979	84	0.10931	0.10365	0.5	29798	3088	28253	181800	6.10
1970-1979	85	0.11851	0.11188	0.5	26709	2988	25215	153547	5.75
1970-1979	86	0.13008	0.12213	0.5	23721	2897	22272	128332	5.41
1970-1979	87	0.13818	0.12925	0.5	20824	2691	19478	106059	5.09
1970-1979	88	0.15261	0.14179	0.5	18132	2571	16847	86581	4.77
1970-1979	89	0.16770	0.15473	0.5	15561	2408	14357	69734	4.48
1970-1979	90	0.18260	0.16732	0.5	13154	2201	12053	55377	4.21
1970-1979	91	0.19854	0.18061	0.5	10953	1978	9964	43324	3.96
1970-1979	92	0.21557	0.19460	0.5	8975	1746	8101	33360	3.72
1970-1979	93	0.23368	0.20924	0.5	7228	1512	6472	25259	3.49
1970-1979	94	0.25288	0.22450	0.5	5716	1283	5074	18787	3.29
1970-1979	95	0.27316	0.24034	0.5	4433	1065	3900	13713	3.09
1970-1979	96	0.29448	0.25669	0.5	3367	864	2935	9813	2.91
1970-1979	97	0.31681	0.27348	0.5	2503	685	2161	6878	2.75
1970-1979	98	0.34007	0.29065	0.5	1818	529	1554	4717	2.59
1970-1979	99	0.36419	0.30809	0.5	1290	397	1091	3163	2.45
1970-1979	100	0.38908	0.32572	0.5	892	291	747	2072	2.32
1970-1979	101	0.41462	0.34343	0.5	602	207	498	1324	2.20
1970-1979	102	0.44069	0.36112	0.5	395	143	324	826	2.09
1970-1979	103	0.46715	0.37870	0.5	252	96	205	502	1.99
1970-1979	104	0.49386	0.39606	0.5	157	62	126	298	1.90
1970-1979	105	0.52065	0.41311	0.5	95	39	75	172	1.81
1970-1979	106	0.54737	0.42976	0.5	56	24	44	97	1.74
1970-1979	107	0.57387	0.44592	0.5	32	14	25	53	1.67
1970-1979	108	0.60000	0.46154	0.5	18	8	14	28	1.61
1970-1979	109	0.62561	0.47654	0.5	9	5	7	15	1.57
1970-1979	110+	0.65057	1.00000	1.54	5	5	8	8	1.54
1980-1989	0	0.01017	0.01007	0.08	100000	1007	99070	7587704	75.88
1980-1989	1	0.00049	0.00049	0.5	98993	48	98969	7488634	75.65
1980-1989	2	0.00045	0.00045	0.5	98944	44	98922	7389665	74.68
1980-1989	3	0.00032	0.00032	0.5	98900	32	98884	7290743	73.72
1980-1989	4	0.00025	0.00025	0.5	98868	25	98856	7191859	72.74
1980-1989	5	0.00029	0.00029	0.5	98843	29	98829	7093003	71.76
1980-1989	6	0.00025	0.00025	0.5	98815	25	98802	6994174	70.78
1980-1989	7	0.00022	0.00022	0.5	98790	22	98779	6895371	69.80
1980-1989	8	0.00019	0.00019	0.5	98768	18	98759	6796593	68.81
1980-1989	9	0.00022	0.00022	0.5	98749	22	98738	6697834	67.83
1980-1989	10	0.00017	0.00017	0.5	98728	16	98719	6599096	66.84
1980-1989	11	0.00017	0.00017	0.5	98711	17	98703	6500376	65.85
1980-1989	12	0.00018	0.00018	0.5	98694	18	98685	6401673	64.86
1980-1989	13	0.00023	0.00023	0.5	98676	23	98665	6302988	63.88
1980-1989	14	0.00031	0.00031	0.5	98654	30	98638	6204323	62.89
1980-1989	15	0.00043	0.00043	0.5	98623	42	98602	6105684	61.91
1980-1989	16	0.00057	0.00057	0.5	98581	56	98553	6007082	60.94
1980-1989	17	0.00078	0.00078	0.5	98525	77	98487	5908529	59.97
1980-1989	18	0.00086	0.00086	0.5	98449	85	98406	5810042	59.02
1980-1989	19	0.00095	0.00095	0.5	98363	94	98317	5711636	58.07
1980-1989	20	0.00095	0.00095	0.5	98270	93	98223	5613320	57.12
1980-1989	21	0.00100	0.00100	0.5	98177	98	98128	5515096	56.18
1980-1989	22	0.00101	0.00101	0.5	98079	99	98029	5416969	55.23
1980-1989	23	0.00099	0.00099	0.5	97980	97	97931	5318939	54.29
1980-1989	24	0.00105	0.00105	0.5	97882	102	97831	5221008	53.34
1980-1989	25	0.00103	0.00103	0.5	97780	100	97730	5123177	52.40
1980-1989	26	0.00109	0.00109	0.5	97680	107	97626	5025448	51.45
1980-1989	27	0.00111	0.00111	0.5	97573	108	97519	4927821	50.50
1980-1989	28	0.00112	0.00112	0.5	97465	110	97410	4830302	49.56
1980-1989	29	0.00105	0.00105	0.5	97356	102	97304	4732892	48.61
1980-1989	30	0.00112	0.00112	0.5	97253	109	97199	4635587	47.67
1980-1989	31	0.00109	0.00109	0.5	97145	106	97092	4538388	46.72
1980-1989	32	0.00122	0.00122	0.5	97039	118	96980	4441297	45.77
1980-1989	33	0.00127	0.00127	0.5	96921	123	96859	4344317	44.82
1980-1989	34	0.00135	0.00135	0.5	96797	130	96732	4247458	43.88
1980-1989	35	0.00131	0.00131	0.5	96667	126	96603	4150726	42.94
1980-1989	36	0.00140	0.00140	0.5	96540	135	96473	4054123	41.99
1980-1989	37	0.00152	0.00152	0.5	96405	146	96332	3957650	41.05
1980-1989	38	0.00169	0.00169	0.5	96258	163	96177	3861319	40.11
1980-1989	39	0.00169	0.00168	0.5	96096	162	96015	3765142	39.18
1980-1989	40	0.00169	0.00169	0.5	95934	162	95853	3669127	38.25
1980-1989	41	0.00193	0.00193	0.5	95772	185	95680	3573274	37.31
1980-1989	42	0.00216	0.00215	0.5	95587	206	95484	3477595	36.38
1980-1989	43	0.00230	0.00229	0.5	95381	219	95272	3382110	35.46
1980-1989	44	0.00259	0.00258	0.5	95163	246	95040	3286838	34.54
1980-1989	45	0.00262	0.00262	0.5	94917	249	94792	3191799	33.63
1980-1989	46	0.00299	0.00298	0.5	94668	282	94527	3097006	32.71
1980-1989	47	0.00346	0.00345	0.5	94386	326	94223	3002479	31.81
1980-1989	48	0.00382	0.00381	0.5	94060	359	93880	2908257	30.92
1980-1989	49	0.00407	0.00407	0.5	93701	381	93511	2814376	30.04
1980-1989	50	0.00428	0.00427	0.5	93320	398	93121	2720866	29.16
1980-1989	51	0.00494	0.00493	0.5	92922	458	92693	2627745	28.28
1980-1989	52	0.00548	0.00547	0.5	92464	506	92211	2535052	27.42
1980-1989	53	0.00605	0.00603	0.5	91958	554	91681	2442841	26.56
1980-1989	54	0.00627	0.00625	0.5	91404	571	91118	2351161	25.72
1980-1989	55	0.00713	0.00710	0.5	90832	645	90510	2260043	24.88
1980-1989	56	0.00789	0.00786	0.5	90188	709	89833	2169533	24.06
1980-1989	57	0.00862	0.00859	0.5	89479	768	89095	2079700	23.24
1980-1989	58	0.00998	0.00993	0.5	88710	881	88270	1990605	22.44
1980-1989	59	0.01072	0.01066	0.5	87830	937	87361	1902335	21.66
1980-1989	60	0.01136	0.01130	0.5	86893	981	86402	1814973	20.89
1980-1989	61	0.01255	0.01247	0.5	85912	1071	85376	1728571	20.12
1980-1989	62	0.01435	0.01425	0.5	84840	1209	84236	1643195	19.37
1980-1989	63	0.01546	0.01534	0.5	83632	1283	82990	1558959	18.64
1980-1989	64	0.01655	0.01642	0.5	82349	1352	81673	1475969	17.92
1980-1989	65	0.01762	0.01747	0.5	80997	1415	80289	1394296	17.21
1980-1989	66	0.01979	0.01960	0.5	79582	1560	78802	1314007	16.51
1980-1989	67	0.02185	0.02161	0.5	78022	1686	77179	1235205	15.83
1980-1989	68	0.02351	0.02324	0.5	76336	1774	75449	1158026	15.17
1980-1989	69	0.02559	0.02526	0.5	74562	1884	73620	1082577	14.52
1980-1989	70	0.02786	0.02748	0.5	72678	1997	71679	1008957	13.88
1980-1989	71	0.03064	0.03018	0.5	70681	2133	69614	937278	13.26
1980-1989	72	0.03358	0.03303	0.5	68548	2264	67416	867664	12.66
1980-1989	73	0.03584	0.03521	0.5	66284	2334	65117	800248	12.07
1980-1989	74	0.03843	0.03771	0.5	63950	2411	62744	735131	11.50
1980-1989	75	0.04153	0.04068	0.5	61539	2504	60287	672386	10.93
1980-1989	76	0.04608	0.04504	0.5	59035	2659	57706	612100	10.37
1980-1989	77	0.05035	0.04912	0.5	56376	2769	54991	554394	9.83
1980-1989	78	0.05337	0.05198	0.5	53607	2787	52214	499403	9.32
1980-1989	79	0.06007	0.05832	0.5	50820	2964	49338	447189	8.80
1980-1989	80	0.06523	0.06317	0.5	47856	3023	46345	397850	8.31
1980-1989	81	0.07128	0.06882	0.5	44833	3086	43290	351506	7.84
1980-1989	82	0.07791	0.07498	0.5	41747	3130	40182	308215	7.38
1980-1989	83	0.08680	0.08319	0.5	38617	3213	37011	268033	6.94
1980-1989	84	0.09441	0.09015	0.5	35405	3192	33809	231022	6.53
1980-1989	85	0.10296	0.09792	0.5	32213	3154	30636	197214	6.12
1980-1989	86	0.11604	0.10967	0.5	29058	3187	27465	166578	5.73
1980-1989	87	0.12878	0.12099	0.5	25871	3130	24306	139113	5.38
1980-1989	88	0.13704	0.12826	0.5	22741	2917	21283	114807	5.05
1980-1989	89	0.15356	0.14261	0.5	19825	2827	18411	93524	4.72
1980-1989	90	0.16797	0.15496	0.5	16997	2634	15680	75113	4.42
1980-1989	91	0.18390	0.16841	0.5	14364	2419	13154	59432	4.14
1980-1989	92	0.20104	0.18268	0.5	11945	2182	10854	46278	3.87
1980-1989	93	0.21942	0.19773	0.5	9763	1930	8797	35425	3.63
1980-1989	94	0.23907	0.21354	0.5	7832	1673	6996	26627	3.40
1980-1989	95	0.25997	0.23007	0.5	6160	1417	5451	19631	3.19
1980-1989	96	0.28211	0.24724	0.5	4743	1173	4156	14180	2.99
1980-1989	97	0.30544	0.26498	0.5	3570	946	3097	10024	2.81
1980-1989	98	0.32991	0.28320	0.5	2624	743	2252	6927	2.64
1980-1989	99	0.35543	0.30180	0.5	1881	568	1597	4674	2.49
1980-1989	100	0.38188	0.32066	0.5	1313	421	1103	3077	2.34
1980-1989	101	0.40915	0.33966	0.5	892	303	741	1975	2.21
1980-1989	102	0.43706	0.35868	0.5	589	211	483	1234	2.09
1980-1989	103	0.46547	0.37759	0.5	378	143	306	751	1.99
1980-1989	104	0.49418	0.39627	0.5	235	93	189	444	1.89
1980-1989	105	0.52300	0.41458	0.5	142	59	113	255	1.80
1980-1989	106	0.55174	0.43244	0.5	83	36	65	143	1.72
1980-1989	107	0.58020	0.44973	0.5	47	21	37	78	1.65
1980-1989	108	0.60819	0.46637	0.5	26	12	20	41	1.59
1980-1989	109	0.63554	0.48229	0.5	14	7	11	21	1.54
1980-1989	110+	0.66210	1.00000	1.51	7	7	11	11	1.51
1990-1999	0	0.00738	0.00733	0.07	100000	733	99318	7748968	77.49
1990-1999	1	0.00047	0.00047	0.5	99267	47	99244	7649651	77.06
1990-1999	2	0.00034	0.00034	0.5	99220	33	99204	7550407	76.10
1990-1999	3	0.00024	0.00024	0.5	99187	24	99175	7451203	75.12
1990-1999	4	0.00017	0.00017	0.5	99163	17	99155	7352028	74.14
1990-1999	5	0.00017	0.00017	0.5	99146	17	99138	7252873	73.15
1990-1999	6	0.00015	0.00015	0.5	99130	14	99123	7153735	72.17
1990-1999	7	0.00017	0.00017	0.5	99115	17	99107	7054612	71.18
1990-1999	8	0.00013	0.00013	0.5	99099	13	99092	6955505	70.19
1990-1999	9	0.00009	0.00009	0.5	99086	9	99082	6856413	69.20
1990-1999	10	0.00017	0.00017	0.5	99077	17	99069	6757331	68.20
1990-1999	11	0.00014	0.00014	0.5	99060	14	99053	6658263	67.21
1990-1999	12	0.00017	0.00017	0.5	99046	17	99038	6559209	66.22
1990-1999	13	0.00020	0.00020	0.5	99029	20	99020	6460171	65.23
1990-1999	14	0.00029	0.00029	0.5	99010	29	98995	6361152	64.25
1990-1999	15	0.00036	0.00036	0.5	98981	36	98963	6262156	63.27
1990-1999	16	0.00056	0.00056	0.5	98945	56	98917	6163193	62.29
1990-1999	17	0.00064	0.00064	0.5	98889	64	98857	6064276	61.32
1990-1999	18	0.00069	0.00069	0.5	98826	68	98792	5965419	60.36
1990-1999	19	0.00075	0.00075	0.5	98758	74	98721	5866627	59.40
1990-1999	20	0.00078	0.00078	0.5	98684	77	98645	5767906	58.45
1990-1999	21	0.00092	0.00092	0.5	98606	90	98561	5669262	57.49
1990-1999	22	0.00092	0.00092	0.5	98516	91	98470	5570701	56.55
1990-1999	23	0.00090	0.00090	0.5	98425	88	98381	5472230	55.60
1990-1999	24	0.00085	0.00085	0.5	98337	84	98295	5373850	54.65
1990-1999	25	0.00081	0.00081	0.5	98253	80	98213	5275555	53.69
1990-1999	26	0.00094	0.00094	0.5	98173	92	98127	5177342	52.74
1990-1999	27	0.00093	0.00093	0.5	98081	91	98035	5079215	51.79
1990-1999	28	0.00102	0.00102	0.5	97989	100	97939	4981180	50.83
1990-1999	29	0.00104	0.00103	0.5	97889	101	97839	4883240	49.89
1990-1999	30	0.00104	0.00104	0.5	97788	102	97737	4785401	48.94
1990-1999	31	0.00121	0.00120	0.5	97686	118	97627	4687664	47.99
1990-1999	32	0.00126	0.00126	0.5	97569	123	97507	4590037	47.04
1990-1999	33	0.00136	0.00136	0.5	97445	133	97379	4492530	46.10
1990-1999	34	0.00140	0.00139	0.5	97313	136	97245	4395151	45.17
1990-1999	35	0.00144	0.00144	0.5	97177	140	97107	4297906	44.23
1990-1999	36	0.00157	0.00157	0.5	97037	152	96961	4200798	43.29
1990-1999	37	0.00163	0.00163	0.5	96885	158	96806	4103837	42.36
1990-1999	38	0.00183	0.00183	0.5	96727	177	96639	4007031	41.43
1990-1999	39	0.00179	0.00178	0.5	96550	172	96464	3910392	40.50
1990-1999	40	0.00193	0.00193	0.5	96378	186	96285	3813928	39.57
1990-1999	41	0.00207	0.00206	0.5	96192	198	96093	3717644	38.65
1990-1999	42	0.00212	0.00212	0.5	95993	203	95892	3621551	37.73
1990-1999	43	0.00229	0.00229	0.5	95790	219	95681	3525659	36.81
1990-1999	44	0.00250	0.00250	0.5	95571	239	95452	3429978	35.89
1990-1999	45	0.00271	0.00271	0.5	95332	258	95203	3334527	34.98
1990-1999	46	0.00282	0.00282	0.5	95074	268	94940	3239324	34.07
1990-1999	47	0.00289	0.00288	0.5	94806	273	94670	3144383	33.17
1990-1999	48	0.00336	0.00336	0.5	94533	317	94375	3049713	32.26
1990-1999	49	0.00340	0.00340	0.5	94216	320	94056	2955339	31.37
1990-1999	50	0.00372	0.00371	0.5	93896	349	93722	2861283	30.47
1990-1999	51	0.00404	0.00403	0.5	93547	377	93359	2767561	29.58
1990-1999	52	0.00443	0.00442	0.5	93170	412	92964	2674203	28.70
1990-1999	53	0.00503	0.00502	0.5	92758	465	92525	2581239	27.83
1990-1999	54	0.00553	0.00551	0.5	92293	509	92038	2488713	26.97
1990-1999	55	0.00597	0.00595	0.5	91784	546	91511	2396675	26.11
1990-1999	56	0.00684	0.00682	0.5	91238	622	90927	2305164	25.27
1990-1999	57	0.00695	0.00692	0.5	90616	627	90302	2214237	24.44
1990-1999	58	0.00827	0.00824	0.5	89989	742	89618	2123935	23.60
1990-1999	59	0.00867	0.00863	0.5	89247	770	88862	2034317	22.79
1990-1999	60	0.00957	0.00953	0.5	88477	843	88055	1945455	21.99
1990-1999	61	0.01065	0.01060	0.5	87634	929	87169	1857400	21.20
1990-1999	62	0.01202	0.01195	0.5	86705	1036	86187	1770231	20.42
1990-1999	63	0.01328	0.01319	0.5	85669	1130	85103	1684044	19.66
1990-1999	64	0.01337	0.01328	0.5	84538	1123	83977	1598941	18.91
1990-1999	65	0.01530	0.01518	0.5	83416	1266	82783	1514964	18.16
1990-1999	66	0.01659	0.01645	0.5	82149	1351	81474	1432181	17.43
1990-1999	67	0.01819	0.01803	0.5	80798	1456	80070	1350707	16.72
1990-1999	68	0.02075	0.02054	0.5	79341	1629	78527	1270638	16.01
1990-1999	69	0.02183	0.02159	0.5	77712	1678	76873	1192111	15.34
1990-1999	70	0.02389	0.02361	0.5	76034	1795	75137	1115238	14.67
1990-1999	71	0.02585	0.02552	0.5	74239	1894	73292	1040101	14.01
1990-1999	72	0.02846	0.02806	0.5	72345	2030	71330	966809	13.36
1990-1999	73	0.03022	0.02977	0.5	70315	2093	69268	895479	12.74
1990-1999	74	0.03344	0.03289	0.5	68221	2244	67100	826211	12.11
1990-1999	75	0.03583	0.03520	0.5	65978	2322	64817	759112	11.51
1990-1999	76	0.03964	0.03887	0.5	63655	2474	62418	694295	10.91
1990-1999	77	0.04428	0.04332	0.5	61181	2651	59856	631877	10.33
1990-1999	78	0.04744	0.04634	0.5	58530	2712	57174	572021	9.77
1990-1999	79	0.05281	0.05145	0.5	55818	2872	54382	514847	9.22
1990-1999	80	0.05848	0.05682	0.5	52946	3008	51442	460465	8.70
1990-1999	81	0.06440	0.06239	0.5	49938	3116	48380	409024	8.19
1990-1999	82	0.07265	0.07010	0.5	46822	3282	45181	360644	7.70
1990-1999	83	0.07964	0.07659	0.5	43540	3335	41872	315463	7.25
1990-1999	84	0.08609	0.08253	0.5	40205	3318	38546	273591	6.80
1990-1999	85	0.09690	0.09242	0.5	36887	3409	35182	235045	6.37
1990-1999	86	0.11083	0.10501	0.5	33478	3516	31720	199862	5.97
1990-1999	87	0.11449	0.10830	0.5	29962	3245	28340	168142	5.61
1990-1999	88	0.12739	0.11976	0.5	26717	3200	25118	139803	5.23
1990-1999	89	0.14048	0.13126	0.5	23518	3087	21974	114685	4.88
1990-1999	90	0.15916	0.14743	0.5	20431	3012	18925	92711	4.54
1990-1999	91	0.17540	0.16126	0.5	17419	2809	16014	73786	4.24
1990-1999	92	0.19295	0.17598	0.5	14610	2571	13324	57772	3.95
1990-1999	93	0.21187	0.19158	0.5	12039	2306	10886	44448	3.69
1990-1999	94	0.23216	0.20802	0.5	9732	2025	8720	33562	3.45
1990-1999	95	0.25383	0.22525	0.5	7708	1736	6840	24842	3.22
1990-1999	96	0.27686	0.24319	0.5	5972	1452	5246	18002	3.01
1990-1999	97	0.30120	0.26178	0.5	4519	1183	3928	12757	2.82
1990-1999	98	0.32678	0.28089	0.5	3336	937	2868	8829	2.65
1990-1999	99	0.35351	0.30041	0.5	2399	721	2039	5961	2.48
1990-1999	100	0.38125	0.32021	0.5	1678	537	1410	3922	2.34
1990-1999	101	0.40987	0.34016	0.5	1141	388	947	2512	2.20
1990-1999	102	0.43917	0.36010	0.5	753	271	617	1566	2.08
1990-1999	103	0.46898	0.37990	0.5	482	183	390	948	1.97
1990-1999	104	0.49908	0.39941	0.5	299	119	239	558	1.87
1990-1999	105	0.52925	0.41850	0.5	179	75	142	319	1.78
1990-1999	106	0.55926	0.43705	0.5	104	46	82	177	1.70
1990-1999	107	0.58890	0.45494	0.5	59	27	45	95	1.62
1990-1999	108	0.61796	0.47209	0.5	32	15	24	50	1.56
1990-1999	109	0.64625	0.48843	0.5	17	8	13	26	1.52
1990-1999	110+	0.67359	1.00000	1.48	9	9	13	13	1.48
2000-2009	0	0.00612	0.00608	0.07	100000	608	99431	7942645	79.43
2000-2009	1	0.00027	0.00027	0.5	99392	27	99378	7843214	78.91
2000-2009	2	0.00024	0.00024	0.5	99365	23	99353	7743836	77.93
2000-2009	3	0.00013	0.00013	0.5	99341	13	99335	7644483	76.95
2000-2009	4	0.00012	0.00012	0.5	99328	12	99322	7545148	75.96
2000-2009	5	0.00014	0.00014	0.5	99316	14	99309	7445826	74.97
2000-2009	6	0.00010	0.00010	0.5	99302	10	99297	7346517	73.98
2000-2009	7	0.00010	0.00010	0.5	99292	10	99287	7247220	72.99
2000-2009	8	0.00007	0.00007	0.5	99282	7	99279	7147933	72.00
2000-2009	9	0.00009	0.00009	0.5	99275	9	99271	7048654	71.00
2000-2009	10	0.00008	0.00008	0.5	99266	8	99262	6949383	70.01
2000-2009	11	0.00009	0.00009	0.5	99258	9	99254	6850121	69.01
2000-2009	12	0.00009	0.00009	0.5	99249	9	99245	6750867	68.02
2000-2009	13	0.00015	0.00015	0.5	99240	15	99233	6651622	67.03
2000-2009	14	0.00015	0.00015	0.5	99225	15	99218	6552390	66.04
2000-2009	15	0.00020	0.00020	0.5	99210	20	99200	6453172	65.05
2000-2009	16	0.00034	0.00034	0.5	99190	34	99173	6353972	64.06
2000-2009	17	0.00043	0.00043	0.5	99157	42	99135	6254798	63.08
2000-2009	18	0.00061	0.00061	0.5	99114	61	99084	6155663	62.11
2000-2009	19	0.00063	0.00063	0.5	99053	62	99022	6056579	61.14
2000-2009	20	0.00073	0.00073	0.5	98991	72	98955	5957557	60.18
2000-2009	21	0.00087	0.00087	0.5	98919	86	98876	5858602	59.23
2000-2009	22	0.00088	0.00088	0.5	98833	87	98789	5759726	58.28
2000-2009	23	0.00085	0.00085	0.5	98746	84	98704	5660937	57.33
2000-2009	24	0.00082	0.00082	0.5	98662	81	98622	5562233	56.38
2000-2009	25	0.00080	0.00080	0.5	98581	79	98542	5463611	55.42
2000-2009	26	0.00078	0.00078	0.5	98502	77	98464	5365069	54.47
2000-2009	27	0.00089	0.00089	0.5	98425	88	98381	5266606	53.51
2000-2009	28	0.00088	0.00088	0.5	98337	86	98294	5168224	52.56
2000-2009	29	0.00083	0.00083	0.5	98251	82	98210	5069930	51.60
2000-2009	30	0.00078	0.00078	0.5	98169	77	98131	4971720	50.64
2000-2009	31	0.00079	0.00079	0.5	98092	78	98053	4873590	49.68
2000-2009	32	0.00087	0.00087	0.5	98014	85	97972	4775536	48.72
2000-2009	33	0.00094	0.00093	0.5	97929	92	97883	4677564	47.76
2000-2009	34	0.00088	0.00088	0.5	97838	87	97794	4579681	46.81
2000-2009	35	0.00106	0.00106	0.5	97751	103	97699	4481887	45.85
2000-2009	36	0.00114	0.00114	0.5	97648	111	97592	4384187	44.90
2000-2009	37	0.00131	0.00131	0.5	97536	128	97472	4286595	43.95
2000-2009	38	0.00134	0.00133	0.5	97408	130	97343	4189123	43.01
2000-2009	39	0.00155	0.00154	0.5	97278	150	97203	4091780	42.06
2000-2009	40	0.00155	0.00155	0.5	97128	150	97053	3994576	41.13
2000-2009	41	0.00159	0.00159	0.5	96978	154	96901	3897523	40.19
2000-2009	42	0.00186	0.00186	0.5	96824	180	96734	3800622	39.25
2000-2009	43	0.00202	0.00202	0.5	96644	195	96546	3703888	38.33
2000-2009	44	0.00220	0.00219	0.5	96449	212	96343	3607342	37.40
2000-2009	45	0.00235	0.00235	0.5	96237	226	96124	3510999	36.48
2000-2009	46	0.00253	0.00253	0.5	96011	243	95890	3414875	35.57
2000-2009	47	0.00267	0.00267	0.5	95768	255	95640	3318986	34.66
2000-2009	48	0.00307	0.00306	0.5	95513	293	95366	3223345	33.75
2000-2009	49	0.00336	0.00335	0.5	95220	319	95060	3127979	32.85
2000-2009	50	0.00344	0.00344	0.5	94901	326	94738	3032918	31.96
2000-2009	51	0.00360	0.00359	0.5	94575	340	94405	2938181	31.07
2000-2009	52	0.00399	0.00398	0.5	94235	375	94047	2843776	30.18
2000-2009	53	0.00431	0.00430	0.5	93860	404	93658	2749728	29.30
2000-2009	54	0.00460	0.00459	0.5	93456	429	93242	2656070	28.42
2000-2009	55	0.00484	0.00483	0.5	93027	450	92803	2562828	27.55
2000-2009	56	0.00552	0.00551	0.5	92578	510	92323	2470026	26.68
2000-2009	57	0.00599	0.00597	0.5	92068	550	91793	2377703	25.83
2000-2009	58	0.00657	0.00655	0.5	91519	600	91219	2285909	24.98
2000-2009	59	0.00701	0.00699	0.5	90919	635	90601	2194691	24.14
2000-2009	60	0.00777	0.00774	0.5	90284	699	89934	2104089	23.31
2000-2009	61	0.00845	0.00841	0.5	89585	754	89208	2014155	22.48
2000-2009	62	0.00907	0.00903	0.5	88831	802	88430	1924947	21.67
2000-2009	63	0.01024	0.01018	0.5	88029	896	87581	1836516	20.86
2000-2009	64	0.01094	0.01088	0.5	87132	948	86658	1748936	20.07
2000-2009	65	0.01183	0.01176	0.5	86184	1013	85678	1662278	19.29
2000-2009	66	0.01287	0.01279	0.5	85171	1090	84626	1576600	18.51
2000-2009	67	0.01435	0.01425	0.5	84081	1198	83482	1491974	17.74
2000-2009	68	0.01612	0.01599	0.5	82883	1325	82221	1408492	16.99
2000-2009	69	0.01725	0.01711	0.5	81558	1395	80860	1326271	16.26
2000-2009	70	0.01917	0.01899	0.5	80163	1522	79402	1245411	15.54
2000-2009	71	0.02122	0.02100	0.5	78640	1652	77815	1166009	14.83
2000-2009	72	0.02336	0.02309	0.5	76989	1778	76100	1088194	14.13
2000-2009	73	0.02541	0.02509	0.5	75211	1887	74268	1012094	13.46
2000-2009	74	0.02834	0.02794	0.5	73324	2049	72300	937826	12.79
2000-2009	75	0.03083	0.03036	0.5	71275	2164	70193	865527	12.14
2000-2009	76	0.03354	0.03298	0.5	69111	2280	67972	795333	11.51
2000-2009	77	0.03771	0.03701	0.5	66832	2473	65595	727362	10.88
2000-2009	78	0.04060	0.03979	0.5	64359	2561	63078	661766	10.28
2000-2009	79	0.04557	0.04455	0.5	61798	2753	60421	598688	9.69
2000-2009	80	0.05040	0.04916	0.5	59044	2903	57593	538267	9.12
2000-2009	81	0.05542	0.05392	0.5	56141	3027	54628	480675	8.56
2000-2009	82	0.06341	0.06146	0.5	53114	3264	51482	426047	8.02
2000-2009	83	0.07053	0.06812	0.5	49850	3396	48152	374565	7.51
2000-2009	84	0.07820	0.07526	0.5	46454	3496	44706	326413	7.03
2000-2009	85	0.08748	0.08381	0.5	42958	3600	41158	281707	6.56
2000-2009	86	0.09959	0.09487	0.5	39357	3734	37491	240550	6.11
2000-2009	87	0.10922	0.10357	0.5	35624	3689	33779	203059	5.70
2000-2009	88	0.12280	0.11570	0.5	31934	3695	30087	169280	5.30
2000-2009	89	0.13839	0.12944	0.5	28240	3655	26412	139193	4.93
2000-2009	90	0.15207	0.14132	0.5	24584	3474	22847	112781	4.59
2000-2009	91	0.16937	0.15615	0.5	21110	3296	19462	89934	4.26
2000-2009	92	0.18825	0.17205	0.5	17814	3065	16281	70472	3.96
2000-2009	93	0.20872	0.18900	0.5	14749	2788	13355	54191	3.67
2000-2009	94	0.23083	0.20695	0.5	11961	2475	10724	40836	3.41
2000-2009	95	0.25457	0.22583	0.5	9486	2142	8415	30112	3.17
2000-2009	96	0.27991	0.24554	0.5	7344	1803	6442	21697	2.95
2000-2009	97	0.30677	0.26598	0.5	5541	1474	4804	15255	2.75
2000-2009	98	0.33507	0.28699	0.5	4067	1167	3483	10452	2.57
2000-2009	99	0.36465	0.30842	0.5	2900	894	2453	6968	2.40
2000-2009	100	0.39535	0.33010	0.5	2005	662	1674	4516	2.25
2000-2009	101	0.42695	0.35184	0.5	1343	473	1107	2841	2.12
2000-2009	102	0.45920	0.37346	0.5	871	325	708	1734	1.99
2000-2009	103	0.49186	0.39477	0.5	546	215	438	1026	1.88
2000-2009	104	0.52463	0.41561	0.5	330	137	262	588	1.78
2000-2009	105	0.55725	0.43582	0.5	193	84	151	327	1.69
2000-2009	106	0.58942	0.45525	0.5	109	50	84	176	1.61
2000-2009	107	0.62088	0.47380	0.5	59	28	45	92	1.55
2000-2009	108	0.65140	0.49136	0.5	31	15	24	46	1.49
2000-2009	109	0.68076	0.50789	0.5	16	8	12	23	1.44
2000-2009	110+	0.70878	1.00000	1.41	8	8	11	11	1.41
2010-2017	0	0.00497	0.00495	0.06	100000	495	99536	8087100	80.87
2010-2017	1	0.00027	0.00027	0.5	99505	27	99492	7987564	80.27
2010-2017	2	0.00014	0.00014	0.5	99479	14	99471	7888072	79.29
2010-2017	3	0.00013	0.00013	0.5	99464	12	99458	7788601	78.31
2010-2017	4	0.00010	0.00010	0.5	99452	10	99447	7689143	77.32
2010-2017	5	0.00007	0.00007	0.5	99442	7	99439	7589696	76.32
2010-2017	6	0.00014	0.00014	0.5	99435	14	99428	7490257	75.33
2010-2017	7	0.00009	0.00009	0.5	99421	9	99416	7390829	74.34
2010-2017	8	0.00008	0.00008	0.5	99412	7	99408	7291412	73.35
2010-2017	9	0.00010	0.00010	0.5	99404	10	99400	7192004	72.35
2010-2017	10	0.00006	0.00006	0.5	99395	6	99392	7092605	71.36
2010-2017	11	0.00007	0.00007	0.5	99389	7	99385	6993213	70.36
2010-2017	12	0.00008	0.00008	0.5	99381	8	99377	6893828	69.37
2010-2017	13	0.00012	0.00012	0.5	99373	12	99368	6794451	68.37
2010-2017	14	0.00016	0.00016	0.5	99362	16	99354	6695083	67.38
2010-2017	15	0.00018	0.00018	0.5	99345	18	99336	6595730	66.39
2010-2017	16	0.00023	0.00023	0.5	99328	23	99316	6496393	65.40
2010-2017	17	0.00026	0.00026	0.5	99305	25	99292	6397077	64.42
2010-2017	18	0.00037	0.00037	0.5	99279	36	99261	6297785	63.44
2010-2017	19	0.00049	0.00049	0.5	99243	48	99219	6198524	62.46
2010-2017	20	0.00058	0.00058	0.5	99195	58	99166	6099305	61.49
2010-2017	21	0.00066	0.00066	0.5	99137	66	99104	6000139	60.52
2010-2017	22	0.00082	0.00082	0.5	99071	82	99030	5901035	59.56
2010-2017	23	0.00083	0.00083	0.5	98989	82	98948	5802005	58.61
2010-2017	24	0.00093	0.00093	0.5	98907	92	98861	5703057	57.66
2010-2017	25	0.00092	0.00092	0.5	98815	90	98770	5604195	56.71
2010-2017	26	0.00094	0.00094	0.5	98725	92	98679	5505425	55.77
2010-2017	27	0.00090	0.00089	0.5	98632	88	98588	5406747	54.82
2010-2017	28	0.00104	0.00104	0.5	98544	102	98493	5308158	53.87
2010-2017	29	0.00105	0.00105	0.5	98442	103	98390	5209665	52.92
2010-2017	30	0.00098	0.00098	0.5	98339	96	98291	5111275	51.98
2010-2017	31	0.00102	0.00102	0.5	98243	100	98193	5012984	51.03
2010-2017	32	0.00106	0.00106	0.5	98143	104	98091	4914792	50.08
2010-2017	33	0.00120	0.00120	0.5	98039	118	97980	4816701	49.13
2010-2017	34	0.00113	0.00113	0.5	97921	111	97866	4718721	48.19
2010-2017	35	0.00108	0.00108	0.5	97811	106	97758	4620855	47.24
2010-2017	36	0.00116	0.00116	0.5	97704	113	97648	4523097	46.29
2010-2017	37	0.00129	0.00129	0.5	97591	126	97528	4425450	45.35
2010-2017	38	0.00130	0.00130	0.5	97465	127	97401	4327922	44.40
2010-2017	39	0.00127	0.00127	0.5	97338	124	97276	4230520	43.46
2010-2017	40	0.00155	0.00154	0.5	97214	150	97139	4133244	42.52
2010-2017	41	0.00153	0.00152	0.5	97064	148	96990	4036105	41.58
2010-2017	42	0.00145	0.00145	0.5	96916	140	96846	3939115	40.64
2010-2017	43	0.00171	0.00171	0.5	96776	166	96693	3842268	39.70
2010-2017	44	0.00202	0.00202	0.5	96610	195	96513	3745575	38.77
2010-2017	45	0.00209	0.00209	0.5	96415	202	96314	3649062	37.85
2010-2017	46	0.00223	0.00223	0.5	96214	215	96106	3552748	36.93
2010-2017	47	0.00241	0.00241	0.5	95999	232	95883	3456642	36.01
2010-2017	48	0.00257	0.00256	0.5	95767	246	95645	3360759	35.09
2010-2017	49	0.00292	0.00292	0.5	95522	279	95382	3265114	34.18
2010-2017	50	0.00329	0.00329	0.5	95243	313	95086	3169732	33.28
2010-2017	51	0.00355	0.00354	0.5	94930	336	94762	3074645	32.39
2010-2017	52	0.00366	0.00366	0.5	94594	346	94421	2979883	31.50
2010-2017	53	0.00408	0.00407	0.5	94248	384	94056	2885462	30.62
2010-2017	54	0.00444	0.00443	0.5	93864	416	93656	2791407	29.74
2010-2017	55	0.00466	0.00465	0.5	93448	434	93231	2697751	28.87
2010-2017	56	0.00499	0.00498	0.5	93013	463	92782	2604520	28.00
2010-2017	57	0.00544	0.00542	0.5	92551	502	92300	2511738	27.14
2010-2017	58	0.00586	0.00585	0.5	92049	538	91780	2419438	26.28
2010-2017	59	0.00639	0.00637	0.5	91511	583	91219	2327659	25.44
2010-2017	60	0.00687	0.00685	0.5	90928	622	90617	2236439	24.60
2010-2017	61	0.00731	0.00729	0.5	90306	658	89977	2145822	23.76
2010-2017	62	0.00782	0.00779	0.5	89648	698	89298	2055846	22.93
2010-2017	63	0.00862	0.00858	0.5	88949	764	88567	1966548	22.11
2010-2017	64	0.00978	0.00973	0.5	88186	858	87756	1877980	21.30
2010-2017	65	0.01002	0.00997	0.5	87327	871	86892	1790224	20.50
2010-2017	66	0.01107	0.01101	0.5	86456	952	85980	1703332	19.70
2010-2017	67	0.01189	0.01182	0.5	85504	1011	84999	1617352	18.92
2010-2017	68	0.01366	0.01357	0.5	84494	1147	83921	1532353	18.14
2010-2017	69	0.01394	0.01384	0.5	83347	1154	82770	1448432	17.38
2010-2017	70	0.01617	0.01604	0.5	82194	1319	81534	1365662	16.62
2010-2017	71	0.01698	0.01684	0.5	80875	1362	80194	1284127	15.88
2010-2017	72	0.01886	0.01869	0.5	79513	1486	78770	1203933	15.14
2010-2017	73	0.02034	0.02014	0.5	78027	1571	77242	1125163	14.42
2010-2017	74	0.02283	0.02257	0.5	76456	1726	75593	1047921	13.71
2010-2017	75	0.02513	0.02482	0.5	74730	1855	73803	972328	13.01
2010-2017	76	0.02841	0.02801	0.5	72876	2041	71855	898525	12.33
2010-2017	77	0.03112	0.03064	0.5	70834	2170	69749	826670	11.67
2010-2017	78	0.03537	0.03475	0.5	68664	2386	67471	756921	11.02
2010-2017	79	0.03944	0.03868	0.5	66277	2564	64996	689451	10.40
2010-2017	80	0.04289	0.04199	0.5	63714	2676	62376	624455	9.80
2010-2017	81	0.04848	0.04733	0.5	61038	2889	59594	562079	9.21
2010-2017	82	0.05429	0.05286	0.5	58149	3074	56612	502485	8.64
2010-2017	83	0.05906	0.05736	0.5	55076	3159	53496	445873	8.10
2010-2017	84	0.06876	0.06648	0.5	51916	3451	50191	392377	7.56
2010-2017	85	0.07698	0.07412	0.5	48465	3592	46669	342187	7.06
2010-2017	86	0.08408	0.08069	0.5	44873	3621	43062	295518	6.59
2010-2017	87	0.09688	0.09241	0.5	41252	3812	39346	252456	6.12
2010-2017	88	0.10862	0.10302	0.5	37440	3857	35511	213110	5.69
2010-2017	89	0.12091	0.11402	0.5	33583	3829	31668	177598	5.29
2010-2017	90	0.13611	0.12744	0.5	29754	3792	27858	145930	4.90
2010-2017	91	0.15247	0.14167	0.5	25962	3678	24123	118072	4.55
2010-2017	92	0.17042	0.15704	0.5	22284	3500	20534	93949	4.22
2010-2017	93	0.19002	0.17354	0.5	18784	3260	17155	73415	3.91
2010-2017	94	0.21131	0.19112	0.5	15525	2967	14041	56260	3.62
2010-2017	95	0.23431	0.20974	0.5	12558	2634	11241	42219	3.36
2010-2017	96	0.25901	0.22931	0.5	9924	2276	8786	30978	3.12
2010-2017	97	0.28536	0.24973	0.5	7648	1910	6693	22192	2.90
2010-2017	98	0.31327	0.27085	0.5	5738	1554	4961	15499	2.70
2010-2017	99	0.34264	0.29252	0.5	4184	1224	3572	10538	2.52
2010-2017	100	0.37329	0.31457	0.5	2960	931	2494	6966	2.35
2010-2017	101	0.40502	0.33681	0.5	2029	683	1687	4472	2.20
2010-2017	102	0.43759	0.35904	0.5	1346	483	1104	2784	2.07
2010-2017	103	0.47075	0.38106	0.5	862	329	698	1680	1.95
2010-2017	104	0.50421	0.40269	0.5	534	215	426	982	1.84
2010-2017	105	0.53766	0.42374	0.5	319	135	251	556	1.74
2010-2017	106	0.57081	0.44407	0.5	184	82	143	305	1.66
2010-2017	107	0.60337	0.46353	0.5	102	47	78	162	1.58
2010-2017	108	0.63507	0.48202	0.5	55	26	42	83	1.52
2010-2017	109	0.66568	0.49944	0.5	28	14	21	42	1.47
2010-2017	110+	0.69498	1.00000	1.44	14	14	20	20	1.44
