IA: Iowa, Lifetables (period 5x1), Both sexes Last modified: 3 Dec 2019, MPv5 (May07) 

Year	Age	mx	qx	ax	lx	dx	Lx	Tx	ex
1959	0	0.02223	0.02180	0.11	100000	2180	98060	7182877	71.83
1959	1-4	0.00083	0.00330	1.53	97820	323	390483	7084817	72.43
1959	5-9	0.00045	0.00226	2.27	97497	221	486883	6694335	68.66
1959	10-14	0.00048	0.00238	2.69	97276	232	485847	6207452	63.81
1959	15-19	0.00106	0.00527	2.7	97045	512	484048	5721605	58.96
1959	20-24	0.00104	0.00518	2.38	96533	500	481353	5237557	54.26
1959	25-29	0.00103	0.00515	2.67	96033	494	479010	4756204	49.53
1959	30-34	0.00148	0.00740	2.6	95539	707	475997	4277194	44.77
1959	35-39	0.00174	0.00865	2.58	94832	821	472177	3801197	40.08
1959	40-44	0.00273	0.01356	2.72	94011	1274	467149	3329020	35.41
1959	45-49	0.00497	0.02456	2.69	92737	2277	458434	2861871	30.86
1959	50-54	0.00751	0.03690	2.67	90460	3338	444510	2403437	26.57
1959	55-59	0.01117	0.05444	2.68	87121	4743	424605	1958927	22.49
1959	60-64	0.01762	0.08456	2.62	82378	6966	395315	1534322	18.63
1959	65-69	0.02689	0.12653	2.67	75413	9542	354829	1139007	15.10
1959	70-74	0.04148	0.18891	2.64	65871	12444	300025	784178	11.90
1959	75-79	0.06788	0.29141	2.57	53427	15569	229374	484153	9.06
1959	80-84	0.10804	0.42475	2.48	37858	16080	148840	254779	6.73
1959	85-89	0.17342	0.59420	2.35	21778	12940	74619	105939	4.86
1959	90-94	0.25735	0.74409	2.17	8837	6576	25552	31320	3.54
1959	95-99	0.37805	0.86696	1.88	2262	1961	5186	5768	2.55
1959	100-104	0.51021	0.93637	1.62	301	282	552	582	1.93
1959	105-109	0.64247	0.96961	1.4	19	19	29	30	1.55
1959	110+	0.74284	1.00000	1.35	1	1	1	1	1.35
1960	0	0.02241	0.02197	0.11	100000	2197	98046	7192225	71.92
1960	1-4	0.00092	0.00366	1.68	97803	358	390380	7094179	72.54
1960	5-9	0.00049	0.00242	2.45	97445	236	486621	6703800	68.80
1960	10-14	0.00038	0.00189	2.63	97209	184	485609	6217178	63.96
1960	15-19	0.00096	0.00478	2.94	97025	464	484169	5731569	59.07
1960	20-24	0.00116	0.00580	2.4	96561	560	481354	5247400	54.34
1960	25-29	0.00117	0.00583	2.51	96002	560	478618	4766046	49.65
1960	30-34	0.00111	0.00553	2.47	95442	528	475874	4287428	44.92
1960	35-39	0.00175	0.00872	2.62	94914	828	472603	3811555	40.16
1960	40-44	0.00268	0.01333	2.73	94086	1255	467579	3338952	35.49
1960	45-49	0.00456	0.02254	2.62	92832	2093	459181	2871373	30.93
1960	50-54	0.00699	0.03442	2.71	90739	3123	446550	2412192	26.58
1960	55-59	0.01104	0.05384	2.69	87616	4717	427178	1965642	22.43
1960	60-64	0.01747	0.08392	2.65	82899	6957	398176	1538464	18.56
1960	65-69	0.02724	0.12811	2.68	75942	9729	357141	1140287	15.02
1960	70-74	0.04181	0.19016	2.62	66213	12591	301148	783146	11.83
1960	75-79	0.06895	0.29488	2.55	53622	15812	229320	481998	8.99
1960	80-84	0.10883	0.42784	2.5	37810	16177	148646	252678	6.68
1960	85-89	0.17560	0.59909	2.35	21634	12960	73807	104032	4.81
1960	90-94	0.26205	0.75109	2.16	8673	6514	24859	30224	3.48
1960	95-99	0.38911	0.87497	1.86	2159	1889	4854	5365	2.49
1960	100-104	0.52216	0.94043	1.6	270	254	486	511	1.89
1960	105-109	0.65255	0.97122	1.38	16	16	24	25	1.53
1960	110+	0.75029	1.00000	1.33	0	0	1	1	1.33
1961	0	0.02096	0.02057	0.11	100000	2057	98162	7224329	72.24
1961	1-4	0.00086	0.00345	1.65	97943	338	390976	7126167	72.76
1961	5-9	0.00042	0.00210	2.39	97605	205	487489	6735191	69.00
1961	10-14	0.00048	0.00240	2.95	97400	233	486522	6247702	64.14
1961	15-19	0.00087	0.00433	2.84	97166	421	484923	5761181	59.29
1961	20-24	0.00124	0.00619	2.58	96746	598	482281	5276257	54.54
1961	25-29	0.00096	0.00480	2.37	96147	462	479520	4793977	49.86
1961	30-34	0.00110	0.00551	2.59	95685	527	477154	4314457	45.09
1961	35-39	0.00179	0.00893	2.61	95158	850	473760	3837303	40.33
1961	40-44	0.00295	0.01467	2.78	94308	1383	468477	3363542	35.67
1961	45-49	0.00492	0.02431	2.68	92925	2259	459383	2895065	31.15
1961	50-54	0.00740	0.03638	2.65	90666	3299	445591	2435682	26.86
1961	55-59	0.01098	0.05354	2.7	87367	4678	426081	1990091	22.78
1961	60-64	0.01695	0.08151	2.67	82689	6740	397723	1564009	18.91
1961	65-69	0.02600	0.12250	2.64	75949	9304	357804	1166287	15.36
1961	70-74	0.03999	0.18257	2.62	66646	12167	304266	808482	12.13
1961	75-79	0.06471	0.28018	2.61	54478	15264	235879	504217	9.26
1961	80-84	0.10415	0.41382	2.52	39214	16228	155813	268337	6.84
1961	85-89	0.17253	0.59194	2.35	22987	13607	78868	112524	4.90
1961	90-94	0.25304	0.73484	2.15	9380	6893	27239	33656	3.59
1961	95-99	0.37316	0.86339	1.89	2487	2147	5755	6417	2.58
1961	100-104	0.50582	0.93486	1.63	340	318	628	662	1.95
1961	105-109	0.63928	0.96911	1.4	22	21	34	34	1.56
1961	110+	0.74095	1.00000	1.35	1	1	1	1	1.35
1962	0	0.01974	0.01940	0.1	100000	1940	98262	7227719	72.28
1962	1-4	0.00075	0.00298	1.62	98060	293	391544	7129456	72.70
1962	5-9	0.00042	0.00211	2.34	97768	206	488290	6737913	68.92
1962	10-14	0.00044	0.00218	2.6	97562	212	487299	6249623	64.06
1962	15-19	0.00099	0.00492	2.76	97349	479	485671	5762323	59.19
1962	20-24	0.00134	0.00667	2.49	96870	646	482728	5276652	54.47
1962	25-29	0.00111	0.00554	2.34	96225	534	479704	4793924	49.82
1962	30-34	0.00127	0.00632	2.44	95691	604	476905	4314220	45.08
1962	35-39	0.00178	0.00884	2.69	95087	841	473490	3837316	40.36
1962	40-44	0.00265	0.01318	2.69	94246	1242	468359	3363826	35.69
1962	45-49	0.00456	0.02258	2.69	93004	2100	460173	2895467	31.13
1962	50-54	0.00699	0.03436	2.64	90904	3124	447155	2435294	26.79
1962	55-59	0.01172	0.05701	2.64	87781	5004	427104	1988139	22.65
1962	60-64	0.01658	0.07984	2.68	82777	6609	398533	1561035	18.86
1962	65-69	0.02581	0.12142	2.57	76167	9248	358341	1162502	15.26
1962	70-74	0.04043	0.18409	2.58	66919	12319	304729	804160	12.02
1962	75-79	0.06572	0.28349	2.58	54600	15478	235538	499431	9.15
1962	80-84	0.10863	0.42609	2.47	39121	16669	153448	263892	6.75
1962	85-89	0.17006	0.58407	2.32	22452	13114	77112	110444	4.92
1962	90-94	0.25612	0.73789	2.13	9338	6891	26904	33332	3.57
1962	95-99	0.36633	0.85736	1.9	2448	2099	5729	6428	2.63
1962	100-104	0.49180	0.92899	1.65	349	324	660	699	2.00
1962	105-109	0.61936	0.96516	1.43	25	24	39	40	1.61
1962	110+	0.71818	1.00000	1.39	1	1	1	1	1.39
1963	0	0.02043	0.02006	0.11	100000	2006	98205	7207801	72.08
1963	1-4	0.00089	0.00354	1.73	97994	347	391188	7109596	72.55
1963	5-9	0.00044	0.00218	2.25	97647	213	487652	6718408	68.80
1963	10-14	0.00048	0.00241	3	97435	234	486705	6230756	63.95
1963	15-19	0.00106	0.00528	2.71	97200	513	484827	5744052	59.09
1963	20-24	0.00115	0.00575	2.43	96687	556	482010	5259224	54.39
1963	25-29	0.00124	0.00616	2.33	96131	593	479074	4777214	49.69
1963	30-34	0.00121	0.00605	2.76	95539	578	476403	4298140	44.99
1963	35-39	0.00182	0.00907	2.76	94961	862	472876	3821737	40.25
1963	40-44	0.00275	0.01366	2.61	94100	1286	467423	3348861	35.59
1963	45-49	0.00429	0.02126	2.77	92814	1973	459661	2881438	31.05
1963	50-54	0.00742	0.03646	2.66	90841	3312	446445	2421776	26.66
1963	55-59	0.01144	0.05571	2.65	87529	4876	426196	1975331	22.57
1963	60-64	0.01790	0.08574	2.54	82653	7087	395847	1549135	18.74
1963	65-69	0.02573	0.12119	2.61	75566	9158	355907	1153288	15.26
1963	70-74	0.04111	0.18716	2.61	66409	12429	302309	797381	12.01
1963	75-79	0.06452	0.27833	2.53	53980	15024	232855	495072	9.17
1963	80-84	0.10686	0.42190	2.51	38955	16435	153797	262217	6.73
1963	85-89	0.17302	0.59353	2.36	22520	13366	77254	108420	4.81
1963	90-94	0.26986	0.75679	2.1	9154	6927	25671	31166	3.40
1963	95-99	0.39155	0.87742	1.86	2226	1953	4989	5496	2.47
1963	100-104	0.53233	0.94431	1.58	273	258	484	507	1.86
1963	105-109	0.67026	0.97425	1.36	15	15	22	23	1.49
1963	110+	0.77211	1.00000	1.3	0	0	1	1	1.30
1964	0	0.02113	0.02074	0.11	100000	2074	98149	7208551	72.09
1964	1-4	0.00087	0.00347	1.62	97926	340	390897	7110402	72.61
1964	5-9	0.00039	0.00194	2.32	97586	189	487426	6719504	68.86
1964	10-14	0.00036	0.00180	2.54	97397	175	486554	6232079	63.99
1964	15-19	0.00119	0.00595	2.82	97222	579	484847	5745525	59.10
1964	20-24	0.00127	0.00631	2.61	96643	610	481757	5260678	54.43
1964	25-29	0.00113	0.00565	2.46	96033	542	478791	4778921	49.76
1964	30-34	0.00134	0.00670	2.76	95491	640	476023	4300130	45.03
1964	35-39	0.00170	0.00849	2.62	94851	805	472341	3824107	40.32
1964	40-44	0.00282	0.01401	2.76	94046	1317	467275	3351766	35.64
1964	45-49	0.00468	0.02313	2.68	92729	2145	458666	2884491	31.11
1964	50-54	0.00751	0.03688	2.61	90584	3341	444933	2425825	26.78
1964	55-59	0.01150	0.05603	2.71	87244	4889	425026	1980891	22.71
1964	60-64	0.01689	0.08112	2.57	82355	6681	395556	1555865	18.89
1964	65-69	0.02619	0.12333	2.63	75674	9333	356299	1160309	15.33
1964	70-74	0.04089	0.18604	2.58	66342	12342	301852	804010	12.12
1964	75-79	0.06355	0.27466	2.53	53999	14831	233384	502158	9.30
1964	80-84	0.10427	0.41422	2.52	39168	16224	155591	268774	6.86
1964	85-89	0.16662	0.57957	2.37	22944	13298	79806	113184	4.93
1964	90-94	0.26525	0.74956	2.1	9646	7230	27259	33377	3.46
1964	95-99	0.38081	0.86939	1.87	2416	2100	5515	6118	2.53
1964	100-104	0.51663	0.93886	1.61	316	296	573	603	1.91
1964	105-109	0.65157	0.97124	1.39	19	19	29	29	1.53
1964	110+	0.75315	1.00000	1.33	1	1	1	1	1.33
1965	0	0.02007	0.01972	0.1	100000	1972	98233	7210315	72.10
1965	1-4	0.00071	0.00284	1.78	98028	278	391495	7112082	72.55
1965	5-9	0.00040	0.00200	2.57	97750	196	488275	6720587	68.75
1965	10-14	0.00039	0.00197	2.43	97555	192	487280	6232312	63.89
1965	15-19	0.00106	0.00530	2.83	97362	516	485689	5745032	59.01
1965	20-24	0.00120	0.00597	2.37	96846	578	482709	5259343	54.31
1965	25-29	0.00114	0.00566	2.36	96268	545	479900	4776634	49.62
1965	30-34	0.00141	0.00703	2.51	95723	673	476940	4296735	44.89
1965	35-39	0.00179	0.00892	2.63	95050	848	473240	3819795	40.19
1965	40-44	0.00283	0.01408	2.77	94203	1326	468060	3346555	35.53
1965	45-49	0.00468	0.02316	2.7	92876	2151	459440	2878495	30.99
1965	50-54	0.00780	0.03830	2.69	90725	3475	445595	2419056	26.66
1965	55-59	0.01199	0.05836	2.75	87250	5092	424773	1973461	22.62
1965	60-64	0.01781	0.08550	2.66	82158	7024	394368	1548688	18.85
1965	65-69	0.02594	0.12210	2.6	75134	9174	353633	1154320	15.36
1965	70-74	0.04075	0.18571	2.61	65960	12249	300570	800688	12.14
1965	75-79	0.06434	0.27790	2.55	53711	14926	231978	500118	9.31
1965	80-84	0.10231	0.40786	2.51	38785	15819	154613	268139	6.91
1965	85-89	0.16881	0.58474	2.37	22966	13429	79551	113527	4.94
1965	90-94	0.25500	0.74145	2.18	9537	7071	27730	33976	3.56
1965	95-99	0.38057	0.86941	1.88	2466	2144	5633	6246	2.53
1965	100-104	0.51824	0.93955	1.61	322	303	584	613	1.90
1965	105-109	0.65497	0.97186	1.38	19	19	29	30	1.52
1965	110+	0.75746	1.00000	1.32	1	1	1	1	1.32
1966	0	0.01923	0.01890	0.1	100000	1890	98302	7216349	72.16
1966	1-4	0.00077	0.00307	1.66	98110	302	391736	7118047	72.55
1966	5-9	0.00032	0.00161	2.36	97809	158	488626	6726311	68.77
1966	10-14	0.00037	0.00186	2.69	97651	182	487833	6237685	63.88
1966	15-19	0.00131	0.00653	2.89	97469	637	486002	5749852	58.99
1966	20-24	0.00130	0.00647	2.3	96832	627	482469	5263850	54.36
1966	25-29	0.00119	0.00592	2.45	96205	569	479576	4781380	49.70
1966	30-34	0.00149	0.00745	2.63	95636	712	476488	4301804	44.98
1966	35-39	0.00194	0.00966	2.52	94924	917	472343	3825316	40.30
1966	40-44	0.00281	0.01394	2.72	94007	1311	467045	3352973	35.67
1966	45-49	0.00432	0.02139	2.64	92696	1983	458790	2885927	31.13
1966	50-54	0.00735	0.03614	2.69	90713	3278	446004	2427138	26.76
1966	55-59	0.01119	0.05457	2.71	87435	4771	426231	1981134	22.66
1966	60-64	0.01718	0.08254	2.62	82663	6823	397080	1554903	18.81
1966	65-69	0.02648	0.12447	2.6	75840	9440	356547	1157823	15.27
1966	70-74	0.04075	0.18548	2.58	66400	12316	302234	801276	12.07
1966	75-79	0.06502	0.27997	2.52	54084	15142	232891	499042	9.23
1966	80-84	0.10481	0.41453	2.48	38942	16143	154022	266151	6.83
1966	85-89	0.16807	0.57964	2.32	22800	13215	78629	112130	4.92
1966	90-94	0.26189	0.74866	2.14	9584	7175	27398	33500	3.50
1966	95-99	0.38074	0.86925	1.87	2409	2094	5499	6102	2.53
1966	100-104	0.51587	0.93855	1.61	315	296	573	603	1.91
1966	105-109	0.65033	0.97102	1.39	19	19	29	30	1.53
1966	110+	0.75172	1.00000	1.33	1	1	1	1	1.33
1967	0	0.01922	0.01889	0.1	100000	1889	98303	7254657	72.55
1967	1-4	0.00080	0.00321	1.76	98111	315	391741	7156354	72.94
1967	5-9	0.00035	0.00174	2.4	97796	170	488538	6764614	69.17
1967	10-14	0.00040	0.00198	2.78	97626	193	487702	6276075	64.29
1967	15-19	0.00105	0.00523	2.89	97433	510	486089	5788373	59.41
1967	20-24	0.00133	0.00665	2.38	96923	644	482930	5302284	54.71
1967	25-29	0.00110	0.00548	2.55	96279	528	480102	4819354	50.06
1967	30-34	0.00123	0.00612	2.71	95751	586	477414	4339253	45.32
1967	35-39	0.00156	0.00775	2.58	95165	737	474043	3861839	40.58
1967	40-44	0.00273	0.01354	2.82	94428	1279	469357	3387796	35.88
1967	45-49	0.00447	0.02213	2.63	93149	2061	460871	2918440	31.33
1967	50-54	0.00714	0.03511	2.73	91088	3198	448174	2457569	26.98
1967	55-59	0.01118	0.05447	2.66	87890	4788	428248	2009395	22.86
1967	60-64	0.01791	0.08590	2.64	83102	7138	398633	1581147	19.03
1967	65-69	0.02572	0.12112	2.6	75964	9201	357737	1182514	15.57
1967	70-74	0.04006	0.18284	2.61	66763	12207	304690	824777	12.35
1967	75-79	0.06231	0.27057	2.57	54556	14761	236894	520088	9.53
1967	80-84	0.09779	0.39404	2.54	39795	15681	160345	283194	7.12
1967	85-89	0.16098	0.56444	2.35	24114	13611	84552	122848	5.09
1967	90-94	0.24878	0.72964	2.17	10503	7664	30805	38296	3.65
1967	95-99	0.36372	0.85645	1.91	2840	2432	6686	7491	2.64
1967	100-104	0.49917	0.93268	1.64	408	380	762	805	1.97
1967	105-109	0.63666	0.96882	1.41	27	27	42	43	1.56
1967	110+	0.74163	1.00000	1.35	1	1	1	1	1.35
1968	0	0.01934	0.01901	0.1	100000	1901	98294	7220173	72.20
1968	1-4	0.00076	0.00305	1.67	98099	299	391697	7121880	72.60
1968	5-9	0.00042	0.00209	2.57	97800	204	488502	6730182	68.82
1968	10-14	0.00039	0.00193	2.52	97595	188	487509	6241680	63.95
1968	15-19	0.00117	0.00586	3.01	97407	571	485901	5754171	59.07
1968	20-24	0.00136	0.00679	2.39	96836	657	482464	5268269	54.40
1968	25-29	0.00117	0.00583	2.37	96179	561	479421	4785806	49.76
1968	30-34	0.00134	0.00670	2.62	95618	640	476570	4306385	45.04
1968	35-39	0.00182	0.00908	2.75	94978	862	472945	3829815	40.32
1968	40-44	0.00271	0.01345	2.71	94116	1265	467685	3356870	35.67
1968	45-49	0.00450	0.02225	2.6	92850	2065	459301	2889185	31.12
1968	50-54	0.00706	0.03474	2.66	90785	3154	446529	2429884	26.77
1968	55-59	0.01183	0.05752	2.63	87631	5040	426203	1983356	22.63
1968	60-64	0.01719	0.08265	2.69	82591	6826	397154	1557153	18.85
1968	65-69	0.02729	0.12811	2.61	75764	9706	355669	1159998	15.31
1968	70-74	0.04114	0.18718	2.6	66058	12365	300590	804329	12.18
1968	75-79	0.06379	0.27568	2.54	53693	14802	232029	503739	9.38
1968	80-84	0.09987	0.40012	2.52	38891	15561	155815	271711	6.99
1968	85-89	0.16731	0.57794	2.33	23330	13484	80590	115896	4.97
1968	90-94	0.25378	0.73295	2.12	9847	7217	28438	35305	3.59
1968	95-99	0.36782	0.85971	1.9	2630	2261	6146	6867	2.61
1968	100-104	0.50416	0.93460	1.63	369	345	684	721	1.96
1968	105-109	0.64234	0.96984	1.4	24	23	36	37	1.55
1968	110+	0.74747	1.00000	1.34	1	1	1	1	1.34
1969	0	0.01926	0.01893	0.1	100000	1893	98300	7251513	72.52
1969	1-4	0.00079	0.00316	1.69	98107	310	391711	7153214	72.91
1969	5-9	0.00047	0.00235	2.43	97797	230	488393	6761502	69.14
1969	10-14	0.00041	0.00206	2.8	97567	201	487392	6273110	64.30
1969	15-19	0.00111	0.00555	3.04	97366	540	485773	5785718	59.42
1969	20-24	0.00128	0.00636	2.47	96826	616	482569	5299945	54.74
1969	25-29	0.00108	0.00540	2.56	96210	520	479782	4817376	50.07
1969	30-34	0.00117	0.00584	2.45	95690	559	477029	4337594	45.33
1969	35-39	0.00169	0.00840	2.73	95132	799	473843	3860565	40.58
1969	40-44	0.00284	0.01412	2.62	94333	1332	468495	3386721	35.90
1969	45-49	0.00461	0.02279	2.66	93001	2120	460043	2918226	31.38
1969	50-54	0.00697	0.03431	2.66	90881	3118	447107	2458184	27.05
1969	55-59	0.01117	0.05440	2.62	87764	4774	427476	2011077	22.91
1969	60-64	0.01699	0.08167	2.62	82990	6778	398839	1583601	19.08
1969	65-69	0.02611	0.12281	2.59	76212	9360	358458	1184762	15.55
1969	70-74	0.04025	0.18363	2.62	66852	12276	304985	826304	12.36
1969	75-79	0.06204	0.26914	2.54	54576	14688	236758	521319	9.55
1969	80-84	0.09975	0.39994	2.52	39888	15953	159922	284562	7.13
1969	85-89	0.15587	0.55045	2.33	23935	13175	84523	124639	5.21
1969	90-94	0.24303	0.72071	2.18	10760	7755	31910	40116	3.73
1969	95-99	0.35015	0.84461	1.94	3005	2538	7249	8206	2.73
1969	100-104	0.47947	0.92444	1.68	467	432	900	958	2.05
1969	105-109	0.61361	0.96434	1.44	35	34	55	57	1.62
1969	110+	0.71826	1.00000	1.39	1	1	2	2	1.39
1970	0	0.01908	0.01876	0.1	100000	1876	98314	7255854	72.56
1970	1-4	0.00078	0.00312	1.65	98124	306	391777	7157540	72.94
1970	5-9	0.00043	0.00212	2.4	97818	208	488552	6765762	69.17
1970	10-14	0.00043	0.00216	2.61	97610	211	487548	6277211	64.31
1970	15-19	0.00104	0.00521	2.87	97400	508	485917	5789663	59.44
1970	20-24	0.00139	0.00693	2.39	96892	671	482705	5303746	54.74
1970	25-29	0.00120	0.00596	2.39	96221	574	479604	4821041	50.10
1970	30-34	0.00134	0.00668	2.54	95647	639	476664	4341437	45.39
1970	35-39	0.00188	0.00936	2.73	95008	889	473024	3864773	40.68
1970	40-44	0.00259	0.01285	2.69	94119	1209	467797	3391749	36.04
1970	45-49	0.00479	0.02370	2.64	92910	2202	459359	2923952	31.47
1970	50-54	0.00692	0.03405	2.77	90708	3089	446640	2464593	27.17
1970	55-59	0.01117	0.05444	2.68	87619	4770	427027	2017953	23.03
1970	60-64	0.01665	0.08007	2.61	82850	6634	398423	1590926	19.20
1970	65-69	0.02558	0.12059	2.63	76216	9191	359335	1192504	15.65
1970	70-74	0.03966	0.18117	2.61	67025	12143	306164	833169	12.43
1970	75-79	0.06362	0.27542	2.56	54882	15116	237589	527005	9.60
1970	80-84	0.09697	0.38993	2.49	39766	15506	159899	289415	7.28
1970	85-89	0.15491	0.54919	2.35	24260	13324	86007	129516	5.34
1970	90-94	0.22506	0.69131	2.21	10937	7561	33593	43509	3.98
1970	95-99	0.32291	0.81837	1.99	3376	2763	8556	9916	2.94
1970	100-104	0.44125	0.90573	1.75	613	555	1259	1360	2.22
1970	105-109	0.56852	0.95369	1.52	58	55	97	101	1.75
1970	110+	0.67121	1.00000	1.49	3	3	4	4	1.49
1971	0	0.01705	0.01679	0.1	100000	1679	98482	7275313	72.75
1971	1-4	0.00073	0.00293	1.66	98321	288	392612	7176830	72.99
1971	5-9	0.00038	0.00190	2.39	98033	187	489678	6784219	69.20
1971	10-14	0.00042	0.00207	2.77	97846	203	488780	6294541	64.33
1971	15-19	0.00111	0.00552	2.83	97644	539	487048	5805761	59.46
1971	20-24	0.00131	0.00653	2.66	97104	634	484038	5318712	54.77
1971	25-29	0.00117	0.00582	2.49	96471	561	480945	4834674	50.12
1971	30-34	0.00120	0.00599	2.5	95909	575	478108	4353730	45.39
1971	35-39	0.00171	0.00852	2.52	95335	812	474656	3875622	40.65
1971	40-44	0.00257	0.01278	2.68	94522	1208	469811	3400966	35.98
1971	45-49	0.00473	0.02340	2.61	93314	2183	461360	2931155	31.41
1971	50-54	0.00697	0.03427	2.69	91131	3123	448436	2469795	27.10
1971	55-59	0.01141	0.05553	2.6	88007	4887	428294	2021359	22.97
1971	60-64	0.01720	0.08271	2.69	83120	6875	399715	1593065	19.17
1971	65-69	0.02719	0.12765	2.61	76245	9733	358001	1193350	15.65
1971	70-74	0.03895	0.17801	2.59	66512	11840	303979	835348	12.56
1971	75-79	0.06234	0.27065	2.57	54672	14797	237343	531370	9.72
1971	80-84	0.09555	0.38466	2.47	39875	15339	160533	294026	7.37
1971	85-89	0.14734	0.53024	2.36	24537	13010	88301	133493	5.44
1971	90-94	0.22956	0.70073	2.22	11526	8077	35184	45193	3.92
1971	95-99	0.32703	0.82297	1.98	3449	2839	8681	10009	2.90
1971	100-104	0.45027	0.91076	1.73	611	556	1235	1328	2.18
1971	105-109	0.58202	0.95729	1.5	54	52	90	93	1.71
1971	110+	0.68740	1.00000	1.45	2	2	3	3	1.45
1972	0	0.01676	0.01651	0.09	100000	1651	98505	7295836	72.96
1972	1-4	0.00073	0.00291	1.78	98349	286	392760	7197331	73.18
1972	5-9	0.00039	0.00193	2.55	98063	189	489850	6804570	69.39
1972	10-14	0.00044	0.00219	2.83	97874	214	488904	6314720	64.52
1972	15-19	0.00108	0.00537	2.76	97660	524	487124	5825816	59.65
1972	20-24	0.00118	0.00588	2.47	97135	571	484230	5338692	54.96
1972	25-29	0.00109	0.00542	2.57	96564	523	481549	4854462	50.27
1972	30-34	0.00118	0.00589	2.72	96041	566	478917	4372914	45.53
1972	35-39	0.00179	0.00891	2.7	95475	851	475417	3893997	40.79
1972	40-44	0.00289	0.01436	2.68	94624	1359	469964	3418580	36.13
1972	45-49	0.00404	0.02002	2.71	93265	1868	462053	2948615	31.62
1972	50-54	0.00711	0.03497	2.66	91398	3196	449500	2486563	27.21
1972	55-59	0.01061	0.05174	2.63	88202	4564	430202	2037063	23.10
1972	60-64	0.01696	0.08157	2.66	83638	6823	402197	1606860	19.21
1972	65-69	0.02500	0.11807	2.65	76815	9070	362753	1204663	15.68
1972	70-74	0.03852	0.17650	2.63	67746	11957	310399	841910	12.43
1972	75-79	0.06230	0.27025	2.55	55789	15077	241987	531511	9.53
1972	80-84	0.09855	0.39421	2.46	40712	16049	162846	289524	7.11
1972	85-89	0.15852	0.55951	2.37	24663	13799	87050	126677	5.14
1972	90-94	0.24936	0.73130	2.17	10864	7945	31861	39627	3.65
1972	95-99	0.36051	0.85345	1.92	2919	2491	6911	7767	2.66
1972	100-104	0.49192	0.92955	1.65	428	398	808	856	2.00
1972	105-109	0.62563	0.96664	1.43	30	29	47	48	1.59
1972	110+	0.72855	1.00000	1.37	1	1	1	1	1.37
1973	0	0.01541	0.01520	0.09	100000	1520	98620	7326101	73.26
1973	1-4	0.00060	0.00240	1.51	98480	236	393333	7227481	73.39
1973	5-9	0.00037	0.00184	2.41	98244	181	490750	6834148	69.56
1973	10-14	0.00038	0.00189	2.96	98063	186	489937	6343398	64.69
1973	15-19	0.00105	0.00524	2.65	97877	513	488183	5853461	59.80
1973	20-24	0.00146	0.00729	2.5	97364	710	485045	5365278	55.11
1973	25-29	0.00098	0.00489	2.54	96654	473	482110	4880233	50.49
1973	30-34	0.00105	0.00524	2.64	96182	504	479718	4398123	45.73
1973	35-39	0.00175	0.00870	2.65	95678	832	476432	3918405	40.95
1973	40-44	0.00262	0.01302	2.59	94845	1235	471249	3441973	36.29
1973	45-49	0.00436	0.02156	2.7	93610	2019	463405	2970724	31.73
1973	50-54	0.00672	0.03306	2.59	91592	3028	450666	2507318	27.37
1973	55-59	0.01119	0.05457	2.72	88564	4833	431792	2056652	23.22
1973	60-64	0.01688	0.08106	2.58	83731	6787	402206	1624860	19.41
1973	65-69	0.02547	0.11998	2.59	76944	9232	362509	1222655	15.89
1973	70-74	0.03766	0.17259	2.58	67712	11686	310304	860146	12.70
1973	75-79	0.06037	0.26300	2.55	56025	14735	244058	549841	9.81
1973	80-84	0.09356	0.37960	2.52	41291	15674	167521	305784	7.41
1973	85-89	0.14870	0.53493	2.38	25617	13703	92151	138263	5.40
1973	90-94	0.23168	0.70197	2.19	11914	8363	36097	46112	3.87
1973	95-99	0.33736	0.83337	1.96	3551	2959	8771	10015	2.82
1973	100-104	0.46674	0.91902	1.7	592	544	1165	1244	2.10
1973	105-109	0.60295	0.96223	1.46	48	46	76	79	1.65
1973	110+	0.71007	1.00000	1.41	2	2	3	3	1.41
1974	0	0.01433	0.01414	0.09	100000	1414	98710	7366011	73.66
1974	1-4	0.00061	0.00242	1.69	98586	239	393793	7267301	73.72
1974	5-9	0.00034	0.00172	2.2	98347	169	491261	6873508	69.89
1974	10-14	0.00040	0.00201	2.96	98178	197	490486	6382247	65.01
1974	15-19	0.00115	0.00573	2.93	97980	562	488741	5891761	60.13
1974	20-24	0.00125	0.00625	2.36	97419	609	485483	5403021	55.46
1974	25-29	0.00098	0.00490	2.45	96809	474	482839	4917537	50.80
1974	30-34	0.00109	0.00542	2.63	96335	522	480440	4434698	46.03
1974	35-39	0.00169	0.00843	2.58	95813	808	477110	3954258	41.27
1974	40-44	0.00265	0.01318	2.79	95005	1252	472256	3477148	36.60
1974	45-49	0.00432	0.02139	2.77	93753	2005	464304	3004892	32.05
1974	50-54	0.00633	0.03119	2.64	91748	2862	452000	2540588	27.69
1974	55-59	0.01063	0.05186	2.68	88887	4610	433740	2088588	23.50
1974	60-64	0.01640	0.07902	2.71	84277	6660	406158	1654848	19.64
1974	65-69	0.02490	0.11755	2.62	77617	9124	366380	1248690	16.09
1974	70-74	0.03814	0.17452	2.57	68493	11953	313390	882310	12.88
1974	75-79	0.05670	0.24954	2.6	56540	14109	248838	568921	10.06
1974	80-84	0.09168	0.37368	2.53	42431	15856	172944	320083	7.54
1974	85-89	0.14238	0.51861	2.38	26575	13782	96800	147138	5.54
1974	90-94	0.22646	0.69174	2.19	12793	8849	39077	50338	3.93
1974	95-99	0.33267	0.82896	1.97	3944	3269	9827	11261	2.86
1974	100-104	0.46102	0.91633	1.71	675	618	1341	1435	2.13
1974	105-109	0.59661	0.96083	1.47	56	54	91	94	1.67
1974	110+	0.70369	1.00000	1.42	2	2	3	3	1.42
1975	0	0.01339	0.01323	0.09	100000	1323	98790	7413879	74.14
1975	1-4	0.00065	0.00258	1.82	98677	255	394151	7315090	74.13
1975	5-9	0.00029	0.00144	2.42	98422	142	491743	6920939	70.32
1975	10-14	0.00033	0.00163	2.82	98280	160	491050	6429196	65.42
1975	15-19	0.00106	0.00528	2.83	98120	518	489474	5938146	60.52
1975	20-24	0.00125	0.00625	2.38	97602	610	486412	5448673	55.83
1975	25-29	0.00091	0.00456	2.23	96992	442	483732	4962260	51.16
1975	30-34	0.00122	0.00609	2.48	96549	588	481267	4478529	46.39
1975	35-39	0.00162	0.00806	2.6	95962	773	477951	3997262	41.65
1975	40-44	0.00229	0.01140	2.72	95189	1085	473465	3519311	36.97
1975	45-49	0.00424	0.02098	2.64	94103	1974	465858	3045846	32.37
1975	50-54	0.00637	0.03139	2.69	92129	2892	453957	2579987	28.00
1975	55-59	0.01013	0.04952	2.71	89238	4419	436078	2126030	23.82
1975	60-64	0.01615	0.07776	2.61	84818	6595	408323	1689953	19.92
1975	65-69	0.02367	0.11213	2.66	78223	8771	370595	1281630	16.38
1975	70-74	0.03672	0.16867	2.59	69452	11714	319036	911035	13.12
1975	75-79	0.05606	0.24692	2.59	57738	14257	254287	591999	10.25
1975	80-84	0.08937	0.36549	2.51	43481	15892	177821	337712	7.77
1975	85-89	0.13667	0.50404	2.4	27589	13906	101745	159891	5.80
1975	90-94	0.20613	0.65668	2.24	13683	8985	43592	58146	4.25
1975	95-99	0.30363	0.79808	2.03	4698	3749	12348	14554	3.10
1975	100-104	0.41893	0.89323	1.79	949	847	2022	2207	2.33
1975	105-109	0.54530	0.94724	1.56	101	96	176	184	1.82
1975	110+	0.64863	1.00000	1.54	5	5	8	8	1.54
1976	0	0.01398	0.01380	0.09	100000	1380	98740	7441523	74.42
1976	1-4	0.00067	0.00266	1.7	98620	262	393875	7342783	74.46
1976	5-9	0.00032	0.00160	2.37	98358	157	491375	6948908	70.65
1976	10-14	0.00032	0.00158	2.98	98200	155	490690	6457533	65.76
1976	15-19	0.00107	0.00533	2.93	98046	522	489149	5966843	60.86
1976	20-24	0.00125	0.00623	2.4	97523	608	486037	5477693	56.17
1976	25-29	0.00100	0.00498	2.63	96915	483	483435	4991657	51.51
1976	30-34	0.00116	0.00581	2.86	96433	560	480963	4508222	46.75
1976	35-39	0.00158	0.00788	2.73	95873	756	477646	4027259	42.01
1976	40-44	0.00224	0.01112	2.81	95117	1058	473270	3549612	37.32
1976	45-49	0.00364	0.01803	2.65	94059	1696	466311	3076342	32.71
1976	50-54	0.00606	0.02986	2.67	92362	2758	455378	2610031	28.26
1976	55-59	0.01009	0.04928	2.68	89604	4415	437780	2154652	24.05
1976	60-64	0.01500	0.07242	2.63	85189	6170	411322	1716873	20.15
1976	65-69	0.02421	0.11445	2.61	79019	9043	373480	1305551	16.52
1976	70-74	0.03533	0.16259	2.55	69976	11378	322055	932071	13.32
1976	75-79	0.05458	0.24126	2.6	58598	14138	259047	610016	10.41
1976	80-84	0.08493	0.35060	2.51	44461	15588	183539	350969	7.89
1976	85-89	0.13595	0.50252	2.41	28873	14509	106720	167431	5.80
1976	90-94	0.20732	0.65968	2.24	14364	9475	45703	60710	4.23
1976	95-99	0.30625	0.80167	2.03	4888	3919	12796	15007	3.07
1976	100-104	0.42773	0.89894	1.78	970	872	2038	2211	2.28
1976	105-109	0.56058	0.95193	1.53	98	93	166	173	1.77
1976	110+	0.66837	1.00000	1.5	5	5	7	7	1.50
1977	0	0.01264	0.01249	0.08	100000	1249	98855	7522774	75.23
1977	1-4	0.00049	0.00196	1.64	98751	193	394546	7423919	75.18
1977	5-9	0.00032	0.00161	2.26	98557	158	492353	7029374	71.32
1977	10-14	0.00029	0.00147	2.69	98399	144	491661	6537021	66.43
1977	15-19	0.00094	0.00469	2.81	98254	461	490264	6045360	61.53
1977	20-24	0.00111	0.00552	2.46	97794	540	487597	5555096	56.80
1977	25-29	0.00095	0.00474	2.37	97254	461	485060	5067499	52.11
1977	30-34	0.00111	0.00553	2.35	96793	536	482546	4582439	47.34
1977	35-39	0.00149	0.00742	2.7	96258	714	479647	4099893	42.59
1977	40-44	0.00232	0.01156	2.55	95544	1104	475008	3620246	37.89
1977	45-49	0.00382	0.01894	2.67	94440	1789	468026	3145238	33.30
1977	50-54	0.00566	0.02793	2.65	92651	2588	457179	2677212	28.90
1977	55-59	0.00863	0.04226	2.64	90062	3806	441318	2220033	24.65
1977	60-64	0.01437	0.06956	2.69	86256	6000	417435	1778715	20.62
1977	65-69	0.02233	0.10592	2.59	80256	8501	380760	1361280	16.96
1977	70-74	0.03419	0.15785	2.57	71756	11327	331240	980521	13.66
1977	75-79	0.05045	0.22475	2.57	60429	13582	269186	649281	10.74
1977	80-84	0.08149	0.33917	2.53	46847	15889	194979	380095	8.11
1977	85-89	0.12842	0.48160	2.41	30958	14910	116102	185116	5.98
1977	90-94	0.20351	0.65256	2.25	16049	10473	51460	69014	4.30
1977	95-99	0.29724	0.79174	2.05	5576	4415	14853	17554	3.15
1977	100-104	0.41854	0.89378	1.8	1161	1038	2480	2701	2.33
1977	105-109	0.55270	0.94986	1.55	123	117	212	221	1.79
1977	110+	0.66218	1.00000	1.51	6	6	9	9	1.51
1978	0	0.01241	0.01227	0.08	100000	1227	98874	7509493	75.09
1978	1-4	0.00067	0.00266	1.67	98773	262	394479	7410618	75.03
1978	5-9	0.00032	0.00162	2.36	98510	160	492129	7016139	71.22
1978	10-14	0.00035	0.00175	2.95	98350	172	491398	6524011	66.33
1978	15-19	0.00092	0.00459	2.88	98178	450	489936	6032613	61.45
1978	20-24	0.00105	0.00526	2.36	97728	514	487283	5542677	56.72
1978	25-29	0.00102	0.00510	2.55	97214	495	484855	5055394	52.00
1978	30-34	0.00112	0.00559	2.57	96719	540	482278	4570539	47.26
1978	35-39	0.00138	0.00689	2.61	96178	663	479307	4088261	42.51
1978	40-44	0.00211	0.01050	2.75	95515	1003	475319	3608954	37.78
1978	45-49	0.00365	0.01808	2.59	94512	1709	468448	3133635	33.16
1978	50-54	0.00595	0.02936	2.74	92803	2725	457856	2665186	28.72
1978	55-59	0.00891	0.04367	2.73	90078	3933	441449	2207330	24.50
1978	60-64	0.01512	0.07299	2.63	86145	6288	415823	1765881	20.50
1978	65-69	0.02260	0.10714	2.57	79857	8556	378505	1350059	16.91
1978	70-74	0.03357	0.15542	2.62	71301	11081	330113	971553	13.63
1978	75-79	0.05344	0.23649	2.57	60220	14242	266506	641440	10.65
1978	80-84	0.08041	0.33523	2.52	45978	15413	191678	374935	8.15
1978	85-89	0.12947	0.48596	2.43	30565	14853	114724	183256	6.00
1978	90-94	0.19947	0.64578	2.27	15712	10146	50865	68532	4.36
1978	95-99	0.29452	0.78842	2.05	5565	4388	14898	17667	3.17
1978	100-104	0.41365	0.89063	1.8	1178	1049	2535	2769	2.35
1978	105-109	0.54563	0.94771	1.56	129	122	224	234	1.82
1978	110+	0.65378	1.00000	1.53	7	7	10	10	1.53
1979	0	0.01074	0.01063	0.08	100000	1063	99020	7568129	75.68
1979	1-4	0.00061	0.00243	1.84	98937	241	395225	7469109	75.49
1979	5-9	0.00030	0.00150	2.42	98696	148	493096	7073884	71.67
1979	10-14	0.00030	0.00150	2.76	98547	148	492406	6580788	66.78
1979	15-19	0.00098	0.00488	2.83	98400	480	490957	6088381	61.87
1979	20-24	0.00119	0.00594	2.49	97920	582	488139	5597424	57.16
1979	25-29	0.00086	0.00431	2.52	97338	420	485648	5109285	52.49
1979	30-34	0.00094	0.00468	2.59	96918	454	483498	4623637	47.71
1979	35-39	0.00150	0.00745	2.51	96464	719	480529	4140139	42.92
1979	40-44	0.00210	0.01043	2.63	95745	999	476356	3659610	38.22
1979	45-49	0.00330	0.01637	2.65	94746	1551	470083	3183254	33.60
1979	50-54	0.00533	0.02634	2.69	93196	2455	460307	2713171	29.11
1979	55-59	0.00910	0.04458	2.7	90741	4045	444384	2252864	24.83
1979	60-64	0.01367	0.06625	2.68	86695	5743	420155	1808480	20.86
1979	65-69	0.02234	0.10605	2.63	80952	8585	384375	1388325	17.15
1979	70-74	0.03260	0.15131	2.63	72367	10950	335897	1003950	13.87
1979	75-79	0.05042	0.22474	2.59	61417	13803	273764	668053	10.88
1979	80-84	0.07924	0.33085	2.51	47614	15753	198806	394289	8.28
1979	85-89	0.12539	0.47393	2.43	31861	15100	120422	195483	6.14
1979	90-94	0.19391	0.63401	2.27	16761	10627	54803	75061	4.48
1979	95-99	0.28156	0.77237	2.08	6134	4738	16827	20258	3.30
1979	100-104	0.39454	0.87791	1.84	1396	1226	3107	3431	2.46
1979	105-109	0.52139	0.93981	1.6	170	160	307	324	1.90
1979	110+	0.62660	1.00000	1.6	10	10	16	16	1.60
1980	0	0.01191	0.01178	0.08	100000	1178	98918	7575076	75.75
1980	1-4	0.00052	0.00207	1.64	98822	205	394803	7476158	75.65
1980	5-9	0.00026	0.00132	2.34	98617	130	492738	7081355	71.81
1980	10-14	0.00031	0.00155	2.84	98487	152	492105	6588616	66.90
1980	15-19	0.00088	0.00439	2.89	98335	431	490764	6096512	62.00
1980	20-24	0.00107	0.00535	2.36	97903	524	488133	5605748	57.26
1980	25-29	0.00090	0.00451	2.4	97379	439	485758	5117615	52.55
1980	30-34	0.00095	0.00474	2.45	96941	459	483531	4631857	47.78
1980	35-39	0.00139	0.00691	2.57	96481	667	480788	4148326	43.00
1980	40-44	0.00197	0.00983	2.66	95814	941	476864	3667538	38.28
1980	45-49	0.00332	0.01647	2.67	94873	1563	470729	3190674	33.63
1980	50-54	0.00552	0.02726	2.68	93310	2544	460637	2719945	29.15
1980	55-59	0.00911	0.04460	2.69	90766	4048	444477	2259308	24.89
1980	60-64	0.01376	0.06660	2.62	86718	5776	419849	1814831	20.93
1980	65-69	0.02188	0.10399	2.63	80942	8417	384743	1394982	17.23
1980	70-74	0.03219	0.14932	2.58	72525	10829	336396	1010240	13.93
1980	75-79	0.04877	0.21796	2.57	61696	13447	275742	673844	10.92
1980	80-84	0.08033	0.33390	2.47	48248	16110	200547	398102	8.25
1980	85-89	0.12193	0.46288	2.4	32138	14876	122003	197555	6.15
1980	90-94	0.19892	0.64348	2.26	17262	11108	55843	75553	4.38
1980	95-99	0.29092	0.78476	2.07	6154	4830	16601	19710	3.20
1980	100-104	0.41430	0.89162	1.81	1325	1181	2851	3109	2.35
1980	105-109	0.55225	0.95000	1.55	144	136	247	258	1.80
1980	110+	0.66526	1.00000	1.5	7	7	11	11	1.50
1981	0	0.00979	0.00971	0.08	100000	971	99103	7606511	76.07
1981	1-4	0.00057	0.00226	1.68	99029	224	395598	7507408	75.81
1981	5-9	0.00027	0.00133	2.43	98806	131	493691	7111810	71.98
1981	10-14	0.00033	0.00167	2.83	98675	164	493016	6618119	67.07
1981	15-19	0.00083	0.00414	2.85	98510	408	491673	6125103	62.18
1981	20-24	0.00094	0.00471	2.46	98102	462	489339	5633430	57.42
1981	25-29	0.00098	0.00488	2.45	97640	476	486989	5144091	52.68
1981	30-34	0.00088	0.00439	2.47	97164	426	484740	4657102	47.93
1981	35-39	0.00128	0.00640	2.76	96738	620	482299	4172362	43.13
1981	40-44	0.00207	0.01028	2.62	96118	988	478236	3690063	38.39
1981	45-49	0.00322	0.01601	2.75	95130	1523	472221	3211827	33.76
1981	50-54	0.00538	0.02654	2.62	93607	2484	462120	2739606	29.27
1981	55-59	0.00910	0.04455	2.68	91123	4060	446185	2277486	24.99
1981	60-64	0.01381	0.06688	2.66	87064	5823	421668	1831301	21.03
1981	65-69	0.02184	0.10378	2.62	81240	8431	386116	1409633	17.35
1981	70-74	0.03137	0.14604	2.65	72809	10633	339009	1023517	14.06
1981	75-79	0.04880	0.21824	2.58	62176	13569	278081	684508	11.01
1981	80-84	0.07747	0.32439	2.5	48606	15768	203536	406427	8.36
1981	85-89	0.12305	0.46857	2.46	32839	15387	125045	202891	6.18
1981	90-94	0.19433	0.63699	2.3	17452	11116	57204	77846	4.46
1981	95-99	0.28542	0.77777	2.07	6335	4927	17263	20642	3.26
1981	100-104	0.40448	0.88511	1.82	1408	1246	3081	3379	2.40
1981	105-109	0.53804	0.94558	1.57	162	153	284	298	1.84
1981	110+	0.64821	1.00000	1.54	9	9	14	14	1.54
1982	0	0.01005	0.00996	0.08	100000	996	99080	7628654	76.29
1982	1-4	0.00055	0.00220	1.57	99004	218	395488	7529574	76.05
1982	5-9	0.00021	0.00107	2.25	98786	106	493641	7134086	72.22
1982	10-14	0.00026	0.00130	2.8	98681	128	493120	6640445	67.29
1982	15-19	0.00084	0.00420	2.72	98552	414	491816	6147324	62.38
1982	20-24	0.00085	0.00427	2.6	98138	419	489687	5655509	57.63
1982	25-29	0.00085	0.00426	2.38	97720	416	487507	5165821	52.86
1982	30-34	0.00096	0.00481	2.61	97303	468	485398	4678315	48.08
1982	35-39	0.00123	0.00612	2.53	96836	593	482715	4192916	43.30
1982	40-44	0.00200	0.00994	2.75	96243	957	479060	3710201	38.55
1982	45-49	0.00311	0.01546	2.74	95286	1473	473102	3231141	33.91
1982	50-54	0.00545	0.02693	2.76	93813	2526	463415	2758040	29.40
1982	55-59	0.00822	0.04032	2.71	91287	3681	447992	2294624	25.14
1982	60-64	0.01380	0.06683	2.64	87606	5855	424234	1846632	21.08
1982	65-69	0.02110	0.10048	2.62	81751	8214	389245	1422398	17.40
1982	70-74	0.03363	0.15563	2.61	73537	11445	340354	1033154	14.05
1982	75-79	0.04748	0.21281	2.57	62092	13214	278292	692799	11.16
1982	80-84	0.07532	0.31685	2.5	48878	15487	205626	414507	8.48
1982	85-89	0.12073	0.46047	2.42	33391	15376	127355	208881	6.26
1982	90-94	0.18978	0.62685	2.29	18016	11293	59507	81525	4.53
1982	95-99	0.28334	0.77554	2.08	6723	5214	18401	22018	3.28
1982	100-104	0.40469	0.88557	1.82	1509	1336	3302	3618	2.40
1982	105-109	0.54150	0.94684	1.57	173	163	302	316	1.83
1982	110+	0.65437	1.00000	1.53	9	9	14	14	1.53
1983	0	0.00878	0.00871	0.07	100000	871	99193	7625790	76.26
1983	1-4	0.00051	0.00202	1.76	99129	200	396069	7526597	75.93
1983	5-9	0.00018	0.00092	2.48	98929	91	494416	7130528	72.08
1983	10-14	0.00028	0.00141	2.82	98838	139	493887	6636113	67.14
1983	15-19	0.00082	0.00408	3.01	98699	403	492692	6142225	62.23
1983	20-24	0.00088	0.00437	2.54	98296	429	490422	5649533	57.47
1983	25-29	0.00091	0.00455	2.67	97866	446	488295	5159111	52.72
1983	30-34	0.00089	0.00443	2.34	97421	431	485957	4670816	47.94
1983	35-39	0.00125	0.00625	2.8	96990	606	483614	4184859	43.15
1983	40-44	0.00172	0.00858	2.74	96383	827	480048	3701245	38.40
1983	45-49	0.00331	0.01642	2.8	95556	1569	474331	3221197	33.71
1983	50-54	0.00535	0.02642	2.68	93987	2484	464164	2746866	29.23
1983	55-59	0.00892	0.04365	2.6	91504	3994	447934	2282702	24.95
1983	60-64	0.01380	0.06684	2.68	87509	5849	423962	1834768	20.97
1983	65-69	0.02183	0.10382	2.64	81660	8478	388310	1410806	17.28
1983	70-74	0.03230	0.14990	2.61	73182	10970	339671	1022496	13.97
1983	75-79	0.04973	0.22183	2.57	62212	13801	277518	682826	10.98
1983	80-84	0.07674	0.32284	2.54	48412	15629	203673	405308	8.37
1983	85-89	0.12283	0.46601	2.41	32782	15277	124373	201635	6.15
1983	90-94	0.19679	0.63705	2.23	17506	11152	56669	77262	4.41
1983	95-99	0.28706	0.77992	2.07	6354	4955	17262	20593	3.24
1983	100-104	0.40779	0.88737	1.82	1398	1241	3043	3330	2.38
1983	105-109	0.54313	0.94722	1.56	157	149	275	287	1.82
1983	110+	0.65453	1.00000	1.53	8	8	13	13	1.53
1984	0	0.00876	0.00869	0.07	100000	869	99194	7665727	76.66
1984	1-4	0.00043	0.00173	1.47	99131	171	396089	7566533	76.33
1984	5-9	0.00025	0.00126	2.41	98959	125	494473	7170443	72.46
1984	10-14	0.00021	0.00107	2.8	98834	106	493939	6675970	67.55
1984	15-19	0.00080	0.00401	2.95	98729	396	492830	6182031	62.62
1984	20-24	0.00089	0.00445	2.33	98333	437	490497	5689201	57.86
1984	25-29	0.00075	0.00375	2.41	97896	367	488527	5198704	53.10
1984	30-34	0.00083	0.00416	2.7	97529	406	486708	4710177	48.30
1984	35-39	0.00123	0.00612	2.64	97123	595	484209	4223469	43.49
1984	40-44	0.00186	0.00924	2.66	96528	892	480550	3739260	38.74
1984	45-49	0.00306	0.01520	2.8	95636	1454	474979	3258710	34.07
1984	50-54	0.00505	0.02499	2.74	94183	2353	465591	2783731	29.56
1984	55-59	0.00855	0.04193	2.71	91829	3851	450321	2318140	25.24
1984	60-64	0.01342	0.06504	2.66	87979	5722	426530	1867819	21.23
1984	65-69	0.02074	0.09902	2.71	82256	8145	392614	1441290	17.52
1984	70-74	0.03186	0.14808	2.62	74112	10974	344440	1048676	14.15
1984	75-79	0.04813	0.21612	2.64	63137	13645	283521	704236	11.15
1984	80-84	0.07403	0.31291	2.53	49492	15486	209191	420715	8.50
1984	85-89	0.12229	0.46413	2.4	34006	15783	129067	211525	6.22
1984	90-94	0.18919	0.62714	2.31	18223	11428	60405	82457	4.53
1984	95-99	0.28639	0.77933	2.08	6795	5295	18490	22053	3.25
1984	100-104	0.40868	0.88810	1.82	1499	1332	3258	3563	2.38
1984	105-109	0.54564	0.94805	1.56	168	159	292	305	1.82
1984	110+	0.65813	1.00000	1.52	9	9	13	13	1.52
1985	0	0.00943	0.00934	0.07	100000	934	99135	7637776	76.38
1985	1-4	0.00035	0.00138	1.43	99066	137	395910	7538641	76.10
1985	5-9	0.00024	0.00119	2.11	98929	117	494305	7142731	72.20
1985	10-14	0.00026	0.00129	2.37	98811	127	493723	6648426	67.28
1985	15-19	0.00076	0.00381	2.77	98684	376	492584	6154703	62.37
1985	20-24	0.00090	0.00448	2.31	98309	441	490358	5662119	57.60
1985	25-29	0.00085	0.00425	2.56	97868	416	488323	5171761	52.84
1985	30-34	0.00084	0.00419	2.7	97452	408	486320	4683438	48.06
1985	35-39	0.00130	0.00650	2.6	97043	631	483703	4197119	43.25
1985	40-44	0.00187	0.00933	2.65	96412	899	479953	3713416	38.52
1985	45-49	0.00320	0.01589	2.72	95513	1517	474099	3233463	33.85
1985	50-54	0.00503	0.02488	2.69	93996	2339	464570	2759363	29.36
1985	55-59	0.00895	0.04387	2.71	91657	4021	449089	2294794	25.04
1985	60-64	0.01382	0.06699	2.69	87636	5870	424624	1845704	21.06
1985	65-69	0.02071	0.09883	2.69	81766	8081	390199	1421080	17.38
1985	70-74	0.03308	0.15318	2.59	73684	11287	341243	1030881	13.99
1985	75-79	0.04828	0.21620	2.59	62397	13490	279430	689639	11.05
1985	80-84	0.07537	0.31795	2.54	48907	15550	206309	410209	8.39
1985	85-89	0.12612	0.47701	2.45	33357	15912	126166	203899	6.11
1985	90-94	0.19209	0.63607	2.35	17445	11097	57769	77733	4.46
1985	95-99	0.29730	0.79226	2.05	6349	5030	16919	19965	3.14
1985	100-104	0.42169	0.89589	1.79	1319	1182	2802	3046	2.31
1985	105-109	0.55845	0.95159	1.54	137	131	234	244	1.78
1985	110+	0.66958	1.00000	1.49	7	7	10	10	1.49
1986	0	0.00824	0.00818	0.07	100000	818	99241	7687544	76.88
1986	1-4	0.00055	0.00222	1.73	99182	220	396231	7588304	76.51
1986	5-9	0.00021	0.00104	2.42	98962	103	494548	7192073	72.67
1986	10-14	0.00023	0.00117	2.69	98860	116	494032	6697525	67.75
1986	15-19	0.00089	0.00445	2.71	98744	440	492713	6203493	62.82
1986	20-24	0.00086	0.00428	2.52	98305	421	490479	5710780	58.09
1986	25-29	0.00075	0.00373	2.71	97884	365	488583	5220301	53.33
1986	30-34	0.00099	0.00492	2.52	97519	480	486405	4731718	48.52
1986	35-39	0.00126	0.00628	2.7	97040	609	483799	4245313	43.75
1986	40-44	0.00173	0.00860	2.72	96431	830	480264	3761514	39.01
1986	45-49	0.00278	0.01383	2.78	95601	1322	475072	3281250	34.32
1986	50-54	0.00472	0.02334	2.75	94278	2200	466438	2806178	29.76
1986	55-59	0.00829	0.04066	2.71	92078	3744	451813	2339740	25.41
1986	60-64	0.01325	0.06429	2.68	88335	5679	428479	1887928	21.37
1986	65-69	0.01962	0.09365	2.57	82655	7741	394483	1459449	17.66
1986	70-74	0.03081	0.14355	2.62	74914	10754	348994	1064966	14.22
1986	75-79	0.04761	0.21350	2.58	64160	13698	287713	715972	11.16
1986	80-84	0.07649	0.32220	2.56	50462	16259	212565	428259	8.49
1986	85-89	0.11938	0.45772	2.45	34203	15656	131141	215694	6.31
1986	90-94	0.18638	0.61699	2.26	18548	11444	61401	84553	4.56
1986	95-99	0.28501	0.77761	2.08	7104	5524	19382	23152	3.26
1986	100-104	0.40683	0.88694	1.82	1580	1401	3444	3770	2.39
1986	105-109	0.54383	0.94753	1.56	179	169	311	325	1.82
1986	110+	0.65665	1.00000	1.52	9	9	14	14	1.52
1987	0	0.00889	0.00882	0.07	100000	882	99182	7678673	76.79
1987	1-4	0.00040	0.00159	1.51	99118	157	396080	7579491	76.47
1987	5-9	0.00020	0.00099	2.22	98961	98	494530	7183411	72.59
1987	10-14	0.00023	0.00116	2.77	98863	115	494056	6688881	67.66
1987	15-19	0.00079	0.00396	2.65	98748	391	492819	6194825	62.73
1987	20-24	0.00084	0.00417	2.42	98356	410	490721	5702006	57.97
1987	25-29	0.00095	0.00471	2.67	97946	462	488652	5211284	53.21
1987	30-34	0.00084	0.00421	2.68	97484	411	486466	4722632	48.45
1987	35-39	0.00126	0.00630	2.62	97073	611	483913	4236166	43.64
1987	40-44	0.00181	0.00899	2.44	96462	867	480092	3752253	38.90
1987	45-49	0.00295	0.01463	2.71	95595	1399	474766	3272161	34.23
1987	50-54	0.00538	0.02657	2.81	94196	2503	465491	2797395	29.70
1987	55-59	0.00840	0.04118	2.7	91693	3776	449798	2331905	25.43
1987	60-64	0.01336	0.06473	2.62	87917	5691	426015	1882106	21.41
1987	65-69	0.01973	0.09427	2.65	82226	7752	392932	1456091	17.71
1987	70-74	0.03154	0.14693	2.67	74474	10942	346904	1063159	14.28
1987	75-79	0.04721	0.21192	2.59	63532	13463	285188	716256	11.27
1987	80-84	0.07336	0.31056	2.53	50068	15549	211964	431068	8.61
1987	85-89	0.11600	0.44719	2.44	34519	15437	133076	219104	6.35
1987	90-94	0.19001	0.62491	2.26	19082	11925	62759	86027	4.51
1987	95-99	0.28547	0.77861	2.08	7158	5573	19522	23268	3.25
1987	100-104	0.41084	0.88982	1.81	1585	1410	3432	3746	2.36
1987	105-109	0.55167	0.95002	1.55	175	166	301	314	1.80
1987	110+	0.66709	1.00000	1.5	9	9	13	13	1.50
1988	0	0.00865	0.00858	0.07	100000	858	99204	7679321	76.79
1988	1-4	0.00040	0.00162	1.64	99142	160	396191	7580117	76.46
1988	5-9	0.00024	0.00119	2.67	98982	117	494636	7183926	72.58
1988	10-14	0.00024	0.00120	2.76	98865	119	494056	6689290	67.66
1988	15-19	0.00074	0.00371	3.01	98746	366	493001	6195233	62.74
1988	20-24	0.00094	0.00471	2.5	98380	463	490742	5702232	57.96
1988	25-29	0.00093	0.00463	2.35	97916	454	488380	5211490	53.22
1988	30-34	0.00085	0.00425	2.63	97463	414	486332	4723110	48.46
1988	35-39	0.00115	0.00575	2.76	97048	558	483988	4236777	43.66
1988	40-44	0.00186	0.00927	2.74	96490	894	480429	3752789	38.89
1988	45-49	0.00307	0.01522	2.58	95595	1455	474450	3272360	34.23
1988	50-54	0.00482	0.02384	2.83	94141	2245	465842	2797910	29.72
1988	55-59	0.00810	0.03975	2.7	91896	3653	451087	2332068	25.38
1988	60-64	0.01304	0.06328	2.68	88243	5584	428240	1880982	21.32
1988	65-69	0.01979	0.09449	2.62	82659	7810	394737	1452742	17.58
1988	70-74	0.03127	0.14574	2.67	74848	10908	348847	1058006	14.14
1988	75-79	0.04747	0.21280	2.57	63940	13606	286612	709158	11.09
1988	80-84	0.07674	0.32227	2.52	50334	16221	211368	422546	8.39
1988	85-89	0.12108	0.46291	2.46	34113	15791	130422	211178	6.19
1988	90-94	0.19565	0.64079	2.31	18322	11740	60006	80756	4.41
1988	95-99	0.29618	0.79115	2.06	6581	5207	17580	20751	3.15
1988	100-104	0.42209	0.89635	1.79	1374	1232	2919	3171	2.31
1988	105-109	0.56120	0.95248	1.53	142	136	242	252	1.77
1988	110+	0.67427	1.00000	1.48	7	7	10	10	1.48
1989	0	0.00841	0.00834	0.07	100000	834	99226	7707204	77.07
1989	1-4	0.00047	0.00188	1.75	99166	186	396245	7607979	76.72
1989	5-9	0.00025	0.00124	2.36	98980	123	494575	7211734	72.86
1989	10-14	0.00024	0.00120	2.87	98857	119	494033	6717159	67.95
1989	15-19	0.00084	0.00422	2.86	98739	416	492802	6223126	63.03
1989	20-24	0.00079	0.00393	2.53	98322	387	490657	5730325	58.28
1989	25-29	0.00089	0.00446	2.59	97936	436	488625	5239668	53.50
1989	30-34	0.00094	0.00470	2.65	97499	458	486418	4751043	48.73
1989	35-39	0.00120	0.00600	2.59	97041	582	483804	4264624	43.95
1989	40-44	0.00188	0.00936	2.63	96459	903	480150	3780821	39.20
1989	45-49	0.00313	0.01556	2.67	95556	1487	474318	3300670	34.54
1989	50-54	0.00474	0.02342	2.7	94069	2203	465283	2826352	30.05
1989	55-59	0.00811	0.03980	2.65	91866	3656	450752	2361069	25.70
1989	60-64	0.01287	0.06246	2.63	88209	5510	428000	1910317	21.66
1989	65-69	0.01861	0.08914	2.64	82700	7372	396092	1482317	17.92
1989	70-74	0.02989	0.13958	2.64	75328	10514	351796	1086225	14.42
1989	75-79	0.04669	0.20979	2.58	64814	13597	291213	734429	11.33
1989	80-84	0.07213	0.30637	2.54	51216	15691	217525	443215	8.65
1989	85-89	0.11519	0.44591	2.47	35525	15841	137519	225690	6.35
1989	90-94	0.19146	0.63141	2.3	19684	12429	64916	88171	4.48
1989	95-99	0.29026	0.78453	2.07	7255	5692	19611	23255	3.21
1989	100-104	0.41716	0.89364	1.8	1563	1397	3349	3645	2.33
1989	105-109	0.55776	0.95164	1.54	166	158	284	296	1.78
1989	110+	0.67208	1.00000	1.49	8	8	12	12	1.49
1990	0	0.00822	0.00816	0.07	100000	816	99242	7753425	77.53
1990	1-4	0.00036	0.00145	1.6	99184	144	396390	7654183	77.17
1990	5-9	0.00022	0.00111	2.6	99040	109	494937	7257793	73.28
1990	10-14	0.00022	0.00110	2.57	98931	109	494388	6762856	68.36
1990	15-19	0.00067	0.00337	2.87	98822	333	493400	6268467	63.43
1990	20-24	0.00083	0.00415	2.4	98489	409	491382	5775068	58.64
1990	25-29	0.00090	0.00447	2.52	98080	438	489315	5283685	53.87
1990	30-34	0.00089	0.00446	2.5	97642	435	487122	4794370	49.10
1990	35-39	0.00126	0.00630	2.73	97207	612	484643	4307248	44.31
1990	40-44	0.00170	0.00847	2.73	96594	818	481117	3822605	39.57
1990	45-49	0.00244	0.01214	2.68	95777	1162	476192	3341489	34.89
1990	50-54	0.00447	0.02214	2.65	94614	2095	468149	2865297	30.28
1990	55-59	0.00715	0.03518	2.75	92520	3255	455268	2397148	25.91
1990	60-64	0.01215	0.05906	2.63	89264	5272	433853	1941880	21.75
1990	65-69	0.01949	0.09318	2.64	83993	7826	401504	1508027	17.95
1990	70-74	0.02903	0.13582	2.64	76167	10345	356390	1106523	14.53
1990	75-79	0.04595	0.20672	2.58	65822	13607	296117	750134	11.40
1990	80-84	0.07335	0.31062	2.54	52215	16219	221106	454017	8.70
1990	85-89	0.11298	0.43972	2.48	35996	15828	140092	232911	6.47
1990	90-94	0.18459	0.61745	2.32	20168	12453	67460	92819	4.60
1990	95-99	0.28179	0.77405	2.09	7715	5972	21193	25359	3.29
1990	100-104	0.40596	0.88669	1.82	1743	1546	3808	4166	2.39
1990	105-109	0.54565	0.94823	1.56	198	187	343	359	1.82
1990	110+	0.66048	1.00000	1.51	10	10	15	15	1.51
1991	0	0.00817	0.00811	0.07	100000	811	99247	7734906	77.35
1991	1-4	0.00044	0.00176	1.88	99189	175	396385	7635659	76.98
1991	5-9	0.00018	0.00089	2.53	99014	89	494852	7239274	73.11
1991	10-14	0.00023	0.00114	3.29	98926	113	494435	6744421	68.18
1991	15-19	0.00076	0.00378	2.62	98813	373	493177	6249986	63.25
1991	20-24	0.00081	0.00404	2.4	98439	398	491163	5756809	58.48
1991	25-29	0.00081	0.00402	2.4	98041	394	489182	5265646	53.71
1991	30-34	0.00104	0.00517	2.51	97647	505	486976	4776464	48.92
1991	35-39	0.00128	0.00640	2.61	97142	622	484223	4289488	44.16
1991	40-44	0.00169	0.00843	2.68	96519	813	480714	3805265	39.42
1991	45-49	0.00280	0.01392	2.72	95706	1332	475489	3324551	34.74
1991	50-54	0.00457	0.02260	2.68	94374	2133	466929	2849063	30.19
1991	55-59	0.00769	0.03776	2.67	92241	3483	453072	2382134	25.83
1991	60-64	0.01251	0.06076	2.67	88757	5393	431225	1929062	21.73
1991	65-69	0.01941	0.09283	2.66	83364	7738	398721	1497837	17.97
1991	70-74	0.02903	0.13599	2.69	75626	10285	354324	1099116	14.53
1991	75-79	0.04630	0.20806	2.56	65341	13595	293596	744792	11.40
1991	80-84	0.07270	0.30858	2.55	51746	15968	219653	451196	8.72
1991	85-89	0.11332	0.43889	2.43	35778	15703	138575	231543	6.47
1991	90-94	0.18334	0.61402	2.31	20075	12327	67234	92968	4.63
1991	95-99	0.27876	0.76985	2.09	7749	5965	21400	25734	3.32
1991	100-104	0.39884	0.88164	1.84	1783	1572	3942	4334	2.43
1991	105-109	0.53382	0.94437	1.58	211	199	373	392	1.86
1991	110+	0.64523	1.00000	1.55	12	12	18	18	1.55
1992	0	0.00822	0.00816	0.07	100000	816	99242	7786679	77.87
1992	1-4	0.00026	0.00105	1.69	99184	104	396497	7687437	77.51
1992	5-9	0.00020	0.00101	2.35	99080	100	495136	7290940	73.59
1992	10-14	0.00020	0.00100	3.34	98980	99	494735	6795804	68.66
1992	15-19	0.00068	0.00340	2.85	98881	336	493683	6301069	63.72
1992	20-24	0.00081	0.00403	2.3	98545	398	491650	5807387	58.93
1992	25-29	0.00078	0.00388	2.34	98147	380	489724	5315737	54.16
1992	30-34	0.00102	0.00507	2.62	97767	496	487656	4826013	49.36
1992	35-39	0.00107	0.00535	2.59	97271	521	485100	4338357	44.60
1992	40-44	0.00163	0.00811	2.56	96750	784	481836	3853257	39.83
1992	45-49	0.00255	0.01268	2.63	95966	1217	476945	3371421	35.13
1992	50-54	0.00481	0.02379	2.61	94749	2254	468351	2894476	30.55
1992	55-59	0.00721	0.03543	2.67	92495	3277	454835	2426124	26.23
1992	60-64	0.01156	0.05626	2.65	89217	5019	434300	1971290	22.10
1992	65-69	0.01823	0.08741	2.64	84198	7360	403632	1536990	18.25
1992	70-74	0.02880	0.13473	2.61	76838	10353	359486	1133358	14.75
1992	75-79	0.04399	0.19872	2.57	66486	13212	300358	773873	11.64
1992	80-84	0.07152	0.30452	2.56	53274	16223	226841	473514	8.89
1992	85-89	0.11013	0.42972	2.44	37051	15921	144564	246673	6.66
1992	90-94	0.17327	0.59292	2.34	21129	12528	72302	102109	4.83
1992	95-99	0.26490	0.75158	2.12	8601	6465	24404	29807	3.47
1992	100-104	0.38165	0.86976	1.87	2137	1859	4870	5403	2.53
1992	105-109	0.51603	0.93861	1.61	278	261	506	533	1.92
1992	110+	0.62862	1.00000	1.59	17	17	27	27	1.59
1993	0	0.00703	0.00698	0.07	100000	698	99349	7757870	77.58
1993	1-4	0.00041	0.00164	1.36	99302	163	396777	7658521	77.12
1993	5-9	0.00014	0.00070	2.36	99139	70	495511	7261743	73.25
1993	10-14	0.00021	0.00105	2.95	99069	104	495135	6766232	68.30
1993	15-19	0.00074	0.00370	2.63	98966	367	493961	6271097	63.37
1993	20-24	0.00076	0.00379	2.46	98599	374	492046	5777136	58.59
1993	25-29	0.00080	0.00400	2.53	98226	393	490156	5285090	53.81
1993	30-34	0.00104	0.00520	2.56	97832	509	487921	4794934	49.01
1993	35-39	0.00117	0.00584	2.74	97324	568	485334	4307012	44.25
1993	40-44	0.00175	0.00873	2.68	96755	845	481822	3821679	39.50
1993	45-49	0.00260	0.01292	2.63	95911	1239	476611	3339857	34.82
1993	50-54	0.00452	0.02237	2.65	94671	2118	468382	2863246	30.24
1993	55-59	0.00707	0.03476	2.67	92553	3218	455266	2394864	25.88
1993	60-64	0.01227	0.05963	2.66	89336	5327	434200	1939598	21.71
1993	65-69	0.01959	0.09365	2.67	84009	7867	401681	1505399	17.92
1993	70-74	0.02945	0.13755	2.6	76141	10473	355618	1103717	14.50
1993	75-79	0.04455	0.20070	2.53	65668	13180	295834	748100	11.39
1993	80-84	0.07196	0.30626	2.57	52488	16075	223400	452266	8.62
1993	85-89	0.11818	0.45539	2.48	36413	16582	140315	228866	6.29
1993	90-94	0.19182	0.63389	2.33	19831	12571	65535	88551	4.47
1993	95-99	0.29357	0.78898	2.07	7260	5728	19513	23017	3.17
1993	100-104	0.42574	0.89915	1.79	1532	1378	3236	3504	2.29
1993	105-109	0.57191	0.95564	1.52	155	148	258	268	1.74
1993	110+	0.68976	1.00000	1.45	7	7	10	10	1.45
1994	0	0.00759	0.00753	0.07	100000	753	99299	7756312	77.56
1994	1-4	0.00041	0.00162	1.86	99247	161	396643	7657012	77.15
1994	5-9	0.00016	0.00081	2	99086	80	495190	7260370	73.27
1994	10-14	0.00023	0.00116	2.92	99006	114	494792	6765180	68.33
1994	15-19	0.00078	0.00391	2.83	98891	386	493619	6270388	63.41
1994	20-24	0.00090	0.00448	2.42	98505	442	491385	5776769	58.64
1994	25-29	0.00090	0.00447	2.53	98064	438	489234	5285383	53.90
1994	30-34	0.00100	0.00500	2.45	97625	489	486880	4796149	49.13
1994	35-39	0.00115	0.00571	2.69	97137	555	484403	4309269	44.36
1994	40-44	0.00190	0.00947	2.6	96582	914	480719	3824866	39.60
1994	45-49	0.00287	0.01426	2.69	95668	1365	475191	3344147	34.96
1994	50-54	0.00455	0.02251	2.67	94303	2122	466568	2868956	30.42
1994	55-59	0.00710	0.03493	2.73	92181	3219	453605	2402388	26.06
1994	60-64	0.01224	0.05954	2.69	88962	5297	432583	1948783	21.91
1994	65-69	0.01902	0.09105	2.65	83665	7617	400414	1516200	18.12
1994	70-74	0.02920	0.13631	2.56	76048	10366	354968	1115786	14.67
1994	75-79	0.04310	0.19513	2.58	65682	12817	297383	760818	11.58
1994	80-84	0.07143	0.30376	2.54	52865	16058	224806	463435	8.77
1994	85-89	0.11368	0.44240	2.49	36807	16283	143236	238629	6.48
1994	90-94	0.18219	0.61338	2.34	20523	12589	69095	95393	4.65
1994	95-99	0.27893	0.77055	2.1	7935	6114	21920	26298	3.31
1994	100-104	0.40316	0.88498	1.83	1821	1611	3996	4378	2.40
1994	105-109	0.54344	0.94764	1.56	209	198	365	382	1.82
1994	110+	0.65901	1.00000	1.52	11	11	17	17	1.52
1995	0	0.00831	0.00825	0.07	100000	825	99234	7761169	77.61
1995	1-4	0.00035	0.00140	1.85	99175	139	396403	7661934	77.26
1995	5-9	0.00023	0.00113	2.58	99037	112	494913	7265531	73.36
1995	10-14	0.00020	0.00100	2.64	98925	99	494390	6770617	68.44
1995	15-19	0.00082	0.00412	2.72	98826	407	493198	6276228	63.51
1995	20-24	0.00086	0.00431	2.47	98419	424	491022	5783029	58.76
1995	25-29	0.00082	0.00407	2.53	97994	399	488986	5292007	54.00
1995	30-34	0.00100	0.00501	2.69	97595	489	486848	4803021	49.21
1995	35-39	0.00132	0.00660	2.7	97107	640	484058	4316173	44.45
1995	40-44	0.00188	0.00934	2.71	96466	901	480264	3832114	39.72
1995	45-49	0.00271	0.01348	2.65	95565	1288	474797	3351850	35.07
1995	50-54	0.00453	0.02242	2.69	94276	2113	466500	2877053	30.52
1995	55-59	0.00712	0.03505	2.76	92163	3230	453591	2410553	26.16
1995	60-64	0.01201	0.05836	2.61	88933	5190	432264	1956962	22.01
1995	65-69	0.01820	0.08729	2.66	83742	7310	401641	1524698	18.21
1995	70-74	0.02785	0.13056	2.6	76432	9979	358254	1123057	14.69
1995	75-79	0.04328	0.19613	2.61	66453	13033	301135	764803	11.51
1995	80-84	0.07261	0.30862	2.57	53420	16487	227063	463669	8.68
1995	85-89	0.11433	0.44355	2.47	36933	16382	143287	236606	6.41
1995	90-94	0.18649	0.62514	2.36	20551	12848	68891	93319	4.54
1995	95-99	0.29362	0.78890	2.07	7704	6078	20699	24428	3.17
1995	100-104	0.42450	0.89828	1.79	1626	1461	3441	3730	2.29
1995	105-109	0.56903	0.95482	1.52	165	158	278	288	1.74
1995	110+	0.68578	1.00000	1.46	7	7	11	11	1.46
1996	0	0.00717	0.00712	0.07	100000	712	99337	7783991	77.84
1996	1-4	0.00045	0.00181	1.74	99288	180	396745	7684655	77.40
1996	5-9	0.00016	0.00081	1.83	99108	80	495285	7287910	73.54
1996	10-14	0.00028	0.00138	2.66	99028	137	494817	6792625	68.59
1996	15-19	0.00066	0.00331	2.97	98891	327	493791	6297808	63.68
1996	20-24	0.00073	0.00366	2.49	98564	361	491914	5804017	58.89
1996	25-29	0.00079	0.00395	2.52	98203	388	490054	5312104	54.09
1996	30-34	0.00104	0.00519	2.7	97815	507	487910	4822049	49.30
1996	35-39	0.00134	0.00668	2.64	97308	650	485006	4334140	44.54
1996	40-44	0.00190	0.00946	2.77	96658	915	481249	3849134	39.82
1996	45-49	0.00250	0.01240	2.58	95743	1187	475837	3367885	35.18
1996	50-54	0.00443	0.02192	2.71	94556	2072	468030	2892047	30.59
1996	55-59	0.00713	0.03507	2.6	92484	3244	454632	2424017	26.21
1996	60-64	0.01187	0.05774	2.64	89240	5153	434064	1969385	22.07
1996	65-69	0.01852	0.08883	2.72	84087	7469	403370	1535322	18.26
1996	70-74	0.02788	0.13086	2.66	76618	10026	359589	1131951	14.77
1996	75-79	0.04246	0.19298	2.64	66591	12851	302685	772362	11.60
1996	80-84	0.07084	0.30204	2.56	53741	16232	229132	469677	8.74
1996	85-89	0.11570	0.44831	2.49	37509	16816	145335	240545	6.41
1996	90-94	0.18315	0.61197	2.29	20693	12664	69143	95210	4.60
1996	95-99	0.28580	0.77924	2.08	8030	6257	21893	26068	3.25
1996	100-104	0.41249	0.89090	1.81	1773	1579	3828	4175	2.36
1996	105-109	0.55373	0.95059	1.55	193	184	332	346	1.79
1996	110+	0.66897	1.00000	1.49	10	10	14	14	1.49
1997	0	0.00628	0.00624	0.07	100000	624	99417	7816720	78.17
1997	1-4	0.00036	0.00144	1.4	99376	143	397130	7717303	77.66
1997	5-9	0.00016	0.00080	2.34	99232	80	495950	7320174	73.77
1997	10-14	0.00023	0.00113	2.78	99153	112	495515	6824223	68.83
1997	15-19	0.00064	0.00319	2.67	99041	315	494468	6328709	63.90
1997	20-24	0.00083	0.00415	2.45	98725	410	492578	5834240	59.10
1997	25-29	0.00064	0.00317	2.46	98315	312	490783	5341662	54.33
1997	30-34	0.00085	0.00424	2.83	98003	416	489111	4850879	49.50
1997	35-39	0.00117	0.00582	2.35	97587	568	486428	4361768	44.70
1997	40-44	0.00172	0.00856	2.59	97019	830	483093	3875340	39.94
1997	45-49	0.00249	0.01240	2.67	96189	1192	478164	3392247	35.27
1997	50-54	0.00431	0.02134	2.73	94996	2027	470378	2914082	30.68
1997	55-59	0.00727	0.03577	2.7	92969	3326	457181	2443704	26.29
1997	60-64	0.01149	0.05597	2.67	89644	5018	436531	1986523	22.16
1997	65-69	0.01752	0.08416	2.68	84626	7122	406574	1549992	18.32
1997	70-74	0.02803	0.13117	2.55	77504	10166	362631	1143417	14.75
1997	75-79	0.04250	0.19309	2.63	67338	13002	305930	780786	11.60
1997	80-84	0.07058	0.30112	2.56	54335	16361	231815	474856	8.74
1997	85-89	0.11355	0.44153	2.48	37974	16767	147653	243041	6.40
1997	90-94	0.19025	0.62878	2.3	21207	13335	70090	95388	4.50
1997	95-99	0.28912	0.78346	2.08	7873	6168	21334	25298	3.21
1997	100-104	0.41816	0.89449	1.8	1705	1525	3647	3964	2.33
1997	105-109	0.56142	0.95279	1.53	180	171	305	318	1.77
1997	110+	0.67777	1.00000	1.48	8	8	13	13	1.48
1998	0	0.00671	0.00667	0.07	100000	667	99378	7809707	78.10
1998	1-4	0.00036	0.00146	1.86	99333	145	397023	7710329	77.62
1998	5-9	0.00021	0.00107	2.28	99188	106	495653	7313306	73.73
1998	10-14	0.00024	0.00119	2.66	99082	118	495135	6817653	68.81
1998	15-19	0.00059	0.00294	2.9	98964	291	494209	6322518	63.89
1998	20-24	0.00074	0.00371	2.6	98673	366	492487	5828308	59.07
1998	25-29	0.00066	0.00328	2.38	98307	323	490687	5335822	54.28
1998	30-34	0.00096	0.00481	2.56	97984	471	488771	4845134	49.45
1998	35-39	0.00119	0.00593	2.51	97513	579	486127	4356363	44.67
1998	40-44	0.00161	0.00804	2.83	96935	779	482984	3870236	39.93
1998	45-49	0.00260	0.01293	2.6	96156	1244	477795	3387252	35.23
1998	50-54	0.00400	0.01981	2.71	94912	1880	470261	2909458	30.65
1998	55-59	0.00727	0.03573	2.7	93032	3324	457504	2439197	26.22
1998	60-64	0.01100	0.05363	2.65	89707	4811	437252	1981693	22.09
1998	65-69	0.01759	0.08442	2.61	84896	7167	407359	1544441	18.19
1998	70-74	0.02820	0.13197	2.57	77729	10258	363735	1137082	14.63
1998	75-79	0.04152	0.18889	2.61	67471	12744	306937	773347	11.46
1998	80-84	0.07385	0.31334	2.58	54727	17148	232184	466410	8.52
1998	85-89	0.12020	0.45933	2.43	37579	17261	143610	234226	6.23
1998	90-94	0.19090	0.62899	2.29	20318	12780	66944	90616	4.46
1998	95-99	0.29715	0.79283	2.06	7538	5976	20112	23672	3.14
1998	100-104	0.42744	0.89982	1.78	1562	1405	3288	3560	2.28
1998	105-109	0.57070	0.95516	1.52	156	149	262	272	1.74
1998	110+	0.68621	1.00000	1.46	7	7	10	10	1.46
1999	0	0.00582	0.00579	0.06	100000	579	99458	7821072	78.21
1999	1-4	0.00031	0.00126	1.49	99421	125	397370	7721614	77.67
1999	5-9	0.00016	0.00081	2.72	99296	81	496296	7324244	73.76
1999	10-14	0.00018	0.00088	2.16	99215	88	495828	6827948	68.82
1999	15-19	0.00068	0.00337	2.56	99128	334	494824	6332120	63.88
1999	20-24	0.00078	0.00392	2.6	98794	387	493041	5837296	59.09
1999	25-29	0.00072	0.00361	2.73	98407	356	491227	5344255	54.31
1999	30-34	0.00098	0.00491	2.61	98051	481	489105	4853028	49.49
1999	35-39	0.00120	0.00598	2.58	97570	584	486438	4363922	44.73
1999	40-44	0.00174	0.00865	2.61	96986	839	482928	3877484	39.98
1999	45-49	0.00249	0.01239	2.72	96147	1192	478012	3394556	35.31
1999	50-54	0.00406	0.02008	2.56	94955	1907	470124	2916544	30.71
1999	55-59	0.00681	0.03353	2.7	93048	3120	458051	2446420	26.29
1999	60-64	0.01105	0.05385	2.62	89928	4843	438114	1988369	22.11
1999	65-69	0.01794	0.08596	2.58	85085	7314	407731	1550256	18.22
1999	70-74	0.02667	0.12547	2.65	77771	9758	365880	1142525	14.69
1999	75-79	0.04305	0.19485	2.57	68013	13252	307838	776645	11.42
1999	80-84	0.07292	0.30961	2.56	54761	16954	232513	468807	8.56
1999	85-89	0.11799	0.45372	2.46	37806	17153	145376	236294	6.25
1999	90-94	0.19458	0.64002	2.33	20653	13218	67932	90918	4.40
1999	95-99	0.30241	0.79913	2.05	7435	5941	19646	22986	3.09
1999	100-104	0.43630	0.90492	1.77	1493	1351	3097	3340	2.24
1999	105-109	0.58207	0.95805	1.5	142	136	234	242	1.71
1999	110+	0.69842	1.00000	1.43	6	6	9	9	1.43
2000	0	0.00662	0.00657	0.07	100000	657	99386	7833149	78.33
2000	1-4	0.00033	0.00130	1.7	99343	129	397073	7733763	77.85
2000	5-9	0.00019	0.00093	1.94	99213	92	495784	7336690	73.95
2000	10-14	0.00018	0.00088	2.52	99121	87	495389	6840906	69.02
2000	15-19	0.00076	0.00380	2.72	99034	377	494309	6345517	64.07
2000	20-24	0.00067	0.00334	2.67	98657	329	492519	5851208	59.31
2000	25-29	0.00069	0.00346	2.5	98328	340	490790	5358689	54.50
2000	30-34	0.00081	0.00405	2.51	97988	397	488954	4867899	49.68
2000	35-39	0.00120	0.00598	2.68	97591	584	486602	4378945	44.87
2000	40-44	0.00175	0.00873	2.68	97007	847	483072	3892343	40.12
2000	45-49	0.00269	0.01337	2.7	96161	1286	477852	3409271	35.45
2000	50-54	0.00422	0.02087	2.71	94875	1980	469841	2931419	30.90
2000	55-59	0.00664	0.03269	2.72	92894	3037	457557	2461578	26.50
2000	60-64	0.01090	0.05314	2.69	89857	4775	438238	2004022	22.30
2000	65-69	0.01698	0.08163	2.63	85083	6945	408935	1565783	18.40
2000	70-74	0.02743	0.12886	2.65	78138	10069	367044	1156848	14.81
2000	75-79	0.04174	0.18979	2.61	68069	12919	309503	789805	11.60
2000	80-84	0.06894	0.29488	2.55	55150	16263	235906	480302	8.71
2000	85-89	0.11781	0.45182	2.42	38888	17570	149134	244396	6.28
2000	90-94	0.18930	0.62779	2.32	21317	13383	70697	95262	4.47
2000	95-99	0.30142	0.79865	2.06	7935	6337	21023	24565	3.10
2000	100-104	0.44024	0.90753	1.76	1598	1450	3294	3542	2.22
2000	105-109	0.59162	0.96053	1.48	148	142	240	248	1.68
2000	110+	0.71163	1.00000	1.41	6	6	8	8	1.41
2001	0	0.00564	0.00561	0.06	100000	561	99475	7863634	78.64
2001	1-4	0.00031	0.00122	1.63	99439	121	397469	7764159	78.08
2001	5-9	0.00019	0.00093	2.4	99318	93	496348	7366690	74.17
2001	10-14	0.00020	0.00102	2.83	99225	101	495906	6870342	69.24
2001	15-19	0.00057	0.00283	2.72	99124	281	494981	6374436	64.31
2001	20-24	0.00068	0.00338	2.53	98843	334	493391	5879454	59.48
2001	25-29	0.00064	0.00318	2.35	98509	313	491718	5386064	54.68
2001	30-34	0.00075	0.00375	2.51	98196	368	490064	4894346	49.84
2001	35-39	0.00144	0.00717	2.67	97828	701	487503	4404282	45.02
2001	40-44	0.00171	0.00853	2.62	97126	829	483664	3916778	40.33
2001	45-49	0.00255	0.01269	2.56	96298	1222	478513	3433115	35.65
2001	50-54	0.00403	0.01995	2.67	95076	1897	470965	2954602	31.08
2001	55-59	0.00620	0.03057	2.76	93179	2849	459504	2483637	26.65
2001	60-64	0.01062	0.05185	2.75	90330	4684	441107	2024133	22.41
2001	65-69	0.01675	0.08060	2.66	85646	6903	412054	1583026	18.48
2001	70-74	0.02748	0.12898	2.62	78744	10157	369585	1170972	14.87
2001	75-79	0.04039	0.18447	2.65	68587	12652	313256	801387	11.68
2001	80-84	0.06857	0.29343	2.54	55935	16413	239349	488131	8.73
2001	85-89	0.11552	0.44722	2.48	39522	17675	153007	248782	6.29
2001	90-94	0.19667	0.64282	2.31	21847	14044	71409	95774	4.38
2001	95-99	0.29865	0.79522	2.06	7803	6205	20779	24366	3.12
2001	100-104	0.43438	0.90414	1.77	1598	1445	3326	3587	2.24
2001	105-109	0.58263	0.95831	1.5	153	147	252	261	1.70
2001	110+	0.70087	1.00000	1.43	6	6	9	9	1.43
2002	0	0.00528	0.00526	0.06	100000	526	99507	7874117	78.74
2002	1-4	0.00028	0.00112	1.41	99474	111	397609	7774610	78.16
2002	5-9	0.00018	0.00089	2.7	99363	89	496612	7377001	74.24
2002	10-14	0.00017	0.00083	2.56	99274	82	496171	6880389	69.31
2002	15-19	0.00055	0.00273	2.69	99192	271	495336	6384218	64.36
2002	20-24	0.00069	0.00342	2.58	98921	339	493785	5888882	59.53
2002	25-29	0.00076	0.00380	2.51	98583	375	491980	5395097	54.73
2002	30-34	0.00081	0.00403	2.62	98208	396	490099	4903117	49.93
2002	35-39	0.00111	0.00556	2.57	97812	544	487737	4413018	45.12
2002	40-44	0.00182	0.00905	2.74	97268	880	484353	3925281	40.36
2002	45-49	0.00285	0.01416	2.7	96388	1365	478802	3440928	35.70
2002	50-54	0.00386	0.01912	2.65	95023	1817	470839	2962125	31.17
2002	55-59	0.00640	0.03153	2.69	93206	2939	459232	2491286	26.73
2002	60-64	0.01012	0.04941	2.63	90267	4460	440780	2032055	22.51
2002	65-69	0.01663	0.08003	2.65	85807	6867	412903	1591274	18.54
2002	70-74	0.02599	0.12237	2.62	78940	9660	371730	1178371	14.93
2002	75-79	0.04086	0.18603	2.6	69280	12888	315410	806641	11.64
2002	80-84	0.06889	0.29531	2.59	56392	16653	241745	491231	8.71
2002	85-89	0.11753	0.45342	2.48	39739	18018	153314	249486	6.28
2002	90-94	0.19078	0.62916	2.29	21721	13666	71630	96173	4.43
2002	95-99	0.30702	0.80506	2.05	8055	6485	21121	24543	3.05
2002	100-104	0.44848	0.91185	1.75	1570	1432	3193	3421	2.18
2002	105-109	0.60098	0.96259	1.47	138	133	222	229	1.65
2002	110+	0.72065	1.00000	1.39	5	5	7	7	1.39
2003	0	0.00567	0.00564	0.06	100000	564	99472	7865722	78.66
2003	1-4	0.00027	0.00106	1.55	99436	106	397486	7766250	78.10
2003	5-9	0.00016	0.00080	2.67	99331	79	496467	7368764	74.18
2003	10-14	0.00022	0.00109	2.37	99251	108	495971	6872297	69.24
2003	15-19	0.00054	0.00271	2.91	99143	269	495153	6376326	64.31
2003	20-24	0.00074	0.00370	2.59	98874	366	493488	5881173	59.48
2003	25-29	0.00066	0.00331	2.75	98508	326	491806	5387686	54.69
2003	30-34	0.00083	0.00416	2.52	98182	408	489897	4895879	49.87
2003	35-39	0.00107	0.00531	2.76	97774	519	487704	4405982	45.06
2003	40-44	0.00197	0.00981	2.79	97255	954	484162	3918278	40.29
2003	45-49	0.00284	0.01413	2.67	96300	1360	478327	3434116	35.66
2003	50-54	0.00451	0.02234	2.73	94940	2121	469884	2955790	31.13
2003	55-59	0.00684	0.03368	2.7	92818	3126	456906	2485905	26.78
2003	60-64	0.01076	0.05248	2.66	89692	4707	437439	2029000	22.62
2003	65-69	0.01639	0.07895	2.69	84985	6709	409459	1591561	18.73
2003	70-74	0.02513	0.11854	2.62	78276	9279	369270	1182101	15.10
2003	75-79	0.03918	0.17898	2.59	68997	12349	315207	812831	11.78
2003	80-84	0.06604	0.28448	2.57	56647	16115	244037	497625	8.78
2003	85-89	0.11687	0.45196	2.49	40532	18319	156745	253588	6.26
2003	90-94	0.19445	0.63730	2.3	22214	14157	72804	96843	4.36
2003	95-99	0.31425	0.81341	2.04	8057	6554	20855	24040	2.98
2003	100-104	0.46208	0.91880	1.72	1503	1381	2989	3185	2.12
2003	105-109	0.61926	0.96645	1.44	122	118	190	196	1.61
2003	110+	0.74035	1.00000	1.35	4	4	6	6	1.35
2004	0	0.00511	0.00508	0.06	100000	508	99523	7924524	79.25
2004	1-4	0.00020	0.00079	1.6	99492	79	397777	7825001	78.65
2004	5-9	0.00019	0.00094	2.32	99413	93	496814	7427224	74.71
2004	10-14	0.00019	0.00097	2.95	99320	96	496401	6930410	69.78
2004	15-19	0.00043	0.00215	2.72	99223	214	495629	6434009	64.84
2004	20-24	0.00073	0.00366	2.52	99009	363	494147	5938381	59.98
2004	25-29	0.00071	0.00354	2.3	98647	349	492291	5444233	55.19
2004	30-34	0.00088	0.00439	2.67	98298	431	490483	4951942	50.38
2004	35-39	0.00109	0.00541	2.57	97867	530	488046	4461459	45.59
2004	40-44	0.00167	0.00833	2.72	97337	811	484834	3973413	40.82
2004	45-49	0.00270	0.01341	2.66	96526	1295	479592	3488579	36.14
2004	50-54	0.00424	0.02100	2.65	95231	2000	471451	3008986	31.60
2004	55-59	0.00622	0.03067	2.61	93231	2859	459320	2537535	27.22
2004	60-64	0.01012	0.04942	2.67	90372	4466	441448	2078216	23.00
2004	65-69	0.01605	0.07727	2.61	85906	6638	413693	1636767	19.05
2004	70-74	0.02342	0.11100	2.65	79268	8798	375626	1223075	15.43
2004	75-79	0.03861	0.17666	2.6	70469	12449	322467	847449	12.03
2004	80-84	0.06358	0.27602	2.61	58021	16015	251900	524983	9.05
2004	85-89	0.11127	0.43349	2.45	42006	18209	163649	273083	6.50
2004	90-94	0.18171	0.61254	2.34	23797	14576	80219	109434	4.60
2004	95-99	0.29298	0.78933	2.08	9220	7278	24841	29215	3.17
2004	100-104	0.43270	0.90374	1.78	1942	1755	4057	4374	2.25
2004	105-109	0.58608	0.95938	1.49	187	179	306	317	1.69
2004	110+	0.70806	1.00000	1.41	8	8	11	11	1.41
2005	0	0.00542	0.00540	0.06	100000	540	99495	7898529	78.99
2005	1-4	0.00026	0.00105	1.72	99460	105	397604	7799034	78.41
2005	5-9	0.00016	0.00080	1.98	99356	80	496539	7401430	74.49
2005	10-14	0.00013	0.00067	2.78	99276	67	496233	6904891	69.55
2005	15-19	0.00062	0.00312	2.82	99210	309	495372	6408658	64.60
2005	20-24	0.00077	0.00383	2.68	98900	379	493620	5913286	59.79
2005	25-29	0.00077	0.00385	2.53	98521	379	491671	5419666	55.01
2005	30-34	0.00080	0.00399	2.73	98142	391	489821	4927995	50.21
2005	35-39	0.00118	0.00588	2.8	97751	574	487490	4438174	45.40
2005	40-44	0.00176	0.00877	2.7	97176	852	483923	3950684	40.65
2005	45-49	0.00308	0.01529	2.67	96324	1473	478195	3466761	35.99
2005	50-54	0.00406	0.02011	2.65	94852	1908	469771	2988566	31.51
2005	55-59	0.00598	0.02949	2.71	92944	2741	458430	2518795	27.10
2005	60-64	0.01052	0.05135	2.71	90203	4632	440386	2060365	22.84
2005	65-69	0.01592	0.07670	2.62	85571	6563	412268	1619979	18.93
2005	70-74	0.02393	0.11324	2.63	79008	8947	373814	1207711	15.29
2005	75-79	0.03780	0.17356	2.64	70061	12160	321657	833897	11.90
2005	80-84	0.06781	0.29074	2.55	57901	16834	248252	512241	8.85
2005	85-89	0.11224	0.43799	2.49	41067	17987	160251	263989	6.43
2005	90-94	0.18896	0.63062	2.36	23080	14555	77027	103737	4.49
2005	95-99	0.29711	0.79391	2.07	8526	6768	22781	26710	3.13
2005	100-104	0.43606	0.90540	1.77	1757	1591	3648	3929	2.24
2005	105-109	0.58798	0.95974	1.49	166	160	271	281	1.69
2005	110+	0.70863	1.00000	1.41	7	7	9	9	1.41
2006	0	0.00521	0.00518	0.06	100000	518	99514	7929760	79.30
2006	1-4	0.00026	0.00104	1.53	99482	104	397671	7830245	78.71
2006	5-9	0.00011	0.00054	2.41	99378	54	496752	7432575	74.79
2006	10-14	0.00012	0.00061	2.67	99324	60	496482	6935822	69.83
2006	15-19	0.00058	0.00287	2.74	99264	285	495676	6439341	64.87
2006	20-24	0.00067	0.00333	2.56	98979	330	494088	5943665	60.05
2006	25-29	0.00078	0.00388	2.64	98649	383	492341	5449576	55.24
2006	30-34	0.00072	0.00360	2.54	98266	353	490463	4957236	50.45
2006	35-39	0.00128	0.00637	2.46	97913	624	487982	4466772	45.62
2006	40-44	0.00182	0.00905	2.7	97289	880	484421	3978790	40.90
2006	45-49	0.00272	0.01351	2.65	96409	1302	478992	3494369	36.25
2006	50-54	0.00414	0.02049	2.7	95107	1948	471049	3015377	31.71
2006	55-59	0.00647	0.03187	2.68	93159	2969	458906	2544329	27.31
2006	60-64	0.00982	0.04803	2.69	90189	4332	440945	2085423	23.12
2006	65-69	0.01591	0.07671	2.66	85857	6586	413862	1644478	19.15
2006	70-74	0.02301	0.10911	2.64	79271	8649	375917	1230616	15.52
2006	75-79	0.03709	0.17024	2.59	70622	12023	324181	854699	12.10
2006	80-84	0.06415	0.27782	2.59	58599	16280	253778	530518	9.05
2006	85-89	0.10850	0.42777	2.53	42319	18103	166846	276740	6.54
2006	90-94	0.18496	0.61926	2.33	24217	14996	81078	109894	4.54
2006	95-99	0.29751	0.79500	2.07	9220	7330	24639	28816	3.13
2006	100-104	0.44148	0.90872	1.76	1890	1718	3891	4177	2.21
2006	105-109	0.59830	0.96224	1.48	173	166	277	287	1.66
2006	110+	0.72158	1.00000	1.39	7	7	9	9	1.39
2007	0	0.00551	0.00549	0.06	100000	549	99486	7939509	79.40
2007	1-4	0.00027	0.00110	1.37	99451	109	397519	7840022	78.83
2007	5-9	0.00013	0.00064	3.19	99342	64	496596	7442503	74.92
2007	10-14	0.00017	0.00083	2.97	99279	83	496225	6945907	69.96
2007	15-19	0.00055	0.00273	2.58	99196	271	495322	6449682	65.02
2007	20-24	0.00063	0.00314	2.59	98925	310	493875	5954360	60.19
2007	25-29	0.00074	0.00370	2.7	98614	365	492233	5460485	55.37
2007	30-34	0.00089	0.00444	2.69	98250	436	490239	4968252	50.57
2007	35-39	0.00118	0.00588	2.6	97813	575	487687	4478013	45.78
2007	40-44	0.00190	0.00946	2.66	97238	920	484041	3990326	41.04
2007	45-49	0.00282	0.01403	2.6	96319	1351	478351	3506285	36.40
2007	50-54	0.00417	0.02065	2.67	94968	1961	470264	3027934	31.88
2007	55-59	0.00622	0.03061	2.55	93006	2847	458051	2557670	27.50
2007	60-64	0.00997	0.04871	2.67	90159	4392	440576	2099619	23.29
2007	65-69	0.01450	0.07014	2.68	85768	6015	414873	1659043	19.34
2007	70-74	0.02324	0.11004	2.59	79752	8776	377627	1244170	15.60
2007	75-79	0.03750	0.17215	2.62	70976	12219	325801	866543	12.21
2007	80-84	0.06103	0.26629	2.61	58758	15646	256379	540742	9.20
2007	85-89	0.10561	0.41812	2.51	43111	18026	170689	284363	6.60
2007	90-94	0.18687	0.62316	2.33	25086	15632	83652	113674	4.53
2007	95-99	0.29185	0.78844	2.08	9453	7453	25538	30022	3.18
2007	100-104	0.43456	0.90504	1.78	2000	1810	4165	4484	2.24
2007	105-109	0.59088	0.96060	1.49	190	182	309	319	1.68
2007	110+	0.71450	1.00000	1.4	7	7	10	10	1.40
2008	0	0.00560	0.00558	0.06	100000	558	99478	7901988	79.02
2008	1-4	0.00034	0.00138	1.29	99442	137	397399	7802510	78.46
2008	5-9	0.00013	0.00063	2.91	99306	63	496397	7405111	74.57
2008	10-14	0.00012	0.00062	2.68	99243	62	496071	6908714	69.61
2008	15-19	0.00046	0.00230	2.96	99181	228	495439	6412643	64.66
2008	20-24	0.00070	0.00352	2.36	98953	348	493844	5917204	59.80
2008	25-29	0.00082	0.00410	2.49	98605	404	492008	5423361	55.00
2008	30-34	0.00094	0.00471	2.63	98200	462	489905	4931352	50.22
2008	35-39	0.00128	0.00639	2.62	97738	624	487206	4441448	45.44
2008	40-44	0.00199	0.00989	2.58	97114	961	483244	3954242	40.72
2008	45-49	0.00290	0.01442	2.58	96153	1386	477410	3470998	36.10
2008	50-54	0.00448	0.02216	2.6	94767	2100	468789	2993588	31.59
2008	55-59	0.00631	0.03108	2.66	92667	2880	456610	2524799	27.25
2008	60-64	0.00984	0.04811	2.66	89787	4319	438826	2068189	23.03
2008	65-69	0.01556	0.07510	2.69	85468	6419	412511	1629363	19.06
2008	70-74	0.02393	0.11334	2.67	79049	8959	374396	1216852	15.39
2008	75-79	0.03783	0.17369	2.64	70090	12174	321762	842456	12.02
2008	80-84	0.06246	0.27151	2.59	57916	15725	251749	520695	8.99
2008	85-89	0.11273	0.43815	2.46	42191	18486	163990	268945	6.37
2008	90-94	0.19095	0.63305	2.34	23705	15007	78591	104956	4.43
2008	95-99	0.30804	0.80742	2.05	8699	7023	22800	26365	3.03
2008	100-104	0.45967	0.91817	1.73	1675	1538	3346	3565	2.13
2008	105-109	0.62212	0.96721	1.44	137	133	213	219	1.60
2008	110+	0.74686	1.00000	1.34	4	4	6	6	1.34
2009	0	0.00455	0.00453	0.06	100000	453	99575	7952655	79.53
2009	1-4	0.00029	0.00116	1.57	99547	116	397906	7853080	78.89
2009	5-9	0.00011	0.00053	2.32	99431	52	497015	7455174	74.98
2009	10-14	0.00015	0.00077	2.85	99379	77	496729	6958159	70.02
2009	15-19	0.00040	0.00201	3.03	99302	200	496118	6461430	65.07
2009	20-24	0.00065	0.00326	2.6	99103	323	494738	5965313	60.19
2009	25-29	0.00097	0.00485	2.69	98780	479	492791	5470574	55.38
2009	30-34	0.00080	0.00399	2.57	98300	392	490547	4977783	50.64
2009	35-39	0.00126	0.00628	2.69	97908	615	488121	4487236	45.83
2009	40-44	0.00193	0.00963	2.69	97293	937	484306	3999115	41.10
2009	45-49	0.00263	0.01305	2.73	96356	1258	478932	3514810	36.48
2009	50-54	0.00433	0.02144	2.62	95099	2039	470640	3035877	31.92
2009	55-59	0.00646	0.03179	2.59	93060	2959	458176	2565238	27.57
2009	60-64	0.00953	0.04661	2.66	90101	4200	440658	2107062	23.39
2009	65-69	0.01528	0.07374	2.64	85901	6334	414525	1666404	19.40
2009	70-74	0.02305	0.10920	2.6	79567	8689	377019	1251879	15.73
2009	75-79	0.03547	0.16330	2.58	70878	11575	326338	874860	12.34
2009	80-84	0.06143	0.26762	2.6	59303	15871	258351	548522	9.25
2009	85-89	0.10437	0.41436	2.51	43433	17997	172424	290171	6.68
2009	90-94	0.18084	0.61189	2.36	25436	15564	86066	117747	4.63
2009	95-99	0.28837	0.78409	2.09	9872	7741	26842	31682	3.21
2009	100-104	0.42872	0.90169	1.79	2131	1922	4483	4840	2.27
2009	105-109	0.58328	0.95880	1.5	210	201	344	357	1.70
2009	110+	0.70632	1.00000	1.42	9	9	12	12	1.42
2010	0	0.00483	0.00481	0.06	100000	481	99549	7959224	79.59
2010	1-4	0.00019	0.00074	1.72	99519	74	397908	7859675	78.98
2010	5-9	0.00009	0.00047	1.61	99445	47	497067	7461767	75.03
2010	10-14	0.00013	0.00065	2.96	99398	64	496861	6964699	70.07
2010	15-19	0.00050	0.00249	2.66	99334	247	496091	6467839	65.11
2010	20-24	0.00060	0.00298	2.48	99087	295	494689	5971747	60.27
2010	25-29	0.00078	0.00387	2.74	98791	383	493091	5477058	55.44
2010	30-34	0.00090	0.00448	2.49	98409	441	490938	4983967	50.65
2010	35-39	0.00115	0.00572	2.46	97968	561	488415	4493028	45.86
2010	40-44	0.00191	0.00951	2.73	97407	927	484937	4004613	41.11
2010	45-49	0.00293	0.01457	2.73	96481	1406	479210	3519676	36.48
2010	50-54	0.00461	0.02280	2.59	95075	2167	470140	3040466	31.98
2010	55-59	0.00640	0.03153	2.69	92907	2929	457782	2570326	27.67
2010	60-64	0.00918	0.04494	2.65	89978	4044	440369	2112544	23.48
2010	65-69	0.01530	0.07387	2.65	85934	6348	414778	1672174	19.46
2010	70-74	0.02288	0.10848	2.61	79586	8634	377307	1257397	15.80
2010	75-79	0.03565	0.16422	2.6	70953	11652	326849	880090	12.40
2010	80-84	0.05994	0.26224	2.62	59301	15551	259437	553241	9.33
2010	85-89	0.10436	0.41450	2.52	43750	18134	173763	293804	6.72
2010	90-94	0.17679	0.60226	2.35	25616	15427	87262	120041	4.69
2010	95-99	0.28744	0.78306	2.09	10188	7978	27756	32779	3.22
2010	100-104	0.42827	0.90150	1.79	2210	1993	4653	5023	2.27
2010	105-109	0.58343	0.95886	1.5	218	209	358	370	1.70
2010	110+	0.70691	1.00000	1.41	9	9	13	13	1.41
2011	0	0.00472	0.00470	0.06	100000	470	99559	7956096	79.56
2011	1-4	0.00026	0.00103	1.45	99530	102	397859	7856537	78.94
2011	5-9	0.00015	0.00074	2.21	99428	74	496933	7458678	75.02
2011	10-14	0.00015	0.00077	3.15	99354	76	496628	6961746	70.07
2011	15-19	0.00054	0.00268	2.74	99278	266	495786	6465117	65.12
2011	20-24	0.00061	0.00305	2.72	99012	302	494371	5969331	60.29
2011	25-29	0.00066	0.00328	2.51	98710	324	492740	5474961	55.47
2011	30-34	0.00096	0.00479	2.55	98386	472	490773	4982220	50.64
2011	35-39	0.00125	0.00625	2.73	97914	611	488183	4491448	45.87
2011	40-44	0.00188	0.00937	2.65	97303	911	484369	4003265	41.14
2011	45-49	0.00293	0.01454	2.72	96391	1402	478760	3518895	36.51
2011	50-54	0.00439	0.02174	2.59	94989	2065	469967	3040136	32.01
2011	55-59	0.00597	0.02942	2.64	92924	2734	458179	2570169	27.66
2011	60-64	0.00978	0.04786	2.75	90190	4317	441234	2111991	23.42
2011	65-69	0.01434	0.06938	2.66	85873	5958	415424	1670756	19.46
2011	70-74	0.02384	0.11266	2.56	79916	9003	377619	1255332	15.71
2011	75-79	0.03652	0.16796	2.62	70912	11911	326174	877713	12.38
2011	80-84	0.05840	0.25571	2.57	59001	15087	258347	551540	9.35
2011	85-89	0.10324	0.41139	2.53	43914	18066	174988	293192	6.68
2011	90-94	0.18329	0.61684	2.35	25848	15944	86988	118204	4.57
2011	95-99	0.29420	0.79164	2.08	9904	7840	26650	31216	3.15
2011	100-104	0.44080	0.90865	1.77	2064	1875	4254	4566	2.21
2011	105-109	0.60042	0.96281	1.47	189	181	302	312	1.65
2011	110+	0.72543	1.00000	1.38	7	7	10	10	1.38
2012	0	0.00536	0.00533	0.06	100000	533	99501	7965373	79.65
2012	1-4	0.00028	0.00111	1.59	99467	111	397601	7865873	79.08
2012	5-9	0.00009	0.00047	2.56	99356	46	496669	7468271	75.17
2012	10-14	0.00017	0.00084	2.79	99310	84	496366	6971602	70.20
2012	15-19	0.00041	0.00205	2.75	99227	203	495675	6475237	65.26
2012	20-24	0.00066	0.00330	2.69	99023	327	494361	5979562	60.39
2012	25-29	0.00075	0.00374	2.64	98696	369	492608	5485201	55.58
2012	30-34	0.00100	0.00499	2.54	98327	491	490428	4992593	50.78
2012	35-39	0.00121	0.00604	2.59	97836	591	487756	4502165	46.02
2012	40-44	0.00192	0.00955	2.68	97246	929	484069	4014410	41.28
2012	45-49	0.00275	0.01368	2.78	96317	1318	478661	3530340	36.65
2012	50-54	0.00440	0.02181	2.75	94999	2072	470332	3051679	32.12
2012	55-59	0.00649	0.03196	2.58	92927	2970	457455	2581347	27.78
2012	60-64	0.00949	0.04639	2.58	89957	4173	439682	2123892	23.61
2012	65-69	0.01386	0.06715	2.7	85784	5760	415672	1684210	19.63
2012	70-74	0.02179	0.10353	2.61	80024	8285	380296	1268537	15.85
2012	75-79	0.03622	0.16668	2.61	71739	11957	330123	888242	12.38
2012	80-84	0.05889	0.25802	2.6	59781	15425	261942	558119	9.34
2012	85-89	0.10371	0.41189	2.5	44357	18270	176155	296177	6.68
2012	90-94	0.18120	0.61251	2.36	26087	15978	88182	120021	4.60
2012	95-99	0.29441	0.79190	2.08	10108	8005	27189	31840	3.15
2012	100-104	0.44117	0.90886	1.77	2104	1912	4334	4651	2.21
2012	105-109	0.60093	0.96293	1.47	192	185	307	317	1.65
2012	110+	0.72602	1.00000	1.38	7	7	10	10	1.38
2013	0	0.00418	0.00416	0.06	100000	416	99609	7959027	79.59
2013	1-4	0.00022	0.00089	1.71	99584	89	398132	7859418	78.92
2013	5-9	0.00012	0.00061	2.31	99495	60	497313	7461286	74.99
2013	10-14	0.00015	0.00074	2.83	99435	73	497013	6963973	70.04
2013	15-19	0.00038	0.00188	2.72	99361	187	496379	6466960	65.09
2013	20-24	0.00064	0.00318	2.54	99174	316	495093	5970580	60.20
2013	25-29	0.00075	0.00376	2.63	98858	372	493408	5475487	55.39
2013	30-34	0.00096	0.00478	2.57	98486	471	491288	4982079	50.59
2013	35-39	0.00136	0.00676	2.58	98015	662	488472	4490791	45.82
2013	40-44	0.00178	0.00886	2.63	97353	862	484719	4002319	41.11
2013	45-49	0.00280	0.01393	2.78	96491	1344	479477	3517600	36.46
2013	50-54	0.00473	0.02340	2.57	95147	2226	470332	3038123	31.93
2013	55-59	0.00667	0.03281	2.58	92921	3049	457234	2567791	27.63
2013	60-64	0.00928	0.04536	2.58	89872	4077	439489	2110557	23.48
2013	65-69	0.01427	0.06903	2.66	85796	5922	415101	1671068	19.48
2013	70-74	0.02335	0.11074	2.68	79873	8845	378805	1255967	15.72
2013	75-79	0.03698	0.17011	2.65	71028	12082	326735	877162	12.35
2013	80-84	0.05802	0.25479	2.61	58945	15019	258843	550428	9.34
2013	85-89	0.10473	0.41565	2.52	43926	18258	174336	291585	6.64
2013	90-94	0.18341	0.61669	2.34	25669	15830	86309	117249	4.57
2013	95-99	0.29493	0.79260	2.08	9839	7798	26441	30940	3.14
2013	100-104	0.44252	0.90962	1.76	2041	1856	4195	4499	2.20
2013	105-109	0.60306	0.96340	1.47	184	178	295	304	1.65
2013	110+	0.72855	1.00000	1.37	7	7	9	9	1.37
2014	0	0.00487	0.00485	0.06	100000	485	99546	7956936	79.57
2014	1-4	0.00031	0.00122	1.91	99515	121	397808	7857391	78.96
2014	5-9	0.00009	0.00044	1.94	99394	43	496837	7459583	75.05
2014	10-14	0.00015	0.00074	2.99	99351	73	496606	6962746	70.08
2014	15-19	0.00037	0.00186	2.66	99277	185	495953	6466140	65.13
2014	20-24	0.00063	0.00317	2.5	99093	314	494678	5970186	60.25
2014	25-29	0.00078	0.00391	2.52	98779	386	492938	5475508	55.43
2014	30-34	0.00097	0.00482	2.52	98393	474	490788	4982571	50.64
2014	35-39	0.00122	0.00606	2.54	97918	593	488135	4491783	45.87
2014	40-44	0.00161	0.00804	2.73	97325	782	484846	4003648	41.14
2014	45-49	0.00288	0.01431	2.68	96543	1381	479508	3518802	36.45
2014	50-54	0.00465	0.02300	2.65	95161	2189	470652	3039295	31.94
2014	55-59	0.00635	0.03126	2.65	92972	2907	458037	2568642	27.63
2014	60-64	0.00977	0.04774	2.65	90065	4299	440227	2110605	23.43
2014	65-69	0.01477	0.07137	2.67	85766	6121	414572	1670378	19.48
2014	70-74	0.02326	0.11023	2.63	79645	8779	377425	1255805	15.77
2014	75-79	0.03631	0.16708	2.62	70866	11840	326124	878381	12.39
2014	80-84	0.05921	0.25926	2.6	59026	15303	258475	552257	9.36
2014	85-89	0.10251	0.40901	2.53	43723	17883	174455	293782	6.72
2014	90-94	0.18122	0.61415	2.38	25840	15869	87570	119327	4.62
2014	95-99	0.29077	0.78728	2.09	9970	7849	26995	31757	3.19
2014	100-104	0.43396	0.90476	1.78	2121	1919	4422	4761	2.25
2014	105-109	0.59058	0.96054	1.49	202	194	329	340	1.68
2014	110+	0.71430	1.00000	1.4	8	8	11	11	1.40
2015	0	0.00421	0.00420	0.06	100000	420	99606	7954873	79.55
2015	1-4	0.00025	0.00101	1.58	99580	101	398078	7855267	78.88
2015	5-9	0.00013	0.00065	2.52	99480	65	497237	7457190	74.96
2015	10-14	0.00018	0.00088	2.95	99415	88	496892	6959953	70.01
2015	15-19	0.00044	0.00222	2.78	99327	221	496143	6463061	65.07
2015	20-24	0.00065	0.00323	2.36	99106	320	494687	5966919	60.21
2015	25-29	0.00081	0.00404	2.64	98786	399	492988	5472232	55.39
2015	30-34	0.00099	0.00494	2.68	98387	486	490805	4979244	50.61
2015	35-39	0.00109	0.00543	2.5	97901	531	488175	4488438	45.85
2015	40-44	0.00199	0.00989	2.7	97370	963	484634	4000263	41.08
2015	45-49	0.00265	0.01315	2.62	96407	1268	479014	3515629	36.47
2015	50-54	0.00451	0.02231	2.61	95140	2123	470633	3036615	31.92
2015	55-59	0.00675	0.03321	2.63	93017	3089	457760	2565982	27.59
2015	60-64	0.00947	0.04632	2.63	89928	4166	439755	2108222	23.44
2015	65-69	0.01435	0.06937	2.62	85762	5949	414659	1668467	19.45
2015	70-74	0.02343	0.11103	2.64	79812	8862	378191	1253808	15.71
2015	75-79	0.03692	0.16967	2.61	70951	12038	326025	875617	12.34
2015	80-84	0.05940	0.25949	2.57	58912	15287	257352	549591	9.33
2015	85-89	0.10332	0.41166	2.53	43625	17959	173814	292239	6.70
2015	90-94	0.18077	0.61068	2.34	25666	15674	86706	118425	4.61
2015	95-99	0.29195	0.78869	2.09	9992	7881	26994	31720	3.17
2015	100-104	0.43549	0.90559	1.77	2112	1912	4391	4725	2.24
2015	105-109	0.59219	0.96090	1.49	199	192	323	334	1.68
2015	110+	0.71577	1.00000	1.4	8	8	11	11	1.40
2016	0	0.00612	0.00609	0.07	100000	609	99431	7937527	79.38
2016	1-4	0.00030	0.00118	1.55	99391	117	397277	7838095	78.86
2016	5-9	0.00008	0.00042	2.24	99274	41	496255	7440818	74.95
2016	10-14	0.00020	0.00098	2.99	99233	97	495967	6944563	69.98
2016	15-19	0.00041	0.00203	2.78	99135	202	495229	6448596	65.05
2016	20-24	0.00078	0.00391	2.77	98934	386	493806	5953367	60.18
2016	25-29	0.00099	0.00496	2.53	98547	488	491531	5459561	55.40
2016	30-34	0.00108	0.00540	2.6	98059	529	489023	4968030	50.66
2016	35-39	0.00148	0.00740	2.71	97529	722	485997	4479007	45.92
2016	40-44	0.00196	0.00974	2.64	96808	943	481814	3993010	41.25
2016	45-49	0.00288	0.01430	2.67	95865	1370	476137	3511196	36.63
2016	50-54	0.00455	0.02249	2.58	94494	2125	467328	3035059	32.12
2016	55-59	0.00685	0.03371	2.63	92369	3114	454461	2567731	27.80
2016	60-64	0.00971	0.04747	2.66	89255	4237	436353	2113270	23.68
2016	65-69	0.01422	0.06882	2.68	85018	5851	411533	1676917	19.72
2016	70-74	0.02249	0.10693	2.71	79167	8465	376432	1265384	15.98
2016	75-79	0.03449	0.15934	2.61	70702	11265	326578	888953	12.57
2016	80-84	0.05872	0.25731	2.6	59436	15293	260443	562375	9.46
2016	85-89	0.09946	0.39929	2.53	44143	17626	177210	301932	6.84
2016	90-94	0.17659	0.60068	2.34	26517	15928	90199	124722	4.70
2016	95-99	0.28285	0.77748	2.1	10589	8233	29106	34523	3.26
2016	100-104	0.42283	0.89843	1.8	2356	2117	5007	5418	2.30
2016	105-109	0.57777	0.95752	1.51	239	229	397	411	1.72
2016	110+	0.70155	1.00000	1.43	10	10	14	14	1.43
2017	0	0.00524	0.00521	0.06	100000	521	99512	7926317	79.26
2017	1-4	0.00023	0.00093	1.96	99479	92	397727	7826805	78.68
2017	5-9	0.00012	0.00059	2.1	99387	59	496763	7429078	74.75
2017	10-14	0.00017	0.00087	3.07	99328	87	496471	6932315	69.79
2017	15-19	0.00053	0.00265	2.83	99241	263	495633	6435845	64.85
2017	20-24	0.00069	0.00346	2.93	98978	342	494179	5940211	60.02
2017	25-29	0.00087	0.00433	2.8	98635	427	492234	5446033	55.21
2017	30-34	0.00108	0.00538	2.43	98208	528	489682	4953798	50.44
2017	35-39	0.00133	0.00662	2.66	97680	647	486889	4464116	45.70
2017	40-44	0.00196	0.00977	2.55	97033	948	482841	3977227	40.99
2017	45-49	0.00293	0.01453	2.75	96086	1396	477291	3494386	36.37
2017	50-54	0.00469	0.02318	2.6	94689	2195	468183	3017095	31.86
2017	55-59	0.00675	0.03322	2.65	92494	3073	455239	2548912	27.56
2017	60-64	0.00996	0.04863	2.61	89421	4349	436693	2093673	23.41
2017	65-69	0.01452	0.07023	2.69	85073	5975	411555	1656980	19.48
2017	70-74	0.02355	0.11157	2.66	79098	8825	374820	1245426	15.75
2017	75-79	0.03604	0.16602	2.63	70272	11667	323689	870606	12.39
2017	80-84	0.06083	0.26507	2.58	58605	15534	255367	546917	9.33
2017	85-89	0.10150	0.40545	2.52	43071	17463	172053	291550	6.77
2017	90-94	0.17889	0.60872	2.38	25608	15588	87135	119497	4.67
2017	95-99	0.28617	0.78145	2.1	10020	7830	27362	32362	3.23
2017	100-104	0.42611	0.90022	1.79	2190	1971	4627	5000	2.28
2017	105-109	0.58045	0.95812	1.5	219	209	361	374	1.71
2017	110+	0.70356	1.00000	1.42	9	9	13	13	1.42
