IN: Indiana, Lifetables (period 1x10), Females Last modified: 3 Dec 2019, MPv5 (May07) 

Year     	Age	mx	qx	ax	lx	dx	Lx	Tx	ex
1960-1969	0	0.02005	0.01970	0.11	100000	1970	98245	7401488	74.01
1960-1969	1	0.00139	0.00139	0.5	98030	136	97962	7303243	74.50
1960-1969	2	0.00088	0.00088	0.5	97894	86	97851	7205281	73.60
1960-1969	3	0.00065	0.00065	0.5	97808	64	97777	7107430	72.67
1960-1969	4	0.00054	0.00054	0.5	97745	53	97719	7009653	71.71
1960-1969	5	0.00050	0.00050	0.5	97692	49	97668	6911934	70.75
1960-1969	6	0.00042	0.00042	0.5	97644	41	97623	6814266	69.79
1960-1969	7	0.00034	0.00034	0.5	97603	34	97586	6716643	68.82
1960-1969	8	0.00038	0.00038	0.5	97569	37	97551	6619057	67.84
1960-1969	9	0.00029	0.00029	0.5	97533	28	97518	6521506	66.86
1960-1969	10	0.00026	0.00026	0.5	97504	26	97491	6423988	65.88
1960-1969	11	0.00032	0.00032	0.5	97478	32	97463	6326496	64.90
1960-1969	12	0.00031	0.00031	0.5	97447	30	97432	6229034	63.92
1960-1969	13	0.00032	0.00032	0.5	97417	31	97401	6131602	62.94
1960-1969	14	0.00040	0.00040	0.5	97386	39	97366	6034201	61.96
1960-1969	15	0.00043	0.00043	0.5	97347	42	97326	5936834	60.99
1960-1969	16	0.00052	0.00052	0.5	97305	50	97280	5839509	60.01
1960-1969	17	0.00062	0.00062	0.5	97255	60	97224	5742229	59.04
1960-1969	18	0.00065	0.00065	0.5	97194	63	97163	5645004	58.08
1960-1969	19	0.00067	0.00067	0.5	97131	65	97098	5547842	57.12
1960-1969	20	0.00072	0.00072	0.5	97066	70	97031	5450743	56.16
1960-1969	21	0.00071	0.00071	0.5	96996	69	96962	5353712	55.20
1960-1969	22	0.00068	0.00067	0.5	96927	65	96894	5256751	54.23
1960-1969	23	0.00078	0.00078	0.5	96862	76	96824	5159857	53.27
1960-1969	24	0.00070	0.00070	0.5	96786	68	96752	5063033	52.31
1960-1969	25	0.00078	0.00078	0.5	96718	75	96680	4966281	51.35
1960-1969	26	0.00072	0.00072	0.5	96643	70	96608	4869601	50.39
1960-1969	27	0.00085	0.00085	0.5	96573	82	96532	4772993	49.42
1960-1969	28	0.00082	0.00082	0.5	96491	79	96451	4676461	48.47
1960-1969	29	0.00113	0.00113	0.5	96412	109	96357	4580010	47.50
1960-1969	30	0.00092	0.00092	0.5	96302	88	96258	4483653	46.56
1960-1969	31	0.00105	0.00105	0.5	96214	101	96164	4387395	45.60
1960-1969	32	0.00120	0.00120	0.5	96113	115	96056	4291231	44.65
1960-1969	33	0.00119	0.00119	0.5	95998	114	95941	4195176	43.70
1960-1969	34	0.00140	0.00140	0.5	95884	134	95817	4099235	42.75
1960-1969	35	0.00134	0.00134	0.5	95750	128	95686	4003418	41.81
1960-1969	36	0.00151	0.00151	0.5	95622	144	95550	3907732	40.87
1960-1969	37	0.00173	0.00172	0.5	95478	165	95395	3812182	39.93
1960-1969	38	0.00183	0.00183	0.5	95313	175	95226	3716787	39.00
1960-1969	39	0.00205	0.00205	0.5	95138	195	95041	3621561	38.07
1960-1969	40	0.00212	0.00211	0.5	94944	201	94843	3526520	37.14
1960-1969	41	0.00233	0.00233	0.5	94743	221	94633	3431676	36.22
1960-1969	42	0.00250	0.00250	0.5	94522	236	94404	3337044	35.30
1960-1969	43	0.00277	0.00276	0.5	94286	260	94156	3242639	34.39
1960-1969	44	0.00315	0.00315	0.5	94026	296	93878	3148483	33.49
1960-1969	45	0.00331	0.00331	0.5	93730	310	93575	3054606	32.59
1960-1969	46	0.00357	0.00356	0.5	93420	333	93253	2961031	31.70
1960-1969	47	0.00399	0.00398	0.5	93087	371	92902	2867778	30.81
1960-1969	48	0.00434	0.00433	0.5	92716	401	92516	2774876	29.93
1960-1969	49	0.00454	0.00453	0.5	92315	418	92106	2682360	29.06
1960-1969	50	0.00498	0.00496	0.5	91897	456	91668	2590255	28.19
1960-1969	51	0.00554	0.00553	0.5	91440	505	91188	2498586	27.32
1960-1969	52	0.00595	0.00593	0.5	90935	539	90665	2407399	26.47
1960-1969	53	0.00658	0.00656	0.5	90396	593	90099	2316733	25.63
1960-1969	54	0.00685	0.00683	0.5	89803	613	89496	2226634	24.79
1960-1969	55	0.00717	0.00714	0.5	89189	637	88871	2137138	23.96
1960-1969	56	0.00839	0.00835	0.5	88552	740	88183	2048267	23.13
1960-1969	57	0.00886	0.00882	0.5	87813	775	87426	1960084	22.32
1960-1969	58	0.00979	0.00975	0.5	87038	848	86614	1872659	21.52
1960-1969	59	0.00993	0.00988	0.5	86190	852	85764	1786045	20.72
1960-1969	60	0.01146	0.01139	0.5	85338	972	84852	1700280	19.92
1960-1969	61	0.01243	0.01236	0.5	84366	1042	83845	1615428	19.15
1960-1969	62	0.01419	0.01409	0.5	83323	1174	82736	1531584	18.38
1960-1969	63	0.01491	0.01480	0.5	82149	1215	81542	1448847	17.64
1960-1969	64	0.01604	0.01591	0.5	80934	1288	80290	1367306	16.89
1960-1969	65	0.01833	0.01816	0.5	79646	1446	78923	1287016	16.16
1960-1969	66	0.01889	0.01871	0.5	78200	1463	77468	1208093	15.45
1960-1969	67	0.02095	0.02073	0.5	76736	1591	75941	1130625	14.73
1960-1969	68	0.02349	0.02322	0.5	75145	1745	74273	1054684	14.04
1960-1969	69	0.02555	0.02523	0.5	73400	1852	72475	980411	13.36
1960-1969	70	0.02941	0.02899	0.5	71549	2074	70512	907936	12.69
1960-1969	71	0.03111	0.03063	0.5	69475	2128	68411	837424	12.05
1960-1969	72	0.03603	0.03539	0.5	67347	2384	66155	769014	11.42
1960-1969	73	0.03845	0.03772	0.5	64963	2451	63738	702858	10.82
1960-1969	74	0.04390	0.04296	0.5	62513	2685	61170	639120	10.22
1960-1969	75	0.04789	0.04677	0.5	59827	2798	58428	577950	9.66
1960-1969	76	0.05351	0.05211	0.5	57029	2972	55543	519522	9.11
1960-1969	77	0.05758	0.05597	0.5	54057	3026	52544	463979	8.58
1960-1969	78	0.06455	0.06254	0.5	51032	3191	49436	411435	8.06
1960-1969	79	0.07368	0.07106	0.5	47840	3400	46140	361999	7.57
1960-1969	80	0.07951	0.07647	0.5	44440	3398	42741	315859	7.11
1960-1969	81	0.08649	0.08291	0.5	41042	3403	39341	273117	6.65
1960-1969	82	0.10019	0.09541	0.5	37639	3591	35844	233776	6.21
1960-1969	83	0.11212	0.10617	0.5	34048	3615	32241	197933	5.81
1960-1969	84	0.12249	0.11542	0.5	30433	3513	28677	165692	5.44
1960-1969	85	0.13516	0.12661	0.5	26921	3408	25217	137014	5.09
1960-1969	86	0.14674	0.13671	0.5	23513	3214	21905	111798	4.75
1960-1969	87	0.16632	0.15355	0.5	20298	3117	18740	89892	4.43
1960-1969	88	0.18289	0.16757	0.5	17181	2879	15742	71152	4.14
1960-1969	89	0.20050	0.18223	0.5	14302	2606	12999	55410	3.87
1960-1969	90	0.22624	0.20325	0.5	11696	2377	10507	42411	3.63
1960-1969	91	0.23294	0.20864	0.5	9319	1944	8347	31904	3.42
1960-1969	92	0.25507	0.22622	0.5	7375	1668	6540	23557	3.19
1960-1969	93	0.28205	0.24719	0.5	5706	1411	5001	17017	2.98
1960-1969	94	0.30606	0.26544	0.5	4296	1140	3726	12016	2.80
1960-1969	95	0.33116	0.28412	0.5	3155	897	2707	8290	2.63
1960-1969	96	0.35727	0.30312	0.5	2259	685	1917	5583	2.47
1960-1969	97	0.38425	0.32232	0.5	1574	507	1321	3666	2.33
1960-1969	98	0.41196	0.34160	0.5	1067	364	885	2346	2.20
1960-1969	99	0.44024	0.36082	0.5	702	253	576	1461	2.08
1960-1969	100	0.46892	0.37986	0.5	449	171	364	886	1.97
1960-1969	101	0.49780	0.39859	0.5	278	111	223	522	1.88
1960-1969	102	0.52670	0.41691	0.5	167	70	133	299	1.79
1960-1969	103	0.55542	0.43470	0.5	98	42	76	167	1.71
1960-1969	104	0.58377	0.45188	0.5	55	25	43	90	1.63
1960-1969	105	0.61158	0.46836	0.5	30	14	23	47	1.57
1960-1969	106	0.63868	0.48409	0.5	16	8	12	24	1.51
1960-1969	107	0.66493	0.49902	0.5	8	4	6	12	1.46
1960-1969	108	0.69019	0.51312	0.5	4	2	3	6	1.41
1960-1969	109	0.71437	0.52636	0.5	2	1	1	3	1.38
1960-1969	110+	0.73738	1.00000	1.36	1	1	1	1	1.36
1970-1979	0	0.01418	0.01400	0.09	100000	1400	98730	7598993	75.99
1970-1979	1	0.00101	0.00100	0.5	98600	99	98551	7500263	76.07
1970-1979	2	0.00070	0.00070	0.5	98501	69	98467	7401713	75.14
1970-1979	3	0.00051	0.00051	0.5	98432	50	98407	7303246	74.20
1970-1979	4	0.00048	0.00048	0.5	98382	47	98358	7204839	73.23
1970-1979	5	0.00044	0.00044	0.5	98335	44	98313	7106481	72.27
1970-1979	6	0.00031	0.00031	0.5	98291	30	98276	7008168	71.30
1970-1979	7	0.00029	0.00029	0.5	98261	29	98247	6909891	70.32
1970-1979	8	0.00026	0.00026	0.5	98233	26	98220	6811645	69.34
1970-1979	9	0.00023	0.00023	0.5	98207	23	98195	6713425	68.36
1970-1979	10	0.00024	0.00024	0.5	98184	24	98172	6615229	67.38
1970-1979	11	0.00022	0.00022	0.5	98160	22	98149	6517057	66.39
1970-1979	12	0.00028	0.00028	0.5	98138	28	98124	6418908	65.41
1970-1979	13	0.00034	0.00034	0.5	98111	33	98094	6320784	64.43
1970-1979	14	0.00033	0.00033	0.5	98077	32	98061	6222690	63.45
1970-1979	15	0.00043	0.00043	0.5	98045	42	98024	6124629	62.47
1970-1979	16	0.00052	0.00052	0.5	98003	51	97978	6026605	61.49
1970-1979	17	0.00062	0.00062	0.5	97952	61	97922	5928628	60.53
1970-1979	18	0.00067	0.00067	0.5	97892	66	97859	5830706	59.56
1970-1979	19	0.00067	0.00067	0.5	97826	65	97793	5732847	58.60
1970-1979	20	0.00061	0.00061	0.5	97760	60	97731	5635054	57.64
1970-1979	21	0.00062	0.00062	0.5	97701	60	97671	5537323	56.68
1970-1979	22	0.00060	0.00060	0.5	97640	58	97611	5439653	55.71
1970-1979	23	0.00066	0.00066	0.5	97582	65	97550	5342042	54.74
1970-1979	24	0.00058	0.00058	0.5	97518	57	97489	5244492	53.78
1970-1979	25	0.00071	0.00071	0.5	97461	69	97426	5147002	52.81
1970-1979	26	0.00066	0.00066	0.5	97392	64	97359	5049576	51.85
1970-1979	27	0.00069	0.00069	0.5	97327	67	97294	4952217	50.88
1970-1979	28	0.00068	0.00068	0.5	97260	66	97227	4854923	49.92
1970-1979	29	0.00082	0.00082	0.5	97194	80	97154	4757696	48.95
1970-1979	30	0.00079	0.00079	0.5	97114	77	97075	4660542	47.99
1970-1979	31	0.00089	0.00089	0.5	97037	87	96993	4563467	47.03
1970-1979	32	0.00088	0.00087	0.5	96950	85	96908	4466474	46.07
1970-1979	33	0.00100	0.00100	0.5	96865	97	96817	4369567	45.11
1970-1979	34	0.00116	0.00116	0.5	96768	112	96712	4272750	44.15
1970-1979	35	0.00111	0.00111	0.5	96656	108	96602	4176038	43.21
1970-1979	36	0.00142	0.00142	0.5	96549	137	96480	4079435	42.25
1970-1979	37	0.00145	0.00145	0.5	96412	140	96342	3982955	41.31
1970-1979	38	0.00166	0.00165	0.5	96272	159	96192	3886613	40.37
1970-1979	39	0.00172	0.00171	0.5	96113	165	96030	3790420	39.44
1970-1979	40	0.00194	0.00194	0.5	95948	186	95855	3694390	38.50
1970-1979	41	0.00211	0.00211	0.5	95762	202	95661	3598535	37.58
1970-1979	42	0.00217	0.00217	0.5	95561	208	95457	3502873	36.66
1970-1979	43	0.00248	0.00248	0.5	95353	237	95235	3407416	35.73
1970-1979	44	0.00285	0.00284	0.5	95116	270	94981	3312182	34.82
1970-1979	45	0.00289	0.00289	0.5	94846	274	94709	3217200	33.92
1970-1979	46	0.00344	0.00343	0.5	94572	325	94410	3122492	33.02
1970-1979	47	0.00361	0.00360	0.5	94247	339	94078	3028082	32.13
1970-1979	48	0.00377	0.00376	0.5	93908	353	93731	2934004	31.24
1970-1979	49	0.00444	0.00443	0.5	93555	414	93348	2840273	30.36
1970-1979	50	0.00451	0.00450	0.5	93141	419	92931	2746925	29.49
1970-1979	51	0.00497	0.00496	0.5	92721	460	92491	2653994	28.62
1970-1979	52	0.00547	0.00545	0.5	92261	503	92010	2561503	27.76
1970-1979	53	0.00589	0.00587	0.5	91758	539	91489	2469493	26.91
1970-1979	54	0.00624	0.00622	0.5	91219	567	90936	2378005	26.07
1970-1979	55	0.00710	0.00708	0.5	90652	642	90331	2287069	25.23
1970-1979	56	0.00733	0.00730	0.5	90011	657	89682	2196738	24.41
1970-1979	57	0.00797	0.00794	0.5	89353	709	88999	2107056	23.58
1970-1979	58	0.00833	0.00830	0.5	88644	736	88276	2018057	22.77
1970-1979	59	0.00935	0.00931	0.5	87908	818	87499	1929781	21.95
1970-1979	60	0.01055	0.01050	0.5	87090	914	86633	1842281	21.15
1970-1979	61	0.01098	0.01092	0.5	86176	941	85705	1755649	20.37
1970-1979	62	0.01263	0.01255	0.5	85235	1070	84700	1669943	19.59
1970-1979	63	0.01360	0.01351	0.5	84165	1137	83597	1585243	18.83
1970-1979	64	0.01496	0.01485	0.5	83028	1233	82412	1501647	18.09
1970-1979	65	0.01606	0.01593	0.5	81795	1303	81144	1419235	17.35
1970-1979	66	0.01768	0.01752	0.5	80492	1410	79787	1338091	16.62
1970-1979	67	0.01900	0.01882	0.5	79082	1488	78338	1258304	15.91
1970-1979	68	0.02090	0.02069	0.5	77593	1605	76791	1179966	15.21
1970-1979	69	0.02318	0.02292	0.5	75988	1741	75118	1103175	14.52
1970-1979	70	0.02524	0.02493	0.5	74247	1851	73322	1028058	13.85
1970-1979	71	0.02617	0.02584	0.5	72396	1870	71461	954736	13.19
1970-1979	72	0.03066	0.03019	0.5	70526	2129	69461	883275	12.52
1970-1979	73	0.03287	0.03234	0.5	68396	2212	67290	813814	11.90
1970-1979	74	0.03601	0.03537	0.5	66184	2341	65014	746524	11.28
1970-1979	75	0.04142	0.04058	0.5	63843	2590	62548	681510	10.67
1970-1979	76	0.04412	0.04317	0.5	61253	2644	59931	618962	10.11
1970-1979	77	0.04906	0.04788	0.5	58608	2806	57205	559032	9.54
1970-1979	78	0.05578	0.05427	0.5	55802	3028	54288	501827	8.99
1970-1979	79	0.06109	0.05928	0.5	52774	3128	51210	447538	8.48
1970-1979	80	0.06771	0.06549	0.5	49646	3251	48020	396329	7.98
1970-1979	81	0.07375	0.07113	0.5	46394	3300	44744	348309	7.51
1970-1979	82	0.08165	0.07845	0.5	43094	3381	41404	303564	7.04
1970-1979	83	0.09170	0.08768	0.5	39714	3482	37973	262160	6.60
1970-1979	84	0.10490	0.09968	0.5	36232	3611	34426	224187	6.19
1970-1979	85	0.11024	0.10448	0.5	32620	3408	30916	189761	5.82
1970-1979	86	0.12650	0.11897	0.5	29212	3475	27474	158845	5.44
1970-1979	87	0.13775	0.12888	0.5	25737	3317	24078	131371	5.10
1970-1979	88	0.14825	0.13802	0.5	22420	3094	20873	107292	4.79
1970-1979	89	0.16400	0.15157	0.5	19325	2929	17861	86420	4.47
1970-1979	90	0.17930	0.16455	0.5	16396	2698	15047	68559	4.18
1970-1979	91	0.19960	0.18149	0.5	13698	2486	12455	53512	3.91
1970-1979	92	0.22290	0.20055	0.5	11212	2249	10088	41056	3.66
1970-1979	93	0.23471	0.21006	0.5	8964	1883	8022	30968	3.45
1970-1979	94	0.25520	0.22632	0.5	7081	1603	6279	22946	3.24
1970-1979	95	0.27683	0.24317	0.5	5478	1332	4812	16667	3.04
1970-1979	96	0.29955	0.26053	0.5	4146	1080	3606	11855	2.86
1970-1979	97	0.32331	0.27831	0.5	3066	853	2639	8249	2.69
1970-1979	98	0.34801	0.29643	0.5	2213	656	1885	5609	2.54
1970-1979	99	0.37356	0.31476	0.5	1557	490	1312	3725	2.39
1970-1979	100	0.39983	0.33321	0.5	1067	355	889	2413	2.26
1970-1979	101	0.42669	0.35166	0.5	711	250	586	1524	2.14
1970-1979	102	0.45399	0.37000	0.5	461	171	376	938	2.03
1970-1979	103	0.48157	0.38812	0.5	291	113	234	562	1.93
1970-1979	104	0.50927	0.40591	0.5	178	72	142	328	1.84
1970-1979	105	0.53691	0.42328	0.5	106	45	83	186	1.76
1970-1979	106	0.56432	0.44013	0.5	61	27	48	103	1.69
1970-1979	107	0.59134	0.45640	0.5	34	16	26	55	1.62
1970-1979	108	0.61783	0.47202	0.5	19	9	14	29	1.57
1970-1979	109	0.64363	0.48693	0.5	10	5	7	15	1.52
1970-1979	110+	0.66862	1.00000	1.5	5	5	8	8	1.50
1980-1989	0	0.00970	0.00962	0.08	100000	962	99116	7805834	78.06
1980-1989	1	0.00074	0.00074	0.5	99038	74	99002	7706719	77.82
1980-1989	2	0.00053	0.00053	0.5	98965	52	98939	7607717	76.87
1980-1989	3	0.00037	0.00037	0.5	98913	36	98895	7508778	75.91
1980-1989	4	0.00032	0.00032	0.5	98877	31	98861	7409884	74.94
1980-1989	5	0.00029	0.00029	0.5	98845	29	98831	7311023	73.96
1980-1989	6	0.00026	0.00026	0.5	98817	25	98804	7212192	72.99
1980-1989	7	0.00020	0.00020	0.5	98791	20	98782	7113388	72.00
1980-1989	8	0.00017	0.00017	0.5	98772	17	98763	7014606	71.02
1980-1989	9	0.00021	0.00021	0.5	98755	21	98744	6915843	70.03
1980-1989	10	0.00022	0.00022	0.5	98733	22	98723	6817099	69.05
1980-1989	11	0.00020	0.00020	0.5	98712	20	98702	6718376	68.06
1980-1989	12	0.00020	0.00020	0.5	98692	20	98682	6619674	67.07
1980-1989	13	0.00019	0.00019	0.5	98672	18	98663	6520992	66.09
1980-1989	14	0.00023	0.00023	0.5	98654	23	98642	6422329	65.10
1980-1989	15	0.00031	0.00031	0.5	98631	31	98616	6323687	64.11
1980-1989	16	0.00047	0.00047	0.5	98600	46	98577	6225072	63.13
1980-1989	17	0.00045	0.00045	0.5	98554	45	98531	6126495	62.16
1980-1989	18	0.00051	0.00051	0.5	98509	50	98484	6027963	61.19
1980-1989	19	0.00048	0.00048	0.5	98459	47	98435	5929479	60.22
1980-1989	20	0.00054	0.00054	0.5	98411	53	98385	5831044	59.25
1980-1989	21	0.00052	0.00052	0.5	98358	51	98333	5732659	58.28
1980-1989	22	0.00049	0.00049	0.5	98307	49	98283	5634326	57.31
1980-1989	23	0.00052	0.00052	0.5	98259	51	98233	5536044	56.34
1980-1989	24	0.00054	0.00054	0.5	98208	53	98181	5437810	55.37
1980-1989	25	0.00052	0.00052	0.5	98155	51	98129	5339629	54.40
1980-1989	26	0.00055	0.00055	0.5	98104	54	98077	5241500	53.43
1980-1989	27	0.00050	0.00050	0.5	98050	49	98025	5143423	52.46
1980-1989	28	0.00062	0.00062	0.5	98001	61	97970	5045398	51.48
1980-1989	29	0.00055	0.00054	0.5	97939	53	97913	4947428	50.52
1980-1989	30	0.00063	0.00063	0.5	97886	62	97855	4849515	49.54
1980-1989	31	0.00065	0.00065	0.5	97824	64	97792	4751660	48.57
1980-1989	32	0.00067	0.00067	0.5	97761	65	97728	4653868	47.60
1980-1989	33	0.00075	0.00075	0.5	97695	74	97658	4556140	46.64
1980-1989	34	0.00090	0.00090	0.5	97622	88	97578	4458481	45.67
1980-1989	35	0.00085	0.00085	0.5	97534	83	97492	4360904	44.71
1980-1989	36	0.00093	0.00093	0.5	97451	91	97405	4263412	43.75
1980-1989	37	0.00103	0.00103	0.5	97360	100	97310	4166007	42.79
1980-1989	38	0.00109	0.00109	0.5	97260	106	97207	4068697	41.83
1980-1989	39	0.00116	0.00116	0.5	97153	113	97097	3971490	40.88
1980-1989	40	0.00133	0.00132	0.5	97040	129	96976	3874393	39.93
1980-1989	41	0.00153	0.00153	0.5	96912	148	96838	3777417	38.98
1980-1989	42	0.00169	0.00169	0.5	96763	163	96682	3680580	38.04
1980-1989	43	0.00178	0.00178	0.5	96600	172	96514	3583898	37.10
1980-1989	44	0.00209	0.00209	0.5	96428	202	96328	3487384	36.17
1980-1989	45	0.00234	0.00234	0.5	96227	225	96114	3391056	35.24
1980-1989	46	0.00263	0.00263	0.5	96002	252	95875	3294942	34.32
1980-1989	47	0.00274	0.00274	0.5	95749	262	95618	3199066	33.41
1980-1989	48	0.00317	0.00316	0.5	95487	302	95336	3103448	32.50
1980-1989	49	0.00338	0.00338	0.5	95185	321	95024	3008112	31.60
1980-1989	50	0.00384	0.00383	0.5	94864	364	94682	2913088	30.71
1980-1989	51	0.00434	0.00433	0.5	94500	409	94296	2818406	29.82
1980-1989	52	0.00484	0.00483	0.5	94091	454	93864	2724110	28.95
1980-1989	53	0.00486	0.00485	0.5	93637	454	93410	2630246	28.09
1980-1989	54	0.00526	0.00525	0.5	93183	489	92938	2536836	27.22
1980-1989	55	0.00582	0.00580	0.5	92694	538	92425	2443898	26.37
1980-1989	56	0.00662	0.00660	0.5	92156	608	91852	2351473	25.52
1980-1989	57	0.00688	0.00685	0.5	91548	628	91234	2259622	24.68
1980-1989	58	0.00803	0.00800	0.5	90920	727	90557	2168387	23.85
1980-1989	59	0.00889	0.00885	0.5	90193	798	89794	2077831	23.04
1980-1989	60	0.00952	0.00947	0.5	89395	847	88972	1988037	22.24
1980-1989	61	0.01038	0.01032	0.5	88548	914	88091	1899065	21.45
1980-1989	62	0.01207	0.01200	0.5	87634	1051	87108	1810974	20.67
1980-1989	63	0.01231	0.01224	0.5	86583	1060	86053	1723866	19.91
1980-1989	64	0.01362	0.01353	0.5	85523	1157	84945	1637813	19.15
1980-1989	65	0.01458	0.01447	0.5	84366	1221	83755	1552868	18.41
1980-1989	66	0.01594	0.01581	0.5	83145	1315	82488	1469112	17.67
1980-1989	67	0.01709	0.01695	0.5	81830	1387	81137	1386625	16.95
1980-1989	68	0.01881	0.01863	0.5	80443	1499	79694	1305488	16.23
1980-1989	69	0.02020	0.02000	0.5	78945	1579	78155	1225794	15.53
1980-1989	70	0.02196	0.02172	0.5	77366	1681	76525	1147639	14.83
1980-1989	71	0.02447	0.02417	0.5	75685	1829	74770	1071114	14.15
1980-1989	72	0.02717	0.02681	0.5	73856	1980	72866	996343	13.49
1980-1989	73	0.03033	0.02988	0.5	71876	2148	70802	923478	12.85
1980-1989	74	0.03152	0.03103	0.5	69728	2164	68646	852676	12.23
1980-1989	75	0.03549	0.03487	0.5	67564	2356	66386	784030	11.60
1980-1989	76	0.03810	0.03739	0.5	65209	2438	63990	717643	11.01
1980-1989	77	0.04299	0.04209	0.5	62771	2642	61450	653654	10.41
1980-1989	78	0.04507	0.04407	0.5	60129	2650	58804	592204	9.85
1980-1989	79	0.05226	0.05093	0.5	57479	2927	56015	533401	9.28
1980-1989	80	0.05614	0.05461	0.5	54551	2979	53062	477386	8.75
1980-1989	81	0.06249	0.06060	0.5	51572	3125	50010	424324	8.23
1980-1989	82	0.06922	0.06691	0.5	48447	3241	46826	374314	7.73
1980-1989	83	0.07748	0.07459	0.5	45205	3372	43520	327488	7.24
1980-1989	84	0.08712	0.08349	0.5	41834	3493	40087	283969	6.79
1980-1989	85	0.09649	0.09205	0.5	38341	3529	36577	243881	6.36
1980-1989	86	0.10889	0.10326	0.5	34812	3595	33015	207305	5.95
1980-1989	87	0.11907	0.11238	0.5	31217	3508	29463	174290	5.58
1980-1989	88	0.12875	0.12097	0.5	27709	3352	26033	144827	5.23
1980-1989	89	0.14490	0.13511	0.5	24357	3291	22712	118794	4.88
1980-1989	90	0.15577	0.14451	0.5	21066	3044	19544	96082	4.56
1980-1989	91	0.17023	0.15688	0.5	18022	2827	16608	76538	4.25
1980-1989	92	0.19706	0.17938	0.5	15195	2726	13832	59930	3.94
1980-1989	93	0.21715	0.19589	0.5	12469	2442	11248	46098	3.70
1980-1989	94	0.23095	0.20704	0.5	10026	2076	8988	34851	3.48
1980-1989	95	0.25209	0.22387	0.5	7951	1780	7061	25862	3.25
1980-1989	96	0.27447	0.24135	0.5	6171	1489	5426	18801	3.05
1980-1989	97	0.29804	0.25939	0.5	4681	1214	4074	13375	2.86
1980-1989	98	0.32274	0.27789	0.5	3467	963	2985	9301	2.68
1980-1989	99	0.34847	0.29676	0.5	2504	743	2132	6316	2.52
1980-1989	100	0.37511	0.31587	0.5	1761	556	1483	4184	2.38
1980-1989	101	0.40253	0.33509	0.5	1205	404	1003	2701	2.24
1980-1989	102	0.43058	0.35430	0.5	801	284	659	1698	2.12
1980-1989	103	0.45907	0.37337	0.5	517	193	421	1039	2.01
1980-1989	104	0.48784	0.39218	0.5	324	127	261	619	1.91
1980-1989	105	0.51669	0.41061	0.5	197	81	157	358	1.82
1980-1989	106	0.54543	0.42855	0.5	116	50	91	202	1.74
1980-1989	107	0.57387	0.44592	0.5	66	30	52	111	1.67
1980-1989	108	0.60182	0.46262	0.5	37	17	28	59	1.60
1980-1989	109	0.62913	0.47859	0.5	20	9	15	31	1.56
1980-1989	110+	0.65564	1.00000	1.53	10	10	16	16	1.53
1990-1999	0	0.00781	0.00776	0.07	100000	776	99282	7869670	78.70
1990-1999	1	0.00064	0.00064	0.5	99224	63	99193	7770387	78.31
1990-1999	2	0.00038	0.00038	0.5	99161	38	99142	7671194	77.36
1990-1999	3	0.00035	0.00035	0.5	99123	35	99106	7572052	76.39
1990-1999	4	0.00024	0.00024	0.5	99088	24	99076	7472946	75.42
1990-1999	5	0.00024	0.00024	0.5	99064	24	99052	7373870	74.44
1990-1999	6	0.00023	0.00023	0.5	99041	23	99029	7274818	73.45
1990-1999	7	0.00018	0.00018	0.5	99018	18	99009	7175789	72.47
1990-1999	8	0.00012	0.00012	0.5	99000	12	98994	7076780	71.48
1990-1999	9	0.00019	0.00019	0.5	98988	19	98978	6977787	70.49
1990-1999	10	0.00016	0.00016	0.5	98969	16	98961	6878808	69.50
1990-1999	11	0.00018	0.00018	0.5	98953	18	98944	6779847	68.52
1990-1999	12	0.00018	0.00018	0.5	98935	18	98926	6680903	67.53
1990-1999	13	0.00018	0.00018	0.5	98917	18	98909	6581977	66.54
1990-1999	14	0.00022	0.00022	0.5	98900	22	98889	6483068	65.55
1990-1999	15	0.00031	0.00031	0.5	98878	30	98863	6384179	64.57
1990-1999	16	0.00052	0.00052	0.5	98847	51	98822	6285317	63.59
1990-1999	17	0.00056	0.00056	0.5	98796	55	98768	6186495	62.62
1990-1999	18	0.00053	0.00053	0.5	98741	52	98715	6087727	61.65
1990-1999	19	0.00043	0.00043	0.5	98689	42	98668	5989012	60.69
1990-1999	20	0.00043	0.00043	0.5	98647	43	98625	5890344	59.71
1990-1999	21	0.00045	0.00045	0.5	98604	44	98582	5791719	58.74
1990-1999	22	0.00046	0.00046	0.5	98560	46	98537	5693137	57.76
1990-1999	23	0.00050	0.00050	0.5	98514	49	98490	5594600	56.79
1990-1999	24	0.00048	0.00048	0.5	98465	47	98441	5496111	55.82
1990-1999	25	0.00044	0.00044	0.5	98418	44	98396	5397669	54.84
1990-1999	26	0.00054	0.00054	0.5	98374	53	98348	5299274	53.87
1990-1999	27	0.00053	0.00053	0.5	98321	52	98295	5200926	52.90
1990-1999	28	0.00064	0.00064	0.5	98269	63	98238	5102631	51.93
1990-1999	29	0.00062	0.00062	0.5	98206	61	98176	5004393	50.96
1990-1999	30	0.00068	0.00068	0.5	98146	67	98112	4906217	49.99
1990-1999	31	0.00069	0.00069	0.5	98079	68	98045	4808105	49.02
1990-1999	32	0.00074	0.00074	0.5	98011	73	97975	4710060	48.06
1990-1999	33	0.00085	0.00085	0.5	97939	83	97897	4612084	47.09
1990-1999	34	0.00087	0.00087	0.5	97856	85	97813	4514187	46.13
1990-1999	35	0.00097	0.00097	0.5	97770	95	97723	4416374	45.17
1990-1999	36	0.00107	0.00107	0.5	97675	105	97623	4318651	44.21
1990-1999	37	0.00109	0.00109	0.5	97571	106	97518	4221028	43.26
1990-1999	38	0.00117	0.00116	0.5	97465	113	97408	4123510	42.31
1990-1999	39	0.00114	0.00114	0.5	97351	111	97295	4026102	41.36
1990-1999	40	0.00135	0.00135	0.5	97240	131	97174	3928807	40.40
1990-1999	41	0.00145	0.00145	0.5	97109	141	97038	3831633	39.46
1990-1999	42	0.00146	0.00146	0.5	96968	141	96897	3734594	38.51
1990-1999	43	0.00172	0.00172	0.5	96827	166	96744	3637697	37.57
1990-1999	44	0.00184	0.00184	0.5	96661	177	96572	3540954	36.63
1990-1999	45	0.00183	0.00182	0.5	96483	176	96395	3444382	35.70
1990-1999	46	0.00228	0.00227	0.5	96307	219	96198	3347987	34.76
1990-1999	47	0.00243	0.00243	0.5	96088	234	95971	3251789	33.84
1990-1999	48	0.00294	0.00293	0.5	95855	281	95714	3155818	32.92
1990-1999	49	0.00306	0.00305	0.5	95574	292	95428	3060104	32.02
1990-1999	50	0.00335	0.00334	0.5	95282	318	95123	2964676	31.11
1990-1999	51	0.00365	0.00365	0.5	94963	346	94790	2869553	30.22
1990-1999	52	0.00403	0.00402	0.5	94617	380	94427	2774763	29.33
1990-1999	53	0.00446	0.00445	0.5	94237	420	94027	2680336	28.44
1990-1999	54	0.00464	0.00463	0.5	93817	434	93600	2586310	27.57
1990-1999	55	0.00524	0.00523	0.5	93383	488	93139	2492710	26.69
1990-1999	56	0.00591	0.00589	0.5	92895	547	92621	2399571	25.83
1990-1999	57	0.00669	0.00667	0.5	92347	616	92039	2306950	24.98
1990-1999	58	0.00740	0.00737	0.5	91731	676	91393	2214910	24.15
1990-1999	59	0.00801	0.00798	0.5	91055	726	90692	2123517	23.32
1990-1999	60	0.00876	0.00872	0.5	90329	788	89935	2032825	22.50
1990-1999	61	0.01013	0.01008	0.5	89541	903	89090	1942890	21.70
1990-1999	62	0.01091	0.01085	0.5	88639	962	88157	1853800	20.91
1990-1999	63	0.01146	0.01139	0.5	87676	999	87177	1765642	20.14
1990-1999	64	0.01313	0.01304	0.5	86678	1130	86112	1678465	19.36
1990-1999	65	0.01411	0.01401	0.5	85547	1198	84948	1592353	18.61
1990-1999	66	0.01567	0.01554	0.5	84349	1311	83693	1507405	17.87
1990-1999	67	0.01669	0.01655	0.5	83038	1374	82351	1423711	17.15
1990-1999	68	0.01822	0.01806	0.5	81664	1475	80926	1341361	16.43
1990-1999	69	0.02021	0.02001	0.5	80189	1605	79387	1260434	15.72
1990-1999	70	0.02149	0.02126	0.5	78584	1671	77749	1181048	15.03
1990-1999	71	0.02453	0.02424	0.5	76913	1864	75981	1103299	14.34
1990-1999	72	0.02637	0.02603	0.5	75049	1954	74072	1027318	13.69
1990-1999	73	0.02914	0.02873	0.5	73095	2100	72046	953246	13.04
1990-1999	74	0.03107	0.03060	0.5	70996	2172	69910	881200	12.41
1990-1999	75	0.03368	0.03312	0.5	68824	2280	67684	811290	11.79
1990-1999	76	0.03676	0.03609	0.5	66544	2402	65343	743607	11.17
1990-1999	77	0.04084	0.04002	0.5	64142	2567	62859	678264	10.57
1990-1999	78	0.04356	0.04263	0.5	61575	2625	60262	615405	9.99
1990-1999	79	0.04906	0.04788	0.5	58950	2823	57539	555143	9.42
1990-1999	80	0.05509	0.05361	0.5	56127	3009	54623	497604	8.87
1990-1999	81	0.06039	0.05862	0.5	53118	3114	51561	442981	8.34
1990-1999	82	0.06600	0.06389	0.5	50004	3195	48407	391420	7.83
1990-1999	83	0.07497	0.07227	0.5	46809	3383	45118	343013	7.33
1990-1999	84	0.08351	0.08016	0.5	43427	3481	41686	297895	6.86
1990-1999	85	0.09371	0.08951	0.5	39946	3576	38158	256209	6.41
1990-1999	86	0.10422	0.09906	0.5	36370	3603	34569	218051	6.00
1990-1999	87	0.11574	0.10941	0.5	32767	3585	30975	183483	5.60
1990-1999	88	0.12639	0.11888	0.5	29182	3469	27448	152508	5.23
1990-1999	89	0.14241	0.13294	0.5	25713	3418	24004	125060	4.86
1990-1999	90	0.15856	0.14692	0.5	22295	3275	20657	101056	4.53
1990-1999	91	0.17343	0.15959	0.5	19019	3035	17502	80399	4.23
1990-1999	92	0.19397	0.17682	0.5	15984	2826	14571	62898	3.94
1990-1999	93	0.21255	0.19213	0.5	13158	2528	11894	48327	3.67
1990-1999	94	0.23336	0.20898	0.5	10630	2221	9519	36433	3.43
1990-1999	95	0.25555	0.22659	0.5	8408	1905	7456	26914	3.20
1990-1999	96	0.27908	0.24490	0.5	6503	1593	5707	19458	2.99
1990-1999	97	0.30389	0.26380	0.5	4910	1295	4263	13752	2.80
1990-1999	98	0.32990	0.28318	0.5	3615	1024	3103	9489	2.62
1990-1999	99	0.35699	0.30292	0.5	2591	785	2199	6386	2.46
1990-1999	100	0.38503	0.32287	0.5	1806	583	1515	4187	2.32
1990-1999	101	0.41385	0.34290	0.5	1223	419	1013	2672	2.18
1990-1999	102	0.44328	0.36285	0.5	804	292	658	1659	2.06
1990-1999	103	0.47310	0.38260	0.5	512	196	414	1001	1.95
1990-1999	104	0.50313	0.40200	0.5	316	127	253	587	1.86
1990-1999	105	0.53313	0.42092	0.5	189	80	149	334	1.77
1990-1999	106	0.56289	0.43926	0.5	109	48	85	185	1.69
1990-1999	107	0.59221	0.45691	0.5	61	28	47	99	1.62
1990-1999	108	0.62088	0.47380	0.5	33	16	25	52	1.56
1990-1999	109	0.64873	0.48984	0.5	18	9	13	26	1.51
1990-1999	110+	0.67561	1.00000	1.48	9	9	13	13	1.48
2000-2009	0	0.00713	0.00708	0.07	100000	708	99343	7929390	79.29
2000-2009	1	0.00060	0.00060	0.5	99292	60	99262	7830047	78.86
2000-2009	2	0.00029	0.00029	0.5	99232	28	99218	7730785	77.91
2000-2009	3	0.00023	0.00023	0.5	99204	23	99192	7631567	76.93
2000-2009	4	0.00020	0.00020	0.5	99181	20	99171	7532375	75.95
2000-2009	5	0.00017	0.00017	0.5	99161	17	99153	7433204	74.96
2000-2009	6	0.00012	0.00012	0.5	99144	12	99138	7334051	73.97
2000-2009	7	0.00014	0.00014	0.5	99132	14	99125	7234913	72.98
2000-2009	8	0.00016	0.00016	0.5	99119	16	99111	7135787	71.99
2000-2009	9	0.00015	0.00015	0.5	99103	15	99095	7036676	71.00
2000-2009	10	0.00012	0.00012	0.5	99088	12	99082	6937581	70.01
2000-2009	11	0.00011	0.00011	0.5	99076	11	99070	6838499	69.02
2000-2009	12	0.00011	0.00011	0.5	99064	11	99059	6739429	68.03
2000-2009	13	0.00016	0.00016	0.5	99054	16	99046	6640370	67.04
2000-2009	14	0.00025	0.00025	0.5	99038	24	99026	6541324	66.05
2000-2009	15	0.00026	0.00026	0.5	99014	25	99001	6442298	65.06
2000-2009	16	0.00039	0.00039	0.5	98988	38	98969	6343297	64.08
2000-2009	17	0.00046	0.00046	0.5	98950	45	98928	6244328	63.11
2000-2009	18	0.00044	0.00044	0.5	98905	44	98883	6145400	62.13
2000-2009	19	0.00040	0.00040	0.5	98861	39	98842	6046517	61.16
2000-2009	20	0.00041	0.00041	0.5	98822	40	98802	5947675	60.19
2000-2009	21	0.00047	0.00047	0.5	98782	47	98759	5848873	59.21
2000-2009	22	0.00048	0.00048	0.5	98735	47	98711	5750115	58.24
2000-2009	23	0.00052	0.00052	0.5	98688	52	98662	5651403	57.27
2000-2009	24	0.00051	0.00051	0.5	98636	50	98611	5552741	56.30
2000-2009	25	0.00056	0.00056	0.5	98586	55	98559	5454130	55.32
2000-2009	26	0.00053	0.00053	0.5	98532	52	98506	5355571	54.35
2000-2009	27	0.00056	0.00056	0.5	98480	55	98452	5257065	53.38
2000-2009	28	0.00059	0.00059	0.5	98425	58	98396	5158613	52.41
2000-2009	29	0.00070	0.00070	0.5	98367	69	98332	5060217	51.44
2000-2009	30	0.00069	0.00069	0.5	98298	68	98264	4961885	50.48
2000-2009	31	0.00068	0.00068	0.5	98230	67	98197	4863621	49.51
2000-2009	32	0.00078	0.00078	0.5	98164	77	98125	4765424	48.55
2000-2009	33	0.00081	0.00081	0.5	98087	79	98047	4667299	47.58
2000-2009	34	0.00086	0.00086	0.5	98008	84	97966	4569251	46.62
2000-2009	35	0.00093	0.00093	0.5	97923	91	97878	4471286	45.66
2000-2009	36	0.00094	0.00094	0.5	97832	92	97786	4373408	44.70
2000-2009	37	0.00115	0.00115	0.5	97740	112	97684	4275622	43.74
2000-2009	38	0.00128	0.00128	0.5	97628	125	97565	4177938	42.79
2000-2009	39	0.00135	0.00135	0.5	97503	131	97437	4080373	41.85
2000-2009	40	0.00151	0.00151	0.5	97371	147	97298	3982936	40.90
2000-2009	41	0.00167	0.00167	0.5	97224	162	97143	3885638	39.97
2000-2009	42	0.00180	0.00179	0.5	97062	174	96975	3788495	39.03
2000-2009	43	0.00202	0.00202	0.5	96888	196	96790	3691520	38.10
2000-2009	44	0.00210	0.00210	0.5	96692	203	96591	3594730	37.18
2000-2009	45	0.00236	0.00236	0.5	96489	227	96376	3498139	36.25
2000-2009	46	0.00250	0.00250	0.5	96262	241	96142	3401763	35.34
2000-2009	47	0.00268	0.00268	0.5	96021	257	95893	3305622	34.43
2000-2009	48	0.00280	0.00279	0.5	95764	268	95631	3209729	33.52
2000-2009	49	0.00310	0.00309	0.5	95497	295	95349	3114098	32.61
2000-2009	50	0.00354	0.00354	0.5	95202	337	95033	3018749	31.71
2000-2009	51	0.00360	0.00359	0.5	94865	341	94695	2923716	30.82
2000-2009	52	0.00391	0.00390	0.5	94524	368	94340	2829021	29.93
2000-2009	53	0.00442	0.00441	0.5	94156	415	93948	2734681	29.04
2000-2009	54	0.00463	0.00462	0.5	93741	433	93524	2640733	28.17
2000-2009	55	0.00501	0.00500	0.5	93308	467	93075	2547208	27.30
2000-2009	56	0.00549	0.00547	0.5	92841	508	92587	2454134	26.43
2000-2009	57	0.00601	0.00600	0.5	92333	554	92056	2361547	25.58
2000-2009	58	0.00672	0.00669	0.5	91780	614	91472	2269490	24.73
2000-2009	59	0.00696	0.00694	0.5	91165	632	90849	2178018	23.89
2000-2009	60	0.00814	0.00810	0.5	90533	734	90166	2087169	23.05
2000-2009	61	0.00893	0.00890	0.5	89799	799	89400	1997003	22.24
2000-2009	62	0.00995	0.00990	0.5	89001	881	88560	1907603	21.43
2000-2009	63	0.01043	0.01037	0.5	88119	914	87662	1819043	20.64
2000-2009	64	0.01204	0.01196	0.5	87205	1043	86683	1731380	19.85
2000-2009	65	0.01247	0.01239	0.5	86162	1068	85628	1644697	19.09
2000-2009	66	0.01398	0.01388	0.5	85094	1181	84504	1559069	18.32
2000-2009	67	0.01558	0.01546	0.5	83913	1297	83265	1474566	17.57
2000-2009	68	0.01701	0.01687	0.5	82616	1394	81919	1391301	16.84
2000-2009	69	0.01826	0.01809	0.5	81222	1470	80487	1309382	16.12
2000-2009	70	0.01951	0.01932	0.5	79753	1541	78982	1228894	15.41
2000-2009	71	0.02194	0.02171	0.5	78212	1698	77363	1149912	14.70
2000-2009	72	0.02432	0.02403	0.5	76514	1839	75595	1072549	14.02
2000-2009	73	0.02748	0.02711	0.5	74675	2024	73663	996955	13.35
2000-2009	74	0.02889	0.02847	0.5	72651	2069	71617	923291	12.71
2000-2009	75	0.03170	0.03121	0.5	70583	2203	69481	851674	12.07
2000-2009	76	0.03514	0.03453	0.5	68380	2361	67199	782193	11.44
2000-2009	77	0.03794	0.03724	0.5	66019	2458	64790	714994	10.83
2000-2009	78	0.04224	0.04136	0.5	63560	2629	62246	650204	10.23
2000-2009	79	0.04616	0.04512	0.5	60931	2749	59557	587958	9.65
2000-2009	80	0.05052	0.04928	0.5	58182	2867	56749	528402	9.08
2000-2009	81	0.05705	0.05546	0.5	55315	3068	53781	471653	8.53
2000-2009	82	0.06308	0.06115	0.5	52247	3195	50650	417872	8.00
2000-2009	83	0.06959	0.06725	0.5	49052	3299	47403	367222	7.49
2000-2009	84	0.07819	0.07525	0.5	45753	3443	44032	319819	6.99
2000-2009	85	0.08776	0.08407	0.5	42310	3557	40532	275788	6.52
2000-2009	86	0.09831	0.09371	0.5	38753	3631	36938	235256	6.07
2000-2009	87	0.11137	0.10549	0.5	35122	3705	33269	198318	5.65
2000-2009	88	0.12267	0.11558	0.5	31417	3631	29601	165049	5.25
2000-2009	89	0.13872	0.12972	0.5	27786	3604	25983	135448	4.87
2000-2009	90	0.15256	0.14175	0.5	24181	3428	22467	109464	4.53
2000-2009	91	0.17361	0.15974	0.5	20753	3315	19096	86997	4.19
2000-2009	92	0.19391	0.17677	0.5	17438	3083	15897	67901	3.89
2000-2009	93	0.21571	0.19471	0.5	14356	2795	12958	52004	3.62
2000-2009	94	0.23512	0.21039	0.5	11561	2432	10344	39046	3.38
2000-2009	95	0.25879	0.22914	0.5	9128	2092	8082	28702	3.14
2000-2009	96	0.28397	0.24866	0.5	7037	1750	6162	20619	2.93
2000-2009	97	0.31056	0.26882	0.5	5287	1421	4576	14457	2.73
2000-2009	98	0.33847	0.28948	0.5	3866	1119	3306	9881	2.56
2000-2009	99	0.36755	0.31049	0.5	2747	853	2320	6575	2.39
2000-2009	100	0.39762	0.33168	0.5	1894	628	1580	4255	2.25
2000-2009	101	0.42849	0.35289	0.5	1266	447	1042	2675	2.11
2000-2009	102	0.45993	0.37394	0.5	819	306	666	1632	1.99
2000-2009	103	0.49169	0.39466	0.5	513	202	412	967	1.88
2000-2009	104	0.52351	0.41491	0.5	310	129	246	555	1.79
2000-2009	105	0.55515	0.43453	0.5	182	79	142	309	1.70
2000-2009	106	0.58634	0.45342	0.5	103	47	79	167	1.62
2000-2009	107	0.61686	0.47145	0.5	56	26	43	87	1.56
2000-2009	108	0.64648	0.48856	0.5	30	14	22	44	1.50
2000-2009	109	0.67502	0.50469	0.5	15	8	11	22	1.45
2000-2009	110+	0.70232	1.00000	1.42	8	8	11	11	1.42
2010-2017	0	0.00654	0.00650	0.07	100000	650	99397	7980939	79.81
2010-2017	1	0.00045	0.00045	0.5	99350	45	99328	7881542	79.33
2010-2017	2	0.00028	0.00028	0.5	99306	28	99292	7782215	78.37
2010-2017	3	0.00016	0.00016	0.5	99278	16	99270	7682923	77.39
2010-2017	4	0.00015	0.00015	0.5	99261	15	99254	7583653	76.40
2010-2017	5	0.00014	0.00014	0.5	99246	14	99239	7484400	75.41
2010-2017	6	0.00011	0.00011	0.5	99232	11	99226	7385160	74.42
2010-2017	7	0.00011	0.00011	0.5	99221	11	99215	7285934	73.43
2010-2017	8	0.00010	0.00010	0.5	99209	10	99204	7186719	72.44
2010-2017	9	0.00012	0.00012	0.5	99199	12	99193	7087515	71.45
2010-2017	10	0.00013	0.00013	0.5	99187	13	99181	6988321	70.46
2010-2017	11	0.00008	0.00008	0.5	99174	8	99170	6889141	69.47
2010-2017	12	0.00011	0.00011	0.5	99166	11	99160	6789971	68.47
2010-2017	13	0.00014	0.00014	0.5	99155	14	99148	6690811	67.48
2010-2017	14	0.00014	0.00014	0.5	99141	13	99134	6591663	66.49
2010-2017	15	0.00022	0.00022	0.5	99127	22	99116	6492529	65.50
2010-2017	16	0.00023	0.00023	0.5	99106	23	99094	6393412	64.51
2010-2017	17	0.00032	0.00032	0.5	99083	32	99067	6294318	63.53
2010-2017	18	0.00041	0.00041	0.5	99051	41	99031	6195251	62.55
2010-2017	19	0.00043	0.00043	0.5	99010	42	98989	6096220	61.57
2010-2017	20	0.00042	0.00042	0.5	98968	41	98947	5997231	60.60
2010-2017	21	0.00042	0.00042	0.5	98927	41	98906	5898284	59.62
2010-2017	22	0.00050	0.00050	0.5	98885	50	98860	5799378	58.65
2010-2017	23	0.00061	0.00061	0.5	98835	60	98806	5700518	57.68
2010-2017	24	0.00062	0.00062	0.5	98776	61	98745	5601712	56.71
2010-2017	25	0.00063	0.00063	0.5	98715	62	98684	5502967	55.75
2010-2017	26	0.00077	0.00077	0.5	98653	76	98615	5404283	54.78
2010-2017	27	0.00080	0.00080	0.5	98577	79	98538	5305668	53.82
2010-2017	28	0.00094	0.00094	0.5	98498	93	98452	5207131	52.87
2010-2017	29	0.00079	0.00079	0.5	98406	78	98367	5108679	51.91
2010-2017	30	0.00079	0.00079	0.5	98328	78	98289	5010312	50.96
2010-2017	31	0.00096	0.00096	0.5	98250	94	98203	4912023	50.00
2010-2017	32	0.00105	0.00105	0.5	98156	103	98105	4813820	49.04
2010-2017	33	0.00102	0.00102	0.5	98053	100	98004	4715715	48.09
2010-2017	34	0.00118	0.00118	0.5	97954	115	97896	4617712	47.14
2010-2017	35	0.00108	0.00108	0.5	97839	106	97786	4519815	46.20
2010-2017	36	0.00122	0.00122	0.5	97733	119	97673	4422030	45.25
2010-2017	37	0.00131	0.00131	0.5	97613	128	97550	4324357	44.30
2010-2017	38	0.00133	0.00133	0.5	97486	130	97421	4226807	43.36
2010-2017	39	0.00155	0.00155	0.5	97356	150	97281	4129386	42.42
2010-2017	40	0.00152	0.00152	0.5	97205	147	97132	4032106	41.48
2010-2017	41	0.00165	0.00165	0.5	97058	160	96978	3934974	40.54
2010-2017	42	0.00185	0.00185	0.5	96898	179	96809	3837996	39.61
2010-2017	43	0.00185	0.00185	0.5	96719	179	96630	3741187	38.68
2010-2017	44	0.00226	0.00225	0.5	96540	218	96431	3644558	37.75
2010-2017	45	0.00236	0.00235	0.5	96323	227	96209	3548126	36.84
2010-2017	46	0.00274	0.00274	0.5	96096	263	95964	3451917	35.92
2010-2017	47	0.00264	0.00263	0.5	95833	252	95707	3355953	35.02
2010-2017	48	0.00315	0.00315	0.5	95581	301	95430	3260246	34.11
2010-2017	49	0.00338	0.00337	0.5	95280	321	95119	3164816	33.22
2010-2017	50	0.00381	0.00380	0.5	94959	361	94778	3069696	32.33
2010-2017	51	0.00409	0.00408	0.5	94598	386	94405	2974918	31.45
2010-2017	52	0.00452	0.00451	0.5	94212	425	93999	2880513	30.57
2010-2017	53	0.00476	0.00475	0.5	93787	446	93564	2786514	29.71
2010-2017	54	0.00497	0.00495	0.5	93341	462	93110	2692950	28.85
2010-2017	55	0.00542	0.00541	0.5	92879	502	92628	2599839	27.99
2010-2017	56	0.00570	0.00568	0.5	92377	525	92114	2507211	27.14
2010-2017	57	0.00626	0.00624	0.5	91852	573	91565	2415097	26.29
2010-2017	58	0.00689	0.00687	0.5	91279	627	90966	2323532	25.46
2010-2017	59	0.00706	0.00704	0.5	90652	638	90333	2232566	24.63
2010-2017	60	0.00767	0.00764	0.5	90014	688	89670	2142233	23.80
2010-2017	61	0.00811	0.00808	0.5	89326	722	88965	2052563	22.98
2010-2017	62	0.00885	0.00881	0.5	88605	781	88214	1963598	22.16
2010-2017	63	0.00979	0.00974	0.5	87824	856	87396	1875384	21.35
2010-2017	64	0.01059	0.01053	0.5	86968	916	86510	1787988	20.56
2010-2017	65	0.01193	0.01186	0.5	86052	1021	85542	1701478	19.77
2010-2017	66	0.01224	0.01217	0.5	85032	1035	84514	1615936	19.00
2010-2017	67	0.01362	0.01353	0.5	83997	1136	83429	1531421	18.23
2010-2017	68	0.01504	0.01493	0.5	82861	1237	82242	1447992	17.47
2010-2017	69	0.01660	0.01646	0.5	81624	1343	80952	1365750	16.73
2010-2017	70	0.01864	0.01847	0.5	80280	1483	79539	1284798	16.00
2010-2017	71	0.02067	0.02046	0.5	78797	1612	77991	1205259	15.30
2010-2017	72	0.02240	0.02215	0.5	77185	1709	76331	1127268	14.60
2010-2017	73	0.02419	0.02390	0.5	75476	1804	74574	1050937	13.92
2010-2017	74	0.02621	0.02587	0.5	73672	1906	72719	976363	13.25
2010-2017	75	0.02951	0.02908	0.5	71766	2087	70723	903644	12.59
2010-2017	76	0.03220	0.03169	0.5	69680	2208	68576	832921	11.95
2010-2017	77	0.03527	0.03466	0.5	67472	2339	66302	764345	11.33
2010-2017	78	0.03839	0.03767	0.5	65133	2453	63906	698043	10.72
2010-2017	79	0.04366	0.04272	0.5	62679	2678	61340	634137	10.12
2010-2017	80	0.04665	0.04559	0.5	60001	2735	58634	572796	9.55
2010-2017	81	0.05160	0.05030	0.5	57266	2880	55826	514163	8.98
2010-2017	82	0.05759	0.05597	0.5	54386	3044	52864	458337	8.43
2010-2017	83	0.06320	0.06126	0.5	51341	3145	49769	405473	7.90
2010-2017	84	0.07095	0.06852	0.5	48196	3302	46545	355704	7.38
2010-2017	85	0.08006	0.07698	0.5	44894	3456	43166	309159	6.89
2010-2017	86	0.08919	0.08538	0.5	41438	3538	39669	265994	6.42
2010-2017	87	0.10008	0.09531	0.5	37900	3612	36094	226325	5.97
2010-2017	88	0.11121	0.10535	0.5	34288	3612	32482	190231	5.55
2010-2017	89	0.12414	0.11689	0.5	30675	3586	28883	157749	5.14
2010-2017	90	0.14427	0.13457	0.5	27090	3645	25267	128867	4.76
2010-2017	91	0.15767	0.14614	0.5	23444	3426	21731	103600	4.42
2010-2017	92	0.18057	0.16562	0.5	20018	3315	18360	81868	4.09
2010-2017	93	0.19891	0.18092	0.5	16703	3022	15192	63508	3.80
2010-2017	94	0.22038	0.19850	0.5	13681	2716	12323	48316	3.53
2010-2017	95	0.24345	0.21704	0.5	10965	2380	9775	35993	3.28
2010-2017	96	0.26812	0.23643	0.5	8585	2030	7571	26217	3.05
2010-2017	97	0.29431	0.25656	0.5	6556	1682	5715	18647	2.84
2010-2017	98	0.32194	0.27730	0.5	4874	1351	4198	12932	2.65
2010-2017	99	0.35087	0.29850	0.5	3522	1051	2997	8734	2.48
2010-2017	100	0.38094	0.31999	0.5	2471	791	2076	5738	2.32
2010-2017	101	0.41195	0.34159	0.5	1680	574	1393	3662	2.18
2010-2017	102	0.44367	0.36312	0.5	1106	402	905	2269	2.05
2010-2017	103	0.47586	0.38440	0.5	705	271	569	1364	1.94
2010-2017	104	0.50826	0.40527	0.5	434	176	346	794	1.83
2010-2017	105	0.54058	0.42556	0.5	258	110	203	449	1.74
2010-2017	106	0.57257	0.44513	0.5	148	66	115	246	1.66
2010-2017	107	0.60396	0.46388	0.5	82	38	63	130	1.58
2010-2017	108	0.63451	0.48169	0.5	44	21	33	67	1.52
2010-2017	109	0.66402	0.49851	0.5	23	11	17	34	1.48
2010-2017	110+	0.69231	1.00000	1.44	11	11	17	17	1.44
