RI: Rhode Island, Lifetables (period 1x10), Both sexes Last modified: 3 Dec 2019, MPv5 (May07) 

Year     	Age	mx	qx	ax	lx	dx	Lx	Tx	ex
1960-1969	0	0.02288	0.02242	0.11	100000	2242	98008	7101747	71.02
1960-1969	1	0.00101	0.00101	0.5	97758	99	97708	7003739	71.64
1960-1969	2	0.00082	0.00082	0.5	97659	80	97619	6906030	70.72
1960-1969	3	0.00055	0.00055	0.5	97579	54	97552	6808411	69.77
1960-1969	4	0.00055	0.00055	0.5	97525	54	97498	6710860	68.81
1960-1969	5	0.00043	0.00043	0.5	97471	42	97450	6613362	67.85
1960-1969	6	0.00042	0.00042	0.5	97429	41	97408	6515912	66.88
1960-1969	7	0.00038	0.00038	0.5	97388	37	97370	6418504	65.91
1960-1969	8	0.00037	0.00037	0.5	97351	36	97333	6321134	64.93
1960-1969	9	0.00032	0.00032	0.5	97315	32	97300	6223801	63.95
1960-1969	10	0.00026	0.00026	0.5	97284	25	97271	6126501	62.98
1960-1969	11	0.00028	0.00028	0.5	97259	27	97245	6029230	61.99
1960-1969	12	0.00025	0.00025	0.5	97232	24	97220	5931984	61.01
1960-1969	13	0.00031	0.00031	0.5	97208	30	97193	5834764	60.02
1960-1969	14	0.00045	0.00045	0.5	97178	44	97156	5737572	59.04
1960-1969	15	0.00041	0.00041	0.5	97134	40	97114	5640416	58.07
1960-1969	16	0.00059	0.00059	0.5	97094	57	97066	5543302	57.09
1960-1969	17	0.00060	0.00060	0.5	97037	58	97008	5446236	56.13
1960-1969	18	0.00060	0.00060	0.5	96979	58	96950	5349228	55.16
1960-1969	19	0.00081	0.00081	0.5	96921	79	96882	5252278	54.19
1960-1969	20	0.00066	0.00066	0.5	96842	64	96810	5155396	53.23
1960-1969	21	0.00090	0.00090	0.5	96778	88	96735	5058586	52.27
1960-1969	22	0.00076	0.00076	0.5	96691	73	96654	4961851	51.32
1960-1969	23	0.00073	0.00073	0.5	96617	70	96582	4865197	50.36
1960-1969	24	0.00076	0.00076	0.5	96547	73	96511	4768615	49.39
1960-1969	25	0.00080	0.00080	0.5	96474	77	96435	4672104	48.43
1960-1969	26	0.00083	0.00083	0.5	96397	80	96357	4575669	47.47
1960-1969	27	0.00109	0.00109	0.5	96317	105	96265	4479312	46.51
1960-1969	28	0.00089	0.00089	0.5	96212	86	96169	4383048	45.56
1960-1969	29	0.00090	0.00090	0.5	96127	87	96083	4286878	44.60
1960-1969	30	0.00118	0.00118	0.5	96040	113	95983	4190795	43.64
1960-1969	31	0.00106	0.00106	0.5	95927	102	95876	4094812	42.69
1960-1969	32	0.00099	0.00099	0.5	95825	95	95777	3998936	41.73
1960-1969	33	0.00106	0.00106	0.5	95730	101	95679	3903159	40.77
1960-1969	34	0.00114	0.00114	0.5	95629	109	95574	3807479	39.82
1960-1969	35	0.00145	0.00145	0.5	95520	138	95451	3711905	38.86
1960-1969	36	0.00143	0.00143	0.5	95382	136	95313	3616455	37.92
1960-1969	37	0.00179	0.00179	0.5	95245	171	95160	3521141	36.97
1960-1969	38	0.00232	0.00232	0.5	95074	221	94964	3425981	36.03
1960-1969	39	0.00217	0.00217	0.5	94854	206	94751	3331017	35.12
1960-1969	40	0.00238	0.00237	0.5	94648	225	94536	3236266	34.19
1960-1969	41	0.00226	0.00225	0.5	94424	213	94317	3141730	33.27
1960-1969	42	0.00288	0.00287	0.5	94211	271	94075	3047413	32.35
1960-1969	43	0.00318	0.00317	0.5	93940	298	93791	2953338	31.44
1960-1969	44	0.00356	0.00355	0.5	93642	333	93475	2859547	30.54
1960-1969	45	0.00404	0.00403	0.5	93309	376	93121	2766071	29.64
1960-1969	46	0.00455	0.00454	0.5	92933	422	92722	2672951	28.76
1960-1969	47	0.00499	0.00498	0.5	92511	460	92280	2580229	27.89
1960-1969	48	0.00533	0.00531	0.5	92050	489	91806	2487949	27.03
1960-1969	49	0.00605	0.00603	0.5	91561	553	91285	2396143	26.17
1960-1969	50	0.00707	0.00705	0.5	91009	642	90688	2304858	25.33
1960-1969	51	0.00728	0.00725	0.5	90367	655	90039	2214170	24.50
1960-1969	52	0.00868	0.00864	0.5	89712	775	89324	2124131	23.68
1960-1969	53	0.00962	0.00957	0.5	88937	851	88511	2034807	22.88
1960-1969	54	0.01007	0.01002	0.5	88086	883	87644	1946295	22.10
1960-1969	55	0.01112	0.01106	0.5	87203	965	86721	1858651	21.31
1960-1969	56	0.01158	0.01151	0.5	86238	993	85742	1771930	20.55
1960-1969	57	0.01374	0.01364	0.5	85246	1163	84664	1686188	19.78
1960-1969	58	0.01480	0.01469	0.5	84083	1236	83465	1601524	19.05
1960-1969	59	0.01599	0.01586	0.5	82847	1314	82190	1518059	18.32
1960-1969	60	0.01700	0.01685	0.5	81533	1374	80846	1435869	17.61
1960-1969	61	0.01800	0.01784	0.5	80159	1430	79444	1355023	16.90
1960-1969	62	0.02175	0.02151	0.5	78729	1694	77882	1275580	16.20
1960-1969	63	0.02282	0.02257	0.5	77035	1738	76166	1197698	15.55
1960-1969	64	0.02510	0.02479	0.5	75296	1867	74363	1121532	14.89
1960-1969	65	0.02706	0.02670	0.5	73429	1960	72449	1047170	14.26
1960-1969	66	0.03025	0.02980	0.5	71469	2129	70404	974720	13.64
1960-1969	67	0.03187	0.03137	0.5	69340	2175	68252	904316	13.04
1960-1969	68	0.03494	0.03434	0.5	67164	2306	66011	836064	12.45
1960-1969	69	0.03704	0.03636	0.5	64858	2359	63679	770053	11.87
1960-1969	70	0.04189	0.04104	0.5	62499	2565	61217	706374	11.30
1960-1969	71	0.04382	0.04288	0.5	59935	2570	58650	645157	10.76
1960-1969	72	0.05265	0.05130	0.5	57365	2943	55893	586507	10.22
1960-1969	73	0.05165	0.05035	0.5	54422	2740	53052	530614	9.75
1960-1969	74	0.05758	0.05597	0.5	51682	2893	50235	477562	9.24
1960-1969	75	0.06420	0.06220	0.5	48789	3035	47272	427327	8.76
1960-1969	76	0.06720	0.06502	0.5	45754	2975	44267	380055	8.31
1960-1969	77	0.07365	0.07103	0.5	42780	3039	41260	335788	7.85
1960-1969	78	0.08119	0.07802	0.5	39741	3101	38190	294528	7.41
1960-1969	79	0.08732	0.08367	0.5	36640	3066	35107	256338	7.00
1960-1969	80	0.09659	0.09214	0.5	33574	3094	32027	221230	6.59
1960-1969	81	0.10427	0.09910	0.5	30481	3021	28970	189203	6.21
1960-1969	82	0.11441	0.10822	0.5	27460	2972	25974	160233	5.84
1960-1969	83	0.12541	0.11801	0.5	24488	2890	23043	134258	5.48
1960-1969	84	0.13733	0.12851	0.5	21598	2776	20211	111215	5.15
1960-1969	85	0.15021	0.13972	0.5	18823	2630	17508	91004	4.83
1960-1969	86	0.16409	0.15165	0.5	16193	2456	14965	73497	4.54
1960-1969	87	0.17900	0.16430	0.5	13737	2257	12609	58531	4.26
1960-1969	88	0.19499	0.17767	0.5	11480	2040	10461	45922	4.00
1960-1969	89	0.21206	0.19173	0.5	9441	1810	8536	35462	3.76
1960-1969	90	0.23023	0.20646	0.5	7631	1575	6843	26926	3.53
1960-1969	91	0.24950	0.22183	0.5	6055	1343	5384	20083	3.32
1960-1969	92	0.26985	0.23777	0.5	4712	1120	4152	14700	3.12
1960-1969	93	0.29126	0.25423	0.5	3592	913	3135	10548	2.94
1960-1969	94	0.31367	0.27114	0.5	2678	726	2315	7413	2.77
1960-1969	95	0.33702	0.28842	0.5	1952	563	1671	5098	2.61
1960-1969	96	0.36124	0.30597	0.5	1389	425	1177	3427	2.47
1960-1969	97	0.38623	0.32371	0.5	964	312	808	2250	2.33
1960-1969	98	0.41187	0.34153	0.5	652	223	541	1442	2.21
1960-1969	99	0.43803	0.35933	0.5	429	154	352	902	2.10
1960-1969	100	0.46459	0.37701	0.5	275	104	223	549	2.00
1960-1969	101	0.49138	0.39447	0.5	171	68	138	326	1.90
1960-1969	102	0.51827	0.41161	0.5	104	43	82	189	1.82
1960-1969	103	0.54508	0.42834	0.5	61	26	48	106	1.74
1960-1969	104	0.57166	0.44459	0.5	35	16	27	58	1.67
1960-1969	105	0.59787	0.46028	0.5	19	9	15	31	1.60
1960-1969	106	0.62356	0.47535	0.5	10	5	8	16	1.55
1960-1969	107	0.64860	0.48977	0.5	5	3	4	8	1.50
1960-1969	108	0.67287	0.50348	0.5	3	1	2	4	1.45
1960-1969	109	0.69628	0.51647	0.5	1	1	1	2	1.41
1960-1969	110+	0.71873	1.00000	1.39	1	1	1	1	1.39
1970-1979	0	0.01603	0.01580	0.09	100000	1580	98567	7323167	73.23
1970-1979	1	0.00072	0.00072	0.5	98420	71	98384	7224600	73.41
1970-1979	2	0.00061	0.00061	0.5	98349	60	98319	7126216	72.46
1970-1979	3	0.00042	0.00042	0.5	98289	42	98269	7027896	71.50
1970-1979	4	0.00037	0.00037	0.5	98248	36	98230	6929628	70.53
1970-1979	5	0.00041	0.00041	0.5	98212	40	98192	6831398	69.56
1970-1979	6	0.00033	0.00033	0.5	98172	32	98156	6733206	68.59
1970-1979	7	0.00020	0.00020	0.5	98140	20	98130	6635051	67.61
1970-1979	8	0.00027	0.00027	0.5	98120	26	98106	6536921	66.62
1970-1979	9	0.00026	0.00026	0.5	98093	26	98080	6438815	65.64
1970-1979	10	0.00026	0.00026	0.5	98067	25	98055	6340735	64.66
1970-1979	11	0.00024	0.00024	0.5	98042	23	98030	6242680	63.67
1970-1979	12	0.00021	0.00021	0.5	98019	21	98008	6144650	62.69
1970-1979	13	0.00031	0.00031	0.5	97998	30	97983	6046641	61.70
1970-1979	14	0.00031	0.00031	0.5	97968	30	97953	5948658	60.72
1970-1979	15	0.00052	0.00052	0.5	97937	51	97912	5850706	59.74
1970-1979	16	0.00063	0.00063	0.5	97887	61	97856	5752794	58.77
1970-1979	17	0.00071	0.00071	0.5	97825	70	97790	5654938	57.81
1970-1979	18	0.00089	0.00089	0.5	97756	87	97712	5557147	56.85
1970-1979	19	0.00097	0.00097	0.5	97668	95	97621	5459435	55.90
1970-1979	20	0.00084	0.00084	0.5	97573	82	97532	5361815	54.95
1970-1979	21	0.00095	0.00095	0.5	97491	93	97445	5264283	54.00
1970-1979	22	0.00074	0.00074	0.5	97399	72	97363	5166838	53.05
1970-1979	23	0.00082	0.00082	0.5	97327	80	97287	5069475	52.09
1970-1979	24	0.00094	0.00094	0.5	97247	91	97201	4972188	51.13
1970-1979	25	0.00103	0.00103	0.5	97156	100	97106	4874986	50.18
1970-1979	26	0.00086	0.00086	0.5	97056	84	97014	4777881	49.23
1970-1979	27	0.00092	0.00092	0.5	96972	89	96928	4680866	48.27
1970-1979	28	0.00096	0.00096	0.5	96883	93	96837	4583939	47.31
1970-1979	29	0.00094	0.00094	0.5	96790	91	96744	4487102	46.36
1970-1979	30	0.00114	0.00114	0.5	96699	111	96644	4390358	45.40
1970-1979	31	0.00103	0.00103	0.5	96588	100	96538	4293714	44.45
1970-1979	32	0.00109	0.00109	0.5	96488	105	96436	4197176	43.50
1970-1979	33	0.00118	0.00118	0.5	96383	114	96326	4100740	42.55
1970-1979	34	0.00134	0.00134	0.5	96269	129	96204	4004414	41.60
1970-1979	35	0.00139	0.00139	0.5	96140	133	96073	3908210	40.65
1970-1979	36	0.00172	0.00171	0.5	96007	165	95924	3812136	39.71
1970-1979	37	0.00170	0.00169	0.5	95842	162	95761	3716212	38.77
1970-1979	38	0.00164	0.00164	0.5	95680	157	95601	3620451	37.84
1970-1979	39	0.00215	0.00214	0.5	95523	205	95420	3524850	36.90
1970-1979	40	0.00226	0.00225	0.5	95318	215	95210	3429430	35.98
1970-1979	41	0.00274	0.00273	0.5	95103	260	94973	3334220	35.06
1970-1979	42	0.00266	0.00265	0.5	94843	252	94717	3239247	34.15
1970-1979	43	0.00316	0.00315	0.5	94591	298	94442	3144530	33.24
1970-1979	44	0.00356	0.00355	0.5	94293	335	94126	3050087	32.35
1970-1979	45	0.00346	0.00346	0.5	93958	325	93796	2955962	31.46
1970-1979	46	0.00444	0.00443	0.5	93633	415	93426	2862166	30.57
1970-1979	47	0.00458	0.00457	0.5	93219	426	93006	2768740	29.70
1970-1979	48	0.00533	0.00531	0.5	92792	493	92546	2675734	28.84
1970-1979	49	0.00514	0.00512	0.5	92299	473	92063	2583189	27.99
1970-1979	50	0.00661	0.00659	0.5	91826	605	91524	2491126	27.13
1970-1979	51	0.00688	0.00685	0.5	91221	625	90909	2399602	26.31
1970-1979	52	0.00708	0.00706	0.5	90596	639	90277	2308693	25.48
1970-1979	53	0.00773	0.00770	0.5	89957	693	89610	2218416	24.66
1970-1979	54	0.00868	0.00864	0.5	89264	771	88878	2128806	23.85
1970-1979	55	0.00917	0.00913	0.5	88493	808	88089	2039927	23.05
1970-1979	56	0.01014	0.01009	0.5	87685	885	87243	1951838	22.26
1970-1979	57	0.01114	0.01108	0.5	86800	962	86320	1864595	21.48
1970-1979	58	0.01226	0.01219	0.5	85839	1046	85316	1778276	20.72
1970-1979	59	0.01403	0.01393	0.5	84793	1181	84202	1692960	19.97
1970-1979	60	0.01479	0.01469	0.5	83612	1228	82998	1608758	19.24
1970-1979	61	0.01548	0.01536	0.5	82384	1266	81751	1525760	18.52
1970-1979	62	0.01826	0.01809	0.5	81118	1468	80384	1444010	17.80
1970-1979	63	0.01893	0.01875	0.5	79650	1494	78904	1363625	17.12
1970-1979	64	0.02111	0.02089	0.5	78157	1633	77340	1284722	16.44
1970-1979	65	0.02265	0.02239	0.5	76524	1714	75667	1207382	15.78
1970-1979	66	0.02498	0.02467	0.5	74810	1846	73887	1131715	15.13
1970-1979	67	0.02532	0.02500	0.5	72964	1824	72052	1057828	14.50
1970-1979	68	0.02790	0.02751	0.5	71140	1957	70162	985775	13.86
1970-1979	69	0.03172	0.03122	0.5	69183	2160	68103	915614	13.23
1970-1979	70	0.03245	0.03194	0.5	67023	2140	65953	847511	12.65
1970-1979	71	0.03753	0.03684	0.5	64882	2390	63687	781558	12.05
1970-1979	72	0.04041	0.03961	0.5	62492	2476	61254	717871	11.49
1970-1979	73	0.04426	0.04330	0.5	60017	2599	58717	656617	10.94
1970-1979	74	0.04629	0.04524	0.5	57418	2598	56119	597900	10.41
1970-1979	75	0.05346	0.05207	0.5	54820	2855	53393	541781	9.88
1970-1979	76	0.05449	0.05305	0.5	51965	2757	50587	488388	9.40
1970-1979	77	0.06061	0.05882	0.5	49209	2895	47762	437801	8.90
1970-1979	78	0.06644	0.06431	0.5	46314	2978	44825	390039	8.42
1970-1979	79	0.07229	0.06977	0.5	43336	3023	41824	345214	7.97
1970-1979	80	0.07791	0.07499	0.5	40313	3023	38801	303390	7.53
1970-1979	81	0.08638	0.08280	0.5	37289	3088	35746	264589	7.10
1970-1979	82	0.09458	0.09031	0.5	34202	3089	32657	228843	6.69
1970-1979	83	0.10345	0.09836	0.5	31113	3060	29583	196186	6.31
1970-1979	84	0.11308	0.10703	0.5	28053	3002	26551	166603	5.94
1970-1979	85	0.12350	0.11632	0.5	25050	2914	23593	140051	5.59
1970-1979	86	0.13477	0.12626	0.5	22136	2795	20739	116458	5.26
1970-1979	87	0.14693	0.13687	0.5	19341	2647	18018	95719	4.95
1970-1979	88	0.16001	0.14816	0.5	16694	2473	15457	77701	4.65
1970-1979	89	0.17407	0.16013	0.5	14221	2277	13082	62244	4.38
1970-1979	90	0.18912	0.17278	0.5	11944	2064	10912	49162	4.12
1970-1979	91	0.20519	0.18610	0.5	9880	1839	8961	38250	3.87
1970-1979	92	0.22230	0.20006	0.5	8041	1609	7237	29289	3.64
1970-1979	93	0.24045	0.21464	0.5	6433	1381	5742	22052	3.43
1970-1979	94	0.25964	0.22980	0.5	5052	1161	4471	16310	3.23
1970-1979	95	0.27985	0.24550	0.5	3891	955	3413	11839	3.04
1970-1979	96	0.30104	0.26166	0.5	2936	768	2552	8425	2.87
1970-1979	97	0.32318	0.27822	0.5	2168	603	1866	5874	2.71
1970-1979	98	0.34619	0.29511	0.5	1565	462	1334	4008	2.56
1970-1979	99	0.37000	0.31223	0.5	1103	344	931	2674	2.42
1970-1979	100	0.39451	0.32951	0.5	758	250	634	1743	2.30
1970-1979	101	0.41961	0.34684	0.5	509	176	420	1110	2.18
1970-1979	102	0.44519	0.36414	0.5	332	121	272	689	2.08
1970-1979	103	0.47111	0.38130	0.5	211	81	171	418	1.98
1970-1979	104	0.49724	0.39823	0.5	131	52	105	247	1.89
1970-1979	105	0.52342	0.41485	0.5	79	33	62	142	1.81
1970-1979	106	0.54951	0.43107	0.5	46	20	36	80	1.73
1970-1979	107	0.57537	0.44682	0.5	26	12	20	44	1.67
1970-1979	108	0.60085	0.46204	0.5	14	7	11	23	1.61
1970-1979	109	0.62583	0.47667	0.5	8	4	6	12	1.57
1970-1979	110+	0.65019	1.00000	1.54	4	4	6	6	1.54
1980-1989	0	0.00987	0.00978	0.08	100000	978	99096	7555926	75.56
1980-1989	1	0.00042	0.00042	0.5	99022	41	99001	7456831	75.31
1980-1989	2	0.00043	0.00043	0.5	98980	42	98959	7357830	74.34
1980-1989	3	0.00032	0.00032	0.5	98938	32	98922	7258871	73.37
1980-1989	4	0.00023	0.00023	0.5	98906	23	98895	7159949	72.39
1980-1989	5	0.00020	0.00020	0.5	98883	20	98873	7061054	71.41
1980-1989	6	0.00025	0.00025	0.5	98863	25	98850	6962181	70.42
1980-1989	7	0.00021	0.00021	0.5	98838	21	98827	6863331	69.44
1980-1989	8	0.00014	0.00014	0.5	98817	14	98810	6764503	68.45
1980-1989	9	0.00020	0.00020	0.5	98803	20	98793	6665693	67.46
1980-1989	10	0.00021	0.00021	0.5	98783	21	98773	6566900	66.48
1980-1989	11	0.00026	0.00026	0.5	98763	25	98750	6468127	65.49
1980-1989	12	0.00017	0.00017	0.5	98737	17	98729	6369377	64.51
1980-1989	13	0.00025	0.00025	0.5	98720	25	98708	6270648	63.52
1980-1989	14	0.00024	0.00024	0.5	98695	24	98683	6171941	62.54
1980-1989	15	0.00034	0.00034	0.5	98671	33	98655	6073258	61.55
1980-1989	16	0.00048	0.00048	0.5	98638	48	98614	5974603	60.57
1980-1989	17	0.00055	0.00054	0.5	98590	54	98563	5875989	59.60
1980-1989	18	0.00068	0.00068	0.5	98536	67	98503	5777426	58.63
1980-1989	19	0.00068	0.00067	0.5	98469	66	98436	5678923	57.67
1980-1989	20	0.00081	0.00081	0.5	98403	79	98363	5580487	56.71
1980-1989	21	0.00081	0.00081	0.5	98324	79	98284	5482123	55.76
1980-1989	22	0.00079	0.00079	0.5	98245	77	98206	5383839	54.80
1980-1989	23	0.00087	0.00087	0.5	98167	85	98125	5285633	53.84
1980-1989	24	0.00079	0.00079	0.5	98082	77	98044	5187509	52.89
1980-1989	25	0.00088	0.00088	0.5	98005	86	97962	5089465	51.93
1980-1989	26	0.00081	0.00081	0.5	97919	79	97879	4991503	50.98
1980-1989	27	0.00098	0.00098	0.5	97840	96	97792	4893624	50.02
1980-1989	28	0.00096	0.00096	0.5	97744	93	97698	4795831	49.07
1980-1989	29	0.00093	0.00093	0.5	97651	91	97605	4698134	48.11
1980-1989	30	0.00097	0.00097	0.5	97560	94	97513	4600528	47.16
1980-1989	31	0.00115	0.00115	0.5	97465	112	97409	4503016	46.20
1980-1989	32	0.00121	0.00121	0.5	97353	117	97294	4405606	45.25
1980-1989	33	0.00124	0.00124	0.5	97236	120	97175	4308312	44.31
1980-1989	34	0.00117	0.00117	0.5	97115	114	97058	4211137	43.36
1980-1989	35	0.00123	0.00123	0.5	97002	119	96942	4114078	42.41
1980-1989	36	0.00114	0.00114	0.5	96883	110	96828	4017136	41.46
1980-1989	37	0.00160	0.00160	0.5	96772	155	96695	3920308	40.51
1980-1989	38	0.00157	0.00157	0.5	96618	152	96542	3823613	39.57
1980-1989	39	0.00141	0.00141	0.5	96466	136	96398	3727072	38.64
1980-1989	40	0.00170	0.00170	0.5	96330	164	96248	3630674	37.69
1980-1989	41	0.00217	0.00217	0.5	96166	208	96062	3534426	36.75
1980-1989	42	0.00212	0.00212	0.5	95958	203	95856	3438364	35.83
1980-1989	43	0.00240	0.00240	0.5	95755	230	95640	3342507	34.91
1980-1989	44	0.00254	0.00254	0.5	95525	243	95404	3246868	33.99
1980-1989	45	0.00294	0.00294	0.5	95282	280	95142	3151464	33.08
1980-1989	46	0.00291	0.00290	0.5	95002	276	94864	3056322	32.17
1980-1989	47	0.00356	0.00355	0.5	94727	336	94558	2961457	31.26
1980-1989	48	0.00438	0.00437	0.5	94390	412	94184	2866899	30.37
1980-1989	49	0.00430	0.00429	0.5	93978	404	93776	2772715	29.50
1980-1989	50	0.00496	0.00495	0.5	93574	463	93343	2678939	28.63
1980-1989	51	0.00584	0.00582	0.5	93111	542	92840	2585597	27.77
1980-1989	52	0.00600	0.00598	0.5	92569	554	92292	2492757	26.93
1980-1989	53	0.00681	0.00678	0.5	92015	624	91703	2400466	26.09
1980-1989	54	0.00767	0.00764	0.5	91390	698	91041	2308763	25.26
1980-1989	55	0.00808	0.00805	0.5	90692	730	90327	2217722	24.45
1980-1989	56	0.00881	0.00877	0.5	89962	789	89567	2127395	23.65
1980-1989	57	0.00878	0.00874	0.5	89173	779	88783	2037828	22.85
1980-1989	58	0.01077	0.01071	0.5	88394	947	87920	1949044	22.05
1980-1989	59	0.01133	0.01127	0.5	87447	985	86954	1861124	21.28
1980-1989	60	0.01231	0.01223	0.5	86461	1057	85932	1774170	20.52
1980-1989	61	0.01361	0.01352	0.5	85404	1154	84827	1688238	19.77
1980-1989	62	0.01537	0.01525	0.5	84249	1285	83607	1603411	19.03
1980-1989	63	0.01690	0.01676	0.5	82965	1391	82269	1519804	18.32
1980-1989	64	0.01767	0.01751	0.5	81574	1428	80860	1437535	17.62
1980-1989	65	0.01833	0.01817	0.5	80145	1456	79417	1356675	16.93
1980-1989	66	0.02038	0.02018	0.5	78689	1588	77896	1277258	16.23
1980-1989	67	0.02284	0.02258	0.5	77102	1741	76231	1199362	15.56
1980-1989	68	0.02376	0.02348	0.5	75360	1770	74476	1123131	14.90
1980-1989	69	0.02653	0.02618	0.5	73591	1927	72628	1048656	14.25
1980-1989	70	0.02934	0.02892	0.5	71664	2072	70628	976028	13.62
1980-1989	71	0.03043	0.02997	0.5	69592	2086	68549	905400	13.01
1980-1989	72	0.03415	0.03357	0.5	67506	2266	66373	836851	12.40
1980-1989	73	0.03763	0.03693	0.5	65240	2410	64035	770478	11.81
1980-1989	74	0.04045	0.03965	0.5	62830	2491	61584	706443	11.24
1980-1989	75	0.04317	0.04226	0.5	60339	2550	59064	644859	10.69
1980-1989	76	0.04678	0.04571	0.5	57789	2641	56468	585795	10.14
1980-1989	77	0.05287	0.05151	0.5	55147	2841	53727	529327	9.60
1980-1989	78	0.05756	0.05595	0.5	52307	2927	50843	475601	9.09
1980-1989	79	0.06037	0.05860	0.5	49380	2894	47933	424757	8.60
1980-1989	80	0.06834	0.06608	0.5	46486	3072	44950	376824	8.11
1980-1989	81	0.07518	0.07246	0.5	43414	3146	41841	331874	7.64
1980-1989	82	0.08268	0.07940	0.5	40269	3197	38670	290033	7.20
1980-1989	83	0.09087	0.08692	0.5	37071	3222	35460	251363	6.78
1980-1989	84	0.09981	0.09507	0.5	33849	3218	32240	215902	6.38
1980-1989	85	0.10956	0.10387	0.5	30631	3182	29040	183662	6.00
1980-1989	86	0.12017	0.11336	0.5	27449	3112	25894	154622	5.63
1980-1989	87	0.13170	0.12356	0.5	24338	3007	22834	128728	5.29
1980-1989	88	0.14419	0.13449	0.5	21330	2869	19896	105894	4.96
1980-1989	89	0.15770	0.14617	0.5	18462	2699	17112	85998	4.66
1980-1989	90	0.17227	0.15861	0.5	15763	2500	14513	68886	4.37
1980-1989	91	0.18794	0.17179	0.5	13263	2278	12124	54373	4.10
1980-1989	92	0.20474	0.18573	0.5	10984	2040	9964	42250	3.85
1980-1989	93	0.22269	0.20038	0.5	8944	1792	8048	32285	3.61
1980-1989	94	0.24181	0.21573	0.5	7152	1543	6381	24237	3.39
1980-1989	95	0.26208	0.23172	0.5	5609	1300	4959	17857	3.18
1980-1989	96	0.28349	0.24829	0.5	4309	1070	3774	12897	2.99
1980-1989	97	0.30599	0.26539	0.5	3239	860	2810	9123	2.82
1980-1989	98	0.32954	0.28292	0.5	2380	673	2043	6313	2.65
1980-1989	99	0.35405	0.30080	0.5	1706	513	1450	4270	2.50
1980-1989	100	0.37942	0.31892	0.5	1193	381	1003	2820	2.36
1980-1989	101	0.40555	0.33718	0.5	813	274	676	1818	2.24
1980-1989	102	0.43230	0.35547	0.5	539	191	443	1142	2.12
1980-1989	103	0.45952	0.37366	0.5	347	130	282	699	2.01
1980-1989	104	0.48705	0.39167	0.5	217	85	175	417	1.92
1980-1989	105	0.51472	0.40937	0.5	132	54	105	242	1.83
1980-1989	106	0.54237	0.42666	0.5	78	33	61	137	1.75
1980-1989	107	0.56981	0.44347	0.5	45	20	35	75	1.68
1980-1989	108	0.59689	0.45970	0.5	25	11	19	40	1.62
1980-1989	109	0.62344	0.47528	0.5	13	6	10	21	1.57
1980-1989	110+	0.64931	1.00000	1.54	7	7	11	11	1.54
1990-1999	0	0.00703	0.00698	0.07	100000	698	99349	7733434	77.33
1990-1999	1	0.00044	0.00044	0.5	99302	43	99280	7634085	76.88
1990-1999	2	0.00030	0.00030	0.5	99258	30	99244	7534805	75.91
1990-1999	3	0.00016	0.00016	0.5	99229	16	99221	7435561	74.93
1990-1999	4	0.00020	0.00020	0.5	99213	19	99203	7336341	73.95
1990-1999	5	0.00014	0.00014	0.5	99193	14	99186	7237138	72.96
1990-1999	6	0.00016	0.00016	0.5	99179	16	99171	7137951	71.97
1990-1999	7	0.00018	0.00018	0.5	99163	17	99155	7038780	70.98
1990-1999	8	0.00017	0.00017	0.5	99146	17	99138	6939626	69.99
1990-1999	9	0.00015	0.00015	0.5	99129	15	99122	6840488	69.01
1990-1999	10	0.00014	0.00014	0.5	99114	14	99107	6741366	68.02
1990-1999	11	0.00018	0.00018	0.5	99100	18	99092	6642259	67.03
1990-1999	12	0.00014	0.00014	0.5	99083	14	99076	6543167	66.04
1990-1999	13	0.00019	0.00019	0.5	99069	19	99059	6444092	65.05
1990-1999	14	0.00027	0.00027	0.5	99050	27	99036	6345032	64.06
1990-1999	15	0.00022	0.00022	0.5	99023	22	99012	6245996	63.08
1990-1999	16	0.00036	0.00036	0.5	99001	35	98984	6146984	62.09
1990-1999	17	0.00063	0.00063	0.5	98966	63	98935	6048000	61.11
1990-1999	18	0.00059	0.00059	0.5	98903	58	98874	5949066	60.15
1990-1999	19	0.00044	0.00044	0.5	98845	44	98823	5850192	59.19
1990-1999	20	0.00053	0.00053	0.5	98801	52	98775	5751368	58.21
1990-1999	21	0.00058	0.00058	0.5	98749	57	98721	5652593	57.24
1990-1999	22	0.00072	0.00072	0.5	98692	71	98656	5553873	56.27
1990-1999	23	0.00071	0.00071	0.5	98621	70	98586	5455216	55.32
1990-1999	24	0.00071	0.00071	0.5	98551	70	98516	5356630	54.35
1990-1999	25	0.00057	0.00057	0.5	98481	56	98452	5258115	53.39
1990-1999	26	0.00070	0.00070	0.5	98424	69	98390	5159662	52.42
1990-1999	27	0.00068	0.00068	0.5	98356	67	98322	5061272	51.46
1990-1999	28	0.00089	0.00088	0.5	98289	87	98245	4962950	50.49
1990-1999	29	0.00092	0.00092	0.5	98202	91	98157	4864704	49.54
1990-1999	30	0.00084	0.00084	0.5	98111	82	98070	4766548	48.58
1990-1999	31	0.00114	0.00114	0.5	98029	112	97973	4668478	47.62
1990-1999	32	0.00110	0.00110	0.5	97917	108	97863	4570505	46.68
1990-1999	33	0.00106	0.00106	0.5	97809	104	97757	4472642	45.73
1990-1999	34	0.00126	0.00126	0.5	97705	123	97644	4374885	44.78
1990-1999	35	0.00148	0.00148	0.5	97583	144	97510	4277241	43.83
1990-1999	36	0.00142	0.00142	0.5	97438	138	97369	4179730	42.90
1990-1999	37	0.00159	0.00158	0.5	97300	154	97223	4082361	41.96
1990-1999	38	0.00166	0.00166	0.5	97146	161	97066	3985138	41.02
1990-1999	39	0.00164	0.00164	0.5	96985	159	96905	3888072	40.09
1990-1999	40	0.00181	0.00181	0.5	96826	175	96738	3791167	39.15
1990-1999	41	0.00214	0.00214	0.5	96651	207	96547	3694428	38.22
1990-1999	42	0.00204	0.00204	0.5	96444	197	96345	3597881	37.31
1990-1999	43	0.00227	0.00227	0.5	96247	219	96138	3501536	36.38
1990-1999	44	0.00248	0.00247	0.5	96028	237	95910	3405398	35.46
1990-1999	45	0.00263	0.00262	0.5	95791	251	95665	3309488	34.55
1990-1999	46	0.00286	0.00286	0.5	95540	273	95403	3213823	33.64
1990-1999	47	0.00326	0.00326	0.5	95267	310	95112	3118420	32.73
1990-1999	48	0.00353	0.00353	0.5	94956	335	94789	3023308	31.84
1990-1999	49	0.00344	0.00343	0.5	94621	325	94459	2928520	30.95
1990-1999	50	0.00406	0.00405	0.5	94297	382	94106	2834061	30.05
1990-1999	51	0.00410	0.00409	0.5	93915	384	93723	2739955	29.17
1990-1999	52	0.00490	0.00489	0.5	93531	457	93302	2646232	28.29
1990-1999	53	0.00523	0.00522	0.5	93073	485	92830	2552930	27.43
1990-1999	54	0.00547	0.00546	0.5	92588	506	92335	2460100	26.57
1990-1999	55	0.00611	0.00609	0.5	92082	561	91802	2367765	25.71
1990-1999	56	0.00731	0.00729	0.5	91521	667	91188	2275963	24.87
1990-1999	57	0.00732	0.00729	0.5	90854	662	90523	2184775	24.05
1990-1999	58	0.00923	0.00919	0.5	90192	829	89778	2094252	23.22
1990-1999	59	0.00974	0.00970	0.5	89364	867	88930	2004474	22.43
1990-1999	60	0.01062	0.01056	0.5	88497	935	88030	1915544	21.65
1990-1999	61	0.01283	0.01275	0.5	87563	1116	87004	1827514	20.87
1990-1999	62	0.01260	0.01252	0.5	86446	1083	85905	1740509	20.13
1990-1999	63	0.01378	0.01369	0.5	85364	1169	84779	1654604	19.38
1990-1999	64	0.01449	0.01439	0.5	84195	1211	83589	1569825	18.65
1990-1999	65	0.01650	0.01636	0.5	82984	1358	82305	1486236	17.91
1990-1999	66	0.01776	0.01760	0.5	81626	1437	80908	1403931	17.20
1990-1999	67	0.01866	0.01848	0.5	80189	1482	79448	1323023	16.50
1990-1999	68	0.02258	0.02233	0.5	78707	1757	77828	1243575	15.80
1990-1999	69	0.02268	0.02242	0.5	76949	1725	76087	1165747	15.15
1990-1999	70	0.02435	0.02406	0.5	75224	1810	74319	1089660	14.49
1990-1999	71	0.02646	0.02611	0.5	73414	1917	72456	1015341	13.83
1990-1999	72	0.02965	0.02922	0.5	71497	2089	70453	942885	13.19
1990-1999	73	0.03128	0.03080	0.5	69408	2138	68340	872433	12.57
1990-1999	74	0.03507	0.03447	0.5	67271	2319	66111	804093	11.95
1990-1999	75	0.03725	0.03657	0.5	64952	2375	63765	737982	11.36
1990-1999	76	0.04220	0.04132	0.5	62577	2586	61284	674217	10.77
1990-1999	77	0.04478	0.04380	0.5	59991	2627	58677	612933	10.22
1990-1999	78	0.04761	0.04651	0.5	57363	2668	56030	554256	9.66
1990-1999	79	0.05311	0.05174	0.5	54696	2830	53281	498226	9.11
1990-1999	80	0.06045	0.05867	0.5	51866	3043	50344	444946	8.58
1990-1999	81	0.06687	0.06470	0.5	48823	3159	47243	394602	8.08
1990-1999	82	0.07223	0.06971	0.5	45664	3183	44072	347358	7.61
1990-1999	83	0.08015	0.07706	0.5	42480	3274	40844	303286	7.14
1990-1999	84	0.08889	0.08511	0.5	39207	3337	37539	262443	6.69
1990-1999	85	0.09852	0.09389	0.5	35870	3368	34186	224904	6.27
1990-1999	86	0.10911	0.10347	0.5	32502	3363	30821	190718	5.87
1990-1999	87	0.12074	0.11386	0.5	29139	3318	27480	159897	5.49
1990-1999	88	0.13347	0.12512	0.5	25821	3231	24206	132417	5.13
1990-1999	89	0.14737	0.13726	0.5	22591	3101	21040	108211	4.79
1990-1999	90	0.16252	0.15030	0.5	19490	2929	18025	87171	4.47
1990-1999	91	0.17896	0.16426	0.5	16561	2720	15200	69145	4.18
1990-1999	92	0.19676	0.17913	0.5	13840	2479	12601	53945	3.90
1990-1999	93	0.21593	0.19489	0.5	11361	2214	10254	41344	3.64
1990-1999	94	0.23651	0.21150	0.5	9147	1935	8180	31090	3.40
1990-1999	95	0.25849	0.22891	0.5	7212	1651	6387	22911	3.18
1990-1999	96	0.28185	0.24704	0.5	5561	1374	4874	16524	2.97
1990-1999	97	0.30655	0.26581	0.5	4187	1113	3631	11650	2.78
1990-1999	98	0.33250	0.28510	0.5	3074	877	2636	8019	2.61
1990-1999	99	0.35960	0.30479	0.5	2198	670	1863	5383	2.45
1990-1999	100	0.38772	0.32476	0.5	1528	496	1280	3520	2.30
1990-1999	101	0.41670	0.34485	0.5	1032	356	854	2240	2.17
1990-1999	102	0.44635	0.36491	0.5	676	247	553	1386	2.05
1990-1999	103	0.47648	0.38481	0.5	429	165	347	833	1.94
1990-1999	104	0.50686	0.40438	0.5	264	107	211	487	1.84
1990-1999	105	0.53726	0.42350	0.5	157	67	124	276	1.75
1990-1999	106	0.56746	0.44204	0.5	91	40	71	152	1.67
1990-1999	107	0.59723	0.45990	0.5	51	23	39	81	1.60
1990-1999	108	0.62636	0.47698	0.5	27	13	21	42	1.54
1990-1999	109	0.65464	0.49321	0.5	14	7	11	21	1.50
1990-1999	110+	0.68193	1.00000	1.47	7	7	11	11	1.47
2000-2009	0	0.00662	0.00658	0.07	100000	658	99386	7863993	78.64
2000-2009	1	0.00030	0.00030	0.5	99342	30	99327	7764607	78.16
2000-2009	2	0.00021	0.00021	0.5	99312	21	99301	7665280	77.18
2000-2009	3	0.00013	0.00013	0.5	99291	13	99284	7565979	76.20
2000-2009	4	0.00011	0.00011	0.5	99278	11	99272	7466695	75.21
2000-2009	5	0.00009	0.00009	0.5	99267	9	99262	7367423	74.22
2000-2009	6	0.00013	0.00013	0.5	99258	13	99252	7268161	73.22
2000-2009	7	0.00012	0.00012	0.5	99245	12	99239	7168909	72.23
2000-2009	8	0.00013	0.00013	0.5	99233	13	99226	7069670	71.24
2000-2009	9	0.00010	0.00010	0.5	99219	10	99215	6970444	70.25
2000-2009	10	0.00016	0.00016	0.5	99210	16	99202	6871230	69.26
2000-2009	11	0.00009	0.00009	0.5	99194	9	99190	6772028	68.27
2000-2009	12	0.00014	0.00014	0.5	99186	14	99178	6672838	67.28
2000-2009	13	0.00012	0.00012	0.5	99171	12	99166	6573660	66.29
2000-2009	14	0.00018	0.00018	0.5	99160	18	99151	6474494	65.29
2000-2009	15	0.00023	0.00023	0.5	99142	23	99130	6375343	64.31
2000-2009	16	0.00042	0.00042	0.5	99119	42	99098	6276213	63.32
2000-2009	17	0.00052	0.00052	0.5	99077	52	99051	6177115	62.35
2000-2009	18	0.00045	0.00045	0.5	99025	45	99003	6078064	61.38
2000-2009	19	0.00051	0.00051	0.5	98981	51	98955	5979061	60.41
2000-2009	20	0.00050	0.00050	0.5	98930	49	98905	5880106	59.44
2000-2009	21	0.00057	0.00057	0.5	98881	56	98853	5781201	58.47
2000-2009	22	0.00067	0.00067	0.5	98825	66	98792	5682348	57.50
2000-2009	23	0.00077	0.00077	0.5	98759	76	98721	5583556	56.54
2000-2009	24	0.00075	0.00075	0.5	98683	74	98646	5484836	55.58
2000-2009	25	0.00070	0.00070	0.5	98609	69	98574	5386190	54.62
2000-2009	26	0.00071	0.00071	0.5	98540	70	98505	5287616	53.66
2000-2009	27	0.00073	0.00073	0.5	98470	72	98434	5189111	52.70
2000-2009	28	0.00076	0.00076	0.5	98398	75	98361	5090677	51.74
2000-2009	29	0.00087	0.00087	0.5	98323	85	98280	4992316	50.77
2000-2009	30	0.00080	0.00080	0.5	98238	78	98199	4894036	49.82
2000-2009	31	0.00078	0.00078	0.5	98160	77	98121	4795837	48.86
2000-2009	32	0.00088	0.00088	0.5	98083	87	98040	4697716	47.90
2000-2009	33	0.00083	0.00083	0.5	97996	82	97955	4599676	46.94
2000-2009	34	0.00098	0.00098	0.5	97915	96	97867	4501721	45.98
2000-2009	35	0.00108	0.00108	0.5	97819	106	97766	4403855	45.02
2000-2009	36	0.00119	0.00119	0.5	97713	116	97655	4306089	44.07
2000-2009	37	0.00133	0.00133	0.5	97597	130	97532	4208434	43.12
2000-2009	38	0.00136	0.00136	0.5	97467	132	97401	4110902	42.18
2000-2009	39	0.00147	0.00146	0.5	97334	143	97263	4013502	41.23
2000-2009	40	0.00179	0.00179	0.5	97192	174	97105	3916239	40.29
2000-2009	41	0.00186	0.00186	0.5	97018	180	96928	3819134	39.37
2000-2009	42	0.00197	0.00197	0.5	96838	191	96743	3722205	38.44
2000-2009	43	0.00231	0.00231	0.5	96648	223	96536	3625462	37.51
2000-2009	44	0.00236	0.00236	0.5	96425	227	96311	3528926	36.60
2000-2009	45	0.00242	0.00242	0.5	96197	233	96081	3432615	35.68
2000-2009	46	0.00291	0.00290	0.5	95965	279	95825	3336534	34.77
2000-2009	47	0.00327	0.00327	0.5	95686	312	95530	3240709	33.87
2000-2009	48	0.00359	0.00359	0.5	95374	342	95203	3145179	32.98
2000-2009	49	0.00356	0.00355	0.5	95031	337	94863	3049976	32.09
2000-2009	50	0.00382	0.00381	0.5	94694	361	94513	2955114	31.21
2000-2009	51	0.00433	0.00432	0.5	94333	407	94129	2860600	30.32
2000-2009	52	0.00435	0.00434	0.5	93926	408	93722	2766471	29.45
2000-2009	53	0.00482	0.00480	0.5	93518	449	93293	2672749	28.58
2000-2009	54	0.00498	0.00497	0.5	93068	462	92837	2579456	27.72
2000-2009	55	0.00582	0.00581	0.5	92606	538	92337	2486619	26.85
2000-2009	56	0.00555	0.00554	0.5	92068	510	91813	2394282	26.01
2000-2009	57	0.00667	0.00665	0.5	91559	609	91254	2302469	25.15
2000-2009	58	0.00787	0.00784	0.5	90950	713	90593	2211215	24.31
2000-2009	59	0.00807	0.00804	0.5	90237	725	89874	2120621	23.50
2000-2009	60	0.00853	0.00849	0.5	89511	760	89132	2030747	22.69
2000-2009	61	0.00915	0.00911	0.5	88752	809	88347	1941616	21.88
2000-2009	62	0.00948	0.00944	0.5	87943	830	87528	1853268	21.07
2000-2009	63	0.01144	0.01137	0.5	87113	991	86618	1765741	20.27
2000-2009	64	0.01278	0.01270	0.5	86122	1094	85575	1679123	19.50
2000-2009	65	0.01341	0.01332	0.5	85029	1132	84462	1593548	18.74
2000-2009	66	0.01469	0.01458	0.5	83896	1223	83285	1509085	17.99
2000-2009	67	0.01616	0.01603	0.5	82673	1325	82010	1425801	17.25
2000-2009	68	0.01723	0.01708	0.5	81347	1390	80653	1343791	16.52
2000-2009	69	0.01912	0.01894	0.5	79958	1514	79201	1263138	15.80
2000-2009	70	0.02144	0.02122	0.5	78443	1664	77611	1183937	15.09
2000-2009	71	0.02233	0.02208	0.5	76779	1696	75931	1106326	14.41
2000-2009	72	0.02474	0.02444	0.5	75084	1835	74166	1030395	13.72
2000-2009	73	0.02801	0.02762	0.5	73249	2023	72237	956228	13.05
2000-2009	74	0.03141	0.03092	0.5	71225	2202	70124	883991	12.41
2000-2009	75	0.03376	0.03320	0.5	69023	2291	67877	813867	11.79
2000-2009	76	0.03622	0.03558	0.5	66732	2374	65545	745990	11.18
2000-2009	77	0.04137	0.04053	0.5	64358	2609	63053	680445	10.57
2000-2009	78	0.04488	0.04389	0.5	61749	2710	60394	617392	10.00
2000-2009	79	0.04771	0.04659	0.5	59039	2751	57663	556998	9.43
2000-2009	80	0.05394	0.05253	0.5	56288	2957	54810	499335	8.87
2000-2009	81	0.05698	0.05540	0.5	53331	2955	51854	444525	8.34
2000-2009	82	0.06429	0.06229	0.5	50377	3138	48808	392671	7.79
2000-2009	83	0.07248	0.06995	0.5	47239	3304	45587	343863	7.28
2000-2009	84	0.08164	0.07844	0.5	43934	3446	42211	298277	6.79
2000-2009	85	0.09185	0.08782	0.5	40488	3556	38711	256065	6.32
2000-2009	86	0.10321	0.09815	0.5	36933	3625	35120	217355	5.89
2000-2009	87	0.11583	0.10948	0.5	33308	3647	31485	182234	5.47
2000-2009	88	0.12978	0.12187	0.5	29661	3615	27854	150750	5.08
2000-2009	89	0.14516	0.13534	0.5	26046	3525	24284	122896	4.72
2000-2009	90	0.16206	0.14991	0.5	22521	3376	20833	98612	4.38
2000-2009	91	0.18054	0.16560	0.5	19145	3170	17560	77779	4.06
2000-2009	92	0.20067	0.18237	0.5	15975	2913	14518	60219	3.77
2000-2009	93	0.22247	0.20020	0.5	13061	2615	11754	45701	3.50
2000-2009	94	0.24596	0.21902	0.5	10446	2288	9302	33947	3.25
2000-2009	95	0.27111	0.23875	0.5	8158	1948	7185	24645	3.02
2000-2009	96	0.29788	0.25926	0.5	6211	1610	5406	17460	2.81
2000-2009	97	0.32615	0.28042	0.5	4600	1290	3955	12055	2.62
2000-2009	98	0.35581	0.30207	0.5	3310	1000	2810	8099	2.45
2000-2009	99	0.38668	0.32403	0.5	2310	749	1936	5289	2.29
2000-2009	100	0.41855	0.34612	0.5	1562	541	1291	3353	2.15
2000-2009	101	0.45118	0.36813	0.5	1021	376	833	2061	2.02
2000-2009	102	0.48428	0.38988	0.5	645	252	519	1228	1.90
2000-2009	103	0.51759	0.41118	0.5	394	162	313	709	1.80
2000-2009	104	0.55079	0.43186	0.5	232	100	182	396	1.71
2000-2009	105	0.58360	0.45177	0.5	132	59	102	214	1.63
2000-2009	106	0.61573	0.47079	0.5	72	34	55	112	1.55
2000-2009	107	0.64692	0.48881	0.5	38	19	29	57	1.49
2000-2009	108	0.67696	0.50577	0.5	20	10	15	28	1.44
2000-2009	109	0.70563	0.52160	0.5	10	5	7	13	1.39
2000-2009	110+	0.73280	1.00000	1.36	5	5	6	6	1.36
2010-2017	0	0.00605	0.00602	0.07	100000	602	99437	7982989	79.83
2010-2017	1	0.00020	0.00020	0.5	99398	20	99388	7883552	79.31
2010-2017	2	0.00013	0.00013	0.5	99378	13	99371	7784164	78.33
2010-2017	3	0.00018	0.00018	0.5	99364	18	99356	7684793	77.34
2010-2017	4	0.00008	0.00008	0.5	99347	8	99343	7585438	76.35
2010-2017	5	0.00008	0.00008	0.5	99339	8	99335	7486095	75.36
2010-2017	6	0.00009	0.00009	0.5	99331	9	99327	7386760	74.36
2010-2017	7	0.00009	0.00009	0.5	99323	9	99318	7287433	73.37
2010-2017	8	0.00013	0.00013	0.5	99314	13	99308	7188114	72.38
2010-2017	9	0.00007	0.00007	0.5	99301	7	99298	7088807	71.39
2010-2017	10	0.00012	0.00012	0.5	99294	12	99288	6989509	70.39
2010-2017	11	0.00007	0.00007	0.5	99282	7	99278	6890221	69.40
2010-2017	12	0.00007	0.00007	0.5	99275	7	99271	6790943	68.41
2010-2017	13	0.00014	0.00014	0.5	99268	14	99261	6691672	67.41
2010-2017	14	0.00014	0.00014	0.5	99254	14	99247	6592411	66.42
2010-2017	15	0.00012	0.00012	0.5	99240	12	99234	6493164	65.43
2010-2017	16	0.00020	0.00020	0.5	99228	20	99218	6393930	64.44
2010-2017	17	0.00029	0.00029	0.5	99208	28	99194	6294712	63.45
2010-2017	18	0.00034	0.00034	0.5	99180	33	99163	6195518	62.47
2010-2017	19	0.00034	0.00034	0.5	99146	34	99129	6096355	61.49
2010-2017	20	0.00039	0.00039	0.5	99112	39	99093	5997226	60.51
2010-2017	21	0.00060	0.00060	0.5	99073	60	99044	5898133	59.53
2010-2017	22	0.00068	0.00068	0.5	99014	67	98980	5799089	58.57
2010-2017	23	0.00049	0.00049	0.5	98946	48	98922	5700109	57.61
2010-2017	24	0.00081	0.00081	0.5	98898	80	98858	5601187	56.64
2010-2017	25	0.00088	0.00088	0.5	98818	87	98774	5502329	55.68
2010-2017	26	0.00093	0.00093	0.5	98731	92	98685	5403555	54.73
2010-2017	27	0.00072	0.00072	0.5	98639	71	98603	5304870	53.78
2010-2017	28	0.00111	0.00111	0.5	98568	109	98513	5206267	52.82
2010-2017	29	0.00089	0.00089	0.5	98458	87	98415	5107754	51.88
2010-2017	30	0.00102	0.00102	0.5	98371	100	98321	5009339	50.92
2010-2017	31	0.00110	0.00110	0.5	98271	108	98217	4911018	49.97
2010-2017	32	0.00117	0.00117	0.5	98163	114	98106	4812801	49.03
2010-2017	33	0.00123	0.00123	0.5	98048	120	97988	4714695	48.09
2010-2017	34	0.00126	0.00126	0.5	97928	124	97866	4616707	47.14
2010-2017	35	0.00123	0.00123	0.5	97805	120	97744	4518840	46.20
2010-2017	36	0.00139	0.00139	0.5	97684	136	97616	4421096	45.26
2010-2017	37	0.00129	0.00129	0.5	97548	126	97485	4323480	44.32
2010-2017	38	0.00138	0.00138	0.5	97422	135	97355	4225995	43.38
2010-2017	39	0.00137	0.00137	0.5	97287	133	97221	4128640	42.44
2010-2017	40	0.00148	0.00148	0.5	97154	144	97082	4031419	41.50
2010-2017	41	0.00186	0.00186	0.5	97010	181	96920	3934337	40.56
2010-2017	42	0.00199	0.00198	0.5	96830	192	96733	3837417	39.63
2010-2017	43	0.00175	0.00175	0.5	96637	169	96553	3740683	38.71
2010-2017	44	0.00227	0.00227	0.5	96468	219	96359	3644131	37.78
2010-2017	45	0.00253	0.00252	0.5	96249	243	96128	3547772	36.86
2010-2017	46	0.00261	0.00260	0.5	96006	250	95881	3451645	35.95
2010-2017	47	0.00292	0.00292	0.5	95756	279	95617	3355763	35.04
2010-2017	48	0.00319	0.00319	0.5	95477	304	95325	3260147	34.15
2010-2017	49	0.00329	0.00329	0.5	95173	313	95016	3164822	33.25
2010-2017	50	0.00337	0.00336	0.5	94860	319	94701	3069806	32.36
2010-2017	51	0.00402	0.00401	0.5	94541	379	94351	2975105	31.47
2010-2017	52	0.00442	0.00441	0.5	94162	416	93954	2880754	30.59
2010-2017	53	0.00451	0.00450	0.5	93746	422	93535	2786800	29.73
2010-2017	54	0.00487	0.00485	0.5	93324	453	93098	2693265	28.86
2010-2017	55	0.00543	0.00542	0.5	92871	503	92620	2600167	28.00
2010-2017	56	0.00616	0.00614	0.5	92368	567	92084	2507548	27.15
2010-2017	57	0.00686	0.00683	0.5	91801	627	91487	2415463	26.31
2010-2017	58	0.00669	0.00667	0.5	91173	608	90869	2323976	25.49
2010-2017	59	0.00760	0.00757	0.5	90565	686	90222	2233107	24.66
2010-2017	60	0.00730	0.00727	0.5	89879	654	89553	2142884	23.84
2010-2017	61	0.00880	0.00876	0.5	89226	782	88835	2053332	23.01
2010-2017	62	0.00928	0.00924	0.5	88444	817	88035	1964497	22.21
2010-2017	63	0.01047	0.01042	0.5	87627	913	87170	1876462	21.41
2010-2017	64	0.01065	0.01060	0.5	86714	919	86254	1789291	20.63
2010-2017	65	0.01193	0.01185	0.5	85795	1017	85286	1703037	19.85
2010-2017	66	0.01184	0.01177	0.5	84778	997	84279	1617751	19.08
2010-2017	67	0.01381	0.01371	0.5	83780	1149	83206	1533472	18.30
2010-2017	68	0.01495	0.01484	0.5	82632	1226	82019	1450266	17.55
2010-2017	69	0.01575	0.01563	0.5	81405	1272	80769	1368247	16.81
2010-2017	70	0.01815	0.01799	0.5	80133	1441	79413	1287478	16.07
2010-2017	71	0.01918	0.01899	0.5	78692	1495	77945	1208065	15.35
2010-2017	72	0.02048	0.02027	0.5	77197	1565	76415	1130120	14.64
2010-2017	73	0.02360	0.02332	0.5	75632	1764	74750	1053705	13.93
2010-2017	74	0.02722	0.02686	0.5	73868	1984	72876	978955	13.25
2010-2017	75	0.02875	0.02834	0.5	71884	2037	70866	906078	12.60
2010-2017	76	0.03034	0.02988	0.5	69847	2087	68803	835213	11.96
2010-2017	77	0.03484	0.03425	0.5	67760	2320	66600	766409	11.31
2010-2017	78	0.03881	0.03807	0.5	65439	2491	64194	699810	10.69
2010-2017	79	0.04250	0.04162	0.5	62948	2620	61638	635616	10.10
2010-2017	80	0.04860	0.04745	0.5	60328	2862	58897	573978	9.51
2010-2017	81	0.04987	0.04865	0.5	57466	2796	56068	515081	8.96
2010-2017	82	0.05745	0.05585	0.5	54670	3053	53143	459013	8.40
2010-2017	83	0.06274	0.06084	0.5	51617	3140	50047	405869	7.86
2010-2017	84	0.07086	0.06844	0.5	48477	3318	46818	355823	7.34
2010-2017	85	0.07996	0.07688	0.5	45159	3472	43423	309005	6.84
2010-2017	86	0.09012	0.08624	0.5	41687	3595	39889	265582	6.37
2010-2017	87	0.10146	0.09656	0.5	38092	3678	36253	225693	5.92
2010-2017	88	0.11405	0.10790	0.5	34414	3713	32557	189440	5.50
2010-2017	89	0.12802	0.12032	0.5	30701	3694	28854	156883	5.11
2010-2017	90	0.14345	0.13385	0.5	27007	3615	25199	128029	4.74
2010-2017	91	0.16042	0.14851	0.5	23392	3474	21655	102830	4.40
2010-2017	92	0.17902	0.16431	0.5	19918	3273	18282	81175	4.08
2010-2017	93	0.19930	0.18124	0.5	16645	3017	15137	62893	3.78
2010-2017	94	0.22131	0.19926	0.5	13628	2716	12271	47756	3.50
2010-2017	95	0.24504	0.21830	0.5	10913	2382	9722	35486	3.25
2010-2017	96	0.27049	0.23827	0.5	8531	2033	7514	25764	3.02
2010-2017	97	0.29760	0.25905	0.5	6498	1683	5656	18250	2.81
2010-2017	98	0.32626	0.28050	0.5	4815	1351	4139	12593	2.62
2010-2017	99	0.35634	0.30245	0.5	3464	1048	2940	8454	2.44
2010-2017	100	0.38766	0.32472	0.5	2416	785	2024	5514	2.28
2010-2017	101	0.42000	0.34711	0.5	1632	566	1349	3490	2.14
2010-2017	102	0.45310	0.36941	0.5	1065	394	869	2141	2.01
2010-2017	103	0.48668	0.39143	0.5	672	263	540	1272	1.89
2010-2017	104	0.52044	0.41297	0.5	409	169	324	732	1.79
2010-2017	105	0.55407	0.43387	0.5	240	104	188	408	1.70
2010-2017	106	0.58725	0.45396	0.5	136	62	105	220	1.62
2010-2017	107	0.61972	0.47312	0.5	74	35	57	115	1.55
2010-2017	108	0.65119	0.49124	0.5	39	19	29	58	1.49
2010-2017	109	0.68143	0.50826	0.5	20	10	15	29	1.44
2010-2017	110+	0.71025	1.00000	1.41	10	10	14	14	1.41
