RI: Rhode Island, Lifetables (period 1x10), Males Last modified: 3 Dec 2019, MPv5 (May07) 

Year     	Age	mx	qx	ax	lx	dx	Lx	Tx	ex
1960-1969	0	0.02581	0.02523	0.11	100000	2523	97765	6779657	67.80
1960-1969	1	0.00101	0.00101	0.5	97477	98	97428	6681892	68.55
1960-1969	2	0.00099	0.00099	0.5	97379	97	97330	6584464	67.62
1960-1969	3	0.00061	0.00061	0.5	97282	59	97252	6487134	66.68
1960-1969	4	0.00049	0.00049	0.5	97223	48	97199	6389881	65.72
1960-1969	5	0.00055	0.00055	0.5	97175	53	97149	6292682	64.76
1960-1969	6	0.00052	0.00052	0.5	97122	50	97097	6195534	63.79
1960-1969	7	0.00050	0.00050	0.5	97072	48	97048	6098437	62.82
1960-1969	8	0.00045	0.00045	0.5	97023	43	97002	6001389	61.86
1960-1969	9	0.00045	0.00045	0.5	96980	44	96958	5904387	60.88
1960-1969	10	0.00033	0.00033	0.5	96936	32	96920	5807429	59.91
1960-1969	11	0.00039	0.00039	0.5	96905	38	96886	5710509	58.93
1960-1969	12	0.00027	0.00027	0.5	96867	26	96854	5613623	57.95
1960-1969	13	0.00045	0.00045	0.5	96841	43	96819	5516769	56.97
1960-1969	14	0.00062	0.00062	0.5	96797	60	96767	5419950	55.99
1960-1969	15	0.00053	0.00053	0.5	96737	51	96712	5323183	55.03
1960-1969	16	0.00083	0.00083	0.5	96686	80	96646	5226472	54.06
1960-1969	17	0.00085	0.00085	0.5	96606	82	96565	5129825	53.10
1960-1969	18	0.00076	0.00076	0.5	96524	73	96487	5033260	52.15
1960-1969	19	0.00119	0.00119	0.5	96450	114	96393	4936773	51.18
1960-1969	20	0.00093	0.00093	0.5	96336	90	96291	4840380	50.24
1960-1969	21	0.00137	0.00136	0.5	96246	131	96181	4744089	49.29
1960-1969	22	0.00105	0.00105	0.5	96115	101	96064	4647908	48.36
1960-1969	23	0.00094	0.00094	0.5	96014	91	95969	4551844	47.41
1960-1969	24	0.00100	0.00100	0.5	95923	96	95875	4455875	46.45
1960-1969	25	0.00101	0.00101	0.5	95828	96	95780	4360000	45.50
1960-1969	26	0.00106	0.00106	0.5	95731	101	95681	4264220	44.54
1960-1969	27	0.00140	0.00140	0.5	95630	134	95563	4168540	43.59
1960-1969	28	0.00094	0.00094	0.5	95496	90	95451	4072977	42.65
1960-1969	29	0.00107	0.00107	0.5	95406	102	95355	3977525	41.69
1960-1969	30	0.00148	0.00148	0.5	95304	141	95233	3882171	40.73
1960-1969	31	0.00133	0.00133	0.5	95163	127	95099	3786937	39.79
1960-1969	32	0.00127	0.00127	0.5	95036	121	94976	3691838	38.85
1960-1969	33	0.00111	0.00110	0.5	94915	105	94863	3596862	37.90
1960-1969	34	0.00151	0.00151	0.5	94810	143	94739	3502000	36.94
1960-1969	35	0.00172	0.00172	0.5	94667	162	94586	3407261	35.99
1960-1969	36	0.00174	0.00174	0.5	94505	165	94423	3312675	35.05
1960-1969	37	0.00212	0.00212	0.5	94340	200	94240	3218252	34.11
1960-1969	38	0.00267	0.00267	0.5	94140	251	94015	3124012	33.18
1960-1969	39	0.00268	0.00268	0.5	93889	251	93763	3029997	32.27
1960-1969	40	0.00309	0.00308	0.5	93638	288	93493	2936234	31.36
1960-1969	41	0.00304	0.00304	0.5	93349	283	93207	2842740	30.45
1960-1969	42	0.00355	0.00355	0.5	93066	330	92901	2749533	29.54
1960-1969	43	0.00419	0.00418	0.5	92736	388	92541	2656632	28.65
1960-1969	44	0.00466	0.00464	0.5	92347	429	92133	2564091	27.77
1960-1969	45	0.00520	0.00518	0.5	91919	476	91680	2471958	26.89
1960-1969	46	0.00571	0.00569	0.5	91442	520	91182	2380278	26.03
1960-1969	47	0.00645	0.00643	0.5	90922	585	90629	2289096	25.18
1960-1969	48	0.00704	0.00702	0.5	90337	634	90020	2198466	24.34
1960-1969	49	0.00787	0.00784	0.5	89703	703	89352	2108446	23.50
1960-1969	50	0.00894	0.00890	0.5	89000	792	88604	2019095	22.69
1960-1969	51	0.00954	0.00949	0.5	88208	837	87789	1930491	21.89
1960-1969	52	0.01159	0.01153	0.5	87371	1007	86867	1842701	21.09
1960-1969	53	0.01288	0.01279	0.5	86363	1105	85811	1755834	20.33
1960-1969	54	0.01372	0.01363	0.5	85258	1162	84678	1670024	19.59
1960-1969	55	0.01489	0.01478	0.5	84097	1243	83475	1585346	18.85
1960-1969	56	0.01593	0.01581	0.5	82854	1310	82199	1501870	18.13
1960-1969	57	0.01982	0.01963	0.5	81544	1601	80744	1419671	17.41
1960-1969	58	0.02041	0.02020	0.5	79944	1615	79136	1338927	16.75
1960-1969	59	0.02287	0.02262	0.5	78329	1771	77443	1259791	16.08
1960-1969	60	0.02475	0.02444	0.5	76557	1871	75622	1182347	15.44
1960-1969	61	0.02544	0.02512	0.5	74686	1876	73748	1106726	14.82
1960-1969	62	0.03086	0.03039	0.5	72810	2213	71704	1032978	14.19
1960-1969	63	0.03147	0.03099	0.5	70597	2188	69503	961274	13.62
1960-1969	64	0.03620	0.03556	0.5	68410	2432	67194	891770	13.04
1960-1969	65	0.03754	0.03685	0.5	65977	2431	64762	824577	12.50
1960-1969	66	0.04133	0.04049	0.5	63546	2573	62260	759815	11.96
1960-1969	67	0.04500	0.04401	0.5	60973	2683	59632	697555	11.44
1960-1969	68	0.04783	0.04671	0.5	58290	2723	56928	637924	10.94
1960-1969	69	0.04963	0.04843	0.5	55567	2691	54221	580995	10.46
1960-1969	70	0.05571	0.05420	0.5	52876	2866	51443	526774	9.96
1960-1969	71	0.05848	0.05682	0.5	50010	2841	48589	475331	9.50
1960-1969	72	0.06927	0.06695	0.5	47169	3158	45590	426741	9.05
1960-1969	73	0.06717	0.06499	0.5	44011	2860	42581	381152	8.66
1960-1969	74	0.07322	0.07063	0.5	41151	2907	39697	338571	8.23
1960-1969	75	0.08190	0.07868	0.5	38244	3009	36740	298873	7.81
1960-1969	76	0.08437	0.08095	0.5	35235	2852	33809	262134	7.44
1960-1969	77	0.08880	0.08502	0.5	32383	2753	31006	228325	7.05
1960-1969	78	0.09581	0.09143	0.5	29629	2709	28275	197319	6.66
1960-1969	79	0.10378	0.09866	0.5	26920	2656	25592	169044	6.28
1960-1969	80	0.11382	0.10769	0.5	24264	2613	22958	143451	5.91
1960-1969	81	0.12549	0.11808	0.5	21651	2557	20373	120494	5.57
1960-1969	82	0.13669	0.12794	0.5	19095	2443	17873	100121	5.24
1960-1969	83	0.14871	0.13841	0.5	16652	2305	15499	82248	4.94
1960-1969	84	0.16159	0.14951	0.5	14347	2145	13274	66749	4.65
1960-1969	85	0.17535	0.16122	0.5	12202	1967	11218	53474	4.38
1960-1969	86	0.19002	0.17353	0.5	10235	1776	9347	42256	4.13
1960-1969	87	0.20561	0.18645	0.5	8459	1577	7670	32909	3.89
1960-1969	88	0.22214	0.19993	0.5	6882	1376	6194	25239	3.67
1960-1969	89	0.23959	0.21396	0.5	5506	1178	4917	19046	3.46
1960-1969	90	0.25795	0.22848	0.5	4328	989	3833	14129	3.26
1960-1969	91	0.27721	0.24346	0.5	3339	813	2932	10296	3.08
1960-1969	92	0.29733	0.25885	0.5	2526	654	2199	7363	2.91
1960-1969	93	0.31827	0.27458	0.5	1872	514	1615	5164	2.76
1960-1969	94	0.33997	0.29058	0.5	1358	395	1161	3549	2.61
1960-1969	95	0.36236	0.30678	0.5	963	296	816	2388	2.48
1960-1969	96	0.38537	0.32311	0.5	668	216	560	1572	2.35
1960-1969	97	0.40890	0.33949	0.5	452	153	375	1012	2.24
1960-1969	98	0.43286	0.35584	0.5	299	106	245	637	2.13
1960-1969	99	0.45713	0.37209	0.5	192	72	157	392	2.04
1960-1969	100	0.48161	0.38814	0.5	121	47	97	235	1.95
1960-1969	101	0.50618	0.40394	0.5	74	30	59	138	1.86
1960-1969	102	0.53072	0.41942	0.5	44	18	35	79	1.79
1960-1969	103	0.55511	0.43451	0.5	26	11	20	44	1.72
1960-1969	104	0.57923	0.44915	0.5	14	6	11	24	1.66
1960-1969	105	0.60299	0.46331	0.5	8	4	6	13	1.60
1960-1969	106	0.62627	0.47693	0.5	4	2	3	7	1.55
1960-1969	107	0.64898	0.48998	0.5	2	1	2	3	1.50
1960-1969	108	0.67103	0.50245	0.5	1	1	1	2	1.46
1960-1969	109	0.69236	0.51431	0.5	1	0	0	1	1.42
1960-1969	110+	0.71289	1.00000	1.4	0	0	0	0	1.40
1970-1979	0	0.01843	0.01813	0.09	100000	1813	98359	6952759	69.53
1970-1979	1	0.00067	0.00067	0.5	98187	66	98154	6854400	69.81
1970-1979	2	0.00076	0.00076	0.5	98121	75	98084	6756246	68.86
1970-1979	3	0.00051	0.00051	0.5	98047	50	98022	6658162	67.91
1970-1979	4	0.00048	0.00048	0.5	97997	47	97974	6560140	66.94
1970-1979	5	0.00050	0.00050	0.5	97950	49	97926	6462166	65.97
1970-1979	6	0.00031	0.00031	0.5	97902	30	97887	6364240	65.01
1970-1979	7	0.00027	0.00027	0.5	97872	27	97859	6266353	64.03
1970-1979	8	0.00031	0.00031	0.5	97845	31	97830	6168495	63.04
1970-1979	9	0.00036	0.00036	0.5	97815	35	97797	6070665	62.06
1970-1979	10	0.00035	0.00035	0.5	97780	34	97763	5972868	61.08
1970-1979	11	0.00030	0.00030	0.5	97746	30	97731	5875105	60.11
1970-1979	12	0.00021	0.00021	0.5	97716	20	97706	5777374	59.12
1970-1979	13	0.00034	0.00034	0.5	97696	33	97680	5679667	58.14
1970-1979	14	0.00038	0.00038	0.5	97663	37	97645	5581987	57.16
1970-1979	15	0.00075	0.00075	0.5	97626	73	97590	5484342	56.18
1970-1979	16	0.00092	0.00092	0.5	97553	89	97508	5386753	55.22
1970-1979	17	0.00106	0.00106	0.5	97464	103	97412	5289244	54.27
1970-1979	18	0.00137	0.00137	0.5	97360	133	97294	5191832	53.33
1970-1979	19	0.00141	0.00141	0.5	97227	137	97159	5094538	52.40
1970-1979	20	0.00119	0.00119	0.5	97090	116	97032	4997380	51.47
1970-1979	21	0.00130	0.00130	0.5	96974	126	96911	4900347	50.53
1970-1979	22	0.00102	0.00102	0.5	96848	99	96799	4803436	49.60
1970-1979	23	0.00107	0.00107	0.5	96749	104	96697	4706637	48.65
1970-1979	24	0.00141	0.00140	0.5	96645	136	96578	4609940	47.70
1970-1979	25	0.00154	0.00154	0.5	96510	148	96436	4513362	46.77
1970-1979	26	0.00119	0.00119	0.5	96362	115	96304	4416926	45.84
1970-1979	27	0.00132	0.00132	0.5	96246	127	96183	4320622	44.89
1970-1979	28	0.00123	0.00123	0.5	96120	118	96061	4224439	43.95
1970-1979	29	0.00131	0.00131	0.5	96002	126	95939	4128379	43.00
1970-1979	30	0.00162	0.00162	0.5	95876	155	95798	4032440	42.06
1970-1979	31	0.00140	0.00140	0.5	95721	134	95654	3936642	41.13
1970-1979	32	0.00149	0.00149	0.5	95587	142	95516	3840988	40.18
1970-1979	33	0.00160	0.00160	0.5	95445	152	95368	3745473	39.24
1970-1979	34	0.00169	0.00169	0.5	95292	161	95212	3650104	38.30
1970-1979	35	0.00196	0.00196	0.5	95131	186	95038	3554892	37.37
1970-1979	36	0.00209	0.00209	0.5	94945	198	94846	3459854	36.44
1970-1979	37	0.00227	0.00226	0.5	94747	215	94639	3365009	35.52
1970-1979	38	0.00192	0.00192	0.5	94532	182	94441	3270369	34.60
1970-1979	39	0.00281	0.00281	0.5	94351	265	94218	3175928	33.66
1970-1979	40	0.00278	0.00277	0.5	94086	261	93955	3081710	32.75
1970-1979	41	0.00355	0.00354	0.5	93825	332	93659	2987754	31.84
1970-1979	42	0.00353	0.00352	0.5	93493	329	93328	2894095	30.96
1970-1979	43	0.00401	0.00400	0.5	93164	372	92977	2800767	30.06
1970-1979	44	0.00472	0.00471	0.5	92791	437	92573	2707789	29.18
1970-1979	45	0.00423	0.00422	0.5	92354	390	92159	2615217	28.32
1970-1979	46	0.00571	0.00570	0.5	91964	524	91703	2523057	27.44
1970-1979	47	0.00614	0.00612	0.5	91441	559	91161	2431355	26.59
1970-1979	48	0.00700	0.00697	0.5	90881	634	90564	2340194	25.75
1970-1979	49	0.00695	0.00693	0.5	90248	625	89935	2249629	24.93
1970-1979	50	0.00862	0.00858	0.5	89622	769	89238	2159694	24.10
1970-1979	51	0.00947	0.00943	0.5	88854	838	88435	2070456	23.30
1970-1979	52	0.00998	0.00993	0.5	88016	874	87579	1982021	22.52
1970-1979	53	0.01057	0.01051	0.5	87141	916	86683	1894443	21.74
1970-1979	54	0.01175	0.01168	0.5	86225	1007	85722	1807760	20.97
1970-1979	55	0.01282	0.01274	0.5	85218	1086	84675	1722038	20.21
1970-1979	56	0.01347	0.01338	0.5	84132	1125	83570	1637363	19.46
1970-1979	57	0.01493	0.01482	0.5	83007	1230	82392	1553793	18.72
1970-1979	58	0.01661	0.01648	0.5	81777	1347	81104	1471401	17.99
1970-1979	59	0.01928	0.01910	0.5	80430	1536	79662	1390298	17.29
1970-1979	60	0.02013	0.01993	0.5	78894	1572	78108	1310636	16.61
1970-1979	61	0.02145	0.02122	0.5	77322	1641	76501	1232528	15.94
1970-1979	62	0.02545	0.02513	0.5	75681	1902	74730	1156026	15.27
1970-1979	63	0.02583	0.02550	0.5	73779	1881	72839	1081296	14.66
1970-1979	64	0.03081	0.03034	0.5	71898	2181	70807	1008458	14.03
1970-1979	65	0.03270	0.03217	0.5	69717	2243	68595	937650	13.45
1970-1979	66	0.03572	0.03509	0.5	67474	2368	66290	869055	12.88
1970-1979	67	0.03661	0.03595	0.5	65106	2341	63936	802765	12.33
1970-1979	68	0.04129	0.04046	0.5	62765	2539	61495	738830	11.77
1970-1979	69	0.04588	0.04485	0.5	60226	2701	58875	677334	11.25
1970-1979	70	0.04587	0.04484	0.5	57525	2580	56235	618459	10.75
1970-1979	71	0.05330	0.05192	0.5	54945	2853	53519	562224	10.23
1970-1979	72	0.05493	0.05346	0.5	52092	2785	50700	508705	9.77
1970-1979	73	0.06122	0.05940	0.5	49308	2929	47843	458005	9.29
1970-1979	74	0.06386	0.06189	0.5	46379	2870	44944	410162	8.84
1970-1979	75	0.07077	0.06835	0.5	43509	2974	42022	365218	8.39
1970-1979	76	0.07494	0.07223	0.5	40535	2928	39071	323196	7.97
1970-1979	77	0.08188	0.07866	0.5	37607	2958	36128	284125	7.56
1970-1979	78	0.09054	0.08661	0.5	34649	3001	33148	247997	7.16
1970-1979	79	0.09911	0.09443	0.5	31648	2989	30153	214849	6.79
1970-1979	80	0.10316	0.09810	0.5	28659	2811	27253	184695	6.44
1970-1979	81	0.11574	0.10941	0.5	25848	2828	24434	157442	6.09
1970-1979	82	0.12187	0.11487	0.5	23020	2644	21698	133008	5.78
1970-1979	83	0.13197	0.12380	0.5	20376	2523	19114	111310	5.46
1970-1979	84	0.14277	0.13326	0.5	17853	2379	16664	92196	5.16
1970-1979	85	0.15431	0.14325	0.5	15474	2217	14366	75532	4.88
1970-1979	86	0.16659	0.15378	0.5	13257	2039	12238	61167	4.61
1970-1979	87	0.17964	0.16483	0.5	11219	1849	10294	48929	4.36
1970-1979	88	0.19348	0.17641	0.5	9369	1653	8543	38635	4.12
1970-1979	89	0.20811	0.18850	0.5	7717	1455	6989	30092	3.90
1970-1979	90	0.22354	0.20107	0.5	6262	1259	5632	23103	3.69
1970-1979	91	0.23977	0.21410	0.5	5003	1071	4467	17470	3.49
1970-1979	92	0.25679	0.22757	0.5	3932	895	3484	13003	3.31
1970-1979	93	0.27458	0.24144	0.5	3037	733	2670	9518	3.13
1970-1979	94	0.29312	0.25565	0.5	2304	589	2009	6848	2.97
1970-1979	95	0.31237	0.27017	0.5	1715	463	1483	4839	2.82
1970-1979	96	0.33229	0.28495	0.5	1252	357	1073	3356	2.68
1970-1979	97	0.35283	0.29992	0.5	895	268	761	2282	2.55
1970-1979	98	0.37392	0.31503	0.5	627	197	528	1522	2.43
1970-1979	99	0.39551	0.33021	0.5	429	142	358	994	2.32
1970-1979	100	0.41751	0.34541	0.5	287	99	238	636	2.21
1970-1979	101	0.43985	0.36055	0.5	188	68	154	398	2.11
1970-1979	102	0.46243	0.37559	0.5	120	45	98	244	2.02
1970-1979	103	0.48517	0.39045	0.5	75	29	60	146	1.94
1970-1979	104	0.50797	0.40508	0.5	46	19	37	85	1.87
1970-1979	105	0.53073	0.41943	0.5	27	11	22	49	1.80
1970-1979	106	0.55337	0.43344	0.5	16	7	12	27	1.73
1970-1979	107	0.57579	0.44708	0.5	9	4	7	15	1.68
1970-1979	108	0.59790	0.46030	0.5	5	2	4	8	1.63
1970-1979	109	0.61962	0.47306	0.5	3	1	2	4	1.59
1970-1979	110+	0.64087	1.00000	1.56	1	1	2	2	1.56
1980-1989	0	0.01101	0.01090	0.07	100000	1090	98992	7189444	71.89
1980-1989	1	0.00041	0.00041	0.5	98910	41	98890	7090453	71.69
1980-1989	2	0.00048	0.00048	0.5	98870	48	98846	6991563	70.71
1980-1989	3	0.00042	0.00042	0.5	98822	41	98801	6892717	69.75
1980-1989	4	0.00024	0.00024	0.5	98781	24	98769	6793916	68.78
1980-1989	5	0.00025	0.00025	0.5	98757	24	98745	6695147	67.79
1980-1989	6	0.00025	0.00025	0.5	98732	24	98720	6596403	66.81
1980-1989	7	0.00020	0.00020	0.5	98708	20	98698	6497682	65.83
1980-1989	8	0.00013	0.00013	0.5	98689	13	98682	6398984	64.84
1980-1989	9	0.00026	0.00026	0.5	98675	25	98663	6300302	63.85
1980-1989	10	0.00027	0.00027	0.5	98650	26	98637	6201639	62.87
1980-1989	11	0.00035	0.00035	0.5	98624	34	98607	6103002	61.88
1980-1989	12	0.00017	0.00017	0.5	98590	17	98581	6004396	60.90
1980-1989	13	0.00035	0.00034	0.5	98573	34	98556	5905815	59.91
1980-1989	14	0.00029	0.00029	0.5	98539	28	98525	5807259	58.93
1980-1989	15	0.00043	0.00043	0.5	98511	42	98489	5708734	57.95
1980-1989	16	0.00067	0.00066	0.5	98468	65	98436	5610245	56.98
1980-1989	17	0.00078	0.00078	0.5	98403	77	98364	5511809	56.01
1980-1989	18	0.00103	0.00103	0.5	98326	101	98276	5413444	55.06
1980-1989	19	0.00103	0.00103	0.5	98225	101	98175	5315169	54.11
1980-1989	20	0.00125	0.00125	0.5	98124	123	98063	5216994	53.17
1980-1989	21	0.00132	0.00132	0.5	98001	129	97937	5118932	52.23
1980-1989	22	0.00120	0.00120	0.5	97872	118	97813	5020995	51.30
1980-1989	23	0.00131	0.00130	0.5	97754	128	97690	4923182	50.36
1980-1989	24	0.00113	0.00113	0.5	97627	111	97571	4825492	49.43
1980-1989	25	0.00130	0.00130	0.5	97516	127	97452	4727920	48.48
1980-1989	26	0.00130	0.00130	0.5	97389	127	97325	4630468	47.55
1980-1989	27	0.00141	0.00141	0.5	97262	137	97193	4533143	46.61
1980-1989	28	0.00140	0.00139	0.5	97124	135	97057	4435949	45.67
1980-1989	29	0.00129	0.00128	0.5	96989	125	96927	4338893	44.74
1980-1989	30	0.00148	0.00148	0.5	96864	144	96793	4241966	43.79
1980-1989	31	0.00162	0.00162	0.5	96721	157	96643	4145173	42.86
1980-1989	32	0.00170	0.00170	0.5	96564	164	96482	4048531	41.93
1980-1989	33	0.00180	0.00180	0.5	96400	173	96313	3952049	41.00
1980-1989	34	0.00172	0.00171	0.5	96227	165	96144	3855736	40.07
1980-1989	35	0.00170	0.00170	0.5	96062	164	95980	3759591	39.14
1980-1989	36	0.00167	0.00167	0.5	95898	160	95818	3663611	38.20
1980-1989	37	0.00220	0.00220	0.5	95738	210	95633	3567793	37.27
1980-1989	38	0.00204	0.00204	0.5	95528	195	95431	3472160	36.35
1980-1989	39	0.00173	0.00173	0.5	95333	165	95251	3376730	35.42
1980-1989	40	0.00214	0.00213	0.5	95168	203	95066	3281479	34.48
1980-1989	41	0.00275	0.00275	0.5	94965	261	94834	3186413	33.55
1980-1989	42	0.00282	0.00281	0.5	94704	266	94571	3091578	32.64
1980-1989	43	0.00281	0.00281	0.5	94437	265	94305	2997008	31.74
1980-1989	44	0.00335	0.00334	0.5	94172	315	94015	2902703	30.82
1980-1989	45	0.00363	0.00363	0.5	93858	340	93687	2808688	29.93
1980-1989	46	0.00367	0.00367	0.5	93517	343	93346	2715001	29.03
1980-1989	47	0.00483	0.00482	0.5	93174	449	92950	2621655	28.14
1980-1989	48	0.00591	0.00589	0.5	92725	546	92452	2528705	27.27
1980-1989	49	0.00544	0.00543	0.5	92179	500	91929	2436253	26.43
1980-1989	50	0.00643	0.00641	0.5	91678	588	91385	2344324	25.57
1980-1989	51	0.00762	0.00760	0.5	91091	692	90745	2252940	24.73
1980-1989	52	0.00780	0.00777	0.5	90399	702	90048	2162195	23.92
1980-1989	53	0.00876	0.00873	0.5	89697	783	89305	2072148	23.10
1980-1989	54	0.01030	0.01024	0.5	88914	911	88459	1982842	22.30
1980-1989	55	0.01087	0.01081	0.5	88003	951	87528	1894384	21.53
1980-1989	56	0.01238	0.01230	0.5	87052	1071	86516	1806856	20.76
1980-1989	57	0.01198	0.01191	0.5	85981	1024	85469	1720340	20.01
1980-1989	58	0.01390	0.01381	0.5	84957	1173	84370	1634871	19.24
1980-1989	59	0.01609	0.01596	0.5	83784	1337	83115	1550501	18.51
1980-1989	60	0.01746	0.01731	0.5	82447	1427	81733	1467386	17.80
1980-1989	61	0.01899	0.01881	0.5	81020	1524	80258	1385652	17.10
1980-1989	62	0.02089	0.02067	0.5	79496	1643	78674	1305395	16.42
1980-1989	63	0.02287	0.02261	0.5	77852	1760	76972	1226721	15.76
1980-1989	64	0.02368	0.02341	0.5	76092	1781	75201	1149749	15.11
1980-1989	65	0.02462	0.02432	0.5	74311	1808	73407	1074547	14.46
1980-1989	66	0.02739	0.02702	0.5	72503	1959	71524	1001140	13.81
1980-1989	67	0.03179	0.03129	0.5	70544	2207	69440	929617	13.18
1980-1989	68	0.03322	0.03267	0.5	68337	2233	67220	860176	12.59
1980-1989	69	0.03601	0.03537	0.5	66104	2338	64935	792956	12.00
1980-1989	70	0.04176	0.04091	0.5	63765	2608	62461	728021	11.42
1980-1989	71	0.04380	0.04286	0.5	61157	2621	59846	665560	10.88
1980-1989	72	0.04900	0.04783	0.5	58536	2799	57136	605714	10.35
1980-1989	73	0.05288	0.05152	0.5	55736	2871	54300	548578	9.84
1980-1989	74	0.05799	0.05635	0.5	52865	2979	51375	494278	9.35
1980-1989	75	0.06126	0.05944	0.5	49886	2965	48403	442902	8.88
1980-1989	76	0.06659	0.06444	0.5	46920	3024	45408	394499	8.41
1980-1989	77	0.07734	0.07446	0.5	43897	3269	42262	349091	7.95
1980-1989	78	0.08112	0.07796	0.5	40628	3167	39044	306828	7.55
1980-1989	79	0.08659	0.08300	0.5	37461	3109	35906	267784	7.15
1980-1989	80	0.09483	0.09054	0.5	34352	3110	32796	231878	6.75
1980-1989	81	0.10346	0.09837	0.5	31241	3073	29705	199082	6.37
1980-1989	82	0.11277	0.10675	0.5	28168	3007	26665	169377	6.01
1980-1989	83	0.12280	0.11570	0.5	25161	2911	23706	142712	5.67
1980-1989	84	0.13360	0.12523	0.5	22250	2786	20857	119006	5.35
1980-1989	85	0.14518	0.13535	0.5	19464	2635	18147	98149	5.04
1980-1989	86	0.15759	0.14608	0.5	16829	2458	15600	80003	4.75
1980-1989	87	0.17084	0.15740	0.5	14371	2262	13240	64402	4.48
1980-1989	88	0.18497	0.16931	0.5	12109	2050	11084	51162	4.23
1980-1989	89	0.19998	0.18180	0.5	10059	1829	9145	40079	3.98
1980-1989	90	0.21588	0.19485	0.5	8230	1604	7428	30934	3.76
1980-1989	91	0.23269	0.20844	0.5	6626	1381	5936	23506	3.55
1980-1989	92	0.25038	0.22252	0.5	5245	1167	4662	17570	3.35
1980-1989	93	0.26895	0.23707	0.5	4078	967	3595	12908	3.17
1980-1989	94	0.28837	0.25203	0.5	3111	784	2719	9313	2.99
1980-1989	95	0.30859	0.26734	0.5	2327	622	2016	6594	2.83
1980-1989	96	0.32958	0.28295	0.5	1705	482	1464	4578	2.69
1980-1989	97	0.35127	0.29879	0.5	1223	365	1040	3114	2.55
1980-1989	98	0.37359	0.31479	0.5	857	270	722	2074	2.42
1980-1989	99	0.39646	0.33087	0.5	587	194	490	1352	2.30
1980-1989	100	0.41980	0.34697	0.5	393	136	325	862	2.19
1980-1989	101	0.44350	0.36300	0.5	257	93	210	537	2.09
1980-1989	102	0.46746	0.37890	0.5	164	62	133	327	2.00
1980-1989	103	0.49157	0.39458	0.5	102	40	82	194	1.91
1980-1989	104	0.51572	0.40999	0.5	61	25	49	113	1.84
1980-1989	105	0.53979	0.42507	0.5	36	15	29	64	1.76
1980-1989	106	0.56368	0.43974	0.5	21	9	16	35	1.70
1980-1989	107	0.58728	0.45398	0.5	12	5	9	19	1.64
1980-1989	108	0.61049	0.46772	0.5	6	3	5	10	1.59
1980-1989	109	0.63320	0.48094	0.5	3	2	3	5	1.55
1980-1989	110+	0.65534	1.00000	1.53	2	2	3	3	1.53
1990-1999	0	0.00787	0.00782	0.07	100000	782	99270	7414294	74.14
1990-1999	1	0.00053	0.00053	0.5	99218	52	99192	7315024	73.73
1990-1999	2	0.00037	0.00037	0.5	99166	37	99148	7215831	72.77
1990-1999	3	0.00019	0.00019	0.5	99130	18	99120	7116684	71.79
1990-1999	4	0.00021	0.00021	0.5	99111	21	99101	7017563	70.80
1990-1999	5	0.00020	0.00020	0.5	99090	19	99081	6918463	69.82
1990-1999	6	0.00013	0.00013	0.5	99071	13	99065	6819382	68.83
1990-1999	7	0.00014	0.00014	0.5	99058	14	99051	6720317	67.84
1990-1999	8	0.00021	0.00021	0.5	99044	20	99034	6621266	66.85
1990-1999	9	0.00019	0.00019	0.5	99024	19	99014	6522232	65.87
1990-1999	10	0.00013	0.00013	0.5	99005	13	98999	6423218	64.88
1990-1999	11	0.00026	0.00026	0.5	98992	25	98979	6324219	63.89
1990-1999	12	0.00020	0.00020	0.5	98967	20	98957	6225240	62.90
1990-1999	13	0.00022	0.00022	0.5	98947	21	98936	6126283	61.91
1990-1999	14	0.00033	0.00033	0.5	98926	33	98909	6027347	60.93
1990-1999	15	0.00025	0.00025	0.5	98893	25	98881	5928437	59.95
1990-1999	16	0.00050	0.00050	0.5	98868	50	98843	5829557	58.96
1990-1999	17	0.00081	0.00081	0.5	98819	80	98778	5730713	57.99
1990-1999	18	0.00094	0.00094	0.5	98738	92	98692	5631935	57.04
1990-1999	19	0.00068	0.00068	0.5	98646	67	98612	5533243	56.09
1990-1999	20	0.00092	0.00092	0.5	98579	91	98534	5434630	55.13
1990-1999	21	0.00090	0.00090	0.5	98488	88	98444	5336097	54.18
1990-1999	22	0.00109	0.00109	0.5	98400	107	98346	5237653	53.23
1990-1999	23	0.00104	0.00104	0.5	98293	102	98241	5139307	52.29
1990-1999	24	0.00106	0.00106	0.5	98190	104	98138	5041065	51.34
1990-1999	25	0.00087	0.00087	0.5	98086	85	98043	4942927	50.39
1990-1999	26	0.00100	0.00100	0.5	98001	98	97952	4844884	49.44
1990-1999	27	0.00102	0.00102	0.5	97902	100	97853	4746933	48.49
1990-1999	28	0.00127	0.00127	0.5	97803	124	97741	4649080	47.54
1990-1999	29	0.00124	0.00124	0.5	97679	122	97618	4551339	46.59
1990-1999	30	0.00109	0.00109	0.5	97557	106	97504	4453721	45.65
1990-1999	31	0.00170	0.00170	0.5	97451	166	97368	4356217	44.70
1990-1999	32	0.00154	0.00154	0.5	97285	150	97211	4258849	43.78
1990-1999	33	0.00147	0.00147	0.5	97136	143	97065	4161638	42.84
1990-1999	34	0.00168	0.00168	0.5	96993	163	96912	4064573	41.91
1990-1999	35	0.00203	0.00203	0.5	96830	197	96732	3967662	40.98
1990-1999	36	0.00195	0.00195	0.5	96633	188	96539	3870930	40.06
1990-1999	37	0.00212	0.00211	0.5	96445	204	96343	3774391	39.14
1990-1999	38	0.00221	0.00221	0.5	96241	213	96135	3678048	38.22
1990-1999	39	0.00221	0.00221	0.5	96029	212	95922	3581913	37.30
1990-1999	40	0.00256	0.00255	0.5	95816	245	95694	3485991	36.38
1990-1999	41	0.00284	0.00284	0.5	95572	271	95436	3390297	35.47
1990-1999	42	0.00277	0.00276	0.5	95300	263	95169	3294861	34.57
1990-1999	43	0.00301	0.00300	0.5	95037	285	94894	3199692	33.67
1990-1999	44	0.00333	0.00332	0.5	94752	315	94594	3104798	32.77
1990-1999	45	0.00346	0.00346	0.5	94437	326	94274	3010204	31.88
1990-1999	46	0.00368	0.00367	0.5	94110	346	93938	2915930	30.98
1990-1999	47	0.00415	0.00414	0.5	93765	388	93571	2821993	30.10
1990-1999	48	0.00458	0.00457	0.5	93377	426	93164	2728422	29.22
1990-1999	49	0.00429	0.00428	0.5	92950	398	92751	2635258	28.35
1990-1999	50	0.00536	0.00534	0.5	92552	494	92305	2542507	27.47
1990-1999	51	0.00529	0.00527	0.5	92058	485	91815	2450202	26.62
1990-1999	52	0.00592	0.00591	0.5	91572	541	91302	2358387	25.75
1990-1999	53	0.00649	0.00647	0.5	91032	589	90737	2267085	24.90
1990-1999	54	0.00720	0.00717	0.5	90443	648	90118	2176348	24.06
1990-1999	55	0.00722	0.00719	0.5	89794	646	89471	2086229	23.23
1990-1999	56	0.00913	0.00909	0.5	89148	810	88743	1996758	22.40
1990-1999	57	0.00922	0.00918	0.5	88338	811	87932	1908015	21.60
1990-1999	58	0.01125	0.01119	0.5	87527	979	87037	1820083	20.79
1990-1999	59	0.01196	0.01189	0.5	86547	1029	86033	1733046	20.02
1990-1999	60	0.01338	0.01329	0.5	85519	1136	84950	1647013	19.26
1990-1999	61	0.01610	0.01597	0.5	84382	1347	83708	1562062	18.51
1990-1999	62	0.01594	0.01582	0.5	83035	1313	82378	1478354	17.80
1990-1999	63	0.01728	0.01713	0.5	81721	1400	81021	1395976	17.08
1990-1999	64	0.01946	0.01927	0.5	80321	1548	79547	1314954	16.37
1990-1999	65	0.02144	0.02121	0.5	78773	1671	77938	1235407	15.68
1990-1999	66	0.02335	0.02308	0.5	77103	1780	76213	1157469	15.01
1990-1999	67	0.02534	0.02503	0.5	75323	1885	74381	1081256	14.35
1990-1999	68	0.02892	0.02851	0.5	73438	2094	72391	1006875	13.71
1990-1999	69	0.02997	0.02953	0.5	71344	2107	70291	934484	13.10
1990-1999	70	0.03284	0.03231	0.5	69238	2237	68119	864193	12.48
1990-1999	71	0.03462	0.03403	0.5	67000	2280	65860	796074	11.88
1990-1999	72	0.04020	0.03941	0.5	64720	2550	63445	730214	11.28
1990-1999	73	0.04231	0.04144	0.5	62170	2576	60882	666769	10.72
1990-1999	74	0.04768	0.04657	0.5	59594	2775	58206	605887	10.17
1990-1999	75	0.04949	0.04829	0.5	56818	2744	55446	547682	9.64
1990-1999	76	0.05771	0.05609	0.5	54075	3033	52558	492235	9.10
1990-1999	77	0.06036	0.05859	0.5	51041	2991	49546	439677	8.61
1990-1999	78	0.06556	0.06348	0.5	48051	3050	46526	390131	8.12
1990-1999	79	0.07067	0.06825	0.5	45000	3071	43465	343606	7.64
1990-1999	80	0.08081	0.07767	0.5	41929	3257	40301	300141	7.16
1990-1999	81	0.09421	0.08997	0.5	38672	3479	36933	259840	6.72
1990-1999	82	0.10050	0.09569	0.5	35193	3368	33509	222908	6.33
1990-1999	83	0.11052	0.10473	0.5	31826	3333	30159	189398	5.95
1990-1999	84	0.12140	0.11446	0.5	28492	3261	26862	159239	5.59
1990-1999	85	0.13320	0.12488	0.5	25231	3151	23656	132378	5.25
1990-1999	86	0.14596	0.13603	0.5	22080	3004	20578	108722	4.92
1990-1999	87	0.15971	0.14790	0.5	19077	2821	17666	88143	4.62
1990-1999	88	0.17449	0.16049	0.5	16255	2609	14951	70477	4.34
1990-1999	89	0.19033	0.17379	0.5	13647	2372	12461	55526	4.07
1990-1999	90	0.20724	0.18778	0.5	11275	2117	10216	43066	3.82
1990-1999	91	0.22525	0.20245	0.5	9158	1854	8231	32849	3.59
1990-1999	92	0.24433	0.21773	0.5	7304	1590	6509	24619	3.37
1990-1999	93	0.26448	0.23359	0.5	5714	1335	5046	18110	3.17
1990-1999	94	0.28566	0.24996	0.5	4379	1095	3832	13064	2.98
1990-1999	95	0.30783	0.26677	0.5	3284	876	2846	9232	2.81
1990-1999	96	0.33092	0.28394	0.5	2408	684	2066	6386	2.65
1990-1999	97	0.35485	0.30138	0.5	1724	520	1465	4320	2.50
1990-1999	98	0.37954	0.31900	0.5	1205	384	1013	2855	2.37
1990-1999	99	0.40486	0.33670	0.5	820	276	682	1842	2.25
1990-1999	100	0.43070	0.35438	0.5	544	193	448	1160	2.13
1990-1999	101	0.45693	0.37195	0.5	351	131	286	712	2.03
1990-1999	102	0.48339	0.38930	0.5	221	86	178	426	1.93
1990-1999	103	0.50995	0.40634	0.5	135	55	107	249	1.85
1990-1999	104	0.53645	0.42299	0.5	80	34	63	141	1.77
1990-1999	105	0.56275	0.43918	0.5	46	20	36	78	1.69
1990-1999	106	0.58870	0.45482	0.5	26	12	20	42	1.63
1990-1999	107	0.61416	0.46987	0.5	14	7	11	22	1.57
1990-1999	108	0.63902	0.48429	0.5	7	4	6	11	1.52
1990-1999	109	0.66315	0.49802	0.5	4	2	3	6	1.48
1990-1999	110+	0.68646	1.00000	1.46	2	2	3	3	1.46
2000-2009	0	0.00719	0.00714	0.06	100000	714	99332	7594023	75.94
2000-2009	1	0.00027	0.00027	0.5	99286	27	99272	7494691	75.49
2000-2009	2	0.00032	0.00032	0.5	99259	32	99243	7395419	74.51
2000-2009	3	0.00016	0.00016	0.5	99227	16	99219	7296176	73.53
2000-2009	4	0.00012	0.00012	0.5	99211	12	99205	7196957	72.54
2000-2009	5	0.00009	0.00009	0.5	99199	9	99195	7097751	71.55
2000-2009	6	0.00017	0.00017	0.5	99190	17	99182	6998557	70.56
2000-2009	7	0.00012	0.00012	0.5	99174	12	99168	6899375	69.57
2000-2009	8	0.00019	0.00019	0.5	99162	19	99152	6800208	68.58
2000-2009	9	0.00013	0.00013	0.5	99143	13	99136	6701055	67.59
2000-2009	10	0.00020	0.00020	0.5	99130	20	99120	6601919	66.60
2000-2009	11	0.00006	0.00006	0.5	99110	5	99107	6502799	65.61
2000-2009	12	0.00013	0.00013	0.5	99105	12	99098	6403692	64.62
2000-2009	13	0.00009	0.00009	0.5	99092	9	99088	6304593	63.62
2000-2009	14	0.00023	0.00023	0.5	99083	23	99071	6205506	62.63
2000-2009	15	0.00030	0.00030	0.5	99060	30	99045	6106434	61.64
2000-2009	16	0.00048	0.00048	0.5	99030	48	99006	6007389	60.66
2000-2009	17	0.00077	0.00077	0.5	98982	76	98944	5908383	59.69
2000-2009	18	0.00065	0.00065	0.5	98906	65	98874	5809439	58.74
2000-2009	19	0.00076	0.00076	0.5	98842	76	98804	5710565	57.77
2000-2009	20	0.00071	0.00071	0.5	98766	70	98731	5611761	56.82
2000-2009	21	0.00086	0.00086	0.5	98696	85	98654	5513029	55.86
2000-2009	22	0.00096	0.00096	0.5	98612	95	98564	5414376	54.91
2000-2009	23	0.00124	0.00124	0.5	98516	123	98455	5315812	53.96
2000-2009	24	0.00111	0.00111	0.5	98394	109	98339	5217356	53.03
2000-2009	25	0.00107	0.00107	0.5	98285	105	98232	5119017	52.08
2000-2009	26	0.00097	0.00097	0.5	98180	95	98132	5020785	51.14
2000-2009	27	0.00102	0.00102	0.5	98085	100	98035	4922653	50.19
2000-2009	28	0.00108	0.00108	0.5	97985	106	97931	4824618	49.24
2000-2009	29	0.00115	0.00115	0.5	97878	113	97822	4726686	48.29
2000-2009	30	0.00094	0.00093	0.5	97765	91	97720	4628865	47.35
2000-2009	31	0.00116	0.00116	0.5	97674	113	97617	4531145	46.39
2000-2009	32	0.00134	0.00134	0.5	97561	130	97496	4433527	45.44
2000-2009	33	0.00109	0.00109	0.5	97431	106	97377	4336032	44.50
2000-2009	34	0.00139	0.00139	0.5	97324	135	97257	4238654	43.55
2000-2009	35	0.00151	0.00151	0.5	97189	147	97116	4141397	42.61
2000-2009	36	0.00160	0.00160	0.5	97042	155	96965	4044282	41.68
2000-2009	37	0.00186	0.00186	0.5	96887	180	96797	3947317	40.74
2000-2009	38	0.00181	0.00181	0.5	96707	175	96620	3850520	39.82
2000-2009	39	0.00206	0.00206	0.5	96532	198	96433	3753900	38.89
2000-2009	40	0.00222	0.00222	0.5	96334	214	96227	3657466	37.97
2000-2009	41	0.00248	0.00248	0.5	96120	238	96001	3561239	37.05
2000-2009	42	0.00254	0.00254	0.5	95882	243	95760	3465239	36.14
2000-2009	43	0.00279	0.00278	0.5	95638	266	95505	3369479	35.23
2000-2009	44	0.00314	0.00313	0.5	95372	299	95223	3273973	34.33
2000-2009	45	0.00316	0.00316	0.5	95073	300	94923	3178751	33.43
2000-2009	46	0.00348	0.00347	0.5	94773	329	94609	3083827	32.54
2000-2009	47	0.00419	0.00418	0.5	94444	395	94247	2989219	31.65
2000-2009	48	0.00455	0.00453	0.5	94050	426	93836	2894972	30.78
2000-2009	49	0.00459	0.00458	0.5	93623	429	93409	2801135	29.92
2000-2009	50	0.00521	0.00519	0.5	93194	484	92952	2707727	29.05
2000-2009	51	0.00546	0.00544	0.5	92710	505	92458	2614774	28.20
2000-2009	52	0.00560	0.00558	0.5	92206	515	91948	2522316	27.36
2000-2009	53	0.00602	0.00601	0.5	91691	551	91416	2430368	26.51
2000-2009	54	0.00635	0.00633	0.5	91140	577	90852	2338952	25.66
2000-2009	55	0.00768	0.00765	0.5	90563	693	90217	2248101	24.82
2000-2009	56	0.00716	0.00713	0.5	89871	641	89550	2157884	24.01
2000-2009	57	0.00845	0.00842	0.5	89230	751	88854	2068333	23.18
2000-2009	58	0.01027	0.01021	0.5	88479	904	88027	1979479	22.37
2000-2009	59	0.00974	0.00969	0.5	87575	848	87151	1891453	21.60
2000-2009	60	0.01028	0.01023	0.5	86726	887	86283	1804302	20.80
2000-2009	61	0.01078	0.01073	0.5	85839	921	85379	1718019	20.01
2000-2009	62	0.01123	0.01117	0.5	84918	948	84444	1632640	19.23
2000-2009	63	0.01531	0.01519	0.5	83970	1276	83332	1548196	18.44
2000-2009	64	0.01566	0.01554	0.5	82695	1285	82052	1464864	17.71
2000-2009	65	0.01714	0.01699	0.5	81410	1383	80718	1382812	16.99
2000-2009	66	0.01756	0.01741	0.5	80026	1393	79330	1302094	16.27
2000-2009	67	0.02031	0.02010	0.5	78634	1581	77843	1222764	15.55
2000-2009	68	0.02134	0.02111	0.5	77053	1627	76239	1144921	14.86
2000-2009	69	0.02285	0.02259	0.5	75426	1704	74574	1068681	14.17
2000-2009	70	0.02640	0.02606	0.5	73722	1921	72761	994108	13.48
2000-2009	71	0.02917	0.02875	0.5	71801	2064	70769	921346	12.83
2000-2009	72	0.03219	0.03168	0.5	69737	2209	68632	850578	12.20
2000-2009	73	0.03651	0.03586	0.5	67528	2421	66317	781945	11.58
2000-2009	74	0.04020	0.03941	0.5	65106	2566	63824	715629	10.99
2000-2009	75	0.04398	0.04303	0.5	62541	2691	61195	651805	10.42
2000-2009	76	0.04545	0.04444	0.5	59850	2659	58520	590610	9.87
2000-2009	77	0.05215	0.05083	0.5	57190	2907	55737	532090	9.30
2000-2009	78	0.05517	0.05369	0.5	54283	2914	52826	476353	8.78
2000-2009	79	0.06067	0.05888	0.5	51369	3025	49857	423527	8.24
2000-2009	80	0.06962	0.06728	0.5	48344	3252	46718	373671	7.73
2000-2009	81	0.07402	0.07138	0.5	45092	3219	43482	326953	7.25
2000-2009	82	0.08317	0.07985	0.5	41873	3344	40201	283470	6.77
2000-2009	83	0.09334	0.08918	0.5	38530	3436	36812	243269	6.31
2000-2009	84	0.10461	0.09941	0.5	35094	3489	33349	206457	5.88
2000-2009	85	0.11706	0.11059	0.5	31605	3495	29858	173108	5.48
2000-2009	86	0.13078	0.12275	0.5	28110	3451	26385	143250	5.10
2000-2009	87	0.14584	0.13593	0.5	24659	3352	22983	116865	4.74
2000-2009	88	0.16232	0.15013	0.5	21307	3199	19708	93882	4.41
2000-2009	89	0.18026	0.16535	0.5	18109	2994	16611	74174	4.10
2000-2009	90	0.19971	0.18158	0.5	15114	2744	13742	57563	3.81
2000-2009	91	0.22069	0.19876	0.5	12370	2459	11141	43821	3.54
2000-2009	92	0.24321	0.21684	0.5	9911	2149	8837	32680	3.30
2000-2009	93	0.26724	0.23574	0.5	7762	1830	6847	23843	3.07
2000-2009	94	0.29273	0.25535	0.5	5932	1515	5175	16996	2.87
2000-2009	95	0.31959	0.27555	0.5	4417	1217	3809	11822	2.68
2000-2009	96	0.34770	0.29620	0.5	3200	948	2726	8013	2.50
2000-2009	97	0.37691	0.31714	0.5	2252	714	1895	5287	2.35
2000-2009	98	0.40704	0.33821	0.5	1538	520	1278	3392	2.21
2000-2009	99	0.43789	0.35924	0.5	1018	366	835	2114	2.08
2000-2009	100	0.46923	0.38006	0.5	652	248	528	1279	1.96
2000-2009	101	0.50082	0.40052	0.5	404	162	323	750	1.86
2000-2009	102	0.53239	0.42047	0.5	242	102	191	427	1.76
2000-2009	103	0.56371	0.43976	0.5	140	62	110	236	1.68
2000-2009	104	0.59453	0.45830	0.5	79	36	61	126	1.60
2000-2009	105	0.62462	0.47597	0.5	43	20	32	65	1.54
2000-2009	106	0.65378	0.49272	0.5	22	11	17	33	1.48
2000-2009	107	0.68183	0.50848	0.5	11	6	8	16	1.42
2000-2009	108	0.70862	0.52323	0.5	6	3	4	8	1.38
2000-2009	109	0.73403	0.53696	0.5	3	1	2	4	1.34
2000-2009	110+	0.75799	1.00000	1.32	1	1	2	2	1.32
2010-2017	0	0.00643	0.00639	0.06	100000	639	99401	7721311	77.21
2010-2017	1	0.00033	0.00033	0.5	99361	33	99344	7621911	76.71
2010-2017	2	0.00015	0.00015	0.5	99328	15	99320	7522567	75.73
2010-2017	3	0.00017	0.00017	0.5	99313	17	99304	7423246	74.75
2010-2017	4	0.00007	0.00007	0.5	99295	6	99292	7323943	73.76
2010-2017	5	0.00009	0.00009	0.5	99289	8	99285	7224651	72.76
2010-2017	6	0.00008	0.00008	0.5	99280	8	99276	7125366	71.77
2010-2017	7	0.00011	0.00011	0.5	99272	10	99267	7026090	70.78
2010-2017	8	0.00017	0.00017	0.5	99261	16	99253	6926823	69.78
2010-2017	9	0.00008	0.00008	0.5	99245	8	99241	6827570	68.80
2010-2017	10	0.00010	0.00010	0.5	99237	10	99232	6728329	67.80
2010-2017	11	0.00006	0.00006	0.5	99227	6	99224	6629097	66.81
2010-2017	12	0.00010	0.00010	0.5	99221	10	99216	6529874	65.81
2010-2017	13	0.00022	0.00022	0.5	99211	21	99200	6430658	64.82
2010-2017	14	0.00012	0.00012	0.5	99189	12	99184	6331458	63.83
2010-2017	15	0.00013	0.00013	0.5	99178	13	99171	6232274	62.84
2010-2017	16	0.00019	0.00019	0.5	99165	18	99155	6133103	61.85
2010-2017	17	0.00031	0.00031	0.5	99146	31	99131	6033947	60.86
2010-2017	18	0.00047	0.00047	0.5	99116	46	99093	5934816	59.88
2010-2017	19	0.00055	0.00055	0.5	99069	55	99042	5835724	58.91
2010-2017	20	0.00066	0.00066	0.5	99014	65	98982	5736682	57.94
2010-2017	21	0.00095	0.00095	0.5	98950	94	98903	5637700	56.98
2010-2017	22	0.00103	0.00103	0.5	98856	102	98805	5538797	56.03
2010-2017	23	0.00075	0.00075	0.5	98754	74	98717	5439993	55.09
2010-2017	24	0.00127	0.00127	0.5	98680	125	98617	5341276	54.13
2010-2017	25	0.00119	0.00119	0.5	98554	117	98496	5242659	53.20
2010-2017	26	0.00140	0.00140	0.5	98437	138	98368	5144163	52.26
2010-2017	27	0.00107	0.00107	0.5	98299	105	98247	5045795	51.33
2010-2017	28	0.00155	0.00155	0.5	98194	152	98118	4947548	50.39
2010-2017	29	0.00112	0.00112	0.5	98042	110	97987	4849430	49.46
2010-2017	30	0.00149	0.00149	0.5	97932	145	97859	4751444	48.52
2010-2017	31	0.00176	0.00176	0.5	97786	172	97700	4653585	47.59
2010-2017	32	0.00138	0.00138	0.5	97614	135	97547	4555885	46.67
2010-2017	33	0.00184	0.00184	0.5	97479	179	97390	4458338	45.74
2010-2017	34	0.00157	0.00157	0.5	97300	152	97224	4360948	44.82
2010-2017	35	0.00174	0.00174	0.5	97147	169	97063	4263725	43.89
2010-2017	36	0.00182	0.00182	0.5	96979	177	96890	4166662	42.96
2010-2017	37	0.00177	0.00176	0.5	96802	171	96717	4069771	42.04
2010-2017	38	0.00162	0.00162	0.5	96631	156	96553	3973055	41.12
2010-2017	39	0.00190	0.00190	0.5	96475	183	96383	3876502	40.18
2010-2017	40	0.00205	0.00205	0.5	96291	198	96193	3780119	39.26
2010-2017	41	0.00242	0.00241	0.5	96094	232	95978	3683926	38.34
2010-2017	42	0.00253	0.00253	0.5	95862	243	95741	3587949	37.43
2010-2017	43	0.00247	0.00247	0.5	95619	236	95501	3492208	36.52
2010-2017	44	0.00308	0.00307	0.5	95383	293	95237	3396707	35.61
2010-2017	45	0.00322	0.00322	0.5	95090	306	94937	3301470	34.72
2010-2017	46	0.00346	0.00345	0.5	94784	327	94621	3206533	33.83
2010-2017	47	0.00376	0.00376	0.5	94457	355	94280	3111912	32.95
2010-2017	48	0.00414	0.00414	0.5	94102	389	93908	3017633	32.07
2010-2017	49	0.00425	0.00424	0.5	93713	397	93514	2923725	31.20
2010-2017	50	0.00408	0.00408	0.5	93315	380	93125	2830211	30.33
2010-2017	51	0.00506	0.00504	0.5	92935	469	92701	2737085	29.45
2010-2017	52	0.00597	0.00595	0.5	92466	550	92191	2644385	28.60
2010-2017	53	0.00610	0.00608	0.5	91916	559	91636	2552194	27.77
2010-2017	54	0.00634	0.00632	0.5	91357	577	91068	2460557	26.93
2010-2017	55	0.00622	0.00620	0.5	90779	563	90498	2369489	26.10
2010-2017	56	0.00784	0.00781	0.5	90216	705	89864	2278991	25.26
2010-2017	57	0.00866	0.00862	0.5	89511	772	89125	2189128	24.46
2010-2017	58	0.00877	0.00873	0.5	88739	775	88352	2100002	23.66
2010-2017	59	0.00978	0.00973	0.5	87965	856	87537	2011650	22.87
2010-2017	60	0.00904	0.00899	0.5	87109	784	86717	1924113	22.09
2010-2017	61	0.01145	0.01139	0.5	86326	983	85834	1837396	21.28
2010-2017	62	0.01200	0.01193	0.5	85343	1018	84834	1751562	20.52
2010-2017	63	0.01317	0.01309	0.5	84325	1104	83773	1666728	19.77
2010-2017	64	0.01383	0.01373	0.5	83221	1143	82650	1582955	19.02
2010-2017	65	0.01505	0.01493	0.5	82079	1226	81466	1500305	18.28
2010-2017	66	0.01435	0.01425	0.5	80853	1152	80277	1418840	17.55
2010-2017	67	0.01629	0.01615	0.5	79701	1288	79057	1338563	16.79
2010-2017	68	0.01799	0.01783	0.5	78413	1398	77714	1259506	16.06
2010-2017	69	0.01942	0.01923	0.5	77015	1481	76275	1181791	15.34
2010-2017	70	0.02195	0.02172	0.5	75534	1640	74714	1105516	14.64
2010-2017	71	0.02428	0.02398	0.5	73894	1772	73008	1030802	13.95
2010-2017	72	0.02417	0.02388	0.5	72122	1722	71261	957794	13.28
2010-2017	73	0.02853	0.02813	0.5	70400	1980	69410	886534	12.59
2010-2017	74	0.03477	0.03418	0.5	68420	2339	67250	817124	11.94
2010-2017	75	0.03455	0.03396	0.5	66081	2244	64959	749874	11.35
2010-2017	76	0.03669	0.03603	0.5	63837	2300	62687	684915	10.73
2010-2017	77	0.04262	0.04173	0.5	61537	2568	60253	622229	10.11
2010-2017	78	0.04787	0.04675	0.5	58969	2757	57590	561976	9.53
2010-2017	79	0.05108	0.04981	0.5	56212	2800	54812	504386	8.97
2010-2017	80	0.06019	0.05843	0.5	53412	3121	51852	449574	8.42
2010-2017	81	0.06321	0.06128	0.5	50291	3082	48750	397722	7.91
2010-2017	82	0.07159	0.06912	0.5	47209	3263	45578	348972	7.39
2010-2017	83	0.08004	0.07696	0.5	43946	3382	42255	303394	6.90
2010-2017	84	0.08997	0.08609	0.5	40564	3492	38818	261139	6.44
2010-2017	85	0.10099	0.09613	0.5	37072	3564	35290	222321	6.00
2010-2017	86	0.11319	0.10713	0.5	33508	3590	31713	187031	5.58
2010-2017	87	0.12666	0.11912	0.5	29918	3564	28136	155318	5.19
2010-2017	88	0.14148	0.13213	0.5	26355	3482	24614	127181	4.83
2010-2017	89	0.15771	0.14618	0.5	22872	3344	21201	102568	4.48
2010-2017	90	0.17543	0.16128	0.5	19529	3150	17954	81367	4.17
2010-2017	91	0.19468	0.17741	0.5	16379	2906	14926	63413	3.87
2010-2017	92	0.21549	0.19453	0.5	13473	2621	12163	48487	3.60
2010-2017	93	0.23787	0.21258	0.5	10852	2307	9699	36324	3.35
2010-2017	94	0.26179	0.23149	0.5	8545	1978	7556	26625	3.12
2010-2017	95	0.28722	0.25115	0.5	6567	1649	5742	19069	2.90
2010-2017	96	0.31406	0.27144	0.5	4918	1335	4250	13326	2.71
2010-2017	97	0.34221	0.29221	0.5	3583	1047	3059	9076	2.53
2010-2017	98	0.37151	0.31331	0.5	2536	795	2139	6017	2.37
2010-2017	99	0.40179	0.33458	0.5	1741	583	1450	3878	2.23
2010-2017	100	0.43284	0.35583	0.5	1159	412	953	2428	2.10
2010-2017	101	0.46443	0.37691	0.5	746	281	606	1475	1.98
2010-2017	102	0.49630	0.39763	0.5	465	185	373	869	1.87
2010-2017	103	0.52821	0.41785	0.5	280	117	222	497	1.77
2010-2017	104	0.55988	0.43743	0.5	163	71	127	275	1.69
2010-2017	105	0.59108	0.45624	0.5	92	42	71	148	1.61
2010-2017	106	0.62156	0.47419	0.5	50	24	38	77	1.54
2010-2017	107	0.65110	0.49119	0.5	26	13	20	39	1.48
2010-2017	108	0.67953	0.50720	0.5	13	7	10	19	1.43
2010-2017	109	0.70669	0.52218	0.5	7	3	5	9	1.39
2010-2017	110+	0.73245	1.00000	1.37	3	3	4	4	1.37
