Div2: Mid-Atlantic, Lifetables (period 5x1), Males Last modified: 3 Dec 2019, MPv5 (May07) 

Year	Age	mx	qx	ax	lx	dx	Lx	Tx	ex
1959	0	0.02863	0.02793	0.12	100000	2793	97547	6666902	66.67
1959	1-4	0.00103	0.00411	1.67	97207	400	387898	6569355	67.58
1959	5-9	0.00059	0.00293	2.35	96807	284	483283	6181457	63.85
1959	10-14	0.00050	0.00251	2.59	96523	242	482034	5698174	59.03
1959	15-19	0.00118	0.00590	2.85	96281	568	480183	5216140	54.18
1959	20-24	0.00149	0.00742	2.47	95713	710	476773	4735957	49.48
1959	25-29	0.00137	0.00680	2.49	95003	646	473392	4259184	44.83
1959	30-34	0.00183	0.00909	2.62	94357	858	469744	3785792	40.12
1959	35-39	0.00261	0.01295	2.66	93499	1211	464662	3316048	35.47
1959	40-44	0.00437	0.02162	2.74	92289	1995	456924	2851387	30.90
1959	45-49	0.00758	0.03726	2.69	90293	3364	443689	2394462	26.52
1959	50-54	0.01281	0.06219	2.66	86929	5406	421980	1950773	22.44
1959	55-59	0.01930	0.09223	2.61	81523	7519	389662	1528793	18.75
1959	60-64	0.02956	0.13799	2.59	74005	10212	345426	1139131	15.39
1959	65-69	0.04409	0.19892	2.54	63793	12690	287797	793705	12.44
1959	70-74	0.06293	0.27196	2.51	51103	13898	220847	505907	9.90
1959	75-79	0.09306	0.37653	2.47	37205	14009	150532	285060	7.66
1959	80-84	0.13926	0.51040	2.38	23196	11840	85019	134528	5.80
1959	85-89	0.20140	0.64680	2.23	11357	7346	36473	49509	4.36
1959	90-94	0.28977	0.78231	2.06	4011	3138	10829	13036	3.25
1959	95-99	0.38363	0.86850	1.85	873	758	1977	2207	2.53
1959	100-104	0.49318	0.92816	1.64	115	107	216	230	2.00
1959	105-109	0.60389	0.96118	1.45	8	8	13	14	1.65
1959	110+	0.69078	1.00000	1.45	0	0	0	0	1.45
1960	0	0.02809	0.02742	0.12	100000	2742	97589	6666334	66.66
1960	1-4	0.00110	0.00437	1.7	97258	425	388056	6568746	67.54
1960	5-9	0.00051	0.00256	2.28	96833	248	483490	6180689	63.83
1960	10-14	0.00047	0.00237	2.55	96585	229	482365	5697200	58.99
1960	15-19	0.00105	0.00526	2.96	96356	507	480746	5214835	54.12
1960	20-24	0.00150	0.00747	2.4	95849	716	477382	4734089	49.39
1960	25-29	0.00148	0.00737	2.5	95133	701	473915	4256708	44.74
1960	30-34	0.00174	0.00868	2.65	94432	819	470234	3782793	40.06
1960	35-39	0.00262	0.01304	2.71	93613	1220	465264	3312558	35.39
1960	40-44	0.00446	0.02208	2.69	92392	2040	457246	2847294	30.82
1960	45-49	0.00768	0.03772	2.72	90353	3408	443980	2390048	26.45
1960	50-54	0.01286	0.06242	2.65	86945	5427	421981	1946068	22.38
1960	55-59	0.01937	0.09259	2.61	81517	7548	389570	1524087	18.70
1960	60-64	0.02970	0.13876	2.63	73970	10264	345534	1134517	15.34
1960	65-69	0.04441	0.20030	2.55	63706	12760	287328	788983	12.38
1960	70-74	0.06473	0.27880	2.51	50946	14204	219428	501655	9.85
1960	75-79	0.09269	0.37513	2.46	36742	13783	148698	282227	7.68
1960	80-84	0.13918	0.50965	2.37	22959	11701	84072	133529	5.82
1960	85-89	0.20176	0.64666	2.22	11258	7280	36082	49457	4.39
1960	90-94	0.27712	0.75962	2.03	3978	3022	10904	13375	3.36
1960	95-99	0.37455	0.86139	1.87	956	824	2199	2471	2.58
1960	100-104	0.48002	0.92244	1.66	133	122	255	272	2.05
1960	105-109	0.58771	0.95734	1.48	10	10	17	17	1.69
1960	110+	0.67300	1.00000	1.49	0	0	1	1	1.49
1961	0	0.02721	0.02657	0.12	100000	2657	97657	6682772	66.83
1961	1-4	0.00096	0.00383	1.69	97343	373	388510	6585115	67.65
1961	5-9	0.00050	0.00250	2.26	96971	242	484190	6196605	63.90
1961	10-14	0.00046	0.00227	2.72	96729	220	483141	5712415	59.06
1961	15-19	0.00101	0.00503	2.92	96509	486	481532	5229274	54.18
1961	20-24	0.00161	0.00801	2.48	96023	769	478177	4747742	49.44
1961	25-29	0.00148	0.00736	2.54	95254	701	474544	4269565	44.82
1961	30-34	0.00179	0.00891	2.56	94552	843	470708	3795021	40.14
1961	35-39	0.00272	0.01351	2.69	93710	1266	465627	3324313	35.47
1961	40-44	0.00441	0.02182	2.7	92444	2017	457575	2858686	30.92
1961	45-49	0.00748	0.03674	2.66	90426	3322	444374	2401111	26.55
1961	50-54	0.01251	0.06076	2.64	87104	5293	423056	1956736	22.46
1961	55-59	0.01932	0.09236	2.62	81811	7556	391090	1533680	18.75
1961	60-64	0.02943	0.13750	2.61	74255	10210	346877	1142591	15.39
1961	65-69	0.04419	0.19933	2.54	64045	12766	288870	795714	12.42
1961	70-74	0.06349	0.27422	2.52	51279	14062	221473	506844	9.88
1961	75-79	0.09249	0.37508	2.48	37217	13959	150931	285370	7.67
1961	80-84	0.13891	0.50899	2.38	23257	11838	85220	134439	5.78
1961	85-89	0.20580	0.65315	2.2	11420	7459	36242	49219	4.31
1961	90-94	0.28625	0.78140	2.09	3961	3095	10812	12977	3.28
1961	95-99	0.38813	0.87185	1.84	866	755	1945	2164	2.50
1961	100-104	0.49919	0.93062	1.63	111	103	207	219	1.98
1961	105-109	0.61088	0.96272	1.44	8	7	12	13	1.63
1961	110+	0.69816	1.00000	1.43	0	0	0	0	1.43
1962	0	0.02770	0.02704	0.12	100000	2704	97619	6682788	66.83
1962	1-4	0.00084	0.00335	1.65	97296	326	388418	6585169	67.68
1962	5-9	0.00049	0.00245	2.3	96970	237	484210	6196751	63.90
1962	10-14	0.00045	0.00226	2.74	96733	219	483170	5712541	59.05
1962	15-19	0.00101	0.00503	3.01	96514	485	481605	5229370	54.18
1962	20-24	0.00157	0.00781	2.57	96029	750	478324	4747765	49.44
1962	25-29	0.00155	0.00774	2.47	95279	738	474525	4269441	44.81
1962	30-34	0.00181	0.00900	2.63	94541	851	470688	3794916	40.14
1962	35-39	0.00281	0.01395	2.68	93690	1307	465417	3324228	35.48
1962	40-44	0.00434	0.02151	2.72	92383	1987	457377	2858811	30.95
1962	45-49	0.00747	0.03673	2.68	90396	3320	444284	2401434	26.57
1962	50-54	0.01251	0.06080	2.68	87076	5295	423086	1957151	22.48
1962	55-59	0.01936	0.09259	2.65	81781	7572	391121	1534065	18.76
1962	60-64	0.02934	0.13711	2.62	74209	10175	346815	1142945	15.40
1962	65-69	0.04411	0.19896	2.54	64034	12740	288835	796130	12.43
1962	70-74	0.06414	0.27689	2.53	51294	14203	221442	507294	9.89
1962	75-79	0.09121	0.37064	2.47	37091	13747	150726	285852	7.71
1962	80-84	0.13851	0.50815	2.38	23344	11862	85641	135127	5.79
1962	85-89	0.20434	0.65313	2.24	11482	7499	36699	49485	4.31
1962	90-94	0.29348	0.78750	2.06	3983	3136	10687	12786	3.21
1962	95-99	0.39122	0.87419	1.84	846	740	1891	2100	2.48
1962	100-104	0.50408	0.93260	1.62	106	99	197	209	1.96
1962	105-109	0.61711	0.96407	1.43	7	7	11	12	1.61
1962	110+	0.70508	1.00000	1.42	0	0	0	0	1.42
1963	0	0.02744	0.02679	0.12	100000	2679	97638	6663441	66.63
1963	1-4	0.00095	0.00377	1.66	97321	367	388423	6565803	67.47
1963	5-9	0.00047	0.00235	2.33	96953	227	484160	6177380	63.72
1963	10-14	0.00044	0.00218	2.63	96726	211	483130	5693220	58.86
1963	15-19	0.00103	0.00514	2.83	96515	496	481501	5210090	53.98
1963	20-24	0.00154	0.00769	2.51	96020	738	478258	4728589	49.25
1963	25-29	0.00166	0.00827	2.55	95281	788	474477	4250331	44.61
1963	30-34	0.00191	0.00952	2.64	94494	900	470342	3775854	39.96
1963	35-39	0.00288	0.01429	2.67	93594	1338	464850	3305511	35.32
1963	40-44	0.00443	0.02190	2.63	92257	2021	456498	2840661	30.79
1963	45-49	0.00755	0.03708	2.67	90236	3346	443397	2384163	26.42
1963	50-54	0.01242	0.06034	2.67	86889	5243	422214	1940766	22.34
1963	55-59	0.01973	0.09425	2.63	81646	7695	389970	1518553	18.60
1963	60-64	0.02961	0.13814	2.58	73951	10216	345064	1128582	15.26
1963	65-69	0.04527	0.20353	2.52	63735	12972	286564	783518	12.29
1963	70-74	0.06495	0.27971	2.52	50763	14199	218616	496955	9.79
1963	75-79	0.09267	0.37409	2.43	36564	13678	147607	278338	7.61
1963	80-84	0.14071	0.51356	2.37	22886	11753	83527	130731	5.71
1963	85-89	0.20827	0.65977	2.22	11132	7345	35266	47204	4.24
1963	90-94	0.29948	0.79082	2.02	3788	2995	10002	11938	3.15
1963	95-99	0.39762	0.87860	1.82	792	696	1751	1937	2.44
1963	100-104	0.51134	0.93530	1.61	96	90	176	186	1.93
1963	105-109	0.62452	0.96555	1.42	6	6	10	10	1.59
1963	110+	0.71220	1.00000	1.4	0	0	0	0	1.40
1964	0	0.02716	0.02652	0.12	100000	2652	97661	6680901	66.81
1964	1-4	0.00085	0.00341	1.72	97348	332	388636	6583241	67.63
1964	5-9	0.00046	0.00230	2.41	97016	223	484501	6194604	63.85
1964	10-14	0.00045	0.00226	2.73	96793	219	483468	5710103	58.99
1964	15-19	0.00112	0.00559	2.82	96574	540	481691	5226636	54.12
1964	20-24	0.00157	0.00782	2.55	96034	751	478334	4744945	49.41
1964	25-29	0.00163	0.00814	2.49	95283	775	474472	4266611	44.78
1964	30-34	0.00201	0.01000	2.64	94508	945	470308	3792140	40.13
1964	35-39	0.00289	0.01435	2.67	93563	1343	464689	3321832	35.50
1964	40-44	0.00449	0.02222	2.67	92220	2049	456323	2857143	30.98
1964	45-49	0.00739	0.03634	2.69	90171	3277	443297	2400821	26.63
1964	50-54	0.01225	0.05956	2.66	86895	5175	422361	1957524	22.53
1964	55-59	0.01940	0.09273	2.63	81719	7578	390652	1535163	18.79
1964	60-64	0.02954	0.13793	2.6	74141	10226	346133	1144512	15.44
1964	65-69	0.04367	0.19727	2.55	63915	12608	288733	798378	12.49
1964	70-74	0.06443	0.27767	2.51	51307	14246	221121	509645	9.93
1964	75-79	0.08938	0.36270	2.4	37060	13442	150387	288525	7.79
1964	80-84	0.13781	0.50827	2.42	23619	12005	87110	138138	5.85
1964	85-89	0.20010	0.64560	2.25	11614	7498	37470	51028	4.39
1964	90-94	0.28412	0.77129	2.04	4116	3175	11173	13558	3.29
1964	95-99	0.38255	0.86783	1.85	941	817	2136	2384	2.53
1964	100-104	0.49294	0.92814	1.64	124	115	234	249	2.00
1964	105-109	0.60453	0.96136	1.45	9	9	14	15	1.65
1964	110+	0.69206	1.00000	1.44	0	0	0	0	1.44
1965	0	0.02596	0.02538	0.11	100000	2538	97753	6688122	66.88
1965	1-4	0.00090	0.00358	1.71	97462	349	389049	6590368	67.62
1965	5-9	0.00046	0.00228	2.3	97113	222	484968	6201320	63.86
1965	10-14	0.00047	0.00233	2.77	96892	225	483954	5716351	59.00
1965	15-19	0.00120	0.00600	2.81	96666	580	482062	5232397	54.13
1965	20-24	0.00150	0.00749	2.52	96086	720	478648	4750336	49.44
1965	25-29	0.00162	0.00805	2.53	95366	767	474936	4271687	44.79
1965	30-34	0.00191	0.00952	2.57	94599	900	470809	3796751	40.14
1965	35-39	0.00284	0.01413	2.64	93699	1324	465376	3325942	35.50
1965	40-44	0.00444	0.02198	2.66	92375	2030	457116	2860567	30.97
1965	45-49	0.00732	0.03598	2.7	90345	3250	444236	2403451	26.60
1965	50-54	0.01214	0.05905	2.67	87094	5143	423514	1959215	22.50
1965	55-59	0.01937	0.09263	2.63	81951	7591	391802	1535701	18.74
1965	60-64	0.02975	0.13879	2.58	74361	10321	346872	1143899	15.38
1965	65-69	0.04398	0.19883	2.59	64040	12733	289491	797027	12.45
1965	70-74	0.06430	0.27760	2.54	51307	14243	221497	507536	9.89
1965	75-79	0.09117	0.36949	2.44	37064	13695	150217	286039	7.72
1965	80-84	0.13807	0.50660	2.37	23369	11839	85746	135822	5.81
1965	85-89	0.20233	0.64507	2.19	11530	7438	36762	50076	4.34
1965	90-94	0.28958	0.77748	2.02	4092	3182	10988	13315	3.25
1965	95-99	0.37909	0.86501	1.86	911	788	2078	2327	2.56
1965	100-104	0.48682	0.92547	1.65	123	114	234	249	2.03
1965	105-109	0.59626	0.95942	1.47	9	9	15	15	1.67
1965	110+	0.68252	1.00000	1.47	0	0	1	1	1.47
1966	0	0.02505	0.02450	0.11	100000	2450	97825	6672887	66.73
1966	1-4	0.00089	0.00355	1.64	97550	346	389381	6575062	67.40
1966	5-9	0.00048	0.00240	2.28	97203	234	485382	6185681	63.64
1966	10-14	0.00044	0.00221	2.75	96970	214	484366	5700299	58.78
1966	15-19	0.00132	0.00658	2.93	96756	636	482461	5215933	53.91
1966	20-24	0.00165	0.00822	2.52	96119	790	478639	4733473	49.25
1966	25-29	0.00171	0.00850	2.51	95329	811	474629	4254834	44.63
1966	30-34	0.00195	0.00970	2.63	94519	917	470420	3780205	39.99
1966	35-39	0.00284	0.01409	2.65	93602	1319	464910	3309784	35.36
1966	40-44	0.00461	0.02280	2.67	92283	2104	456507	2844874	30.83
1966	45-49	0.00747	0.03673	2.67	90178	3312	443177	2388368	26.49
1966	50-54	0.01232	0.05988	2.66	86866	5202	422155	1945191	22.39
1966	55-59	0.01962	0.09378	2.64	81664	7659	390274	1523036	18.65
1966	60-64	0.03017	0.14056	2.57	74006	10402	344736	1132762	15.31
1966	65-69	0.04459	0.20102	2.56	63603	12786	286763	788026	12.39
1966	70-74	0.06405	0.27662	2.54	50818	14057	219474	501263	9.86
1966	75-79	0.09321	0.37615	2.44	36761	13827	148343	281789	7.67
1966	80-84	0.13883	0.50993	2.4	22933	11694	84237	133446	5.82
1966	85-89	0.20153	0.64672	2.23	11239	7268	36066	49209	4.38
1966	90-94	0.28251	0.77056	2.05	3971	3060	10830	13142	3.31
1966	95-99	0.38175	0.86711	1.85	911	790	2069	2313	2.54
1966	100-104	0.49088	0.92722	1.64	121	112	229	243	2.01
1966	105-109	0.60137	0.96062	1.46	9	8	14	15	1.65
1966	110+	0.68821	1.00000	1.45	0	0	1	1	1.45
1967	0	0.02475	0.02422	0.11	100000	2422	97848	6686416	66.86
1967	1-4	0.00085	0.00339	1.63	97578	331	389528	6588568	67.52
1967	5-9	0.00048	0.00238	2.28	97247	231	485604	6199041	63.75
1967	10-14	0.00042	0.00209	2.74	97015	203	484618	5713437	58.89
1967	15-19	0.00127	0.00636	3	96812	616	482831	5228819	54.01
1967	20-24	0.00177	0.00883	2.48	96197	849	478846	4745988	49.34
1967	25-29	0.00178	0.00887	2.55	95348	846	474665	4267142	44.75
1967	30-34	0.00210	0.01044	2.57	94502	986	470115	3792476	40.13
1967	35-39	0.00300	0.01488	2.66	93516	1392	464326	3322361	35.53
1967	40-44	0.00469	0.02318	2.65	92124	2136	455602	2858035	31.02
1967	45-49	0.00731	0.03593	2.68	89988	3233	442435	2402433	26.70
1967	50-54	0.01216	0.05914	2.7	86755	5131	421976	1959999	22.59
1967	55-59	0.01900	0.09099	2.67	81624	7427	390826	1538023	18.84
1967	60-64	0.02972	0.13871	2.6	74197	10292	346265	1147197	15.46
1967	65-69	0.04287	0.19402	2.55	63905	12399	289193	800932	12.53
1967	70-74	0.06382	0.27580	2.54	51506	14205	222598	511739	9.94
1967	75-79	0.09162	0.37129	2.45	37301	13850	151156	289141	7.75
1967	80-84	0.13684	0.50397	2.39	23451	11819	86371	137985	5.88
1967	85-89	0.19762	0.63869	2.23	11633	7430	37596	51615	4.44
1967	90-94	0.28169	0.77548	2.1	4203	3259	11570	14019	3.34
1967	95-99	0.37285	0.86024	1.87	944	812	2177	2448	2.59
1967	100-104	0.47948	0.92231	1.66	132	122	254	271	2.05
1967	105-109	0.58843	0.95757	1.48	10	10	17	17	1.69
1967	110+	0.67467	1.00000	1.48	0	0	1	1	1.48
1968	0	0.02408	0.02357	0.11	100000	2357	97901	6651931	66.52
1968	1-4	0.00088	0.00353	1.67	97643	345	389768	6554030	67.12
1968	5-9	0.00051	0.00255	2.3	97298	248	485821	6164262	63.35
1968	10-14	0.00044	0.00221	2.66	97050	214	484750	5678441	58.51
1968	15-19	0.00136	0.00678	2.99	96836	656	482862	5193691	53.63
1968	20-24	0.00188	0.00934	2.41	96180	898	478574	4710828	48.98
1968	25-29	0.00189	0.00942	2.52	95282	897	474184	4232254	44.42
1968	30-34	0.00223	0.01108	2.55	94384	1046	469363	3758070	39.82
1968	35-39	0.00314	0.01559	2.64	93339	1455	463259	3288707	35.23
1968	40-44	0.00481	0.02380	2.62	91884	2187	454224	2825448	30.75
1968	45-49	0.00734	0.03609	2.66	89697	3237	440926	2371224	26.44
1968	50-54	0.01229	0.05974	2.65	86460	5166	420169	1930298	22.33
1968	55-59	0.01921	0.09187	2.64	81295	7469	388812	1510129	18.58
1968	60-64	0.03083	0.14351	2.6	73826	10595	343691	1121317	15.19
1968	65-69	0.04453	0.20057	2.53	63231	12683	284783	777626	12.30
1968	70-74	0.06605	0.28380	2.52	50549	14346	217180	492844	9.75
1968	75-79	0.09505	0.38190	2.43	36203	13826	145454	275664	7.61
1968	80-84	0.13827	0.50752	2.38	22377	11357	82139	130210	5.82
1968	85-89	0.20133	0.64740	2.24	11020	7134	35436	48072	4.36
1968	90-94	0.28869	0.77444	2.01	3886	3009	10424	12636	3.25
1968	95-99	0.38418	0.86898	1.85	876	762	1982	2212	2.52
1968	100-104	0.49446	0.92873	1.64	115	107	216	229	2.00
1968	105-109	0.60579	0.96162	1.45	8	8	13	13	1.64
1968	110+	0.69306	1.00000	1.44	0	0	0	0	1.44
1969	0	0.02435	0.02383	0.11	100000	2383	97880	6681132	66.81
1969	1-4	0.00084	0.00336	1.73	97617	328	389725	6583252	67.44
1969	5-9	0.00046	0.00231	2.38	97289	225	485855	6193527	63.66
1969	10-14	0.00043	0.00217	2.77	97064	211	484851	5707672	58.80
1969	15-19	0.00147	0.00733	3.01	96853	710	482851	5222821	53.93
1969	20-24	0.00205	0.01021	2.43	96143	982	478197	4739970	49.30
1969	25-29	0.00189	0.00941	2.51	95162	896	473580	4261773	44.78
1969	30-34	0.00217	0.01079	2.57	94266	1017	468863	3788193	40.19
1969	35-39	0.00305	0.01512	2.62	93249	1410	462896	3319330	35.60
1969	40-44	0.00484	0.02392	2.67	91839	2197	454079	2856435	31.10
1969	45-49	0.00734	0.03609	2.64	89643	3235	440586	2402355	26.80
1969	50-54	0.01192	0.05797	2.66	86407	5009	420333	1961770	22.70
1969	55-59	0.01869	0.08953	2.65	81399	7288	389842	1541437	18.94
1969	60-64	0.02885	0.13498	2.62	74111	10004	346706	1151595	15.54
1969	65-69	0.04290	0.19423	2.57	64107	12452	290245	804889	12.56
1969	70-74	0.06338	0.27393	2.53	51655	14150	223262	514644	9.96
1969	75-79	0.09216	0.37278	2.44	37506	13981	151713	291382	7.77
1969	80-84	0.13499	0.49906	2.39	23524	11740	86972	139669	5.94
1969	85-89	0.19562	0.63605	2.25	11784	7495	38317	52697	4.47
1969	90-94	0.27903	0.76619	2.06	4289	3286	11777	14380	3.35
1969	95-99	0.37251	0.86011	1.87	1003	863	2315	2603	2.60
1969	100-104	0.48028	0.92276	1.66	140	129	270	288	2.05
1969	105-109	0.59035	0.95809	1.48	11	10	18	18	1.68
1969	110+	0.67739	1.00000	1.48	0	0	1	1	1.48
1970	0	0.02286	0.02240	0.11	100000	2240	97998	6700337	67.00
1970	1-4	0.00082	0.00328	1.73	97760	321	390309	6602339	67.54
1970	5-9	0.00046	0.00229	2.35	97439	224	486604	6212030	63.75
1970	10-14	0.00044	0.00220	2.72	97215	214	485590	5725426	58.89
1970	15-19	0.00136	0.00680	2.93	97002	660	483646	5239835	54.02
1970	20-24	0.00217	0.01081	2.41	96342	1041	479014	4756189	49.37
1970	25-29	0.00194	0.00965	2.46	95301	920	474168	4277175	44.88
1970	30-34	0.00221	0.01098	2.56	94381	1037	469379	3803007	40.29
1970	35-39	0.00314	0.01557	2.64	93344	1454	463285	3333628	35.71
1970	40-44	0.00473	0.02340	2.69	91891	2150	454477	2870343	31.24
1970	45-49	0.00733	0.03602	2.65	89740	3232	441099	2415865	26.92
1970	50-54	0.01161	0.05653	2.67	86508	4890	421125	1974766	22.83
1970	55-59	0.01860	0.08907	2.63	81618	7269	390865	1553642	19.04
1970	60-64	0.02861	0.13395	2.63	74349	9959	348138	1162777	15.64
1970	65-69	0.04289	0.19414	2.56	64390	12501	291449	814639	12.65
1970	70-74	0.06206	0.26911	2.53	51889	13964	224994	523190	10.08
1970	75-79	0.09192	0.37285	2.47	37925	14140	153827	298196	7.86
1970	80-84	0.13133	0.48927	2.4	23785	11637	88613	144369	6.07
1970	85-89	0.18986	0.62451	2.26	12148	7586	39958	55756	4.59
1970	90-94	0.26868	0.75338	2.09	4561	3436	12790	15798	3.46
1970	95-99	0.36068	0.85056	1.89	1125	957	2653	3008	2.67
1970	100-104	0.46595	0.91624	1.69	168	154	331	355	2.11
1970	105-109	0.57472	0.95418	1.5	14	13	23	24	1.73
1970	110+	0.66141	1.00000	1.51	1	1	1	1	1.51
1971	0	0.02004	0.01969	0.1	100000	1969	98226	6729499	67.29
1971	1-4	0.00085	0.00337	1.73	98031	331	391374	6631274	67.64
1971	5-9	0.00045	0.00223	2.31	97701	218	487916	6239899	63.87
1971	10-14	0.00042	0.00209	2.72	97483	204	486948	5751983	59.01
1971	15-19	0.00140	0.00698	2.92	97279	679	484981	5265035	54.12
1971	20-24	0.00233	0.01157	2.51	96600	1117	480217	4780054	49.48
1971	25-29	0.00197	0.00981	2.47	95482	937	475042	4299837	45.03
1971	30-34	0.00227	0.01130	2.56	94545	1068	470124	3824795	40.45
1971	35-39	0.00313	0.01552	2.65	93477	1450	463981	3354671	35.89
1971	40-44	0.00449	0.02223	2.66	92027	2046	455350	2890690	31.41
1971	45-49	0.00720	0.03542	2.63	89980	3187	442345	2435339	27.07
1971	50-54	0.01132	0.05517	2.68	86794	4788	422852	1992994	22.96
1971	55-59	0.01819	0.08719	2.64	82006	7150	393128	1570142	19.15
1971	60-64	0.02792	0.13094	2.63	74855	9801	351083	1177014	15.72
1971	65-69	0.04209	0.19080	2.55	65054	12413	294903	825931	12.70
1971	70-74	0.06126	0.26568	2.51	52641	13986	228317	531028	10.09
1971	75-79	0.09157	0.37149	2.46	38655	14360	156811	302712	7.83
1971	80-84	0.13164	0.48946	2.38	24295	11892	90332	145901	6.01
1971	85-89	0.19646	0.63584	2.23	12404	7887	40145	55569	4.48
1971	90-94	0.27192	0.75675	2.07	4517	3418	12571	15424	3.41
1971	95-99	0.37223	0.86007	1.87	1099	945	2539	2853	2.60
1971	100-104	0.48156	0.92344	1.66	154	142	295	315	2.05
1971	105-109	0.59316	0.95882	1.47	12	11	19	20	1.68
1971	110+	0.68125	1.00000	1.47	0	0	1	1	1.47
1972	0	0.01909	0.01877	0.1	100000	1877	98304	6748553	67.49
1972	1-4	0.00076	0.00304	1.72	98123	299	391812	6650249	67.77
1972	5-9	0.00042	0.00209	2.28	97825	204	488567	6258437	63.98
1972	10-14	0.00041	0.00204	2.87	97621	200	487677	5769871	59.11
1972	15-19	0.00135	0.00672	2.93	97421	655	485749	5282194	54.22
1972	20-24	0.00219	0.01091	2.48	96766	1055	481174	4796444	49.57
1972	25-29	0.00199	0.00990	2.49	95711	947	476178	4315271	45.09
1972	30-34	0.00225	0.01121	2.65	94764	1063	471322	3839093	40.51
1972	35-39	0.00306	0.01518	2.58	93701	1423	465065	3367771	35.94
1972	40-44	0.00452	0.02236	2.61	92279	2063	456460	2902706	31.46
1972	45-49	0.00734	0.03609	2.63	90216	3256	443355	2446245	27.12
1972	50-54	0.01118	0.05443	2.62	86959	4733	423532	2002890	23.03
1972	55-59	0.01788	0.08579	2.64	82226	7054	394474	1579358	19.21
1972	60-64	0.02770	0.12980	2.58	75172	9757	352226	1184884	15.76
1972	65-69	0.04134	0.18780	2.56	65415	12285	297138	832658	12.73
1972	70-74	0.06168	0.26752	2.52	53130	14213	230456	535519	10.08
1972	75-79	0.09289	0.37587	2.46	38917	14628	157468	305063	7.84
1972	80-84	0.13082	0.48803	2.4	24289	11854	90616	147596	6.08
1972	85-89	0.18958	0.62564	2.28	12435	7780	41039	56980	4.58
1972	90-94	0.27202	0.75861	2.09	4655	3532	12983	15940	3.42
1972	95-99	0.36680	0.85580	1.88	1124	962	2622	2957	2.63
1972	100-104	0.47531	0.92070	1.67	162	149	314	336	2.07
1972	105-109	0.58664	0.95727	1.48	13	12	21	22	1.70
1972	110+	0.67482	1.00000	1.48	1	1	1	1	1.48
1973	0	0.01904	0.01872	0.1	100000	1872	98308	6778627	67.79
1973	1-4	0.00080	0.00318	1.72	98128	312	391800	6680319	68.08
1973	5-9	0.00043	0.00213	2.32	97816	209	488522	6288519	64.29
1973	10-14	0.00044	0.00219	2.81	97608	214	487569	5799997	59.42
1973	15-19	0.00139	0.00695	2.88	97393	677	485534	5312428	54.55
1973	20-24	0.00211	0.01051	2.5	96717	1017	481040	4826894	49.91
1973	25-29	0.00196	0.00976	2.48	95700	934	476141	4345853	45.41
1973	30-34	0.00216	0.01074	2.6	94766	1018	471384	3869712	40.83
1973	35-39	0.00296	0.01468	2.64	93748	1377	465492	3398328	36.25
1973	40-44	0.00430	0.02128	2.64	92371	1965	457219	2932836	31.75
1973	45-49	0.00719	0.03535	2.66	90406	3196	444554	2475616	27.38
1973	50-54	0.01073	0.05233	2.64	87210	4564	425280	2031063	23.29
1973	55-59	0.01709	0.08216	2.66	82646	6790	397316	1605783	19.43
1973	60-64	0.02704	0.12700	2.61	75855	9634	356242	1208467	15.93
1973	65-69	0.04052	0.18440	2.57	66222	12212	301406	852225	12.87
1973	70-74	0.06084	0.26425	2.51	54010	14272	234572	550820	10.20
1973	75-79	0.08895	0.36339	2.48	39738	14440	162341	316248	7.96
1973	80-84	0.13081	0.48787	2.4	25298	12342	94352	153907	6.08
1973	85-89	0.18911	0.62189	2.25	12956	8057	42605	59555	4.60
1973	90-94	0.26903	0.75436	2.09	4899	3695	13736	16950	3.46
1973	95-99	0.36094	0.85082	1.89	1203	1024	2836	3215	2.67
1973	100-104	0.46663	0.91659	1.69	180	165	353	378	2.11
1973	105-109	0.57579	0.95448	1.5	15	14	25	26	1.73
1973	110+	0.66274	1.00000	1.51	1	1	1	1	1.51
1974	0	0.01854	0.01824	0.09	100000	1824	98349	6831663	68.32
1974	1-4	0.00073	0.00291	1.77	98176	286	392068	6733314	68.58
1974	5-9	0.00038	0.00190	2.35	97891	186	488961	6341246	64.78
1974	10-14	0.00039	0.00195	2.79	97705	191	488104	5852284	59.90
1974	15-19	0.00132	0.00660	2.94	97514	644	486243	5364180	55.01
1974	20-24	0.00203	0.01012	2.55	96871	981	481955	4877937	50.36
1974	25-29	0.00183	0.00911	2.46	95890	874	477233	4395982	45.84
1974	30-34	0.00213	0.01058	2.56	95017	1005	472635	3918749	41.24
1974	35-39	0.00273	0.01357	2.66	94011	1275	467074	3446114	36.66
1974	40-44	0.00419	0.02074	2.64	92736	1924	459144	2979040	32.12
1974	45-49	0.00693	0.03409	2.65	90812	3096	446792	2519896	27.75
1974	50-54	0.01049	0.05117	2.64	87716	4488	427985	2073104	23.63
1974	55-59	0.01637	0.07882	2.67	83228	6560	400832	1645119	19.77
1974	60-64	0.02566	0.12085	2.6	76668	9265	361146	1244287	16.23
1974	65-69	0.03922	0.17901	2.57	67402	12066	307677	883140	13.10
1974	70-74	0.05931	0.25900	2.56	55337	14332	241654	575463	10.40
1974	75-79	0.08571	0.35246	2.48	41005	14452	168622	333808	8.14
1974	80-84	0.12706	0.47789	2.41	26552	12689	99869	165186	6.22
1974	85-89	0.18429	0.61156	2.25	13863	8478	46004	65317	4.71
1974	90-94	0.25752	0.74123	2.14	5385	3992	15500	19313	3.59
1974	95-99	0.35153	0.84286	1.91	1393	1175	3341	3813	2.74
1974	100-104	0.45578	0.91138	1.71	219	200	438	472	2.16
1974	105-109	0.56438	0.95146	1.52	19	18	33	34	1.76
1974	110+	0.65137	1.00000	1.54	1	1	1	1	1.54
1975	0	0.01778	0.01750	0.09	100000	1750	98412	6882610	68.83
1975	1-4	0.00066	0.00264	1.78	98250	259	392425	6784198	69.05
1975	5-9	0.00039	0.00197	2.29	97991	193	489429	6391773	65.23
1975	10-14	0.00035	0.00174	2.76	97797	170	488607	5902344	60.35
1975	15-19	0.00119	0.00593	2.97	97628	579	486962	5413737	55.45
1975	20-24	0.00194	0.00964	2.52	97048	935	482920	4926775	50.77
1975	25-29	0.00189	0.00943	2.43	96113	906	478238	4443854	46.24
1975	30-34	0.00203	0.01009	2.56	95207	961	473695	3965616	41.65
1975	35-39	0.00266	0.01322	2.63	94246	1246	468279	3491922	37.05
1975	40-44	0.00405	0.02008	2.65	93000	1867	460619	3023643	32.51
1975	45-49	0.00646	0.03180	2.69	91133	2898	448957	2563024	28.12
1975	50-54	0.01015	0.04958	2.65	88234	4375	430887	2114067	23.96
1975	55-59	0.01590	0.07667	2.67	83860	6430	404294	1683180	20.07
1975	60-64	0.02498	0.11789	2.63	77430	9128	365488	1278886	16.52
1975	65-69	0.03811	0.17448	2.58	68302	11917	312683	913398	13.37
1975	70-74	0.05680	0.24928	2.55	56385	14056	247458	600715	10.65
1975	75-79	0.08358	0.34581	2.51	42329	14638	175145	353257	8.35
1975	80-84	0.12143	0.46156	2.4	27691	12781	105254	178113	6.43
1975	85-89	0.17386	0.58923	2.27	14910	8786	50531	72859	4.89
1975	90-94	0.25447	0.73940	2.17	6125	4529	17796	22328	3.65
1975	95-99	0.33742	0.83018	1.94	1596	1325	3927	4532	2.84
1975	100-104	0.43943	0.90293	1.74	271	245	557	605	2.23
1975	105-109	0.54709	0.94650	1.55	26	25	46	48	1.81
1975	110+	0.63399	1.00000	1.58	1	1	2	2	1.58
1976	0	0.01725	0.01698	0.09	100000	1698	98457	6910296	69.10
1976	1-4	0.00062	0.00248	1.69	98302	243	392645	6811840	69.30
1976	5-9	0.00037	0.00183	2.31	98058	180	489808	6419194	65.46
1976	10-14	0.00038	0.00190	2.76	97879	186	488978	5929386	60.58
1976	15-19	0.00115	0.00576	2.94	97693	563	487304	5440408	55.69
1976	20-24	0.00180	0.00898	2.52	97130	872	483486	4953104	50.99
1976	25-29	0.00178	0.00886	2.46	96258	853	479127	4469618	46.43
1976	30-34	0.00185	0.00923	2.57	95406	881	474889	3990491	41.83
1976	35-39	0.00253	0.01259	2.63	94525	1190	469810	3515602	37.19
1976	40-44	0.00385	0.01907	2.68	93335	1780	462542	3045792	32.63
1976	45-49	0.00642	0.03160	2.65	91555	2894	450978	2583250	28.22
1976	50-54	0.00983	0.04802	2.64	88661	4258	433245	2132272	24.05
1976	55-59	0.01581	0.07623	2.65	84404	6434	406869	1699027	20.13
1976	60-64	0.02486	0.11737	2.63	77970	9152	368126	1292158	16.57
1976	65-69	0.03775	0.17304	2.59	68818	11908	315440	924033	13.43
1976	70-74	0.05496	0.24192	2.53	56910	13768	250517	608592	10.69
1976	75-79	0.08288	0.34268	2.48	43142	14784	178383	358075	8.30
1976	80-84	0.12377	0.46886	2.42	28358	13296	107424	179693	6.34
1976	85-89	0.17783	0.60029	2.29	15062	9042	50844	72269	4.80
1976	90-94	0.26112	0.74600	2.13	6021	4491	17201	21425	3.56
1976	95-99	0.34768	0.83969	1.92	1529	1284	3693	4225	2.76
1976	100-104	0.45297	0.91013	1.71	245	223	493	531	2.17
1976	105-109	0.56298	0.95116	1.52	22	21	37	39	1.76
1976	110+	0.65116	1.00000	1.54	1	1	2	2	1.54
1977	0	0.01643	0.01619	0.09	100000	1619	98525	6938467	69.38
1977	1-4	0.00065	0.00258	1.67	98381	254	392931	6839942	69.53
1977	5-9	0.00035	0.00176	2.37	98127	173	490181	6447011	65.70
1977	10-14	0.00037	0.00183	2.78	97954	179	489375	5956830	60.81
1977	15-19	0.00117	0.00585	2.98	97775	572	487720	5467455	55.92
1977	20-24	0.00180	0.00898	2.52	97203	873	483851	4979735	51.23
1977	25-29	0.00171	0.00852	2.54	96331	821	479635	4495884	46.67
1977	30-34	0.00197	0.00978	2.63	95510	934	475331	4016249	42.05
1977	35-39	0.00257	0.01278	2.62	94576	1209	469999	3540918	37.44
1977	40-44	0.00384	0.01903	2.72	93366	1777	462779	3070919	32.89
1977	45-49	0.00639	0.03148	2.7	91589	2883	451314	2608140	28.48
1977	50-54	0.00975	0.04765	2.65	88706	4227	433616	2156826	24.31
1977	55-59	0.01511	0.07293	2.62	84480	6161	407723	1723210	20.40
1977	60-64	0.02396	0.11336	2.64	78319	8878	370615	1315488	16.80
1977	65-69	0.03675	0.16885	2.6	69441	11725	319032	944873	13.61
1977	70-74	0.05428	0.23964	2.56	57716	13831	254815	625840	10.84
1977	75-79	0.08114	0.33707	2.49	43885	14792	182301	371025	8.45
1977	80-84	0.12022	0.45853	2.41	29092	13340	110962	188724	6.49
1977	85-89	0.17316	0.59008	2.3	15753	9295	53681	77762	4.94
1977	90-94	0.24649	0.72262	2.14	6457	4666	18930	24081	3.73
1977	95-99	0.33270	0.82567	1.95	1791	1479	4445	5151	2.88
1977	100-104	0.43347	0.89961	1.75	312	281	648	706	2.26
1977	105-109	0.54028	0.94439	1.56	31	30	55	58	1.84
1977	110+	0.62674	1.00000	1.6	2	2	3	3	1.60
1978	0	0.01533	0.01511	0.09	100000	1511	98619	6966872	69.67
1978	1-4	0.00063	0.00253	1.76	98489	249	393396	6868253	69.74
1978	5-9	0.00035	0.00176	2.27	98240	173	490727	6474857	65.91
1978	10-14	0.00036	0.00178	2.74	98067	175	489940	5984130	61.02
1978	15-19	0.00114	0.00571	2.95	97892	559	488317	5494191	56.13
1978	20-24	0.00176	0.00875	2.48	97333	852	484518	5005873	51.43
1978	25-29	0.00170	0.00844	2.48	96482	814	480355	4521355	46.86
1978	30-34	0.00176	0.00878	2.54	95668	840	476273	4041001	42.24
1978	35-39	0.00250	0.01242	2.63	94828	1177	471353	3564727	37.59
1978	40-44	0.00363	0.01801	2.68	93651	1687	464336	3093375	33.03
1978	45-49	0.00609	0.03002	2.67	91964	2760	453399	2629039	28.59
1978	50-54	0.00999	0.04880	2.65	89203	4353	435796	2175640	24.39
1978	55-59	0.01487	0.07183	2.64	84851	6095	409892	1739844	20.50
1978	60-64	0.02388	0.11301	2.63	78756	8900	372719	1329952	16.89
1978	65-69	0.03587	0.16503	2.58	69855	11528	321345	957234	13.70
1978	70-74	0.05398	0.23834	2.55	58327	13902	257524	635889	10.90
1978	75-79	0.07904	0.32951	2.48	44426	14639	185204	378365	8.52
1978	80-84	0.11963	0.45637	2.4	29787	13594	113633	193161	6.48
1978	85-89	0.17420	0.59337	2.31	16193	9609	55157	79528	4.91
1978	90-94	0.24817	0.72701	2.15	6585	4787	19290	24371	3.70
1978	95-99	0.33887	0.83176	1.94	1798	1495	4412	5082	2.83
1978	100-104	0.44296	0.90499	1.73	302	274	618	669	2.21
1978	105-109	0.55260	0.94824	1.54	29	27	49	52	1.80
1978	110+	0.64091	1.00000	1.56	1	1	2	2	1.56
1979	0	0.01475	0.01455	0.08	100000	1455	98668	7002751	70.03
1979	1-4	0.00059	0.00237	1.81	98545	234	393668	6904083	70.06
1979	5-9	0.00033	0.00164	2.25	98312	161	491114	6510415	66.22
1979	10-14	0.00033	0.00164	2.8	98150	161	490396	6019301	61.33
1979	15-19	0.00121	0.00603	2.96	97989	591	488743	5528904	56.42
1979	20-24	0.00183	0.00910	2.48	97398	886	484759	5040162	51.75
1979	25-29	0.00186	0.00925	2.52	96512	892	480347	4555402	47.20
1979	30-34	0.00190	0.00946	2.51	95620	904	475845	4075056	42.62
1979	35-39	0.00241	0.01197	2.58	94715	1134	470835	3599211	38.00
1979	40-44	0.00363	0.01798	2.71	93581	1683	464049	3128376	33.43
1979	45-49	0.00585	0.02887	2.63	91898	2653	453210	2664327	28.99
1979	50-54	0.00946	0.04629	2.68	89245	4131	436625	2211116	24.78
1979	55-59	0.01442	0.06974	2.66	85115	5936	411676	1774491	20.85
1979	60-64	0.02278	0.10812	2.64	79179	8561	375727	1362815	17.21
1979	65-69	0.03440	0.15890	2.6	70618	11221	326163	987088	13.98
1979	70-74	0.05260	0.23305	2.56	59397	13842	263178	660925	11.13
1979	75-79	0.07627	0.31996	2.48	45555	14576	191107	397747	8.73
1979	80-84	0.11556	0.44532	2.43	30979	13796	119381	206640	6.67
1979	85-89	0.16643	0.57449	2.31	17183	9872	59317	87259	5.08
1979	90-94	0.23892	0.71121	2.16	7312	5200	21765	27942	3.82
1979	95-99	0.32619	0.81955	1.96	2112	1731	5305	6177	2.93
1979	100-104	0.42760	0.89646	1.76	381	342	799	872	2.29
1979	105-109	0.53569	0.94305	1.56	39	37	69	73	1.85
1979	110+	0.62340	1.00000	1.6	2	2	4	4	1.60
1980	0	0.01412	0.01394	0.08	100000	1394	98722	6979186	69.79
1980	1-4	0.00062	0.00248	1.71	98606	244	393867	6880465	69.78
1980	5-9	0.00031	0.00155	2.43	98362	153	491418	6486597	65.95
1980	10-14	0.00030	0.00151	2.74	98209	148	490713	5995180	61.04
1980	15-19	0.00120	0.00601	2.99	98061	589	489121	5504467	56.13
1980	20-24	0.00190	0.00944	2.48	97472	920	485046	5015346	51.45
1980	25-29	0.00187	0.00931	2.49	96552	899	480504	4530301	46.92
1980	30-34	0.00201	0.01001	2.55	95653	957	475923	4049797	42.34
1980	35-39	0.00243	0.01207	2.59	94696	1143	470721	3573874	37.74
1980	40-44	0.00369	0.01832	2.67	93553	1714	463775	3103153	33.17
1980	45-49	0.00592	0.02919	2.66	91839	2681	452929	2639378	28.74
1980	50-54	0.00934	0.04568	2.65	89158	4073	436237	2186449	24.52
1980	55-59	0.01444	0.06978	2.62	85085	5937	411301	1750213	20.57
1980	60-64	0.02303	0.10917	2.63	79148	8641	375227	1338912	16.92
1980	65-69	0.03557	0.16376	2.58	70507	11546	324615	963685	13.67
1980	70-74	0.05404	0.23869	2.56	58961	14073	260428	639070	10.84
1980	75-79	0.07924	0.33030	2.48	44888	14827	187098	378642	8.44
1980	80-84	0.12201	0.46463	2.43	30061	13967	114476	191544	6.37
1980	85-89	0.17880	0.60216	2.29	16094	9691	54201	77068	4.79
1980	90-94	0.25883	0.74714	2.17	6403	4784	18482	22867	3.57
1980	95-99	0.35508	0.84652	1.91	1619	1371	3860	4385	2.71
1980	100-104	0.46509	0.91630	1.69	248	228	490	525	2.11
1980	105-109	0.57903	0.95555	1.49	21	20	34	36	1.72
1980	110+	0.66962	1.00000	1.49	1	1	1	1	1.49
1981	0	0.01324	0.01308	0.08	100000	1308	98798	7031780	70.32
1981	1-4	0.00061	0.00244	1.73	98692	241	394223	6932982	70.25
1981	5-9	0.00029	0.00143	2.36	98452	141	491885	6538760	66.42
1981	10-14	0.00033	0.00163	2.79	98311	160	491199	6046874	61.51
1981	15-19	0.00109	0.00544	3.01	98150	534	489690	5555676	56.60
1981	20-24	0.00167	0.00830	2.52	97617	810	486072	5065986	51.90
1981	25-29	0.00189	0.00938	2.52	96807	908	481780	4579914	47.31
1981	30-34	0.00199	0.00989	2.56	95898	948	477178	4098134	42.73
1981	35-39	0.00237	0.01180	2.64	94950	1120	472108	3620956	38.14
1981	40-44	0.00366	0.01815	2.66	93830	1703	465172	3148848	33.56
1981	45-49	0.00582	0.02869	2.67	92127	2644	454487	2683676	29.13
1981	50-54	0.00902	0.04415	2.67	89484	3951	438204	2229189	24.91
1981	55-59	0.01419	0.06862	2.62	85533	5869	413691	1790985	20.94
1981	60-64	0.02190	0.10411	2.63	79664	8294	378648	1377294	17.29
1981	65-69	0.03430	0.15838	2.58	71370	11303	329549	998647	13.99
1981	70-74	0.05188	0.23030	2.56	60067	13833	266621	669097	11.14
1981	75-79	0.07588	0.31857	2.48	46233	14728	194109	402476	8.71
1981	80-84	0.11626	0.44643	2.4	31505	14065	120972	208368	6.61
1981	85-89	0.16901	0.58134	2.32	17440	10139	59987	87396	5.01
1981	90-94	0.24402	0.72169	2.17	7302	5269	21595	27409	3.75
1981	95-99	0.33422	0.82755	1.95	2032	1682	5032	5814	2.86
1981	100-104	0.43882	0.90288	1.74	350	316	721	783	2.23
1981	105-109	0.54942	0.94738	1.54	34	32	59	61	1.81
1981	110+	0.63867	1.00000	1.57	2	2	3	3	1.57
1982	0	0.01325	0.01309	0.08	100000	1309	98796	7061605	70.62
1982	1-4	0.00056	0.00225	1.73	98691	222	394259	6962809	70.55
1982	5-9	0.00032	0.00160	2.39	98469	158	491932	6568550	66.71
1982	10-14	0.00030	0.00150	2.65	98311	147	491207	6076618	61.81
1982	15-19	0.00104	0.00519	2.94	98164	509	489770	5585410	56.90
1982	20-24	0.00157	0.00782	2.56	97654	763	486408	5095641	52.18
1982	25-29	0.00173	0.00860	2.54	96891	833	482404	4609233	47.57
1982	30-34	0.00191	0.00952	2.5	96058	915	478003	4126829	42.96
1982	35-39	0.00237	0.01179	2.62	95143	1122	473043	3648826	38.35
1982	40-44	0.00336	0.01668	2.65	94021	1568	466416	3175783	33.78
1982	45-49	0.00560	0.02766	2.71	92453	2557	456412	2709367	29.31
1982	50-54	0.00890	0.04360	2.66	89896	3920	440316	2252955	25.06
1982	55-59	0.01395	0.06753	2.64	85976	5806	416197	1812638	21.08
1982	60-64	0.02149	0.10224	2.63	80170	8196	381421	1396441	17.42
1982	65-69	0.03335	0.15445	2.61	71974	11117	333285	1015020	14.10
1982	70-74	0.05129	0.22799	2.57	60857	13875	270540	681735	11.20
1982	75-79	0.07581	0.31878	2.51	46983	14977	197560	411196	8.75
1982	80-84	0.11500	0.44383	2.43	32005	14205	123521	213635	6.67
1982	85-89	0.16934	0.58217	2.32	17800	10363	61197	90114	5.06
1982	90-94	0.23288	0.70093	2.16	7438	5213	22386	28918	3.89
1982	95-99	0.32482	0.81814	1.97	2224	1820	5603	6532	2.94
1982	100-104	0.42556	0.89523	1.76	405	362	851	930	2.30
1982	105-109	0.53307	0.94218	1.57	42	40	75	79	1.86
1982	110+	0.62039	1.00000	1.61	2	2	4	4	1.61
1983	0	0.01253	0.01238	0.08	100000	1238	98859	7074538	70.75
1983	1-4	0.00055	0.00220	1.64	98762	217	394534	6975679	70.63
1983	5-9	0.00027	0.00133	2.26	98544	131	492363	6581145	66.78
1983	10-14	0.00030	0.00149	2.76	98413	147	491737	6088781	61.87
1983	15-19	0.00096	0.00478	2.91	98266	470	490351	5597045	56.96
1983	20-24	0.00149	0.00742	2.57	97796	726	487221	5106694	52.22
1983	25-29	0.00170	0.00849	2.57	97071	824	483355	4619474	47.59
1983	30-34	0.00195	0.00970	2.55	96247	933	478943	4136119	42.97
1983	35-39	0.00235	0.01166	2.57	95313	1111	473869	3657176	38.37
1983	40-44	0.00341	0.01689	2.63	94202	1591	467237	3183307	33.79
1983	45-49	0.00532	0.02627	2.69	92611	2433	457444	2716071	29.33
1983	50-54	0.00867	0.04249	2.64	90178	3831	441837	2258627	25.05
1983	55-59	0.01404	0.06792	2.63	86347	5865	417846	1816790	21.04
1983	60-64	0.02160	0.10273	2.62	80482	8268	382723	1398943	17.38
1983	65-69	0.03301	0.15304	2.62	72214	11052	334760	1016221	14.07
1983	70-74	0.05100	0.22674	2.56	61162	13868	271922	681461	11.14
1983	75-79	0.07653	0.32110	2.5	47294	15186	198432	409539	8.66
1983	80-84	0.11685	0.44905	2.42	32108	14418	123388	211106	6.57
1983	85-89	0.17076	0.58465	2.3	17690	10342	60568	87718	4.96
1983	90-94	0.24896	0.72898	2.16	7347	5356	21514	27150	3.70
1983	95-99	0.33824	0.83141	1.94	1991	1656	4895	5636	2.83
1983	100-104	0.44422	0.90583	1.73	336	304	685	741	2.21
1983	105-109	0.55584	0.94928	1.53	32	30	54	56	1.79
1983	110+	0.64564	1.00000	1.55	2	2	2	2	1.55
1984	0	0.01202	0.01188	0.08	100000	1188	98903	7085820	70.86
1984	1-4	0.00049	0.00196	1.59	98812	194	394780	6986916	70.71
1984	5-9	0.00026	0.00128	2.37	98618	127	492757	6592136	66.85
1984	10-14	0.00029	0.00146	2.71	98491	144	492127	6099379	61.93
1984	15-19	0.00093	0.00462	2.92	98347	454	490793	5607251	57.01
1984	20-24	0.00146	0.00729	2.57	97893	713	487735	5116458	52.27
1984	25-29	0.00167	0.00833	2.57	97180	809	483932	4628723	47.63
1984	30-34	0.00203	0.01012	2.57	96371	975	479485	4144791	43.01
1984	35-39	0.00254	0.01262	2.6	95396	1204	474087	3665307	38.42
1984	40-44	0.00361	0.01789	2.64	94192	1686	466977	3191220	33.88
1984	45-49	0.00548	0.02704	2.71	92507	2501	456811	2724243	29.45
1984	50-54	0.00870	0.04264	2.63	90005	3838	440919	2267432	25.19
1984	55-59	0.01361	0.06595	2.66	86168	5682	417527	1826512	21.20
1984	60-64	0.02122	0.10097	2.61	80485	8127	382978	1408985	17.51
1984	65-69	0.03245	0.15067	2.63	72359	10902	335996	1026007	14.18
1984	70-74	0.05021	0.22377	2.57	61457	13752	273901	690011	11.23
1984	75-79	0.07522	0.31702	2.52	47704	15123	201062	416110	8.72
1984	80-84	0.11575	0.44659	2.44	32581	14550	125711	215048	6.60
1984	85-89	0.17038	0.58488	2.32	18031	10546	61897	89337	4.95
1984	90-94	0.25013	0.72649	2.12	7485	5438	21739	27440	3.67
1984	95-99	0.34413	0.83713	1.93	2047	1714	4980	5701	2.78
1984	100-104	0.45390	0.91103	1.71	333	304	669	721	2.16
1984	105-109	0.56873	0.95298	1.51	30	28	50	52	1.75
1984	110+	0.66054	1.00000	1.51	1	1	2	2	1.51
1985	0	0.01218	0.01205	0.08	100000	1205	98889	7069939	70.70
1985	1-4	0.00052	0.00209	1.73	98795	206	394713	6971051	70.56
1985	5-9	0.00026	0.00131	2.35	98589	129	492602	6576338	66.70
1985	10-14	0.00031	0.00155	2.88	98460	152	491976	6083735	61.79
1985	15-19	0.00088	0.00437	2.93	98307	430	490649	5591760	56.88
1985	20-24	0.00140	0.00698	2.58	97878	683	487733	5101110	52.12
1985	25-29	0.00175	0.00873	2.6	97195	848	483936	4613377	47.47
1985	30-34	0.00234	0.01162	2.57	96346	1119	479010	4129441	42.86
1985	35-39	0.00285	0.01413	2.55	95227	1345	472835	3650431	38.33
1985	40-44	0.00378	0.01875	2.6	93882	1761	465190	3177596	33.85
1985	45-49	0.00555	0.02741	2.66	92121	2525	454689	2712407	29.44
1985	50-54	0.00871	0.04270	2.67	89596	3826	439061	2257718	25.20
1985	55-59	0.01363	0.06601	2.65	85770	5662	415525	1818657	21.20
1985	60-64	0.02130	0.10135	2.61	80108	8119	381158	1403132	17.52
1985	65-69	0.03194	0.14831	2.6	71989	10677	334319	1021974	14.20
1985	70-74	0.05036	0.22419	2.55	61313	13746	272938	687655	11.22
1985	75-79	0.07401	0.31250	2.51	47567	14865	200852	414717	8.72
1985	80-84	0.11715	0.45048	2.44	32702	14732	125755	213865	6.54
1985	85-89	0.17340	0.59071	2.3	17970	10615	61219	88110	4.90
1985	90-94	0.25093	0.73026	2.14	7355	5371	21405	26891	3.66
1985	95-99	0.34689	0.83954	1.93	1984	1666	4802	5486	2.77
1985	100-104	0.45668	0.91236	1.71	318	290	636	685	2.15
1985	105-109	0.57125	0.95362	1.51	28	27	47	49	1.74
1985	110+	0.66272	1.00000	1.51	1	1	2	2	1.51
1986	0	0.01188	0.01175	0.08	100000	1175	98915	7067785	70.68
1986	1-4	0.00051	0.00205	1.68	98825	203	394829	6968870	70.52
1986	5-9	0.00025	0.00123	2.55	98622	121	492812	6574041	66.66
1986	10-14	0.00031	0.00156	2.74	98501	153	492158	6081229	61.74
1986	15-19	0.00097	0.00482	2.9	98347	474	490740	5589071	56.83
1986	20-24	0.00159	0.00790	2.59	97873	773	487501	5098332	52.09
1986	25-29	0.00193	0.00961	2.6	97100	933	483260	4610831	47.49
1986	30-34	0.00264	0.01310	2.58	96167	1260	477782	4127571	42.92
1986	35-39	0.00312	0.01546	2.53	94907	1467	470906	3649789	38.46
1986	40-44	0.00385	0.01907	2.65	93440	1782	463013	3178883	34.02
1986	45-49	0.00543	0.02682	2.63	91657	2458	452461	2715870	29.63
1986	50-54	0.00827	0.04055	2.62	89199	3617	437369	2263409	25.37
1986	55-59	0.01317	0.06389	2.66	85582	5467	415109	1826040	21.34
1986	60-64	0.02084	0.09926	2.62	80114	7952	381617	1410931	17.61
1986	65-69	0.03169	0.14730	2.61	72162	10630	335439	1029314	14.26
1986	70-74	0.04935	0.22024	2.56	61532	13552	274591	693875	11.28
1986	75-79	0.07398	0.31245	2.51	47981	14991	202629	419284	8.74
1986	80-84	0.11691	0.44864	2.41	32989	14800	126597	216655	6.57
1986	85-89	0.17058	0.58357	2.29	18189	10615	62225	90058	4.95
1986	90-94	0.25065	0.72722	2.11	7574	5508	21976	27832	3.67
1986	95-99	0.33769	0.83085	1.94	2066	1717	5084	5857	2.83
1986	100-104	0.44314	0.90522	1.73	349	316	714	773	2.21
1986	105-109	0.55427	0.94881	1.53	33	31	57	59	1.79
1986	110+	0.64374	1.00000	1.55	2	2	3	3	1.55
1987	0	0.01156	0.01144	0.08	100000	1144	98943	7063991	70.64
1987	1-4	0.00052	0.00207	1.7	98856	205	394955	6965047	70.46
1987	5-9	0.00028	0.00141	2.4	98652	139	492896	6570092	66.60
1987	10-14	0.00029	0.00144	2.83	98512	142	492255	6077196	61.69
1987	15-19	0.00094	0.00471	2.94	98371	463	490902	5584941	56.77
1987	20-24	0.00163	0.00810	2.55	97908	793	487598	5094039	52.03
1987	25-29	0.00202	0.01006	2.63	97115	977	483254	4606441	47.43
1987	30-34	0.00278	0.01380	2.58	96137	1326	477474	4123188	42.89
1987	35-39	0.00348	0.01724	2.52	94811	1634	469998	3645713	38.45
1987	40-44	0.00394	0.01953	2.6	93177	1819	461513	3175715	34.08
1987	45-49	0.00557	0.02748	2.61	91357	2511	450791	2714201	29.71
1987	50-54	0.00856	0.04195	2.65	88847	3727	435470	2263410	25.48
1987	55-59	0.01310	0.06355	2.64	85120	5409	412844	1827941	21.47
1987	60-64	0.02063	0.09828	2.61	79711	7834	379794	1415097	17.75
1987	65-69	0.03093	0.14390	2.59	71877	10343	334442	1035303	14.40
1987	70-74	0.04907	0.21924	2.57	61534	13491	274933	700862	11.39
1987	75-79	0.07170	0.30465	2.54	48043	14636	204144	425929	8.87
1987	80-84	0.11375	0.43985	2.42	33407	14694	129183	221785	6.64
1987	85-89	0.17187	0.58641	2.29	18713	10973	63847	92601	4.95
1987	90-94	0.24615	0.72576	2.17	7739	5617	22819	28755	3.72
1987	95-99	0.34249	0.83569	1.94	2122	1774	5179	5935	2.80
1987	100-104	0.45234	0.91028	1.72	349	317	702	757	2.17
1987	105-109	0.56741	0.95264	1.51	31	30	53	55	1.75
1987	110+	0.65947	1.00000	1.52	1	1	2	2	1.52
1988	0	0.01179	0.01166	0.08	100000	1166	98923	7063095	70.63
1988	1-4	0.00055	0.00220	1.57	98834	218	394805	6964172	70.46
1988	5-9	0.00028	0.00138	2.34	98616	136	492717	6569367	66.62
1988	10-14	0.00028	0.00140	2.78	98480	138	492093	6076650	61.70
1988	15-19	0.00105	0.00523	2.93	98342	514	490646	5584556	56.79
1988	20-24	0.00167	0.00829	2.56	97828	811	487157	5093910	52.07
1988	25-29	0.00201	0.01001	2.55	97016	971	482698	4606753	47.48
1988	30-34	0.00278	0.01381	2.58	96045	1326	477018	4124055	42.94
1988	35-39	0.00355	0.01761	2.52	94719	1668	469462	3647037	38.50
1988	40-44	0.00407	0.02014	2.58	93051	1874	460711	3177575	34.15
1988	45-49	0.00563	0.02779	2.58	91177	2534	449762	2716864	29.80
1988	50-54	0.00838	0.04111	2.64	88643	3644	434606	2267101	25.58
1988	55-59	0.01286	0.06242	2.62	85000	5305	412395	1832496	21.56
1988	60-64	0.02041	0.09726	2.6	79694	7751	379846	1420100	17.82
1988	65-69	0.03054	0.14225	2.59	71943	10234	335078	1040255	14.46
1988	70-74	0.04775	0.21405	2.58	61709	13209	276599	705177	11.43
1988	75-79	0.07105	0.30224	2.53	48501	14659	206304	428578	8.84
1988	80-84	0.11581	0.44688	2.45	33842	15123	130589	222274	6.57
1988	85-89	0.17253	0.58929	2.31	18718	11031	63933	91684	4.90
1988	90-94	0.25398	0.73633	2.15	7688	5661	22288	27752	3.61
1988	95-99	0.35653	0.84837	1.91	2027	1720	4823	5464	2.70
1988	100-104	0.47208	0.91995	1.68	307	283	599	640	2.08
1988	105-109	0.59123	0.95875	1.48	25	24	40	41	1.68
1988	110+	0.68528	1.00000	1.46	1	1	1	1	1.46
1989	0	0.01207	0.01194	0.08	100000	1194	98899	7102644	71.03
1989	1-4	0.00048	0.00191	1.79	98806	189	394807	7003745	70.88
1989	5-9	0.00024	0.00121	2.47	98617	119	492786	6608938	67.02
1989	10-14	0.00029	0.00145	2.84	98498	143	492182	6116153	62.09
1989	15-19	0.00098	0.00487	2.93	98356	479	490785	5623970	57.18
1989	20-24	0.00159	0.00790	2.61	97877	774	487532	5133186	52.45
1989	25-29	0.00201	0.00998	2.52	97103	970	483110	4645653	47.84
1989	30-34	0.00276	0.01369	2.6	96133	1317	477504	4162543	43.30
1989	35-39	0.00364	0.01806	2.56	94817	1712	469900	3685039	38.86
1989	40-44	0.00414	0.02047	2.52	93105	1906	460788	3215139	34.53
1989	45-49	0.00564	0.02785	2.59	91199	2540	449881	2754352	30.20
1989	50-54	0.00811	0.03979	2.65	88659	3527	434992	2304471	25.99
1989	55-59	0.01233	0.05989	2.65	85132	5099	413659	1869479	21.96
1989	60-64	0.01942	0.09278	2.61	80033	7426	382427	1455820	18.19
1989	65-69	0.02939	0.13727	2.6	72608	9967	339163	1073393	14.78
1989	70-74	0.04569	0.20579	2.59	62641	12891	282135	734230	11.72
1989	75-79	0.06783	0.29029	2.52	49750	14442	212901	452095	9.09
1989	80-84	0.11100	0.43231	2.44	35308	15264	137519	239194	6.77
1989	85-89	0.16599	0.57565	2.34	20044	11538	69510	101675	5.07
1989	90-94	0.23990	0.71532	2.18	8506	6084	25361	32165	3.78
1989	95-99	0.34047	0.83413	1.94	2421	2020	5932	6803	2.81
1989	100-104	0.45234	0.91049	1.72	402	366	808	871	2.17
1989	105-109	0.56965	0.95336	1.51	36	34	60	63	1.74
1989	110+	0.66340	1.00000	1.51	2	2	3	3	1.51
1990	0	0.01131	0.01119	0.08	100000	1119	98965	7143436	71.43
1990	1-4	0.00049	0.00194	1.61	98881	192	395064	7044471	71.24
1990	5-9	0.00024	0.00119	2.43	98689	117	493143	6649406	67.38
1990	10-14	0.00029	0.00144	2.96	98572	142	492568	6156263	62.45
1990	15-19	0.00104	0.00520	2.96	98430	512	491102	5663695	57.54
1990	20-24	0.00152	0.00756	2.51	97918	741	487746	5172593	52.83
1990	25-29	0.00194	0.00966	2.55	97177	939	483591	4684847	48.21
1990	30-34	0.00257	0.01275	2.58	96239	1227	478226	4201256	43.65
1990	35-39	0.00349	0.01731	2.57	95011	1645	471065	3723031	39.19
1990	40-44	0.00405	0.02003	2.54	93366	1870	462236	3251965	34.83
1990	45-49	0.00541	0.02673	2.63	91496	2446	451680	2789729	30.49
1990	50-54	0.00786	0.03860	2.62	89050	3437	437064	2338049	26.26
1990	55-59	0.01188	0.05779	2.63	85613	4948	416355	1900985	22.20
1990	60-64	0.01882	0.09012	2.64	80665	7270	386175	1484630	18.40
1990	65-69	0.02886	0.13492	2.59	73396	9903	343086	1098455	14.97
1990	70-74	0.04386	0.19828	2.58	63493	12590	287029	755369	11.90
1990	75-79	0.06748	0.28889	2.51	50903	14705	217932	468340	9.20
1990	80-84	0.10758	0.42217	2.45	36198	15282	142047	250409	6.92
1990	85-89	0.15913	0.55878	2.34	20916	11687	73446	108361	5.18
1990	90-94	0.24100	0.71530	2.16	9229	6601	27391	34915	3.78
1990	95-99	0.33322	0.82744	1.96	2627	2174	6524	7524	2.86
1990	100-104	0.44458	0.90658	1.73	453	411	925	999	2.20
1990	105-109	0.56216	0.95139	1.52	42	40	72	75	1.77
1990	110+	0.65651	1.00000	1.52	2	2	3	3	1.52
1991	0	0.01066	0.01056	0.07	100000	1056	99022	7168038	71.68
1991	1-4	0.00050	0.00198	1.64	98944	196	395313	7069016	71.44
1991	5-9	0.00020	0.00102	2.34	98748	101	493470	6673703	67.58
1991	10-14	0.00028	0.00138	2.75	98647	136	492928	6180232	62.65
1991	15-19	0.00100	0.00501	2.9	98511	494	491519	5687305	57.73
1991	20-24	0.00152	0.00759	2.5	98017	744	488224	5195786	53.01
1991	25-29	0.00188	0.00934	2.56	97273	908	484149	4707562	48.40
1991	30-34	0.00260	0.01291	2.6	96365	1244	478839	4223412	43.83
1991	35-39	0.00355	0.01762	2.58	95121	1676	471542	3744574	39.37
1991	40-44	0.00431	0.02130	2.55	93444	1991	462341	3273032	35.03
1991	45-49	0.00532	0.02627	2.63	91454	2402	451582	2810691	30.73
1991	50-54	0.00759	0.03726	2.62	89051	3318	437367	2359109	26.49
1991	55-59	0.01168	0.05686	2.67	85733	4875	417288	1921742	22.42
1991	60-64	0.01817	0.08714	2.65	80859	7046	387732	1504454	18.61
1991	65-69	0.02807	0.13147	2.59	73813	9704	345700	1116722	15.13
1991	70-74	0.04312	0.19532	2.59	64109	12521	290374	771022	12.03
1991	75-79	0.06496	0.27989	2.53	51587	14439	222273	480648	9.32
1991	80-84	0.10573	0.41682	2.46	37148	15484	146448	258374	6.96
1991	85-89	0.16112	0.56324	2.33	21664	12202	75736	111926	5.17
1991	90-94	0.23625	0.71062	2.2	9462	6724	28461	36190	3.82
1991	95-99	0.33835	0.83261	1.95	2738	2280	6738	7729	2.82
1991	100-104	0.45342	0.91134	1.72	458	418	921	992	2.16
1991	105-109	0.57414	0.95470	1.5	41	39	68	70	1.73
1991	110+	0.67038	1.00000	1.49	2	2	3	3	1.49
1992	0	0.00982	0.00973	0.07	100000	973	99096	7189748	71.90
1992	1-4	0.00045	0.00180	1.66	99027	178	395690	7090652	71.60
1992	5-9	0.00022	0.00108	2.5	98849	107	493976	6694962	67.73
1992	10-14	0.00026	0.00129	2.86	98742	127	493436	6200987	62.80
1992	15-19	0.00099	0.00494	2.85	98614	488	492023	5707551	57.88
1992	20-24	0.00151	0.00753	2.52	98127	739	488803	5215528	53.15
1992	25-29	0.00184	0.00918	2.62	97388	894	484813	4726726	48.54
1992	30-34	0.00253	0.01259	2.6	96493	1215	479555	4241913	43.96
1992	35-39	0.00347	0.01719	2.64	95278	1638	472525	3762358	39.49
1992	40-44	0.00445	0.02201	2.54	93640	2061	463125	3289833	35.13
1992	45-49	0.00547	0.02697	2.59	91579	2470	451939	2826708	30.87
1992	50-54	0.00752	0.03695	2.6	89109	3293	437655	2374770	26.65
1992	55-59	0.01145	0.05575	2.65	85816	4785	417834	1937114	22.57
1992	60-64	0.01773	0.08503	2.61	81031	6890	388722	1519280	18.75
1992	65-69	0.02794	0.13093	2.6	74141	9707	347401	1130558	15.25
1992	70-74	0.04191	0.19031	2.59	64434	12263	292612	783156	12.15
1992	75-79	0.06389	0.27609	2.54	52171	14404	225445	490545	9.40
1992	80-84	0.10408	0.41171	2.46	37768	15549	149399	265099	7.02
1992	85-89	0.15691	0.55432	2.35	22218	12316	78492	115700	5.21
1992	90-94	0.24243	0.71795	2.16	9902	7109	29326	37208	3.76
1992	95-99	0.33832	0.83278	1.95	2793	2326	6875	7882	2.82
1992	100-104	0.45506	0.91229	1.72	467	426	936	1007	2.16
1992	105-109	0.57743	0.95562	1.5	41	39	68	70	1.72
1992	110+	0.67479	1.00000	1.48	2	2	3	3	1.48
1993	0	0.00975	0.00966	0.07	100000	966	99103	7181301	71.81
1993	1-4	0.00044	0.00177	1.67	99034	175	395728	7082198	71.51
1993	5-9	0.00022	0.00112	2.5	98859	111	494018	6686470	67.64
1993	10-14	0.00026	0.00130	2.78	98748	129	493455	6192452	62.71
1993	15-19	0.00096	0.00477	2.93	98619	471	492122	5698996	57.79
1993	20-24	0.00158	0.00785	2.47	98149	771	488797	5206874	53.05
1993	25-29	0.00186	0.00926	2.61	97378	902	484736	4718077	48.45
1993	30-34	0.00258	0.01283	2.6	96476	1238	479411	4233342	43.88
1993	35-39	0.00348	0.01725	2.61	95238	1643	472269	3753930	39.42
1993	40-44	0.00442	0.02187	2.56	93595	2047	462981	3281661	35.06
1993	45-49	0.00541	0.02671	2.58	91548	2445	451835	2818680	30.79
1993	50-54	0.00764	0.03750	2.62	89103	3341	437559	2366845	26.56
1993	55-59	0.01161	0.05652	2.65	85762	4847	417396	1929285	22.50
1993	60-64	0.01767	0.08475	2.6	80914	6858	388110	1511889	18.69
1993	65-69	0.02817	0.13198	2.61	74056	9774	346947	1123779	15.17
1993	70-74	0.04163	0.18906	2.58	64283	12153	291943	776832	12.08
1993	75-79	0.06474	0.27889	2.52	52129	14538	224558	484889	9.30
1993	80-84	0.10516	0.41494	2.46	37591	15598	148325	260331	6.93
1993	85-89	0.16271	0.56846	2.35	21993	12502	76839	112006	5.09
1993	90-94	0.24583	0.72843	2.2	9491	6913	28123	35167	3.71
1993	95-99	0.35054	0.84403	1.93	2578	2175	6206	7044	2.73
1993	100-104	0.47175	0.92034	1.69	402	370	784	838	2.08
1993	105-109	0.59701	0.96037	1.47	32	31	52	53	1.67
1993	110+	0.69542	1.00000	1.44	1	1	2	2	1.44
1994	0	0.00880	0.00873	0.07	100000	873	99187	7210472	72.10
1994	1-4	0.00042	0.00166	1.75	99127	164	396139	7111285	71.74
1994	5-9	0.00022	0.00110	2.37	98963	109	494530	6715145	67.86
1994	10-14	0.00026	0.00131	2.79	98854	129	493986	6220615	62.93
1994	15-19	0.00097	0.00485	2.94	98725	478	492639	5726630	58.01
1994	20-24	0.00142	0.00707	2.52	98247	694	489511	5233991	53.27
1994	25-29	0.00173	0.00864	2.62	97552	843	485755	4744480	48.64
1994	30-34	0.00256	0.01271	2.6	96710	1229	480595	4258725	44.04
1994	35-39	0.00343	0.01699	2.62	95480	1622	473544	3778130	39.57
1994	40-44	0.00455	0.02249	2.54	93858	2111	464090	3304586	35.21
1994	45-49	0.00547	0.02698	2.55	91747	2475	452674	2840496	30.96
1994	50-54	0.00767	0.03765	2.65	89272	3361	438447	2387821	26.75
1994	55-59	0.01148	0.05592	2.66	85911	4804	418308	1949375	22.69
1994	60-64	0.01751	0.08402	2.61	81107	6814	389270	1531067	18.88
1994	65-69	0.02723	0.12778	2.6	74293	9493	348676	1141797	15.37
1994	70-74	0.04099	0.18636	2.57	64799	12076	294610	793121	12.24
1994	75-79	0.06232	0.27038	2.55	52723	14256	228761	498511	9.46
1994	80-84	0.10236	0.40631	2.46	38468	15630	152693	269749	7.01
1994	85-89	0.16154	0.56601	2.36	22838	12926	80021	117056	5.13
1994	90-94	0.24217	0.71870	2.17	9911	7123	29414	37035	3.74
1994	95-99	0.35029	0.84405	1.93	2788	2353	6718	7621	2.73
1994	100-104	0.47345	0.92126	1.68	435	401	846	903	2.08
1994	105-109	0.60060	0.96125	1.46	34	33	55	57	1.66
1994	110+	0.70023	1.00000	1.43	1	1	2	2	1.43
1995	0	0.00857	0.00850	0.07	100000	850	99207	7240565	72.41
1995	1-4	0.00040	0.00159	1.57	99150	157	396216	7141357	72.03
1995	5-9	0.00020	0.00099	2.31	98992	98	494698	6745141	68.14
1995	10-14	0.00026	0.00130	2.84	98894	128	494195	6250443	63.20
1995	15-19	0.00089	0.00446	2.93	98766	441	492920	5756248	58.28
1995	20-24	0.00138	0.00685	2.54	98326	674	489969	5263328	53.53
1995	25-29	0.00168	0.00836	2.66	97652	817	486345	4773358	48.88
1995	30-34	0.00243	0.01209	2.61	96835	1170	481373	4287013	44.27
1995	35-39	0.00327	0.01623	2.64	95665	1553	474654	3805639	39.78
1995	40-44	0.00453	0.02243	2.58	94112	2111	465450	3330985	35.39
1995	45-49	0.00553	0.02729	2.55	92001	2511	453861	2865536	31.15
1995	50-54	0.00744	0.03654	2.6	89490	3270	439618	2411674	26.95
1995	55-59	0.01105	0.05386	2.63	86220	4644	420108	1972056	22.87
1995	60-64	0.01685	0.08103	2.64	81576	6610	392280	1551948	19.02
1995	65-69	0.02640	0.12426	2.64	74966	9315	352812	1159668	15.47
1995	70-74	0.04039	0.18387	2.56	65651	12071	298848	806856	12.29
1995	75-79	0.06167	0.26807	2.56	53580	14363	232894	508008	9.48
1995	80-84	0.10246	0.40694	2.47	39217	15959	155756	275115	7.02
1995	85-89	0.15997	0.56194	2.35	23258	13070	81698	119359	5.13
1995	90-94	0.24600	0.72424	2.16	10188	7379	29995	37661	3.70
1995	95-99	0.35093	0.84465	1.93	2810	2373	6762	7666	2.73
1995	100-104	0.47460	0.92180	1.68	436	402	848	904	2.07
1995	105-109	0.60214	0.96161	1.46	34	33	55	56	1.65
1995	110+	0.70195	1.00000	1.42	1	1	2	2	1.42
1996	0	0.00819	0.00813	0.07	100000	813	99242	7305534	73.06
1996	1-4	0.00034	0.00138	1.66	99187	137	396429	7206292	72.65
1996	5-9	0.00020	0.00100	2.3	99051	99	494987	6809863	68.75
1996	10-14	0.00023	0.00115	2.81	98952	114	494511	6314877	63.82
1996	15-19	0.00083	0.00414	2.97	98838	410	493359	5820366	58.89
1996	20-24	0.00129	0.00645	2.4	98429	634	490492	5327007	54.12
1996	25-29	0.00141	0.00704	2.64	97794	688	487345	4836515	49.46
1996	30-34	0.00204	0.01016	2.62	97106	986	483187	4349169	44.79
1996	35-39	0.00273	0.01355	2.61	96120	1303	477491	3865982	40.22
1996	40-44	0.00386	0.01910	2.59	94817	1811	469728	3388491	35.74
1996	45-49	0.00514	0.02537	2.61	93006	2359	459400	2918763	31.38
1996	50-54	0.00690	0.03395	2.68	90647	3078	446097	2459363	27.13
1996	55-59	0.01056	0.05153	2.65	87569	4512	427255	2013266	22.99
1996	60-64	0.01684	0.08097	2.63	83057	6725	399376	1586011	19.10
1996	65-69	0.02583	0.12168	2.63	76331	9288	359634	1186635	15.55
1996	70-74	0.03990	0.18186	2.57	67043	12192	305595	827001	12.34
1996	75-79	0.06115	0.26605	2.56	54851	14593	238630	521406	9.51
1996	80-84	0.10190	0.40528	2.48	40258	16316	160106	282776	7.02
1996	85-89	0.16021	0.56174	2.34	23942	13449	83951	122670	5.12
1996	90-94	0.24617	0.72456	2.16	10493	7603	30884	38719	3.69
1996	95-99	0.35343	0.84694	1.93	2890	2448	6926	7835	2.71
1996	100-104	0.47866	0.92366	1.68	442	409	854	909	2.05
1996	105-109	0.60737	0.96277	1.45	34	33	54	55	1.64
1996	110+	0.70770	1.00000	1.41	1	1	2	2	1.41
1997	0	0.00794	0.00788	0.07	100000	788	99264	7378121	73.78
1997	1-4	0.00038	0.00151	1.63	99212	150	396492	7278857	73.37
1997	5-9	0.00015	0.00077	2.38	99062	77	495109	6882365	69.48
1997	10-14	0.00024	0.00118	2.86	98985	117	494677	6387256	64.53
1997	15-19	0.00080	0.00397	3.02	98869	393	493564	5892578	59.60
1997	20-24	0.00133	0.00661	2.51	98476	651	490757	5399014	54.83
1997	25-29	0.00131	0.00652	2.51	97825	638	487534	4908258	50.17
1997	30-34	0.00167	0.00832	2.6	97187	808	483994	4420723	45.49
1997	35-39	0.00222	0.01102	2.64	96379	1062	479382	3936730	40.85
1997	40-44	0.00332	0.01648	2.66	95316	1571	472903	3457348	36.27
1997	45-49	0.00466	0.02305	2.63	93745	2161	463612	2984445	31.84
1997	50-54	0.00644	0.03175	2.7	91585	2908	451232	2520833	27.52
1997	55-59	0.00989	0.04836	2.68	88676	4288	433424	2069602	23.34
1997	60-64	0.01571	0.07575	2.67	84388	6393	407019	1636177	19.39
1997	65-69	0.02520	0.11887	2.62	77996	9271	367895	1229158	15.76
1997	70-74	0.03848	0.17589	2.56	68724	12088	314134	861263	12.53
1997	75-79	0.05899	0.25805	2.58	56637	14615	247759	547130	9.66
1997	80-84	0.09904	0.39660	2.49	42022	16666	168274	299370	7.12
1997	85-89	0.15694	0.55516	2.37	25356	14077	89692	131097	5.17
1997	90-94	0.24773	0.72791	2.17	11280	8210	33143	41404	3.67
1997	95-99	0.35596	0.84949	1.92	3069	2607	7324	8261	2.69
1997	100-104	0.48507	0.92664	1.67	462	428	882	937	2.03
1997	105-109	0.61705	0.96489	1.44	34	33	53	55	1.61
1997	110+	0.71911	1.00000	1.39	1	1	2	2	1.39
1998	0	0.00748	0.00743	0.07	100000	743	99305	7433822	74.34
1998	1-4	0.00031	0.00126	1.64	99257	125	396733	7334517	73.89
1998	5-9	0.00016	0.00080	2.27	99132	79	495445	6937783	69.99
1998	10-14	0.00020	0.00100	2.83	99053	99	495050	6442339	65.04
1998	15-19	0.00075	0.00374	3.01	98954	370	494036	5947289	60.10
1998	20-24	0.00121	0.00603	2.53	98584	595	491452	5453253	55.32
1998	25-29	0.00116	0.00577	2.52	97990	565	488548	4961801	50.64
1998	30-34	0.00142	0.00708	2.62	97424	689	485482	4473252	45.92
1998	35-39	0.00201	0.01000	2.59	96735	967	481341	3987771	41.22
1998	40-44	0.00294	0.01462	2.64	95768	1400	475536	3506430	36.61
1998	45-49	0.00438	0.02168	2.65	94368	2046	467021	3030894	32.12
1998	50-54	0.00615	0.03029	2.62	92322	2797	454950	2563873	27.77
1998	55-59	0.00960	0.04696	2.63	89525	4204	437683	2108923	23.56
1998	60-64	0.01528	0.07373	2.65	85321	6291	411809	1671240	19.59
1998	65-69	0.02384	0.11273	2.6	79031	8910	373778	1259431	15.94
1998	70-74	0.03800	0.17402	2.58	70121	12203	321087	885653	12.63
1998	75-79	0.05767	0.25271	2.55	57918	14637	253798	564566	9.75
1998	80-84	0.09827	0.39417	2.49	43282	17060	173608	310768	7.18
1998	85-89	0.15525	0.55306	2.4	26222	14502	93412	137160	5.23
1998	90-94	0.24229	0.72029	2.19	11719	8441	34841	43748	3.73
1998	95-99	0.35223	0.84631	1.93	3278	2774	7876	8907	2.72
1998	100-104	0.48064	0.92477	1.67	504	466	969	1031	2.05
1998	105-109	0.61247	0.96397	1.45	38	37	60	62	1.62
1998	110+	0.71477	1.00000	1.4	1	1	2	2	1.40
1999	0	0.00744	0.00739	0.06	100000	739	99309	7429421	74.29
1999	1-4	0.00034	0.00134	1.74	99261	133	396744	7330111	73.85
1999	5-9	0.00016	0.00080	2.52	99128	79	495444	6933368	69.94
1999	10-14	0.00020	0.00099	2.72	99049	98	495019	6437924	65.00
1999	15-19	0.00075	0.00372	3.04	98950	369	494029	5942905	60.06
1999	20-24	0.00120	0.00599	2.49	98582	591	491424	5448876	55.27
1999	25-29	0.00112	0.00558	2.52	97991	546	488603	4957452	50.59
1999	30-34	0.00145	0.00721	2.65	97445	703	485570	4468849	45.86
1999	35-39	0.00194	0.00966	2.67	96742	934	481530	3983279	41.17
1999	40-44	0.00295	0.01466	2.7	95808	1405	475807	3501749	36.55
1999	45-49	0.00442	0.02186	2.63	94403	2064	467115	3025942	32.05
1999	50-54	0.00636	0.03134	2.64	92339	2894	454857	2558827	27.71
1999	55-59	0.00995	0.04861	2.65	89446	4348	437021	2103970	23.52
1999	60-64	0.01517	0.07331	2.7	85098	6238	411152	1666950	19.59
1999	65-69	0.02381	0.11271	2.63	78859	8888	373275	1255798	15.92
1999	70-74	0.03754	0.17213	2.59	69971	12044	320817	882522	12.61
1999	75-79	0.05784	0.25379	2.59	57927	14702	254158	561706	9.70
1999	80-84	0.09868	0.39567	2.5	43226	17103	173320	307548	7.11
1999	85-89	0.15985	0.56250	2.37	26122	14694	91925	134228	5.14
1999	90-94	0.24381	0.72046	2.16	11428	8234	33772	42303	3.70
1999	95-99	0.35907	0.85219	1.92	3195	2722	7582	8532	2.67
1999	100-104	0.48956	0.92854	1.66	472	438	896	950	2.01
1999	105-109	0.62238	0.96597	1.43	34	33	52	54	1.60
1999	110+	0.72464	1.00000	1.38	1	1	2	2	1.38
2000	0	0.00773	0.00768	0.07	100000	768	99283	7448365	74.48
2000	1-4	0.00030	0.00119	1.49	99232	118	396634	7349082	74.06
2000	5-9	0.00015	0.00075	2.36	99114	75	495375	6952448	70.15
2000	10-14	0.00018	0.00088	2.84	99040	87	495010	6457074	65.20
2000	15-19	0.00072	0.00362	3	98953	358	494047	5962064	60.25
2000	20-24	0.00124	0.00617	2.53	98595	608	491469	5468017	55.46
2000	25-29	0.00117	0.00582	2.58	97986	570	488555	4976547	50.79
2000	30-34	0.00142	0.00710	2.64	97416	692	485450	4487992	46.07
2000	35-39	0.00194	0.00965	2.62	96724	933	481401	4002542	41.38
2000	40-44	0.00295	0.01463	2.67	95791	1401	475684	3521141	36.76
2000	45-49	0.00439	0.02171	2.66	94390	2049	467163	3045457	32.26
2000	50-54	0.00640	0.03152	2.61	92340	2910	454752	2578294	27.92
2000	55-59	0.00965	0.04719	2.65	89430	4220	437240	2123542	23.75
2000	60-64	0.01476	0.07132	2.65	85210	6077	411761	1686302	19.79
2000	65-69	0.02295	0.10877	2.61	79133	8608	375100	1274541	16.11
2000	70-74	0.03581	0.16490	2.6	70525	11630	324746	899441	12.75
2000	75-79	0.05687	0.25002	2.59	58896	14725	258928	574695	9.76
2000	80-84	0.09741	0.39159	2.5	44170	17297	177568	315767	7.15
2000	85-89	0.15739	0.55681	2.37	26874	14964	95071	138200	5.14
2000	90-94	0.25153	0.73474	2.17	11910	8751	34790	43129	3.62
2000	95-99	0.36363	0.85623	1.91	3159	2705	7439	8339	2.64
2000	100-104	0.49753	0.93189	1.64	454	423	851	899	1.98
2000	105-109	0.63279	0.96801	1.42	31	30	47	49	1.57
2000	110+	0.73596	1.00000	1.36	1	1	1	1	1.36
2001	0	0.00712	0.00708	0.06	100000	708	99338	7457347	74.57
2001	1-4	0.00030	0.00120	1.66	99292	119	396890	7358009	74.10
2001	5-9	0.00016	0.00078	2.5	99173	77	495672	6961120	70.19
2001	10-14	0.00018	0.00089	2.82	99096	88	495288	6465448	65.24
2001	15-19	0.00075	0.00375	3.14	99008	371	494350	5970160	60.30
2001	20-24	0.00136	0.00677	2.58	98637	668	491569	5475810	55.51
2001	25-29	0.00139	0.00694	2.54	97970	680	488175	4984241	50.88
2001	30-34	0.00159	0.00793	2.61	97289	772	484600	4496066	46.21
2001	35-39	0.00221	0.01101	2.62	96518	1063	480064	4011466	41.56
2001	40-44	0.00300	0.01489	2.63	95455	1422	473912	3531402	37.00
2001	45-49	0.00457	0.02260	2.66	94034	2125	465205	3057491	32.51
2001	50-54	0.00640	0.03154	2.64	91909	2899	452690	2592286	28.21
2001	55-59	0.00924	0.04521	2.66	89010	4024	435646	2139596	24.04
2001	60-64	0.01437	0.06952	2.66	84985	5908	411113	1703950	20.05
2001	65-69	0.02203	0.10473	2.64	79077	8282	375865	1292837	16.35
2001	70-74	0.03463	0.16006	2.64	70796	11332	327197	916973	12.95
2001	75-79	0.05516	0.24320	2.57	59464	14461	262170	589775	9.92
2001	80-84	0.09373	0.38016	2.52	45002	17108	182515	327606	7.28
2001	85-89	0.15515	0.55190	2.39	27894	15395	99226	145091	5.20
2001	90-94	0.24653	0.72730	2.18	12500	9091	36876	45865	3.67
2001	95-99	0.36375	0.85671	1.91	3409	2920	8028	8989	2.64
2001	100-104	0.50092	0.93342	1.64	488	456	910	961	1.97
2001	105-109	0.63905	0.96924	1.41	33	32	49	51	1.56
2001	110+	0.74371	1.00000	1.34	1	1	1	1	1.34
2002	0	0.00706	0.00701	0.06	100000	701	99344	7495367	74.95
2002	1-4	0.00029	0.00117	1.65	99299	116	396924	7396023	74.48
2002	5-9	0.00014	0.00070	2.29	99183	70	495726	6999100	70.57
2002	10-14	0.00021	0.00104	2.84	99113	103	495344	6503374	65.62
2002	15-19	0.00075	0.00374	3.07	99010	370	494337	6008030	60.68
2002	20-24	0.00128	0.00638	2.51	98640	630	491631	5513692	55.90
2002	25-29	0.00119	0.00595	2.53	98010	583	488610	5022062	51.24
2002	30-34	0.00137	0.00684	2.6	97427	667	485533	4533452	46.53
2002	35-39	0.00196	0.00973	2.65	96760	942	481584	4047919	41.83
2002	40-44	0.00286	0.01419	2.65	95819	1360	475902	3566334	37.22
2002	45-49	0.00424	0.02100	2.65	94459	1984	467634	3090432	32.72
2002	50-54	0.00617	0.03042	2.61	92475	2813	455649	2622799	28.36
2002	55-59	0.00919	0.04500	2.66	89662	4035	438869	2167149	24.17
2002	60-64	0.01404	0.06793	2.64	85627	5817	414378	1728281	20.18
2002	65-69	0.02164	0.10299	2.66	79810	8220	379785	1313902	16.46
2002	70-74	0.03407	0.15752	2.61	71590	11277	330971	934118	13.05
2002	75-79	0.05404	0.23871	2.56	60313	14397	266410	603147	10.00
2002	80-84	0.09206	0.37482	2.52	45916	17210	186950	336737	7.33
2002	85-89	0.15431	0.54948	2.38	28706	15773	102220	149787	5.22
2002	90-94	0.24517	0.72683	2.2	12933	9400	38340	47566	3.68
2002	95-99	0.36752	0.86003	1.91	3533	3038	8267	9227	2.61
2002	100-104	0.50794	0.93620	1.63	494	463	911	960	1.94
2002	105-109	0.64834	0.97090	1.39	32	31	47	48	1.54
2002	110+	0.75371	1.00000	1.33	1	1	1	1	1.33
2003	0	0.00712	0.00707	0.06	100000	707	99338	7520681	75.21
2003	1-4	0.00026	0.00104	1.66	99293	103	396931	7421342	74.74
2003	5-9	0.00013	0.00065	2.39	99190	64	495782	7024411	70.82
2003	10-14	0.00018	0.00089	2.78	99126	88	495432	6528630	65.86
2003	15-19	0.00076	0.00379	3.09	99037	376	494468	6033198	60.92
2003	20-24	0.00133	0.00661	2.5	98661	652	491675	5538729	56.14
2003	25-29	0.00126	0.00628	2.49	98009	615	488501	5047054	51.50
2003	30-34	0.00131	0.00652	2.58	97394	635	485436	4558553	46.81
2003	35-39	0.00176	0.00879	2.6	96759	850	481753	4073117	42.10
2003	40-44	0.00271	0.01347	2.7	95909	1292	476568	3591365	37.45
2003	45-49	0.00426	0.02108	2.67	94616	1995	468431	3114797	32.92
2003	50-54	0.00619	0.03048	2.62	92622	2823	456391	2646366	28.57
2003	55-59	0.00888	0.04349	2.62	89799	3906	439687	2189975	24.39
2003	60-64	0.01378	0.06672	2.62	85893	5731	415846	1750288	20.38
2003	65-69	0.02096	0.09987	2.64	80162	8005	381887	1334442	16.65
2003	70-74	0.03309	0.15335	2.62	72157	11065	334420	952555	13.20
2003	75-79	0.05280	0.23393	2.56	61091	14291	270642	618135	10.12
2003	80-84	0.09072	0.37047	2.53	46801	17338	191127	347493	7.42
2003	85-89	0.14945	0.53929	2.42	29462	15889	106311	156366	5.31
2003	90-94	0.24466	0.72555	2.2	13573	9848	40253	50055	3.69
2003	95-99	0.36439	0.85766	1.91	3725	3195	8768	9802	2.63
2003	100-104	0.50541	0.93536	1.63	530	496	981	1034	1.95
2003	105-109	0.64679	0.97068	1.4	34	33	51	53	1.54
2003	110+	0.75300	1.00000	1.33	1	1	1	1	1.33
2004	0	0.00713	0.00708	0.06	100000	708	99337	7564264	75.64
2004	1-4	0.00027	0.00107	1.7	99292	106	396923	7464927	75.18
2004	5-9	0.00013	0.00065	2.45	99186	65	495765	7068004	71.26
2004	10-14	0.00016	0.00081	2.85	99121	80	495433	6572240	66.31
2004	15-19	0.00073	0.00362	3	99041	359	494487	6076807	61.36
2004	20-24	0.00125	0.00621	2.56	98682	613	491918	5582320	56.57
2004	25-29	0.00122	0.00610	2.5	98069	598	488855	5090402	51.91
2004	30-34	0.00127	0.00631	2.58	97471	615	485871	4601547	47.21
2004	35-39	0.00175	0.00873	2.62	96857	846	482267	4115676	42.49
2004	40-44	0.00263	0.01308	2.64	96011	1255	477093	3633409	37.84
2004	45-49	0.00401	0.01984	2.64	94755	1880	469337	3156316	33.31
2004	50-54	0.00605	0.02984	2.63	92875	2772	457809	2686979	28.93
2004	55-59	0.00870	0.04261	2.64	90103	3839	441451	2229170	24.74
2004	60-64	0.01334	0.06464	2.63	86264	5576	418120	1787719	20.72
2004	65-69	0.02025	0.09663	2.64	80688	7797	385079	1369599	16.97
2004	70-74	0.03137	0.14592	2.61	72891	10636	339039	984520	13.51
2004	75-79	0.05069	0.22585	2.59	62255	14060	277353	645481	10.37
2004	80-84	0.08611	0.35500	2.53	48195	17109	198691	368128	7.64
2004	85-89	0.14517	0.52869	2.43	31086	16435	113207	169437	5.45
2004	90-94	0.23187	0.70426	2.21	14651	10318	44498	56229	3.84
2004	95-99	0.35281	0.84815	1.94	4333	3675	10416	11731	2.71
2004	100-104	0.49266	0.93056	1.66	658	612	1243	1314	2.00
2004	105-109	0.63481	0.96865	1.41	46	44	70	72	1.57
2004	110+	0.74272	1.00000	1.35	1	1	2	2	1.35
2005	0	0.00701	0.00696	0.06	100000	696	99348	7571219	75.71
2005	1-4	0.00027	0.00109	1.53	99304	108	396949	7471871	75.24
2005	5-9	0.00014	0.00072	2.25	99196	72	495782	7074922	71.32
2005	10-14	0.00017	0.00087	2.72	99124	86	495424	6579140	66.37
2005	15-19	0.00072	0.00357	3.05	99038	354	494503	6083715	61.43
2005	20-24	0.00135	0.00671	2.61	98685	662	491840	5589213	56.64
2005	25-29	0.00129	0.00642	2.47	98022	629	488522	5097372	52.00
2005	30-34	0.00129	0.00643	2.56	97394	626	485442	4608850	47.32
2005	35-39	0.00168	0.00838	2.7	96768	811	481972	4123408	42.61
2005	40-44	0.00260	0.01295	2.64	95957	1242	476852	3641436	37.95
2005	45-49	0.00399	0.01976	2.65	94714	1872	469179	3164584	33.41
2005	50-54	0.00619	0.03049	2.63	92843	2831	457517	2695405	29.03
2005	55-59	0.00869	0.04259	2.64	90012	3834	441009	2237889	24.86
2005	60-64	0.01305	0.06331	2.65	86178	5456	418079	1796879	20.85
2005	65-69	0.01927	0.09211	2.62	80722	7435	385943	1378800	17.08
2005	70-74	0.03132	0.14567	2.61	73287	10676	340878	992857	13.55
2005	75-79	0.04954	0.22142	2.61	62611	13863	279855	651979	10.41
2005	80-84	0.08500	0.35120	2.53	48748	17120	201422	372124	7.63
2005	85-89	0.14445	0.52628	2.42	31628	16645	115233	170702	5.40
2005	90-94	0.24326	0.72251	2.19	14983	10825	44500	55468	3.70
2005	95-99	0.36300	0.85709	1.92	4158	3563	9817	10969	2.64
2005	100-104	0.50850	0.93681	1.63	594	557	1095	1152	1.94
2005	105-109	0.65395	0.97199	1.39	38	36	56	57	1.52
2005	110+	0.76222	1.00000	1.31	1	1	1	1	1.31
2006	0	0.00715	0.00711	0.06	100000	711	99335	7598338	75.98
2006	1-4	0.00027	0.00108	1.61	99289	107	396903	7499002	75.53
2006	5-9	0.00013	0.00064	2.48	99183	64	495752	7102100	71.61
2006	10-14	0.00015	0.00075	2.79	99119	74	495429	6606348	66.65
2006	15-19	0.00072	0.00358	3.13	99044	354	494557	6110920	61.70
2006	20-24	0.00137	0.00681	2.6	98690	672	491832	5616362	56.91
2006	25-29	0.00134	0.00668	2.47	98017	655	488428	5124530	52.28
2006	30-34	0.00139	0.00690	2.56	97363	672	485173	4636102	47.62
2006	35-39	0.00175	0.00873	2.61	96691	844	481437	4150929	42.93
2006	40-44	0.00263	0.01307	2.69	95846	1253	476332	3669493	38.29
2006	45-49	0.00400	0.01980	2.69	94593	1873	468644	3193161	33.76
2006	50-54	0.00594	0.02931	2.66	92720	2717	457236	2724516	29.38
2006	55-59	0.00856	0.04194	2.65	90003	3775	441146	2267280	25.19
2006	60-64	0.01290	0.06262	2.69	86228	5399	418674	1826134	21.18
2006	65-69	0.01919	0.09180	2.63	80829	7420	386587	1407460	17.41
2006	70-74	0.02931	0.13700	2.62	73409	10057	343157	1020873	13.91
2006	75-79	0.04723	0.21217	2.61	63352	13442	284608	677716	10.70
2006	80-84	0.08109	0.33774	2.53	49911	16857	207871	393108	7.88
2006	85-89	0.13845	0.51074	2.43	33054	16882	121940	185237	5.60
2006	90-94	0.22683	0.69866	2.25	16172	11299	49812	63297	3.91
2006	95-99	0.34397	0.84071	1.96	4873	4097	11911	13485	2.77
2006	100-104	0.48465	0.92752	1.67	776	720	1486	1575	2.03
2006	105-109	0.62892	0.96767	1.42	56	54	87	89	1.58
2006	110+	0.73892	1.00000	1.35	2	2	2	2	1.35
2007	0	0.00699	0.00694	0.06	100000	694	99350	7638640	76.39
2007	1-4	0.00027	0.00109	1.74	99306	108	396977	7539291	75.92
2007	5-9	0.00014	0.00068	2.22	99197	68	495798	7142313	72.00
2007	10-14	0.00016	0.00078	2.89	99130	77	495484	6646516	67.05
2007	15-19	0.00066	0.00328	3.05	99052	325	494628	6151031	62.10
2007	20-24	0.00120	0.00600	2.56	98727	592	492188	5656403	57.29
2007	25-29	0.00125	0.00625	2.52	98135	613	489152	5164215	52.62
2007	30-34	0.00126	0.00630	2.61	97521	615	486136	4675062	47.94
2007	35-39	0.00157	0.00783	2.64	96907	759	482744	4188926	43.23
2007	40-44	0.00250	0.01244	2.64	96147	1196	477911	3706182	38.55
2007	45-49	0.00371	0.01841	2.64	94951	1748	470624	3228272	34.00
2007	50-54	0.00574	0.02832	2.64	93203	2640	459771	2757648	29.59
2007	55-59	0.00836	0.04100	2.62	90563	3714	443991	2297877	25.37
2007	60-64	0.01257	0.06105	2.65	86849	5302	421782	1853886	21.35
2007	65-69	0.01870	0.08956	2.65	81547	7304	390576	1432103	17.56
2007	70-74	0.02854	0.13362	2.62	74244	9920	347612	1041527	14.03
2007	75-79	0.04645	0.20903	2.61	64323	13446	289484	693916	10.79
2007	80-84	0.07984	0.33382	2.55	50878	16984	212736	404432	7.95
2007	85-89	0.13576	0.50390	2.44	33894	17079	125808	191696	5.66
2007	90-94	0.22624	0.69663	2.24	16815	11714	51776	65888	3.92
2007	95-99	0.34394	0.84089	1.96	5101	4290	12472	14113	2.77
2007	100-104	0.48632	0.92833	1.67	812	753	1549	1641	2.02
2007	105-109	0.63214	0.96831	1.42	58	56	89	92	1.57
2007	110+	0.74291	1.00000	1.35	2	2	2	2	1.35
2008	0	0.00691	0.00686	0.06	100000	686	99358	7652167	76.52
2008	1-4	0.00028	0.00111	1.69	99314	110	397001	7552809	76.05
2008	5-9	0.00011	0.00055	2.27	99204	55	495871	7155808	72.13
2008	10-14	0.00015	0.00077	2.86	99149	76	495584	6659937	67.17
2008	15-19	0.00060	0.00299	3.16	99073	296	494821	6164353	62.22
2008	20-24	0.00119	0.00593	2.55	98777	586	492450	5669531	57.40
2008	25-29	0.00124	0.00619	2.48	98192	608	489429	5177082	52.72
2008	30-34	0.00129	0.00641	2.54	97584	625	486383	4687653	48.04
2008	35-39	0.00163	0.00813	2.64	96958	789	482931	4201270	43.33
2008	40-44	0.00238	0.01184	2.68	96170	1139	478206	3718339	38.66
2008	45-49	0.00365	0.01809	2.65	95031	1720	471105	3240134	34.10
2008	50-54	0.00564	0.02781	2.63	93311	2595	460404	2769028	29.68
2008	55-59	0.00838	0.04107	2.63	90716	3726	444734	2308624	25.45
2008	60-64	0.01224	0.05948	2.64	86990	5174	422740	1863890	21.43
2008	65-69	0.01873	0.08964	2.61	81816	7334	391549	1441150	17.61
2008	70-74	0.02853	0.13356	2.61	74482	9948	348669	1049601	14.09
2008	75-79	0.04575	0.20611	2.6	64534	13301	290748	700932	10.86
2008	80-84	0.07799	0.32809	2.58	51233	16809	215538	410184	8.01
2008	85-89	0.13451	0.50084	2.45	34424	17241	128175	194646	5.65
2008	90-94	0.22915	0.70109	2.23	17183	12047	52572	66470	3.87
2008	95-99	0.35237	0.84884	1.95	5136	4360	12373	13899	2.71
2008	100-104	0.50102	0.93442	1.64	776	725	1448	1526	1.97
2008	105-109	0.65094	0.97166	1.39	51	49	76	78	1.53
2008	110+	0.76257	1.00000	1.31	1	1	2	2	1.31
2009	0	0.00649	0.00645	0.06	100000	645	99395	7687974	76.88
2009	1-4	0.00023	0.00091	1.61	99355	90	397203	7588579	76.38
2009	5-9	0.00011	0.00057	2.41	99264	57	496175	7191376	72.45
2009	10-14	0.00015	0.00073	2.81	99208	72	495880	6695201	67.49
2009	15-19	0.00056	0.00280	3.02	99136	278	495126	6199321	62.53
2009	20-24	0.00114	0.00566	2.58	98857	560	492931	5704195	57.70
2009	25-29	0.00122	0.00609	2.61	98298	599	490057	5211264	53.02
2009	30-34	0.00129	0.00643	2.49	97699	628	486918	4721208	48.32
2009	35-39	0.00147	0.00735	2.64	97071	713	483674	4234289	43.62
2009	40-44	0.00239	0.01190	2.63	96357	1146	479070	3750616	38.92
2009	45-49	0.00357	0.01770	2.65	95211	1685	472091	3271546	34.36
2009	50-54	0.00562	0.02775	2.64	93526	2596	461511	2799455	29.93
2009	55-59	0.00826	0.04050	2.61	90930	3683	445858	2337944	25.71
2009	60-64	0.01210	0.05883	2.65	87247	5133	424163	1892086	21.69
2009	65-69	0.01813	0.08689	2.61	82115	7135	393512	1467923	17.88
2009	70-74	0.02760	0.12946	2.61	74980	9707	351653	1074411	14.33
2009	75-79	0.04471	0.20187	2.6	65272	13176	294697	722758	11.07
2009	80-84	0.07529	0.31818	2.57	52096	16576	220163	428061	8.22
2009	85-89	0.12922	0.48736	2.48	35520	17311	133965	207899	5.85
2009	90-94	0.21614	0.68156	2.29	18209	12411	57420	73933	4.06
2009	95-99	0.33256	0.83059	1.99	5798	4816	14482	16514	2.85
2009	100-104	0.47464	0.92357	1.69	982	907	1911	2031	2.07
2009	105-109	0.62207	0.96653	1.43	75	73	117	120	1.60
2009	110+	0.73502	1.00000	1.36	3	3	3	3	1.36
2010	0	0.00615	0.00611	0.06	100000	611	99426	7709339	77.09
2010	1-4	0.00022	0.00088	1.62	99389	88	397346	7609913	76.57
2010	5-9	0.00010	0.00051	2.54	99301	51	496380	7212567	72.63
2010	10-14	0.00014	0.00072	2.79	99250	72	496092	6716188	67.67
2010	15-19	0.00060	0.00301	3.12	99179	298	495333	6220095	62.72
2010	20-24	0.00119	0.00594	2.6	98880	587	492993	5724763	57.90
2010	25-29	0.00121	0.00602	2.45	98293	592	489957	5231769	53.23
2010	30-34	0.00123	0.00613	2.5	97701	599	487010	4741812	48.53
2010	35-39	0.00147	0.00731	2.58	97102	710	483788	4254803	43.82
2010	40-44	0.00223	0.01107	2.69	96392	1067	479492	3771014	39.12
2010	45-49	0.00364	0.01803	2.71	95325	1718	472691	3291523	34.53
2010	50-54	0.00551	0.02718	2.65	93606	2544	462061	2818832	30.11
2010	55-59	0.00817	0.04008	2.63	91062	3650	446676	2356770	25.88
2010	60-64	0.01197	0.05819	2.63	87412	5086	425030	1910094	21.85
2010	65-69	0.01774	0.08515	2.63	82326	7010	395038	1485065	18.04
2010	70-74	0.02734	0.12836	2.62	75316	9667	353554	1090027	14.47
2010	75-79	0.04318	0.19557	2.59	65649	12839	297335	736472	11.22
2010	80-84	0.07258	0.30866	2.58	52810	16300	224601	439137	8.32
2010	85-89	0.12740	0.48117	2.46	36510	17567	137894	214536	5.88
2010	90-94	0.21606	0.67777	2.25	18942	12839	59421	76643	4.05
2010	95-99	0.33586	0.83417	1.98	6104	5092	15160	17221	2.82
2010	100-104	0.48228	0.92710	1.68	1012	938	1946	2062	2.04
2010	105-109	0.63308	0.96868	1.42	74	71	113	116	1.57
2010	110+	0.74730	1.00000	1.34	2	2	3	3	1.34
2011	0	0.00613	0.00609	0.06	100000	609	99428	7708078	77.08
2011	1-4	0.00023	0.00094	1.68	99391	93	397347	7608650	76.55
2011	5-9	0.00012	0.00061	2.48	99297	60	496336	7211303	72.62
2011	10-14	0.00014	0.00072	2.97	99237	72	496040	6714968	67.67
2011	15-19	0.00059	0.00294	3.07	99165	291	495265	6218927	62.71
2011	20-24	0.00122	0.00608	2.6	98874	602	492927	5723663	57.89
2011	25-29	0.00131	0.00652	2.55	98273	640	489794	5230736	53.23
2011	30-34	0.00137	0.00683	2.57	97632	666	486543	4740942	48.56
2011	35-39	0.00158	0.00785	2.6	96966	761	483005	4254399	43.88
2011	40-44	0.00223	0.01110	2.62	96205	1068	478486	3771394	39.20
2011	45-49	0.00355	0.01762	2.65	95137	1676	471741	3292907	34.61
2011	50-54	0.00545	0.02693	2.67	93461	2517	461435	2821166	30.19
2011	55-59	0.00824	0.04040	2.64	90944	3674	446064	2359732	25.95
2011	60-64	0.01186	0.05770	2.65	87270	5035	424528	1913667	21.93
2011	65-69	0.01728	0.08305	2.68	82235	6830	395321	1489139	18.11
2011	70-74	0.02705	0.12706	2.62	75405	9581	354219	1093818	14.51
2011	75-79	0.04273	0.19379	2.6	65824	12756	298514	739599	11.24
2011	80-84	0.07286	0.30989	2.59	53068	16445	225708	441085	8.31
2011	85-89	0.12634	0.47920	2.48	36623	17550	138905	215377	5.88
2011	90-94	0.21900	0.68460	2.26	19073	13058	59624	76472	4.01
2011	95-99	0.33865	0.83689	1.98	6016	5035	14867	16848	2.80
2011	100-104	0.48672	0.92901	1.67	981	912	1873	1981	2.02
2011	105-109	0.63851	0.96967	1.41	70	68	106	109	1.56
2011	110+	0.75283	1.00000	1.33	2	2	3	3	1.33
2012	0	0.00574	0.00570	0.06	100000	570	99464	7734625	77.35
2012	1-4	0.00025	0.00100	1.74	99430	100	397492	7635161	76.79
2012	5-9	0.00011	0.00056	2.37	99330	56	496503	7237668	72.87
2012	10-14	0.00014	0.00071	2.86	99274	71	496219	6741166	67.90
2012	15-19	0.00055	0.00277	3.13	99203	274	495503	6244947	62.95
2012	20-24	0.00121	0.00601	2.59	98929	595	493212	5749445	58.12
2012	25-29	0.00130	0.00650	2.52	98334	640	490087	5256232	53.45
2012	30-34	0.00137	0.00681	2.57	97695	665	486859	4766146	48.79
2012	35-39	0.00157	0.00783	2.57	97030	759	483306	4279287	44.10
2012	40-44	0.00218	0.01082	2.63	96270	1042	478878	3795981	39.43
2012	45-49	0.00337	0.01673	2.66	95228	1593	472416	3317103	34.83
2012	50-54	0.00540	0.02668	2.65	93635	2498	462303	2844688	30.38
2012	55-59	0.00800	0.03928	2.64	91137	3580	447225	2382384	26.14
2012	60-64	0.01170	0.05689	2.61	87557	4981	425863	1935159	22.10
2012	65-69	0.01728	0.08301	2.64	82576	6854	396732	1509296	18.28
2012	70-74	0.02615	0.12315	2.64	75721	9325	356597	1112564	14.69
2012	75-79	0.04203	0.19085	2.59	66396	12672	301479	755968	11.39
2012	80-84	0.07017	0.30001	2.58	53725	16118	229695	454489	8.46
2012	85-89	0.12231	0.46771	2.49	37607	17589	143804	224794	5.98
2012	90-94	0.21596	0.67891	2.27	20018	13590	62928	80990	4.05
2012	95-99	0.33713	0.83584	1.98	6428	5372	15936	18062	2.81
2012	100-104	0.48780	0.92966	1.67	1055	981	2011	2126	2.01
2012	105-109	0.64216	0.97038	1.4	74	72	112	115	1.55
2012	110+	0.75785	1.00000	1.32	2	2	3	3	1.32
2013	0	0.00579	0.00576	0.06	100000	576	99459	7740443	77.40
2013	1-4	0.00022	0.00087	1.61	99424	87	397491	7640984	76.85
2013	5-9	0.00012	0.00059	2.55	99338	58	496547	7243493	72.92
2013	10-14	0.00012	0.00061	2.84	99280	61	496267	6746946	67.96
2013	15-19	0.00051	0.00257	3.07	99219	255	495604	6250680	63.00
2013	20-24	0.00116	0.00578	2.62	98964	572	493462	5755076	58.15
2013	25-29	0.00127	0.00632	2.49	98392	622	490400	5261614	53.48
2013	30-34	0.00138	0.00688	2.54	97770	673	487194	4771213	48.80
2013	35-39	0.00159	0.00791	2.6	97097	768	483638	4284020	44.12
2013	40-44	0.00220	0.01092	2.67	96329	1052	479195	3800381	39.45
2013	45-49	0.00336	0.01666	2.7	95277	1587	472736	3321186	34.86
2013	50-54	0.00540	0.02664	2.65	93690	2496	462584	2848451	30.40
2013	55-59	0.00793	0.03892	2.63	91194	3549	447568	2385867	26.16
2013	60-64	0.01177	0.05724	2.61	87645	5017	426208	1938298	22.12
2013	65-69	0.01697	0.08156	2.62	82628	6739	397093	1512090	18.30
2013	70-74	0.02637	0.12404	2.61	75889	9413	356934	1114997	14.69
2013	75-79	0.04228	0.19212	2.63	66476	12771	302066	758063	11.40
2013	80-84	0.07017	0.30012	2.59	53705	16118	229705	455997	8.49
2013	85-89	0.12233	0.46772	2.48	37587	17580	143715	226292	6.02
2013	90-94	0.21076	0.67053	2.29	20007	13415	63652	82576	4.13
2013	95-99	0.32909	0.82789	2	6592	5457	16583	18924	2.87
2013	100-104	0.47556	0.92437	1.69	1134	1049	2205	2341	2.06
2013	105-109	0.62760	0.96774	1.43	86	83	132	136	1.59
2013	110+	0.74330	1.00000	1.35	3	3	4	4	1.35
2014	0	0.00533	0.00530	0.06	100000	530	99501	7761371	77.61
2014	1-4	0.00022	0.00086	1.69	99470	86	397682	7661869	77.03
2014	5-9	0.00012	0.00060	2.54	99384	60	496773	7264188	73.09
2014	10-14	0.00013	0.00066	2.71	99324	65	496471	6767414	68.13
2014	15-19	0.00047	0.00234	3.09	99259	232	495852	6270943	63.18
2014	20-24	0.00120	0.00600	2.66	99027	594	493744	5775092	58.32
2014	25-29	0.00122	0.00610	2.56	98433	601	490698	5281347	53.65
2014	30-34	0.00144	0.00719	2.55	97832	703	487436	4790649	48.97
2014	35-39	0.00160	0.00797	2.54	97129	774	483744	4303213	44.30
2014	40-44	0.00213	0.01057	2.65	96355	1019	479383	3819469	39.64
2014	45-49	0.00337	0.01671	2.67	95336	1593	472963	3340086	35.03
2014	50-54	0.00533	0.02630	2.65	93743	2465	462914	2867123	30.59
2014	55-59	0.00798	0.03918	2.63	91277	3576	447925	2404210	26.34
2014	60-64	0.01174	0.05709	2.61	87701	5007	426560	1956284	22.31
2014	65-69	0.01699	0.08167	2.63	82695	6754	397437	1529724	18.50
2014	70-74	0.02598	0.12229	2.61	75941	9286	357487	1132287	14.91
2014	75-79	0.04072	0.18566	2.63	66654	12375	303900	774800	11.62
2014	80-84	0.06751	0.29021	2.58	54279	15753	233333	470900	8.68
2014	85-89	0.11716	0.45332	2.51	38527	17465	149072	237568	6.17
2014	90-94	0.20602	0.66203	2.3	21062	13944	67682	88496	4.20
2014	95-99	0.32204	0.82110	2.02	7118	5845	18150	20814	2.92
2014	100-104	0.46849	0.92139	1.71	1273	1173	2505	2665	2.09
2014	105-109	0.62177	0.96672	1.44	100	97	156	160	1.60
2014	110+	0.73902	1.00000	1.35	3	3	5	5	1.35
2015	0	0.00539	0.00536	0.06	100000	536	99496	7748252	77.48
2015	1-4	0.00020	0.00082	1.69	99464	81	397668	7648756	76.90
2015	5-9	0.00009	0.00047	2.47	99383	47	496796	7251088	72.96
2015	10-14	0.00013	0.00063	2.83	99336	62	496545	6754293	67.99
2015	15-19	0.00050	0.00250	3.11	99274	248	495899	6257748	63.04
2015	20-24	0.00121	0.00605	2.68	99025	599	493736	5761849	58.19
2015	25-29	0.00143	0.00711	2.52	98426	700	490394	5268113	53.52
2015	30-34	0.00159	0.00792	2.57	97726	774	486753	4777719	48.89
2015	35-39	0.00178	0.00887	2.61	96952	860	482701	4290967	44.26
2015	40-44	0.00218	0.01085	2.59	96091	1042	477947	3808265	39.63
2015	45-49	0.00333	0.01650	2.68	95049	1569	471612	3330319	35.04
2015	50-54	0.00538	0.02658	2.68	93481	2485	461632	2858707	30.58
2015	55-59	0.00792	0.03888	2.62	90996	3538	446562	2397075	26.34
2015	60-64	0.01175	0.05715	2.64	87458	4998	425508	1950513	22.30
2015	65-69	0.01688	0.08114	2.62	82459	6691	396389	1525005	18.49
2015	70-74	0.02576	0.12139	2.63	75768	9197	357023	1128616	14.90
2015	75-79	0.04100	0.18668	2.61	66571	12427	303106	771592	11.59
2015	80-84	0.06787	0.29112	2.56	54144	15762	232256	468486	8.65
2015	85-89	0.11705	0.45265	2.5	38382	17373	148430	236230	6.15
2015	90-94	0.20726	0.66431	2.3	21008	13956	67336	87800	4.18
2015	95-99	0.32486	0.82400	2.01	7052	5811	17888	20464	2.90
2015	100-104	0.47254	0.92323	1.7	1241	1146	2425	2576	2.08
2015	105-109	0.62644	0.96761	1.43	95	92	147	151	1.59
2015	110+	0.74361	1.00000	1.34	3	3	4	4	1.34
2016	0	0.00513	0.00511	0.06	100000	511	99519	7726724	77.27
2016	1-4	0.00021	0.00086	1.73	99489	85	397762	7627205	76.66
2016	5-9	0.00012	0.00060	2.58	99404	60	496873	7229443	72.73
2016	10-14	0.00016	0.00078	2.72	99344	77	496542	6732570	67.77
2016	15-19	0.00053	0.00264	3.11	99267	262	495836	6236028	62.82
2016	20-24	0.00136	0.00676	2.65	99004	669	493447	5740191	57.98
2016	25-29	0.00168	0.00837	2.49	98335	823	489609	5246744	53.36
2016	30-34	0.00190	0.00945	2.53	97512	922	485283	4757135	48.78
2016	35-39	0.00210	0.01045	2.57	96590	1009	480497	4271852	44.23
2016	40-44	0.00246	0.01221	2.63	95581	1168	475134	3791355	39.67
2016	45-49	0.00340	0.01688	2.63	94414	1594	468292	3316221	35.12
2016	50-54	0.00549	0.02712	2.68	92820	2517	458252	2847928	30.68
2016	55-59	0.00812	0.03986	2.64	90302	3599	443025	2389676	26.46
2016	60-64	0.01175	0.05715	2.63	86703	4955	421778	1946651	22.45
2016	65-69	0.01708	0.08207	2.63	81748	6709	392824	1524873	18.65
2016	70-74	0.02539	0.11982	2.65	75039	8991	354054	1132048	15.09
2016	75-79	0.04036	0.18405	2.61	66048	12156	301209	777995	11.78
2016	80-84	0.06569	0.28307	2.56	53892	15255	232248	476786	8.85
2016	85-89	0.11223	0.43871	2.51	38637	16950	151024	244538	6.33
2016	90-94	0.19958	0.64920	2.31	21686	14079	70541	93514	4.31
2016	95-99	0.31025	0.80869	2.04	7608	6152	19830	22972	3.02
2016	100-104	0.45298	0.91404	1.74	1455	1330	2937	3142	2.16
2016	105-109	0.60486	0.96333	1.46	125	121	199	206	1.64
2016	110+	0.72288	1.00000	1.38	5	5	6	6	1.38
2017	0	0.00549	0.00546	0.06	100000	546	99487	7724345	77.24
2017	1-4	0.00019	0.00076	1.64	99454	76	397637	7624859	76.67
2017	5-9	0.00011	0.00056	2.31	99378	55	496742	7227222	72.72
2017	10-14	0.00014	0.00068	2.75	99323	68	496462	6730479	67.76
2017	15-19	0.00052	0.00259	3.08	99255	257	495780	6234017	62.81
2017	20-24	0.00130	0.00650	2.7	98998	643	493508	5738237	57.96
2017	25-29	0.00176	0.00874	2.59	98355	860	489699	5244729	53.32
2017	30-34	0.00199	0.00988	2.57	97494	963	485132	4755030	48.77
2017	35-39	0.00226	0.01122	2.53	96531	1083	479981	4269898	44.23
2017	40-44	0.00254	0.01263	2.54	95448	1206	474277	3789917	39.71
2017	45-49	0.00357	0.01769	2.63	94242	1667	467259	3315640	35.18
2017	50-54	0.00546	0.02694	2.65	92575	2494	457005	2848381	30.77
2017	55-59	0.00802	0.03934	2.64	90080	3544	442037	2391376	26.55
2017	60-64	0.01169	0.05686	2.62	86537	4920	420994	1949339	22.53
2017	65-69	0.01649	0.07931	2.6	81617	6473	392544	1528345	18.73
2017	70-74	0.02549	0.12021	2.64	75143	9033	354358	1135802	15.12
2017	75-79	0.03985	0.18207	2.63	66111	12037	302056	781444	11.82
2017	80-84	0.06633	0.28562	2.57	54074	15445	232831	479388	8.87
2017	85-89	0.11184	0.43732	2.51	38629	16893	151051	246557	6.38
2017	90-94	0.19420	0.63729	2.3	21736	13852	71327	95506	4.39
2017	95-99	0.30484	0.80250	2.05	7884	6327	20755	24180	3.07
2017	100-104	0.44404	0.90935	1.75	1557	1416	3189	3425	2.20
2017	105-109	0.59344	0.96078	1.48	141	136	229	236	1.67
2017	110+	0.71074	1.00000	1.41	6	6	8	8	1.41
