VT: Vermont, Lifetables (period 5x1), Males Last modified: 3 Dec 2019, MPv5 (May07) 

Year	Age	mx	qx	ax	lx	dx	Lx	Tx	ex
1959	0	0.02728	0.02664	0.12	100000	2664	97651	6685615	66.86
1959	1-4	0.00122	0.00488	1.75	97336	475	388276	6587964	67.68
1959	5-9	0.00034	0.00172	2.09	96860	166	483818	6199689	64.01
1959	10-14	0.00104	0.00520	3.1	96694	503	482512	5715870	59.11
1959	15-19	0.00123	0.00614	2.89	96191	591	479706	5233358	54.41
1959	20-24	0.00194	0.00963	2.4	95600	920	475604	4753652	49.72
1959	25-29	0.00145	0.00721	2.21	94680	682	471493	4278049	45.18
1959	30-34	0.00194	0.00966	2.73	93997	908	467923	3806556	40.50
1959	35-39	0.00244	0.01211	2.1	93089	1127	462172	3338633	35.87
1959	40-44	0.00331	0.01642	2.68	91962	1510	456310	2876461	31.28
1959	45-49	0.00668	0.03293	2.93	90452	2979	446097	2420151	26.76
1959	50-54	0.01196	0.05816	2.64	87473	5087	425363	1974054	22.57
1959	55-59	0.01933	0.09270	2.81	82386	7637	395186	1548692	18.80
1959	60-64	0.02895	0.13602	2.78	74748	10167	351222	1153506	15.43
1959	65-69	0.04363	0.19748	2.6	64581	12753	292304	802284	12.42
1959	70-74	0.06138	0.26733	2.59	51828	13855	225736	509980	9.84
1959	75-79	0.10015	0.40059	2.5	37973	15212	151893	284244	7.49
1959	80-84	0.13852	0.50816	2.38	22761	11566	83497	132352	5.81
1959	85-89	0.20218	0.64861	2.24	11195	7261	35914	48855	4.36
1959	90-94	0.28470	0.77446	2.06	3934	3047	10701	12940	3.29
1959	95-99	0.38413	0.86893	1.85	887	771	2007	2239	2.52
1959	100-104	0.49428	0.92865	1.64	116	108	218	232	2.00
1959	105-109	0.60550	0.96156	1.45	8	8	13	14	1.64
1959	110+	0.69270	1.00000	1.44	0	0	0	0	1.44
1960	0	0.02923	0.02850	0.12	100000	2850	97502	6704365	67.04
1960	1-4	0.00115	0.00457	1.52	97150	444	387498	6606863	68.01
1960	5-9	0.00058	0.00289	2.56	96706	280	482848	6219366	64.31
1960	10-14	0.00042	0.00209	2.96	96426	201	481720	5736518	59.49
1960	15-19	0.00143	0.00711	3.13	96225	684	479848	5254798	54.61
1960	20-24	0.00155	0.00772	2.04	95541	738	475517	4774950	49.98
1960	25-29	0.00166	0.00824	1.96	94803	781	471637	4299433	45.35
1960	30-34	0.00196	0.00977	2.74	94022	919	468033	3827796	40.71
1960	35-39	0.00236	0.01171	2.56	93103	1090	462862	3359763	36.09
1960	40-44	0.00534	0.02638	2.82	92013	2428	454776	2896901	31.48
1960	45-49	0.00680	0.03349	2.72	89586	3001	441081	2442125	27.26
1960	50-54	0.01323	0.06416	2.64	86585	5556	419791	2001044	23.11
1960	55-59	0.01623	0.07811	2.61	81029	6329	390031	1581253	19.51
1960	60-64	0.02416	0.11434	2.66	74700	8541	353478	1191222	15.95
1960	65-69	0.03966	0.18198	2.74	66159	12040	303605	837744	12.66
1960	70-74	0.06238	0.27178	2.63	54119	14708	235799	534138	9.87
1960	75-79	0.09339	0.37796	2.48	39411	14896	159502	298340	7.57
1960	80-84	0.13565	0.50354	2.44	24515	12344	91004	138838	5.66
1960	85-89	0.22448	0.69251	2.23	12171	8428	37546	47834	3.93
1960	90-94	0.34627	0.84328	1.96	3742	3156	9114	10287	2.75
1960	95-99	0.49171	0.93069	1.66	587	546	1110	1173	2.00
1960	100-104	0.63986	0.96976	1.41	41	39	62	63	1.55
1960	105-109	0.76707	0.98508	1.23	1	1	2	2	1.30
1960	110+	0.85128	1.00000	1.17	0	0	0	0	1.17
1961	0	0.03301	0.03210	0.13	100000	3210	97219	6709273	67.09
1961	1-4	0.00108	0.00431	1.4	96790	418	386077	6612054	68.31
1961	5-9	0.00042	0.00209	2.43	96373	202	481347	6225977	64.60
1961	10-14	0.00085	0.00426	2.92	96171	409	480004	5744630	59.73
1961	15-19	0.00116	0.00580	2.75	95762	555	477563	5264626	54.98
1961	20-24	0.00171	0.00850	2.87	95207	809	474309	4787064	50.28
1961	25-29	0.00154	0.00768	2	94397	725	469811	4312754	45.69
1961	30-34	0.00179	0.00891	2.59	93672	835	466353	3842944	41.03
1961	35-39	0.00227	0.01128	2.72	92838	1047	461802	3376591	36.37
1961	40-44	0.00504	0.02487	2.42	91791	2283	453071	2914788	31.75
1961	45-49	0.00775	0.03808	2.71	89508	3408	439727	2461717	27.50
1961	50-54	0.00921	0.04506	2.66	86099	3879	421413	2021990	23.48
1961	55-59	0.01737	0.08343	2.66	82220	6860	395026	1600577	19.47
1961	60-64	0.02617	0.12304	2.58	75360	9272	354318	1205550	16.00
1961	65-69	0.04118	0.18755	2.62	66088	12395	300984	851232	12.88
1961	70-74	0.05939	0.26009	2.61	53694	13965	235131	550248	10.25
1961	75-79	0.09069	0.36894	2.47	39729	14657	161614	315117	7.93
1961	80-84	0.12442	0.47187	2.44	25071	11830	95083	153503	6.12
1961	85-89	0.19584	0.63866	2.28	13241	8456	43181	58420	4.41
1961	90-94	0.29325	0.78718	2.06	4784	3766	12843	15239	3.19
1961	95-99	0.41336	0.89048	1.8	1018	907	2194	2396	2.35
1961	100-104	0.54502	0.94745	1.56	112	106	194	203	1.82
1961	105-109	0.67176	0.97410	1.36	6	6	8	9	1.48
1961	110+	0.76573	1.00000	1.31	0	0	0	0	1.31
1962	0	0.02658	0.02597	0.12	100000	2597	97705	6732659	67.33
1962	1-4	0.00070	0.00280	1.8	97403	272	389013	6634954	68.12
1962	5-9	0.00046	0.00228	2.22	97131	222	485036	6245941	64.30
1962	10-14	0.00050	0.00250	3.3	96909	242	484131	5760905	59.45
1962	15-19	0.00125	0.00624	2.68	96667	603	481936	5276773	54.59
1962	20-24	0.00229	0.01138	2.33	96064	1093	477399	4794838	49.91
1962	25-29	0.00163	0.00810	2.56	94971	769	472977	4317439	45.46
1962	30-34	0.00189	0.00942	3.03	94202	887	469262	3844461	40.81
1962	35-39	0.00244	0.01214	3.01	93315	1133	464316	3375200	36.17
1962	40-44	0.00467	0.02311	2.71	92182	2130	456039	2910884	31.58
1962	45-49	0.00654	0.03219	2.51	90051	2899	443050	2454845	27.26
1962	50-54	0.01304	0.06332	2.75	87152	5519	423358	2011795	23.08
1962	55-59	0.01781	0.08553	2.69	81634	6982	392033	1588438	19.46
1962	60-64	0.02633	0.12428	2.75	74651	9278	352382	1196405	16.03
1962	65-69	0.04109	0.18764	2.69	65373	12267	298504	844023	12.91
1962	70-74	0.06022	0.26291	2.59	53106	13962	231846	545519	10.27
1962	75-79	0.08194	0.33930	2.47	39144	13282	162086	313672	8.01
1962	80-84	0.13825	0.50706	2.37	25863	13114	94853	151586	5.86
1962	85-89	0.19827	0.64065	2.24	12749	8167	41194	56733	4.45
1962	90-94	0.27540	0.76217	2.07	4581	3492	12679	15539	3.39
1962	95-99	0.36826	0.85638	1.88	1090	933	2534	2860	2.63
1962	100-104	0.47193	0.91878	1.68	156	144	305	326	2.09
1962	105-109	0.57846	0.95501	1.49	13	12	21	22	1.72
1962	110+	0.66321	1.00000	1.51	1	1	1	1	1.51
1963	0	0.02830	0.02761	0.12	100000	2761	97573	6696796	66.97
1963	1-4	0.00081	0.00322	2.02	97239	313	388336	6599223	67.87
1963	5-9	0.00049	0.00246	2.53	96926	238	484044	6210887	64.08
1963	10-14	0.00045	0.00224	3.51	96688	216	483119	5726843	59.23
1963	15-19	0.00154	0.00768	2.64	96472	741	480614	5243724	54.35
1963	20-24	0.00156	0.00776	2.27	95732	743	476632	4763110	49.75
1963	25-29	0.00176	0.00878	2.47	94988	834	472833	4286478	45.13
1963	30-34	0.00184	0.00915	2.57	94154	861	468678	3813645	40.50
1963	35-39	0.00250	0.01242	2.71	93293	1159	463808	3344967	35.85
1963	40-44	0.00398	0.01971	2.45	92134	1816	456034	2881159	31.27
1963	45-49	0.00748	0.03682	2.85	90318	3326	444434	2425126	26.85
1963	50-54	0.01169	0.05688	2.67	86992	4948	423437	1980691	22.77
1963	55-59	0.01690	0.08151	2.81	82044	6687	395608	1557254	18.98
1963	60-64	0.02750	0.12911	2.63	75357	9729	353757	1161646	15.42
1963	65-69	0.04011	0.18271	2.56	65627	11991	298920	807889	12.31
1963	70-74	0.07185	0.30351	2.44	53637	16279	226565	508969	9.49
1963	75-79	0.09115	0.37144	2.51	37357	13876	152225	282404	7.56
1963	80-84	0.14881	0.53365	2.35	23481	12531	84205	130179	5.54
1963	85-89	0.21297	0.66779	2.21	10950	7313	34336	45974	4.20
1963	90-94	0.29459	0.78573	2.03	3638	2858	9703	11638	3.20
1963	95-99	0.39148	0.87366	1.83	779	681	1740	1935	2.48
1963	100-104	0.49777	0.92968	1.63	98	92	184	195	1.98
1963	105-109	0.60473	0.96119	1.45	7	7	11	11	1.65
1963	110+	0.68871	1.00000	1.45	0	0	0	0	1.45
1964	0	0.02661	0.02600	0.12	100000	2600	97703	6667844	66.68
1964	1-4	0.00131	0.00521	1.48	97400	508	388321	6570141	67.46
1964	5-9	0.00035	0.00175	2.4	96892	169	484021	6181820	63.80
1964	10-14	0.00077	0.00384	2.77	96723	372	482787	5697799	58.91
1964	15-19	0.00172	0.00857	2.61	96351	826	479782	5215012	54.12
1964	20-24	0.00238	0.01182	2.54	95525	1129	474851	4735230	49.57
1964	25-29	0.00185	0.00921	2.29	94396	869	469621	4260379	45.13
1964	30-34	0.00203	0.01012	2.43	93527	946	465200	3790757	40.53
1964	35-39	0.00293	0.01454	3	92581	1346	460207	3325557	35.92
1964	40-44	0.00366	0.01810	2.25	91234	1652	451628	2865350	31.41
1964	45-49	0.00839	0.04126	2.93	89583	3696	440272	2413721	26.94
1964	50-54	0.00912	0.04471	2.84	85887	3840	421131	1973450	22.98
1964	55-59	0.01937	0.09296	2.84	82047	7627	393767	1552318	18.92
1964	60-64	0.02849	0.13311	2.53	74419	9906	347650	1158551	15.57
1964	65-69	0.04448	0.20236	2.77	64513	13055	293512	810901	12.57
1964	70-74	0.06592	0.28281	2.49	51458	14553	220768	517389	10.05
1964	75-79	0.07910	0.32759	2.38	36905	12090	152837	296621	8.04
1964	80-84	0.13926	0.51004	2.38	24815	12657	90883	143784	5.79
1964	85-89	0.20299	0.65010	2.24	12159	7904	38939	52901	4.35
1964	90-94	0.28550	0.77541	2.05	4254	3299	11555	13962	3.28
1964	95-99	0.38481	0.86939	1.85	955	831	2159	2408	2.52
1964	100-104	0.49473	0.92881	1.64	125	116	234	249	1.99
1964	105-109	0.60568	0.96158	1.45	9	9	14	15	1.64
1964	110+	0.69266	1.00000	1.44	0	0	0	0	1.44
1965	0	0.02200	0.02158	0.1	100000	2158	98067	6715739	67.16
1965	1-4	0.00099	0.00394	1.64	97842	386	390460	6617673	67.64
1965	5-9	0.00043	0.00216	2.83	97456	210	486825	6227213	63.90
1965	10-14	0.00032	0.00162	2.1	97246	158	485775	5740388	59.03
1965	15-19	0.00196	0.00975	3.05	97089	947	483596	5254614	54.12
1965	20-24	0.00288	0.01426	1.9	96142	1371	476459	4771018	49.62
1965	25-29	0.00199	0.00992	2.67	94770	940	471660	4294558	45.32
1965	30-34	0.00157	0.00779	2.38	93830	731	467235	3822898	40.74
1965	35-39	0.00258	0.01285	2.86	93099	1196	462933	3355664	36.04
1965	40-44	0.00363	0.01800	2.61	91903	1654	455554	2892731	31.48
1965	45-49	0.00507	0.02509	2.84	90248	2265	446361	2437177	27.01
1965	50-54	0.01020	0.04992	2.85	87984	4393	430489	1990815	22.63
1965	55-59	0.01880	0.09001	2.64	83591	7524	400183	1560327	18.67
1965	60-64	0.03068	0.14309	2.65	76067	10885	354763	1160143	15.25
1965	65-69	0.04327	0.19615	2.62	65183	12786	295489	805380	12.36
1965	70-74	0.06493	0.27986	2.53	52397	14664	225830	509891	9.73
1965	75-79	0.09369	0.37759	2.43	37733	14247	152071	284060	7.53
1965	80-84	0.14364	0.52170	2.38	23486	12252	85301	131990	5.62
1965	85-89	0.21371	0.67034	2.22	11233	7530	35234	46689	4.16
1965	90-94	0.30493	0.79876	2.02	3703	2958	9700	11455	3.09
1965	95-99	0.41402	0.88951	1.79	745	663	1601	1754	2.35
1965	100-104	0.53244	0.94273	1.57	82	78	146	153	1.86
1965	105-109	0.64808	0.96995	1.39	5	5	7	7	1.54
1965	110+	0.73614	1.00000	1.36	0	0	0	0	1.36
1966	0	0.02743	0.02678	0.12	100000	2678	97640	6671029	66.71
1966	1-4	0.00111	0.00443	2.02	97322	431	388435	6573389	67.54
1966	5-9	0.00051	0.00254	1.84	96891	247	483678	6184954	63.83
1966	10-14	0.00060	0.00297	2.69	96645	287	482560	5701276	58.99
1966	15-19	0.00185	0.00919	2.65	96358	886	479711	5218716	54.16
1966	20-24	0.00226	0.01123	2.59	95472	1072	474772	4739006	49.64
1966	25-29	0.00158	0.00787	2.82	94400	743	470379	4264233	45.17
1966	30-34	0.00147	0.00732	3	93657	685	466918	3793854	40.51
1966	35-39	0.00303	0.01507	2.82	92972	1401	461801	3326936	35.78
1966	40-44	0.00459	0.02269	2.51	91571	2078	452681	2865134	31.29
1966	45-49	0.00631	0.03111	2.67	89494	2784	440985	2412454	26.96
1966	50-54	0.01117	0.05447	2.7	86710	4723	422665	1971468	22.74
1966	55-59	0.02001	0.09543	2.6	81986	7824	391118	1548803	18.89
1966	60-64	0.02927	0.13703	2.67	74162	10163	347169	1157685	15.61
1966	65-69	0.04218	0.19188	2.65	64000	12280	291107	810516	12.66
1966	70-74	0.06128	0.26579	2.51	51720	13746	224329	519409	10.04
1966	75-79	0.09230	0.37967	2.67	37973	14417	156204	295080	7.77
1966	80-84	0.12844	0.48394	2.45	23556	11400	88755	138876	5.90
1966	85-89	0.21147	0.66949	2.26	12156	8138	38485	50121	4.12
1966	90-94	0.32628	0.82435	2	4018	3312	10151	11636	2.90
1966	95-99	0.46582	0.91953	1.71	706	649	1393	1485	2.10
1966	100-104	0.61190	0.96449	1.45	57	55	90	92	1.62
1966	105-109	0.74189	0.98278	1.26	2	2	3	3	1.35
1966	110+	0.83077	1.00000	1.2	0	0	0	0	1.20
1967	0	0.02500	0.02446	0.11	100000	2446	97828	6732307	67.32
1967	1-4	0.00081	0.00323	1.72	97554	315	389497	6634479	68.01
1967	5-9	0.00055	0.00275	1.88	97239	267	485362	6244982	64.22
1967	10-14	0.00054	0.00268	2.37	96972	260	484178	5759620	59.39
1967	15-19	0.00210	0.01043	2.81	96712	1009	481357	5275442	54.55
1967	20-24	0.00208	0.01034	2.57	95703	990	476114	4794084	50.09
1967	25-29	0.00107	0.00535	2.38	94713	507	472240	4317970	45.59
1967	30-34	0.00162	0.00808	2.62	94207	761	469221	3845730	40.82
1967	35-39	0.00305	0.01517	2.93	93445	1417	464294	3376509	36.13
1967	40-44	0.00425	0.02103	2.54	92028	1935	455389	2912215	31.64
1967	45-49	0.00632	0.03107	2.39	90093	2799	443162	2456827	27.27
1967	50-54	0.01114	0.05440	2.86	87294	4749	426284	2013665	23.07
1967	55-59	0.01604	0.07731	2.65	82545	6382	397751	1587380	19.23
1967	60-64	0.02759	0.12984	2.74	76163	9889	358495	1189629	15.62
1967	65-69	0.04235	0.19372	2.8	66274	12839	303173	831134	12.54
1967	70-74	0.06233	0.27044	2.55	53436	14451	231840	527961	9.88
1967	75-79	0.09341	0.37661	2.43	38984	14682	157184	296121	7.60
1967	80-84	0.13924	0.51087	2.39	24302	12415	89167	138937	5.72
1967	85-89	0.21095	0.66595	2.23	11887	7916	37526	49771	4.19
1967	90-94	0.30549	0.79996	2.02	3971	3177	10398	12245	3.08
1967	95-99	0.41927	0.89316	1.79	794	709	1692	1847	2.33
1967	100-104	0.54259	0.94618	1.56	85	80	148	155	1.82
1967	105-109	0.66178	0.97233	1.37	5	4	7	7	1.51
1967	110+	0.75141	1.00000	1.33	0	0	0	0	1.33
1968	0	0.02258	0.02214	0.11	100000	2214	98020	6716647	67.17
1968	1-4	0.00100	0.00398	1.97	97786	389	390355	6618627	67.68
1968	5-9	0.00042	0.00212	1.69	97397	206	486300	6228272	63.95
1968	10-14	0.00048	0.00242	2.8	97190	235	485434	5741972	59.08
1968	15-19	0.00204	0.01014	2.81	96955	983	482618	5256538	54.22
1968	20-24	0.00235	0.01167	2.23	95972	1120	476755	4773920	49.74
1968	25-29	0.00180	0.00898	2.47	94851	852	472103	4297165	45.30
1968	30-34	0.00274	0.01363	2.9	94000	1282	467302	3825062	40.69
1968	35-39	0.00221	0.01101	2.5	92718	1021	461041	3357760	36.21
1968	40-44	0.00327	0.01623	2.9	91697	1488	455361	2896719	31.59
1968	45-49	0.00571	0.02817	2.76	90209	2541	445352	2441358	27.06
1968	50-54	0.01166	0.05662	2.48	87668	4963	425821	1996006	22.77
1968	55-59	0.01925	0.09185	2.5	82704	7596	394537	1570185	18.99
1968	60-64	0.02889	0.13486	2.54	75108	10129	350625	1175647	15.65
1968	65-69	0.03986	0.18263	2.71	64979	11867	297758	825023	12.70
1968	70-74	0.06107	0.26484	2.49	53112	14066	230311	527265	9.93
1968	75-79	0.09646	0.38525	2.39	39046	15042	155941	296953	7.61
1968	80-84	0.14007	0.51100	2.35	24004	12266	87571	141012	5.87
1968	85-89	0.19452	0.63246	2.24	11738	7424	38164	53441	4.55
1968	90-94	0.26322	0.74490	2.09	4314	3214	12209	15277	3.54
1968	95-99	0.34538	0.83616	1.92	1101	920	2664	3069	2.79
1968	100-104	0.43778	0.90104	1.74	180	162	371	404	2.24
1968	105-109	0.53489	0.94205	1.56	18	17	31	33	1.86
1968	110+	0.61347	1.00000	1.63	1	1	2	2	1.63
1969	0	0.02359	0.02310	0.11	100000	2310	97940	6711617	67.12
1969	1-4	0.00106	0.00421	1.28	97690	412	389641	6613676	67.70
1969	5-9	0.00064	0.00317	2.35	97278	309	485573	6224035	63.98
1969	10-14	0.00030	0.00149	2.1	96970	145	484428	5738462	59.18
1969	15-19	0.00174	0.00865	2.83	96825	838	482305	5254033	54.26
1969	20-24	0.00165	0.00820	2.42	95987	788	477902	4771728	49.71
1969	25-29	0.00209	0.01039	3	95199	989	474021	4293826	45.10
1969	30-34	0.00229	0.01140	2.28	94210	1074	468132	3819805	40.55
1969	35-39	0.00212	0.01058	2.85	93136	985	463564	3351673	35.99
1969	40-44	0.00343	0.01701	2.65	92151	1568	457073	2888109	31.34
1969	45-49	0.00720	0.03541	2.67	90583	3207	445448	2431036	26.84
1969	50-54	0.01006	0.04906	2.45	87376	4287	425969	1985588	22.72
1969	55-59	0.02183	0.10420	2.82	83090	8658	396555	1559619	18.77
1969	60-64	0.02854	0.13349	2.59	74432	9936	348177	1163064	15.63
1969	65-69	0.04119	0.18690	2.53	64495	12054	292658	814887	12.63
1969	70-74	0.06457	0.27722	2.45	52441	14538	225161	522229	9.96
1969	75-79	0.09800	0.39282	2.48	37903	14889	151935	297067	7.84
1969	80-84	0.12658	0.47567	2.39	23014	10947	86481	145133	6.31
1969	85-89	0.17863	0.60062	2.27	12067	7248	40575	58651	4.86
1969	90-94	0.24558	0.72001	2.13	4819	3470	14130	18076	3.75
1969	95-99	0.32716	0.81950	1.96	1349	1106	3380	3947	2.92
1969	100-104	0.42050	0.89148	1.77	244	217	516	567	2.33
1969	105-109	0.52001	0.93727	1.59	26	25	48	50	1.91
1969	110+	0.60103	1.00000	1.66	2	2	3	3	1.66
1970	0	0.02151	0.02110	0.1	100000	2110	98107	6801630	68.02
1970	1-4	0.00087	0.00347	1.63	97890	340	390753	6703523	68.48
1970	5-9	0.00051	0.00256	2.46	97550	250	487116	6312769	64.71
1970	10-14	0.00033	0.00167	2.29	97300	163	486060	5825654	59.87
1970	15-19	0.00113	0.00564	2.79	97138	548	484475	5339594	54.97
1970	20-24	0.00195	0.00970	2.39	96590	937	480499	4855119	50.27
1970	25-29	0.00167	0.00833	2.93	95653	797	476619	4374620	45.73
1970	30-34	0.00200	0.00994	2.72	94856	943	472127	3898001	41.09
1970	35-39	0.00185	0.00924	3.21	93913	868	468009	3425875	36.48
1970	40-44	0.00316	0.01566	2.5	93045	1458	461578	2957866	31.79
1970	45-49	0.00631	0.03113	2.79	91587	2851	451632	2496288	27.26
1970	50-54	0.01067	0.05191	2.43	88736	4606	431860	2044656	23.04
1970	55-59	0.01536	0.07405	2.61	84130	6230	405736	1612797	19.17
1970	60-64	0.02895	0.13601	2.78	77900	10595	366009	1207061	15.49
1970	65-69	0.04346	0.19730	2.67	67305	13279	305544	841052	12.50
1970	70-74	0.06195	0.27086	2.68	54026	14634	236210	535508	9.91
1970	75-79	0.10144	0.39826	2.3	39392	15688	154656	299298	7.60
1970	80-84	0.12598	0.47589	2.43	23704	11281	89541	144643	6.10
1970	85-89	0.19525	0.63706	2.27	12423	7914	40536	55102	4.44
1970	90-94	0.28888	0.78147	2.06	4509	3524	12197	14566	3.23
1970	95-99	0.40407	0.88421	1.82	985	871	2156	2369	2.40
1970	100-104	0.53107	0.94290	1.58	114	108	203	212	1.86
1970	105-109	0.65511	0.97142	1.38	7	6	10	10	1.52
1970	110+	0.74857	1.00000	1.34	0	0	0	0	1.34
1971	0	0.01730	0.01704	0.09	100000	1704	98452	6844998	68.45
1971	1-4	0.00073	0.00292	1.35	98296	287	392424	6746545	68.63
1971	5-9	0.00058	0.00287	2.27	98009	281	489279	6354122	64.83
1971	10-14	0.00041	0.00207	2.92	97728	202	488218	5864842	60.01
1971	15-19	0.00229	0.01141	3.13	97526	1113	485544	5376624	55.13
1971	20-24	0.00143	0.00713	2.54	96413	687	480377	4891080	50.73
1971	25-29	0.00164	0.00817	2.36	95726	782	476562	4410703	46.08
1971	30-34	0.00138	0.00689	3.5	94943	654	473738	3934141	41.44
1971	35-39	0.00253	0.01258	2.72	94290	1187	468745	3460403	36.70
1971	40-44	0.00347	0.01724	2.8	93103	1605	461989	2991658	32.13
1971	45-49	0.00611	0.03009	2.4	91498	2753	450323	2529669	27.65
1971	50-54	0.01046	0.05113	2.82	88745	4537	433836	2079347	23.43
1971	55-59	0.01737	0.08315	2.44	84208	7002	403123	1645511	19.54
1971	60-64	0.02689	0.12643	2.65	77206	9761	363051	1242388	16.09
1971	65-69	0.03950	0.17916	2.41	67445	12084	305951	879337	13.04
1971	70-74	0.06197	0.26761	2.45	55361	14815	239066	573386	10.36
1971	75-79	0.08657	0.35461	2.45	40546	14378	166079	334320	8.25
1971	80-84	0.11817	0.45357	2.44	26168	11869	100441	168240	6.43
1971	85-89	0.18010	0.60578	2.3	14299	8662	48096	67799	4.74
1971	90-94	0.26385	0.74868	2.11	5637	4220	15995	19703	3.50
1971	95-99	0.36826	0.85805	1.89	1417	1216	3301	3708	2.62
1971	100-104	0.48655	0.92627	1.66	201	186	383	407	2.02
1971	105-109	0.60699	0.96231	1.45	15	14	24	24	1.64
1971	110+	0.70110	1.00000	1.43	1	1	1	1	1.43
1972	0	0.01656	0.01631	0.09	100000	1631	98514	6908876	69.09
1972	1-4	0.00049	0.00195	1.75	98369	192	393044	6810361	69.23
1972	5-9	0.00046	0.00230	2.03	98177	225	490214	6417318	65.36
1972	10-14	0.00024	0.00122	3.51	97951	120	489579	5927103	60.51
1972	15-19	0.00161	0.00801	2.32	97832	784	487060	5437524	55.58
1972	20-24	0.00191	0.00951	2.41	97048	923	482850	4950464	51.01
1972	25-29	0.00172	0.00856	3.25	96125	823	479189	4467614	46.48
1972	30-34	0.00144	0.00718	2.32	95302	684	474677	3988425	41.85
1972	35-39	0.00257	0.01273	1.77	94618	1204	469196	3513748	37.14
1972	40-44	0.00340	0.01685	2.62	93414	1574	463321	3044553	32.59
1972	45-49	0.00565	0.02787	2.45	91840	2560	452671	2581232	28.11
1972	50-54	0.00957	0.04672	2.51	89280	4171	436013	2128561	23.84
1972	55-59	0.01611	0.07771	2.72	85109	6614	410490	1692548	19.89
1972	60-64	0.02587	0.12241	2.8	78495	9608	371357	1282058	16.33
1972	65-69	0.04099	0.18728	2.7	68886	12901	314736	910701	13.22
1972	70-74	0.05195	0.23103	2.61	55985	12934	248968	595965	10.65
1972	75-79	0.08743	0.35601	2.39	43051	15327	175291	346997	8.06
1972	80-84	0.12129	0.46343	2.46	27724	12848	105931	171706	6.19
1972	85-89	0.19447	0.63652	2.29	14876	9469	48691	65775	4.42
1972	90-94	0.29553	0.79042	2.06	5407	4274	14462	17084	3.16
1972	95-99	0.42073	0.89537	1.79	1133	1015	2412	2622	2.31
1972	100-104	0.55742	0.95126	1.54	119	113	202	211	1.78
1972	105-109	0.68718	0.97638	1.33	6	6	8	8	1.45
1972	110+	0.78175	1.00000	1.28	0	0	0	0	1.28
1973	0	0.01771	0.01743	0.09	100000	1743	98419	6813968	68.14
1973	1-4	0.00056	0.00223	1.36	98257	219	392449	6715550	68.35
1973	5-9	0.00069	0.00343	2.73	98038	336	489428	6323100	64.50
1973	10-14	0.00065	0.00324	3.11	97702	316	487912	5833672	59.71
1973	15-19	0.00146	0.00730	2.96	97386	711	485475	5345760	54.89
1973	20-24	0.00206	0.01027	2.59	96675	993	480980	4860284	50.27
1973	25-29	0.00136	0.00678	2.87	95681	649	477027	4379304	45.77
1973	30-34	0.00210	0.01044	2.32	95033	992	472505	3902277	41.06
1973	35-39	0.00284	0.01409	2.01	94041	1325	466245	3429772	36.47
1973	40-44	0.00390	0.01935	2.75	92715	1794	459549	2963527	31.96
1973	45-49	0.00692	0.03403	2.52	90922	3094	446937	2503978	27.54
1973	50-54	0.01006	0.04928	2.91	87828	4328	430084	2057041	23.42
1973	55-59	0.01745	0.08373	2.6	83499	6992	400706	1626957	19.48
1973	60-64	0.02653	0.12479	2.62	76508	9547	359863	1226251	16.03
1973	65-69	0.04013	0.18254	2.53	66961	12223	304562	866388	12.94
1973	70-74	0.06438	0.27731	2.5	54738	15179	235759	561825	10.26
1973	75-79	0.08454	0.34821	2.47	39558	13775	162941	326066	8.24
1973	80-84	0.12802	0.47903	2.37	25784	12351	96481	163125	6.33
1973	85-89	0.17574	0.59376	2.27	13433	7976	45385	66644	4.96
1973	90-94	0.23608	0.70454	2.14	5457	3845	16285	21259	3.90
1973	95-99	0.30901	0.79993	1.99	1612	1290	4174	4975	3.09
1973	100-104	0.39266	0.87277	1.82	323	282	717	801	2.48
1973	105-109	0.48312	0.92244	1.65	41	38	78	84	2.05
1973	110+	0.55728	1.00000	1.79	3	3	6	6	1.79
1974	0	0.01878	0.01846	0.1	100000	1846	98330	6870632	68.71
1974	1-4	0.00061	0.00242	1.08	98154	238	391920	6772303	69.00
1974	5-9	0.00046	0.00232	3.34	97916	227	489202	6380382	65.16
1974	10-14	0.00089	0.00445	2.9	97689	435	487532	5891180	60.31
1974	15-19	0.00166	0.00826	3.08	97254	803	484726	5403648	55.56
1974	20-24	0.00153	0.00764	2.9	96451	737	480702	4918922	51.00
1974	25-29	0.00138	0.00688	1.9	95714	659	476525	4438220	46.37
1974	30-34	0.00116	0.00576	2.43	95055	548	473869	3961695	41.68
1974	35-39	0.00273	0.01359	2.97	94507	1284	469927	3487825	36.91
1974	40-44	0.00301	0.01495	2.51	93223	1394	462637	3017898	32.37
1974	45-49	0.00613	0.03023	2.58	91829	2776	452432	2555260	27.83
1974	50-54	0.00744	0.03660	2.7	89053	3259	437757	2102828	23.61
1974	55-59	0.01560	0.07529	2.68	85794	6460	414001	1665071	19.41
1974	60-64	0.02918	0.13636	2.6	79334	10818	370708	1251070	15.77
1974	65-69	0.04302	0.19542	2.66	68517	13390	311264	880361	12.85
1974	70-74	0.06287	0.27155	2.49	55127	14970	238103	569097	10.32
1974	75-79	0.08534	0.35281	2.55	40157	14168	166024	330994	8.24
1974	80-84	0.11717	0.45161	2.46	25989	11737	100171	164971	6.35
1974	85-89	0.18765	0.62282	2.3	14252	8877	47303	64799	4.55
1974	90-94	0.28546	0.77832	2.08	5376	4184	14657	17496	3.25
1974	95-99	0.40765	0.88732	1.82	1192	1057	2594	2839	2.38
1974	100-104	0.54269	0.94699	1.56	134	127	234	245	1.82
1974	105-109	0.67291	0.97438	1.35	7	7	10	11	1.48
1974	110+	0.76909	1.00000	1.3	0	0	0	0	1.30
1975	0	0.01279	0.01264	0.08	100000	1264	98836	6984389	69.84
1975	1-4	0.00077	0.00306	2.33	98736	302	394439	6885553	69.74
1975	5-9	0.00067	0.00335	2.92	98434	329	491484	6491114	65.94
1975	10-14	0.00020	0.00101	3.06	98104	99	490329	5999630	61.16
1975	15-19	0.00199	0.00991	2.9	98005	972	487983	5509302	56.21
1975	20-24	0.00198	0.00984	2.18	97033	955	482478	5021319	51.75
1975	25-29	0.00106	0.00527	2.66	96078	506	479209	4538841	47.24
1975	30-34	0.00153	0.00762	2.71	95573	728	476191	4059632	42.48
1975	35-39	0.00224	0.01117	2.76	94844	1059	471853	3583441	37.78
1975	40-44	0.00337	0.01674	2.96	93785	1570	465719	3111588	33.18
1975	45-49	0.00527	0.02600	2.52	92215	2397	455118	2645870	28.69
1975	50-54	0.01125	0.05481	2.69	89818	4923	437706	2190751	24.39
1975	55-59	0.01532	0.07391	2.62	84895	6275	409528	1753045	20.65
1975	60-64	0.02245	0.10629	2.51	78620	8357	372295	1343518	17.09
1975	65-69	0.03746	0.17173	2.58	70263	12066	322119	971223	13.82
1975	70-74	0.04839	0.21744	2.67	58197	12655	261507	649104	11.15
1975	75-79	0.08269	0.33943	2.36	45542	15458	186934	387597	8.51
1975	80-84	0.11189	0.43539	2.45	30084	13098	117064	200663	6.67
1975	85-89	0.17139	0.58714	2.32	16986	9973	58188	83599	4.92
1975	90-94	0.25263	0.73294	2.14	7013	5140	20346	25411	3.62
1975	95-99	0.35501	0.84734	1.92	1873	1587	4470	5065	2.70
1975	100-104	0.47244	0.92028	1.68	286	263	557	595	2.08
1975	105-109	0.59355	0.95939	1.47	23	22	37	38	1.68
1975	110+	0.68898	1.00000	1.45	1	1	1	1	1.45
1976	0	0.01368	0.01351	0.08	100000	1351	98759	6991470	69.91
1976	1-4	0.00074	0.00295	2.08	98649	291	394036	6892711	69.87
1976	5-9	0.00043	0.00217	2.96	98358	213	491355	6498675	66.07
1976	10-14	0.00041	0.00207	2.96	98145	203	490309	6007320	61.21
1976	15-19	0.00123	0.00612	2.65	97942	600	488300	5517011	56.33
1976	20-24	0.00198	0.00983	2.38	97342	957	484200	5028711	51.66
1976	25-29	0.00134	0.00670	2.32	96385	646	480195	4544511	47.15
1976	30-34	0.00152	0.00757	3.12	95740	724	477339	4064316	42.45
1976	35-39	0.00180	0.00897	2.19	95015	852	472678	3586977	37.75
1976	40-44	0.00388	0.01922	2.89	94163	1810	466996	3114300	33.07
1976	45-49	0.00549	0.02715	2.85	92353	2508	456384	2647304	28.67
1976	50-54	0.00894	0.04374	2.54	89845	3930	439574	2190920	24.39
1976	55-59	0.01506	0.07272	2.65	85915	6247	414922	1751346	20.38
1976	60-64	0.02268	0.10772	2.68	79668	8582	378402	1336424	16.77
1976	65-69	0.03820	0.17577	2.74	71086	12495	327130	958021	13.48
1976	70-74	0.05739	0.25174	2.56	58591	14750	257026	630891	10.77
1976	75-79	0.07867	0.32782	2.46	43841	14372	182694	373865	8.53
1976	80-84	0.12259	0.46445	2.39	29469	13687	111654	191171	6.49
1976	85-89	0.17134	0.58472	2.29	15782	9228	53857	79517	5.04
1976	90-94	0.23392	0.70164	2.15	6554	4599	19659	25660	3.92
1976	95-99	0.31035	0.80191	1.99	1955	1568	5053	6001	3.07
1976	100-104	0.39850	0.87723	1.81	387	340	853	948	2.45
1976	105-109	0.49380	0.92722	1.63	48	44	89	95	2.00
1976	110+	0.57191	1.00000	1.75	3	3	6	6	1.75
1977	0	0.01348	0.01331	0.08	100000	1331	98777	7048847	70.49
1977	1-4	0.00062	0.00250	1.59	98669	246	394082	6950070	70.44
1977	5-9	0.00040	0.00198	2.21	98422	195	491570	6555988	66.61
1977	10-14	0.00035	0.00174	2.29	98228	171	490675	6064418	61.74
1977	15-19	0.00123	0.00615	3.27	98057	603	489242	5573743	56.84
1977	20-24	0.00189	0.00939	2.3	97454	916	484801	5084501	52.17
1977	25-29	0.00166	0.00827	2.28	96538	798	480516	4599700	47.65
1977	30-34	0.00124	0.00619	2.38	95740	592	477146	4119184	43.02
1977	35-39	0.00153	0.00761	2.81	95148	724	474155	3642038	38.28
1977	40-44	0.00306	0.01522	2.87	94424	1437	469065	3167883	33.55
1977	45-49	0.00515	0.02544	2.74	92987	2365	459584	2698818	29.02
1977	50-54	0.00719	0.03538	2.8	90622	3206	446059	2239235	24.71
1977	55-59	0.01532	0.07384	2.57	87415	6454	421423	1793175	20.51
1977	60-64	0.02142	0.10166	2.49	80961	8230	384162	1371752	16.94
1977	65-69	0.03643	0.16733	2.57	72731	12170	334097	987590	13.58
1977	70-74	0.05868	0.25629	2.53	60561	15521	264530	653493	10.79
1977	75-79	0.08044	0.33401	2.46	45039	15044	187024	388963	8.64
1977	80-84	0.10733	0.42254	2.48	29996	12674	118094	201939	6.73
1977	85-89	0.17269	0.59126	2.33	17321	10241	59304	83845	4.84
1977	90-94	0.26476	0.75158	2.12	7080	5321	20098	24541	3.47
1977	95-99	0.38210	0.87000	1.87	1759	1530	4005	4443	2.53
1977	100-104	0.51501	0.93806	1.61	229	214	416	438	1.92
1977	105-109	0.64688	0.97034	1.39	14	14	21	22	1.54
1977	110+	0.74645	1.00000	1.34	0	0	1	1	1.34
1978	0	0.01624	0.01600	0.09	100000	1600	98542	7033440	70.33
1978	1-4	0.00049	0.00194	1.78	98400	191	393177	6934898	70.48
1978	5-9	0.00030	0.00149	2.7	98209	146	490711	6541720	66.61
1978	10-14	0.00027	0.00136	1.93	98063	133	489907	6051010	61.71
1978	15-19	0.00167	0.00832	2.81	97930	814	487866	5561103	56.79
1978	20-24	0.00216	0.01076	2.49	97116	1045	482951	5073237	52.24
1978	25-29	0.00129	0.00645	2.1	96070	619	478554	4590286	47.78
1978	30-34	0.00148	0.00738	2.45	95451	704	475458	4111732	43.08
1978	35-39	0.00180	0.00897	2.86	94746	849	471911	3636275	38.38
1978	40-44	0.00257	0.01278	2.36	93897	1200	466319	3164363	33.70
1978	45-49	0.00482	0.02386	2.74	92697	2212	458475	2698044	29.11
1978	50-54	0.00921	0.04507	2.66	90485	4078	442879	2239569	24.75
1978	55-59	0.01372	0.06646	2.65	86407	5743	418531	1796691	20.79
1978	60-64	0.02203	0.10490	2.73	80664	8462	384080	1378159	17.09
1978	65-69	0.03230	0.15026	2.68	72203	10849	335852	994079	13.77
1978	70-74	0.05743	0.25174	2.55	61354	15445	268943	658228	10.73
1978	75-79	0.08043	0.33203	2.37	45908	15243	189511	389285	8.48
1978	80-84	0.12068	0.45942	2.4	30665	14088	116746	199774	6.51
1978	85-89	0.17161	0.58574	2.29	16577	9710	56581	83028	5.01
1978	90-94	0.23775	0.70822	2.15	6867	4864	20457	26447	3.85
1978	95-99	0.31906	0.81157	1.97	2004	1626	5097	5990	2.99
1978	100-104	0.41284	0.88697	1.79	378	335	811	894	2.37
1978	105-109	0.51349	0.93507	1.6	43	40	78	82	1.93
1978	110+	0.59568	1.00000	1.68	3	3	5	5	1.68
1979	0	0.01033	0.01023	0.07	100000	1023	99051	7119948	71.20
1979	1-4	0.00028	0.00111	2.25	98977	110	395715	7020897	70.93
1979	5-9	0.00062	0.00308	2.21	98867	305	493484	6625182	67.01
1979	10-14	0.00039	0.00197	3.09	98562	194	492440	6131698	62.21
1979	15-19	0.00124	0.00617	2.93	98368	607	490585	5639258	57.33
1979	20-24	0.00204	0.01014	2.51	97761	991	486336	5148673	52.67
1979	25-29	0.00148	0.00739	2.31	96770	715	481932	4662337	48.18
1979	30-34	0.00128	0.00640	2.4	96056	614	478680	4180405	43.52
1979	35-39	0.00173	0.00862	2.57	95441	823	475204	3701725	38.79
1979	40-44	0.00262	0.01301	2.71	94618	1231	470275	3226522	34.10
1979	45-49	0.00576	0.02842	2.76	93387	2654	460979	2756247	29.51
1979	50-54	0.00862	0.04222	2.6	90734	3831	444478	2295268	25.30
1979	55-59	0.01264	0.06142	2.69	86902	5338	422185	1850790	21.30
1979	60-64	0.02128	0.10138	2.67	81565	8269	388583	1428605	17.51
1979	65-69	0.03178	0.14768	2.61	73296	10824	340563	1040022	14.19
1979	70-74	0.05137	0.22756	2.49	62472	14216	276729	699459	11.20
1979	75-79	0.07568	0.31838	2.51	48256	15363	202993	422730	8.76
1979	80-84	0.11298	0.43825	2.44	32892	14415	127592	219737	6.68
1979	85-89	0.16956	0.58258	2.32	18477	10764	63485	92145	4.99
1979	90-94	0.24587	0.72232	2.15	7713	5571	22659	28660	3.72
1979	95-99	0.34165	0.83501	1.94	2142	1788	5235	6002	2.80
1979	100-104	0.45207	0.91021	1.72	353	322	711	767	2.17
1979	105-109	0.56781	0.95279	1.51	32	30	53	56	1.75
1979	110+	0.66040	1.00000	1.51	1	1	2	2	1.51
1980	0	0.01135	0.01123	0.08	100000	1123	98961	7045978	70.46
1980	1-4	0.00130	0.00518	1.3	98877	512	394123	6947017	70.26
1980	5-9	0.00038	0.00189	2.18	98365	185	491302	6552894	66.62
1980	10-14	0.00067	0.00337	3.21	98179	331	490306	6061591	61.74
1980	15-19	0.00150	0.00746	2.77	97849	730	487616	5571285	56.94
1980	20-24	0.00131	0.00652	2.27	97119	633	483866	5083669	52.34
1980	25-29	0.00109	0.00545	2.72	96486	525	481230	4599803	47.67
1980	30-34	0.00148	0.00738	2.07	95960	708	477725	4118573	42.92
1980	35-39	0.00212	0.01056	2.97	95252	1005	474223	3640848	38.22
1980	40-44	0.00300	0.01491	2.43	94247	1405	467629	3166625	33.60
1980	45-49	0.00485	0.02400	2.88	92842	2228	459491	2698996	29.07
1980	50-54	0.00850	0.04161	2.56	90614	3771	443858	2239504	24.71
1980	55-59	0.01478	0.07145	2.69	86843	6205	419902	1795647	20.68
1980	60-64	0.02174	0.10347	2.68	80638	8344	383836	1375745	17.06
1980	65-69	0.03665	0.16852	2.62	72294	12183	332434	991909	13.72
1980	70-74	0.05263	0.23251	2.5	60111	13977	265587	659475	10.97
1980	75-79	0.07665	0.31977	2.41	46135	14753	192480	393888	8.54
1980	80-84	0.11427	0.44348	2.48	31382	13917	121793	201408	6.42
1980	85-89	0.18622	0.62037	2.31	17465	10835	58181	79616	4.56
1980	90-94	0.28726	0.78107	2.08	6630	5179	18028	21434	3.23
1980	95-99	0.41412	0.89178	1.81	1452	1294	3126	3407	2.35
1980	100-104	0.55385	0.95047	1.54	157	149	270	281	1.79
1980	105-109	0.68689	0.97643	1.34	8	8	11	11	1.45
1980	110+	0.78359	1.00000	1.28	0	0	0	0	1.28
1981	0	0.00857	0.00850	0.07	100000	850	99208	7160357	71.60
1981	1-4	0.00060	0.00239	1.06	99150	237	395905	7061150	71.22
1981	5-9	0.00036	0.00181	3.44	98913	180	494286	6665245	67.38
1981	10-14	0.00014	0.00068	1.53	98734	67	493435	6170960	62.50
1981	15-19	0.00156	0.00777	2.9	98667	767	491720	5677524	57.54
1981	20-24	0.00152	0.00755	2.65	97899	739	487759	5185804	52.97
1981	25-29	0.00151	0.00754	2.64	97160	733	484069	4698045	48.35
1981	30-34	0.00124	0.00618	2.98	96427	596	480934	4213976	43.70
1981	35-39	0.00187	0.00930	2.57	95832	891	476991	3733043	38.95
1981	40-44	0.00303	0.01503	2.73	94940	1427	471466	3256052	34.30
1981	45-49	0.00430	0.02132	2.8	93514	1993	463190	2784586	29.78
1981	50-54	0.00845	0.04143	2.7	91521	3792	448868	2321397	25.36
1981	55-59	0.01370	0.06636	2.66	87729	5822	424994	1872529	21.34
1981	60-64	0.02119	0.10083	2.59	81907	8258	389662	1447535	17.67
1981	65-69	0.03468	0.16056	2.69	73648	11825	340985	1057873	14.36
1981	70-74	0.04713	0.21142	2.57	61824	13071	277330	716888	11.60
1981	75-79	0.07190	0.30374	2.45	48753	14808	205939	439558	9.02
1981	80-84	0.10678	0.42018	2.46	33945	14263	133568	233619	6.88
1981	85-89	0.16414	0.57096	2.34	19682	11238	68464	100052	5.08
1981	90-94	0.24304	0.71874	2.16	8444	6069	24972	31588	3.74
1981	95-99	0.34341	0.83727	1.94	2375	1989	5791	6616	2.79
1981	100-104	0.45972	0.91445	1.71	386	353	769	825	2.14
1981	105-109	0.58109	0.95646	1.49	33	32	54	57	1.71
1981	110+	0.67745	1.00000	1.48	1	1	2	2	1.48
1982	0	0.00892	0.00885	0.07	100000	885	99176	7136781	71.37
1982	1-4	0.00072	0.00286	1.97	99115	284	395884	7037604	71.00
1982	5-9	0.00038	0.00191	2.22	98831	189	493632	6641720	67.20
1982	10-14	0.00032	0.00161	3.36	98643	159	492952	6148089	62.33
1982	15-19	0.00137	0.00683	3.06	98484	673	491116	5655136	57.42
1982	20-24	0.00139	0.00694	2.5	97811	679	487355	5164020	52.80
1982	25-29	0.00179	0.00889	2.83	97132	864	483787	4676666	48.15
1982	30-34	0.00127	0.00630	2.41	96268	607	479769	4192878	43.55
1982	35-39	0.00139	0.00692	2.87	95661	662	476899	3713110	38.82
1982	40-44	0.00386	0.01914	2.66	94999	1818	470742	3236211	34.07
1982	45-49	0.00431	0.02137	3.13	93181	1991	462189	2765469	29.68
1982	50-54	0.00739	0.03631	2.67	91190	3311	448244	2303280	25.26
1982	55-59	0.01411	0.06834	2.71	87878	6006	425619	1855036	21.11
1982	60-64	0.01920	0.09177	2.61	81872	7514	391371	1429417	17.46
1982	65-69	0.03300	0.15309	2.65	74359	11383	344986	1038046	13.96
1982	70-74	0.05248	0.23356	2.65	62975	14708	280279	693059	11.01
1982	75-79	0.08236	0.33870	2.38	48267	16348	198497	412781	8.55
1982	80-84	0.11022	0.43060	2.46	31919	13744	124701	214284	6.71
1982	85-89	0.17054	0.58553	2.32	18175	10642	62398	89583	4.93
1982	90-94	0.25351	0.73454	2.14	7533	5533	21826	27185	3.61
1982	95-99	0.35848	0.85053	1.91	2000	1701	4744	5359	2.68
1982	100-104	0.47882	0.92328	1.67	299	276	576	614	2.05
1982	105-109	0.60231	0.96145	1.46	23	22	37	38	1.65
1982	110+	0.69903	1.00000	1.43	1	1	1	1	1.43
1983	0	0.01038	0.01028	0.07	100000	1028	99047	7147254	71.47
1983	1-4	0.00044	0.00177	1.51	98972	175	395451	7048207	71.21
1983	5-9	0.00049	0.00247	2.32	98796	244	493327	6652756	67.34
1983	10-14	0.00037	0.00185	3.35	98552	183	492460	6159429	62.50
1983	15-19	0.00150	0.00749	2.77	98370	737	490207	5666969	57.61
1983	20-24	0.00147	0.00734	2.31	97633	717	486239	5176762	53.02
1983	25-29	0.00165	0.00824	2.88	96916	798	482887	4690523	48.40
1983	30-34	0.00130	0.00648	2.72	96118	623	479170	4207636	43.78
1983	35-39	0.00202	0.01003	2.61	95495	958	475188	3728466	39.04
1983	40-44	0.00219	0.01091	2.65	94537	1031	470266	3253278	34.41
1983	45-49	0.00512	0.02532	3.02	93506	2368	462849	2783012	29.76
1983	50-54	0.00755	0.03713	2.79	91138	3384	448209	2320163	25.46
1983	55-59	0.01242	0.06039	2.69	87754	5299	426550	1871955	21.33
1983	60-64	0.02155	0.10260	2.68	82454	8460	392624	1445405	17.53
1983	65-69	0.03321	0.15366	2.57	73995	11370	342348	1052781	14.23
1983	70-74	0.04676	0.21010	2.59	62625	13158	281389	710433	11.34
1983	75-79	0.07586	0.31610	2.36	49467	15637	206112	429044	8.67
1983	80-84	0.11422	0.44213	2.45	33831	14958	130953	222932	6.59
1983	85-89	0.17390	0.59248	2.31	18873	11182	64300	91979	4.87
1983	90-94	0.25491	0.73607	2.13	7691	5661	22208	27679	3.60
1983	95-99	0.35656	0.84847	1.91	2030	1722	4830	5470	2.69
1983	100-104	0.47280	0.92033	1.68	308	283	599	640	2.08
1983	105-109	0.59262	0.95911	1.47	25	24	40	41	1.68
1983	110+	0.68709	1.00000	1.46	1	1	1	1	1.46
1984	0	0.00802	0.00796	0.07	100000	796	99257	7215933	72.16
1984	1-4	0.00044	0.00175	1.21	99204	173	396332	7116677	71.74
1984	5-9	0.00011	0.00053	2.56	99030	52	495025	6720345	67.86
1984	10-14	0.00046	0.00228	1.71	98978	225	494150	6225320	62.90
1984	15-19	0.00099	0.00493	2.83	98753	487	492707	5731170	58.04
1984	20-24	0.00159	0.00792	2.01	98266	778	489008	5238463	53.31
1984	25-29	0.00106	0.00529	2.16	97488	515	485976	4749456	48.72
1984	30-34	0.00125	0.00621	2.76	96973	603	483513	4263479	43.97
1984	35-39	0.00178	0.00885	3.1	96370	853	480232	3779966	39.22
1984	40-44	0.00315	0.01562	2.6	95517	1492	474008	3299734	34.55
1984	45-49	0.00483	0.02393	2.96	94025	2250	465542	2825727	30.05
1984	50-54	0.00739	0.03637	2.88	91775	3338	451799	2360185	25.72
1984	55-59	0.01353	0.06541	2.47	88437	5785	427554	1908386	21.58
1984	60-64	0.01808	0.08687	2.75	82652	7180	397075	1480832	17.92
1984	65-69	0.03183	0.14788	2.6	75472	11161	350626	1083757	14.36
1984	70-74	0.05279	0.23431	2.6	64311	15069	285458	733131	11.40
1984	75-79	0.07170	0.30421	2.51	49243	14980	208934	447673	9.09
1984	80-84	0.10337	0.41013	2.48	34262	14052	135933	238739	6.97
1984	85-89	0.16276	0.56837	2.35	20210	11487	70577	102806	5.09
1984	90-94	0.24586	0.72374	2.16	8723	6313	25679	32229	3.69
1984	95-99	0.35250	0.84594	1.93	2410	2039	5783	6551	2.72
1984	100-104	0.47591	0.92233	1.68	371	342	720	767	2.07
1984	105-109	0.60301	0.96177	1.46	29	28	46	48	1.65
1984	110+	0.70244	1.00000	1.42	1	1	2	2	1.42
1985	0	0.00968	0.00960	0.07	100000	960	99108	7181294	71.81
1985	1-4	0.00050	0.00198	1.87	99040	196	395743	7082186	71.51
1985	5-9	0.00026	0.00130	2.36	98844	129	493881	6686443	67.65
1985	10-14	0.00032	0.00160	1.93	98716	158	493092	6192562	62.73
1985	15-19	0.00134	0.00669	3.2	98558	659	491604	5699470	57.83
1985	20-24	0.00128	0.00636	2.58	97899	623	487982	5207865	53.20
1985	25-29	0.00098	0.00490	2.86	97276	477	485357	4719883	48.52
1985	30-34	0.00157	0.00783	2.45	96799	758	482058	4234526	43.75
1985	35-39	0.00142	0.00709	2.45	96040	681	478469	3752469	39.07
1985	40-44	0.00284	0.01410	2.79	95360	1344	473822	3274000	34.33
1985	45-49	0.00461	0.02283	3.11	94015	2147	466016	2800178	29.78
1985	50-54	0.00672	0.03309	2.73	91869	3040	452434	2334163	25.41
1985	55-59	0.01301	0.06305	2.58	88829	5600	430566	1881728	21.18
1985	60-64	0.02303	0.10932	2.69	83228	9099	395137	1451163	17.44
1985	65-69	0.03469	0.16010	2.6	74130	11868	342153	1056026	14.25
1985	70-74	0.04863	0.21683	2.5	62262	13500	277619	713873	11.47
1985	75-79	0.07357	0.31229	2.58	48762	15228	206984	436254	8.95
1985	80-84	0.10689	0.42071	2.47	33534	14108	131990	229270	6.84
1985	85-89	0.16666	0.57702	2.34	19426	11209	67258	97279	5.01
1985	90-94	0.24952	0.72891	2.15	8217	5989	24003	30021	3.65
1985	95-99	0.35505	0.84785	1.92	2227	1889	5319	6018	2.70
1985	100-104	0.47662	0.92246	1.68	339	313	656	699	2.06
1985	105-109	0.60168	0.96139	1.46	26	25	42	43	1.65
1985	110+	0.69963	1.00000	1.43	1	1	1	1	1.43
1986	0	0.01128	0.01117	0.08	100000	1117	98967	7202443	72.02
1986	1-4	0.00074	0.00295	1.49	98883	292	394799	7103476	71.84
1986	5-9	0.00031	0.00154	2.54	98592	151	492585	6708676	68.05
1986	10-14	0.00037	0.00186	3.16	98440	183	491864	6216092	63.15
1986	15-19	0.00122	0.00609	2.82	98257	598	489980	5724227	58.26
1986	20-24	0.00155	0.00772	2.22	97659	754	486201	5234247	53.60
1986	25-29	0.00146	0.00730	2.84	96905	707	482996	4748047	49.00
1986	30-34	0.00090	0.00447	2.23	96198	430	479796	4265051	44.34
1986	35-39	0.00161	0.00804	2.66	95768	770	477037	3785254	39.53
1986	40-44	0.00234	0.01165	2.91	94998	1107	472681	3308218	34.82
1986	45-49	0.00366	0.01813	2.69	93891	1703	465514	2835537	30.20
1986	50-54	0.00876	0.04292	2.68	92188	3957	451782	2370023	25.71
1986	55-59	0.01068	0.05213	2.67	88232	4599	430454	1918241	21.74
1986	60-64	0.01828	0.08766	2.67	83633	7332	401102	1487787	17.79
1986	65-69	0.03167	0.14740	2.66	76301	11247	355145	1086685	14.24
1986	70-74	0.04993	0.22097	2.4	65054	14375	287880	731540	11.25
1986	75-79	0.07805	0.32645	2.5	50679	16544	211965	443659	8.75
1986	80-84	0.10615	0.41895	2.49	34135	14301	134721	231694	6.79
1986	85-89	0.17051	0.58640	2.34	19834	11631	68211	96973	4.89
1986	90-94	0.26122	0.74664	2.13	8204	6125	23448	28761	3.51
1986	95-99	0.37711	0.86626	1.88	2078	1800	4774	5313	2.56
1986	100-104	0.50893	0.93586	1.62	278	260	511	539	1.94
1986	105-109	0.64052	0.96924	1.4	18	17	27	28	1.55
1986	110+	0.74042	1.00000	1.35	1	1	1	1	1.35
1987	0	0.01029	0.01019	0.07	100000	1019	99055	7229811	72.30
1987	1-4	0.00061	0.00243	1.49	98981	241	395319	7130756	72.04
1987	5-9	0.00025	0.00123	1.75	98740	122	493304	6735437	68.21
1987	10-14	0.00027	0.00136	3.47	98618	134	492887	6242133	63.30
1987	15-19	0.00128	0.00640	2.95	98485	631	491129	5749246	58.38
1987	20-24	0.00156	0.00777	2.53	97854	760	487390	5258117	53.73
1987	25-29	0.00115	0.00575	2.53	97094	559	484093	4770727	49.14
1987	30-34	0.00150	0.00749	2.64	96536	723	480971	4286635	44.40
1987	35-39	0.00188	0.00935	2.49	95813	896	476817	3805664	39.72
1987	40-44	0.00226	0.01123	2.58	94916	1066	471998	3328847	35.07
1987	45-49	0.00409	0.02030	2.94	93850	1905	465330	2856849	30.44
1987	50-54	0.00683	0.03362	2.73	91945	3091	452695	2391518	26.01
1987	55-59	0.01165	0.05671	2.66	88853	5039	432467	1938823	21.82
1987	60-64	0.01908	0.09127	2.62	83815	7650	400877	1506356	17.97
1987	65-69	0.02883	0.13508	2.67	76165	10288	356880	1105479	14.51
1987	70-74	0.05186	0.22997	2.54	65877	15150	292154	748600	11.36
1987	75-79	0.06972	0.29662	2.49	50727	15047	215810	456446	9.00
1987	80-84	0.11238	0.43626	2.44	35680	15566	138514	240636	6.74
1987	85-89	0.16641	0.57520	2.32	20114	11570	69525	102122	5.08
1987	90-94	0.23877	0.71103	2.16	8544	6075	25444	32597	3.81
1987	95-99	0.32948	0.82316	1.96	2469	2033	6169	7153	2.90
1987	100-104	0.43464	0.90072	1.75	437	393	905	984	2.25
1987	105-109	0.54628	0.94652	1.55	43	41	75	79	1.82
1987	110+	0.63652	1.00000	1.57	2	2	4	4	1.57
1988	0	0.00810	0.00803	0.07	100000	803	99250	7306528	73.07
1988	1-4	0.00054	0.00216	1.49	99197	214	396249	7207278	72.66
1988	5-9	0.00005	0.00026	3.5	98982	25	494873	6811029	68.81
1988	10-14	0.00011	0.00055	3.5	98957	54	494702	6316156	63.83
1988	15-19	0.00103	0.00515	3.28	98902	509	493634	5821454	58.86
1988	20-24	0.00146	0.00725	2.56	98393	714	490226	5327821	54.15
1988	25-29	0.00130	0.00649	2.8	97679	634	487002	4837595	49.53
1988	30-34	0.00163	0.00814	2.45	97046	789	483211	4350593	44.83
1988	35-39	0.00156	0.00776	2.84	96256	747	479663	3867381	40.18
1988	40-44	0.00269	0.01335	2.49	95509	1275	474340	3387718	35.47
1988	45-49	0.00396	0.01966	2.86	94234	1852	467208	2913378	30.92
1988	50-54	0.00680	0.03344	2.61	92381	3089	454520	2446170	26.48
1988	55-59	0.00985	0.04824	2.89	89292	4308	437383	1991649	22.30
1988	60-64	0.01814	0.08711	2.73	84984	7403	408100	1554266	18.29
1988	65-69	0.02522	0.11862	2.5	77581	9203	364916	1146166	14.77
1988	70-74	0.04975	0.22175	2.55	68378	15163	304770	781250	11.43
1988	75-79	0.07086	0.30153	2.53	53215	16046	226461	476480	8.95
1988	80-84	0.10980	0.42937	2.46	37169	15959	145355	250019	6.73
1988	85-89	0.17020	0.58481	2.33	21210	12404	72878	104664	4.93
1988	90-94	0.25340	0.73442	2.14	8806	6468	25523	31786	3.61
1988	95-99	0.35876	0.85080	1.91	2339	1990	5546	6262	2.68
1988	100-104	0.47956	0.92363	1.67	349	322	672	716	2.05
1988	105-109	0.60346	0.96172	1.46	27	26	42	44	1.65
1988	110+	0.70042	1.00000	1.43	1	1	1	1	1.43
1989	0	0.00840	0.00834	0.07	100000	834	99223	7295890	72.96
1989	1-4	0.00006	0.00024	0.5	99166	24	396582	7196667	72.57
1989	5-9	0.00042	0.00212	1.61	99143	210	495001	6800085	68.59
1989	10-14	0.00021	0.00107	2.76	98932	106	494424	6305084	63.73
1989	15-19	0.00078	0.00391	3.05	98826	386	493380	5810660	58.80
1989	20-24	0.00176	0.00876	2.86	98440	862	490357	5317280	54.02
1989	25-29	0.00136	0.00676	2.42	97578	659	486193	4826922	49.47
1989	30-34	0.00153	0.00764	2.68	96919	740	482875	4340729	44.79
1989	35-39	0.00206	0.01025	2.33	96178	986	478257	3857854	40.11
1989	40-44	0.00221	0.01102	2.77	95193	1049	473620	3379598	35.50
1989	45-49	0.00331	0.01642	2.7	94144	1546	467164	2905978	30.87
1989	50-54	0.00615	0.03032	2.78	92598	2807	456751	2438814	26.34
1989	55-59	0.01098	0.05356	2.68	89790	4809	437818	1982064	22.07
1989	60-64	0.01970	0.09389	2.51	84981	7979	405037	1544245	18.17
1989	65-69	0.02733	0.12858	2.7	77003	9901	362238	1139209	14.79
1989	70-74	0.04788	0.21431	2.55	67102	14381	300325	776971	11.58
1989	75-79	0.06938	0.29633	2.54	52721	15623	225188	476646	9.04
1989	80-84	0.11246	0.43628	2.43	37098	16185	143925	251458	6.78
1989	85-89	0.16442	0.57040	2.32	20913	11929	72549	107532	5.14
1989	90-94	0.23350	0.70231	2.16	8984	6310	27023	34984	3.89
1989	95-99	0.31987	0.81321	1.98	2675	2175	6800	7961	2.98
1989	100-104	0.42032	0.89220	1.77	500	446	1060	1162	2.33
1989	105-109	0.52800	0.94055	1.58	54	51	96	101	1.88
1989	110+	0.61566	1.00000	1.62	3	3	5	5	1.62
1990	0	0.00813	0.00807	0.07	100000	807	99247	7326573	73.27
1990	1-4	0.00029	0.00117	2.29	99193	116	396573	7227326	72.86
1990	5-9	0.00005	0.00023	0.5	99077	23	495281	6830754	68.94
1990	10-14	0.00031	0.00155	2.88	99054	154	494944	6335473	63.96
1990	15-19	0.00094	0.00472	2.84	98900	466	493494	5840529	59.05
1990	20-24	0.00106	0.00527	2.34	98434	519	490793	5347035	54.32
1990	25-29	0.00129	0.00646	3.12	97915	632	488388	4856242	49.60
1990	30-34	0.00134	0.00669	2.76	97283	650	484961	4367854	44.90
1990	35-39	0.00137	0.00684	2.35	96633	661	481416	3882893	40.18
1990	40-44	0.00245	0.01217	2.45	95972	1168	476886	3401477	35.44
1990	45-49	0.00383	0.01901	2.77	94805	1802	470009	2924590	30.85
1990	50-54	0.00749	0.03682	2.7	93002	3424	457147	2454581	26.39
1990	55-59	0.01184	0.05761	2.66	89578	5161	435821	1997434	22.30
1990	60-64	0.01810	0.08684	2.69	84417	7331	405134	1561613	18.50
1990	65-69	0.03219	0.14970	2.66	77086	11540	358474	1156480	15.00
1990	70-74	0.04093	0.18612	2.57	65546	12200	298034	798006	12.17
1990	75-79	0.07192	0.30589	2.56	53347	16318	226895	499972	9.37
1990	80-84	0.09686	0.38937	2.48	37028	14418	148847	273077	7.37
1990	85-89	0.14830	0.53325	2.37	22611	12057	81303	124230	5.49
1990	90-94	0.21965	0.68062	2.21	10554	7183	32701	42926	4.07
1990	95-99	0.31191	0.80623	2	3371	2718	8712	10225	3.03
1990	100-104	0.42149	0.89393	1.78	653	584	1385	1513	2.32
1990	105-109	0.53961	0.94494	1.56	69	65	121	127	1.84
1990	110+	0.63555	1.00000	1.57	4	4	6	6	1.57
1991	0	0.00509	0.00506	0.06	100000	506	99523	7422261	74.22
1991	1-4	0.00023	0.00094	1.49	99494	93	397740	7322738	73.60
1991	5-9	0.00023	0.00115	1.31	99400	115	496577	6924998	69.67
1991	10-14	0.00025	0.00125	2.95	99285	124	496172	6428421	64.75
1991	15-19	0.00104	0.00520	3.04	99161	516	494793	5932249	59.82
1991	20-24	0.00142	0.00708	2.84	98646	699	491723	5437456	55.12
1991	25-29	0.00139	0.00694	2.42	97947	680	487984	4945733	50.49
1991	30-34	0.00140	0.00697	2.65	97267	678	484742	4457749	45.83
1991	35-39	0.00199	0.00990	3.1	96590	956	481127	3973007	41.13
1991	40-44	0.00224	0.01113	2.47	95633	1065	475466	3491879	36.51
1991	45-49	0.00350	0.01738	2.62	94568	1643	468933	3016413	31.90
1991	50-54	0.00488	0.02413	2.6	92925	2242	459237	2547480	27.41
1991	55-59	0.01092	0.05311	2.47	90683	4816	441213	2088243	23.03
1991	60-64	0.01957	0.09362	2.68	85867	8039	410699	1647030	19.18
1991	65-69	0.02183	0.10397	2.71	77828	8092	370602	1236331	15.89
1991	70-74	0.04176	0.19090	2.75	69736	13313	318767	865729	12.41
1991	75-79	0.06520	0.27986	2.47	56424	15791	242192	546962	9.69
1991	80-84	0.09730	0.39019	2.46	40633	15855	162946	304770	7.50
1991	85-89	0.14280	0.51863	2.36	24778	12851	89992	141823	5.72
1991	90-94	0.20426	0.65190	2.23	11927	7775	38066	51831	4.35
1991	95-99	0.28284	0.77152	2.05	4152	3203	11325	13765	3.32
1991	100-104	0.37686	0.86298	1.86	949	819	2172	2439	2.57
1991	105-109	0.48110	0.92279	1.66	130	120	249	267	2.05
1991	110+	0.56744	1.00000	1.76	10	10	18	18	1.76
1992	0	0.00815	0.00809	0.07	100000	809	99246	7334494	73.34
1992	1-4	0.00036	0.00143	1.3	99191	142	396383	7235249	72.94
1992	5-9	0.00032	0.00161	2.65	99049	159	494872	6838866	69.05
1992	10-14	0.00042	0.00210	1.86	98890	208	493798	6343994	64.15
1992	15-19	0.00119	0.00593	2.82	98682	585	492139	5850197	59.28
1992	20-24	0.00111	0.00552	2.32	98097	542	489038	5358058	54.62
1992	25-29	0.00130	0.00646	2.34	97556	630	486101	4869020	49.91
1992	30-34	0.00167	0.00830	2.3	96925	805	482457	4382919	45.22
1992	35-39	0.00220	0.01093	2.65	96121	1050	478136	3900461	40.58
1992	40-44	0.00204	0.01015	2.59	95070	965	473023	3422326	36.00
1992	45-49	0.00442	0.02191	2.79	94105	2062	465967	2949302	31.34
1992	50-54	0.00484	0.02397	2.85	92043	2206	455481	2483335	26.98
1992	55-59	0.01016	0.04968	2.8	89837	4463	439371	2027854	22.57
1992	60-64	0.01966	0.09384	2.58	85374	8012	407472	1588483	18.61
1992	65-69	0.02972	0.13875	2.61	77362	10734	361162	1181011	15.27
1992	70-74	0.03963	0.18103	2.61	66629	12062	304359	819849	12.30
1992	75-79	0.06424	0.27757	2.55	54567	15146	235764	515491	9.45
1992	80-84	0.10351	0.40989	2.46	39421	16158	156102	279727	7.10
1992	85-89	0.15591	0.55131	2.34	23263	12825	82260	123625	5.31
1992	90-94	0.22740	0.69324	2.18	10438	7236	31820	41365	3.96
1992	95-99	0.31854	0.81270	1.99	3202	2602	8169	9546	2.98
1992	100-104	0.42565	0.89601	1.77	600	537	1262	1377	2.30
1992	105-109	0.54047	0.94498	1.56	62	59	109	114	1.84
1992	110+	0.63359	1.00000	1.58	3	3	5	5	1.58
1993	0	0.00816	0.00810	0.07	100000	810	99245	7337825	73.38
1993	1-4	0.00071	0.00286	1.95	99190	283	396183	7238581	72.98
1993	5-9	0.00004	0.00022	0.5	98907	22	494437	6842398	69.18
1993	10-14	0.00042	0.00210	3.32	98885	208	494076	6347962	64.20
1993	15-19	0.00108	0.00540	3.13	98677	533	492393	5853886	59.32
1993	20-24	0.00137	0.00681	2.58	98144	669	489102	5361493	54.63
1993	25-29	0.00151	0.00754	2.66	97476	735	485658	4872391	49.99
1993	30-34	0.00218	0.01084	2.58	96741	1049	481172	4386734	45.35
1993	35-39	0.00165	0.00824	2.31	95692	788	476345	3905562	40.81
1993	40-44	0.00217	0.01080	2.5	94904	1025	471962	3429217	36.13
1993	45-49	0.00425	0.02106	2.81	93879	1977	465055	2957255	31.50
1993	50-54	0.00540	0.02664	2.63	91902	2448	453697	2492200	27.12
1993	55-59	0.01092	0.05322	2.58	89454	4761	435767	2038503	22.79
1993	60-64	0.01695	0.08158	2.71	84693	6909	407650	1602735	18.92
1993	65-69	0.02496	0.11813	2.74	77784	9188	368161	1195085	15.36
1993	70-74	0.04293	0.19357	2.47	68595	13278	309327	826924	12.06
1993	75-79	0.06443	0.28006	2.67	55317	15492	240461	517596	9.36
1993	80-84	0.10156	0.40499	2.5	39825	16129	158809	277135	6.96
1993	85-89	0.16519	0.57473	2.35	23696	13619	82444	118327	4.99
1993	90-94	0.25600	0.73963	2.15	10077	7453	29115	35883	3.56
1993	95-99	0.37316	0.86359	1.89	2624	2266	6072	6768	2.58
1993	100-104	0.50728	0.93546	1.63	358	335	660	696	1.94
1993	105-109	0.64141	0.96949	1.4	23	22	35	36	1.55
1993	110+	0.74303	1.00000	1.35	1	1	1	1	1.35
1994	0	0.00679	0.00674	0.06	100000	674	99368	7445977	74.46
1994	1-4	0.00042	0.00169	2.31	99326	168	397019	7346608	73.96
1994	5-9	0.00009	0.00043	2.47	99158	43	495681	6949589	70.09
1994	10-14	0.00027	0.00136	3.85	99115	135	495419	6453908	65.12
1994	15-19	0.00080	0.00401	3.21	98980	397	494189	5958489	60.20
1994	20-24	0.00109	0.00546	2.74	98583	538	491701	5464299	55.43
1994	25-29	0.00101	0.00503	2.97	98045	493	489224	4972598	50.72
1994	30-34	0.00122	0.00607	3.16	97552	592	486669	4483375	45.96
1994	35-39	0.00152	0.00757	2.87	96960	734	483238	3996706	41.22
1994	40-44	0.00213	0.01057	2.49	96226	1017	478577	3513468	36.51
1994	45-49	0.00371	0.01838	2.75	95208	1750	472101	3034891	31.88
1994	50-54	0.00618	0.03045	2.64	93458	2845	460582	2562790	27.42
1994	55-59	0.01055	0.05151	2.74	90613	4668	442493	2102208	23.20
1994	60-64	0.01635	0.07856	2.51	85945	6752	412940	1659715	19.31
1994	65-69	0.02320	0.11046	2.84	79193	8748	377034	1246775	15.74
1994	70-74	0.04114	0.18687	2.55	70446	13164	319944	869741	12.35
1994	75-79	0.06426	0.27756	2.55	57282	15899	247417	549797	9.60
1994	80-84	0.09397	0.38098	2.52	41383	15766	167785	302380	7.31
1994	85-89	0.15390	0.54838	2.38	25617	14048	91282	134595	5.25
1994	90-94	0.24062	0.71687	2.18	11569	8293	34468	43313	3.74
1994	95-99	0.35440	0.84864	1.93	3276	2780	7843	8845	2.70
1994	100-104	0.48716	0.92780	1.66	496	460	944	1001	2.02
1994	105-109	0.62269	0.96614	1.43	36	35	56	57	1.60
1994	110+	0.72690	1.00000	1.38	1	1	2	2	1.38
1995	0	0.00619	0.00616	0.06	100000	616	99422	7397824	73.98
1995	1-4	0.00045	0.00178	1.7	99384	177	397131	7298401	73.44
1995	5-9	0.00026	0.00132	1.68	99207	131	495602	6901270	69.56
1995	10-14	0.00022	0.00109	2.5	99076	108	495112	6405669	64.65
1995	15-19	0.00108	0.00539	3.11	98969	533	493835	5910556	59.72
1995	20-24	0.00146	0.00726	2.58	98435	715	490443	5416721	55.03
1995	25-29	0.00095	0.00475	2.96	97720	464	487653	4926278	50.41
1995	30-34	0.00221	0.01098	2.37	97256	1067	483476	4438624	45.64
1995	35-39	0.00224	0.01112	2.34	96188	1070	478095	3955149	41.12
1995	40-44	0.00266	0.01320	2.67	95119	1256	472672	3477054	36.55
1995	45-49	0.00323	0.01602	2.75	93863	1503	465935	3004382	32.01
1995	50-54	0.00632	0.03112	2.68	92359	2874	455135	2538446	27.48
1995	55-59	0.00934	0.04567	2.53	89485	4087	437346	2083312	23.28
1995	60-64	0.01828	0.08737	2.49	85398	7461	408262	1645965	19.27
1995	65-69	0.02347	0.11120	2.63	77937	8666	369181	1237704	15.88
1995	70-74	0.03818	0.17523	2.66	69271	12138	317935	868523	12.54
1995	75-79	0.06375	0.27708	2.64	57132	15830	248325	550588	9.64
1995	80-84	0.09630	0.38792	2.5	41302	16022	166377	302263	7.32
1995	85-89	0.15130	0.54118	2.37	25280	13681	90421	135885	5.38
1995	90-94	0.22884	0.69683	2.19	11599	8082	35319	45465	3.92
1995	95-99	0.32964	0.82500	1.97	3517	2901	8801	10145	2.88
1995	100-104	0.44854	0.90936	1.73	615	560	1248	1344	2.18
1995	105-109	0.57412	0.95497	1.51	56	53	93	97	1.73
1995	110+	0.67423	1.00000	1.48	3	3	4	4	1.48
1996	0	0.00669	0.00665	0.06	100000	665	99377	7492970	74.93
1996	1-4	0.00027	0.00108	1.48	99335	107	397070	7393593	74.43
1996	5-9	0.00018	0.00089	2.21	99228	89	495891	6996524	70.51
1996	10-14	0.00026	0.00130	2.66	99139	129	495395	6500632	65.57
1996	15-19	0.00080	0.00400	2.93	99011	396	494235	6005237	60.65
1996	20-24	0.00098	0.00491	2.62	98614	484	491921	5511003	55.88
1996	25-29	0.00108	0.00540	2.95	98130	530	489563	5019081	51.15
1996	30-34	0.00165	0.00820	2.58	97600	801	486062	4529518	46.41
1996	35-39	0.00169	0.00843	2.48	96800	816	481939	4043456	41.77
1996	40-44	0.00203	0.01011	3.08	95984	970	478056	3561516	37.11
1996	45-49	0.00386	0.01914	2.59	95014	1818	470691	3083461	32.45
1996	50-54	0.00512	0.02536	3.12	93195	2363	461522	2612770	28.04
1996	55-59	0.00817	0.04009	2.67	90832	3642	445679	2151248	23.68
1996	60-64	0.01532	0.07413	2.82	87190	6464	421831	1705569	19.56
1996	65-69	0.02443	0.11535	2.59	80727	9312	381224	1283738	15.90
1996	70-74	0.03736	0.17134	2.58	71415	12236	327508	902515	12.64
1996	75-79	0.06187	0.26994	2.64	59179	15975	258187	575007	9.72
1996	80-84	0.09664	0.38887	2.49	43204	16801	173851	316820	7.33
1996	85-89	0.15034	0.53861	2.37	26403	14221	94592	142969	5.41
1996	90-94	0.22557	0.69112	2.2	12182	8419	37324	48377	3.97
1996	95-99	0.32316	0.81833	1.98	3763	3079	9528	11053	2.94
1996	100-104	0.43858	0.90394	1.75	684	618	1409	1525	2.23
1996	105-109	0.56144	0.95151	1.53	66	62	111	116	1.77
1996	110+	0.66011	1.00000	1.51	3	3	5	5	1.51
1997	0	0.00715	0.00711	0.06	100000	711	99335	7507472	75.07
1997	1-4	0.00036	0.00143	0.9	99289	142	396716	7408137	74.61
1997	5-9	0.00013	0.00067	2.75	99147	67	495586	7011421	70.72
1997	10-14	0.00017	0.00087	4.25	99080	86	495338	6515835	65.76
1997	15-19	0.00054	0.00270	2.85	98994	268	494395	6020497	60.82
1997	20-24	0.00098	0.00487	2.78	98727	481	492568	5526102	55.97
1997	25-29	0.00103	0.00515	1.91	98246	506	489666	5033533	51.23
1997	30-34	0.00116	0.00579	2.02	97740	566	487013	4543867	46.49
1997	35-39	0.00150	0.00748	2.95	97174	727	484376	4056855	41.75
1997	40-44	0.00199	0.00989	2.37	96447	954	479731	3572479	37.04
1997	45-49	0.00339	0.01681	2.62	95493	1605	473651	3092748	32.39
1997	50-54	0.00550	0.02717	2.77	93888	2551	463751	2619097	27.90
1997	55-59	0.00857	0.04199	2.56	91338	3835	447345	2155346	23.60
1997	60-64	0.01389	0.06728	2.68	87503	5887	423833	1708001	19.52
1997	65-69	0.02418	0.11408	2.52	81616	9310	384976	1284168	15.73
1997	70-74	0.04162	0.18896	2.57	72305	13663	328296	899192	12.44
1997	75-79	0.06034	0.26186	2.48	58642	15356	254499	570896	9.74
1997	80-84	0.09091	0.37167	2.55	43286	16088	176967	316397	7.31
1997	85-89	0.15671	0.55631	2.39	27198	15131	96551	139429	5.13
1997	90-94	0.25496	0.73987	2.16	12068	8928	35019	42878	3.55
1997	95-99	0.38496	0.87382	1.88	3139	2743	7125	7859	2.50
1997	100-104	0.53383	0.94530	1.58	396	374	701	733	1.85
1997	105-109	0.67847	0.97561	1.35	22	21	31	32	1.47
1997	110+	0.78351	1.00000	1.28	1	1	1	1	1.28
1998	0	0.00816	0.00810	0.07	100000	810	99244	7503382	75.03
1998	1-4	0.00043	0.00170	1.44	99190	169	396330	7404138	74.65
1998	5-9	0.00013	0.00065	3.8	99021	64	495030	7007808	70.77
1998	10-14	0.00013	0.00065	2.16	98957	64	494605	6512778	65.81
1998	15-19	0.00132	0.00660	3.23	98893	653	493310	6018173	60.86
1998	20-24	0.00087	0.00436	2.04	98241	429	489934	5524864	56.24
1998	25-29	0.00111	0.00555	2.29	97812	543	487591	5034930	51.48
1998	30-34	0.00122	0.00609	2.17	97270	592	484671	4547338	46.75
1998	35-39	0.00166	0.00825	2.38	96678	798	481302	4062667	42.02
1998	40-44	0.00250	0.01243	2.25	95880	1192	476126	3581365	37.35
1998	45-49	0.00336	0.01666	2.77	94688	1577	469929	3105240	32.79
1998	50-54	0.00523	0.02584	2.71	93111	2406	460039	2635310	28.30
1998	55-59	0.00728	0.03582	2.78	90704	3249	446306	2175271	23.98
1998	60-64	0.01553	0.07511	2.84	87456	6569	423101	1728965	19.77
1998	65-69	0.02227	0.10598	2.73	80887	8572	384938	1305865	16.14
1998	70-74	0.03487	0.16126	2.67	72315	11661	334440	920927	12.74
1998	75-79	0.06095	0.26623	2.63	60653	16148	264926	586487	9.67
1998	80-84	0.09372	0.38061	2.53	44506	16939	180734	321561	7.23
1998	85-89	0.15838	0.55983	2.38	27567	15433	97437	140827	5.11
1998	90-94	0.25354	0.73723	2.16	12134	8946	35282	43390	3.58
1998	95-99	0.37860	0.86868	1.89	3188	2770	7316	8107	2.54
1998	100-104	0.52216	0.94125	1.6	419	394	755	792	1.89
1998	105-109	0.66351	0.97333	1.37	25	24	36	37	1.50
1998	110+	0.76801	1.00000	1.3	1	1	1	1	1.30
1999	0	0.00575	0.00572	0.06	100000	572	99463	7534785	75.35
1999	1-4	0.00021	0.00085	2.15	99428	85	397555	7435322	74.78
1999	5-9	0.00028	0.00139	2.38	99343	138	496353	7037767	70.84
1999	10-14	0.00021	0.00107	3.1	99205	106	495822	6541414	65.94
1999	15-19	0.00069	0.00344	2.61	99099	341	494679	6045592	61.01
1999	20-24	0.00113	0.00562	2.67	98758	555	492497	5550913	56.21
1999	25-29	0.00144	0.00720	2.88	98203	707	489520	5058416	51.51
1999	30-34	0.00144	0.00720	2.65	97496	702	485835	4568896	46.86
1999	35-39	0.00146	0.00729	2.78	96795	706	482410	4083061	42.18
1999	40-44	0.00236	0.01171	2.58	96089	1126	477726	3600651	37.47
1999	45-49	0.00294	0.01458	2.47	94963	1385	471306	3122925	32.89
1999	50-54	0.00607	0.02997	2.88	93578	2805	461956	2651619	28.34
1999	55-59	0.00827	0.04061	2.84	90774	3687	445892	2189663	24.12
1999	60-64	0.01407	0.06804	2.61	87087	5926	421247	1743772	20.02
1999	65-69	0.02260	0.10745	2.71	81162	8721	385830	1322525	16.29
1999	70-74	0.03653	0.16823	2.66	72441	12187	333636	936695	12.93
1999	75-79	0.06131	0.26706	2.59	60254	16091	262478	603058	10.01
1999	80-84	0.08766	0.36007	2.52	44162	15901	181403	340580	7.71
1999	85-89	0.14083	0.51545	2.4	28261	14567	103436	159177	5.63
1999	90-94	0.21757	0.67835	2.23	13694	9289	42695	55741	4.07
1999	95-99	0.31940	0.81542	2	4405	3592	11245	13046	2.96
1999	100-104	0.44139	0.90611	1.75	813	737	1669	1802	2.22
1999	105-109	0.57139	0.95453	1.51	76	73	128	133	1.74
1999	110+	0.67521	1.00000	1.48	3	3	5	5	1.48
2000	0	0.00601	0.00597	0.06	100000	597	99439	7581652	75.82
2000	1-4	0.00007	0.00029	0.5	99403	29	397509	7482213	75.27
2000	5-9	0.00005	0.00025	1.5	99373	25	496782	7084704	71.29
2000	10-14	0.00013	0.00065	1.83	99349	64	496541	6587923	66.31
2000	15-19	0.00090	0.00447	2.66	99285	444	495387	6091381	61.35
2000	20-24	0.00126	0.00627	2.27	98841	619	492516	5595995	56.62
2000	25-29	0.00084	0.00420	3.29	98222	412	490406	5103479	51.96
2000	30-34	0.00144	0.00715	2.37	97810	700	487206	4613073	47.16
2000	35-39	0.00147	0.00734	2.1	97110	712	483481	4125867	42.49
2000	40-44	0.00283	0.01406	2.67	96398	1356	478829	3642386	37.79
2000	45-49	0.00355	0.01761	2.57	95042	1674	471134	3163557	33.29
2000	50-54	0.00467	0.02311	2.56	93368	2158	461580	2692423	28.84
2000	55-59	0.00670	0.03296	2.66	91210	3006	449023	2230843	24.46
2000	60-64	0.01246	0.06052	2.64	88204	5338	428413	1781821	20.20
2000	65-69	0.02261	0.10724	2.6	82865	8886	393032	1353408	16.33
2000	70-74	0.03762	0.17242	2.58	73979	12755	339031	960376	12.98
2000	75-79	0.05426	0.23985	2.58	61224	14685	270617	621345	10.15
2000	80-84	0.08578	0.35476	2.56	46539	16510	192468	350728	7.54
2000	85-89	0.15010	0.54059	2.41	30029	16233	108149	158260	5.27
2000	90-94	0.24769	0.72962	2.18	13795	10065	40637	50111	3.63
2000	95-99	0.37858	0.86955	1.89	3730	3243	8567	9474	2.54
2000	100-104	0.52989	0.94427	1.59	487	459	867	907	1.86
2000	105-109	0.67754	0.97557	1.35	27	26	39	40	1.47
2000	110+	0.78461	1.00000	1.27	1	1	1	1	1.27
2001	0	0.00512	0.00510	0.06	100000	510	99520	7617664	76.18
2001	1-4	0.00022	0.00087	1.81	99490	86	397771	7518144	75.57
2001	5-9	0.00015	0.00073	2.78	99404	72	496858	7120373	71.63
2001	10-14	0.00021	0.00106	2.48	99331	105	496391	6623515	66.68
2001	15-19	0.00061	0.00306	3.19	99226	304	495580	6127124	61.75
2001	20-24	0.00140	0.00698	3.16	98922	691	493344	5631544	56.93
2001	25-29	0.00127	0.00635	2.8	98232	624	489786	5138200	52.31
2001	30-34	0.00097	0.00483	2.49	97608	471	486854	4648414	47.62
2001	35-39	0.00156	0.00779	2.89	97136	757	484085	4161559	42.84
2001	40-44	0.00212	0.01056	2.82	96379	1018	479679	3677475	38.16
2001	45-49	0.00317	0.01575	2.76	95361	1502	473436	3197796	33.53
2001	50-54	0.00460	0.02278	2.75	93859	2138	464483	2724360	29.03
2001	55-59	0.00706	0.03466	2.42	91721	3179	450420	2259877	24.64
2001	60-64	0.01139	0.05541	2.57	88542	4906	430797	1809457	20.44
2001	65-69	0.02103	0.10007	2.59	83636	8369	398036	1378660	16.48
2001	70-74	0.03530	0.16249	2.56	75267	12230	346462	980623	13.03
2001	75-79	0.05449	0.24203	2.69	63036	15257	280000	634162	10.06
2001	80-84	0.08724	0.35985	2.57	47779	17193	197074	354162	7.41
2001	85-89	0.15496	0.55279	2.41	30586	16908	109109	157087	5.14
2001	90-94	0.25821	0.74543	2.17	13678	10196	39487	47978	3.51
2001	95-99	0.39604	0.88223	1.86	3482	3072	7757	8491	2.44
2001	100-104	0.55291	0.95130	1.55	410	390	706	734	1.79
2001	105-109	0.70180	0.97877	1.32	20	20	28	28	1.42
2001	110+	0.80662	1.00000	1.24	0	0	1	1	1.24
2002	0	0.00575	0.00572	0.06	100000	572	99463	7639087	76.39
2002	1-4	0.00014	0.00057	3	99428	57	397655	7539624	75.83
2002	5-9	0.00011	0.00054	0.99	99371	54	496639	7141969	71.87
2002	10-14	0.00013	0.00065	1.47	99317	65	496357	6645330	66.91
2002	15-19	0.00059	0.00294	2.94	99252	292	495660	6148973	61.95
2002	20-24	0.00140	0.00699	2.8	98960	692	493276	5653313	57.13
2002	25-29	0.00134	0.00668	2.05	98269	657	489402	5160037	52.51
2002	30-34	0.00104	0.00516	2.31	97612	504	486706	4670635	47.85
2002	35-39	0.00100	0.00497	2.22	97108	482	484198	4183929	43.09
2002	40-44	0.00206	0.01023	2.6	96626	989	480759	3699731	38.29
2002	45-49	0.00288	0.01433	2.76	95637	1370	475116	3218972	33.66
2002	50-54	0.00513	0.02533	2.64	94266	2388	465702	2743856	29.11
2002	55-59	0.00695	0.03420	2.57	91878	3142	451749	2278154	24.80
2002	60-64	0.01412	0.06815	2.43	88736	6047	428157	1826405	20.58
2002	65-69	0.01926	0.09206	2.61	82689	7613	395280	1398249	16.91
2002	70-74	0.03376	0.15594	2.55	75077	11707	346736	1002969	13.36
2002	75-79	0.05273	0.23438	2.63	63369	14853	281654	656233	10.36
2002	80-84	0.08639	0.35605	2.53	48517	17274	199956	374579	7.72
2002	85-89	0.14138	0.51722	2.41	31242	16159	114299	174623	5.59
2002	90-94	0.22173	0.68605	2.22	15083	10348	46668	60324	4.00
2002	95-99	0.32893	0.82545	1.98	4735	3909	11883	13656	2.88
2002	100-104	0.45694	0.91433	1.72	827	756	1654	1773	2.14
2002	105-109	0.59158	0.95962	1.48	71	68	115	119	1.68
2002	110+	0.69762	1.00000	1.43	3	3	4	4	1.43
2003	0	0.00561	0.00558	0.06	100000	558	99475	7678263	76.78
2003	1-4	0.00008	0.00030	1.5	99442	30	397692	7578788	76.21
2003	5-9	0.00027	0.00137	1.26	99412	136	496551	7181096	72.24
2003	10-14	0.00017	0.00086	2.69	99276	86	496181	6684546	67.33
2003	15-19	0.00065	0.00323	2.5	99190	321	495150	6188365	62.39
2003	20-24	0.00130	0.00650	2.8	98870	643	492932	5693215	57.58
2003	25-29	0.00083	0.00412	2.71	98227	405	490205	5200283	52.94
2003	30-34	0.00110	0.00549	2.41	97822	537	487718	4710078	48.15
2003	35-39	0.00159	0.00793	2.94	97285	771	484838	4222361	43.40
2003	40-44	0.00243	0.01208	2.76	96513	1166	479958	3737523	38.73
2003	45-49	0.00329	0.01632	2.87	95347	1556	473429	3257565	34.17
2003	50-54	0.00420	0.02079	2.63	93792	1950	464329	2784136	29.68
2003	55-59	0.00751	0.03701	2.99	91841	3399	452392	2319808	25.26
2003	60-64	0.01213	0.05904	2.72	88443	5221	430290	1867416	21.11
2003	65-69	0.01644	0.07901	2.53	83221	6575	399869	1437125	17.27
2003	70-74	0.03681	0.16902	2.58	76646	12955	351930	1037256	13.53
2003	75-79	0.04752	0.21238	2.5	63691	13526	284674	685326	10.76
2003	80-84	0.07912	0.33174	2.57	50165	16642	210346	400652	7.99
2003	85-89	0.13591	0.50396	2.44	33523	16894	124300	190306	5.68
2003	90-94	0.22217	0.68815	2.24	16629	11443	51507	66006	3.97
2003	95-99	0.33987	0.83711	1.97	5186	4341	12773	14499	2.80
2003	100-104	0.48080	0.92599	1.68	845	782	1627	1726	2.04
2003	105-109	0.62596	0.96716	1.43	63	60	97	99	1.59
2003	110+	0.73688	1.00000	1.36	2	2	3	3	1.36
2004	0	0.00524	0.00521	0.06	100000	521	99510	7708744	77.09
2004	1-4	0.00015	0.00058	1.97	99479	58	397798	7609234	76.49
2004	5-9	0.00000	0.00000	2.5	99421	0	497106	7211436	72.53
2004	10-14	0.00013	0.00067	2.47	99421	66	496938	6714331	67.53
2004	15-19	0.00055	0.00275	2.93	99355	273	496209	6217393	62.58
2004	20-24	0.00055	0.00275	2.59	99082	273	494750	5721184	57.74
2004	25-29	0.00172	0.00855	2.09	98809	845	491586	5226434	52.89
2004	30-34	0.00112	0.00559	2.89	97964	548	488660	4734848	48.33
2004	35-39	0.00138	0.00685	2.83	97416	668	485629	4246188	43.59
2004	40-44	0.00204	0.01015	2.46	96748	982	481241	3760559	38.87
2004	45-49	0.00318	0.01580	2.64	95766	1513	475266	3279318	34.24
2004	50-54	0.00548	0.02707	2.65	94253	2551	465261	2804052	29.75
2004	55-59	0.00613	0.03023	2.73	91702	2772	452212	2338791	25.50
2004	60-64	0.01123	0.05473	2.69	88929	4867	433406	1886580	21.21
2004	65-69	0.01934	0.09272	2.79	84062	7794	403060	1453174	17.29
2004	70-74	0.03088	0.14469	2.83	76268	11035	357345	1050114	13.77
2004	75-79	0.04814	0.21602	2.63	65232	14091	292734	692769	10.62
2004	80-84	0.08082	0.33784	2.57	51141	17277	213763	400034	7.82
2004	85-89	0.14131	0.51840	2.43	33864	17555	124226	186272	5.50
2004	90-94	0.23381	0.70800	2.21	16309	11547	49384	62046	3.80
2004	95-99	0.35958	0.85469	1.93	4762	4070	11319	12662	2.66
2004	100-104	0.50782	0.93680	1.63	692	648	1277	1343	1.94
2004	105-109	0.65616	0.97244	1.38	44	43	65	66	1.52
2004	110+	0.76614	1.00000	1.31	1	1	2	2	1.31
2005	0	0.00841	0.00834	0.07	100000	834	99222	7699682	77.00
2005	1-4	0.00008	0.00030	1.5	99166	30	396589	7600460	76.64
2005	5-9	0.00011	0.00054	2.95	99136	54	495571	7203871	72.67
2005	10-14	0.00037	0.00186	1.94	99082	184	494849	6708300	67.70
2005	15-19	0.00088	0.00438	3.24	98899	434	493731	6213451	62.83
2005	20-24	0.00107	0.00536	2.92	98465	528	491227	5719720	58.09
2005	25-29	0.00120	0.00596	2.15	97937	584	488024	5228492	53.39
2005	30-34	0.00146	0.00729	3.01	97353	710	485355	4740468	48.69
2005	35-39	0.00131	0.00654	2.92	96643	632	481902	4255114	44.03
2005	40-44	0.00220	0.01097	2.65	96011	1053	477578	3773211	39.30
2005	45-49	0.00326	0.01617	2.54	94958	1536	471019	3295633	34.71
2005	50-54	0.00371	0.01842	2.83	93422	1721	463381	2824614	30.23
2005	55-59	0.00597	0.02945	2.7	91701	2701	452306	2361233	25.75
2005	60-64	0.00929	0.04551	2.79	89000	4051	436052	1908928	21.45
2005	65-69	0.01707	0.08218	2.75	84949	6981	409044	1472875	17.34
2005	70-74	0.02926	0.13738	2.78	77968	10712	366114	1063831	13.64
2005	75-79	0.05165	0.23026	2.64	67257	15486	299809	697718	10.37
2005	80-84	0.08196	0.34198	2.58	51770	17704	216007	397908	7.69
2005	85-89	0.14642	0.53184	2.43	34066	18118	123741	181902	5.34
2005	90-94	0.24590	0.72752	2.19	15948	11603	47184	58160	3.65
2005	95-99	0.38072	0.87164	1.89	4346	3788	9949	10976	2.53
2005	100-104	0.53686	0.94671	1.58	558	528	984	1027	1.84
2005	105-109	0.68793	0.97708	1.34	30	29	42	43	1.45
2005	110+	0.79587	1.00000	1.26	1	1	1	1	1.26
2006	0	0.00645	0.00642	0.06	100000	642	99398	7711094	77.11
2006	1-4	0.00030	0.00120	1	99358	119	397076	7611696	76.61
2006	5-9	0.00000	0.00000	2.5	99239	0	496196	7214620	72.70
2006	10-14	0.00028	0.00140	3.09	99239	139	495931	6718424	67.70
2006	15-19	0.00055	0.00273	2.76	99100	271	494895	6222493	62.79
2006	20-24	0.00121	0.00603	2.65	98830	596	492750	5727598	57.95
2006	25-29	0.00130	0.00650	2.96	98233	638	489865	5234848	53.29
2006	30-34	0.00144	0.00719	2.5	97595	702	486219	4744983	48.62
2006	35-39	0.00188	0.00935	2.23	96893	906	481958	4258764	43.95
2006	40-44	0.00246	0.01223	2.37	95987	1174	476851	3776805	39.35
2006	45-49	0.00344	0.01709	2.82	94813	1621	470536	3299955	34.80
2006	50-54	0.00410	0.02028	2.33	93192	1890	460919	2829418	30.36
2006	55-59	0.00769	0.03775	2.65	91302	3447	448399	2368499	25.94
2006	60-64	0.01102	0.05378	2.73	87855	4725	428557	1920101	21.86
2006	65-69	0.01651	0.07946	2.66	83131	6605	400198	1491543	17.94
2006	70-74	0.02849	0.13380	2.73	76525	10239	359339	1091346	14.26
2006	75-79	0.04740	0.21270	2.59	66286	14099	297453	732007	11.04
2006	80-84	0.07148	0.30511	2.6	52187	15923	222749	434554	8.33
2006	85-89	0.12834	0.48437	2.47	36264	17565	136861	211805	5.84
2006	90-94	0.21802	0.68219	2.26	18699	12756	58510	74944	4.01
2006	95-99	0.34344	0.84154	1.97	5943	5001	14562	16434	2.77
2006	100-104	0.49473	0.93234	1.66	942	878	1775	1873	1.99
2006	105-109	0.64849	0.97140	1.39	64	62	95	98	1.54
2006	110+	0.76302	1.00000	1.31	2	2	2	2	1.31
2007	0	0.00572	0.00569	0.06	100000	569	99465	7753362	77.53
2007	1-4	0.00008	0.00031	1.5	99431	31	397647	7653897	76.98
2007	5-9	0.00000	0.00000	2.5	99400	0	497000	7256250	73.00
2007	10-14	0.00014	0.00070	3.83	99400	70	496919	6759250	68.00
2007	15-19	0.00051	0.00256	2.79	99330	254	496091	6262331	63.05
2007	20-24	0.00124	0.00619	2.89	99076	613	494086	5766240	58.20
2007	25-29	0.00125	0.00621	2.36	98463	612	490703	5272154	53.54
2007	30-34	0.00126	0.00629	2.61	97852	615	487787	4781451	48.86
2007	35-39	0.00132	0.00659	2.42	97236	641	484526	4293664	44.16
2007	40-44	0.00210	0.01045	2.57	96596	1010	480528	3809138	39.43
2007	45-49	0.00276	0.01372	2.82	95586	1311	475073	3328610	34.82
2007	50-54	0.00492	0.02430	2.52	94274	2291	465694	2853537	30.27
2007	55-59	0.00588	0.02894	2.38	91984	2662	452949	2387843	25.96
2007	60-64	0.01152	0.05622	2.84	89321	5021	435766	1934894	21.66
2007	65-69	0.01820	0.08734	2.7	84300	7363	404603	1499128	17.78
2007	70-74	0.02857	0.13383	2.63	76937	10296	360333	1094525	14.23
2007	75-79	0.04366	0.19853	2.72	66641	13230	303011	734192	11.02
2007	80-84	0.07717	0.32505	2.58	53411	17361	224971	431181	8.07
2007	85-89	0.13394	0.49892	2.44	36050	17986	134279	206210	5.72
2007	90-94	0.22093	0.68631	2.24	18064	12397	56115	71931	3.98
2007	95-99	0.34034	0.83782	1.97	5666	4747	13949	15817	2.79
2007	100-104	0.48363	0.92735	1.68	919	852	1762	1867	2.03
2007	105-109	0.63085	0.96814	1.42	67	65	102	105	1.58
2007	110+	0.74276	1.00000	1.35	2	2	3	3	1.35
2008	0	0.00392	0.00391	0.06	100000	391	99631	7734784	77.35
2008	1-4	0.00015	0.00061	1.98	99609	61	398313	7635153	76.65
2008	5-9	0.00011	0.00056	2.98	99548	56	497628	7236841	72.70
2008	10-14	0.00020	0.00099	2.45	99492	99	497210	6739213	67.74
2008	15-19	0.00074	0.00368	2.56	99394	366	496076	6242003	62.80
2008	20-24	0.00122	0.00608	2.72	99028	602	493768	5745927	58.02
2008	25-29	0.00113	0.00562	2.89	98426	554	490960	5252159	53.36
2008	30-34	0.00129	0.00645	2.06	97872	631	487503	4761199	48.65
2008	35-39	0.00149	0.00745	3.07	97241	725	484806	4273695	43.95
2008	40-44	0.00229	0.01137	2.54	96516	1097	479881	3788889	39.26
2008	45-49	0.00324	0.01609	2.87	95419	1536	473820	3309008	34.68
2008	50-54	0.00502	0.02482	2.73	93883	2330	464130	2835188	30.20
2008	55-59	0.00713	0.03513	2.83	91553	3216	450803	2371058	25.90
2008	60-64	0.00992	0.04842	2.56	88337	4277	431264	1920256	21.74
2008	65-69	0.01705	0.08194	2.65	84060	6888	404082	1488992	17.71
2008	70-74	0.02941	0.13756	2.65	77172	10616	360954	1084910	14.06
2008	75-79	0.04702	0.21248	2.73	66556	14142	300737	723956	10.88
2008	80-84	0.07674	0.32361	2.58	52414	16962	221025	423219	8.07
2008	85-89	0.13417	0.49965	2.45	35452	17714	132029	202194	5.70
2008	90-94	0.22258	0.68934	2.24	17739	12228	54938	70166	3.96
2008	95-99	0.34415	0.84146	1.96	5511	4637	13474	15228	2.76
2008	100-104	0.48974	0.92995	1.67	874	812	1659	1754	2.01
2008	105-109	0.63837	0.96952	1.41	61	59	93	95	1.56
2008	110+	0.75050	1.00000	1.33	2	2	2	2	1.33
2009	0	0.00780	0.00775	0.07	100000	775	99276	7800583	78.01
2009	1-4	0.00015	0.00060	1.5	99225	60	396752	7701306	77.61
2009	5-9	0.00000	0.00000	2.5	99166	0	495828	7304555	73.66
2009	10-14	0.00020	0.00102	2.24	99166	101	495549	6808727	68.66
2009	15-19	0.00055	0.00273	2.45	99065	271	494632	6313178	63.73
2009	20-24	0.00088	0.00438	2.46	98794	433	492870	5818546	58.90
2009	25-29	0.00144	0.00717	2.11	98361	706	489766	5325676	54.14
2009	30-34	0.00081	0.00402	2.17	97655	393	487168	4835910	49.52
2009	35-39	0.00114	0.00566	2.26	97263	551	484804	4348742	44.71
2009	40-44	0.00232	0.01151	2.58	96712	1113	480870	3863938	39.95
2009	45-49	0.00272	0.01351	2.45	95599	1292	474697	3383068	35.39
2009	50-54	0.00476	0.02352	2.48	94307	2218	465936	2908371	30.84
2009	55-59	0.00624	0.03079	2.76	92089	2836	454085	2442435	26.52
2009	60-64	0.01040	0.05070	2.52	89253	4525	435050	1988350	22.28
2009	65-69	0.01589	0.07664	2.68	84728	6493	408562	1553301	18.33
2009	70-74	0.02833	0.13254	2.57	78235	10369	365987	1144738	14.63
2009	75-79	0.04247	0.19226	2.54	67866	13048	307204	778751	11.47
2009	80-84	0.06686	0.28834	2.62	54818	15806	236419	471547	8.60
2009	85-89	0.12180	0.46634	2.49	39011	18192	149362	235128	6.03
2009	90-94	0.20993	0.66811	2.28	20819	13909	66258	85766	4.12
2009	95-99	0.33511	0.83429	1.99	6910	5765	17202	19508	2.82
2009	100-104	0.48801	0.92995	1.67	1145	1065	2182	2306	2.01
2009	105-109	0.64470	0.97089	1.4	80	78	121	124	1.54
2009	110+	0.76169	1.00000	1.31	2	2	3	3	1.31
2010	0	0.00380	0.00379	0.06	100000	379	99642	7774248	77.74
2010	1-4	0.00008	0.00031	1.5	99621	31	398409	7674605	77.04
2010	5-9	0.00011	0.00056	2	99591	56	497786	7276197	73.06
2010	10-14	0.00016	0.00078	1.16	99535	78	497376	6778411	68.10
2010	15-19	0.00052	0.00260	3.01	99457	258	496771	6281036	63.15
2010	20-24	0.00099	0.00493	2.77	99199	489	494903	5784265	58.31
2010	25-29	0.00130	0.00649	2.34	98709	641	491841	5289362	53.59
2010	30-34	0.00105	0.00525	2.39	98069	515	488997	4797521	48.92
2010	35-39	0.00114	0.00568	2.74	97553	554	486514	4308524	44.17
2010	40-44	0.00189	0.00941	2.53	96999	912	482744	3822010	39.40
2010	45-49	0.00308	0.01528	2.88	96087	1469	477326	3339266	34.75
2010	50-54	0.00447	0.02213	2.5	94618	2094	467860	2861940	30.25
2010	55-59	0.00780	0.03826	2.52	92525	3540	453829	2394080	25.88
2010	60-64	0.01097	0.05338	2.52	88985	4750	433151	1940251	21.80
2010	65-69	0.01698	0.08166	2.65	84235	6878	405013	1507100	17.89
2010	70-74	0.02819	0.13187	2.55	77357	10201	361793	1102087	14.25
2010	75-79	0.04452	0.20122	2.61	67156	13513	303512	740294	11.02
2010	80-84	0.07616	0.32150	2.58	53643	17246	226434	436782	8.14
2010	85-89	0.13203	0.49376	2.45	36397	17971	136116	210348	5.78
2010	90-94	0.21771	0.68068	2.25	18425	12542	57608	74232	4.03
2010	95-99	0.33564	0.83344	1.98	5884	4904	14610	16624	2.83
2010	100-104	0.47777	0.92487	1.69	980	906	1897	2014	2.06
2010	105-109	0.62472	0.96700	1.43	74	71	114	117	1.59
2010	110+	0.73706	1.00000	1.36	2	2	3	3	1.36
2011	0	0.00538	0.00535	0.06	100000	535	99497	7742396	77.42
2011	1-4	0.00039	0.00155	1.3	99465	155	397443	7642899	76.84
2011	5-9	0.00017	0.00085	2.14	99310	85	496311	7245457	72.96
2011	10-14	0.00021	0.00105	2	99226	104	495817	6749146	68.02
2011	15-19	0.00071	0.00352	2.64	99122	349	494785	6253329	63.09
2011	20-24	0.00082	0.00409	2.36	98773	404	492796	5758544	58.30
2011	25-29	0.00173	0.00861	2.32	98369	847	489576	5265748	53.53
2011	30-34	0.00087	0.00434	2.6	97522	423	486595	4776172	48.98
2011	35-39	0.00208	0.01034	2.39	97099	1004	482875	4289577	44.18
2011	40-44	0.00272	0.01352	2.92	96094	1299	477771	3806702	39.61
2011	45-49	0.00361	0.01790	2.67	94795	1697	470030	3328931	35.12
2011	50-54	0.00519	0.02563	2.76	93098	2386	460146	2858901	30.71
2011	55-59	0.00728	0.03573	2.44	90712	3242	445268	2398755	26.44
2011	60-64	0.00992	0.04846	2.66	87471	4239	427416	1953487	22.33
2011	65-69	0.01576	0.07609	2.74	83232	6333	401849	1526071	18.34
2011	70-74	0.02527	0.11882	2.5	76899	9137	361641	1124222	14.62
2011	75-79	0.04502	0.20291	2.57	67761	13750	305413	762581	11.25
2011	80-84	0.07428	0.31440	2.56	54012	16981	228604	457168	8.46
2011	85-89	0.12249	0.46663	2.45	37030	17280	141067	228563	6.17
2011	90-94	0.19444	0.63618	2.28	19751	12565	64621	87497	4.43
2011	95-99	0.29321	0.78739	2.06	7186	5658	19297	22876	3.18
2011	100-104	0.41536	0.89191	1.8	1528	1363	3281	3579	2.34
2011	105-109	0.54920	0.94880	1.55	165	157	285	298	1.81
2011	110+	0.65770	1.00000	1.52	8	8	13	13	1.52
2012	0	0.00604	0.00601	0.06	100000	601	99436	7774896	77.75
2012	1-4	0.00015	0.00061	3	99399	61	397535	7675460	77.22
2012	5-9	0.00011	0.00057	2.48	99338	57	496548	7277925	73.26
2012	10-14	0.00011	0.00054	2.42	99282	54	496270	6781377	68.30
2012	15-19	0.00067	0.00336	2.23	99228	334	495216	6285106	63.34
2012	20-24	0.00107	0.00536	2.83	98894	530	493321	5789890	58.55
2012	25-29	0.00140	0.00697	2.95	98364	686	490420	5296569	53.85
2012	30-34	0.00125	0.00624	2.76	97679	610	487026	4806149	49.20
2012	35-39	0.00135	0.00673	3.12	97069	654	484119	4319123	44.50
2012	40-44	0.00188	0.00935	2.46	96415	901	479785	3835004	39.78
2012	45-49	0.00321	0.01594	2.63	95514	1523	473960	3355219	35.13
2012	50-54	0.00467	0.02309	2.75	93991	2170	465066	2881259	30.65
2012	55-59	0.00628	0.03094	2.72	91821	2841	452635	2416192	26.31
2012	60-64	0.01084	0.05281	2.52	88981	4699	433262	1963557	22.07
2012	65-69	0.01864	0.08922	2.61	84282	7519	403435	1530295	18.16
2012	70-74	0.02575	0.12161	2.72	76763	9335	362488	1126861	14.68
2012	75-79	0.03878	0.17695	2.53	67428	11931	307671	764373	11.34
2012	80-84	0.07269	0.30947	2.6	55497	17175	236289	456702	8.23
2012	85-89	0.13107	0.49190	2.46	38322	18851	143818	220413	5.75
2012	90-94	0.22318	0.69123	2.25	19471	13459	60306	76595	3.93
2012	95-99	0.35155	0.84876	1.95	6012	5103	14516	16288	2.71
2012	100-104	0.50523	0.93634	1.64	909	851	1685	1773	1.95
2012	105-109	0.65956	0.97316	1.38	58	56	85	87	1.51
2012	110+	0.77315	1.00000	1.29	2	2	2	2	1.29
2013	0	0.00604	0.00601	0.06	100000	601	99436	7741461	77.41
2013	1-4	0.00055	0.00220	1.63	99399	218	397079	7642025	76.88
2013	5-9	0.00024	0.00118	1.47	99181	117	495489	7244946	73.05
2013	10-14	0.00005	0.00026	4.5	99063	26	495303	6749458	68.13
2013	15-19	0.00060	0.00299	2.42	99037	296	494426	6254154	63.15
2013	20-24	0.00087	0.00435	2.75	98742	430	492742	5759728	58.33
2013	25-29	0.00122	0.00607	2.61	98312	597	490133	5266987	53.57
2013	30-34	0.00107	0.00533	2.03	97715	521	487026	4776854	48.89
2013	35-39	0.00185	0.00922	2.43	97194	896	483665	4289828	44.14
2013	40-44	0.00223	0.01111	2.54	96298	1070	478858	3806163	39.52
2013	45-49	0.00449	0.02218	2.47	95228	2113	470795	3327305	34.94
2013	50-54	0.00483	0.02387	2.49	93115	2223	459997	2856510	30.68
2013	55-59	0.00634	0.03120	2.6	90893	2836	447656	2396513	26.37
2013	60-64	0.01014	0.04953	2.66	88056	4361	430073	1948858	22.13
2013	65-69	0.01666	0.08023	2.72	83695	6715	403143	1518785	18.15
2013	70-74	0.02802	0.13173	2.74	76980	10141	361935	1115642	14.49
2013	75-79	0.04317	0.19550	2.59	66839	13067	302697	753707	11.28
2013	80-84	0.07128	0.30427	2.6	53772	16361	229537	451010	8.39
2013	85-89	0.12640	0.47877	2.47	37411	17911	141706	221473	5.92
2013	90-94	0.21274	0.67249	2.27	19499	13113	61639	79766	4.09
2013	95-99	0.33348	0.83202	1.99	6386	5314	15934	18128	2.84
2013	100-104	0.48018	0.92628	1.68	1073	994	2069	2194	2.05
2013	105-109	0.63165	0.96845	1.42	79	77	121	125	1.58
2013	110+	0.74650	1.00000	1.34	2	2	3	3	1.34
2014	0	0.00474	0.00472	0.06	100000	472	99556	7791243	77.91
2014	1-4	0.00024	0.00095	0.83	99528	95	397813	7691688	77.28
2014	5-9	0.00000	0.00000	2.5	99433	0	497167	7293874	73.35
2014	10-14	0.00038	0.00191	2.91	99433	190	496769	6796707	68.35
2014	15-19	0.00056	0.00281	2.03	99243	279	495387	6299938	63.48
2014	20-24	0.00123	0.00616	3.06	98964	609	493636	5804551	58.65
2014	25-29	0.00154	0.00768	2.41	98355	755	489817	5310914	54.00
2014	30-34	0.00151	0.00750	2.38	97600	732	486082	4821097	49.40
2014	35-39	0.00230	0.01143	2	96868	1107	481020	4335016	44.75
2014	40-44	0.00151	0.00751	2.6	95760	719	477079	3853996	40.25
2014	45-49	0.00359	0.01783	2.82	95042	1695	471517	3376916	35.53
2014	50-54	0.00419	0.02075	2.56	93347	1937	462019	2905400	31.12
2014	55-59	0.00665	0.03272	2.54	91411	2991	449686	2443380	26.73
2014	60-64	0.01000	0.04880	2.49	88420	4314	431283	1993695	22.55
2014	65-69	0.01533	0.07386	2.53	84105	6212	405195	1562412	18.58
2014	70-74	0.02304	0.10924	2.64	77893	8509	369343	1157217	14.86
2014	75-79	0.04541	0.20489	2.62	69384	14216	313067	787874	11.36
2014	80-84	0.06591	0.28496	2.63	55168	15721	238522	474807	8.61
2014	85-89	0.12215	0.46760	2.49	39447	18446	151013	236286	5.99
2014	90-94	0.21340	0.67486	2.28	21002	14173	66417	85272	4.06
2014	95-99	0.34355	0.84248	1.98	6829	5753	16746	18856	2.76
2014	100-104	0.50174	0.93549	1.65	1076	1006	2006	2110	1.96
2014	105-109	0.66136	0.97361	1.38	69	68	102	105	1.51
2014	110+	0.77821	1.00000	1.28	2	2	2	2	1.28
2015	0	0.00607	0.00603	0.06	100000	603	99434	7729817	77.30
2015	1-4	0.00016	0.00063	1.51	99397	63	397430	7630383	76.77
2015	5-9	0.00006	0.00031	1.5	99334	30	496563	7232954	72.81
2015	10-14	0.00011	0.00056	3.99	99303	56	496461	6736391	67.84
2015	15-19	0.00046	0.00227	2.14	99248	226	495592	6239930	62.87
2015	20-24	0.00158	0.00787	2.88	99022	779	493459	5744338	58.01
2015	25-29	0.00157	0.00782	2.18	98243	768	489044	5250879	53.45
2015	30-34	0.00178	0.00888	2.87	97474	865	485529	4761835	48.85
2015	35-39	0.00163	0.00812	2.21	96609	785	480857	4276306	44.26
2015	40-44	0.00210	0.01043	2.15	95825	999	476274	3795449	39.61
2015	45-49	0.00336	0.01666	2.58	94825	1580	470300	3319174	35.00
2015	50-54	0.00533	0.02635	2.66	93246	2457	460485	2848874	30.55
2015	55-59	0.00721	0.03543	2.53	90789	3216	445998	2388389	26.31
2015	60-64	0.01220	0.05932	2.65	87573	5195	425669	1942391	22.18
2015	65-69	0.01647	0.07926	2.63	82378	6529	396409	1516722	18.41
2015	70-74	0.02488	0.11767	2.71	75849	8925	358770	1120313	14.77
2015	75-79	0.04201	0.19154	2.7	66924	12819	305121	761542	11.38
2015	80-84	0.06945	0.29780	2.61	54105	16113	232008	456421	8.44
2015	85-89	0.12580	0.47750	2.48	37993	18141	144203	224413	5.91
2015	90-94	0.21547	0.67793	2.27	19851	13458	62459	80210	4.04
2015	95-99	0.34173	0.84023	1.98	6393	5372	15720	17751	2.78
2015	100-104	0.49464	0.93245	1.66	1021	952	1926	2031	1.99
2015	105-109	0.65012	0.97173	1.39	69	67	103	106	1.53
2015	110+	0.76562	1.00000	1.31	2	2	3	3	1.31
2016	0	0.00396	0.00394	0.06	100000	394	99627	7727068	77.27
2016	1-4	0.00039	0.00158	1.7	99606	157	398061	7627441	76.58
2016	5-9	0.00006	0.00031	2.5	99449	30	497166	7229380	72.69
2016	10-14	0.00011	0.00056	3.51	99418	56	497007	6732213	67.72
2016	15-19	0.00053	0.00264	2.73	99362	263	496213	6235207	62.75
2016	20-24	0.00107	0.00533	2.39	99099	528	494119	5738994	57.91
2016	25-29	0.00213	0.01062	2.48	98571	1046	490218	5244876	53.21
2016	30-34	0.00234	0.01161	2.57	97525	1132	484870	4754658	48.75
2016	35-39	0.00274	0.01359	2.06	96392	1310	478104	4269787	44.30
2016	40-44	0.00179	0.00890	3.04	95082	846	473753	3791684	39.88
2016	45-49	0.00339	0.01680	2.53	94236	1583	467265	3317931	35.21
2016	50-54	0.00537	0.02651	2.64	92653	2457	457460	2850665	30.77
2016	55-59	0.00813	0.03990	2.67	90196	3599	442586	2393205	26.53
2016	60-64	0.01047	0.05111	2.69	86598	4426	422773	1950619	22.53
2016	65-69	0.01591	0.07664	2.6	82171	6297	395758	1527846	18.59
2016	70-74	0.02316	0.10995	2.7	75874	8343	360208	1132088	14.92
2016	75-79	0.04291	0.19476	2.63	67532	13152	306511	771880	11.43
2016	80-84	0.06517	0.28242	2.64	54379	15358	235648	465368	8.56
2016	85-89	0.12414	0.47370	2.5	39022	18485	148901	229720	5.89
2016	90-94	0.22144	0.68975	2.27	20537	14165	63970	80819	3.94
2016	95-99	0.36064	0.85778	1.94	6372	5465	15154	16849	2.64
2016	100-104	0.52766	0.94473	1.6	906	856	1622	1695	1.87
2016	105-109	0.69095	0.97780	1.33	50	49	71	72	1.44
2016	110+	0.80595	1.00000	1.24	1	1	1	1	1.24
2017	0	0.00476	0.00474	0.06	100000	474	99553	7736788	77.37
2017	1-4	0.00024	0.00096	1.5	99526	95	397866	7637234	76.74
2017	5-9	0.00012	0.00062	2	99431	61	496970	7239369	72.81
2017	10-14	0.00023	0.00114	2.97	99370	113	496618	6742398	67.85
2017	15-19	0.00052	0.00262	2.97	99256	260	495753	6245780	62.93
2017	20-24	0.00129	0.00641	2.47	98996	635	493377	5750027	58.08
2017	25-29	0.00168	0.00837	2.6	98361	823	489829	5256650	53.44
2017	30-34	0.00209	0.01040	2.61	97538	1014	485265	4766821	48.87
2017	35-39	0.00237	0.01179	2.41	96524	1138	479676	4281556	44.36
2017	40-44	0.00249	0.01238	2.5	95386	1181	473975	3801881	39.86
2017	45-49	0.00302	0.01501	2.94	94205	1414	468108	3327905	35.33
2017	50-54	0.00503	0.02488	2.88	92791	2309	459057	2859798	30.82
2017	55-59	0.00801	0.03927	2.5	90482	3553	443526	2400741	26.53
2017	60-64	0.01041	0.05077	2.58	86929	4414	423970	1957215	22.52
2017	65-69	0.01504	0.07269	2.68	82515	5998	398684	1533245	18.58
2017	70-74	0.02453	0.11609	2.7	76517	8883	362168	1134561	14.83
2017	75-79	0.04063	0.18604	2.74	67635	12583	309689	772393	11.42
2017	80-84	0.06863	0.29500	2.62	55052	16240	236635	462705	8.40
2017	85-89	0.12734	0.48217	2.48	38812	18714	146963	226070	5.82
2017	90-94	0.22214	0.69024	2.26	20098	13872	62447	79106	3.94
2017	95-99	0.35612	0.85337	1.95	6225	5313	14918	16659	2.68
2017	100-104	0.51675	0.94080	1.62	913	859	1662	1742	1.91
2017	105-109	0.67594	0.97570	1.35	54	53	78	80	1.47
2017	110+	0.79056	1.00000	1.26	1	1	2	2	1.26
