CA: California, Lifetables (period 1x10), Females Last modified: 3 Dec 2019, MPv5 (May07) 

Year     	Age	mx	qx	ax	lx	dx	Lx	Tx	ex
1960-1969	0	0.01859	0.01829	0.11	100000	1829	98363	7488545	74.89
1960-1969	1	0.00124	0.00124	0.5	98171	122	98110	7390182	75.28
1960-1969	2	0.00079	0.00079	0.5	98049	78	98011	7292072	74.37
1960-1969	3	0.00058	0.00058	0.5	97972	57	97943	7194061	73.43
1960-1969	4	0.00053	0.00053	0.5	97915	52	97889	7096118	72.47
1960-1969	5	0.00045	0.00045	0.5	97863	44	97841	6998229	71.51
1960-1969	6	0.00037	0.00037	0.5	97820	36	97802	6900388	70.54
1960-1969	7	0.00034	0.00034	0.5	97784	33	97767	6802586	69.57
1960-1969	8	0.00030	0.00030	0.5	97750	30	97736	6704819	68.59
1960-1969	9	0.00026	0.00026	0.5	97721	25	97708	6607083	67.61
1960-1969	10	0.00025	0.00025	0.5	97696	24	97684	6509375	66.63
1960-1969	11	0.00026	0.00026	0.5	97672	25	97659	6411692	65.65
1960-1969	12	0.00027	0.00027	0.5	97646	26	97633	6314033	64.66
1960-1969	13	0.00029	0.00029	0.5	97620	28	97606	6216400	63.68
1960-1969	14	0.00033	0.00032	0.5	97592	32	97576	6118794	62.70
1960-1969	15	0.00039	0.00039	0.5	97560	39	97541	6021218	61.72
1960-1969	16	0.00049	0.00049	0.5	97522	48	97498	5923677	60.74
1960-1969	17	0.00058	0.00058	0.5	97474	57	97446	5826179	59.77
1960-1969	18	0.00068	0.00068	0.5	97417	66	97384	5728733	58.81
1960-1969	19	0.00071	0.00071	0.5	97351	69	97317	5631349	57.85
1960-1969	20	0.00070	0.00070	0.5	97282	68	97248	5534032	56.89
1960-1969	21	0.00070	0.00070	0.5	97214	68	97180	5436784	55.93
1960-1969	22	0.00075	0.00075	0.5	97147	73	97110	5339603	54.96
1960-1969	23	0.00075	0.00075	0.5	97074	73	97037	5242493	54.01
1960-1969	24	0.00075	0.00075	0.5	97001	73	96965	5145456	53.05
1960-1969	25	0.00081	0.00081	0.5	96928	78	96889	5048491	52.08
1960-1969	26	0.00079	0.00079	0.5	96850	76	96812	4951602	51.13
1960-1969	27	0.00087	0.00087	0.5	96773	84	96732	4854790	50.17
1960-1969	28	0.00087	0.00087	0.5	96690	84	96647	4758059	49.21
1960-1969	29	0.00091	0.00090	0.5	96605	87	96561	4661411	48.25
1960-1969	30	0.00099	0.00099	0.5	96518	96	96470	4564850	47.30
1960-1969	31	0.00106	0.00106	0.5	96422	102	96371	4468380	46.34
1960-1969	32	0.00123	0.00123	0.5	96319	119	96260	4372009	45.39
1960-1969	33	0.00129	0.00129	0.5	96201	124	96139	4275749	44.45
1960-1969	34	0.00133	0.00133	0.5	96076	128	96012	4179611	43.50
1960-1969	35	0.00145	0.00145	0.5	95949	139	95879	4083598	42.56
1960-1969	36	0.00153	0.00153	0.5	95810	147	95736	3987719	41.62
1960-1969	37	0.00175	0.00175	0.5	95663	167	95579	3891983	40.68
1960-1969	38	0.00188	0.00188	0.5	95496	179	95406	3796403	39.75
1960-1969	39	0.00210	0.00210	0.5	95317	200	95217	3700997	38.83
1960-1969	40	0.00222	0.00222	0.5	95116	211	95011	3605780	37.91
1960-1969	41	0.00235	0.00234	0.5	94905	222	94794	3510770	36.99
1960-1969	42	0.00274	0.00274	0.5	94683	259	94553	3415976	36.08
1960-1969	43	0.00297	0.00296	0.5	94424	280	94284	3321422	35.18
1960-1969	44	0.00321	0.00321	0.5	94144	302	93993	3227138	34.28
1960-1969	45	0.00353	0.00353	0.5	93842	331	93677	3133145	33.39
1960-1969	46	0.00382	0.00381	0.5	93511	356	93333	3039469	32.50
1960-1969	47	0.00417	0.00417	0.5	93155	388	92961	2946136	31.63
1960-1969	48	0.00454	0.00453	0.5	92767	420	92557	2853175	30.76
1960-1969	49	0.00488	0.00487	0.5	92347	450	92122	2760618	29.89
1960-1969	50	0.00529	0.00528	0.5	91897	485	91654	2668496	29.04
1960-1969	51	0.00570	0.00568	0.5	91411	519	91152	2576842	28.19
1960-1969	52	0.00606	0.00604	0.5	90892	549	90617	2485691	27.35
1960-1969	53	0.00674	0.00672	0.5	90343	607	90039	2395073	26.51
1960-1969	54	0.00713	0.00710	0.5	89736	637	89417	2305034	25.69
1960-1969	55	0.00751	0.00748	0.5	89098	667	88765	2215617	24.87
1960-1969	56	0.00823	0.00819	0.5	88432	724	88069	2126852	24.05
1960-1969	57	0.00878	0.00874	0.5	87707	767	87324	2038782	23.25
1960-1969	58	0.00942	0.00937	0.5	86941	815	86533	1951458	22.45
1960-1969	59	0.00995	0.00990	0.5	86126	853	85699	1864925	21.65
1960-1969	60	0.01074	0.01068	0.5	85273	911	84818	1779226	20.87
1960-1969	61	0.01137	0.01130	0.5	84362	954	83885	1694408	20.08
1960-1969	62	0.01310	0.01301	0.5	83409	1085	82866	1610523	19.31
1960-1969	63	0.01338	0.01329	0.5	82323	1094	81776	1527657	18.56
1960-1969	64	0.01480	0.01469	0.5	81229	1193	80632	1445881	17.80
1960-1969	65	0.01648	0.01635	0.5	80035	1308	79381	1365249	17.06
1960-1969	66	0.01759	0.01743	0.5	78727	1372	78041	1285868	16.33
1960-1969	67	0.01910	0.01892	0.5	77354	1464	76623	1207827	15.61
1960-1969	68	0.02104	0.02082	0.5	75891	1580	75101	1131205	14.91
1960-1969	69	0.02261	0.02236	0.5	74311	1661	73480	1056104	14.21
1960-1969	70	0.02576	0.02543	0.5	72649	1847	71726	982624	13.53
1960-1969	71	0.02748	0.02710	0.5	70802	1919	69842	910898	12.87
1960-1969	72	0.03161	0.03112	0.5	68883	2143	67811	841056	12.21
1960-1969	73	0.03430	0.03373	0.5	66739	2251	65614	773245	11.59
1960-1969	74	0.03810	0.03739	0.5	64489	2411	63283	707631	10.97
1960-1969	75	0.04296	0.04206	0.5	62078	2611	60772	644348	10.38
1960-1969	76	0.04727	0.04618	0.5	59467	2746	58094	583575	9.81
1960-1969	77	0.05109	0.04981	0.5	56721	2825	55308	525481	9.26
1960-1969	78	0.05685	0.05528	0.5	53896	2979	52406	470173	8.72
1960-1969	79	0.06291	0.06099	0.5	50916	3105	49364	417767	8.20
1960-1969	80	0.07118	0.06874	0.5	47811	3286	46168	368404	7.71
1960-1969	81	0.07490	0.07219	0.5	44524	3214	42917	322236	7.24
1960-1969	82	0.08635	0.08278	0.5	41310	3420	39600	279319	6.76
1960-1969	83	0.09715	0.09265	0.5	37891	3511	36135	239718	6.33
1960-1969	84	0.10918	0.10353	0.5	34380	3559	32600	203583	5.92
1960-1969	85	0.11843	0.11181	0.5	30821	3446	29098	170983	5.55
1960-1969	86	0.13278	0.12451	0.5	27375	3408	25670	141885	5.18
1960-1969	87	0.14980	0.13936	0.5	23966	3340	22296	116215	4.85
1960-1969	88	0.16022	0.14834	0.5	20626	3060	19096	93919	4.55
1960-1969	89	0.17751	0.16304	0.5	17567	2864	16134	74823	4.26
1960-1969	90	0.19641	0.17885	0.5	14702	2630	13388	58688	3.99
1960-1969	91	0.21099	0.19086	0.5	12073	2304	10921	45300	3.75
1960-1969	92	0.22539	0.20256	0.5	9769	1979	8779	34380	3.52
1960-1969	93	0.25110	0.22309	0.5	7790	1738	6921	25600	3.29
1960-1969	94	0.26556	0.23443	0.5	6052	1419	5343	18679	3.09
1960-1969	95	0.29583	0.25771	0.5	4633	1194	4036	13337	2.88
1960-1969	96	0.32009	0.27593	0.5	3439	949	2965	9300	2.70
1960-1969	97	0.34537	0.29451	0.5	2490	733	2124	6336	2.54
1960-1969	98	0.37154	0.31333	0.5	1757	550	1482	4212	2.40
1960-1969	99	0.39850	0.33229	0.5	1206	401	1006	2730	2.26
1960-1969	100	0.42608	0.35125	0.5	806	283	664	1724	2.14
1960-1969	101	0.45413	0.37010	0.5	523	193	426	1060	2.03
1960-1969	102	0.48248	0.38871	0.5	329	128	265	635	1.93
1960-1969	103	0.51094	0.40697	0.5	201	82	160	369	1.84
1960-1969	104	0.53933	0.42478	0.5	119	51	94	209	1.75
1960-1969	105	0.56746	0.44204	0.5	69	30	53	115	1.68
1960-1969	106	0.59517	0.45867	0.5	38	18	30	62	1.61
1960-1969	107	0.62228	0.47461	0.5	21	10	16	32	1.55
1960-1969	108	0.64865	0.48980	0.5	11	5	8	16	1.50
1960-1969	109	0.67415	0.50420	0.5	6	3	4	8	1.46
1960-1969	110+	0.69865	1.00000	1.43	3	3	4	4	1.43
1970-1979	0	0.01251	0.01236	0.09	100000	1236	98872	7678953	76.79
1970-1979	1	0.00101	0.00101	0.5	98764	99	98714	7580080	76.75
1970-1979	2	0.00064	0.00064	0.5	98664	63	98633	7481366	75.83
1970-1979	3	0.00049	0.00049	0.5	98601	49	98577	7382733	74.87
1970-1979	4	0.00041	0.00041	0.5	98552	40	98532	7284157	73.91
1970-1979	5	0.00034	0.00034	0.5	98512	33	98495	7185624	72.94
1970-1979	6	0.00031	0.00031	0.5	98479	30	98464	7087129	71.97
1970-1979	7	0.00028	0.00028	0.5	98449	28	98435	6988665	70.99
1970-1979	8	0.00024	0.00024	0.5	98421	24	98409	6890231	70.01
1970-1979	9	0.00023	0.00023	0.5	98397	23	98386	6791822	69.02
1970-1979	10	0.00021	0.00021	0.5	98374	20	98364	6693436	68.04
1970-1979	11	0.00021	0.00021	0.5	98354	21	98343	6595073	67.05
1970-1979	12	0.00021	0.00021	0.5	98333	21	98322	6496729	66.07
1970-1979	13	0.00025	0.00025	0.5	98312	25	98300	6398407	65.08
1970-1979	14	0.00031	0.00031	0.5	98287	31	98272	6300108	64.10
1970-1979	15	0.00043	0.00043	0.5	98256	42	98235	6201836	63.12
1970-1979	16	0.00052	0.00052	0.5	98214	51	98189	6103600	62.15
1970-1979	17	0.00056	0.00056	0.5	98163	55	98136	6005412	61.18
1970-1979	18	0.00069	0.00069	0.5	98108	68	98074	5907276	60.21
1970-1979	19	0.00075	0.00075	0.5	98040	73	98004	5809201	59.25
1970-1979	20	0.00072	0.00072	0.5	97967	70	97932	5711198	58.30
1970-1979	21	0.00077	0.00077	0.5	97897	75	97859	5613266	57.34
1970-1979	22	0.00077	0.00077	0.5	97821	76	97784	5515407	56.38
1970-1979	23	0.00079	0.00079	0.5	97746	77	97707	5417623	55.43
1970-1979	24	0.00077	0.00077	0.5	97669	75	97631	5319916	54.47
1970-1979	25	0.00075	0.00075	0.5	97594	73	97557	5222285	53.51
1970-1979	26	0.00079	0.00079	0.5	97521	77	97482	5124727	52.55
1970-1979	27	0.00081	0.00081	0.5	97443	79	97404	5027246	51.59
1970-1979	28	0.00085	0.00085	0.5	97364	83	97323	4929842	50.63
1970-1979	29	0.00083	0.00083	0.5	97281	81	97241	4832519	49.68
1970-1979	30	0.00089	0.00089	0.5	97200	86	97157	4735279	48.72
1970-1979	31	0.00096	0.00096	0.5	97114	93	97067	4638122	47.76
1970-1979	32	0.00102	0.00102	0.5	97021	99	96972	4541054	46.80
1970-1979	33	0.00101	0.00101	0.5	96922	98	96873	4444083	45.85
1970-1979	34	0.00112	0.00112	0.5	96824	109	96770	4347209	44.90
1970-1979	35	0.00124	0.00124	0.5	96716	120	96655	4250439	43.95
1970-1979	36	0.00133	0.00133	0.5	96595	128	96531	4153784	43.00
1970-1979	37	0.00148	0.00148	0.5	96467	143	96396	4057253	42.06
1970-1979	38	0.00155	0.00155	0.5	96324	149	96250	3960857	41.12
1970-1979	39	0.00168	0.00168	0.5	96175	161	96094	3864607	40.18
1970-1979	40	0.00201	0.00200	0.5	96014	192	95918	3768513	39.25
1970-1979	41	0.00210	0.00210	0.5	95821	201	95721	3672595	38.33
1970-1979	42	0.00230	0.00229	0.5	95621	219	95511	3576874	37.41
1970-1979	43	0.00246	0.00245	0.5	95401	234	95284	3481364	36.49
1970-1979	44	0.00273	0.00273	0.5	95167	260	95037	3386079	35.58
1970-1979	45	0.00307	0.00307	0.5	94907	291	94762	3291042	34.68
1970-1979	46	0.00341	0.00341	0.5	94617	323	94455	3196280	33.78
1970-1979	47	0.00376	0.00375	0.5	94294	354	94117	3101825	32.90
1970-1979	48	0.00387	0.00386	0.5	93941	363	93759	3007708	32.02
1970-1979	49	0.00429	0.00428	0.5	93578	401	93377	2913948	31.14
1970-1979	50	0.00456	0.00455	0.5	93177	424	92965	2820571	30.27
1970-1979	51	0.00509	0.00508	0.5	92753	471	92517	2727606	29.41
1970-1979	52	0.00541	0.00540	0.5	92282	498	92032	2635089	28.55
1970-1979	53	0.00592	0.00590	0.5	91783	542	91512	2543057	27.71
1970-1979	54	0.00623	0.00621	0.5	91242	567	90958	2451544	26.87
1970-1979	55	0.00684	0.00682	0.5	90675	618	90366	2360586	26.03
1970-1979	56	0.00742	0.00739	0.5	90056	665	89724	2270221	25.21
1970-1979	57	0.00819	0.00816	0.5	89391	729	89026	2180497	24.39
1970-1979	58	0.00863	0.00859	0.5	88662	762	88281	2091471	23.59
1970-1979	59	0.00968	0.00964	0.5	87900	847	87476	2003190	22.79
1970-1979	60	0.01015	0.01010	0.5	87053	879	86613	1915714	22.01
1970-1979	61	0.01076	0.01070	0.5	86173	922	85712	1829101	21.23
1970-1979	62	0.01223	0.01215	0.5	85251	1036	84733	1743389	20.45
1970-1979	63	0.01261	0.01253	0.5	84215	1055	83687	1658656	19.70
1970-1979	64	0.01398	0.01388	0.5	83159	1155	82582	1574969	18.94
1970-1979	65	0.01507	0.01496	0.5	82005	1227	81392	1492387	18.20
1970-1979	66	0.01575	0.01563	0.5	80778	1262	80147	1410996	17.47
1970-1979	67	0.01683	0.01669	0.5	79516	1327	78852	1330849	16.74
1970-1979	68	0.01817	0.01801	0.5	78189	1408	77485	1251996	16.01
1970-1979	69	0.02005	0.01985	0.5	76781	1524	76019	1174512	15.30
1970-1979	70	0.02226	0.02202	0.5	75257	1657	74428	1098493	14.60
1970-1979	71	0.02437	0.02408	0.5	73600	1772	72714	1024065	13.91
1970-1979	72	0.02653	0.02619	0.5	71827	1881	70887	951351	13.24
1970-1979	73	0.02888	0.02847	0.5	69946	1992	68951	880464	12.59
1970-1979	74	0.03225	0.03174	0.5	67955	2157	66876	811514	11.94
1970-1979	75	0.03615	0.03551	0.5	65798	2337	64629	744637	11.32
1970-1979	76	0.03946	0.03870	0.5	63461	2456	62233	680008	10.72
1970-1979	77	0.04381	0.04287	0.5	61005	2615	59698	617775	10.13
1970-1979	78	0.04860	0.04745	0.5	58390	2770	57005	558077	9.56
1970-1979	79	0.05396	0.05254	0.5	55620	2922	54158	501072	9.01
1970-1979	80	0.06050	0.05872	0.5	52697	3094	51150	446914	8.48
1970-1979	81	0.06518	0.06313	0.5	49603	3131	48037	395764	7.98
1970-1979	82	0.07306	0.07048	0.5	46472	3276	44834	347727	7.48
1970-1979	83	0.08198	0.07875	0.5	43196	3402	41495	302893	7.01
1970-1979	84	0.09165	0.08764	0.5	39794	3488	38051	261398	6.57
1970-1979	85	0.10142	0.09652	0.5	36307	3504	34555	223347	6.15
1970-1979	86	0.11283	0.10681	0.5	32802	3503	31051	188792	5.76
1970-1979	87	0.12540	0.11800	0.5	29299	3457	27570	157742	5.38
1970-1979	88	0.13767	0.12880	0.5	25842	3328	24177	130172	5.04
1970-1979	89	0.15098	0.14038	0.5	22513	3160	20933	105994	4.71
1970-1979	90	0.17079	0.15735	0.5	19353	3045	17830	85061	4.40
1970-1979	91	0.18283	0.16752	0.5	16308	2732	14942	67231	4.12
1970-1979	92	0.20240	0.18380	0.5	13576	2495	12328	52290	3.85
1970-1979	93	0.22427	0.20165	0.5	11081	2234	9963	39961	3.61
1970-1979	94	0.23928	0.21371	0.5	8846	1890	7901	29998	3.39
1970-1979	95	0.26057	0.23053	0.5	6956	1604	6154	22097	3.18
1970-1979	96	0.28312	0.24801	0.5	5352	1327	4688	15943	2.98
1970-1979	97	0.30682	0.26601	0.5	4025	1071	3489	11255	2.80
1970-1979	98	0.33158	0.28443	0.5	2954	840	2534	7766	2.63
1970-1979	99	0.35731	0.30315	0.5	2114	641	1793	5232	2.47
1970-1979	100	0.38390	0.32207	0.5	1473	474	1236	3438	2.33
1970-1979	101	0.41119	0.34107	0.5	999	341	828	2202	2.21
1970-1979	102	0.43904	0.36001	0.5	658	237	540	1374	2.09
1970-1979	103	0.46728	0.37878	0.5	421	160	341	834	1.98
1970-1979	104	0.49573	0.39726	0.5	262	104	210	493	1.88
1970-1979	105	0.52421	0.41535	0.5	158	65	125	283	1.80
1970-1979	106	0.55253	0.43293	0.5	92	40	72	158	1.72
1970-1979	107	0.58052	0.44993	0.5	52	24	41	86	1.65
1970-1979	108	0.60800	0.46626	0.5	29	13	22	46	1.59
1970-1979	109	0.63481	0.48186	0.5	15	7	12	24	1.54
1970-1979	110+	0.66081	1.00000	1.51	8	8	12	12	1.51
1980-1989	0	0.00884	0.00877	0.08	100000	877	99191	7843882	78.44
1980-1989	1	0.00080	0.00079	0.5	99123	79	99084	7744691	78.13
1980-1989	2	0.00048	0.00048	0.5	99044	47	99021	7645607	77.19
1980-1989	3	0.00034	0.00034	0.5	98997	34	98980	7546586	76.23
1980-1989	4	0.00026	0.00026	0.5	98963	26	98950	7447606	75.26
1980-1989	5	0.00024	0.00024	0.5	98937	23	98925	7348656	74.28
1980-1989	6	0.00021	0.00021	0.5	98914	21	98903	7249730	73.29
1980-1989	7	0.00023	0.00023	0.5	98893	22	98881	7150827	72.31
1980-1989	8	0.00022	0.00022	0.5	98870	22	98859	7051946	71.33
1980-1989	9	0.00017	0.00017	0.5	98849	16	98840	6953086	70.34
1980-1989	10	0.00016	0.00016	0.5	98832	16	98824	6854246	69.35
1980-1989	11	0.00017	0.00017	0.5	98816	16	98808	6755422	68.36
1980-1989	12	0.00019	0.00019	0.5	98800	19	98791	6656613	67.37
1980-1989	13	0.00023	0.00023	0.5	98781	22	98770	6557823	66.39
1980-1989	14	0.00027	0.00027	0.5	98759	26	98746	6459053	65.40
1980-1989	15	0.00036	0.00036	0.5	98732	35	98715	6360307	64.42
1980-1989	16	0.00042	0.00042	0.5	98697	41	98677	6261592	63.44
1980-1989	17	0.00047	0.00047	0.5	98656	47	98633	6162916	62.47
1980-1989	18	0.00058	0.00058	0.5	98609	57	98581	6064283	61.50
1980-1989	19	0.00054	0.00054	0.5	98552	53	98526	5965702	60.53
1980-1989	20	0.00052	0.00052	0.5	98499	51	98473	5867176	59.57
1980-1989	21	0.00056	0.00056	0.5	98448	55	98420	5768703	58.60
1980-1989	22	0.00058	0.00058	0.5	98393	57	98364	5670283	57.63
1980-1989	23	0.00056	0.00056	0.5	98336	55	98308	5571918	56.66
1980-1989	24	0.00055	0.00055	0.5	98281	54	98254	5473610	55.69
1980-1989	25	0.00060	0.00060	0.5	98227	59	98197	5375356	54.72
1980-1989	26	0.00063	0.00063	0.5	98168	61	98137	5277159	53.76
1980-1989	27	0.00060	0.00060	0.5	98106	59	98077	5179022	52.79
1980-1989	28	0.00068	0.00067	0.5	98047	66	98014	5080945	51.82
1980-1989	29	0.00065	0.00065	0.5	97981	64	97949	4982931	50.86
1980-1989	30	0.00068	0.00068	0.5	97917	67	97884	4884982	49.89
1980-1989	31	0.00074	0.00074	0.5	97850	72	97814	4787098	48.92
1980-1989	32	0.00080	0.00080	0.5	97778	79	97738	4689284	47.96
1980-1989	33	0.00081	0.00081	0.5	97699	79	97660	4591546	47.00
1980-1989	34	0.00087	0.00087	0.5	97620	85	97578	4493886	46.03
1980-1989	35	0.00093	0.00093	0.5	97535	91	97490	4396309	45.07
1980-1989	36	0.00105	0.00105	0.5	97444	102	97393	4298819	44.12
1980-1989	37	0.00107	0.00107	0.5	97342	104	97290	4201426	43.16
1980-1989	38	0.00125	0.00125	0.5	97238	121	97177	4104136	42.21
1980-1989	39	0.00126	0.00126	0.5	97117	123	97055	4006958	41.26
1980-1989	40	0.00146	0.00146	0.5	96994	142	96923	3909903	40.31
1980-1989	41	0.00152	0.00152	0.5	96853	147	96779	3812979	39.37
1980-1989	42	0.00176	0.00176	0.5	96706	170	96620	3716200	38.43
1980-1989	43	0.00190	0.00190	0.5	96535	184	96444	3619580	37.49
1980-1989	44	0.00209	0.00209	0.5	96352	201	96251	3523136	36.57
1980-1989	45	0.00230	0.00229	0.5	96151	221	96041	3426885	35.64
1980-1989	46	0.00251	0.00251	0.5	95930	241	95810	3330844	34.72
1980-1989	47	0.00271	0.00270	0.5	95689	259	95560	3235035	33.81
1980-1989	48	0.00324	0.00323	0.5	95431	309	95276	3139474	32.90
1980-1989	49	0.00334	0.00333	0.5	95122	317	94964	3044198	32.00
1980-1989	50	0.00366	0.00366	0.5	94805	347	94632	2949234	31.11
1980-1989	51	0.00422	0.00422	0.5	94459	398	94259	2854603	30.22
1980-1989	52	0.00456	0.00455	0.5	94060	428	93846	2760343	29.35
1980-1989	53	0.00483	0.00482	0.5	93632	451	93407	2666497	28.48
1980-1989	54	0.00523	0.00522	0.5	93181	486	92938	2573090	27.61
1980-1989	55	0.00583	0.00581	0.5	92695	539	92426	2480152	26.76
1980-1989	56	0.00648	0.00646	0.5	92156	595	91859	2387726	25.91
1980-1989	57	0.00695	0.00692	0.5	91561	634	91244	2295868	25.07
1980-1989	58	0.00793	0.00790	0.5	90927	719	90568	2204623	24.25
1980-1989	59	0.00830	0.00826	0.5	90209	745	89836	2114055	23.44
1980-1989	60	0.00919	0.00915	0.5	89463	818	89054	2024219	22.63
1980-1989	61	0.01004	0.00999	0.5	88645	886	88202	1935165	21.83
1980-1989	62	0.01122	0.01116	0.5	87759	979	87269	1846963	21.05
1980-1989	63	0.01185	0.01178	0.5	86780	1022	86269	1759693	20.28
1980-1989	64	0.01248	0.01240	0.5	85758	1064	85226	1673425	19.51
1980-1989	65	0.01381	0.01372	0.5	84694	1162	84113	1588199	18.75
1980-1989	66	0.01494	0.01483	0.5	83532	1239	82913	1504086	18.01
1980-1989	67	0.01617	0.01604	0.5	82293	1320	81633	1421173	17.27
1980-1989	68	0.01790	0.01774	0.5	80973	1437	80255	1339540	16.54
1980-1989	69	0.01863	0.01845	0.5	79536	1468	78802	1259286	15.83
1980-1989	70	0.02110	0.02088	0.5	78068	1630	77253	1180483	15.12
1980-1989	71	0.02295	0.02269	0.5	76438	1734	75571	1103230	14.43
1980-1989	72	0.02566	0.02533	0.5	74704	1892	73758	1027659	13.76
1980-1989	73	0.02805	0.02767	0.5	72812	2014	71805	953901	13.10
1980-1989	74	0.02980	0.02936	0.5	70797	2079	69758	882096	12.46
1980-1989	75	0.03278	0.03225	0.5	68719	2216	67611	812338	11.82
1980-1989	76	0.03668	0.03602	0.5	66502	2395	65305	744727	11.20
1980-1989	77	0.04027	0.03948	0.5	64107	2531	62842	679422	10.60
1980-1989	78	0.04301	0.04211	0.5	61576	2593	60280	616581	10.01
1980-1989	79	0.04698	0.04590	0.5	58983	2707	57630	556301	9.43
1980-1989	80	0.05520	0.05372	0.5	56276	3023	54765	498671	8.86
1980-1989	81	0.06089	0.05909	0.5	53253	3147	51679	443906	8.34
1980-1989	82	0.06880	0.06651	0.5	50106	3333	48440	392227	7.83
1980-1989	83	0.07536	0.07262	0.5	46773	3397	45075	343787	7.35
1980-1989	84	0.08319	0.07987	0.5	43377	3464	41644	298712	6.89
1980-1989	85	0.09301	0.08888	0.5	39912	3547	38138	257068	6.44
1980-1989	86	0.10480	0.09958	0.5	36365	3621	34554	218930	6.02
1980-1989	87	0.11499	0.10874	0.5	32743	3560	30963	184375	5.63
1980-1989	88	0.12862	0.12085	0.5	29183	3527	27420	153412	5.26
1980-1989	89	0.14181	0.13242	0.5	25656	3397	23958	125992	4.91
1980-1989	90	0.15620	0.14489	0.5	22259	3225	20647	102035	4.58
1980-1989	91	0.17173	0.15815	0.5	19034	3010	17529	81388	4.28
1980-1989	92	0.19096	0.17432	0.5	16024	2793	14627	63859	3.99
1980-1989	93	0.21120	0.19103	0.5	13231	2527	11967	49232	3.72
1980-1989	94	0.23244	0.20824	0.5	10703	2229	9589	37265	3.48
1980-1989	95	0.25017	0.22236	0.5	8474	1884	7532	27677	3.27
1980-1989	96	0.27273	0.24001	0.5	6590	1582	5799	20144	3.06
1980-1989	97	0.29653	0.25824	0.5	5008	1293	4362	14345	2.86
1980-1989	98	0.32148	0.27696	0.5	3715	1029	3201	9984	2.69
1980-1989	99	0.34749	0.29605	0.5	2686	795	2288	6783	2.53
1980-1989	100	0.37445	0.31540	0.5	1891	596	1593	4495	2.38
1980-1989	101	0.40221	0.33487	0.5	1294	433	1078	2902	2.24
1980-1989	102	0.43061	0.35432	0.5	861	305	708	1824	2.12
1980-1989	103	0.45948	0.37364	0.5	556	208	452	1116	2.01
1980-1989	104	0.48862	0.39268	0.5	348	137	280	664	1.91
1980-1989	105	0.51783	0.41133	0.5	211	87	168	384	1.81
1980-1989	106	0.54693	0.42948	0.5	124	53	98	216	1.73
1980-1989	107	0.57571	0.44703	0.5	71	32	55	118	1.66
1980-1989	108	0.60398	0.46389	0.5	39	18	30	63	1.60
1980-1989	109	0.63158	0.48000	0.5	21	10	16	33	1.55
1980-1989	110+	0.65834	1.00000	1.52	11	11	17	17	1.52
1990-1999	0	0.00629	0.00626	0.07	100000	626	99419	7975549	79.76
1990-1999	1	0.00054	0.00054	0.5	99374	53	99348	7876130	79.26
1990-1999	2	0.00033	0.00033	0.5	99321	33	99305	7776782	78.30
1990-1999	3	0.00024	0.00024	0.5	99288	24	99276	7677477	77.32
1990-1999	4	0.00020	0.00020	0.5	99264	19	99255	7578201	76.34
1990-1999	5	0.00017	0.00017	0.5	99245	17	99237	7478946	75.36
1990-1999	6	0.00015	0.00015	0.5	99228	14	99221	7379710	74.37
1990-1999	7	0.00015	0.00015	0.5	99214	15	99206	7280489	73.38
1990-1999	8	0.00015	0.00015	0.5	99199	14	99192	7181283	72.39
1990-1999	9	0.00013	0.00013	0.5	99184	13	99178	7082091	71.40
1990-1999	10	0.00013	0.00013	0.5	99171	13	99165	6982913	70.41
1990-1999	11	0.00014	0.00014	0.5	99159	14	99152	6883748	69.42
1990-1999	12	0.00016	0.00016	0.5	99145	16	99137	6784597	68.43
1990-1999	13	0.00018	0.00018	0.5	99129	18	99120	6685459	67.44
1990-1999	14	0.00023	0.00023	0.5	99111	23	99100	6586339	66.45
1990-1999	15	0.00029	0.00029	0.5	99088	28	99074	6487239	65.47
1990-1999	16	0.00035	0.00035	0.5	99060	34	99043	6388165	64.49
1990-1999	17	0.00040	0.00040	0.5	99026	40	99006	6289122	63.51
1990-1999	18	0.00045	0.00045	0.5	98986	45	98964	6190116	62.54
1990-1999	19	0.00044	0.00044	0.5	98941	44	98919	6091153	61.56
1990-1999	20	0.00046	0.00046	0.5	98897	46	98875	5992233	60.59
1990-1999	21	0.00046	0.00046	0.5	98852	46	98829	5893358	59.62
1990-1999	22	0.00046	0.00046	0.5	98806	45	98784	5794530	58.65
1990-1999	23	0.00043	0.00043	0.5	98761	43	98740	5695746	57.67
1990-1999	24	0.00043	0.00043	0.5	98718	43	98697	5597006	56.70
1990-1999	25	0.00045	0.00045	0.5	98676	44	98654	5498310	55.72
1990-1999	26	0.00049	0.00049	0.5	98631	48	98608	5399656	54.75
1990-1999	27	0.00049	0.00049	0.5	98584	49	98559	5301048	53.77
1990-1999	28	0.00052	0.00052	0.5	98535	51	98509	5202489	52.80
1990-1999	29	0.00054	0.00054	0.5	98483	53	98457	5103980	51.83
1990-1999	30	0.00055	0.00055	0.5	98430	55	98403	5005523	50.85
1990-1999	31	0.00063	0.00063	0.5	98376	62	98345	4907121	49.88
1990-1999	32	0.00069	0.00069	0.5	98314	68	98280	4808776	48.91
1990-1999	33	0.00077	0.00077	0.5	98246	75	98208	4710496	47.95
1990-1999	34	0.00081	0.00081	0.5	98171	79	98131	4612288	46.98
1990-1999	35	0.00087	0.00087	0.5	98091	85	98049	4514157	46.02
1990-1999	36	0.00092	0.00092	0.5	98006	90	97961	4416108	45.06
1990-1999	37	0.00103	0.00103	0.5	97916	101	97866	4318147	44.10
1990-1999	38	0.00117	0.00116	0.5	97815	114	97758	4220282	43.15
1990-1999	39	0.00121	0.00121	0.5	97701	118	97642	4122524	42.20
1990-1999	40	0.00132	0.00132	0.5	97583	129	97519	4024881	41.25
1990-1999	41	0.00148	0.00148	0.5	97455	144	97383	3927362	40.30
1990-1999	42	0.00156	0.00156	0.5	97311	152	97235	3829979	39.36
1990-1999	43	0.00177	0.00177	0.5	97159	172	97073	3732744	38.42
1990-1999	44	0.00192	0.00192	0.5	96987	186	96894	3635671	37.49
1990-1999	45	0.00202	0.00202	0.5	96801	195	96703	3538777	36.56
1990-1999	46	0.00222	0.00222	0.5	96606	215	96498	3442074	35.63
1990-1999	47	0.00242	0.00242	0.5	96391	233	96274	3345576	34.71
1990-1999	48	0.00273	0.00273	0.5	96158	262	96026	3249301	33.79
1990-1999	49	0.00282	0.00281	0.5	95895	270	95760	3153275	32.88
1990-1999	50	0.00307	0.00306	0.5	95626	293	95479	3057514	31.97
1990-1999	51	0.00348	0.00347	0.5	95333	331	95167	2962035	31.07
1990-1999	52	0.00384	0.00384	0.5	95001	365	94819	2866868	30.18
1990-1999	53	0.00426	0.00425	0.5	94637	403	94436	2772049	29.29
1990-1999	54	0.00446	0.00445	0.5	94234	419	94025	2677614	28.41
1990-1999	55	0.00502	0.00501	0.5	93815	470	93580	2583589	27.54
1990-1999	56	0.00545	0.00544	0.5	93345	507	93092	2490009	26.68
1990-1999	57	0.00608	0.00606	0.5	92838	563	92556	2396918	25.82
1990-1999	58	0.00676	0.00674	0.5	92275	622	91964	2304361	24.97
1990-1999	59	0.00723	0.00721	0.5	91653	660	91323	2212397	24.14
1990-1999	60	0.00798	0.00794	0.5	90993	723	90631	2121074	23.31
1990-1999	61	0.00891	0.00887	0.5	90270	801	89869	2030443	22.49
1990-1999	62	0.00961	0.00957	0.5	89469	856	89041	1940574	21.69
1990-1999	63	0.01053	0.01047	0.5	88613	928	88149	1851533	20.89
1990-1999	64	0.01110	0.01104	0.5	87685	968	87201	1763384	20.11
1990-1999	65	0.01226	0.01219	0.5	86717	1057	86189	1676183	19.33
1990-1999	66	0.01332	0.01324	0.5	85660	1134	85094	1589994	18.56
1990-1999	67	0.01458	0.01447	0.5	84527	1223	83915	1504900	17.80
1990-1999	68	0.01632	0.01619	0.5	83304	1349	82629	1420985	17.06
1990-1999	69	0.01735	0.01720	0.5	81955	1409	81250	1338356	16.33
1990-1999	70	0.01904	0.01886	0.5	80545	1519	79786	1257106	15.61
1990-1999	71	0.02125	0.02102	0.5	79026	1661	78195	1177320	14.90
1990-1999	72	0.02339	0.02312	0.5	77365	1788	76471	1099124	14.21
1990-1999	73	0.02564	0.02532	0.5	75577	1913	74620	1022654	13.53
1990-1999	74	0.02691	0.02655	0.5	73663	1956	72685	948034	12.87
1990-1999	75	0.03005	0.02960	0.5	71707	2123	70646	875349	12.21
1990-1999	76	0.03326	0.03272	0.5	69585	2277	68446	804702	11.56
1990-1999	77	0.03670	0.03604	0.5	67308	2426	66095	736256	10.94
1990-1999	78	0.03995	0.03916	0.5	64882	2541	63612	670161	10.33
1990-1999	79	0.04411	0.04315	0.5	62341	2690	60996	606549	9.73
1990-1999	80	0.05186	0.05055	0.5	59651	3015	58143	545553	9.15
1990-1999	81	0.05696	0.05539	0.5	56636	3137	55067	487410	8.61
1990-1999	82	0.06348	0.06153	0.5	53499	3292	51853	432342	8.08
1990-1999	83	0.07155	0.06908	0.5	50207	3468	48473	380489	7.58
1990-1999	84	0.07963	0.07658	0.5	46739	3579	44949	332016	7.10
1990-1999	85	0.08683	0.08322	0.5	43159	3592	41364	287067	6.65
1990-1999	86	0.09757	0.09303	0.5	39568	3681	37727	245703	6.21
1990-1999	87	0.10823	0.10268	0.5	35887	3685	34045	207976	5.80
1990-1999	88	0.12044	0.11359	0.5	32202	3658	30373	173931	5.40
1990-1999	89	0.13437	0.12591	0.5	28544	3594	26747	143558	5.03
1990-1999	90	0.14962	0.13921	0.5	24950	3473	23214	116811	4.68
1990-1999	91	0.16473	0.15220	0.5	21477	3269	19843	93598	4.36
1990-1999	92	0.18347	0.16806	0.5	18208	3060	16678	73755	4.05
1990-1999	93	0.20697	0.18756	0.5	15148	2841	13728	57077	3.77
1990-1999	94	0.22725	0.20407	0.5	12307	2511	11051	43349	3.52
1990-1999	95	0.24547	0.21863	0.5	9796	2142	8725	32298	3.30
1990-1999	96	0.26853	0.23674	0.5	7654	1812	6748	23573	3.08
1990-1999	97	0.29292	0.25550	0.5	5842	1493	5096	16825	2.88
1990-1999	98	0.31857	0.27480	0.5	4349	1195	3752	11730	2.70
1990-1999	99	0.34536	0.29450	0.5	3154	929	2690	7978	2.53
1990-1999	100	0.37317	0.31449	0.5	2225	700	1875	5288	2.38
1990-1999	101	0.40184	0.33461	0.5	1525	510	1270	3413	2.24
1990-1999	102	0.43120	0.35472	0.5	1015	360	835	2143	2.11
1990-1999	103	0.46106	0.37468	0.5	655	245	532	1308	2.00
1990-1999	104	0.49119	0.39434	0.5	410	162	329	775	1.89
1990-1999	105	0.52139	0.41358	0.5	248	103	197	447	1.80
1990-1999	106	0.55144	0.43226	0.5	145	63	114	250	1.72
1990-1999	107	0.58111	0.45028	0.5	83	37	64	136	1.64
1990-1999	108	0.61021	0.46756	0.5	45	21	35	72	1.58
1990-1999	109	0.63854	0.48401	0.5	24	12	18	37	1.53
1990-1999	110+	0.66595	1.00000	1.5	12	12	19	19	1.50
2000-2009	0	0.00498	0.00496	0.07	100000	496	99537	8131324	81.31
2000-2009	1	0.00038	0.00038	0.5	99504	38	99485	8031787	80.72
2000-2009	2	0.00024	0.00024	0.5	99466	24	99454	7932302	79.75
2000-2009	3	0.00016	0.00016	0.5	99443	16	99435	7832848	78.77
2000-2009	4	0.00015	0.00015	0.5	99427	15	99420	7733413	77.78
2000-2009	5	0.00014	0.00014	0.5	99412	14	99405	7633993	76.79
2000-2009	6	0.00012	0.00012	0.5	99398	12	99393	7534588	75.80
2000-2009	7	0.00011	0.00011	0.5	99387	11	99381	7435195	74.81
2000-2009	8	0.00011	0.00011	0.5	99375	11	99370	7335814	73.82
2000-2009	9	0.00011	0.00011	0.5	99365	11	99359	7236444	72.83
2000-2009	10	0.00010	0.00010	0.5	99354	10	99349	7137085	71.84
2000-2009	11	0.00011	0.00011	0.5	99344	11	99338	7037736	70.84
2000-2009	12	0.00012	0.00012	0.5	99333	12	99327	6938398	69.85
2000-2009	13	0.00014	0.00014	0.5	99321	14	99314	6839071	68.86
2000-2009	14	0.00017	0.00017	0.5	99307	17	99299	6739757	67.87
2000-2009	15	0.00020	0.00020	0.5	99290	19	99281	6640458	66.88
2000-2009	16	0.00025	0.00025	0.5	99271	25	99259	6541178	65.89
2000-2009	17	0.00029	0.00029	0.5	99246	29	99232	6441919	64.91
2000-2009	18	0.00036	0.00036	0.5	99217	36	99199	6342687	63.93
2000-2009	19	0.00038	0.00038	0.5	99181	37	99163	6243488	62.95
2000-2009	20	0.00037	0.00037	0.5	99144	37	99126	6144325	61.97
2000-2009	21	0.00039	0.00039	0.5	99108	38	99088	6045199	61.00
2000-2009	22	0.00038	0.00038	0.5	99069	38	99050	5946111	60.02
2000-2009	23	0.00037	0.00037	0.5	99031	37	99013	5847060	59.04
2000-2009	24	0.00037	0.00037	0.5	98995	36	98977	5748048	58.06
2000-2009	25	0.00039	0.00039	0.5	98959	38	98939	5649071	57.09
2000-2009	26	0.00041	0.00041	0.5	98920	41	98900	5550131	56.11
2000-2009	27	0.00041	0.00041	0.5	98880	40	98860	5451231	55.13
2000-2009	28	0.00041	0.00041	0.5	98839	41	98819	5352372	54.15
2000-2009	29	0.00046	0.00046	0.5	98799	45	98776	5253553	53.17
2000-2009	30	0.00044	0.00044	0.5	98753	44	98732	5154777	52.20
2000-2009	31	0.00051	0.00051	0.5	98710	51	98684	5056045	51.22
2000-2009	32	0.00055	0.00055	0.5	98659	54	98632	4957361	50.25
2000-2009	33	0.00060	0.00060	0.5	98605	59	98575	4858729	49.27
2000-2009	34	0.00064	0.00064	0.5	98546	63	98515	4760154	48.30
2000-2009	35	0.00072	0.00072	0.5	98483	70	98448	4661639	47.33
2000-2009	36	0.00074	0.00074	0.5	98413	73	98376	4563191	46.37
2000-2009	37	0.00081	0.00081	0.5	98340	79	98300	4464815	45.40
2000-2009	38	0.00094	0.00094	0.5	98260	92	98214	4366515	44.44
2000-2009	39	0.00108	0.00108	0.5	98168	106	98115	4268301	43.48
2000-2009	40	0.00115	0.00115	0.5	98062	113	98006	4170186	42.53
2000-2009	41	0.00124	0.00124	0.5	97950	121	97889	4072180	41.57
2000-2009	42	0.00141	0.00141	0.5	97828	138	97760	3974290	40.63
2000-2009	43	0.00156	0.00156	0.5	97691	152	97615	3876531	39.68
2000-2009	44	0.00172	0.00172	0.5	97539	168	97455	3778916	38.74
2000-2009	45	0.00188	0.00188	0.5	97371	183	97280	3681461	37.81
2000-2009	46	0.00208	0.00208	0.5	97188	202	97087	3584181	36.88
2000-2009	47	0.00228	0.00228	0.5	96986	221	96876	3487094	35.95
2000-2009	48	0.00243	0.00243	0.5	96765	235	96648	3390218	35.04
2000-2009	49	0.00266	0.00265	0.5	96530	256	96402	3293570	34.12
2000-2009	50	0.00291	0.00291	0.5	96274	280	96134	3197168	33.21
2000-2009	51	0.00307	0.00306	0.5	95994	294	95847	3101034	32.30
2000-2009	52	0.00339	0.00338	0.5	95700	324	95538	3005187	31.40
2000-2009	53	0.00375	0.00374	0.5	95376	357	95198	2909650	30.51
2000-2009	54	0.00387	0.00386	0.5	95019	367	94836	2814452	29.62
2000-2009	55	0.00418	0.00417	0.5	94652	395	94455	2719616	28.73
2000-2009	56	0.00460	0.00459	0.5	94258	432	94042	2625161	27.85
2000-2009	57	0.00496	0.00495	0.5	93826	464	93594	2531119	26.98
2000-2009	58	0.00542	0.00540	0.5	93361	504	93109	2437526	26.11
2000-2009	59	0.00595	0.00593	0.5	92857	551	92582	2344417	25.25
2000-2009	60	0.00655	0.00652	0.5	92306	602	92005	2251835	24.40
2000-2009	61	0.00701	0.00698	0.5	91704	640	91384	2159830	23.55
2000-2009	62	0.00768	0.00765	0.5	91063	697	90715	2068447	22.71
2000-2009	63	0.00840	0.00836	0.5	90366	755	89989	1977732	21.89
2000-2009	64	0.00927	0.00923	0.5	89611	827	89197	1887743	21.07
2000-2009	65	0.01019	0.01014	0.5	88784	900	88334	1798546	20.26
2000-2009	66	0.01088	0.01082	0.5	87884	951	87409	1710212	19.46
2000-2009	67	0.01214	0.01207	0.5	86933	1049	86409	1622803	18.67
2000-2009	68	0.01323	0.01314	0.5	85884	1128	85320	1536394	17.89
2000-2009	69	0.01448	0.01437	0.5	84756	1218	84146	1451075	17.12
2000-2009	70	0.01599	0.01587	0.5	83537	1325	82875	1366928	16.36
2000-2009	71	0.01742	0.01727	0.5	82212	1420	81502	1284054	15.62
2000-2009	72	0.01936	0.01918	0.5	80792	1549	80017	1202552	14.88
2000-2009	73	0.02098	0.02076	0.5	79242	1645	78420	1122535	14.17
2000-2009	74	0.02356	0.02329	0.5	77597	1807	76693	1044115	13.46
2000-2009	75	0.02615	0.02581	0.5	75790	1956	74812	967421	12.76
2000-2009	76	0.02838	0.02798	0.5	73834	2066	72801	892610	12.09
2000-2009	77	0.03140	0.03092	0.5	71768	2219	70658	819809	11.42
2000-2009	78	0.03452	0.03394	0.5	69549	2360	68369	749151	10.77
2000-2009	79	0.03871	0.03798	0.5	67188	2552	65913	680782	10.13
2000-2009	80	0.04495	0.04396	0.5	64637	2842	63216	614870	9.51
2000-2009	81	0.05023	0.04900	0.5	61795	3028	60281	551654	8.93
2000-2009	82	0.05712	0.05553	0.5	58767	3264	57136	491372	8.36
2000-2009	83	0.06324	0.06130	0.5	55504	3402	53803	434236	7.82
2000-2009	84	0.07150	0.06903	0.5	52102	3597	50303	380434	7.30
2000-2009	85	0.07995	0.07687	0.5	48505	3729	46640	330131	6.81
2000-2009	86	0.09091	0.08695	0.5	44776	3893	42829	283490	6.33
2000-2009	87	0.10202	0.09706	0.5	40883	3968	38899	240661	5.89
2000-2009	88	0.11552	0.10921	0.5	36914	4032	34899	201762	5.47
2000-2009	89	0.12914	0.12130	0.5	32883	3989	30888	166863	5.07
2000-2009	90	0.14608	0.13614	0.5	28894	3934	26927	135975	4.71
2000-2009	91	0.16329	0.15096	0.5	24960	3768	23076	109048	4.37
2000-2009	92	0.18126	0.16619	0.5	21192	3522	19431	85971	4.06
2000-2009	93	0.20095	0.18260	0.5	17670	3227	16057	66540	3.77
2000-2009	94	0.22295	0.20059	0.5	14444	2897	12995	50483	3.50
2000-2009	95	0.24662	0.21955	0.5	11547	2535	10279	37488	3.25
2000-2009	96	0.27172	0.23922	0.5	9011	2156	7934	27209	3.02
2000-2009	97	0.29836	0.25963	0.5	6856	1780	5966	19275	2.81
2000-2009	98	0.32644	0.28064	0.5	5076	1424	4364	13310	2.62
2000-2009	99	0.35583	0.30208	0.5	3651	1103	3100	8946	2.45
2000-2009	100	0.38634	0.32379	0.5	2548	825	2136	5846	2.29
2000-2009	101	0.41777	0.34558	0.5	1723	596	1425	3710	2.15
2000-2009	102	0.44988	0.36727	0.5	1128	414	921	2285	2.03
2000-2009	103	0.48242	0.38867	0.5	714	277	575	1364	1.91
2000-2009	104	0.51511	0.40961	0.5	436	179	347	790	1.81
2000-2009	105	0.54767	0.42994	0.5	258	111	202	443	1.72
2000-2009	106	0.57982	0.44951	0.5	147	66	114	240	1.64
2000-2009	107	0.61131	0.46820	0.5	81	38	62	127	1.57
2000-2009	108	0.64190	0.48594	0.5	43	21	33	65	1.51
2000-2009	109	0.67138	0.50265	0.5	22	11	17	32	1.46
2000-2009	110+	0.69956	1.00000	1.43	11	11	16	16	1.43
2010-2017	0	0.00410	0.00408	0.06	100000	408	99618	8321596	83.22
2010-2017	1	0.00028	0.00028	0.5	99592	28	99578	8221978	82.56
2010-2017	2	0.00018	0.00018	0.5	99564	17	99555	8122400	81.58
2010-2017	3	0.00014	0.00014	0.5	99547	14	99540	8022844	80.59
2010-2017	4	0.00012	0.00012	0.5	99533	12	99527	7923304	79.60
2010-2017	5	0.00009	0.00009	0.5	99521	9	99517	7823777	78.61
2010-2017	6	0.00010	0.00010	0.5	99512	10	99507	7724260	77.62
2010-2017	7	0.00009	0.00009	0.5	99502	8	99498	7624753	76.63
2010-2017	8	0.00007	0.00007	0.5	99494	7	99491	7525255	75.64
2010-2017	9	0.00008	0.00008	0.5	99487	8	99483	7425764	74.64
2010-2017	10	0.00008	0.00008	0.5	99480	8	99476	7326281	73.65
2010-2017	11	0.00008	0.00008	0.5	99472	8	99468	7226805	72.65
2010-2017	12	0.00009	0.00009	0.5	99463	9	99459	7127337	71.66
2010-2017	13	0.00011	0.00011	0.5	99454	11	99449	7027878	70.66
2010-2017	14	0.00012	0.00012	0.5	99443	12	99437	6928430	69.67
2010-2017	15	0.00014	0.00014	0.5	99431	14	99424	6828993	68.68
2010-2017	16	0.00017	0.00017	0.5	99417	16	99408	6729569	67.69
2010-2017	17	0.00020	0.00020	0.5	99400	20	99390	6630161	66.70
2010-2017	18	0.00024	0.00024	0.5	99380	24	99368	6530771	65.72
2010-2017	19	0.00030	0.00030	0.5	99356	30	99341	6431403	64.73
2010-2017	20	0.00031	0.00031	0.5	99326	30	99311	6332062	63.75
2010-2017	21	0.00034	0.00034	0.5	99296	34	99279	6232751	62.77
2010-2017	22	0.00033	0.00033	0.5	99262	33	99245	6133473	61.79
2010-2017	23	0.00035	0.00035	0.5	99229	35	99211	6034227	60.81
2010-2017	24	0.00034	0.00034	0.5	99194	34	99177	5935016	59.83
2010-2017	25	0.00039	0.00039	0.5	99160	38	99141	5835839	58.85
2010-2017	26	0.00038	0.00038	0.5	99122	38	99103	5736698	57.88
2010-2017	27	0.00040	0.00040	0.5	99084	40	99064	5637595	56.90
2010-2017	28	0.00041	0.00041	0.5	99044	41	99023	5538532	55.92
2010-2017	29	0.00041	0.00041	0.5	99003	40	98983	5439508	54.94
2010-2017	30	0.00048	0.00048	0.5	98963	48	98939	5340526	53.97
2010-2017	31	0.00049	0.00049	0.5	98915	49	98890	5241587	52.99
2010-2017	32	0.00053	0.00053	0.5	98866	53	98840	5142697	52.02
2010-2017	33	0.00056	0.00056	0.5	98813	55	98785	5043857	51.04
2010-2017	34	0.00059	0.00059	0.5	98758	58	98729	4945071	50.07
2010-2017	35	0.00065	0.00065	0.5	98699	64	98667	4846343	49.10
2010-2017	36	0.00071	0.00071	0.5	98636	70	98600	4747676	48.13
2010-2017	37	0.00072	0.00072	0.5	98565	71	98530	4649075	47.17
2010-2017	38	0.00082	0.00082	0.5	98494	81	98453	4550545	46.20
2010-2017	39	0.00086	0.00086	0.5	98413	85	98371	4452092	45.24
2010-2017	40	0.00101	0.00101	0.5	98328	99	98279	4353721	44.28
2010-2017	41	0.00101	0.00101	0.5	98229	99	98180	4255443	43.32
2010-2017	42	0.00109	0.00109	0.5	98131	107	98077	4157263	42.36
2010-2017	43	0.00126	0.00126	0.5	98024	123	97962	4059186	41.41
2010-2017	44	0.00140	0.00140	0.5	97900	137	97832	3961224	40.46
2010-2017	45	0.00152	0.00152	0.5	97763	149	97689	3863392	39.52
2010-2017	46	0.00170	0.00170	0.5	97614	166	97531	3765703	38.58
2010-2017	47	0.00184	0.00184	0.5	97449	179	97359	3668172	37.64
2010-2017	48	0.00204	0.00203	0.5	97269	198	97170	3570813	36.71
2010-2017	49	0.00227	0.00227	0.5	97072	220	96961	3473642	35.78
2010-2017	50	0.00252	0.00251	0.5	96851	243	96730	3376681	34.86
2010-2017	51	0.00280	0.00279	0.5	96608	270	96473	3279951	33.95
2010-2017	52	0.00298	0.00297	0.5	96338	287	96195	3183478	33.04
2010-2017	53	0.00323	0.00322	0.5	96052	309	95897	3087283	32.14
2010-2017	54	0.00350	0.00350	0.5	95742	335	95575	2991387	31.24
2010-2017	55	0.00390	0.00389	0.5	95407	371	95222	2895812	30.35
2010-2017	56	0.00412	0.00411	0.5	95036	390	94841	2800590	29.47
2010-2017	57	0.00448	0.00447	0.5	94646	423	94434	2705749	28.59
2010-2017	58	0.00474	0.00473	0.5	94223	446	94000	2611315	27.71
2010-2017	59	0.00517	0.00515	0.5	93777	483	93536	2517315	26.84
2010-2017	60	0.00561	0.00560	0.5	93294	522	93033	2423779	25.98
2010-2017	61	0.00613	0.00611	0.5	92772	567	92488	2330746	25.12
2010-2017	62	0.00649	0.00647	0.5	92205	597	91906	2238258	24.27
2010-2017	63	0.00719	0.00716	0.5	91608	656	91280	2146352	23.43
2010-2017	64	0.00769	0.00766	0.5	90952	697	90604	2055072	22.60
2010-2017	65	0.00831	0.00828	0.5	90256	747	89882	1964468	21.77
2010-2017	66	0.00874	0.00870	0.5	89508	779	89119	1874586	20.94
2010-2017	67	0.00985	0.00980	0.5	88730	870	88295	1785467	20.12
2010-2017	68	0.01076	0.01071	0.5	87860	941	87390	1697172	19.32
2010-2017	69	0.01170	0.01163	0.5	86919	1011	86414	1609782	18.52
2010-2017	70	0.01290	0.01282	0.5	85908	1101	85357	1523368	17.73
2010-2017	71	0.01389	0.01379	0.5	84807	1170	84222	1438011	16.96
2010-2017	72	0.01543	0.01531	0.5	83637	1281	82997	1353789	16.19
2010-2017	73	0.01688	0.01673	0.5	82356	1378	81667	1270792	15.43
2010-2017	74	0.01893	0.01875	0.5	80978	1519	80219	1189125	14.68
2010-2017	75	0.02103	0.02081	0.5	79460	1654	78633	1108906	13.96
2010-2017	76	0.02326	0.02300	0.5	77806	1789	76911	1030274	13.24
2010-2017	77	0.02623	0.02589	0.5	76016	1968	75032	953363	12.54
2010-2017	78	0.02874	0.02833	0.5	74048	2098	72999	878330	11.86
2010-2017	79	0.03207	0.03156	0.5	71950	2271	70815	805331	11.19
2010-2017	80	0.03623	0.03559	0.5	69679	2480	68439	734516	10.54
2010-2017	81	0.04017	0.03938	0.5	67200	2646	65876	666077	9.91
2010-2017	82	0.04507	0.04408	0.5	64553	2845	63131	600201	9.30
2010-2017	83	0.05086	0.04960	0.5	61708	3061	60178	537070	8.70
2010-2017	84	0.05756	0.05595	0.5	58647	3281	57007	476892	8.13
2010-2017	85	0.06523	0.06317	0.5	55366	3497	53617	419886	7.58
2010-2017	86	0.07285	0.07029	0.5	51869	3646	50046	366268	7.06
2010-2017	87	0.08311	0.07980	0.5	48223	3848	46299	316222	6.56
2010-2017	88	0.09470	0.09042	0.5	44375	4012	42369	269923	6.08
2010-2017	89	0.10674	0.10133	0.5	40363	4090	38318	227554	5.64
2010-2017	90	0.12325	0.11610	0.5	36273	4211	34167	189237	5.22
2010-2017	91	0.13815	0.12923	0.5	32061	4143	29990	155070	4.84
2010-2017	92	0.15648	0.14513	0.5	27918	4052	25892	125080	4.48
2010-2017	93	0.17356	0.15970	0.5	23867	3812	21961	99187	4.16
2010-2017	94	0.19357	0.17648	0.5	20055	3539	18285	77227	3.85
2010-2017	95	0.21493	0.19407	0.5	16516	3205	14913	58941	3.57
2010-2017	96	0.23867	0.21323	0.5	13310	2838	11891	44028	3.31
2010-2017	97	0.26415	0.23334	0.5	10472	2444	9251	32137	3.07
2010-2017	98	0.29132	0.25428	0.5	8029	2042	7008	22886	2.85
2010-2017	99	0.32006	0.27591	0.5	5987	1652	5161	15878	2.65
2010-2017	100	0.35023	0.29804	0.5	4335	1292	3689	10717	2.47
2010-2017	101	0.38166	0.32050	0.5	3043	975	2556	7028	2.31
2010-2017	102	0.41410	0.34307	0.5	2068	709	1713	4472	2.16
2010-2017	103	0.44731	0.36555	0.5	1358	497	1110	2759	2.03
2010-2017	104	0.48100	0.38775	0.5	862	334	695	1649	1.91
2010-2017	105	0.51486	0.40945	0.5	528	216	420	954	1.81
2010-2017	106	0.54858	0.43050	0.5	312	134	245	535	1.72
2010-2017	107	0.58187	0.45073	0.5	177	80	137	290	1.64
2010-2017	108	0.61442	0.47002	0.5	97	46	75	153	1.57
2010-2017	109	0.64598	0.48827	0.5	52	25	39	78	1.51
2010-2017	110+	0.67632	1.00000	1.48	26	26	39	39	1.48
