DC: Washington DC, Lifetables (period 1x10), Both sexes Last modified: 3 Dec 2019, MPv5 (May07) 

Year     	Age	mx	qx	ax	lx	dx	Lx	Tx	ex
1960-1969	0	0.03446	0.03348	0.14	100000	3348	97133	6599249	65.99
1960-1969	1	0.00176	0.00176	0.5	96652	170	96568	6502115	67.27
1960-1969	2	0.00092	0.00092	0.5	96483	89	96438	6405548	66.39
1960-1969	3	0.00092	0.00092	0.5	96394	88	96350	6309109	65.45
1960-1969	4	0.00063	0.00063	0.5	96306	61	96275	6212760	64.51
1960-1969	5	0.00062	0.00062	0.5	96245	60	96215	6116485	63.55
1960-1969	6	0.00058	0.00058	0.5	96185	56	96157	6020270	62.59
1960-1969	7	0.00057	0.00057	0.5	96129	54	96102	5924113	61.63
1960-1969	8	0.00037	0.00037	0.5	96075	35	96057	5828011	60.66
1960-1969	9	0.00049	0.00049	0.5	96040	47	96016	5731953	59.68
1960-1969	10	0.00034	0.00034	0.5	95993	33	95976	5635937	58.71
1960-1969	11	0.00033	0.00033	0.5	95960	32	95944	5539961	57.73
1960-1969	12	0.00035	0.00035	0.5	95928	34	95911	5444017	56.75
1960-1969	13	0.00042	0.00042	0.5	95894	40	95874	5348107	55.77
1960-1969	14	0.00047	0.00047	0.5	95853	45	95831	5252233	54.79
1960-1969	15	0.00065	0.00065	0.5	95808	62	95777	5156402	53.82
1960-1969	16	0.00067	0.00067	0.5	95746	64	95713	5060626	52.85
1960-1969	17	0.00099	0.00099	0.5	95681	94	95634	4964912	51.89
1960-1969	18	0.00096	0.00096	0.5	95587	91	95541	4869278	50.94
1960-1969	19	0.00119	0.00119	0.5	95495	113	95439	4773737	49.99
1960-1969	20	0.00121	0.00121	0.5	95382	116	95324	4678298	49.05
1960-1969	21	0.00145	0.00145	0.5	95267	138	95198	4582974	48.11
1960-1969	22	0.00167	0.00167	0.5	95128	159	95049	4487777	47.18
1960-1969	23	0.00160	0.00160	0.5	94970	152	94894	4392728	46.25
1960-1969	24	0.00165	0.00165	0.5	94818	156	94740	4297834	45.33
1960-1969	25	0.00205	0.00205	0.5	94662	194	94565	4203095	44.40
1960-1969	26	0.00196	0.00196	0.5	94468	185	94375	4108530	43.49
1960-1969	27	0.00217	0.00216	0.5	94283	204	94181	4014155	42.58
1960-1969	28	0.00200	0.00200	0.5	94079	188	93985	3919974	41.67
1960-1969	29	0.00245	0.00245	0.5	93891	230	93776	3825989	40.75
1960-1969	30	0.00291	0.00290	0.5	93661	272	93525	3732214	39.85
1960-1969	31	0.00253	0.00252	0.5	93389	236	93271	3638689	38.96
1960-1969	32	0.00331	0.00330	0.5	93153	308	92999	3545418	38.06
1960-1969	33	0.00319	0.00319	0.5	92846	296	92698	3452419	37.18
1960-1969	34	0.00413	0.00413	0.5	92550	382	92359	3359721	36.30
1960-1969	35	0.00439	0.00438	0.5	92168	404	91966	3267362	35.45
1960-1969	36	0.00463	0.00462	0.5	91764	424	91552	3175396	34.60
1960-1969	37	0.00532	0.00531	0.5	91341	485	91098	3083844	33.76
1960-1969	38	0.00556	0.00554	0.5	90856	504	90604	2992745	32.94
1960-1969	39	0.00637	0.00635	0.5	90352	574	90065	2902141	32.12
1960-1969	40	0.00673	0.00671	0.5	89778	602	89477	2812076	31.32
1960-1969	41	0.00676	0.00673	0.5	89176	601	88876	2722599	30.53
1960-1969	42	0.00810	0.00807	0.5	88575	715	88218	2633723	29.73
1960-1969	43	0.00839	0.00835	0.5	87860	734	87494	2545505	28.97
1960-1969	44	0.00858	0.00854	0.5	87127	744	86754	2458012	28.21
1960-1969	45	0.00921	0.00917	0.5	86382	792	85986	2371257	27.45
1960-1969	46	0.00979	0.00974	0.5	85591	834	85174	2285271	26.70
1960-1969	47	0.01095	0.01089	0.5	84757	923	84295	2200097	25.96
1960-1969	48	0.01126	0.01119	0.5	83833	938	83364	2115802	25.24
1960-1969	49	0.01164	0.01157	0.5	82895	959	82415	2032438	24.52
1960-1969	50	0.01331	0.01322	0.5	81936	1083	81394	1950023	23.80
1960-1969	51	0.01271	0.01263	0.5	80853	1021	80342	1868628	23.11
1960-1969	52	0.01493	0.01482	0.5	79832	1183	79240	1788286	22.40
1960-1969	53	0.01515	0.01504	0.5	78649	1183	78057	1709046	21.73
1960-1969	54	0.01628	0.01615	0.5	77466	1251	76840	1630989	21.05
1960-1969	55	0.01681	0.01667	0.5	76215	1271	75579	1554149	20.39
1960-1969	56	0.01750	0.01735	0.5	74944	1300	74294	1478569	19.73
1960-1969	57	0.02016	0.01996	0.5	73643	1470	72908	1404276	19.07
1960-1969	58	0.02072	0.02051	0.5	72174	1480	71433	1331367	18.45
1960-1969	59	0.02185	0.02162	0.5	70693	1528	69929	1259934	17.82
1960-1969	60	0.02291	0.02265	0.5	69165	1567	68382	1190005	17.21
1960-1969	61	0.02278	0.02253	0.5	67598	1523	66837	1121623	16.59
1960-1969	62	0.02684	0.02648	0.5	66075	1750	65200	1054786	15.96
1960-1969	63	0.02794	0.02755	0.5	64325	1772	63439	989586	15.38
1960-1969	64	0.02905	0.02863	0.5	62553	1791	61658	926146	14.81
1960-1969	65	0.03415	0.03357	0.5	60762	2040	59742	864489	14.23
1960-1969	66	0.03059	0.03013	0.5	58722	1769	57838	804747	13.70
1960-1969	67	0.03596	0.03533	0.5	56953	2012	55947	746909	13.11
1960-1969	68	0.03769	0.03699	0.5	54941	2032	53925	690962	12.58
1960-1969	69	0.03772	0.03702	0.5	52909	1959	51929	637037	12.04
1960-1969	70	0.04379	0.04285	0.5	50950	2183	49858	585108	11.48
1960-1969	71	0.04234	0.04147	0.5	48767	2022	47756	535249	10.98
1960-1969	72	0.04826	0.04712	0.5	46745	2203	45643	487494	10.43
1960-1969	73	0.04931	0.04813	0.5	44542	2144	43470	441850	9.92
1960-1969	74	0.05354	0.05215	0.5	42398	2211	41293	398380	9.40
1960-1969	75	0.06076	0.05897	0.5	40187	2370	39003	357087	8.89
1960-1969	76	0.06686	0.06470	0.5	37818	2447	36594	318085	8.41
1960-1969	77	0.06413	0.06214	0.5	35371	2198	34272	281490	7.96
1960-1969	78	0.07515	0.07242	0.5	33173	2403	31972	247218	7.45
1960-1969	79	0.08012	0.07703	0.5	30771	2370	29586	215246	7.00
1960-1969	80	0.10618	0.10083	0.5	28400	2863	26969	185661	6.54
1960-1969	81	0.11404	0.10788	0.5	25537	2755	24159	158692	6.21
1960-1969	82	0.12242	0.11536	0.5	22782	2628	21468	134533	5.91
1960-1969	83	0.13135	0.12326	0.5	20154	2484	18912	113065	5.61
1960-1969	84	0.14087	0.13160	0.5	17670	2325	16507	94153	5.33
1960-1969	85	0.15098	0.14038	0.5	15344	2154	14267	77646	5.06
1960-1969	86	0.16171	0.14962	0.5	13190	1973	12204	63379	4.80
1960-1969	87	0.17309	0.15930	0.5	11217	1787	10323	51176	4.56
1960-1969	88	0.18513	0.16944	0.5	9430	1598	8631	40852	4.33
1960-1969	89	0.19784	0.18003	0.5	7832	1410	7127	32221	4.11
1960-1969	90	0.21124	0.19106	0.5	6422	1227	5809	25094	3.91
1960-1969	91	0.22532	0.20251	0.5	5195	1052	4669	19286	3.71
1960-1969	92	0.24011	0.21437	0.5	4143	888	3699	14617	3.53
1960-1969	93	0.25558	0.22662	0.5	3255	738	2886	10918	3.35
1960-1969	94	0.27175	0.23924	0.5	2517	602	2216	8032	3.19
1960-1969	95	0.28857	0.25219	0.5	1915	483	1674	5815	3.04
1960-1969	96	0.30605	0.26543	0.5	1432	380	1242	4142	2.89
1960-1969	97	0.32415	0.27894	0.5	1052	293	905	2900	2.76
1960-1969	98	0.34283	0.29266	0.5	759	222	648	1995	2.63
1960-1969	99	0.36205	0.30656	0.5	537	164	454	1347	2.51
1960-1969	100	0.38177	0.32058	0.5	372	119	312	893	2.40
1960-1969	101	0.40192	0.33467	0.5	253	85	210	580	2.30
1960-1969	102	0.42245	0.34878	0.5	168	59	139	370	2.20
1960-1969	103	0.44329	0.36286	0.5	110	40	90	231	2.11
1960-1969	104	0.46437	0.37686	0.5	70	26	57	141	2.03
1960-1969	105	0.48560	0.39073	0.5	43	17	35	85	1.95
1960-1969	106	0.50692	0.40442	0.5	26	11	21	50	1.88
1960-1969	107	0.52825	0.41788	0.5	16	7	12	29	1.82
1960-1969	108	0.54950	0.43106	0.5	9	4	7	16	1.76
1960-1969	109	0.57059	0.44394	0.5	5	2	4	9	1.72
1960-1969	110+	0.59146	1.00000	1.69	3	3	5	5	1.69
1970-1979	0	0.03099	0.03018	0.13	100000	3018	97387	6720613	67.21
1970-1979	1	0.00166	0.00166	0.5	96982	161	96902	6623226	68.29
1970-1979	2	0.00120	0.00120	0.5	96821	116	96763	6526324	67.41
1970-1979	3	0.00070	0.00070	0.5	96705	67	96672	6429560	66.49
1970-1979	4	0.00063	0.00063	0.5	96638	60	96608	6332888	65.53
1970-1979	5	0.00073	0.00073	0.5	96578	71	96542	6236280	64.57
1970-1979	6	0.00051	0.00051	0.5	96507	50	96482	6139738	63.62
1970-1979	7	0.00048	0.00048	0.5	96457	46	96434	6043256	62.65
1970-1979	8	0.00032	0.00032	0.5	96411	31	96396	5946822	61.68
1970-1979	9	0.00047	0.00047	0.5	96381	46	96358	5850426	60.70
1970-1979	10	0.00044	0.00044	0.5	96335	43	96314	5754068	59.73
1970-1979	11	0.00038	0.00038	0.5	96293	37	96274	5657754	58.76
1970-1979	12	0.00035	0.00035	0.5	96256	33	96239	5561480	57.78
1970-1979	13	0.00041	0.00041	0.5	96222	39	96203	5465241	56.80
1970-1979	14	0.00047	0.00047	0.5	96183	45	96161	5369038	55.82
1970-1979	15	0.00056	0.00056	0.5	96138	54	96111	5272878	54.85
1970-1979	16	0.00068	0.00068	0.5	96084	65	96052	5176767	53.88
1970-1979	17	0.00085	0.00085	0.5	96019	81	95978	5080715	52.91
1970-1979	18	0.00112	0.00112	0.5	95938	107	95884	4984737	51.96
1970-1979	19	0.00105	0.00105	0.5	95830	100	95780	4888853	51.02
1970-1979	20	0.00144	0.00144	0.5	95730	138	95661	4793072	50.07
1970-1979	21	0.00156	0.00156	0.5	95592	149	95518	4697411	49.14
1970-1979	22	0.00163	0.00163	0.5	95444	156	95366	4601893	48.22
1970-1979	23	0.00175	0.00175	0.5	95288	167	95205	4506527	47.29
1970-1979	24	0.00176	0.00176	0.5	95121	167	95038	4411322	46.38
1970-1979	25	0.00176	0.00176	0.5	94954	167	94871	4316285	45.46
1970-1979	26	0.00198	0.00198	0.5	94787	187	94693	4221414	44.54
1970-1979	27	0.00198	0.00197	0.5	94600	187	94506	4126721	43.62
1970-1979	28	0.00224	0.00224	0.5	94413	211	94308	4032214	42.71
1970-1979	29	0.00198	0.00198	0.5	94202	187	94109	3937907	41.80
1970-1979	30	0.00242	0.00242	0.5	94015	227	93902	3843798	40.88
1970-1979	31	0.00235	0.00235	0.5	93788	220	93678	3749896	39.98
1970-1979	32	0.00294	0.00293	0.5	93568	275	93430	3656218	39.08
1970-1979	33	0.00346	0.00345	0.5	93293	322	93132	3562788	38.19
1970-1979	34	0.00347	0.00347	0.5	92971	322	92810	3469656	37.32
1970-1979	35	0.00372	0.00371	0.5	92648	344	92477	3376846	36.45
1970-1979	36	0.00397	0.00396	0.5	92305	365	92122	3284369	35.58
1970-1979	37	0.00467	0.00466	0.5	91939	428	91725	3192247	34.72
1970-1979	38	0.00510	0.00509	0.5	91511	465	91279	3100522	33.88
1970-1979	39	0.00578	0.00576	0.5	91046	525	90784	3009243	33.05
1970-1979	40	0.00624	0.00622	0.5	90521	563	90239	2918460	32.24
1970-1979	41	0.00683	0.00681	0.5	89958	612	89652	2828220	31.44
1970-1979	42	0.00695	0.00692	0.5	89345	618	89036	2738568	30.65
1970-1979	43	0.00718	0.00715	0.5	88727	635	88410	2649532	29.86
1970-1979	44	0.00808	0.00805	0.5	88092	709	87738	2561123	29.07
1970-1979	45	0.00882	0.00878	0.5	87383	768	87000	2473385	28.30
1970-1979	46	0.00968	0.00963	0.5	86616	834	86199	2386385	27.55
1970-1979	47	0.01032	0.01027	0.5	85782	881	85341	2300187	26.81
1970-1979	48	0.01130	0.01124	0.5	84901	954	84424	2214845	26.09
1970-1979	49	0.01197	0.01190	0.5	83947	999	83447	2130421	25.38
1970-1979	50	0.01313	0.01304	0.5	82948	1082	82407	2046974	24.68
1970-1979	51	0.01327	0.01318	0.5	81866	1079	81326	1964568	24.00
1970-1979	52	0.01473	0.01462	0.5	80787	1181	80196	1883242	23.31
1970-1979	53	0.01443	0.01433	0.5	79606	1140	79036	1803045	22.65
1970-1979	54	0.01546	0.01535	0.5	78465	1204	77863	1724010	21.97
1970-1979	55	0.01636	0.01623	0.5	77261	1254	76634	1646147	21.31
1970-1979	56	0.01660	0.01647	0.5	76007	1252	75381	1569512	20.65
1970-1979	57	0.01832	0.01816	0.5	74756	1357	74077	1494131	19.99
1970-1979	58	0.01909	0.01891	0.5	73398	1388	72704	1420054	19.35
1970-1979	59	0.02088	0.02066	0.5	72010	1488	71266	1347350	18.71
1970-1979	60	0.02196	0.02172	0.5	70523	1532	69757	1276083	18.09
1970-1979	61	0.02135	0.02112	0.5	68991	1457	68262	1206327	17.49
1970-1979	62	0.02428	0.02399	0.5	67534	1620	66724	1138064	16.85
1970-1979	63	0.02367	0.02339	0.5	65914	1542	65143	1071341	16.25
1970-1979	64	0.02692	0.02657	0.5	64372	1710	63517	1006198	15.63
1970-1979	65	0.03117	0.03069	0.5	62662	1923	61700	942681	15.04
1970-1979	66	0.03072	0.03026	0.5	60739	1838	59820	880981	14.50
1970-1979	67	0.03248	0.03196	0.5	58901	1883	57960	821161	13.94
1970-1979	68	0.03353	0.03298	0.5	57018	1880	56078	763202	13.39
1970-1979	69	0.03505	0.03445	0.5	55138	1899	54188	707124	12.82
1970-1979	70	0.03835	0.03763	0.5	53239	2003	52237	652935	12.26
1970-1979	71	0.04114	0.04031	0.5	51235	2065	50203	600698	11.72
1970-1979	72	0.04584	0.04482	0.5	49170	2204	48068	550496	11.20
1970-1979	73	0.04704	0.04596	0.5	46966	2159	45887	502428	10.70
1970-1979	74	0.05076	0.04951	0.5	44808	2218	43699	456540	10.19
1970-1979	75	0.05429	0.05285	0.5	42589	2251	41464	412842	9.69
1970-1979	76	0.05706	0.05548	0.5	40338	2238	39219	371378	9.21
1970-1979	77	0.06031	0.05855	0.5	38101	2231	36985	332159	8.72
1970-1979	78	0.06328	0.06134	0.5	35870	2200	34770	295173	8.23
1970-1979	79	0.07091	0.06849	0.5	33670	2306	32517	260404	7.73
1970-1979	80	0.09100	0.08704	0.5	31364	2730	29999	227887	7.27
1970-1979	81	0.09778	0.09323	0.5	28634	2669	27299	197888	6.91
1970-1979	82	0.10505	0.09981	0.5	25964	2592	24669	170589	6.57
1970-1979	83	0.11284	0.10682	0.5	23373	2497	22125	145920	6.24
1970-1979	84	0.12118	0.11426	0.5	20876	2385	19684	123796	5.93
1970-1979	85	0.13010	0.12215	0.5	18491	2259	17362	104112	5.63
1970-1979	86	0.13962	0.13051	0.5	16232	2118	15173	86751	5.34
1970-1979	87	0.14978	0.13934	0.5	14114	1967	13130	71578	5.07
1970-1979	88	0.16060	0.14866	0.5	12147	1806	11244	58447	4.81
1970-1979	89	0.17210	0.15846	0.5	10341	1639	9522	47203	4.56
1970-1979	90	0.18431	0.16876	0.5	8703	1469	7968	37681	4.33
1970-1979	91	0.19725	0.17954	0.5	7234	1299	6585	29713	4.11
1970-1979	92	0.21092	0.19080	0.5	5935	1132	5369	23128	3.90
1970-1979	93	0.22535	0.20253	0.5	4803	973	4316	17760	3.70
1970-1979	94	0.24053	0.21471	0.5	3830	822	3419	13443	3.51
1970-1979	95	0.25647	0.22732	0.5	3008	684	2666	10024	3.33
1970-1979	96	0.27315	0.24033	0.5	2324	559	2045	7358	3.17
1970-1979	97	0.29056	0.25370	0.5	1765	448	1542	5314	3.01
1970-1979	98	0.30867	0.26740	0.5	1318	352	1141	3772	2.86
1970-1979	99	0.32745	0.28138	0.5	965	272	829	2631	2.73
1970-1979	100	0.34687	0.29560	0.5	694	205	591	1801	2.60
1970-1979	101	0.36687	0.31000	0.5	489	151	413	1210	2.48
1970-1979	102	0.38739	0.32453	0.5	337	109	282	797	2.37
1970-1979	103	0.40837	0.33913	0.5	228	77	189	515	2.26
1970-1979	104	0.42974	0.35374	0.5	150	53	124	326	2.17
1970-1979	105	0.45142	0.36829	0.5	97	36	79	202	2.08
1970-1979	106	0.47332	0.38274	0.5	61	24	50	123	2.00
1970-1979	107	0.49536	0.39703	0.5	38	15	30	73	1.92
1970-1979	108	0.51745	0.41109	0.5	23	9	18	43	1.86
1970-1979	109	0.53950	0.42489	0.5	13	6	11	24	1.81
1970-1979	110+	0.56142	1.00000	1.78	8	8	14	14	1.78
1980-1989	0	0.02561	0.02504	0.12	100000	2504	97794	6882819	68.83
1980-1989	1	0.00095	0.00095	0.5	97496	93	97449	6785025	69.59
1980-1989	2	0.00084	0.00084	0.5	97402	81	97362	6687576	68.66
1980-1989	3	0.00041	0.00041	0.5	97321	40	97301	6590214	67.72
1980-1989	4	0.00041	0.00041	0.5	97281	40	97261	6492913	66.74
1980-1989	5	0.00033	0.00033	0.5	97241	32	97224	6395653	65.77
1980-1989	6	0.00033	0.00033	0.5	97208	32	97192	6298428	64.79
1980-1989	7	0.00047	0.00047	0.5	97176	45	97153	6201237	63.81
1980-1989	8	0.00030	0.00030	0.5	97130	29	97116	6104084	62.84
1980-1989	9	0.00034	0.00034	0.5	97101	33	97084	6006968	61.86
1980-1989	10	0.00024	0.00024	0.5	97068	24	97056	5909884	60.88
1980-1989	11	0.00033	0.00033	0.5	97044	32	97029	5812827	59.90
1980-1989	12	0.00035	0.00035	0.5	97013	34	96995	5715799	58.92
1980-1989	13	0.00036	0.00036	0.5	96978	35	96961	5618803	57.94
1980-1989	14	0.00038	0.00038	0.5	96944	37	96925	5521842	56.96
1980-1989	15	0.00068	0.00067	0.5	96907	65	96874	5424917	55.98
1980-1989	16	0.00079	0.00079	0.5	96841	76	96803	5328043	55.02
1980-1989	17	0.00095	0.00095	0.5	96765	92	96719	5231240	54.06
1980-1989	18	0.00116	0.00116	0.5	96673	112	96617	5134521	53.11
1980-1989	19	0.00116	0.00116	0.5	96561	112	96506	5037904	52.17
1980-1989	20	0.00122	0.00122	0.5	96450	117	96391	4941398	51.23
1980-1989	21	0.00135	0.00135	0.5	96333	130	96268	4845007	50.29
1980-1989	22	0.00149	0.00148	0.5	96203	143	96131	4748739	49.36
1980-1989	23	0.00149	0.00149	0.5	96060	143	95989	4652608	48.43
1980-1989	24	0.00166	0.00166	0.5	95917	159	95837	4556619	47.51
1980-1989	25	0.00173	0.00173	0.5	95758	165	95675	4460782	46.58
1980-1989	26	0.00179	0.00179	0.5	95592	171	95507	4365107	45.66
1980-1989	27	0.00214	0.00213	0.5	95421	204	95320	4269600	44.74
1980-1989	28	0.00232	0.00232	0.5	95218	221	95107	4174280	43.84
1980-1989	29	0.00262	0.00262	0.5	94997	249	94872	4079173	42.94
1980-1989	30	0.00306	0.00305	0.5	94748	289	94603	3984301	42.05
1980-1989	31	0.00276	0.00276	0.5	94459	261	94328	3889697	41.18
1980-1989	32	0.00324	0.00324	0.5	94198	305	94045	3795369	40.29
1980-1989	33	0.00372	0.00372	0.5	93893	349	93718	3701324	39.42
1980-1989	34	0.00364	0.00364	0.5	93544	340	93374	3607605	38.57
1980-1989	35	0.00413	0.00412	0.5	93203	384	93011	3514232	37.70
1980-1989	36	0.00441	0.00440	0.5	92820	409	92615	3421220	36.86
1980-1989	37	0.00440	0.00439	0.5	92411	406	92208	3328605	36.02
1980-1989	38	0.00484	0.00483	0.5	92005	444	91783	3236397	35.18
1980-1989	39	0.00496	0.00494	0.5	91561	453	91335	3144614	34.34
1980-1989	40	0.00487	0.00485	0.5	91108	442	90887	3053279	33.51
1980-1989	41	0.00581	0.00580	0.5	90666	526	90403	2962392	32.67
1980-1989	42	0.00626	0.00624	0.5	90140	562	89859	2871989	31.86
1980-1989	43	0.00630	0.00628	0.5	89578	562	89297	2782129	31.06
1980-1989	44	0.00627	0.00625	0.5	89016	557	88738	2692832	30.25
1980-1989	45	0.00730	0.00727	0.5	88459	643	88138	2604095	29.44
1980-1989	46	0.00759	0.00756	0.5	87816	664	87484	2515957	28.65
1980-1989	47	0.00883	0.00879	0.5	87152	766	86769	2428473	27.86
1980-1989	48	0.01009	0.01004	0.5	86386	867	85953	2341704	27.11
1980-1989	49	0.00952	0.00947	0.5	85519	810	85114	2255751	26.38
1980-1989	50	0.00985	0.00980	0.5	84709	830	84294	2170637	25.62
1980-1989	51	0.01138	0.01132	0.5	83879	949	83405	2086342	24.87
1980-1989	52	0.01229	0.01221	0.5	82930	1013	82424	2002938	24.15
1980-1989	53	0.01302	0.01293	0.5	81917	1059	81388	1920514	23.44
1980-1989	54	0.01323	0.01314	0.5	80858	1062	80327	1839127	22.75
1980-1989	55	0.01368	0.01359	0.5	79795	1084	79253	1758800	22.04
1980-1989	56	0.01551	0.01539	0.5	78711	1212	78105	1679547	21.34
1980-1989	57	0.01575	0.01563	0.5	77500	1211	76894	1601441	20.66
1980-1989	58	0.01878	0.01861	0.5	76289	1419	75579	1524547	19.98
1980-1989	59	0.01729	0.01715	0.5	74869	1284	74227	1448968	19.35
1980-1989	60	0.02035	0.02014	0.5	73585	1482	72844	1374741	18.68
1980-1989	61	0.02085	0.02063	0.5	72103	1488	71359	1301897	18.06
1980-1989	62	0.02249	0.02224	0.5	70616	1571	69830	1230537	17.43
1980-1989	63	0.02435	0.02406	0.5	69045	1661	68215	1160707	16.81
1980-1989	64	0.02483	0.02453	0.5	67384	1653	66558	1092492	16.21
1980-1989	65	0.02590	0.02557	0.5	65731	1681	64891	1025935	15.61
1980-1989	66	0.02892	0.02851	0.5	64051	1826	63138	961044	15.00
1980-1989	67	0.03013	0.02969	0.5	62224	1847	61301	897906	14.43
1980-1989	68	0.03252	0.03200	0.5	60377	1932	59411	836605	13.86
1980-1989	69	0.03412	0.03354	0.5	58445	1961	57465	777194	13.30
1980-1989	70	0.03650	0.03585	0.5	56485	2025	55472	719729	12.74
1980-1989	71	0.03725	0.03657	0.5	54460	1992	53464	664257	12.20
1980-1989	72	0.04051	0.03970	0.5	52468	2083	51427	610792	11.64
1980-1989	73	0.04625	0.04521	0.5	50385	2278	49246	559366	11.10
1980-1989	74	0.04389	0.04295	0.5	48107	2066	47074	510120	10.60
1980-1989	75	0.05325	0.05187	0.5	46041	2388	44847	463045	10.06
1980-1989	76	0.05458	0.05313	0.5	43653	2319	42494	418198	9.58
1980-1989	77	0.05786	0.05623	0.5	41334	2324	40172	375705	9.09
1980-1989	78	0.05997	0.05823	0.5	39010	2271	37874	335533	8.60
1980-1989	79	0.06021	0.05845	0.5	36738	2147	35665	297658	8.10
1980-1989	80	0.08366	0.08030	0.5	34591	2778	33202	261994	7.57
1980-1989	81	0.09040	0.08649	0.5	31813	2752	30438	228791	7.19
1980-1989	82	0.09765	0.09310	0.5	29062	2706	27709	198354	6.83
1980-1989	83	0.10542	0.10014	0.5	26356	2639	25036	170645	6.47
1980-1989	84	0.11376	0.10764	0.5	23717	2553	22440	145608	6.14
1980-1989	85	0.12269	0.11559	0.5	21164	2446	19941	123168	5.82
1980-1989	86	0.13223	0.12403	0.5	18717	2322	17557	103227	5.52
1980-1989	87	0.14242	0.13295	0.5	16396	2180	15306	85670	5.23
1980-1989	88	0.15328	0.14237	0.5	14216	2024	13204	70364	4.95
1980-1989	89	0.16484	0.15229	0.5	12192	1857	11264	57160	4.69
1980-1989	90	0.17711	0.16271	0.5	10335	1682	9495	45896	4.44
1980-1989	91	0.19013	0.17362	0.5	8654	1503	7903	36402	4.21
1980-1989	92	0.20389	0.18503	0.5	7151	1323	6490	28499	3.99
1980-1989	93	0.21842	0.19692	0.5	5828	1148	5254	22009	3.78
1980-1989	94	0.23372	0.20927	0.5	4680	979	4191	16755	3.58
1980-1989	95	0.24979	0.22205	0.5	3701	822	3290	12564	3.39
1980-1989	96	0.26661	0.23525	0.5	2879	677	2541	9274	3.22
1980-1989	97	0.28418	0.24882	0.5	2202	548	1928	6734	3.06
1980-1989	98	0.30247	0.26274	0.5	1654	435	1437	4806	2.91
1980-1989	99	0.32146	0.27694	0.5	1219	338	1051	3369	2.76
1980-1989	100	0.34109	0.29140	0.5	882	257	753	2319	2.63
1980-1989	101	0.36134	0.30604	0.5	625	191	529	1565	2.51
1980-1989	102	0.38213	0.32083	0.5	434	139	364	1036	2.39
1980-1989	103	0.40340	0.33569	0.5	294	99	245	672	2.28
1980-1989	104	0.42509	0.35058	0.5	196	69	161	427	2.18
1980-1989	105	0.44712	0.36542	0.5	127	46	104	266	2.09
1980-1989	106	0.46939	0.38017	0.5	81	31	65	162	2.01
1980-1989	107	0.49183	0.39475	0.5	50	20	40	97	1.93
1980-1989	108	0.51434	0.40912	0.5	30	12	24	57	1.87
1980-1989	109	0.53682	0.42323	0.5	18	8	14	33	1.82
1980-1989	110+	0.55920	1.00000	1.79	10	10	18	18	1.79
1990-1999	0	0.02231	0.02188	0.11	100000	2188	98052	6872635	68.73
1990-1999	1	0.00142	0.00141	0.5	97812	138	97743	6774583	69.26
1990-1999	2	0.00084	0.00084	0.5	97674	82	97633	6676840	68.36
1990-1999	3	0.00060	0.00060	0.5	97591	59	97562	6579207	67.42
1990-1999	4	0.00047	0.00047	0.5	97532	46	97510	6481645	66.46
1990-1999	5	0.00038	0.00038	0.5	97487	37	97468	6384136	65.49
1990-1999	6	0.00034	0.00034	0.5	97450	33	97433	6286668	64.51
1990-1999	7	0.00031	0.00031	0.5	97417	30	97402	6189234	63.53
1990-1999	8	0.00021	0.00021	0.5	97387	20	97377	6091832	62.55
1990-1999	9	0.00019	0.00019	0.5	97367	18	97358	5994455	61.57
1990-1999	10	0.00025	0.00025	0.5	97349	25	97337	5897097	60.58
1990-1999	11	0.00026	0.00026	0.5	97324	25	97312	5799760	59.59
1990-1999	12	0.00023	0.00023	0.5	97299	22	97288	5702449	58.61
1990-1999	13	0.00051	0.00051	0.5	97277	50	97252	5605161	57.62
1990-1999	14	0.00078	0.00078	0.5	97227	76	97189	5507909	56.65
1990-1999	15	0.00110	0.00109	0.5	97151	106	97098	5410721	55.69
1990-1999	16	0.00213	0.00213	0.5	97044	207	96941	5313623	54.75
1990-1999	17	0.00304	0.00303	0.5	96838	294	96691	5216682	53.87
1990-1999	18	0.00348	0.00347	0.5	96544	335	96377	5119991	53.03
1990-1999	19	0.00273	0.00272	0.5	96209	262	96078	5023615	52.22
1990-1999	20	0.00244	0.00244	0.5	95947	234	95830	4927537	51.36
1990-1999	21	0.00229	0.00228	0.5	95713	219	95604	4831707	50.48
1990-1999	22	0.00245	0.00245	0.5	95494	234	95377	4736103	49.60
1990-1999	23	0.00225	0.00225	0.5	95260	214	95153	4640726	48.72
1990-1999	24	0.00195	0.00195	0.5	95046	185	94953	4545573	47.82
1990-1999	25	0.00211	0.00210	0.5	94861	200	94761	4450620	46.92
1990-1999	26	0.00204	0.00204	0.5	94661	193	94565	4355859	46.02
1990-1999	27	0.00217	0.00217	0.5	94468	205	94366	4261294	45.11
1990-1999	28	0.00229	0.00229	0.5	94263	216	94155	4166929	44.21
1990-1999	29	0.00296	0.00296	0.5	94048	278	93908	4072773	43.31
1990-1999	30	0.00301	0.00301	0.5	93769	282	93628	3978865	42.43
1990-1999	31	0.00351	0.00350	0.5	93487	327	93323	3885237	41.56
1990-1999	32	0.00355	0.00354	0.5	93160	330	92995	3791914	40.70
1990-1999	33	0.00422	0.00421	0.5	92829	391	92634	3698919	39.85
1990-1999	34	0.00462	0.00461	0.5	92439	426	92226	3606285	39.01
1990-1999	35	0.00504	0.00503	0.5	92013	463	91782	3514059	38.19
1990-1999	36	0.00561	0.00559	0.5	91550	512	91294	3422277	37.38
1990-1999	37	0.00584	0.00582	0.5	91038	530	90773	3330983	36.59
1990-1999	38	0.00604	0.00602	0.5	90508	545	90235	3240210	35.80
1990-1999	39	0.00623	0.00621	0.5	89963	559	89683	3149975	35.01
1990-1999	40	0.00680	0.00678	0.5	89404	606	89101	3060292	34.23
1990-1999	41	0.00735	0.00732	0.5	88798	650	88473	2971191	33.46
1990-1999	42	0.00768	0.00765	0.5	88148	674	87811	2882718	32.70
1990-1999	43	0.00750	0.00747	0.5	87474	654	87147	2794907	31.95
1990-1999	44	0.00743	0.00740	0.5	86820	643	86499	2707760	31.19
1990-1999	45	0.00812	0.00809	0.5	86177	697	85829	2621262	30.42
1990-1999	46	0.00859	0.00855	0.5	85480	731	85115	2535433	29.66
1990-1999	47	0.00890	0.00886	0.5	84749	751	84374	2450318	28.91
1990-1999	48	0.00949	0.00944	0.5	83998	793	83602	2365944	28.17
1990-1999	49	0.00900	0.00896	0.5	83205	745	82832	2282342	27.43
1990-1999	50	0.00893	0.00889	0.5	82460	733	82093	2199510	26.67
1990-1999	51	0.01068	0.01062	0.5	81726	868	81292	2117417	25.91
1990-1999	52	0.01098	0.01092	0.5	80858	883	80417	2036125	25.18
1990-1999	53	0.01152	0.01146	0.5	79975	916	79517	1955708	24.45
1990-1999	54	0.01217	0.01210	0.5	79059	956	78581	1876191	23.73
1990-1999	55	0.01184	0.01177	0.5	78103	919	77643	1797610	23.02
1990-1999	56	0.01281	0.01273	0.5	77183	982	76692	1719967	22.28
1990-1999	57	0.01516	0.01505	0.5	76201	1147	75627	1643275	21.57
1990-1999	58	0.01594	0.01582	0.5	75054	1187	74460	1567647	20.89
1990-1999	59	0.01579	0.01567	0.5	73867	1157	73288	1493187	20.21
1990-1999	60	0.01845	0.01828	0.5	72710	1329	72045	1419898	19.53
1990-1999	61	0.02020	0.01999	0.5	71381	1427	70667	1347853	18.88
1990-1999	62	0.02193	0.02170	0.5	69953	1518	69195	1277186	18.26
1990-1999	63	0.02180	0.02156	0.5	68436	1476	67698	1207992	17.65
1990-1999	64	0.02350	0.02322	0.5	66960	1555	66182	1140294	17.03
1990-1999	65	0.02429	0.02400	0.5	65405	1570	64620	1074111	16.42
1990-1999	66	0.02584	0.02551	0.5	63835	1629	63021	1009491	15.81
1990-1999	67	0.02538	0.02506	0.5	62207	1559	61427	946470	15.21
1990-1999	68	0.03033	0.02988	0.5	60648	1812	59742	885043	14.59
1990-1999	69	0.03122	0.03074	0.5	58836	1809	57932	825301	14.03
1990-1999	70	0.03189	0.03139	0.5	57027	1790	56132	767370	13.46
1990-1999	71	0.03324	0.03270	0.5	55237	1806	54334	711237	12.88
1990-1999	72	0.03788	0.03717	0.5	53431	1986	52438	656903	12.29
1990-1999	73	0.04055	0.03974	0.5	51445	2045	50423	604465	11.75
1990-1999	74	0.04185	0.04099	0.5	49401	2025	48388	554042	11.22
1990-1999	75	0.04376	0.04282	0.5	47376	2029	46361	505653	10.67
1990-1999	76	0.05078	0.04953	0.5	45347	2246	44224	459292	10.13
1990-1999	77	0.04879	0.04763	0.5	43101	2053	42075	415068	9.63
1990-1999	78	0.05638	0.05484	0.5	41048	2251	39923	372993	9.09
1990-1999	79	0.05478	0.05332	0.5	38798	2069	37763	333070	8.58
1990-1999	80	0.07356	0.07095	0.5	36729	2606	35426	295307	8.04
1990-1999	81	0.08011	0.07702	0.5	34123	2628	32809	259881	7.62
1990-1999	82	0.08718	0.08354	0.5	31495	2631	30179	227073	7.21
1990-1999	83	0.09483	0.09053	0.5	28863	2613	27557	196894	6.82
1990-1999	84	0.10307	0.09802	0.5	26250	2573	24964	169337	6.45
1990-1999	85	0.11196	0.10602	0.5	23677	2510	22422	144373	6.10
1990-1999	86	0.12151	0.11455	0.5	21167	2425	19955	121951	5.76
1990-1999	87	0.13177	0.12363	0.5	18742	2317	17584	101996	5.44
1990-1999	88	0.14277	0.13326	0.5	16425	2189	15331	84412	5.14
1990-1999	89	0.15454	0.14346	0.5	14236	2042	13215	69082	4.85
1990-1999	90	0.16711	0.15423	0.5	12194	1881	11254	55866	4.58
1990-1999	91	0.18050	0.16556	0.5	10313	1707	9460	44613	4.33
1990-1999	92	0.19473	0.17745	0.5	8606	1527	7842	35153	4.08
1990-1999	93	0.20982	0.18989	0.5	7079	1344	6407	27311	3.86
1990-1999	94	0.22577	0.20287	0.5	5735	1163	5153	20904	3.65
1990-1999	95	0.24258	0.21634	0.5	4571	989	4077	15751	3.45
1990-1999	96	0.26025	0.23028	0.5	3582	825	3170	11674	3.26
1990-1999	97	0.27876	0.24466	0.5	2757	675	2420	8504	3.08
1990-1999	98	0.29809	0.25943	0.5	2083	540	1813	6084	2.92
1990-1999	99	0.31820	0.27452	0.5	1542	423	1331	4272	2.77
1990-1999	100	0.33904	0.28990	0.5	1119	324	957	2941	2.63
1990-1999	101	0.36056	0.30549	0.5	795	243	673	1984	2.50
1990-1999	102	0.38269	0.32123	0.5	552	177	463	1311	2.38
1990-1999	103	0.40535	0.33704	0.5	375	126	311	848	2.26
1990-1999	104	0.42845	0.35286	0.5	248	88	205	536	2.16
1990-1999	105	0.45191	0.36862	0.5	161	59	131	332	2.07
1990-1999	106	0.47562	0.38424	0.5	101	39	82	201	1.98
1990-1999	107	0.49947	0.39966	0.5	62	25	50	119	1.90
1990-1999	108	0.52335	0.41481	0.5	38	16	30	69	1.84
1990-1999	109	0.54716	0.42963	0.5	22	9	17	39	1.78
1990-1999	110+	0.57079	1.00000	1.75	13	13	22	22	1.75
2000-2009	0	0.01300	0.01285	0.08	100000	1285	98824	7364542	73.65
2000-2009	1	0.00065	0.00065	0.5	98715	64	98683	7265718	73.60
2000-2009	2	0.00036	0.00036	0.5	98651	35	98634	7167035	72.65
2000-2009	3	0.00025	0.00025	0.5	98616	25	98604	7068401	71.68
2000-2009	4	0.00035	0.00035	0.5	98591	34	98574	6969798	70.69
2000-2009	5	0.00031	0.00031	0.5	98557	31	98542	6871224	69.72
2000-2009	6	0.00022	0.00022	0.5	98526	21	98516	6772682	68.74
2000-2009	7	0.00019	0.00019	0.5	98505	19	98496	6674166	67.75
2000-2009	8	0.00032	0.00032	0.5	98486	31	98471	6575670	66.77
2000-2009	9	0.00023	0.00023	0.5	98455	23	98444	6477199	65.79
2000-2009	10	0.00018	0.00018	0.5	98433	18	98424	6378756	64.80
2000-2009	11	0.00030	0.00030	0.5	98415	30	98400	6280332	63.81
2000-2009	12	0.00023	0.00023	0.5	98385	23	98373	6181932	62.83
2000-2009	13	0.00025	0.00025	0.5	98362	24	98350	6083558	61.85
2000-2009	14	0.00048	0.00048	0.5	98338	47	98314	5985209	60.86
2000-2009	15	0.00079	0.00079	0.5	98290	78	98252	5886895	59.89
2000-2009	16	0.00082	0.00082	0.5	98213	80	98173	5788643	58.94
2000-2009	17	0.00141	0.00141	0.5	98133	138	98063	5690470	57.99
2000-2009	18	0.00123	0.00123	0.5	97994	120	97934	5592407	57.07
2000-2009	19	0.00105	0.00105	0.5	97874	103	97823	5494473	56.14
2000-2009	20	0.00126	0.00126	0.5	97771	123	97710	5396650	55.20
2000-2009	21	0.00134	0.00133	0.5	97648	130	97583	5298940	54.27
2000-2009	22	0.00150	0.00150	0.5	97517	146	97445	5201358	53.34
2000-2009	23	0.00127	0.00127	0.5	97372	123	97310	5103913	52.42
2000-2009	24	0.00127	0.00127	0.5	97248	124	97186	5006603	51.48
2000-2009	25	0.00127	0.00127	0.5	97125	123	97063	4909417	50.55
2000-2009	26	0.00120	0.00120	0.5	97001	117	96943	4812354	49.61
2000-2009	27	0.00122	0.00122	0.5	96884	118	96825	4715411	48.67
2000-2009	28	0.00139	0.00139	0.5	96766	135	96699	4618586	47.73
2000-2009	29	0.00147	0.00146	0.5	96632	142	96561	4521887	46.80
2000-2009	30	0.00140	0.00140	0.5	96490	135	96422	4425326	45.86
2000-2009	31	0.00151	0.00151	0.5	96355	146	96282	4328904	44.93
2000-2009	32	0.00147	0.00147	0.5	96209	141	96138	4232622	43.99
2000-2009	33	0.00193	0.00193	0.5	96068	185	95975	4136483	43.06
2000-2009	34	0.00213	0.00213	0.5	95882	204	95781	4040508	42.14
2000-2009	35	0.00214	0.00213	0.5	95679	204	95577	3944728	41.23
2000-2009	36	0.00239	0.00239	0.5	95475	228	95360	3849151	40.32
2000-2009	37	0.00282	0.00282	0.5	95246	268	95112	3753791	39.41
2000-2009	38	0.00292	0.00291	0.5	94978	277	94840	3658679	38.52
2000-2009	39	0.00369	0.00368	0.5	94701	348	94527	3563839	37.63
2000-2009	40	0.00428	0.00428	0.5	94353	403	94151	3469312	36.77
2000-2009	41	0.00405	0.00404	0.5	93949	379	93760	3375161	35.93
2000-2009	42	0.00481	0.00480	0.5	93570	449	93345	3281401	35.07
2000-2009	43	0.00563	0.00562	0.5	93121	523	92859	3188056	34.24
2000-2009	44	0.00567	0.00565	0.5	92597	523	92336	3095197	33.43
2000-2009	45	0.00634	0.00632	0.5	92074	582	91783	3002861	32.61
2000-2009	46	0.00654	0.00652	0.5	91492	597	91194	2911078	31.82
2000-2009	47	0.00677	0.00675	0.5	90896	613	90589	2819884	31.02
2000-2009	48	0.00752	0.00750	0.5	90282	677	89944	2729295	30.23
2000-2009	49	0.00783	0.00780	0.5	89605	699	89256	2639351	29.46
2000-2009	50	0.00886	0.00882	0.5	88907	784	88514	2550095	28.68
2000-2009	51	0.00926	0.00921	0.5	88122	812	87716	2461581	27.93
2000-2009	52	0.01000	0.00995	0.5	87310	869	86876	2373864	27.19
2000-2009	53	0.00943	0.00938	0.5	86441	811	86036	2286989	26.46
2000-2009	54	0.01030	0.01025	0.5	85630	877	85191	2200953	25.70
2000-2009	55	0.01038	0.01033	0.5	84753	875	84315	2115762	24.96
2000-2009	56	0.01053	0.01047	0.5	83878	878	83438	2031447	24.22
2000-2009	57	0.01133	0.01127	0.5	82999	935	82532	1948008	23.47
2000-2009	58	0.01286	0.01278	0.5	82064	1049	81540	1865477	22.73
2000-2009	59	0.01289	0.01281	0.5	81016	1038	80497	1783937	22.02
2000-2009	60	0.01314	0.01306	0.5	79978	1044	79456	1703440	21.30
2000-2009	61	0.01366	0.01357	0.5	78934	1071	78398	1623984	20.57
2000-2009	62	0.01454	0.01444	0.5	77863	1124	77301	1545585	19.85
2000-2009	63	0.01536	0.01525	0.5	76739	1170	76154	1468284	19.13
2000-2009	64	0.01809	0.01793	0.5	75569	1355	74891	1392131	18.42
2000-2009	65	0.01852	0.01835	0.5	74214	1362	73533	1317239	17.75
2000-2009	66	0.02073	0.02052	0.5	72852	1495	72105	1243706	17.07
2000-2009	67	0.02101	0.02079	0.5	71357	1484	70615	1171602	16.42
2000-2009	68	0.02265	0.02240	0.5	69873	1565	69091	1100987	15.76
2000-2009	69	0.02556	0.02524	0.5	68308	1724	67446	1031896	15.11
2000-2009	70	0.02623	0.02589	0.5	66584	1724	65722	964449	14.48
2000-2009	71	0.03075	0.03028	0.5	64860	1964	63878	898727	13.86
2000-2009	72	0.03153	0.03104	0.5	62896	1952	61920	834849	13.27
2000-2009	73	0.03160	0.03110	0.5	60944	1896	59996	772929	12.68
2000-2009	74	0.03415	0.03358	0.5	59048	1983	58057	712933	12.07
2000-2009	75	0.03876	0.03802	0.5	57066	2170	55981	654876	11.48
2000-2009	76	0.04256	0.04168	0.5	54896	2288	53752	598896	10.91
2000-2009	77	0.04345	0.04252	0.5	52608	2237	51489	545144	10.36
2000-2009	78	0.04806	0.04693	0.5	50371	2364	49189	493655	9.80
2000-2009	79	0.05002	0.04880	0.5	48007	2342	46835	444466	9.26
2000-2009	80	0.05928	0.05758	0.5	45664	2629	44349	397631	8.71
2000-2009	81	0.06558	0.06350	0.5	43035	2733	41668	353281	8.21
2000-2009	82	0.07250	0.06996	0.5	40302	2820	38892	311613	7.73
2000-2009	83	0.08009	0.07700	0.5	37482	2886	36039	272720	7.28
2000-2009	84	0.08840	0.08466	0.5	34596	2929	33132	236681	6.84
2000-2009	85	0.09748	0.09295	0.5	31667	2944	30196	203549	6.43
2000-2009	86	0.10740	0.10193	0.5	28724	2928	27260	173354	6.04
2000-2009	87	0.11820	0.11160	0.5	25796	2879	24357	146094	5.66
2000-2009	88	0.12994	0.12201	0.5	22917	2796	21519	121737	5.31
2000-2009	89	0.14266	0.13316	0.5	20121	2679	18781	100218	4.98
2000-2009	90	0.15641	0.14507	0.5	17442	2530	16177	81437	4.67
2000-2009	91	0.17124	0.15773	0.5	14912	2352	13735	65260	4.38
2000-2009	92	0.18717	0.17116	0.5	12559	2150	11485	51525	4.10
2000-2009	93	0.20424	0.18532	0.5	10410	1929	9445	40040	3.85
2000-2009	94	0.22246	0.20019	0.5	8481	1698	7632	30595	3.61
2000-2009	95	0.24182	0.21574	0.5	6783	1463	6051	22963	3.39
2000-2009	96	0.26232	0.23191	0.5	5320	1234	4703	16911	3.18
2000-2009	97	0.28394	0.24864	0.5	4086	1016	3578	12209	2.99
2000-2009	98	0.30662	0.26586	0.5	3070	816	2662	8631	2.81
2000-2009	99	0.33030	0.28348	0.5	2254	639	1934	5969	2.65
2000-2009	100	0.35490	0.30141	0.5	1615	487	1372	4034	2.50
2000-2009	101	0.38032	0.31955	0.5	1128	361	948	2663	2.36
2000-2009	102	0.40645	0.33780	0.5	768	259	638	1715	2.23
2000-2009	103	0.43315	0.35604	0.5	508	181	418	1077	2.12
2000-2009	104	0.46027	0.37416	0.5	327	122	266	659	2.01
2000-2009	105	0.48766	0.39206	0.5	205	80	165	393	1.92
2000-2009	106	0.51516	0.40964	0.5	125	51	99	228	1.83
2000-2009	107	0.54260	0.42681	0.5	74	31	58	129	1.76
2000-2009	108	0.56981	0.44346	0.5	42	19	33	71	1.69
2000-2009	109	0.59663	0.45954	0.5	23	11	18	38	1.64
2000-2009	110+	0.62292	1.00000	1.61	13	13	20	20	1.61
2010-2017	0	0.00776	0.00771	0.07	100000	771	99283	7806774	78.07
2010-2017	1	0.00046	0.00046	0.5	99229	46	99206	7707490	77.67
2010-2017	2	0.00019	0.00019	0.5	99183	18	99174	7608284	76.71
2010-2017	3	0.00026	0.00026	0.5	99165	26	99152	7509110	75.72
2010-2017	4	0.00012	0.00012	0.5	99139	12	99133	7409959	74.74
2010-2017	5	0.00016	0.00016	0.5	99127	16	99118	7310826	73.75
2010-2017	6	0.00012	0.00012	0.5	99110	12	99105	7211707	72.76
2010-2017	7	0.00010	0.00010	0.5	99099	10	99094	7112603	71.77
2010-2017	8	0.00013	0.00013	0.5	99088	13	99082	7013509	70.78
2010-2017	9	0.00014	0.00014	0.5	99076	13	99069	6914427	69.79
2010-2017	10	0.00007	0.00007	0.5	99062	7	99059	6815358	68.80
2010-2017	11	0.00017	0.00017	0.5	99055	16	99047	6716300	67.80
2010-2017	12	0.00002	0.00002	0.5	99039	2	99038	6617253	66.81
2010-2017	13	0.00017	0.00017	0.5	99036	17	99028	6518215	65.82
2010-2017	14	0.00015	0.00015	0.5	99019	15	99012	6419187	64.83
2010-2017	15	0.00034	0.00034	0.5	99005	34	98988	6320175	63.84
2010-2017	16	0.00069	0.00069	0.5	98971	68	98937	6221187	62.86
2010-2017	17	0.00086	0.00086	0.5	98903	85	98861	6122250	61.90
2010-2017	18	0.00058	0.00058	0.5	98818	57	98790	6023389	60.95
2010-2017	19	0.00051	0.00051	0.5	98761	51	98736	5924600	59.99
2010-2017	20	0.00061	0.00061	0.5	98710	60	98680	5825864	59.02
2010-2017	21	0.00085	0.00085	0.5	98650	83	98609	5727184	58.06
2010-2017	22	0.00112	0.00112	0.5	98567	110	98512	5628575	57.10
2010-2017	23	0.00098	0.00098	0.5	98457	96	98408	5530064	56.17
2010-2017	24	0.00071	0.00071	0.5	98360	70	98325	5431655	55.22
2010-2017	25	0.00068	0.00068	0.5	98290	67	98257	5333330	54.26
2010-2017	26	0.00068	0.00068	0.5	98224	67	98190	5235072	53.30
2010-2017	27	0.00071	0.00071	0.5	98157	70	98122	5136882	52.33
2010-2017	28	0.00080	0.00080	0.5	98087	78	98048	5038760	51.37
2010-2017	29	0.00074	0.00074	0.5	98009	72	97973	4940712	50.41
2010-2017	30	0.00072	0.00072	0.5	97937	70	97901	4842740	49.45
2010-2017	31	0.00090	0.00090	0.5	97866	88	97822	4744838	48.48
2010-2017	32	0.00090	0.00090	0.5	97778	88	97735	4647016	47.53
2010-2017	33	0.00093	0.00093	0.5	97691	91	97645	4549281	46.57
2010-2017	34	0.00105	0.00105	0.5	97600	102	97549	4451636	45.61
2010-2017	35	0.00135	0.00135	0.5	97498	132	97432	4354087	44.66
2010-2017	36	0.00154	0.00154	0.5	97366	150	97291	4256655	43.72
2010-2017	37	0.00163	0.00163	0.5	97216	158	97137	4159363	42.78
2010-2017	38	0.00149	0.00149	0.5	97058	145	96986	4062226	41.85
2010-2017	39	0.00179	0.00178	0.5	96913	173	96827	3965240	40.92
2010-2017	40	0.00191	0.00191	0.5	96740	185	96648	3868413	39.99
2010-2017	41	0.00207	0.00206	0.5	96555	199	96456	3771766	39.06
2010-2017	42	0.00216	0.00215	0.5	96356	208	96252	3675310	38.14
2010-2017	43	0.00237	0.00237	0.5	96149	228	96035	3579058	37.22
2010-2017	44	0.00262	0.00261	0.5	95921	251	95795	3483023	36.31
2010-2017	45	0.00317	0.00316	0.5	95670	303	95519	3387227	35.41
2010-2017	46	0.00400	0.00399	0.5	95367	380	95177	3291709	34.52
2010-2017	47	0.00387	0.00386	0.5	94987	367	94803	3196532	33.65
2010-2017	48	0.00476	0.00475	0.5	94620	450	94395	3101728	32.78
2010-2017	49	0.00537	0.00536	0.5	94170	504	93918	3007333	31.94
2010-2017	50	0.00583	0.00581	0.5	93666	545	93394	2913415	31.10
2010-2017	51	0.00663	0.00661	0.5	93121	616	92814	2820021	30.28
2010-2017	52	0.00691	0.00689	0.5	92506	637	92187	2727208	29.48
2010-2017	53	0.00817	0.00813	0.5	91868	747	91495	2635021	28.68
2010-2017	54	0.00884	0.00880	0.5	91121	802	90720	2543526	27.91
2010-2017	55	0.00973	0.00968	0.5	90319	875	89881	2452806	27.16
2010-2017	56	0.00969	0.00964	0.5	89444	863	89013	2362925	26.42
2010-2017	57	0.01102	0.01096	0.5	88581	971	88096	2273912	25.67
2010-2017	58	0.01163	0.01156	0.5	87611	1013	87104	2185816	24.95
2010-2017	59	0.01180	0.01173	0.5	86598	1015	86090	2098712	24.24
2010-2017	60	0.01226	0.01219	0.5	85582	1043	85061	2012622	23.52
2010-2017	61	0.01267	0.01259	0.5	84539	1064	84007	1927561	22.80
2010-2017	62	0.01400	0.01390	0.5	83475	1160	82895	1843554	22.09
2010-2017	63	0.01455	0.01444	0.5	82315	1189	81721	1760659	21.39
2010-2017	64	0.01512	0.01500	0.5	81126	1217	80517	1678938	20.70
2010-2017	65	0.01574	0.01562	0.5	79909	1248	79285	1598421	20.00
2010-2017	66	0.01694	0.01680	0.5	78661	1322	78000	1519136	19.31
2010-2017	67	0.01806	0.01790	0.5	77339	1384	76647	1441135	18.63
2010-2017	68	0.01751	0.01736	0.5	75955	1319	75296	1364488	17.96
2010-2017	69	0.01858	0.01841	0.5	74637	1374	73950	1289192	17.27
2010-2017	70	0.02142	0.02120	0.5	73263	1553	72486	1215242	16.59
2010-2017	71	0.02129	0.02107	0.5	71710	1511	70955	1142756	15.94
2010-2017	72	0.02425	0.02396	0.5	70199	1682	69358	1071801	15.27
2010-2017	73	0.02488	0.02458	0.5	68517	1684	67675	1002443	14.63
2010-2017	74	0.02700	0.02664	0.5	66833	1780	65943	934768	13.99
2010-2017	75	0.02970	0.02927	0.5	65053	1904	64101	868825	13.36
2010-2017	76	0.03186	0.03136	0.5	63149	1980	62159	804724	12.74
2010-2017	77	0.03777	0.03707	0.5	61169	2268	60035	742565	12.14
2010-2017	78	0.03789	0.03719	0.5	58901	2190	57806	682530	11.59
2010-2017	79	0.03876	0.03802	0.5	56711	2156	55633	624724	11.02
2010-2017	80	0.04270	0.04181	0.5	54555	2281	53414	569091	10.43
2010-2017	81	0.04735	0.04626	0.5	52274	2418	51065	515677	9.86
2010-2017	82	0.05248	0.05114	0.5	49856	2550	48581	464613	9.32
2010-2017	83	0.05814	0.05649	0.5	47306	2672	45970	416032	8.79
2010-2017	84	0.06435	0.06235	0.5	44633	2783	43242	370062	8.29
2010-2017	85	0.07119	0.06874	0.5	41851	2877	40412	326820	7.81
2010-2017	86	0.07869	0.07571	0.5	38974	2951	37498	286408	7.35
2010-2017	87	0.08690	0.08328	0.5	36023	3000	34523	248910	6.91
2010-2017	88	0.09589	0.09150	0.5	33023	3022	31512	214387	6.49
2010-2017	89	0.10570	0.10039	0.5	30001	3012	28495	182875	6.10
2010-2017	90	0.11638	0.10998	0.5	26989	2968	25505	154379	5.72
2010-2017	91	0.12800	0.12030	0.5	24021	2890	22576	128874	5.37
2010-2017	92	0.14059	0.13136	0.5	21131	2776	19743	106298	5.03
2010-2017	93	0.15422	0.14318	0.5	18355	2628	17041	86555	4.72
2010-2017	94	0.16890	0.15575	0.5	15727	2450	14503	69513	4.42
2010-2017	95	0.18469	0.16908	0.5	13278	2245	12155	55011	4.14
2010-2017	96	0.20160	0.18314	0.5	11033	2021	10023	42855	3.88
2010-2017	97	0.21966	0.19792	0.5	9012	1784	8120	32833	3.64
2010-2017	98	0.23886	0.21338	0.5	7229	1542	6457	24712	3.42
2010-2017	99	0.25920	0.22946	0.5	5686	1305	5034	18255	3.21
2010-2017	100	0.28065	0.24611	0.5	4381	1078	3842	13221	3.02
2010-2017	101	0.30316	0.26325	0.5	3303	870	2868	9379	2.84
2010-2017	102	0.32667	0.28081	0.5	2434	683	2092	6511	2.68
2010-2017	103	0.35111	0.29868	0.5	1750	523	1489	4419	2.52
2010-2017	104	0.37637	0.31676	0.5	1227	389	1033	2930	2.39
2010-2017	105	0.40235	0.33496	0.5	839	281	698	1897	2.26
2010-2017	106	0.42891	0.35317	0.5	558	197	459	1199	2.15
2010-2017	107	0.45591	0.37128	0.5	361	134	294	740	2.05
2010-2017	108	0.48319	0.38917	0.5	227	88	183	446	1.97
2010-2017	109	0.51060	0.40675	0.5	139	56	110	263	1.90
2010-2017	110+	0.53796	1.00000	1.86	82	82	153	153	1.86
