DC: Washington DC, Lifetables (period 5x1), Males Last modified: 3 Dec 2019, MPv5 (May07) 

Year	Age	mx	qx	ax	lx	dx	Lx	Tx	ex
1959	0	0.04850	0.04664	0.18	100000	4664	96153	6237594	62.38
1959	1-4	0.00147	0.00585	1.72	95336	558	380075	6141440	64.42
1959	5-9	0.00054	0.00271	1.97	94778	257	473114	5761366	60.79
1959	10-14	0.00064	0.00319	2.36	94521	302	471812	5288252	55.95
1959	15-19	0.00094	0.00471	3.16	94220	443	470283	4816440	51.12
1959	20-24	0.00122	0.00609	2.49	93776	571	467450	4346157	46.35
1959	25-29	0.00193	0.00962	2.84	93205	897	464090	3878708	41.61
1959	30-34	0.00303	0.01507	2.74	92308	1391	458401	3414617	36.99
1959	35-39	0.00560	0.02766	2.74	90918	2515	448905	2956216	32.52
1959	40-44	0.00832	0.04080	2.63	88403	3606	433472	2507312	28.36
1959	45-49	0.01285	0.06237	2.65	84796	5288	411552	2073840	24.46
1959	50-54	0.01783	0.08541	2.56	79508	6791	380947	1662289	20.91
1959	55-59	0.02545	0.12009	2.66	72717	8733	343165	1281342	17.62
1959	60-64	0.03489	0.16150	2.7	63984	10334	296174	938177	14.66
1959	65-69	0.04878	0.21739	2.5	53651	11663	239073	642003	11.97
1959	70-74	0.06271	0.27034	2.45	41988	11351	180999	402929	9.60
1959	75-79	0.10579	0.42006	2.55	30637	12869	121654	221930	7.24
1959	80-84	0.14989	0.53470	2.32	17768	9500	63383	100276	5.64
1959	85-89	0.20122	0.64431	2.21	8267	5327	26471	36893	4.46
1959	90-94	0.26435	0.74538	2.07	2941	2192	8291	10422	3.54
1959	95-99	0.33860	0.82898	1.92	749	621	1833	2131	2.85
1959	100-104	0.42161	0.89097	1.76	128	114	271	298	2.33
1959	105-109	0.50938	0.93260	1.6	14	13	26	27	1.95
1959	110+	0.58073	1.00000	1.72	1	1	2	2	1.72
1960	0	0.04444	0.04285	0.16	100000	4285	96419	6256173	62.56
1960	1-4	0.00138	0.00551	1.3	95715	528	381434	6159754	64.36
1960	5-9	0.00100	0.00499	2.47	95187	475	474733	5778320	60.70
1960	10-14	0.00085	0.00426	2.89	94712	403	472708	5303587	56.00
1960	15-19	0.00117	0.00582	2.59	94309	549	470221	4830880	51.22
1960	20-24	0.00156	0.00779	2.16	93760	730	466724	4360659	46.51
1960	25-29	0.00193	0.00959	2.49	93030	892	462912	3893934	41.86
1960	30-34	0.00255	0.01265	2.76	92138	1166	458082	3431022	37.24
1960	35-39	0.00482	0.02383	2.67	90972	2168	449811	2972940	32.68
1960	40-44	0.00840	0.04117	2.58	88804	3656	435159	2523129	28.41
1960	45-49	0.01311	0.06370	2.79	85148	5424	413782	2087970	24.52
1960	50-54	0.01808	0.08650	2.49	79725	6896	381348	1674187	21.00
1960	55-59	0.02701	0.12701	2.66	72829	9250	342511	1292839	17.75
1960	60-64	0.03320	0.15427	2.71	63578	9808	295431	950329	14.95
1960	65-69	0.04778	0.21405	2.57	53770	11509	240901	654897	12.18
1960	70-74	0.06614	0.28178	2.38	42261	11908	180048	413996	9.80
1960	75-79	0.09525	0.38402	2.48	30353	11656	122366	233948	7.71
1960	80-84	0.13673	0.50255	2.36	18697	9396	68720	111582	5.97
1960	85-89	0.19126	0.62626	2.24	9301	5825	30454	42862	4.61
1960	90-94	0.26052	0.74139	2.09	3476	2577	9892	12408	3.57
1960	95-99	0.34376	0.83492	1.92	899	751	2183	2516	2.80
1960	100-104	0.43769	0.90115	1.74	148	134	306	333	2.24
1960	105-109	0.53648	0.94267	1.56	15	14	26	27	1.85
1960	110+	0.61642	1.00000	1.62	1	1	1	1	1.62
1961	0	0.04189	0.04047	0.16	100000	4047	96591	6288693	62.89
1961	1-4	0.00118	0.00469	1.7	95953	450	382777	6192103	64.53
1961	5-9	0.00036	0.00179	2.12	95503	171	477023	5809326	60.83
1961	10-14	0.00025	0.00126	3.42	95332	120	476471	5332303	55.93
1961	15-19	0.00125	0.00622	2.66	95212	592	474673	4855832	51.00
1961	20-24	0.00148	0.00740	2.61	94620	700	471424	4381159	46.30
1961	25-29	0.00206	0.01026	2.59	93920	964	467281	3909735	41.63
1961	30-34	0.00291	0.01443	2.59	92956	1341	461546	3442454	37.03
1961	35-39	0.00609	0.03001	2.64	91615	2749	451574	2980908	32.54
1961	40-44	0.00721	0.03541	2.57	88865	3147	436673	2529334	28.46
1961	45-49	0.01318	0.06391	2.61	85719	5478	415524	2092661	24.41
1961	50-54	0.01857	0.08890	2.61	80241	7133	384153	1677137	20.90
1961	55-59	0.02734	0.12829	2.6	73107	9379	343010	1292983	17.69
1961	60-64	0.03482	0.16027	2.53	63728	10214	293377	949973	14.91
1961	65-69	0.04964	0.22015	2.43	53514	11781	237350	656596	12.27
1961	70-74	0.06516	0.28031	2.51	41733	11698	179545	419247	10.05
1961	75-79	0.08950	0.36419	2.44	30035	10938	122222	239702	7.98
1961	80-84	0.13681	0.50120	2.33	19096	9571	69958	117480	6.15
1961	85-89	0.17794	0.59704	2.25	9525	5687	31959	47521	4.99
1961	90-94	0.22798	0.68991	2.14	3838	2648	11615	15562	4.05
1961	95-99	0.28697	0.77301	2.02	1190	920	3206	3947	3.32
1961	100-104	0.35406	0.84140	1.88	270	227	642	741	2.74
1961	105-109	0.42737	0.89325	1.74	43	38	90	99	2.31
1961	110+	0.48725	1.00000	2.05	5	5	9	9	2.05
1962	0	0.03988	0.03858	0.15	100000	3858	96729	6297459	62.97
1962	1-4	0.00075	0.00298	1.24	96142	286	383779	6200730	64.50
1962	5-9	0.00051	0.00252	2.65	95856	242	478710	5816951	60.68
1962	10-14	0.00043	0.00215	1.96	95614	206	477445	5338242	55.83
1962	15-19	0.00064	0.00320	2.31	95408	305	476222	4860797	50.95
1962	20-24	0.00159	0.00790	2.69	95103	752	473780	4384574	46.10
1962	25-29	0.00199	0.00991	2.83	94352	935	469730	3910795	41.45
1962	30-34	0.00321	0.01592	2.7	93417	1487	463655	3441064	36.84
1962	35-39	0.00655	0.03232	2.86	91929	2971	453291	2977409	32.39
1962	40-44	0.00822	0.04030	2.6	88958	3585	436179	2524118	28.37
1962	45-49	0.01208	0.05877	2.69	85373	5017	415267	2087940	24.46
1962	50-54	0.02076	0.09899	2.65	80355	7954	383057	1672672	20.82
1962	55-59	0.02538	0.11982	2.67	72401	8675	341801	1289615	17.81
1962	60-64	0.03717	0.17018	2.52	63726	10845	291759	947815	14.87
1962	65-69	0.04803	0.21423	2.48	52881	11329	235874	656056	12.41
1962	70-74	0.06239	0.27139	2.6	41553	11277	180754	420182	10.11
1962	75-79	0.08495	0.34761	2.39	30276	10524	123893	239427	7.91
1962	80-84	0.13929	0.50951	2.37	19751	10064	72249	115535	5.85
1962	85-89	0.19781	0.63948	2.24	9688	6195	31319	43285	4.47
1962	90-94	0.27257	0.75817	2.07	3493	2648	9715	11966	3.43
1962	95-99	0.36237	0.85136	1.89	845	719	1984	2251	2.67
1962	100-104	0.46280	0.91433	1.69	126	115	248	267	2.13
1962	105-109	0.56665	0.95179	1.51	11	10	18	19	1.75
1962	110+	0.64973	1.00000	1.54	1	1	1	1	1.54
1963	0	0.04023	0.03890	0.15	100000	3890	96705	6208758	62.09
1963	1-4	0.00123	0.00490	1.31	96110	471	383175	6112053	63.59
1963	5-9	0.00051	0.00257	2.16	95639	246	477499	5728878	59.90
1963	10-14	0.00049	0.00244	2.36	95393	233	476354	5251380	55.05
1963	15-19	0.00080	0.00400	2.77	95161	381	474956	4775026	50.18
1963	20-24	0.00227	0.01128	2.6	94780	1069	471339	4300070	45.37
1963	25-29	0.00236	0.01175	2.49	93711	1101	465791	3828732	40.86
1963	30-34	0.00402	0.01994	2.94	92610	1847	459246	3362941	36.31
1963	35-39	0.00618	0.03048	2.68	90763	2767	447406	2903695	31.99
1963	40-44	0.00991	0.04850	2.77	87997	4268	430480	2456288	27.91
1963	45-49	0.01259	0.06113	2.62	83729	5118	406471	2025808	24.19
1963	50-54	0.01995	0.09522	2.61	78610	7485	375142	1619337	20.60
1963	55-59	0.02742	0.12831	2.5	71125	9126	332789	1244195	17.49
1963	60-64	0.03660	0.16804	2.57	61999	10418	284664	911406	14.70
1963	65-69	0.04918	0.21765	2.36	51581	11227	228297	626742	12.15
1963	70-74	0.06231	0.26761	2.37	40354	10799	173319	398446	9.87
1963	75-79	0.09056	0.36598	2.38	29555	10817	119443	225127	7.62
1963	80-84	0.14935	0.53362	2.33	18738	9999	66949	105684	5.64
1963	85-89	0.20234	0.64668	2.21	8739	5651	27930	38735	4.43
1963	90-94	0.26785	0.75041	2.07	3088	2317	8650	10805	3.50
1963	95-99	0.34508	0.83517	1.91	771	644	1865	2154	2.80
1963	100-104	0.43133	0.89686	1.74	127	114	264	289	2.28
1963	105-109	0.52207	0.93734	1.58	13	12	24	25	1.90
1963	110+	0.59565	1.00000	1.68	1	1	1	1	1.68
1964	0	0.03764	0.03647	0.15	100000	3647	96886	6188018	61.88
1964	1-4	0.00104	0.00413	1.55	96353	398	384438	6091132	63.22
1964	5-9	0.00057	0.00286	2.66	95955	274	479135	5706694	59.47
1964	10-14	0.00051	0.00255	3.06	95681	244	477932	5227559	54.64
1964	15-19	0.00115	0.00575	3.22	95437	548	476210	4749626	49.77
1964	20-24	0.00207	0.01029	2.27	94889	976	471776	4273417	45.04
1964	25-29	0.00312	0.01549	2.41	93912	1455	465798	3801640	40.48
1964	30-34	0.00401	0.01985	2.62	92457	1835	457921	3335843	36.08
1964	35-39	0.00651	0.03209	2.74	90622	2908	446547	2877922	31.76
1964	40-44	0.00848	0.04159	2.75	87714	3648	430348	2431374	27.72
1964	45-49	0.01422	0.06871	2.56	84066	5776	406263	2001026	23.80
1964	50-54	0.02101	0.10007	2.64	78290	7835	372995	1594763	20.37
1964	55-59	0.02834	0.13262	2.58	70455	9344	329706	1221768	17.34
1964	60-64	0.03539	0.16333	2.65	61111	9981	282050	892062	14.60
1964	65-69	0.04982	0.22147	2.5	51129	11323	227292	610012	11.93
1964	70-74	0.06602	0.28313	2.49	39806	11270	170718	382720	9.61
1964	75-79	0.09313	0.37212	2.3	28536	10619	114019	212003	7.43
1964	80-84	0.16258	0.56231	2.26	17917	10075	61969	97984	5.47
1964	85-89	0.20001	0.63944	2.18	7842	5015	25072	36015	4.59
1964	90-94	0.24344	0.71254	2.09	2828	2015	8276	10943	3.87
1964	95-99	0.29274	0.77818	1.99	813	633	2161	2666	3.28
1964	100-104	0.34737	0.83396	1.88	180	150	433	506	2.80
1964	105-109	0.40628	0.87886	1.77	30	26	65	73	2.43
1964	110+	0.45371	1.00000	2.2	4	4	8	8	2.20
1965	0	0.03694	0.03581	0.14	100000	3581	96935	6191327	61.91
1965	1-4	0.00096	0.00384	1.46	96419	371	384735	6094392	63.21
1965	5-9	0.00052	0.00260	1.97	96048	250	479485	5709657	59.45
1965	10-14	0.00029	0.00145	2.73	95799	139	478678	5230172	54.60
1965	15-19	0.00129	0.00644	2.86	95660	616	476979	4751494	49.67
1965	20-24	0.00208	0.01034	2.49	95043	983	472749	4274515	44.97
1965	25-29	0.00317	0.01571	2.46	94061	1478	466549	3801767	40.42
1965	30-34	0.00443	0.02190	2.53	92583	2027	457910	3335218	36.02
1965	35-39	0.00700	0.03446	2.72	90555	3120	445668	2877308	31.77
1965	40-44	0.00958	0.04694	2.83	87435	4104	428250	2431639	27.81
1965	45-49	0.01352	0.06549	2.6	83331	5458	403576	2003389	24.04
1965	50-54	0.02037	0.09715	2.62	77873	7566	371353	1599813	20.54
1965	55-59	0.02684	0.12567	2.47	70307	8836	329219	1228460	17.47
1965	60-64	0.03883	0.17764	2.61	61472	10920	281227	899241	14.63
1965	65-69	0.05261	0.23167	2.43	50552	11711	222608	618014	12.23
1965	70-74	0.05968	0.25946	2.49	38840	10078	168871	395406	10.18
1965	75-79	0.08808	0.35750	2.37	28763	10283	116737	226534	7.88
1965	80-84	0.13741	0.50435	2.36	18480	9321	67830	109798	5.94
1965	85-89	0.19253	0.62882	2.24	9160	5760	29916	41967	4.58
1965	90-94	0.26257	0.74428	2.09	3400	2530	9637	12052	3.54
1965	95-99	0.34670	0.83761	1.91	869	728	2100	2414	2.78
1965	100-104	0.44150	0.90325	1.73	141	128	289	314	2.22
1965	105-109	0.54095	0.94411	1.55	14	13	24	25	1.84
1965	110+	0.62130	1.00000	1.61	1	1	1	1	1.61
1966	0	0.03979	0.03849	0.15	100000	3849	96735	6132273	61.32
1966	1-4	0.00107	0.00427	1.69	96151	411	383655	6035538	62.77
1966	5-9	0.00049	0.00243	2.31	95740	233	478075	5651882	59.03
1966	10-14	0.00025	0.00127	2.54	95507	121	477237	5173808	54.17
1966	15-19	0.00126	0.00626	2.79	95386	597	475611	4696570	49.24
1966	20-24	0.00218	0.01082	2.64	94789	1026	471525	4220959	44.53
1966	25-29	0.00301	0.01497	2.72	93763	1403	465610	3749434	39.99
1966	30-34	0.00450	0.02225	2.65	92360	2055	456967	3283824	35.55
1966	35-39	0.00650	0.03203	2.69	90304	2893	444844	2826857	31.30
1966	40-44	0.01079	0.05263	2.65	87412	4600	426268	2382013	27.25
1966	45-49	0.01406	0.06804	2.64	82812	5634	400761	1955745	23.62
1966	50-54	0.01990	0.09479	2.51	77177	7316	367690	1554984	20.15
1966	55-59	0.02856	0.13372	2.62	69862	9342	327096	1187294	16.99
1966	60-64	0.04016	0.18192	2.41	60520	11010	274122	860198	14.21
1966	65-69	0.05213	0.23020	2.46	49510	11397	218637	586076	11.84
1966	70-74	0.06699	0.28449	2.35	38113	10843	161847	367439	9.64
1966	75-79	0.08757	0.35861	2.48	27270	9779	111677	205592	7.54
1966	80-84	0.16002	0.55855	2.3	17491	9769	61050	93915	5.37
1966	85-89	0.21326	0.66607	2.18	7721	5143	24116	32865	4.26
1966	90-94	0.27804	0.76319	2.05	2578	1968	7077	8749	3.39
1966	95-99	0.35339	0.84200	1.89	611	514	1455	1672	2.74
1966	100-104	0.43671	0.89951	1.73	96	87	199	217	2.25
1966	105-109	0.52388	0.93771	1.58	10	9	17	18	1.89
1966	110+	0.59446	1.00000	1.68	1	1	1	1	1.68
1967	0	0.03014	0.02937	0.13	100000	2937	97433	6167582	61.68
1967	1-4	0.00142	0.00564	1.55	97063	548	386912	6070150	62.54
1967	5-9	0.00055	0.00273	2.98	96516	263	482045	5683238	58.88
1967	10-14	0.00041	0.00204	2.09	96252	196	480688	5201193	54.04
1967	15-19	0.00118	0.00586	2.91	96056	563	479103	4720505	49.14
1967	20-24	0.00282	0.01403	2.6	95493	1340	474250	4241402	44.42
1967	25-29	0.00395	0.01956	2.51	94153	1841	466181	3767152	40.01
1967	30-34	0.00450	0.02223	2.5	92312	2052	456435	3300971	35.76
1967	35-39	0.00693	0.03413	2.76	90260	3080	444411	2844536	31.52
1967	40-44	0.01212	0.05876	2.44	87179	5122	422792	2400125	27.53
1967	45-49	0.01403	0.06786	2.57	82057	5568	396729	1977332	24.10
1967	50-54	0.01854	0.08868	2.56	76489	6783	365867	1580604	20.66
1967	55-59	0.02783	0.13068	2.67	69706	9109	327288	1214737	17.43
1967	60-64	0.03657	0.16812	2.6	60597	10188	278569	887449	14.65
1967	65-69	0.05060	0.22462	2.5	50409	11323	223785	608880	12.08
1967	70-74	0.06913	0.29485	2.51	39087	11525	166716	385095	9.85
1967	75-79	0.08758	0.35772	2.44	27562	9859	112576	218380	7.92
1967	80-84	0.14049	0.51100	2.33	17703	9046	64391	105803	5.98
1967	85-89	0.18597	0.61411	2.24	8657	5316	28585	41413	4.78
1967	90-94	0.24179	0.71231	2.12	3340	2379	9841	12827	3.84
1967	95-99	0.30777	0.79748	1.98	961	766	2490	2986	3.11
1967	100-104	0.38250	0.86453	1.83	195	168	440	496	2.55
1967	105-109	0.46322	0.91267	1.68	26	24	52	56	2.14
1967	110+	0.52922	1.00000	1.89	2	2	4	4	1.89
1968	0	0.03150	0.03066	0.13	100000	3066	97332	6122030	61.22
1968	1-4	0.00094	0.00376	1.62	96934	365	386870	6024698	62.15
1968	5-9	0.00047	0.00237	2.03	96570	228	482170	5637828	58.38
1968	10-14	0.00057	0.00283	2.51	96341	273	481025	5155658	53.51
1968	15-19	0.00192	0.00957	2.71	96068	920	478239	4674633	48.66
1968	20-24	0.00239	0.01186	2.76	95149	1129	473218	4196394	44.10
1968	25-29	0.00262	0.01300	2.49	94020	1223	467034	3723176	39.60
1968	30-34	0.00435	0.02151	2.55	92797	1996	459100	3256142	35.09
1968	35-39	0.00885	0.04326	2.39	90802	3928	443772	2797041	30.80
1968	40-44	0.01057	0.05151	2.56	86873	4475	423429	2353270	27.09
1968	45-49	0.01674	0.08040	2.54	82399	6625	395729	1929841	23.42
1968	50-54	0.02103	0.10004	2.58	75774	7581	360510	1534112	20.25
1968	55-59	0.03022	0.14087	2.59	68194	9607	317836	1173602	17.21
1968	60-64	0.03861	0.17638	2.55	58587	10334	267666	855766	14.61
1968	65-69	0.05015	0.22067	2.28	48253	10648	212322	588099	12.19
1968	70-74	0.06216	0.26819	2.44	37605	10085	162252	375778	9.99
1968	75-79	0.09238	0.37682	2.56	27520	10370	112251	213525	7.76
1968	80-84	0.14062	0.51193	2.34	17150	8780	62436	101274	5.91
1968	85-89	0.19128	0.62549	2.23	8370	5236	27371	38837	4.64
1968	90-94	0.25443	0.73190	2.1	3135	2294	9017	11466	3.66
1968	95-99	0.32961	0.82082	1.94	840	690	2093	2449	2.91
1968	100-104	0.41447	0.88693	1.78	151	134	322	356	2.36
1968	105-109	0.50480	0.93109	1.61	17	16	31	33	1.96
1968	110+	0.57841	1.00000	1.73	1	1	2	2	1.73
1969	0	0.03682	0.03569	0.14	100000	3569	96944	6051009	60.51
1969	1-4	0.00170	0.00678	1.53	96431	654	384111	5954065	61.74
1969	5-9	0.00059	0.00294	2.89	95777	282	478289	5569954	58.16
1969	10-14	0.00044	0.00222	3.3	95495	212	477115	5091665	53.32
1969	15-19	0.00192	0.00958	2.66	95283	912	474279	4614550	48.43
1969	20-24	0.00246	0.01222	2.39	94370	1153	468838	4140271	43.87
1969	25-29	0.00357	0.01768	2.58	93217	1648	462098	3671433	39.39
1969	30-34	0.00490	0.02424	2.7	91569	2219	452743	3209335	35.05
1969	35-39	0.00705	0.03468	2.7	89350	3099	439622	2756592	30.85
1969	40-44	0.01263	0.06135	2.7	86251	5292	419096	2316970	26.86
1969	45-49	0.01710	0.08200	2.52	80960	6639	388335	1897874	23.44
1969	50-54	0.02111	0.10049	2.61	74321	7468	353732	1509539	20.31
1969	55-59	0.02906	0.13518	2.43	66852	9037	311042	1155807	17.29
1969	60-64	0.03820	0.17515	2.63	57815	10126	265065	844765	14.61
1969	65-69	0.04941	0.22092	2.6	47689	10535	213205	579700	12.16
1969	70-74	0.06411	0.27734	2.57	37154	10304	160739	366495	9.86
1969	75-79	0.09177	0.37049	2.4	26849	9947	108390	205756	7.66
1969	80-84	0.15143	0.53675	2.29	16902	9072	59909	97366	5.76
1969	85-89	0.18961	0.61986	2.21	7830	4853	25597	37457	4.78
1969	90-94	0.23462	0.69945	2.11	2976	2082	8873	11860	3.98
1969	95-99	0.28641	0.77116	2.01	895	690	2409	2987	3.34
1969	100-104	0.34438	0.83180	1.89	205	170	494	578	2.82
1969	105-109	0.40733	0.87998	1.77	34	30	74	83	2.42
1969	110+	0.45825	1.00000	2.18	4	4	9	9	2.18
1970	0	0.03884	0.03760	0.15	100000	3760	96801	6069656	60.70
1970	1-4	0.00159	0.00632	1.62	96240	608	383513	5972854	62.06
1970	5-9	0.00044	0.00222	3.08	95632	212	477755	5589341	58.45
1970	10-14	0.00081	0.00406	2.77	95420	388	476235	5111587	53.57
1970	15-19	0.00173	0.00862	2.82	95033	819	473374	4635352	48.78
1970	20-24	0.00302	0.01501	2.59	94213	1414	467661	4161978	44.18
1970	25-29	0.00329	0.01634	2.61	92799	1516	460377	3694317	39.81
1970	30-34	0.00512	0.02529	2.77	91283	2309	451266	3233940	35.43
1970	35-39	0.00737	0.03628	2.78	88974	3228	437709	2782674	31.28
1970	40-44	0.01097	0.05348	2.66	85746	4586	418018	2344965	27.35
1970	45-49	0.01592	0.07673	2.67	81160	6228	391298	1926948	23.74
1970	50-54	0.02024	0.09626	2.46	74933	7213	356349	1535650	20.49
1970	55-59	0.02767	0.12984	2.63	67720	8793	317791	1179301	17.41
1970	60-64	0.03625	0.16668	2.59	58927	9822	270979	861510	14.62
1970	65-69	0.05425	0.23819	2.44	49105	11696	215585	590531	12.03
1970	70-74	0.06517	0.28064	2.53	37409	10498	161080	374946	10.02
1970	75-79	0.08691	0.35634	2.47	26910	9589	110329	213866	7.95
1970	80-84	0.14546	0.52204	2.3	17321	9042	62164	103537	5.98
1970	85-89	0.18072	0.60163	2.22	8279	4981	27561	41373	5.00
1970	90-94	0.22219	0.67893	2.14	3298	2239	10078	13812	4.19
1970	95-99	0.26993	0.75002	2.04	1059	794	2942	3735	3.53
1970	100-104	0.32356	0.81174	1.93	265	215	664	792	2.99
1970	105-109	0.38220	0.86230	1.82	50	43	112	128	2.58
1970	110+	0.42942	1.00000	2.33	7	7	16	16	2.33
1971	0	0.03178	0.03093	0.13	100000	3093	97310	6092660	60.93
1971	1-4	0.00148	0.00588	1.49	96907	570	386197	5995349	61.87
1971	5-9	0.00086	0.00431	2	96337	415	480440	5609153	58.22
1971	10-14	0.00064	0.00318	2.9	95922	305	478967	5128712	53.47
1971	15-19	0.00219	0.01089	2.77	95617	1041	475760	4649746	48.63
1971	20-24	0.00312	0.01549	2.55	94575	1465	469293	4173985	44.13
1971	25-29	0.00392	0.01942	2.56	93110	1808	461143	3704693	39.79
1971	30-34	0.00498	0.02464	2.76	91302	2250	451463	3243550	35.53
1971	35-39	0.00788	0.03867	2.58	89053	3443	436945	2792087	31.35
1971	40-44	0.01076	0.05249	2.63	85609	4493	417419	2355142	27.51
1971	45-49	0.01532	0.07387	2.59	81116	5992	391136	1937723	23.89
1971	50-54	0.02284	0.10828	2.6	75124	8135	356084	1546587	20.59
1971	55-59	0.02598	0.12228	2.59	66990	8191	315234	1190503	17.77
1971	60-64	0.03424	0.15815	2.59	58798	9299	271568	875269	14.89
1971	65-69	0.05097	0.22635	2.53	49499	11204	219807	603701	12.20
1971	70-74	0.06781	0.28834	2.41	38295	11042	162835	383894	10.02
1971	75-79	0.07968	0.33002	2.4	27253	8994	112878	221059	8.11
1971	80-84	0.14596	0.52356	2.3	18259	9560	65496	108181	5.92
1971	85-89	0.18371	0.60814	2.22	8699	5290	28796	42685	4.91
1971	90-94	0.22849	0.68976	2.13	3409	2351	10291	13889	4.07
1971	95-99	0.28029	0.76377	2.02	1058	808	2882	3598	3.40
1971	100-104	0.33857	0.82663	1.9	250	207	610	716	2.87
1971	105-109	0.40213	0.87668	1.78	43	38	94	106	2.45
1971	110+	0.45360	1.00000	2.2	5	5	12	12	2.20
1972	0	0.03178	0.03093	0.13	100000	3093	97310	6144200	61.44
1972	1-4	0.00090	0.00360	1.59	96907	349	386786	6046890	62.40
1972	5-9	0.00055	0.00274	2.26	96558	265	482066	5660104	58.62
1972	10-14	0.00045	0.00227	2.98	96293	219	481026	5178038	53.77
1972	15-19	0.00140	0.00700	2.94	96075	673	478987	4697012	48.89
1972	20-24	0.00302	0.01502	2.82	95402	1433	473883	4218025	44.21
1972	25-29	0.00360	0.01785	2.62	93968	1678	465857	3744143	39.84
1972	30-34	0.00485	0.02399	2.76	92291	2214	456501	3278286	35.52
1972	35-39	0.00668	0.03289	2.63	90076	2962	443362	2821785	31.33
1972	40-44	0.01232	0.05991	2.73	87114	5219	423699	2378422	27.30
1972	45-49	0.01591	0.07660	2.57	81894	6273	394259	1954724	23.87
1972	50-54	0.02117	0.10009	2.27	75621	7569	357464	1560464	20.64
1972	55-59	0.02640	0.12375	2.47	68052	8422	318983	1203001	17.68
1972	60-64	0.03659	0.16821	2.61	59631	10030	274150	884018	14.82
1972	65-69	0.04880	0.21733	2.48	49600	10780	220880	609868	12.30
1972	70-74	0.06912	0.29437	2.48	38821	11428	165338	388988	10.02
1972	75-79	0.08567	0.35095	2.43	27393	9614	112211	223651	8.16
1972	80-84	0.12454	0.47092	2.41	17779	8373	67228	111440	6.27
1972	85-89	0.18379	0.61261	2.28	9407	5763	31355	44212	4.70
1972	90-94	0.26206	0.74521	2.11	3644	2716	10362	12857	3.53
1972	95-99	0.35839	0.84915	1.9	928	788	2200	2495	2.69
1972	100-104	0.46752	0.91732	1.69	140	128	275	295	2.10
1972	105-109	0.58028	0.95580	1.49	12	11	19	20	1.71
1972	110+	0.66988	1.00000	1.49	1	1	1	1	1.49
1973	0	0.03163	0.03078	0.13	100000	3078	97322	6238006	62.38
1973	1-4	0.00085	0.00341	1.25	96922	330	386779	6140684	63.36
1973	5-9	0.00078	0.00389	1.68	96592	376	481709	5753905	59.57
1973	10-14	0.00071	0.00352	2.23	96215	339	480138	5272197	54.80
1973	15-19	0.00108	0.00541	3.23	95877	519	478466	4792059	49.98
1973	20-24	0.00281	0.01396	2.67	95358	1331	473682	4313592	45.24
1973	25-29	0.00280	0.01390	2.67	94027	1307	467083	3839910	40.84
1973	30-34	0.00510	0.02523	2.75	92719	2339	458337	3372826	36.38
1973	35-39	0.00628	0.03093	2.69	90380	2795	445455	2914489	32.25
1973	40-44	0.00955	0.04672	2.75	87585	4092	428717	2469035	28.19
1973	45-49	0.01507	0.07278	2.66	83493	6077	403245	2040318	24.44
1973	50-54	0.01924	0.09199	2.63	77416	7121	370220	1637072	21.15
1973	55-59	0.02754	0.12912	2.59	70295	9077	329609	1266852	18.02
1973	60-64	0.03465	0.15973	2.56	61218	9778	282191	937243	15.31
1973	65-69	0.04297	0.19445	2.56	51440	10002	232748	655052	12.73
1973	70-74	0.06508	0.28066	2.55	41437	11630	178687	422304	10.19
1973	75-79	0.08611	0.35182	2.4	29808	10487	121784	243616	8.17
1973	80-84	0.13065	0.48556	2.36	19321	9381	71804	121832	6.31
1973	85-89	0.17439	0.59015	2.26	9939	5866	33636	50029	5.03
1973	90-94	0.22865	0.69177	2.15	4074	2818	12325	16393	4.02
1973	95-99	0.29352	0.78161	2.01	1256	981	3344	4068	3.24
1973	100-104	0.36782	0.85349	1.86	274	234	636	725	2.64
1973	105-109	0.44892	0.90569	1.71	40	36	81	88	2.20
1973	110+	0.51544	1.00000	1.94	4	4	7	7	1.94
1974	0	0.03650	0.03540	0.14	100000	3540	96966	6223080	62.23
1974	1-4	0.00158	0.00628	1.53	96460	605	384346	6126113	63.51
1974	5-9	0.00070	0.00347	2.16	95855	333	478331	5741767	59.90
1974	10-14	0.00054	0.00272	2.74	95522	260	477024	5263436	55.10
1974	15-19	0.00108	0.00539	2.85	95263	514	475207	4786412	50.24
1974	20-24	0.00262	0.01299	2.59	94749	1231	470782	4311205	45.50
1974	25-29	0.00322	0.01598	2.52	93518	1494	463886	3840423	41.07
1974	30-34	0.00410	0.02030	2.79	92024	1868	455982	3376538	36.69
1974	35-39	0.00721	0.03546	2.76	90155	3197	443629	2920556	32.39
1974	40-44	0.00949	0.04635	2.51	86959	4030	424753	2476927	28.48
1974	45-49	0.01338	0.06481	2.61	82928	5375	401782	2052174	24.75
1974	50-54	0.01873	0.08954	2.54	77553	6944	370681	1650392	21.28
1974	55-59	0.02537	0.11955	2.59	70609	8441	332723	1279710	18.12
1974	60-64	0.03503	0.16072	2.44	62168	9992	285229	946987	15.23
1974	65-69	0.04249	0.19292	2.62	52176	10066	236901	661758	12.68
1974	70-74	0.06525	0.28144	2.56	42110	11852	181627	424858	10.09
1974	75-79	0.08642	0.35118	2.33	30258	10626	122962	243230	8.04
1974	80-84	0.13923	0.50695	2.32	19632	9952	71483	120268	6.13
1974	85-89	0.17724	0.59499	2.24	9680	5759	32495	48785	5.04
1974	90-94	0.22279	0.68066	2.14	3920	2668	11977	16290	4.16
1974	95-99	0.27597	0.75862	2.03	1252	950	3442	4313	3.44
1974	100-104	0.33621	0.82475	1.91	302	249	741	871	2.88
1974	105-109	0.40222	0.87702	1.79	53	46	115	130	2.45
1974	110+	0.45583	1.00000	2.19	7	7	14	14	2.19
1975	0	0.03841	0.03719	0.15	100000	3719	96832	6274173	62.74
1975	1-4	0.00132	0.00525	1.8	96281	505	384009	6177341	64.16
1975	5-9	0.00044	0.00220	2.68	95775	211	478387	5793332	60.49
1975	10-14	0.00042	0.00208	2.79	95564	199	477383	5314945	55.62
1975	15-19	0.00131	0.00653	2.77	95365	623	475437	4837562	50.73
1975	20-24	0.00302	0.01499	2.71	94742	1420	470454	4362125	46.04
1975	25-29	0.00290	0.01440	2.3	93322	1344	462977	3891671	41.70
1975	30-34	0.00377	0.01867	2.66	91978	1718	455871	3428695	37.28
1975	35-39	0.00603	0.02975	2.75	90261	2685	445260	2972824	32.94
1975	40-44	0.00949	0.04641	2.66	87575	4064	428372	2527564	28.86
1975	45-49	0.01338	0.06479	2.57	83511	5411	404426	2099193	25.14
1975	50-54	0.01856	0.08871	2.52	78100	6929	373284	1694767	21.70
1975	55-59	0.02432	0.11497	2.63	71171	8183	336476	1321483	18.57
1975	60-64	0.03310	0.15258	2.44	62989	9611	290366	985007	15.64
1975	65-69	0.04568	0.20482	2.48	53378	10933	239309	694641	13.01
1975	70-74	0.05661	0.24935	2.61	42445	10584	186964	455332	10.73
1975	75-79	0.08248	0.34123	2.47	31861	10872	131807	268368	8.42
1975	80-84	0.13090	0.48488	2.33	20989	10177	77749	136561	6.51
1975	85-89	0.16328	0.56400	2.26	10812	6098	37347	58812	5.44
1975	90-94	0.20171	0.64274	2.18	4714	3030	15022	21465	4.55
1975	95-99	0.24640	0.71712	2.09	1684	1208	4901	6444	3.83
1975	100-104	0.29720	0.78350	1.98	476	373	1256	1542	3.24
1975	105-109	0.35348	0.83944	1.87	103	87	245	286	2.78
1975	110+	0.39868	1.00000	2.51	17	17	42	42	2.51
1976	0	0.03606	0.03497	0.14	100000	3497	96998	6355522	63.56
1976	1-4	0.00094	0.00377	1.53	96503	364	385112	6258523	64.85
1976	5-9	0.00054	0.00269	2.1	96139	259	479945	5873411	61.09
1976	10-14	0.00053	0.00262	2.36	95880	252	478737	5393466	56.25
1976	15-19	0.00098	0.00487	3.06	95629	466	477238	4914729	51.39
1976	20-24	0.00229	0.01138	2.69	95163	1083	473315	4437491	46.63
1976	25-29	0.00260	0.01293	2.73	94080	1216	467644	3964176	42.14
1976	30-34	0.00304	0.01507	2.62	92864	1399	460988	3496532	37.65
1976	35-39	0.00600	0.02961	2.68	91465	2708	451053	3035544	33.19
1976	40-44	0.00818	0.04004	2.42	88756	3554	434605	2584491	29.12
1976	45-49	0.01317	0.06393	2.74	85202	5447	413714	2149885	25.23
1976	50-54	0.01765	0.08475	2.66	79756	6759	382936	1736172	21.77
1976	55-59	0.02159	0.10239	2.5	72996	7474	346262	1353235	18.54
1976	60-64	0.03246	0.15050	2.58	65522	9861	303778	1006974	15.37
1976	65-69	0.05143	0.22713	2.43	55661	12642	245832	703195	12.63
1976	70-74	0.05799	0.25313	2.49	43019	10889	187769	457363	10.63
1976	75-79	0.07909	0.32640	2.33	32130	10487	132600	269595	8.39
1976	80-84	0.12796	0.47887	2.37	21642	10364	80992	136995	6.33
1976	85-89	0.17559	0.59343	2.27	11278	6693	38118	56003	4.97
1976	90-94	0.23580	0.70408	2.14	4585	3229	13692	17885	3.90
1976	95-99	0.30856	0.79942	1.99	1357	1085	3516	4193	3.09
1976	100-104	0.39202	0.87231	1.82	272	237	606	677	2.49
1976	105-109	0.48232	0.92209	1.65	35	32	66	71	2.05
1976	110+	0.55635	1.00000	1.8	3	3	5	5	1.80
1977	0	0.03835	0.03713	0.15	100000	3713	96836	6365415	63.65
1977	1-4	0.00113	0.00450	1.5	96287	433	384065	6268579	65.10
1977	5-9	0.00030	0.00150	1.2	95854	144	478721	5884514	61.39
1977	10-14	0.00036	0.00179	2.15	95710	171	478061	5405793	56.48
1977	15-19	0.00106	0.00527	2.85	95538	503	476608	4927732	51.58
1977	20-24	0.00174	0.00868	2.48	95035	825	473101	4451124	46.84
1977	25-29	0.00240	0.01195	2.46	94211	1125	468191	3978023	42.22
1977	30-34	0.00302	0.01500	2.67	93085	1397	462171	3509832	37.71
1977	35-39	0.00530	0.02621	2.78	91689	2403	453108	3047660	33.24
1977	40-44	0.00951	0.04651	2.59	89285	4152	436437	2594553	29.06
1977	45-49	0.01301	0.06313	2.64	85133	5374	412972	2158116	25.35
1977	50-54	0.01894	0.09056	2.6	79758	7223	381466	1745143	21.88
1977	55-59	0.02423	0.11448	2.59	72535	8304	342654	1363677	18.80
1977	60-64	0.03144	0.14608	2.58	64231	9383	298421	1021024	15.90
1977	65-69	0.04117	0.18631	2.45	54848	10219	248210	722603	13.17
1977	70-74	0.05862	0.25618	2.54	44629	11433	195049	474393	10.63
1977	75-79	0.08561	0.35222	2.49	33196	11692	136575	279345	8.41
1977	80-84	0.12809	0.47729	2.33	21504	10264	80128	142770	6.64
1977	85-89	0.15900	0.55412	2.27	11240	6228	39173	62642	5.57
1977	90-94	0.19561	0.63107	2.19	5012	3163	16169	23469	4.68
1977	95-99	0.23815	0.70444	2.1	1849	1302	5469	7300	3.95
1977	100-104	0.28655	0.77078	2	546	421	1470	1831	3.35
1977	105-109	0.34030	0.82757	1.9	125	104	305	361	2.88
1977	110+	0.38331	1.00000	2.61	22	22	56	56	2.61
1978	0	0.03308	0.03216	0.13	100000	3216	97215	6426916	64.27
1978	1-4	0.00096	0.00385	1.53	96784	373	386218	6329702	65.40
1978	5-9	0.00057	0.00283	2.05	96412	272	481256	5943484	61.65
1978	10-14	0.00034	0.00171	2.19	96139	164	480235	5462229	56.82
1978	15-19	0.00070	0.00349	2.62	95975	335	479079	4981993	51.91
1978	20-24	0.00170	0.00848	2.74	95640	811	476364	4502914	47.08
1978	25-29	0.00226	0.01121	2.38	94829	1063	471362	4026550	42.46
1978	30-34	0.00331	0.01643	2.53	93766	1540	465029	3555189	37.92
1978	35-39	0.00546	0.02695	2.57	92226	2485	455085	3090159	33.51
1978	40-44	0.00879	0.04304	2.55	89741	3862	439251	2635075	29.36
1978	45-49	0.01030	0.05035	2.77	85879	4324	419757	2195824	25.57
1978	50-54	0.01755	0.08419	2.59	81555	6866	391206	1776067	21.78
1978	55-59	0.02659	0.12475	2.52	74688	9317	350378	1384861	18.54
1978	60-64	0.03133	0.14522	2.48	65371	9493	302957	1034483	15.82
1978	65-69	0.04379	0.19754	2.52	55878	11038	252054	731526	13.09
1978	70-74	0.05960	0.25888	2.46	44840	11608	194750	479472	10.69
1978	75-79	0.07682	0.32172	2.48	33231	10691	139178	284722	8.57
1978	80-84	0.12217	0.46359	2.4	22540	10449	85534	145544	6.46
1978	85-89	0.17362	0.59009	2.29	12091	7135	41094	60010	4.96
1978	90-94	0.24031	0.71219	2.14	4956	3530	14688	18916	3.82
1978	95-99	0.32215	0.81471	1.97	1426	1162	3607	4228	2.96
1978	100-104	0.41632	0.88911	1.78	264	235	564	621	2.35
1978	105-109	0.51713	0.93637	1.59	29	27	53	56	1.92
1978	110+	0.59933	1.00000	1.67	2	2	3	3	1.67
1979	0	0.02949	0.02875	0.12	100000	2875	97482	6485828	64.86
1979	1-4	0.00056	0.00222	1.15	97125	216	387886	6388346	65.77
1979	5-9	0.00063	0.00315	1.73	96910	305	483550	6000460	61.92
1979	10-14	0.00026	0.00130	3.27	96604	125	482805	5516910	57.11
1979	15-19	0.00087	0.00435	2.98	96479	420	481548	5034105	52.18
1979	20-24	0.00134	0.00670	2.44	96060	644	478652	4552557	47.39
1979	25-29	0.00279	0.01388	2.71	95416	1325	474043	4073905	42.70
1979	30-34	0.00353	0.01749	2.73	94091	1646	466723	3599861	38.26
1979	35-39	0.00511	0.02527	2.78	92445	2337	457028	3133138	33.89
1979	40-44	0.00749	0.03682	2.63	90109	3318	442667	2676110	29.70
1979	45-49	0.01058	0.05166	2.72	86791	4484	423753	2233442	25.73
1979	50-54	0.01827	0.08733	2.49	82308	7188	393516	1809689	21.99
1979	55-59	0.02323	0.11015	2.66	75120	8274	356237	1416173	18.85
1979	60-64	0.03220	0.14884	2.46	66845	9949	308956	1059936	15.86
1979	65-69	0.04332	0.19562	2.53	56896	11130	256939	750980	13.20
1979	70-74	0.05883	0.25428	2.34	45766	11637	197822	494042	10.80
1979	75-79	0.07809	0.32902	2.61	34129	11229	143788	296220	8.68
1979	80-84	0.12433	0.46785	2.36	22900	10714	86167	152432	6.66
1979	85-89	0.16076	0.55912	2.28	12186	6813	42381	66265	5.44
1979	90-94	0.20520	0.65021	2.18	5372	3493	17023	23883	4.45
1979	95-99	0.25797	0.73492	2.07	1879	1381	5354	6860	3.65
1979	100-104	0.31870	0.80796	1.95	498	402	1263	1506	3.02
1979	105-109	0.38618	0.86625	1.82	96	83	215	244	2.55
1979	110+	0.44119	1.00000	2.27	13	13	29	29	2.27
1980	0	0.03184	0.03098	0.13	100000	3098	97306	6447848	64.48
1980	1-4	0.00100	0.00398	1.17	96902	386	386513	6350542	65.54
1980	5-9	0.00032	0.00159	2.68	96516	153	482224	5964029	61.79
1980	10-14	0.00048	0.00238	2.65	96362	229	481273	5481806	56.89
1980	15-19	0.00104	0.00518	2.6	96133	497	479470	5000532	52.02
1980	20-24	0.00182	0.00907	2.91	95636	868	476366	4521063	47.27
1980	25-29	0.00268	0.01332	2.68	94768	1263	470908	4044696	42.68
1980	30-34	0.00278	0.01381	2.37	93505	1291	464137	3573788	38.22
1980	35-39	0.00492	0.02434	2.67	92214	2244	455850	3109651	33.72
1980	40-44	0.00673	0.03310	2.56	89970	2978	442573	2653801	29.50
1980	45-49	0.01206	0.05858	2.55	86992	5096	422458	2211228	25.42
1980	50-54	0.01861	0.08904	2.57	81897	7292	391796	1788770	21.84
1980	55-59	0.02421	0.11461	2.68	74605	8551	353195	1396974	18.72
1980	60-64	0.03248	0.15056	2.58	66054	9945	306214	1043779	15.80
1980	65-69	0.04267	0.19339	2.58	56109	10851	254271	737566	13.15
1980	70-74	0.05641	0.24783	2.55	45258	11216	198822	483295	10.68
1980	75-79	0.07901	0.32663	2.35	34042	11119	140732	284473	8.36
1980	80-84	0.12752	0.47824	2.39	22923	10963	85965	143740	6.27
1980	85-89	0.17999	0.60350	2.27	11960	7218	40103	57775	4.83
1980	90-94	0.24744	0.72281	2.12	4742	3428	13853	17672	3.73
1980	95-99	0.32955	0.82185	1.95	1314	1080	3278	3820	2.91
1980	100-104	0.42334	0.89318	1.76	234	209	494	541	2.31
1980	105-109	0.52314	0.93836	1.58	25	23	45	47	1.90
1980	110+	0.60431	1.00000	1.65	2	2	3	3	1.65
1981	0	0.02898	0.02826	0.12	100000	2826	97521	6414232	64.14
1981	1-4	0.00092	0.00366	1.31	97174	356	387737	6316711	65.00
1981	5-9	0.00059	0.00295	2.43	96818	285	483354	5928974	61.24
1981	10-14	0.00039	0.00196	2.5	96532	190	482187	5445620	56.41
1981	15-19	0.00078	0.00390	2.94	96343	376	480941	4963433	51.52
1981	20-24	0.00244	0.01214	2.89	95967	1165	477373	4482492	46.71
1981	25-29	0.00312	0.01548	2.6	94801	1467	470485	4005118	42.25
1981	30-34	0.00416	0.02059	2.72	93334	1922	462287	3534634	37.87
1981	35-39	0.00538	0.02659	2.9	91412	2430	451960	3072346	33.61
1981	40-44	0.00813	0.03993	2.72	88982	3553	436814	2620386	29.45
1981	45-49	0.01483	0.07157	2.57	85428	6114	412305	2183572	25.56
1981	50-54	0.01575	0.07594	2.66	79314	6023	382462	1771267	22.33
1981	55-59	0.02120	0.10094	2.64	73291	7398	348996	1388805	18.95
1981	60-64	0.03510	0.16126	2.49	65893	10626	302752	1039809	15.78
1981	65-69	0.04065	0.18423	2.46	55267	10182	250450	737057	13.34
1981	70-74	0.05272	0.23129	2.35	45085	10428	197794	486607	10.79
1981	75-79	0.07925	0.32626	2.29	34657	11307	142670	288813	8.33
1981	80-84	0.13408	0.49404	2.34	23350	11536	86037	146143	6.26
1981	85-89	0.17397	0.58852	2.25	11814	6953	39965	60106	5.09
1981	90-94	0.22249	0.68072	2.15	4861	3309	14873	20140	4.14
1981	95-99	0.27977	0.76403	2.03	1552	1186	4239	5268	3.39
1981	100-104	0.34508	0.83345	1.9	366	305	885	1029	2.81
1981	105-109	0.41673	0.88681	1.76	61	54	130	144	2.37
1981	110+	0.47524	1.00000	2.1	7	7	15	15	2.10
1982	0	0.02468	0.02415	0.11	100000	2415	97853	6547188	65.47
1982	1-4	0.00105	0.00418	1.96	97585	408	389507	6449334	66.09
1982	5-9	0.00032	0.00160	2.69	97177	156	485523	6059827	62.36
1982	10-14	0.00015	0.00075	2.14	97021	73	484896	5574304	57.45
1982	15-19	0.00104	0.00521	2.99	96948	505	483728	5089408	52.50
1982	20-24	0.00146	0.00726	2.87	96443	701	480725	4605681	47.76
1982	25-29	0.00336	0.01665	2.51	95743	1594	474742	4124955	43.08
1982	30-34	0.00371	0.01839	2.44	94148	1731	466304	3650213	38.77
1982	35-39	0.00504	0.02490	2.62	92417	2301	456611	3183909	34.45
1982	40-44	0.00719	0.03538	2.75	90116	3189	443416	2727297	30.26
1982	45-49	0.00978	0.04794	2.92	86928	4167	425972	2283882	26.27
1982	50-54	0.01593	0.07687	2.73	82761	6362	399384	1857910	22.45
1982	55-59	0.02193	0.10431	2.68	76398	7969	363465	1458525	19.09
1982	60-64	0.03002	0.14039	2.69	68429	9607	319994	1095061	16.00
1982	65-69	0.04263	0.19337	2.6	58822	11374	266832	775067	13.18
1982	70-74	0.05467	0.23893	2.36	47448	11337	207360	508235	10.71
1982	75-79	0.08420	0.34594	2.42	36111	12492	148371	300874	8.33
1982	80-84	0.12499	0.47067	2.38	23619	11117	88944	152503	6.46
1982	85-89	0.17080	0.58296	2.28	12502	7288	42671	63559	5.08
1982	90-94	0.22870	0.69254	2.15	5214	3611	15789	20888	4.01
1982	95-99	0.29880	0.78843	2	1603	1264	4230	5099	3.18
1982	100-104	0.37957	0.86319	1.84	339	293	771	869	2.56
1982	105-109	0.46759	0.91538	1.68	46	42	91	98	2.11
1982	110+	0.53991	1.00000	1.85	4	4	7	7	1.85
1983	0	0.02316	0.02269	0.11	100000	2269	97974	6572429	65.72
1983	1-4	0.00073	0.00291	1.58	97731	284	390234	6474455	66.25
1983	5-9	0.00060	0.00301	2.08	97447	293	486377	6084222	62.44
1983	10-14	0.00046	0.00229	2.7	97154	223	485256	5597845	57.62
1983	15-19	0.00109	0.00545	2.99	96931	528	483593	5112589	52.74
1983	20-24	0.00192	0.00955	2.46	96403	920	479681	4628995	48.02
1983	25-29	0.00270	0.01341	2.74	95483	1280	474524	4149315	43.46
1983	30-34	0.00341	0.01693	2.59	94203	1595	467174	3674791	39.01
1983	35-39	0.00410	0.02033	2.74	92607	1883	458787	3207617	34.64
1983	40-44	0.00709	0.03488	2.66	90724	3165	446227	2748831	30.30
1983	45-49	0.01088	0.05306	2.7	87560	4646	427120	2302604	26.30
1983	50-54	0.01515	0.07298	2.49	82913	6051	399356	1875484	22.62
1983	55-59	0.02269	0.10760	2.61	76862	8271	364548	1476128	19.20
1983	60-64	0.03168	0.14719	2.59	68591	10096	318645	1111580	16.21
1983	65-69	0.03834	0.17553	2.6	58495	10267	267800	792935	13.56
1983	70-74	0.05610	0.24534	2.44	48228	11832	210901	525136	10.89
1983	75-79	0.07747	0.32030	2.3	36395	11658	150473	314235	8.63
1983	80-84	0.11756	0.45073	2.41	24738	11150	94845	163762	6.62
1983	85-89	0.16847	0.57900	2.3	13588	7867	46699	68917	5.07
1983	90-94	0.23505	0.70419	2.15	5720	4028	17138	22218	3.88
1983	95-99	0.31737	0.81005	1.98	1692	1371	4319	5080	3.00
1983	100-104	0.41266	0.88704	1.79	321	285	691	761	2.37
1983	105-109	0.51508	0.93577	1.6	36	34	66	70	1.92
1983	110+	0.59872	1.00000	1.67	2	2	4	4	1.67
1984	0	0.02913	0.02840	0.12	100000	2840	97510	6505467	65.05
1984	1-4	0.00070	0.00281	1.54	97160	273	387968	6407957	65.95
1984	5-9	0.00034	0.00169	1.56	96887	163	483872	6019989	62.13
1984	10-14	0.00044	0.00218	2.59	96723	211	483107	5536117	57.24
1984	15-19	0.00134	0.00669	3.26	96512	646	481436	5053010	52.36
1984	20-24	0.00192	0.00953	2.44	95866	913	476993	4571574	47.69
1984	25-29	0.00244	0.01213	2.65	94953	1152	472052	4094582	43.12
1984	30-34	0.00434	0.02146	2.63	93801	2013	464242	3622529	38.62
1984	35-39	0.00555	0.02738	2.52	91788	2513	452696	3158287	34.41
1984	40-44	0.00748	0.03678	2.69	89275	3284	438776	2705591	30.31
1984	45-49	0.01056	0.05139	2.4	85991	4419	418477	2266814	26.36
1984	50-54	0.01635	0.07851	2.47	81572	6404	391636	1848338	22.66
1984	55-59	0.02206	0.10459	2.53	75169	7862	356462	1456701	19.38
1984	60-64	0.03100	0.14412	2.56	67307	9700	312881	1100239	16.35
1984	65-69	0.03600	0.16504	2.48	57607	9507	264104	787358	13.67
1984	70-74	0.05630	0.24866	2.65	48099	11960	212432	523254	10.88
1984	75-79	0.07325	0.30897	2.47	36139	11166	152429	310823	8.60
1984	80-84	0.12534	0.47234	2.39	24973	11796	94110	158394	6.34
1984	85-89	0.17758	0.59852	2.28	13177	7887	44413	64284	4.88
1984	90-94	0.24502	0.71929	2.13	5290	3805	15531	19871	3.76
1984	95-99	0.32738	0.81984	1.96	1485	1218	3719	4340	2.92
1984	100-104	0.42172	0.89231	1.77	268	239	566	621	2.32
1984	105-109	0.52228	0.93813	1.58	29	27	52	55	1.90
1984	110+	0.60411	1.00000	1.66	2	2	3	3	1.66
1985	0	0.02864	0.02794	0.12	100000	2794	97546	6461626	64.62
1985	1-4	0.00083	0.00329	1.68	97206	320	388081	6364080	65.47
1985	5-9	0.00014	0.00069	2.5	96886	67	484261	5975998	61.68
1985	10-14	0.00023	0.00113	2.62	96819	109	483833	5491738	56.72
1985	15-19	0.00089	0.00443	3.34	96709	429	482835	5007905	51.78
1985	20-24	0.00197	0.00983	2.5	96281	946	479035	4525070	47.00
1985	25-29	0.00266	0.01325	2.91	95335	1263	474033	4046035	42.44
1985	30-34	0.00453	0.02241	2.59	94072	2109	465268	3572002	37.97
1985	35-39	0.00673	0.03304	2.35	91963	3039	451758	3106734	33.78
1985	40-44	0.00765	0.03750	2.46	88924	3335	436149	2654976	29.86
1985	45-49	0.01236	0.06002	2.61	85589	5137	415671	2218827	25.92
1985	50-54	0.01724	0.08271	2.55	80452	6654	385989	1803155	22.41
1985	55-59	0.02234	0.10594	2.56	73798	7818	349936	1417166	19.20
1985	60-64	0.02909	0.13528	2.41	65980	8926	306801	1067230	16.18
1985	65-69	0.04104	0.18617	2.51	57054	10622	258790	760429	13.33
1985	70-74	0.05719	0.25165	2.62	46432	11685	204301	501639	10.80
1985	75-79	0.07538	0.31474	2.38	34748	10936	145086	297338	8.56
1985	80-84	0.12393	0.46845	2.4	23811	11154	90008	152253	6.39
1985	85-89	0.17575	0.59463	2.28	12657	7526	42823	62244	4.92
1985	90-94	0.24275	0.71588	2.13	5131	3673	15130	19421	3.79
1985	95-99	0.32475	0.81726	1.96	1458	1191	3668	4291	2.94
1985	100-104	0.41887	0.89061	1.77	266	237	566	622	2.34
1985	105-109	0.51940	0.93714	1.59	29	27	53	56	1.91
1985	110+	0.60131	1.00000	1.66	2	2	3	3	1.66
1986	0	0.02905	0.02832	0.12	100000	2832	97516	6382104	63.82
1986	1-4	0.00063	0.00252	1.83	97168	245	388138	6284588	64.68
1986	5-9	0.00032	0.00160	2.64	96923	155	484247	5896451	60.84
1986	10-14	0.00044	0.00222	3.95	96768	215	483614	5412203	55.93
1986	15-19	0.00100	0.00501	2.75	96553	484	481676	4928590	51.05
1986	20-24	0.00234	0.01165	2.37	96069	1119	477399	4446914	46.29
1986	25-29	0.00304	0.01511	2.9	94950	1434	471743	3969515	41.81
1986	30-34	0.00540	0.02668	2.65	93516	2495	461722	3497773	37.40
1986	35-39	0.00748	0.03678	2.69	91021	3348	447381	3036051	33.36
1986	40-44	0.00860	0.04213	2.56	87673	3693	429352	2588670	29.53
1986	45-49	0.01320	0.06395	2.57	83980	5371	406841	2159319	25.71
1986	50-54	0.01614	0.07782	2.7	78609	6117	378965	1752478	22.29
1986	55-59	0.02235	0.10578	2.47	72492	7668	343067	1373513	18.95
1986	60-64	0.03180	0.14762	2.57	64824	9569	300871	1030446	15.90
1986	65-69	0.04229	0.19274	2.71	55255	10650	251849	729574	13.20
1986	70-74	0.05402	0.23755	2.46	44605	10596	196160	477725	10.71
1986	75-79	0.08511	0.34821	2.39	34009	11843	139140	281566	8.28
1986	80-84	0.12201	0.46342	2.41	22167	10273	84193	142426	6.43
1986	85-89	0.17583	0.59522	2.29	11894	7080	40264	58233	4.90
1986	90-94	0.24617	0.72153	2.13	4815	3474	14112	17968	3.73
1986	95-99	0.33273	0.82552	1.95	1341	1107	3326	3857	2.88
1986	100-104	0.43203	0.89867	1.75	234	210	487	530	2.27
1986	105-109	0.53730	0.94336	1.56	24	22	42	44	1.85
1986	110+	0.62260	1.00000	1.61	1	1	2	2	1.61
1987	0	0.02516	0.02461	0.11	100000	2461	97816	6328702	63.29
1987	1-4	0.00050	0.00199	1.26	97539	194	389626	6230885	63.88
1987	5-9	0.00043	0.00216	2.15	97345	210	486127	5841259	60.01
1987	10-14	0.00056	0.00278	2.48	97135	270	484993	5355132	55.13
1987	15-19	0.00152	0.00758	2.45	96865	734	482450	4870139	50.28
1987	20-24	0.00297	0.01474	2.54	96131	1417	477162	4387689	45.64
1987	25-29	0.00440	0.02180	2.95	94714	2065	469332	3910527	41.29
1987	30-34	0.00639	0.03147	2.66	92649	2915	456430	3441196	37.14
1987	35-39	0.00812	0.03983	2.57	89734	3574	439973	2984766	33.26
1987	40-44	0.00945	0.04626	2.77	86160	3986	421922	2544793	29.54
1987	45-49	0.01315	0.06381	2.67	82174	5244	398673	2122871	25.83
1987	50-54	0.01740	0.08359	2.65	76930	6431	369532	1724198	22.41
1987	55-59	0.02186	0.10373	2.55	70499	7313	334614	1354666	19.22
1987	60-64	0.02875	0.13461	2.63	63186	8505	295790	1020052	16.14
1987	65-69	0.04226	0.19150	2.55	54681	10472	247776	724261	13.25
1987	70-74	0.05439	0.23962	2.52	44209	10593	194784	476485	10.78
1987	75-79	0.08222	0.34099	2.5	33616	11463	139411	281702	8.38
1987	80-84	0.12074	0.46020	2.42	22153	10195	84440	142291	6.42
1987	85-89	0.17743	0.59915	2.29	11958	7165	40382	57851	4.84
1987	90-94	0.25242	0.73138	2.13	4794	3506	13889	17469	3.64
1987	95-99	0.34518	0.83760	1.93	1288	1079	3125	3579	2.78
1987	100-104	0.45121	0.90934	1.72	209	190	421	455	2.18
1987	105-109	0.56219	0.95100	1.52	19	18	32	33	1.77
1987	110+	0.65120	1.00000	1.54	1	1	1	1	1.54
1988	0	0.02935	0.02861	0.12	100000	2861	97493	6234382	62.34
1988	1-4	0.00064	0.00256	1.93	97139	249	388040	6136889	63.18
1988	5-9	0.00024	0.00118	1.61	96890	114	484062	5748849	59.33
1988	10-14	0.00031	0.00156	3.9	96776	151	483712	5264787	54.40
1988	15-19	0.00259	0.01288	2.75	96625	1244	480329	4781075	49.48
1988	20-24	0.00356	0.01766	2.73	95380	1684	473078	4300745	45.09
1988	25-29	0.00440	0.02176	2.54	93696	2039	463465	3827667	40.85
1988	30-34	0.00738	0.03623	2.52	91657	3321	450050	3364202	36.70
1988	35-39	0.00823	0.04030	2.4	88336	3560	432410	2914152	32.99
1988	40-44	0.01074	0.05230	2.55	84776	4434	413013	2481743	29.27
1988	45-49	0.01236	0.06008	2.66	80341	4827	390392	2068730	25.75
1988	50-54	0.01477	0.07141	2.67	75515	5392	364990	1678338	22.23
1988	55-59	0.02109	0.10027	2.55	70123	7031	333396	1313348	18.73
1988	60-64	0.03327	0.15346	2.47	63091	9682	290983	979952	15.53
1988	65-69	0.04648	0.20851	2.53	53410	11136	239586	688969	12.90
1988	70-74	0.05836	0.25398	2.45	42273	10736	183954	449383	10.63
1988	75-79	0.07863	0.32936	2.54	31537	10387	132106	265429	8.42
1988	80-84	0.13115	0.48677	2.35	21150	10295	78498	133323	6.30
1988	85-89	0.17403	0.58923	2.26	10855	6396	36752	54824	5.05
1988	90-94	0.22703	0.68894	2.15	4459	3072	13530	18073	4.05
1988	95-99	0.29024	0.77755	2.01	1387	1078	3716	4542	3.27
1988	100-104	0.36259	0.84910	1.87	309	262	723	827	2.68
1988	105-109	0.44169	0.90174	1.72	47	42	95	104	2.24
1988	110+	0.50655	1.00000	1.97	5	5	9	9	1.97
1989	0	0.03423	0.03325	0.14	100000	3325	97130	6123447	61.23
1989	1-4	0.00086	0.00342	1.61	96675	331	385909	6026316	62.34
1989	5-9	0.00026	0.00129	3.33	96344	124	481514	5640407	58.54
1989	10-14	0.00068	0.00337	3.01	96220	324	480454	5158893	53.62
1989	15-19	0.00384	0.01902	2.74	95895	1824	475364	4678439	48.79
1989	20-24	0.00374	0.01855	2.59	94072	1745	466145	4203075	44.68
1989	25-29	0.00431	0.02131	2.47	92326	1967	456650	3736930	40.48
1989	30-34	0.00759	0.03726	2.62	90359	3367	443773	3280280	36.30
1989	35-39	0.01038	0.05054	2.46	86992	4397	423771	2836507	32.61
1989	40-44	0.01150	0.05583	2.44	82595	4612	401152	2412736	29.21
1989	45-49	0.01232	0.05978	2.55	77984	4662	378498	2011585	25.79
1989	50-54	0.01751	0.08416	2.69	73322	6171	352377	1633087	22.27
1989	55-59	0.02173	0.10351	2.7	67151	6950	319791	1280709	19.07
1989	60-64	0.03004	0.14040	2.68	60200	8452	281385	960918	15.96
1989	65-69	0.04354	0.19646	2.52	51748	10167	233499	679533	13.13
1989	70-74	0.05428	0.23960	2.55	41582	9963	183547	446035	10.73
1989	75-79	0.08364	0.34438	2.44	31619	10889	130182	262488	8.30
1989	80-84	0.12692	0.47595	2.37	20730	9866	77739	132306	6.38
1989	85-89	0.17338	0.58857	2.27	10864	6394	36878	54568	5.02
1989	90-94	0.23200	0.69790	2.15	4470	3119	13445	17690	3.96
1989	95-99	0.30284	0.79298	2	1350	1071	3536	4244	3.14
1989	100-104	0.38424	0.86663	1.83	280	242	630	708	2.53
1989	105-109	0.47268	0.91772	1.67	37	34	72	78	2.09
1989	110+	0.54527	1.00000	1.83	3	3	6	6	1.83
1990	0	0.03269	0.03179	0.13	100000	3179	97243	6170723	61.71
1990	1-4	0.00107	0.00428	1.75	96821	415	386351	6073480	62.73
1990	5-9	0.00044	0.00220	1.85	96406	212	481362	5687129	58.99
1990	10-14	0.00042	0.00211	2.37	96194	203	480437	5205767	54.12
1990	15-19	0.00427	0.02114	2.87	95991	2030	475631	4725330	49.23
1990	20-24	0.00401	0.01988	2.66	93962	1868	465435	4249699	45.23
1990	25-29	0.00525	0.02588	2.38	92094	2383	454216	3784264	41.09
1990	30-34	0.00721	0.03547	2.64	89711	3182	441031	3330048	37.12
1990	35-39	0.00973	0.04744	2.42	86529	4105	422067	2889017	33.39
1990	40-44	0.01071	0.05216	2.5	82424	4299	401381	2466949	29.93
1990	45-49	0.01337	0.06462	2.42	78125	5049	377609	2065568	26.44
1990	50-54	0.01643	0.07892	2.52	73077	5767	351086	1687959	23.10
1990	55-59	0.01946	0.09266	2.43	67309	6237	320538	1336873	19.86
1990	60-64	0.02818	0.13206	2.62	61072	8065	286166	1016336	16.64
1990	65-69	0.04101	0.18571	2.46	53007	9844	240035	730169	13.78
1990	70-74	0.05182	0.22902	2.47	43163	9885	190770	490135	11.36
1990	75-79	0.06845	0.28932	2.33	33278	9628	140659	299365	9.00
1990	80-84	0.11146	0.43399	2.45	23650	10264	92082	158706	6.71
1990	85-89	0.16934	0.58240	2.32	13386	7796	46036	66624	4.98
1990	90-94	0.24805	0.72596	2.14	5590	4058	16360	20587	3.68
1990	95-99	0.34724	0.84038	1.93	1532	1287	3707	4228	2.76
1990	100-104	0.46147	0.91505	1.7	245	224	485	520	2.13
1990	105-109	0.58037	0.95616	1.49	21	20	34	36	1.71
1990	110+	0.67482	1.00000	1.48	1	1	1	1	1.48
1991	0	0.03311	0.03218	0.13	100000	3218	97212	6171864	61.72
1991	1-4	0.00088	0.00350	1.49	96782	339	386276	6074652	62.77
1991	5-9	0.00019	0.00093	1.53	96443	90	481901	5688376	58.98
1991	10-14	0.00072	0.00358	3.34	96353	345	481190	5206475	54.04
1991	15-19	0.00536	0.02645	2.67	96007	2540	474115	4725285	49.22
1991	20-24	0.00461	0.02279	2.44	93468	2130	461884	4251170	45.48
1991	25-29	0.00444	0.02200	2.8	91338	2010	452266	3789286	41.49
1991	30-34	0.00598	0.02947	2.54	89328	2632	440175	3337020	37.36
1991	35-39	0.00939	0.04592	2.58	86696	3981	423841	2896846	33.41
1991	40-44	0.01023	0.04990	2.55	82715	4128	403467	2473004	29.90
1991	45-49	0.01465	0.07074	2.6	78587	5559	379594	2069537	26.33
1991	50-54	0.01632	0.07861	2.66	73028	5741	351684	1689943	23.14
1991	55-59	0.01888	0.09030	2.59	67287	6076	321786	1338259	19.89
1991	60-64	0.03101	0.14372	2.46	61211	8797	283722	1016473	16.61
1991	65-69	0.03855	0.17633	2.59	52414	9242	239758	732751	13.98
1991	70-74	0.05182	0.22984	2.54	43171	9923	191494	492993	11.42
1991	75-79	0.06867	0.29415	2.56	33249	9780	142419	301499	9.07
1991	80-84	0.11745	0.44955	2.39	23469	10550	89824	159080	6.78
1991	85-89	0.16007	0.55875	2.3	12918	7218	45094	69256	5.36
1991	90-94	0.21410	0.66767	2.18	5700	3806	17776	24162	4.24
1991	95-99	0.27997	0.76576	2.04	1894	1451	5181	6386	3.37
1991	100-104	0.35664	0.84488	1.89	444	375	1051	1205	2.72
1991	105-109	0.44134	0.90212	1.72	69	62	141	154	2.24
1991	110+	0.51118	1.00000	1.96	7	7	13	13	1.96
1992	0	0.02747	0.02683	0.12	100000	2683	97636	6175644	61.76
1992	1-4	0.00097	0.00387	1.87	97317	376	388470	6078008	62.46
1992	5-9	0.00036	0.00180	1.57	96941	175	484108	5689538	58.69
1992	10-14	0.00090	0.00447	2.54	96767	432	482771	5205431	53.79
1992	15-19	0.00502	0.02484	2.91	96334	2393	476666	4722660	49.02
1992	20-24	0.00468	0.02310	2.25	93942	2170	463741	4245994	45.20
1992	25-29	0.00512	0.02528	2.72	91772	2320	453581	3782253	41.21
1992	30-34	0.00736	0.03620	2.79	89452	3238	440101	3328672	37.21
1992	35-39	0.00959	0.04686	2.58	86214	4040	421281	2888571	33.50
1992	40-44	0.01254	0.06069	2.38	82174	4987	397801	2467290	30.03
1992	45-49	0.01257	0.06098	2.54	77187	4707	374353	2069490	26.81
1992	50-54	0.01300	0.06309	2.69	72480	4573	351838	1695137	23.39
1992	55-59	0.02077	0.09886	2.56	67907	6713	323134	1343299	19.78
1992	60-64	0.02887	0.13452	2.46	61194	8232	285088	1020165	16.67
1992	65-69	0.03875	0.17715	2.58	52962	9382	242106	735078	13.88
1992	70-74	0.05177	0.23063	2.64	43580	10051	194166	492972	11.31
1992	75-79	0.07198	0.30739	2.63	33529	10306	143193	298806	8.91
1992	80-84	0.11134	0.43372	2.45	23223	10072	90463	155613	6.70
1992	85-89	0.17008	0.58417	2.32	13151	7682	45169	65150	4.95
1992	90-94	0.25021	0.72932	2.14	5468	3988	15939	19981	3.65
1992	95-99	0.35127	0.84406	1.92	1480	1249	3557	4042	2.73
1992	100-104	0.46745	0.91796	1.69	231	212	453	485	2.10
1992	105-109	0.58779	0.95801	1.48	19	18	31	32	1.69
1992	110+	0.68296	1.00000	1.46	1	1	1	1	1.46
1993	0	0.02294	0.02248	0.11	100000	2248	97991	6132594	61.33
1993	1-4	0.00117	0.00465	1	97752	454	389643	6034603	61.73
1993	5-9	0.00018	0.00089	1.88	97298	86	486220	5644959	58.02
1993	10-14	0.00035	0.00173	3.72	97212	168	485843	5158739	53.07
1993	15-19	0.00678	0.03345	2.98	97043	3246	478655	4672896	48.15
1993	20-24	0.00409	0.02024	2.25	93798	1898	463763	4194241	44.72
1993	25-29	0.00425	0.02106	2.62	91899	1935	454885	3730478	40.59
1993	30-34	0.00722	0.03550	2.71	89964	3193	442497	3275594	36.41
1993	35-39	0.01066	0.05188	2.39	86771	4502	422127	2833097	32.65
1993	40-44	0.01321	0.06380	2.33	82269	5249	397356	2410971	29.31
1993	45-49	0.01385	0.06683	2.39	77020	5147	371658	2013614	26.14
1993	50-54	0.01722	0.08293	2.76	71873	5960	346029	1641956	22.85
1993	55-59	0.02165	0.10312	2.71	65913	6797	313999	1295927	19.66
1993	60-64	0.02790	0.13039	2.5	59116	7708	276311	981928	16.61
1993	65-69	0.04072	0.18555	2.61	51408	9539	234248	705618	13.73
1993	70-74	0.05199	0.23018	2.51	41869	9637	185376	471370	11.26
1993	75-79	0.07471	0.31268	2.4	32232	10078	134908	285994	8.87
1993	80-84	0.11191	0.43458	2.43	22154	9627	86028	151086	6.82
1993	85-89	0.16266	0.56622	2.32	12526	7093	43605	65058	5.19
1993	90-94	0.22990	0.69632	2.17	5434	3784	16457	21453	3.95
1993	95-99	0.31394	0.80688	1.99	1650	1331	4241	4996	3.03
1993	100-104	0.41191	0.88691	1.79	319	283	686	755	2.37
1993	105-109	0.51752	0.93686	1.6	36	34	65	69	1.91
1993	110+	0.60379	1.00000	1.66	2	2	4	4	1.66
1994	0	0.02496	0.02441	0.11	100000	2441	97832	6130988	61.31
1994	1-4	0.00082	0.00325	1.54	97559	318	389453	6033156	61.84
1994	5-9	0.00038	0.00190	1.26	97241	185	485513	5643703	58.04
1994	10-14	0.00075	0.00376	3.49	97056	365	484729	5158190	53.15
1994	15-19	0.00554	0.02742	3.16	96691	2651	478571	4673462	48.33
1994	20-24	0.00478	0.02359	2.31	94040	2218	464226	4194891	44.61
1994	25-29	0.00438	0.02170	2.88	91822	1992	454877	3730665	40.63
1994	30-34	0.00668	0.03289	2.68	89829	2955	442305	3275788	36.47
1994	35-39	0.01131	0.05508	2.66	86875	4785	423175	2833482	32.62
1994	40-44	0.01391	0.06719	2.47	82090	5516	396496	2410307	29.36
1994	45-49	0.01509	0.07262	2.4	76574	5561	368388	2013811	26.30
1994	50-54	0.01582	0.07628	2.66	71013	5417	342417	1645423	23.17
1994	55-59	0.02017	0.09607	2.54	65596	6302	312494	1303006	19.86
1994	60-64	0.02761	0.12876	2.38	59294	7634	276505	990513	16.70
1994	65-69	0.03854	0.17573	2.49	51660	9078	235540	714008	13.82
1994	70-74	0.05265	0.23285	2.52	42582	9915	188314	478467	11.24
1994	75-79	0.07070	0.30103	2.54	32667	9834	139096	290154	8.88
1994	80-84	0.11431	0.44221	2.44	22833	10097	88328	151058	6.62
1994	85-89	0.17212	0.58831	2.31	12736	7493	43532	62730	4.93
1994	90-94	0.25012	0.72875	2.14	5243	3821	15277	19198	3.66
1994	95-99	0.34785	0.84066	1.93	1422	1196	3437	3921	2.76
1994	100-104	0.46008	0.91421	1.7	227	207	450	484	2.13
1994	105-109	0.57694	0.95519	1.5	19	19	32	33	1.72
1994	110+	0.66996	1.00000	1.49	1	1	1	1	1.49
1995	0	0.01779	0.01751	0.09	100000	1751	98412	6258198	62.58
1995	1-4	0.00053	0.00212	2	98249	208	392581	6159786	62.70
1995	5-9	0.00032	0.00157	1.83	98041	154	489717	5767205	58.82
1995	10-14	0.00055	0.00277	3.37	97887	271	488993	5277488	53.91
1995	15-19	0.00536	0.02651	3.02	97616	2588	482964	4788495	49.05
1995	20-24	0.00433	0.02140	2.41	95028	2033	469867	4305532	45.31
1995	25-29	0.00405	0.02005	2.64	92995	1864	460577	3835665	41.25
1995	30-34	0.00663	0.03263	2.64	91131	2973	448625	3375088	37.04
1995	35-39	0.00966	0.04719	2.62	88157	4160	430900	2926462	33.20
1995	40-44	0.01316	0.06377	2.58	83997	5357	407006	2495562	29.71
1995	45-49	0.01496	0.07221	2.58	78640	5678	379479	2088556	26.56
1995	50-54	0.01547	0.07462	2.63	72962	5445	351891	1709078	23.42
1995	55-59	0.02081	0.09907	2.59	67518	6689	321475	1357186	20.10
1995	60-64	0.02886	0.13490	2.59	60829	8206	284328	1035711	17.03
1995	65-69	0.03458	0.15957	2.59	52623	8397	242855	751383	14.28
1995	70-74	0.04864	0.21689	2.51	44226	9592	197214	508528	11.50
1995	75-79	0.06692	0.28336	2.3	34634	9814	146642	311313	8.99
1995	80-84	0.11508	0.44411	2.43	24820	11023	95789	164672	6.63
1995	85-89	0.17013	0.58346	2.31	13797	8050	47318	68883	4.99
1995	90-94	0.24360	0.71842	2.15	5747	4129	16949	21565	3.75
1995	95-99	0.33531	0.82870	1.95	1618	1341	3999	4615	2.85
1995	100-104	0.44110	0.90421	1.74	277	251	568	616	2.22
1995	105-109	0.55282	0.94843	1.54	27	25	46	48	1.80
1995	110+	0.64284	1.00000	1.56	1	1	2	2	1.56
1996	0	0.01936	0.01903	0.1	100000	1903	98282	6356321	63.56
1996	1-4	0.00077	0.00305	1.66	98097	300	391688	6258039	63.79
1996	5-9	0.00036	0.00182	1.87	97798	178	488433	5866351	59.98
1996	10-14	0.00063	0.00317	3.63	97620	309	487676	5377918	55.09
1996	15-19	0.00433	0.02147	3.04	97311	2090	482456	4890241	50.25
1996	20-24	0.00477	0.02353	2.2	95221	2241	469827	4407786	46.29
1996	25-29	0.00345	0.01711	2.72	92980	1591	461275	3937959	42.35
1996	30-34	0.00526	0.02599	2.73	91390	2375	451569	3476683	38.04
1996	35-39	0.00841	0.04118	2.47	89015	3666	435797	3025114	33.98
1996	40-44	0.01209	0.05876	2.61	85349	5015	414751	2589317	30.34
1996	45-49	0.01365	0.06608	2.59	80334	5308	388863	2174566	27.07
1996	50-54	0.01326	0.06411	2.44	75026	4810	362806	1785703	23.80
1996	55-59	0.02052	0.09786	2.64	70216	6871	334859	1422897	20.26
1996	60-64	0.02723	0.12815	2.7	63345	8118	298088	1088038	17.18
1996	65-69	0.03369	0.15586	2.6	55227	8608	255482	789950	14.30
1996	70-74	0.05099	0.22609	2.5	46619	10540	206699	534468	11.46
1996	75-79	0.06346	0.27189	2.37	36079	9810	154581	327769	9.08
1996	80-84	0.11275	0.43818	2.46	26269	11511	102095	173189	6.59
1996	85-89	0.17543	0.59636	2.32	14759	8801	50170	71094	4.82
1996	90-94	0.26165	0.74627	2.12	5957	4446	16990	20924	3.51
1996	95-99	0.37029	0.86020	1.89	1511	1300	3511	3933	2.60
1996	100-104	0.49374	0.92956	1.65	211	196	398	422	2.00
1996	105-109	0.61871	0.96492	1.43	15	14	23	24	1.61
1996	110+	0.71547	1.00000	1.4	1	1	1	1	1.40
1997	0	0.01821	0.01791	0.09	100000	1791	98377	6603830	66.04
1997	1-4	0.00063	0.00252	1.3	98209	248	392164	6505453	66.24
1997	5-9	0.00020	0.00101	2	97961	99	489507	6113289	62.41
1997	10-14	0.00057	0.00285	2.39	97862	279	488580	5623782	57.47
1997	15-19	0.00417	0.02072	3.24	97583	2021	484360	5135202	52.62
1997	20-24	0.00432	0.02136	2.39	95562	2042	472483	4650842	48.67
1997	25-29	0.00219	0.01089	2.73	93520	1018	465292	4178359	44.68
1997	30-34	0.00304	0.01509	2.61	92502	1396	459177	3713067	40.14
1997	35-39	0.00528	0.02607	2.63	91106	2375	449910	3253890	35.72
1997	40-44	0.00830	0.04060	2.36	88731	3603	434160	2803980	31.60
1997	45-49	0.01103	0.05362	2.39	85128	4564	413731	2369820	27.84
1997	50-54	0.01434	0.06931	2.59	80564	5584	389341	1956089	24.28
1997	55-59	0.01902	0.09086	2.55	74980	6813	358200	1566748	20.90
1997	60-64	0.02717	0.12744	2.57	68167	8687	319768	1208548	17.73
1997	65-69	0.03279	0.15179	2.56	59480	9028	275369	888780	14.94
1997	70-74	0.04329	0.19536	2.51	50452	9856	227669	613412	12.16
1997	75-79	0.06034	0.26279	2.55	40596	10668	176808	385742	9.50
1997	80-84	0.10813	0.42340	2.44	29927	12671	117188	208935	6.98
1997	85-89	0.15765	0.55468	2.33	17256	9572	60715	91747	5.32
1997	90-94	0.22363	0.68600	2.18	7684	5272	23573	31032	4.04
1997	95-99	0.30657	0.79903	2	2413	1928	6289	7459	3.09
1997	100-104	0.40388	0.88183	1.81	485	428	1059	1170	2.41
1997	105-109	0.50946	0.93400	1.61	57	54	105	111	1.94
1997	110+	0.59601	1.00000	1.68	4	4	6	6	1.68
1998	0	0.01651	0.01627	0.09	100000	1627	98519	6741179	67.41
1998	1-4	0.00064	0.00255	1.93	98373	251	392973	6642661	67.52
1998	5-9	0.00033	0.00163	1.85	98123	160	490108	6249687	63.69
1998	10-14	0.00022	0.00111	3.54	97962	108	489654	5759580	58.79
1998	15-19	0.00245	0.01219	2.82	97854	1193	486667	5269926	53.85
1998	20-24	0.00290	0.01441	2.46	96661	1393	479774	4783259	49.48
1998	25-29	0.00231	0.01149	2.14	95269	1095	473217	4303485	45.17
1998	30-34	0.00357	0.01774	2.87	94174	1671	467318	3830267	40.67
1998	35-39	0.00528	0.02611	2.88	92504	2415	457402	3362950	36.35
1998	40-44	0.00775	0.03803	2.59	90088	3426	442195	2905548	32.25
1998	45-49	0.01028	0.05017	2.65	86662	4348	423085	2463353	28.42
1998	50-54	0.01064	0.05191	2.67	82315	4273	401631	2040268	24.79
1998	55-59	0.01718	0.08273	2.76	78041	6457	375765	1638638	21.00
1998	60-64	0.02647	0.12478	2.71	71585	8932	337480	1262872	17.64
1998	65-69	0.03451	0.15993	2.71	62653	10020	290351	925392	14.77
1998	70-74	0.04848	0.21683	2.57	52633	11412	235391	635041	12.07
1998	75-79	0.06673	0.28572	2.49	41221	11778	176499	399650	9.70
1998	80-84	0.09945	0.39625	2.44	29443	11667	117316	223151	7.58
1998	85-89	0.13870	0.50716	2.35	17776	9015	65002	105835	5.95
1998	90-94	0.18987	0.62288	2.24	8761	5457	28740	40834	4.66
1998	95-99	0.25398	0.73145	2.1	3304	2417	9515	12093	3.66
1998	100-104	0.33056	0.82193	1.94	887	729	2206	2579	2.91
1998	105-109	0.41713	0.88872	1.77	158	140	337	373	2.36
1998	110+	0.48909	1.00000	2.04	18	18	36	36	2.04
1999	0	0.01822	0.01792	0.09	100000	1792	98376	6735281	67.35
1999	1-4	0.00047	0.00186	1.14	98208	183	392309	6636905	67.58
1999	5-9	0.00038	0.00190	2.49	98025	187	489659	6244596	63.70
1999	10-14	0.00029	0.00143	3.61	97839	140	488999	5754937	58.82
1999	15-19	0.00267	0.01326	2.87	97699	1296	485740	5265938	53.90
1999	20-24	0.00235	0.01165	2.12	96403	1123	478784	4780197	49.59
1999	25-29	0.00226	0.01124	2.45	95281	1071	473672	4301413	45.14
1999	30-34	0.00286	0.01419	2.8	94210	1337	468108	3827742	40.63
1999	35-39	0.00442	0.02187	2.49	92873	2031	459269	3359634	36.17
1999	40-44	0.00750	0.03684	2.64	90842	3347	446311	2900365	31.93
1999	45-49	0.01065	0.05180	2.34	87495	4532	425410	2454053	28.05
1999	50-54	0.01373	0.06638	2.52	82963	5507	401184	2028643	24.45
1999	55-59	0.01731	0.08315	2.64	77456	6440	372109	1627459	21.01
1999	60-64	0.02579	0.12161	2.66	71016	8637	334844	1255349	17.68
1999	65-69	0.03061	0.14284	2.66	62379	8910	291062	920505	14.76
1999	70-74	0.04681	0.20981	2.53	53469	11218	239636	629443	11.77
1999	75-79	0.06895	0.29623	2.63	42251	12516	181529	389806	9.23
1999	80-84	0.10794	0.42277	2.44	29735	12571	116460	208278	7.00
1999	85-89	0.15667	0.55226	2.33	17164	9479	60503	91817	5.35
1999	90-94	0.22141	0.68211	2.19	7685	5242	23675	31314	4.07
1999	95-99	0.30272	0.79464	2.01	2443	1941	6413	7639	3.13
1999	100-104	0.39824	0.87798	1.82	502	440	1106	1227	2.45
1999	105-109	0.50224	0.93120	1.62	61	57	113	121	1.97
1999	110+	0.58765	1.00000	1.7	4	4	7	7	1.70
2000	0	0.01701	0.01675	0.09	100000	1675	98477	6804715	68.05
2000	1-4	0.00055	0.00218	1.2	98325	214	392699	6706238	68.21
2000	5-9	0.00022	0.00112	2.96	98111	110	490328	6313539	64.35
2000	10-14	0.00028	0.00141	3.82	98001	138	489839	5823211	59.42
2000	15-19	0.00188	0.00939	3.01	97862	919	487484	5333371	54.50
2000	20-24	0.00260	0.01293	2.47	96944	1253	481545	4845887	49.99
2000	25-29	0.00191	0.00952	2.58	95691	911	476245	4364342	45.61
2000	30-34	0.00290	0.01441	2.74	94780	1366	470818	3888098	41.02
2000	35-39	0.00432	0.02137	2.73	93414	1996	462550	3417279	36.58
2000	40-44	0.00749	0.03685	2.87	91418	3369	449900	2954730	32.32
2000	45-49	0.01080	0.05258	2.52	88049	4630	428743	2504830	28.45
2000	50-54	0.01281	0.06202	2.47	83419	5174	404022	2076087	24.89
2000	55-59	0.01677	0.08091	2.84	78246	6331	377550	1672065	21.37
2000	60-64	0.02387	0.11287	2.59	71914	8117	340049	1294515	18.00
2000	65-69	0.03127	0.14499	2.5	63797	9250	295842	954466	14.96
2000	70-74	0.04478	0.20169	2.54	54548	11001	245670	658624	12.07
2000	75-79	0.06510	0.27970	2.48	43546	12180	187091	412954	9.48
2000	80-84	0.10038	0.40043	2.48	31366	12560	125118	225863	7.20
2000	85-89	0.15346	0.54580	2.36	18806	10264	66886	100745	5.36
2000	90-94	0.22676	0.69260	2.19	8542	5916	26090	33859	3.96
2000	95-99	0.32093	0.81558	1.99	2626	2142	6673	7769	2.96
2000	100-104	0.43192	0.89990	1.76	484	436	1009	1096	2.26
2000	105-109	0.55049	0.94819	1.54	48	46	83	87	1.80
2000	110+	0.64625	1.00000	1.55	3	3	4	4	1.55
2001	0	0.01449	0.01430	0.08	100000	1430	98690	6798436	67.98
2001	1-4	0.00047	0.00186	0.87	98570	183	393708	6699746	67.97
2001	5-9	0.00024	0.00120	1.69	98387	118	491546	6306038	64.09
2001	10-14	0.00050	0.00250	2.15	98269	245	490647	5814492	59.17
2001	15-19	0.00225	0.01119	2.93	98024	1096	487847	5323845	54.31
2001	20-24	0.00339	0.01682	2.3	96928	1630	480236	4835999	49.89
2001	25-29	0.00253	0.01255	2.57	95297	1196	473585	4355763	45.71
2001	30-34	0.00256	0.01274	2.66	94101	1199	467704	3882178	41.26
2001	35-39	0.00447	0.02212	2.69	92903	2055	459774	3414475	36.75
2001	40-44	0.00705	0.03468	2.65	90848	3151	446821	2954700	32.52
2001	45-49	0.01078	0.05262	2.72	87697	4614	427965	2507880	28.60
2001	50-54	0.01416	0.06832	2.45	83083	5676	400910	2079915	25.03
2001	55-59	0.01634	0.07859	2.56	77406	6083	372187	1679004	21.69
2001	60-64	0.02152	0.10213	2.5	71323	7284	338434	1306817	18.32
2001	65-69	0.02795	0.13048	2.45	64039	8356	298919	968383	15.12
2001	70-74	0.04630	0.20897	2.67	55683	11636	251333	669464	12.02
2001	75-79	0.06454	0.27961	2.61	44047	12316	190837	418130	9.49
2001	80-84	0.10169	0.40437	2.47	31731	12831	126179	227294	7.16
2001	85-89	0.15418	0.54734	2.35	18900	10345	67095	101115	5.35
2001	90-94	0.22621	0.69145	2.19	8555	5916	26151	34020	3.98
2001	95-99	0.31841	0.81276	1.99	2640	2146	6738	7869	2.98
2001	100-104	0.42702	0.89694	1.77	494	443	1038	1131	2.29
2001	105-109	0.54340	0.94597	1.55	51	48	89	93	1.83
2001	110+	0.63770	1.00000	1.57	3	3	4	4	1.57
2002	0	0.01302	0.01286	0.08	100000	1286	98817	6832619	68.33
2002	1-4	0.00031	0.00122	2.06	98714	120	394622	6733802	68.22
2002	5-9	0.00025	0.00125	2.44	98593	123	492651	6339181	64.30
2002	10-14	0.00019	0.00093	2.58	98470	92	492129	5846529	59.37
2002	15-19	0.00207	0.01031	2.84	98378	1015	489705	5354400	54.43
2002	20-24	0.00334	0.01658	2.41	97364	1614	482638	4864696	49.96
2002	25-29	0.00266	0.01322	2.43	95750	1266	475494	4382058	45.77
2002	30-34	0.00230	0.01146	2.59	94483	1082	469812	3906564	41.35
2002	35-39	0.00453	0.02244	2.71	93401	2096	462211	3436752	36.80
2002	40-44	0.00731	0.03598	2.79	91305	3285	449274	2974542	32.58
2002	45-49	0.01047	0.05105	2.58	88020	4494	429204	2525268	28.69
2002	50-54	0.01470	0.07087	2.49	83526	5919	402751	2096064	25.09
2002	55-59	0.01503	0.07248	2.57	77607	5625	374344	1693312	21.82
2002	60-64	0.02280	0.10810	2.62	71982	7782	341360	1318968	18.32
2002	65-69	0.02915	0.13610	2.56	64200	8738	299699	977608	15.23
2002	70-74	0.04459	0.20132	2.59	55463	11166	250413	677909	12.22
2002	75-79	0.06191	0.26844	2.52	44297	11891	192053	427496	9.65
2002	80-84	0.09899	0.39607	2.48	32406	12835	129666	235443	7.27
2002	85-89	0.15157	0.54126	2.36	19571	10593	69888	105777	5.40
2002	90-94	0.22437	0.68864	2.2	8978	6183	27556	35889	4.00
2002	95-99	0.31815	0.81277	1.99	2795	2272	7141	8334	2.98
2002	100-104	0.42897	0.89828	1.76	523	470	1096	1192	2.28
2002	105-109	0.54770	0.94739	1.55	53	50	92	96	1.81
2002	110+	0.64373	1.00000	1.55	3	3	4	4	1.55
2003	0	0.01258	0.01244	0.08	100000	1244	98854	6926543	69.27
2003	1-4	0.00031	0.00124	1.28	98756	122	394691	6827689	69.14
2003	5-9	0.00020	0.00098	2.78	98634	97	492954	6432998	65.22
2003	10-14	0.00023	0.00116	2.27	98537	114	492373	5940043	60.28
2003	15-19	0.00185	0.00922	2.93	98423	907	490240	5447670	55.35
2003	20-24	0.00352	0.01747	2.57	97516	1703	483444	4957431	50.84
2003	25-29	0.00211	0.01048	2.24	95812	1004	476294	4473986	46.70
2003	30-34	0.00232	0.01154	2.53	94808	1094	471335	3997692	42.17
2003	35-39	0.00425	0.02105	2.91	93713	1972	464443	3526357	37.63
2003	40-44	0.00648	0.03191	2.77	91741	2928	452181	3061914	33.38
2003	45-49	0.01187	0.05774	2.62	88813	5128	431849	2609733	29.38
2003	50-54	0.01256	0.06091	2.56	83685	5098	405982	2177884	26.02
2003	55-59	0.01629	0.07836	2.57	78588	6158	377955	1771902	22.55
2003	60-64	0.01647	0.07916	2.53	72430	5733	348001	1393947	19.25
2003	65-69	0.02591	0.12177	2.54	66697	8122	313467	1045946	15.68
2003	70-74	0.04303	0.19348	2.4	58575	11333	263362	732478	12.50
2003	75-79	0.05539	0.24334	2.51	47242	11496	207534	469116	9.93
2003	80-84	0.09565	0.38600	2.5	35746	13798	144249	261582	7.32
2003	85-89	0.15187	0.54280	2.37	21948	11913	78442	117333	5.35
2003	90-94	0.23165	0.70173	2.19	10035	7042	30397	38891	3.88
2003	95-99	0.33566	0.83104	1.96	2993	2487	7410	8493	2.84
2003	100-104	0.45807	0.91429	1.71	506	462	1009	1083	2.14
2003	105-109	0.58634	0.95809	1.49	43	42	71	73	1.69
2003	110+	0.68780	1.00000	1.45	2	2	3	3	1.45
2004	0	0.01295	0.01280	0.08	100000	1280	98822	6977770	69.78
2004	1-4	0.00032	0.00128	1.77	98720	126	394600	6878948	69.68
2004	5-9	0.00042	0.00212	1.93	98594	209	492328	6484348	65.77
2004	10-14	0.00043	0.00213	3.24	98385	210	491556	5992020	60.90
2004	15-19	0.00248	0.01233	2.59	98175	1210	487954	5500464	56.03
2004	20-24	0.00239	0.01190	2.34	96965	1154	481760	5012510	51.69
2004	25-29	0.00179	0.00892	2.45	95811	854	476882	4530750	47.29
2004	30-34	0.00246	0.01223	2.46	94957	1162	471838	4053869	42.69
2004	35-39	0.00296	0.01470	2.42	93795	1379	465423	3582031	38.19
2004	40-44	0.00623	0.03072	2.81	92416	2839	455861	3116608	33.72
2004	45-49	0.00884	0.04331	2.63	89577	3879	438685	2660748	29.70
2004	50-54	0.01269	0.06161	2.66	85698	5279	416114	2222062	25.93
2004	55-59	0.01467	0.07071	2.46	80418	5686	387651	1805948	22.46
2004	60-64	0.02019	0.09610	2.5	74732	7181	355698	1418297	18.98
2004	65-69	0.02772	0.13001	2.62	67551	8782	316828	1062599	15.73
2004	70-74	0.04321	0.19488	2.49	58768	11453	265045	745770	12.69
2004	75-79	0.05116	0.22766	2.58	47316	10772	210561	480726	10.16
2004	80-84	0.09515	0.38420	2.5	36544	14040	147553	270165	7.39
2004	85-89	0.14881	0.53498	2.37	22504	12039	80899	122611	5.45
2004	90-94	0.22435	0.68921	2.2	10465	7212	32149	41712	3.99
2004	95-99	0.32268	0.81800	1.99	3252	2660	8245	9563	2.94
2004	100-104	0.43921	0.90439	1.75	592	535	1219	1319	2.23
2004	105-109	0.56326	0.95207	1.52	57	54	96	100	1.76
2004	110+	0.66279	1.00000	1.51	3	3	4	4	1.51
2005	0	0.01746	0.01719	0.09	100000	1719	98439	6963942	69.64
2005	1-4	0.00040	0.00161	2.12	98281	159	392825	6865503	69.86
2005	5-9	0.00038	0.00192	2.65	98122	188	490169	6472678	65.97
2005	10-14	0.00032	0.00157	2.89	97934	154	489346	5982508	61.09
2005	15-19	0.00216	0.01077	2.79	97780	1053	486576	5493162	56.18
2005	20-24	0.00264	0.01314	2.71	96727	1271	480726	5006586	51.76
2005	25-29	0.00186	0.00924	2.16	95456	882	474778	4525860	47.41
2005	30-34	0.00206	0.01026	2.71	94574	970	470651	4051082	42.84
2005	35-39	0.00337	0.01671	2.78	93604	1564	464552	3580431	38.25
2005	40-44	0.00544	0.02682	2.43	92040	2468	453842	3115879	33.85
2005	45-49	0.00837	0.04097	2.47	89571	3669	438579	2662037	29.72
2005	50-54	0.01335	0.06450	2.4	85902	5541	415096	2223458	25.88
2005	55-59	0.01480	0.07143	2.56	80361	5740	387776	1808362	22.50
2005	60-64	0.02092	0.09943	2.5	74620	7419	354566	1420586	19.04
2005	65-69	0.02746	0.12861	2.53	67201	8643	314697	1066020	15.86
2005	70-74	0.03921	0.17938	2.63	58558	10504	267872	751323	12.83
2005	75-79	0.05737	0.25101	2.51	48054	12062	210242	483451	10.06
2005	80-84	0.09011	0.36811	2.51	35992	13249	147033	273209	7.59
2005	85-89	0.14405	0.52356	2.39	22743	11907	82658	126176	5.55
2005	90-94	0.22144	0.68489	2.22	10836	7421	33514	43518	4.02
2005	95-99	0.32353	0.81947	1.99	3414	2798	8648	10004	2.93
2005	100-104	0.44522	0.90800	1.74	616	560	1257	1355	2.20
2005	105-109	0.57435	0.95523	1.51	57	54	94	98	1.73
2005	110+	0.67728	1.00000	1.48	3	3	4	4	1.48
2006	0	0.01439	0.01420	0.08	100000	1420	98699	7046253	70.46
2006	1-4	0.00056	0.00223	1.54	98580	219	393780	6947555	70.48
2006	5-9	0.00040	0.00197	1.73	98361	194	491168	6553775	66.63
2006	10-14	0.00059	0.00293	3.39	98166	288	490368	6062607	61.76
2006	15-19	0.00145	0.00723	2.7	97879	708	487768	5572239	56.93
2006	20-24	0.00158	0.00786	2.66	97171	764	484065	5084471	52.33
2006	25-29	0.00217	0.01080	2.62	96407	1042	479552	4600405	47.72
2006	30-34	0.00235	0.01168	2.47	95365	1114	474003	4120854	43.21
2006	35-39	0.00292	0.01450	2.72	94251	1367	468144	3646851	38.69
2006	40-44	0.00541	0.02671	2.6	92884	2481	458456	3178707	34.22
2006	45-49	0.00731	0.03593	2.66	90403	3248	444424	2720251	30.09
2006	50-54	0.01363	0.06598	2.61	87155	5751	422017	2275827	26.11
2006	55-59	0.01342	0.06496	2.53	81404	5288	393973	1853810	22.77
2006	60-64	0.01887	0.09023	2.57	76116	6868	363895	1459838	19.18
2006	65-69	0.02816	0.13266	2.82	69249	9187	326211	1095943	15.83
2006	70-74	0.03911	0.17760	2.41	60062	10667	272730	769732	12.82
2006	75-79	0.05722	0.25066	2.53	49395	12381	216366	497002	10.06
2006	80-84	0.09293	0.37679	2.49	37013	13946	150073	280636	7.58
2006	85-89	0.14243	0.51859	2.38	23067	11962	83986	130564	5.66
2006	90-94	0.21144	0.66620	2.22	11105	7398	34988	46578	4.19
2006	95-99	0.30129	0.79461	2.03	3707	2945	9776	11589	3.13
2006	100-104	0.40895	0.88628	1.8	761	675	1650	1813	2.38
2006	105-109	0.52627	0.94067	1.58	87	81	155	163	1.88
2006	110+	0.62218	1.00000	1.61	5	5	8	8	1.61
2007	0	0.01348	0.01331	0.08	100000	1331	98777	7144224	71.44
2007	1-4	0.00040	0.00160	1.74	98669	158	394317	7045447	71.41
2007	5-9	0.00024	0.00119	2.23	98510	118	492225	6651131	67.52
2007	10-14	0.00028	0.00138	2.95	98393	136	491685	6158905	62.60
2007	15-19	0.00148	0.00736	2.93	98257	723	489785	5667220	57.68
2007	20-24	0.00169	0.00840	2.54	97534	819	485653	5177435	53.08
2007	25-29	0.00193	0.00960	2.51	96715	929	481260	4691782	48.51
2007	30-34	0.00263	0.01310	2.75	95786	1254	476111	4210522	43.96
2007	35-39	0.00315	0.01567	3.06	94531	1481	469789	3734411	39.50
2007	40-44	0.00450	0.02225	2.71	93051	2070	460502	3264622	35.08
2007	45-49	0.00694	0.03420	2.93	90980	3112	448455	2804120	30.82
2007	50-54	0.01178	0.05726	2.53	87869	5031	426921	2355665	26.81
2007	55-59	0.01450	0.07010	2.61	82838	5807	400339	1928744	23.28
2007	60-64	0.01870	0.08940	2.55	77031	6886	368277	1528405	19.84
2007	65-69	0.02844	0.13260	2.46	70145	9301	327096	1160128	16.54
2007	70-74	0.03375	0.15516	2.41	60844	9441	279746	833031	13.69
2007	75-79	0.05314	0.23388	2.44	51403	12022	226222	553285	10.76
2007	80-84	0.06588	0.28548	2.66	39381	11243	170648	327064	8.31
2007	85-89	0.13292	0.49901	2.5	28138	14041	105634	156416	5.56
2007	90-94	0.24664	0.73217	2.23	14097	10321	41848	50782	3.60
2007	95-99	0.40822	0.89305	1.85	3776	3372	8260	8935	2.37
2007	100-104	0.59330	0.96254	1.49	404	389	655	675	1.67
2007	105-109	0.75834	0.98495	1.24	15	15	20	20	1.32
2007	110+	0.86278	1.00000	1.16	0	0	0	0	1.16
2008	0	0.01302	0.01286	0.08	100000	1286	98816	7125564	71.26
2008	1-4	0.00093	0.00370	1.8	98714	365	394052	7026747	71.18
2008	5-9	0.00032	0.00159	3.25	98348	157	491467	6632696	67.44
2008	10-14	0.00046	0.00228	2.47	98191	223	490392	6141229	62.54
2008	15-19	0.00187	0.00932	2.59	97968	913	487644	5650837	57.68
2008	20-24	0.00151	0.00752	2.16	97055	730	483201	5163193	53.20
2008	25-29	0.00191	0.00950	3	96325	915	479791	4679992	48.59
2008	30-34	0.00179	0.00892	2.53	95410	851	474953	4200201	44.02
2008	35-39	0.00278	0.01382	2.71	94559	1306	469806	3725248	39.40
2008	40-44	0.00455	0.02250	2.53	93253	2098	461078	3255442	34.91
2008	45-49	0.00630	0.03103	2.56	91155	2829	448861	2794364	30.66
2008	50-54	0.01215	0.05901	2.55	88326	5212	428869	2345503	26.56
2008	55-59	0.01734	0.08339	2.71	83114	6931	399714	1916634	23.06
2008	60-64	0.01866	0.08939	2.65	76183	6810	364928	1516920	19.91
2008	65-69	0.02474	0.11634	2.44	69373	8071	326189	1151993	16.61
2008	70-74	0.03365	0.15507	2.47	61302	9506	282498	825804	13.47
2008	75-79	0.05598	0.24459	2.42	51796	12669	226300	543306	10.49
2008	80-84	0.08300	0.34411	2.52	39127	13464	162220	317007	8.10
2008	85-89	0.12958	0.48524	2.41	25663	12453	96100	154787	6.03
2008	90-94	0.19600	0.63783	2.26	13210	8426	42988	58687	4.44
2008	95-99	0.28441	0.77524	2.07	4784	3709	13041	15698	3.28
2008	100-104	0.39252	0.87583	1.84	1075	942	2399	2657	2.47
2008	105-109	0.51235	0.93613	1.61	134	125	244	258	1.93
2008	110+	0.61112	1.00000	1.64	9	9	14	14	1.64
2009	0	0.01388	0.01371	0.08	100000	1371	98742	7232543	72.33
2009	1-4	0.00014	0.00057	0.5	98629	57	394318	7133801	72.33
2009	5-9	0.00032	0.00161	2.58	98573	159	492479	6739482	68.37
2009	10-14	0.00053	0.00264	2.07	98414	259	491310	6247003	63.48
2009	15-19	0.00142	0.00710	2.65	98155	697	489136	5755693	58.64
2009	20-24	0.00152	0.00758	2.54	97458	738	485475	5266556	54.04
2009	25-29	0.00163	0.00814	2.56	96719	787	481675	4781081	49.43
2009	30-34	0.00163	0.00811	2.63	95932	778	477816	4299406	44.82
2009	35-39	0.00286	0.01419	2.71	95155	1351	472674	3821590	40.16
2009	40-44	0.00383	0.01900	2.73	93804	1783	464969	3348915	35.70
2009	45-49	0.00636	0.03137	2.8	92021	2887	453764	2883946	31.34
2009	50-54	0.01058	0.05158	2.59	89135	4598	434586	2430182	27.26
2009	55-59	0.01608	0.07724	2.47	84537	6530	406159	1995596	23.61
2009	60-64	0.01577	0.07602	2.63	78007	5930	375987	1589437	20.38
2009	65-69	0.02446	0.11573	2.69	72078	8342	341088	1213450	16.84
2009	70-74	0.03431	0.15758	2.42	63736	10044	292726	872362	13.69
2009	75-79	0.05600	0.24602	2.53	53692	13209	235878	579636	10.80
2009	80-84	0.07547	0.31835	2.55	40483	12888	170776	343759	8.49
2009	85-89	0.12121	0.46257	2.44	27595	12765	105314	172983	6.27
2009	90-94	0.18823	0.62312	2.29	14830	9241	49095	67669	4.56
2009	95-99	0.27943	0.76983	2.08	5589	4303	15398	18574	3.32
2009	100-104	0.39258	0.87655	1.84	1286	1128	2872	3175	2.47
2009	105-109	0.51865	0.93877	1.6	159	149	287	303	1.91
2009	110+	0.62251	1.00000	1.61	10	10	16	16	1.61
2010	0	0.00958	0.00949	0.07	100000	949	99118	7440485	74.40
2010	1-4	0.00022	0.00090	1.59	99051	89	395988	7341367	74.12
2010	5-9	0.00000	0.00000	2.5	98962	0	494808	6945379	70.18
2010	10-14	0.00000	0.00000	2.5	98962	0	494808	6450571	65.18
2010	15-19	0.00137	0.00684	2.64	98962	676	493214	5955763	60.18
2010	20-24	0.00123	0.00611	2.04	98285	600	489647	5462549	55.58
2010	25-29	0.00132	0.00657	2.64	97685	641	486909	4972901	50.91
2010	30-34	0.00139	0.00691	2.64	97043	671	483631	4485992	46.23
2010	35-39	0.00247	0.01229	2.68	96373	1184	479114	4002361	41.53
2010	40-44	0.00270	0.01339	2.53	95189	1275	472794	3523247	37.01
2010	45-49	0.00532	0.02628	2.76	93914	2468	464031	3050453	32.48
2010	50-54	0.00927	0.04538	2.72	91446	4149	447749	2586421	28.28
2010	55-59	0.01406	0.06793	2.53	87297	5930	421833	2138672	24.50
2010	60-64	0.01651	0.07938	2.58	81367	6459	391196	1716840	21.10
2010	65-69	0.02049	0.09769	2.63	74908	7318	357184	1325643	17.70
2010	70-74	0.03034	0.14112	2.53	67590	9538	314418	968459	14.33
2010	75-79	0.05164	0.22718	2.36	58052	13188	255404	654041	11.27
2010	80-84	0.07214	0.30629	2.54	44864	13741	190485	398638	8.89
2010	85-89	0.11221	0.43615	2.45	31123	13574	120968	208153	6.69
2010	90-94	0.16992	0.58359	2.32	17548	10241	60271	87185	4.97
2010	95-99	0.24818	0.72605	2.14	7307	5305	21377	26914	3.68
2010	100-104	0.34665	0.83976	1.93	2002	1681	4849	5536	2.77
2010	105-109	0.46000	0.91429	1.71	321	293	638	687	2.14
2010	110+	0.55543	1.00000	1.8	27	27	50	50	1.80
2011	0	0.00966	0.00958	0.07	100000	958	99110	7509225	75.09
2011	1-4	0.00036	0.00144	2.02	99042	143	395887	7410115	74.82
2011	5-9	0.00007	0.00036	1.5	98900	35	494376	7014228	70.92
2011	10-14	0.00000	0.00000	2.5	98865	0	494323	6519852	65.95
2011	15-19	0.00117	0.00584	3.09	98865	577	493223	6025528	60.95
2011	20-24	0.00174	0.00864	2.42	98288	850	489243	5532305	56.29
2011	25-29	0.00103	0.00512	2.8	97438	499	486090	5043062	51.76
2011	30-34	0.00131	0.00653	2.58	96939	633	483160	4556973	47.01
2011	35-39	0.00140	0.00699	2.34	96306	674	479735	4073813	42.30
2011	40-44	0.00306	0.01517	2.75	95632	1451	474901	3594078	37.58
2011	45-49	0.00479	0.02371	2.87	94181	2233	466148	3119177	33.12
2011	50-54	0.00786	0.03859	2.71	91948	3548	451601	2653029	28.85
2011	55-59	0.01308	0.06335	2.5	88400	5600	428009	2201429	24.90
2011	60-64	0.01746	0.08392	2.68	82800	6949	397875	1773420	21.42
2011	65-69	0.01873	0.08949	2.53	75851	6788	362492	1375545	18.13
2011	70-74	0.03100	0.14418	2.58	69063	9958	321214	1013053	14.67
2011	75-79	0.04855	0.21753	2.61	59105	12857	264812	691840	11.71
2011	80-84	0.06376	0.27624	2.58	46248	12776	200372	427028	9.23
2011	85-89	0.10634	0.41958	2.49	33472	14044	132066	226656	6.77
2011	90-94	0.17132	0.58826	2.34	19428	11429	66711	94590	4.87
2011	95-99	0.26301	0.74922	2.13	7999	5993	22787	27879	3.49
2011	100-104	0.38011	0.86857	1.87	2006	1742	4584	5092	2.54
2011	105-109	0.51303	0.93738	1.62	264	247	482	508	1.93
2011	110+	0.62327	1.00000	1.6	17	17	26	26	1.60
2012	0	0.00999	0.00990	0.07	100000	990	99081	7541254	75.41
2012	1-4	0.00011	0.00046	0.5	99010	45	395882	7442173	75.17
2012	5-9	0.00006	0.00031	0.5	98965	31	494685	7046291	71.20
2012	10-14	0.00032	0.00159	3.51	98934	158	494434	6551607	66.22
2012	15-19	0.00103	0.00511	2.53	98776	505	492635	6057172	61.32
2012	20-24	0.00137	0.00684	2.72	98271	672	489821	5564537	56.62
2012	25-29	0.00059	0.00294	2.2	97599	287	487193	5074716	52.00
2012	30-34	0.00114	0.00567	2.91	97312	552	485405	4587523	47.14
2012	35-39	0.00188	0.00936	2.37	96760	906	481417	4102118	42.39
2012	40-44	0.00268	0.01332	2.59	95855	1277	476190	3620701	37.77
2012	45-49	0.00478	0.02363	2.62	94578	2234	467569	3144511	33.25
2012	50-54	0.00761	0.03744	2.78	92343	3457	454024	2676941	28.99
2012	55-59	0.01236	0.05994	2.48	88886	5328	431017	2222918	25.01
2012	60-64	0.01599	0.07689	2.52	83558	6425	401827	1791901	21.45
2012	65-69	0.02152	0.10240	2.64	77133	7898	366997	1390073	18.02
2012	70-74	0.02872	0.13365	2.41	69235	9253	322237	1023077	14.78
2012	75-79	0.04224	0.19153	2.57	59982	11488	271960	700840	11.68
2012	80-84	0.07096	0.30228	2.55	48493	14658	206584	428880	8.84
2012	85-89	0.11351	0.44038	2.46	33835	14900	131266	222297	6.57
2012	90-94	0.17605	0.59761	2.31	18935	11316	64276	91031	4.81
2012	95-99	0.26185	0.74644	2.12	7619	5687	21720	26755	3.51
2012	100-104	0.36978	0.85972	1.89	1932	1661	4491	5035	2.61
2012	105-109	0.49240	0.92897	1.65	271	252	511	544	2.01
2012	110+	0.59470	1.00000	1.68	19	19	32	32	1.68
2013	0	0.00780	0.00774	0.07	100000	774	99277	7553614	75.54
2013	1-4	0.00034	0.00135	2.76	99226	134	396738	7454337	75.12
2013	5-9	0.00021	0.00103	2.92	99092	102	495251	7057600	71.22
2013	10-14	0.00016	0.00078	2.53	98990	77	494762	6562349	66.29
2013	15-19	0.00049	0.00245	2.82	98914	242	494039	6067587	61.34
2013	20-24	0.00113	0.00563	2.55	98671	555	491996	5573548	56.49
2013	25-29	0.00088	0.00439	2.3	98116	431	489417	5081552	51.79
2013	30-34	0.00115	0.00575	2.78	97685	562	487181	4592135	47.01
2013	35-39	0.00193	0.00961	2.81	97123	934	483568	4104954	42.27
2013	40-44	0.00222	0.01106	2.59	96189	1064	478381	3621386	37.65
2013	45-49	0.00501	0.02480	2.85	95125	2359	470559	3143005	33.04
2013	50-54	0.00768	0.03775	2.69	92766	3502	455752	2672446	28.81
2013	55-59	0.01287	0.06236	2.54	89264	5567	432633	2216694	24.83
2013	60-64	0.01728	0.08275	2.45	83697	6926	400796	1784061	21.32
2013	65-69	0.02108	0.10004	2.45	76771	7680	364303	1383264	18.02
2013	70-74	0.03063	0.14293	2.66	69091	9875	322369	1018961	14.75
2013	75-79	0.04352	0.19642	2.52	59216	11631	267246	696592	11.76
2013	80-84	0.06261	0.27237	2.62	47585	12961	207014	429346	9.02
2013	85-89	0.11165	0.43647	2.5	34624	15112	135361	222332	6.42
2013	90-94	0.18991	0.62911	2.32	19512	12275	64635	86971	4.46
2013	95-99	0.30232	0.80004	2.06	7237	5790	19151	22336	3.09
2013	100-104	0.44360	0.90937	1.76	1447	1316	2966	3185	2.20
2013	105-109	0.59550	0.96135	1.48	131	126	212	219	1.67
2013	110+	0.71451	1.00000	1.4	5	5	7	7	1.40
2014	0	0.00694	0.00689	0.06	100000	689	99354	7582983	75.83
2014	1-4	0.00046	0.00182	1.55	99311	181	396799	7483628	75.36
2014	5-9	0.00013	0.00066	3.01	99130	65	495519	7086829	71.49
2014	10-14	0.00008	0.00039	3.5	99064	38	495265	6591310	66.54
2014	15-19	0.00052	0.00261	3.54	99026	259	494752	6096046	61.56
2014	20-24	0.00128	0.00637	2.57	98767	629	492309	5601293	56.71
2014	25-29	0.00114	0.00567	2.49	98138	556	489292	5108984	52.06
2014	30-34	0.00092	0.00458	2.53	97582	447	486807	4619692	47.34
2014	35-39	0.00187	0.00929	2.52	97135	903	483437	4132885	42.55
2014	40-44	0.00235	0.01168	2.53	96233	1124	478390	3649448	37.92
2014	45-49	0.00494	0.02446	2.9	95108	2326	470660	3171058	33.34
2014	50-54	0.00834	0.04095	2.76	92782	3800	455405	2700397	29.10
2014	55-59	0.01399	0.06763	2.57	88983	6018	430307	2244992	25.23
2014	60-64	0.01684	0.08081	2.51	82964	6705	398129	1814686	21.87
2014	65-69	0.02112	0.10028	2.49	76260	7648	362130	1416556	18.58
2014	70-74	0.02909	0.13585	2.56	68612	9321	320358	1054426	15.37
2014	75-79	0.04231	0.19138	2.51	59291	11347	268161	734068	12.38
2014	80-84	0.05392	0.23917	2.64	47944	11467	212654	465906	9.72
2014	85-89	0.09800	0.39475	2.54	36478	14399	146928	253252	6.94
2014	90-94	0.17036	0.58806	2.37	22078	12983	76211	106325	4.82
2014	95-99	0.27758	0.77095	2.12	9095	7012	25260	30113	3.31
2014	100-104	0.41676	0.89488	1.81	2083	1864	4473	4853	2.33
2014	105-109	0.57115	0.95586	1.52	219	209	366	380	1.74
2014	110+	0.69465	1.00000	1.44	10	10	14	14	1.44
2015	0	0.00835	0.00829	0.07	100000	829	99227	7505684	75.06
2015	1-4	0.00033	0.00133	1.35	99171	132	396335	7406457	74.68
2015	5-9	0.00030	0.00150	2.2	99039	148	494781	7010122	70.78
2015	10-14	0.00007	0.00035	0.5	98891	35	494297	6515342	65.88
2015	15-19	0.00098	0.00488	2.91	98856	482	493271	6021045	60.91
2015	20-24	0.00173	0.00864	2.77	98374	850	489971	5527774	56.19
2015	25-29	0.00127	0.00635	2.64	97524	619	486155	5037803	51.66
2015	30-34	0.00124	0.00618	2.88	96905	599	483253	4551649	46.97
2015	35-39	0.00214	0.01064	2.5	96306	1025	478967	4068396	42.24
2015	40-44	0.00167	0.00830	2.62	95281	791	474522	3589429	37.67
2015	45-49	0.00425	0.02105	2.66	94490	1989	467792	3114907	32.97
2015	50-54	0.00823	0.04032	2.57	92501	3730	453438	2647115	28.62
2015	55-59	0.01390	0.06749	2.83	88771	5991	430858	2193677	24.71
2015	60-64	0.02089	0.09960	2.66	82780	8245	394592	1762819	21.30
2015	65-69	0.02300	0.10896	2.59	74535	8121	353120	1368228	18.36
2015	70-74	0.02865	0.13439	2.7	66414	8925	311572	1015108	15.28
2015	75-79	0.04128	0.18651	2.42	57489	10722	259753	703536	12.24
2015	80-84	0.06469	0.27926	2.55	46766	13060	201888	443782	9.49
2015	85-89	0.10107	0.40253	2.47	33707	13568	134240	241895	7.18
2015	90-94	0.15406	0.54717	2.35	20139	11019	71526	107655	5.35
2015	95-99	0.22706	0.69301	2.19	9119	6320	27834	36129	3.96
2015	100-104	0.32068	0.81524	1.99	2800	2282	7117	8296	2.96
2015	105-109	0.43095	0.89930	1.76	517	465	1079	1179	2.28
2015	110+	0.52475	1.00000	1.91	52	52	99	99	1.91
2016	0	0.00883	0.00875	0.07	100000	875	99185	7471082	74.71
2016	1-4	0.00028	0.00110	1.54	99125	109	396230	7371898	74.37
2016	5-9	0.00000	0.00000	2.5	99015	0	495077	6975668	70.45
2016	10-14	0.00007	0.00036	1.5	99015	36	494952	6480591	65.45
2016	15-19	0.00067	0.00336	2.36	98980	333	494019	5985639	60.47
2016	20-24	0.00214	0.01067	2.59	98647	1052	490703	5491620	55.67
2016	25-29	0.00154	0.00767	2.62	97594	749	486188	5000917	51.24
2016	30-34	0.00144	0.00716	2.66	96846	693	482604	4514729	46.62
2016	35-39	0.00223	0.01108	2.5	96153	1066	478095	4032125	41.93
2016	40-44	0.00273	0.01355	2.85	95087	1289	472661	3554029	37.38
2016	45-49	0.00589	0.02908	2.8	93798	2728	462980	3081368	32.85
2016	50-54	0.00847	0.04149	2.6	91070	3778	446272	2618389	28.75
2016	55-59	0.01324	0.06417	2.64	87292	5602	423221	2172117	24.88
2016	60-64	0.01890	0.09041	2.61	81690	7385	390785	1748896	21.41
2016	65-69	0.02608	0.12216	2.41	74305	9077	348056	1358111	18.28
2016	70-74	0.02996	0.13997	2.66	65228	9130	304781	1010055	15.49
2016	75-79	0.03907	0.17838	2.56	56098	10007	256098	705274	12.57
2016	80-84	0.05935	0.25954	2.58	46091	11962	201543	449177	9.75
2016	85-89	0.09693	0.39005	2.5	34128	13312	137339	247633	7.26
2016	90-94	0.15376	0.54735	2.37	20817	11394	74101	110295	5.30
2016	95-99	0.23426	0.70592	2.19	9423	6652	28394	36193	3.84
2016	100-104	0.33893	0.83407	1.96	2771	2311	6819	7800	2.81
2016	105-109	0.46174	0.91603	1.71	460	421	912	980	2.13
2016	110+	0.56594	1.00000	1.77	39	39	68	68	1.77
2017	0	0.00773	0.00767	0.07	100000	767	99283	7552691	75.53
2017	1-4	0.00006	0.00023	2.5	99233	23	396897	7453407	75.11
2017	5-9	0.00010	0.00049	1.02	99210	49	495857	7056510	71.13
2017	10-14	0.00015	0.00073	3.09	99162	73	495669	6560653	66.16
2017	15-19	0.00105	0.00524	2.39	99089	519	494092	6064984	61.21
2017	20-24	0.00136	0.00676	3.26	98570	667	491687	5570892	56.52
2017	25-29	0.00133	0.00661	2.26	97903	647	487745	5079205	51.88
2017	30-34	0.00156	0.00776	2.49	97257	755	484392	4591460	47.21
2017	35-39	0.00206	0.01026	2.69	96502	990	480227	4107068	42.56
2017	40-44	0.00308	0.01528	2.55	95512	1459	473982	3626840	37.97
2017	45-49	0.00533	0.02632	2.81	94053	2476	464838	3152859	33.52
2017	50-54	0.00884	0.04337	2.78	91577	3972	449047	2688021	29.35
2017	55-59	0.01245	0.06054	2.72	87605	5304	425930	2238974	25.56
2017	60-64	0.01795	0.08578	2.41	82301	7060	393237	1813044	22.03
2017	65-69	0.02406	0.11360	2.55	75242	8548	355241	1419807	18.87
2017	70-74	0.02789	0.13076	2.62	66694	8721	312741	1064565	15.96
2017	75-79	0.03956	0.18120	2.68	57973	10505	265522	751825	12.97
2017	80-84	0.05532	0.24398	2.58	47468	11581	209366	486303	10.24
2017	85-89	0.08902	0.36431	2.51	35887	13074	146865	276936	7.72
2017	90-94	0.13973	0.51215	2.39	22813	11684	83616	130072	5.70
2017	95-99	0.21178	0.66746	2.23	11129	7428	35075	46456	4.17
2017	100-104	0.30673	0.80134	2.02	3701	2966	9669	11381	3.08
2017	105-109	0.42090	0.89414	1.78	735	657	1562	1712	2.33
2017	110+	0.51898	1.00000	1.93	78	78	150	150	1.93
