Reg2: , Lifetables (period 1x10), Males Last modified: 3 Dec 2019, MPv5 (May07) 

Year     	Age	mx	qx	ax	lx	dx	Lx	Tx	ex
1960-1969	0	0.02562	0.02505	0.11	100000	2505	97780	6739192	67.39
1960-1969	1	0.00145	0.00144	0.5	97495	141	97424	6641412	68.12
1960-1969	2	0.00096	0.00096	0.5	97354	93	97307	6543988	67.22
1960-1969	3	0.00076	0.00076	0.5	97261	74	97224	6446681	66.28
1960-1969	4	0.00065	0.00065	0.5	97187	63	97156	6349457	65.33
1960-1969	5	0.00059	0.00059	0.5	97124	57	97096	6252301	64.37
1960-1969	6	0.00053	0.00053	0.5	97067	51	97042	6155206	63.41
1960-1969	7	0.00048	0.00048	0.5	97016	47	96993	6058164	62.45
1960-1969	8	0.00044	0.00044	0.5	96969	43	96948	5961172	61.47
1960-1969	9	0.00044	0.00044	0.5	96926	43	96905	5864224	60.50
1960-1969	10	0.00042	0.00042	0.5	96883	41	96863	5767319	59.53
1960-1969	11	0.00044	0.00044	0.5	96843	43	96821	5670457	58.55
1960-1969	12	0.00048	0.00048	0.5	96800	46	96777	5573636	57.58
1960-1969	13	0.00054	0.00054	0.5	96753	52	96727	5476859	56.61
1960-1969	14	0.00068	0.00068	0.5	96701	66	96668	5380132	55.64
1960-1969	15	0.00085	0.00084	0.5	96635	82	96595	5283464	54.67
1960-1969	16	0.00119	0.00119	0.5	96554	115	96496	5186869	53.72
1960-1969	17	0.00147	0.00147	0.5	96439	142	96368	5090372	52.78
1960-1969	18	0.00180	0.00180	0.5	96297	173	96211	4994004	51.86
1960-1969	19	0.00185	0.00184	0.5	96124	177	96036	4897793	50.95
1960-1969	20	0.00181	0.00181	0.5	95947	174	95860	4801758	50.05
1960-1969	21	0.00194	0.00194	0.5	95774	185	95681	4705897	49.14
1960-1969	22	0.00190	0.00190	0.5	95588	181	95498	4610216	48.23
1960-1969	23	0.00181	0.00181	0.5	95407	173	95321	4514719	47.32
1960-1969	24	0.00176	0.00176	0.5	95234	168	95150	4419398	46.41
1960-1969	25	0.00172	0.00172	0.5	95067	163	94985	4324248	45.49
1960-1969	26	0.00169	0.00169	0.5	94903	160	94823	4229263	44.56
1960-1969	27	0.00166	0.00166	0.5	94743	157	94664	4134440	43.64
1960-1969	28	0.00167	0.00167	0.5	94586	158	94507	4039775	42.71
1960-1969	29	0.00169	0.00169	0.5	94428	160	94348	3945268	41.78
1960-1969	30	0.00176	0.00176	0.5	94269	166	94186	3850920	40.85
1960-1969	31	0.00180	0.00180	0.5	94103	169	94018	3756734	39.92
1960-1969	32	0.00190	0.00190	0.5	93934	178	93845	3662716	38.99
1960-1969	33	0.00200	0.00200	0.5	93755	188	93662	3568871	38.07
1960-1969	34	0.00211	0.00211	0.5	93568	197	93469	3475209	37.14
1960-1969	35	0.00227	0.00227	0.5	93370	212	93264	3381740	36.22
1960-1969	36	0.00247	0.00246	0.5	93158	230	93044	3288476	35.30
1960-1969	37	0.00264	0.00264	0.5	92929	245	92806	3195432	34.39
1960-1969	38	0.00293	0.00292	0.5	92683	271	92548	3102626	33.48
1960-1969	39	0.00320	0.00320	0.5	92413	296	92265	3010078	32.57
1960-1969	40	0.00354	0.00353	0.5	92117	325	91954	2917813	31.68
1960-1969	41	0.00382	0.00382	0.5	91792	350	91616	2825859	30.79
1960-1969	42	0.00430	0.00429	0.5	91441	392	91245	2734243	29.90
1960-1969	43	0.00465	0.00464	0.5	91049	423	90838	2642997	29.03
1960-1969	44	0.00510	0.00509	0.5	90626	461	90396	2552160	28.16
1960-1969	45	0.00575	0.00574	0.5	90165	517	89906	2461764	27.30
1960-1969	46	0.00621	0.00619	0.5	89648	555	89370	2371857	26.46
1960-1969	47	0.00688	0.00686	0.5	89093	611	88787	2282487	25.62
1960-1969	48	0.00761	0.00758	0.5	88482	671	88147	2193700	24.79
1960-1969	49	0.00841	0.00837	0.5	87811	735	87444	2105553	23.98
1960-1969	50	0.00953	0.00949	0.5	87076	826	86663	2018109	23.18
1960-1969	51	0.01035	0.01030	0.5	86250	888	85806	1931446	22.39
1960-1969	52	0.01154	0.01147	0.5	85362	979	84873	1845640	21.62
1960-1969	53	0.01245	0.01237	0.5	84383	1044	83861	1760767	20.87
1960-1969	54	0.01389	0.01380	0.5	83339	1150	82764	1676907	20.12
1960-1969	55	0.01493	0.01482	0.5	82189	1218	81580	1594143	19.40
1960-1969	56	0.01628	0.01615	0.5	80971	1308	80317	1512563	18.68
1960-1969	57	0.01789	0.01773	0.5	79663	1413	78957	1432245	17.98
1960-1969	58	0.01947	0.01928	0.5	78251	1509	77496	1353288	17.29
1960-1969	59	0.02123	0.02100	0.5	76742	1612	75936	1275792	16.62
1960-1969	60	0.02308	0.02282	0.5	75130	1714	74273	1199856	15.97
1960-1969	61	0.02492	0.02461	0.5	73416	1807	72512	1125583	15.33
1960-1969	62	0.02734	0.02698	0.5	71609	1932	70643	1053071	14.71
1960-1969	63	0.02935	0.02893	0.5	69677	2016	68669	982428	14.10
1960-1969	64	0.03170	0.03120	0.5	67661	2111	66606	913759	13.50
1960-1969	65	0.03514	0.03454	0.5	65550	2264	64418	847153	12.92
1960-1969	66	0.03666	0.03600	0.5	63286	2278	62147	782735	12.37
1960-1969	67	0.04052	0.03971	0.5	61008	2423	59797	720588	11.81
1960-1969	68	0.04348	0.04255	0.5	58585	2493	57339	660791	11.28
1960-1969	69	0.04651	0.04545	0.5	56092	2550	54817	603452	10.76
1960-1969	70	0.05118	0.04990	0.5	53543	2672	52207	548635	10.25
1960-1969	71	0.05414	0.05272	0.5	50871	2682	49530	496428	9.76
1960-1969	72	0.06058	0.05880	0.5	48189	2833	46772	446899	9.27
1960-1969	73	0.06431	0.06231	0.5	45356	2826	43943	400126	8.82
1960-1969	74	0.06996	0.06760	0.5	42530	2875	41092	356184	8.37
1960-1969	75	0.07588	0.07310	0.5	39655	2899	38205	315092	7.95
1960-1969	76	0.08092	0.07777	0.5	36756	2859	35326	276886	7.53
1960-1969	77	0.08688	0.08326	0.5	33897	2822	32486	241560	7.13
1960-1969	78	0.09436	0.09011	0.5	31075	2800	29675	209074	6.73
1960-1969	79	0.10215	0.09719	0.5	28275	2748	26901	179399	6.34
1960-1969	80	0.11363	0.10752	0.5	25527	2745	24155	152498	5.97
1960-1969	81	0.12011	0.11331	0.5	22782	2581	21492	128344	5.63
1960-1969	82	0.13343	0.12508	0.5	20201	2527	18937	106852	5.29
1960-1969	83	0.14652	0.13652	0.5	17674	2413	16468	87915	4.97
1960-1969	84	0.15937	0.14760	0.5	15261	2253	14135	71447	4.68
1960-1969	85	0.17387	0.15996	0.5	13009	2081	11968	57312	4.41
1960-1969	86	0.18848	0.17225	0.5	10928	1882	9987	45344	4.15
1960-1969	87	0.20350	0.18470	0.5	9045	1671	8210	35358	3.91
1960-1969	88	0.21919	0.19754	0.5	7375	1457	6646	27147	3.68
1960-1969	89	0.23803	0.21272	0.5	5918	1259	5289	20501	3.46
1960-1969	90	0.25746	0.22810	0.5	4659	1063	4128	15213	3.27
1960-1969	91	0.27216	0.23956	0.5	3596	862	3166	11085	3.08
1960-1969	92	0.29804	0.25938	0.5	2735	709	2380	7919	2.90
1960-1969	93	0.32342	0.27840	0.5	2025	564	1743	5539	2.73
1960-1969	94	0.34626	0.29516	0.5	1462	431	1246	3796	2.60
1960-1969	95	0.36232	0.30675	0.5	1030	316	872	2550	2.48
1960-1969	96	0.38575	0.32338	0.5	714	231	599	1678	2.35
1960-1969	97	0.40972	0.34006	0.5	483	164	401	1079	2.23
1960-1969	98	0.43413	0.35671	0.5	319	114	262	678	2.13
1960-1969	99	0.45887	0.37324	0.5	205	77	167	416	2.03
1960-1969	100	0.48381	0.38957	0.5	129	50	104	249	1.94
1960-1969	101	0.50882	0.40563	0.5	78	32	63	146	1.85
1960-1969	102	0.53380	0.42134	0.5	47	20	37	83	1.78
1960-1969	103	0.55861	0.43665	0.5	27	12	21	46	1.71
1960-1969	104	0.58312	0.45149	0.5	15	7	12	25	1.64
1960-1969	105	0.60724	0.46581	0.5	8	4	6	13	1.59
1960-1969	106	0.63084	0.47957	0.5	4	2	3	7	1.53
1960-1969	107	0.65383	0.49274	0.5	2	1	2	3	1.49
1960-1969	108	0.67612	0.50530	0.5	1	1	1	2	1.45
1960-1969	109	0.69765	0.51723	0.5	1	0	0	1	1.41
1960-1969	110+	0.71833	1.00000	1.39	0	0	0	0	1.39
1970-1979	0	0.01848	0.01818	0.09	100000	1818	98354	6877209	68.77
1970-1979	1	0.00112	0.00112	0.5	98182	110	98127	6778855	69.04
1970-1979	2	0.00077	0.00077	0.5	98072	76	98035	6680728	68.12
1970-1979	3	0.00064	0.00064	0.5	97997	63	97965	6582693	67.17
1970-1979	4	0.00054	0.00054	0.5	97934	53	97907	6484728	66.22
1970-1979	5	0.00049	0.00049	0.5	97881	48	97857	6386821	65.25
1970-1979	6	0.00045	0.00045	0.5	97833	44	97811	6288964	64.28
1970-1979	7	0.00042	0.00042	0.5	97789	41	97768	6191153	63.31
1970-1979	8	0.00038	0.00038	0.5	97748	37	97730	6093385	62.34
1970-1979	9	0.00037	0.00037	0.5	97711	37	97693	5995655	61.36
1970-1979	10	0.00036	0.00036	0.5	97675	35	97657	5897962	60.38
1970-1979	11	0.00037	0.00037	0.5	97640	36	97622	5800305	59.41
1970-1979	12	0.00041	0.00041	0.5	97604	40	97584	5702684	58.43
1970-1979	13	0.00049	0.00049	0.5	97564	47	97540	5605100	57.45
1970-1979	14	0.00064	0.00064	0.5	97516	63	97485	5507560	56.48
1970-1979	15	0.00083	0.00083	0.5	97454	81	97413	5410075	55.51
1970-1979	16	0.00122	0.00122	0.5	97373	118	97314	5312661	54.56
1970-1979	17	0.00149	0.00149	0.5	97255	145	97182	5215348	53.63
1970-1979	18	0.00191	0.00190	0.5	97110	185	97017	5118166	52.71
1970-1979	19	0.00200	0.00200	0.5	96925	194	96828	5021148	51.80
1970-1979	20	0.00203	0.00202	0.5	96731	196	96633	4924320	50.91
1970-1979	21	0.00210	0.00210	0.5	96535	203	96434	4827687	50.01
1970-1979	22	0.00210	0.00210	0.5	96333	202	96232	4731253	49.11
1970-1979	23	0.00205	0.00205	0.5	96131	197	96032	4635021	48.22
1970-1979	24	0.00199	0.00199	0.5	95933	191	95838	4538989	47.31
1970-1979	25	0.00185	0.00185	0.5	95743	177	95654	4443151	46.41
1970-1979	26	0.00176	0.00176	0.5	95566	169	95481	4347497	45.49
1970-1979	27	0.00178	0.00178	0.5	95397	169	95312	4252016	44.57
1970-1979	28	0.00170	0.00170	0.5	95228	162	95147	4156703	43.65
1970-1979	29	0.00172	0.00172	0.5	95066	163	94984	4061557	42.72
1970-1979	30	0.00178	0.00178	0.5	94903	169	94818	3966572	41.80
1970-1979	31	0.00177	0.00176	0.5	94734	167	94650	3871754	40.87
1970-1979	32	0.00180	0.00180	0.5	94567	170	94482	3777104	39.94
1970-1979	33	0.00188	0.00188	0.5	94397	177	94308	3682622	39.01
1970-1979	34	0.00198	0.00198	0.5	94220	187	94127	3588313	38.08
1970-1979	35	0.00217	0.00216	0.5	94033	203	93931	3494187	37.16
1970-1979	36	0.00234	0.00234	0.5	93830	220	93720	3400255	36.24
1970-1979	37	0.00248	0.00248	0.5	93610	232	93494	3306535	35.32
1970-1979	38	0.00270	0.00269	0.5	93378	252	93252	3213041	34.41
1970-1979	39	0.00294	0.00293	0.5	93127	273	92990	3119789	33.50
1970-1979	40	0.00318	0.00317	0.5	92853	295	92706	3026799	32.60
1970-1979	41	0.00348	0.00347	0.5	92559	321	92398	2934093	31.70
1970-1979	42	0.00388	0.00387	0.5	92238	357	92059	2841695	30.81
1970-1979	43	0.00428	0.00427	0.5	91880	393	91684	2749636	29.93
1970-1979	44	0.00468	0.00467	0.5	91488	427	91274	2657952	29.05
1970-1979	45	0.00532	0.00530	0.5	91061	483	90819	2566678	28.19
1970-1979	46	0.00581	0.00579	0.5	90578	525	90315	2475858	27.33
1970-1979	47	0.00638	0.00636	0.5	90053	573	89767	2385543	26.49
1970-1979	48	0.00696	0.00694	0.5	89480	621	89170	2295776	25.66
1970-1979	49	0.00770	0.00767	0.5	88860	681	88519	2206606	24.83
1970-1979	50	0.00832	0.00829	0.5	88178	731	87813	2118087	24.02
1970-1979	51	0.00917	0.00913	0.5	87448	798	87048	2030274	23.22
1970-1979	52	0.01013	0.01008	0.5	86649	873	86213	1943226	22.43
1970-1979	53	0.01088	0.01082	0.5	85776	928	85312	1857013	21.65
1970-1979	54	0.01209	0.01202	0.5	84848	1020	84338	1771701	20.88
1970-1979	55	0.01319	0.01310	0.5	83828	1098	83279	1687364	20.13
1970-1979	56	0.01437	0.01426	0.5	82729	1180	82139	1604085	19.39
1970-1979	57	0.01593	0.01580	0.5	81549	1289	80905	1521946	18.66
1970-1979	58	0.01729	0.01715	0.5	80261	1376	79573	1441041	17.95
1970-1979	59	0.01906	0.01888	0.5	78885	1490	78140	1361468	17.26
1970-1979	60	0.02089	0.02067	0.5	77395	1600	76595	1283328	16.58
1970-1979	61	0.02254	0.02229	0.5	75795	1690	74950	1206734	15.92
1970-1979	62	0.02511	0.02480	0.5	74105	1838	73186	1131784	15.27
1970-1979	63	0.02731	0.02694	0.5	72267	1947	71294	1058597	14.65
1970-1979	64	0.02965	0.02922	0.5	70320	2055	69293	987303	14.04
1970-1979	65	0.03242	0.03190	0.5	68266	2178	67177	918010	13.45
1970-1979	66	0.03451	0.03393	0.5	66088	2242	64967	850833	12.87
1970-1979	67	0.03790	0.03720	0.5	63846	2375	62659	785866	12.31
1970-1979	68	0.04049	0.03969	0.5	61471	2440	60252	723208	11.76
1970-1979	69	0.04405	0.04310	0.5	59032	2544	57760	662956	11.23
1970-1979	70	0.04740	0.04630	0.5	56488	2616	55180	605196	10.71
1970-1979	71	0.05078	0.04952	0.5	53872	2668	52538	550016	10.21
1970-1979	72	0.05594	0.05442	0.5	51204	2786	49811	497478	9.72
1970-1979	73	0.05999	0.05824	0.5	48418	2820	47008	447667	9.25
1970-1979	74	0.06575	0.06365	0.5	45598	2902	44147	400659	8.79
1970-1979	75	0.07095	0.06852	0.5	42695	2925	41233	356513	8.35
1970-1979	76	0.07721	0.07434	0.5	39770	2957	38292	315280	7.93
1970-1979	77	0.08322	0.07989	0.5	36813	2941	35343	276988	7.52
1970-1979	78	0.09008	0.08620	0.5	33872	2920	32412	241645	7.13
1970-1979	79	0.09771	0.09316	0.5	30952	2884	29511	209233	6.76
1970-1979	80	0.10413	0.09898	0.5	28069	2778	26680	179722	6.40
1970-1979	81	0.11278	0.10676	0.5	25291	2700	23941	153043	6.05
1970-1979	82	0.12168	0.11470	0.5	22591	2591	21295	129102	5.71
1970-1979	83	0.13215	0.12396	0.5	20000	2479	18760	107807	5.39
1970-1979	84	0.14453	0.13479	0.5	17520	2362	16340	89047	5.08
1970-1979	85	0.15496	0.14382	0.5	15159	2180	14069	72707	4.80
1970-1979	86	0.16870	0.15558	0.5	12979	2019	11969	58639	4.52
1970-1979	87	0.18320	0.16783	0.5	10960	1839	10040	46669	4.26
1970-1979	88	0.19617	0.17865	0.5	9120	1629	8306	36630	4.02
1970-1979	89	0.21414	0.19343	0.5	7491	1449	6766	28324	3.78
1970-1979	90	0.23139	0.20740	0.5	6042	1253	5415	21558	3.57
1970-1979	91	0.24730	0.22009	0.5	4789	1054	4262	16142	3.37
1970-1979	92	0.26682	0.23541	0.5	3735	879	3295	11881	3.18
1970-1979	93	0.29190	0.25473	0.5	2856	727	2492	8585	3.01
1970-1979	94	0.30620	0.26554	0.5	2128	565	1846	6093	2.86
1970-1979	95	0.32525	0.27975	0.5	1563	437	1344	4248	2.72
1970-1979	96	0.34655	0.29537	0.5	1126	333	960	2903	2.58
1970-1979	97	0.36848	0.31115	0.5	793	247	670	1944	2.45
1970-1979	98	0.39097	0.32704	0.5	546	179	457	1274	2.33
1970-1979	99	0.41393	0.34295	0.5	368	126	305	817	2.22
1970-1979	100	0.43728	0.35882	0.5	242	87	198	512	2.12
1970-1979	101	0.46090	0.37458	0.5	155	58	126	314	2.03
1970-1979	102	0.48470	0.39015	0.5	97	38	78	188	1.94
1970-1979	103	0.50857	0.40547	0.5	59	24	47	110	1.86
1970-1979	104	0.53241	0.42048	0.5	35	15	28	63	1.79
1970-1979	105	0.55609	0.43511	0.5	20	9	16	35	1.72
1970-1979	106	0.57953	0.44933	0.5	12	5	9	19	1.66
1970-1979	107	0.60261	0.46308	0.5	6	3	5	10	1.60
1970-1979	108	0.62524	0.47633	0.5	3	2	3	5	1.56
1970-1979	109	0.64734	0.48905	0.5	2	1	1	3	1.52
1970-1979	110+	0.66882	1.00000	1.5	1	1	1	1	1.50
1980-1989	0	0.01227	0.01214	0.08	100000	1214	98881	7140447	71.40
1980-1989	1	0.00087	0.00087	0.5	98786	86	98743	7041566	71.28
1980-1989	2	0.00056	0.00056	0.5	98700	56	98673	6942823	70.34
1980-1989	3	0.00046	0.00046	0.5	98645	45	98622	6844150	69.38
1980-1989	4	0.00039	0.00039	0.5	98600	38	98580	6745528	68.41
1980-1989	5	0.00032	0.00032	0.5	98561	32	98546	6646947	67.44
1980-1989	6	0.00031	0.00031	0.5	98530	30	98515	6548402	66.46
1980-1989	7	0.00028	0.00028	0.5	98500	27	98486	6449887	65.48
1980-1989	8	0.00027	0.00027	0.5	98472	27	98459	6351401	64.50
1980-1989	9	0.00025	0.00025	0.5	98445	25	98433	6252943	63.52
1980-1989	10	0.00025	0.00025	0.5	98420	24	98408	6154510	62.53
1980-1989	11	0.00027	0.00027	0.5	98396	27	98382	6056102	61.55
1980-1989	12	0.00031	0.00031	0.5	98369	31	98354	5957720	60.56
1980-1989	13	0.00038	0.00038	0.5	98338	38	98319	5859366	59.58
1980-1989	14	0.00048	0.00048	0.5	98300	47	98277	5761047	58.61
1980-1989	15	0.00063	0.00063	0.5	98253	62	98222	5662770	57.63
1980-1989	16	0.00096	0.00096	0.5	98191	94	98144	5564548	56.67
1980-1989	17	0.00118	0.00118	0.5	98097	116	98039	5466404	55.72
1980-1989	18	0.00149	0.00149	0.5	97981	146	97908	5368365	54.79
1980-1989	19	0.00154	0.00154	0.5	97835	150	97760	5270456	53.87
1980-1989	20	0.00154	0.00154	0.5	97685	150	97610	5172696	52.95
1980-1989	21	0.00164	0.00164	0.5	97535	160	97455	5075086	52.03
1980-1989	22	0.00157	0.00156	0.5	97375	152	97299	4977631	51.12
1980-1989	23	0.00159	0.00159	0.5	97223	155	97146	4880331	50.20
1980-1989	24	0.00153	0.00153	0.5	97068	148	96994	4783186	49.28
1980-1989	25	0.00153	0.00153	0.5	96920	148	96846	4686191	48.35
1980-1989	26	0.00151	0.00151	0.5	96772	146	96699	4589345	47.42
1980-1989	27	0.00157	0.00157	0.5	96626	152	96550	4492646	46.50
1980-1989	28	0.00162	0.00162	0.5	96474	156	96396	4396097	45.57
1980-1989	29	0.00151	0.00151	0.5	96318	146	96245	4299701	44.64
1980-1989	30	0.00156	0.00156	0.5	96172	150	96097	4203456	43.71
1980-1989	31	0.00166	0.00166	0.5	96022	160	95942	4107359	42.78
1980-1989	32	0.00168	0.00167	0.5	95862	160	95782	4011417	41.85
1980-1989	33	0.00174	0.00174	0.5	95702	166	95619	3915635	40.92
1980-1989	34	0.00172	0.00172	0.5	95535	164	95454	3820017	39.99
1980-1989	35	0.00187	0.00187	0.5	95372	178	95283	3724563	39.05
1980-1989	36	0.00196	0.00196	0.5	95194	186	95100	3629280	38.13
1980-1989	37	0.00204	0.00204	0.5	95007	194	94910	3534180	37.20
1980-1989	38	0.00232	0.00232	0.5	94813	220	94703	3439270	36.27
1980-1989	39	0.00227	0.00227	0.5	94593	214	94486	3344566	35.36
1980-1989	40	0.00248	0.00248	0.5	94379	234	94262	3250080	34.44
1980-1989	41	0.00270	0.00270	0.5	94145	254	94018	3155818	33.52
1980-1989	42	0.00299	0.00299	0.5	93891	280	93751	3061800	32.61
1980-1989	43	0.00317	0.00317	0.5	93610	296	93462	2968049	31.71
1980-1989	44	0.00344	0.00344	0.5	93314	321	93154	2874587	30.81
1980-1989	45	0.00390	0.00389	0.5	92993	362	92812	2781434	29.91
1980-1989	46	0.00428	0.00427	0.5	92632	395	92434	2688621	29.02
1980-1989	47	0.00480	0.00479	0.5	92236	442	92015	2596187	28.15
1980-1989	48	0.00538	0.00536	0.5	91795	492	91548	2504172	27.28
1980-1989	49	0.00565	0.00564	0.5	91302	515	91045	2412623	26.42
1980-1989	50	0.00649	0.00647	0.5	90788	587	90494	2321578	25.57
1980-1989	51	0.00726	0.00724	0.5	90200	653	89874	2231085	24.73
1980-1989	52	0.00807	0.00804	0.5	89548	720	89188	2141210	23.91
1980-1989	53	0.00881	0.00877	0.5	88828	779	88438	2052023	23.10
1980-1989	54	0.00957	0.00952	0.5	88049	838	87630	1963584	22.30
1980-1989	55	0.01075	0.01069	0.5	87211	932	86744	1875955	21.51
1980-1989	56	0.01183	0.01176	0.5	86278	1014	85771	1789210	20.74
1980-1989	57	0.01275	0.01267	0.5	85264	1080	84724	1703439	19.98
1980-1989	58	0.01463	0.01453	0.5	84184	1223	83572	1618715	19.23
1980-1989	59	0.01546	0.01535	0.5	82961	1273	82324	1535143	18.50
1980-1989	60	0.01697	0.01683	0.5	81688	1374	81001	1452818	17.79
1980-1989	61	0.01866	0.01849	0.5	80313	1485	79571	1371818	17.08
1980-1989	62	0.02125	0.02102	0.5	78828	1657	78000	1292247	16.39
1980-1989	63	0.02251	0.02226	0.5	77171	1718	76312	1214247	15.73
1980-1989	64	0.02387	0.02359	0.5	75454	1780	74564	1137935	15.08
1980-1989	65	0.02643	0.02608	0.5	73674	1921	72713	1063371	14.43
1980-1989	66	0.02897	0.02856	0.5	71752	2049	70728	990658	13.81
1980-1989	67	0.03124	0.03076	0.5	69703	2144	68631	919931	13.20
1980-1989	68	0.03482	0.03423	0.5	67559	2312	66403	851299	12.60
1980-1989	69	0.03708	0.03640	0.5	65247	2375	64059	784896	12.03
1980-1989	70	0.04113	0.04030	0.5	62872	2534	61605	720837	11.47
1980-1989	71	0.04444	0.04348	0.5	60338	2623	59026	659232	10.93
1980-1989	72	0.04893	0.04776	0.5	57715	2756	56337	600206	10.40
1980-1989	73	0.05376	0.05235	0.5	54958	2877	53520	543869	9.90
1980-1989	74	0.05743	0.05583	0.5	52081	2907	50627	490349	9.42
1980-1989	75	0.06198	0.06012	0.5	49174	2956	47696	439722	8.94
1980-1989	76	0.06712	0.06494	0.5	46217	3001	44717	392026	8.48
1980-1989	77	0.07294	0.07037	0.5	43216	3041	41696	347310	8.04
1980-1989	78	0.07920	0.07618	0.5	40175	3061	38645	305614	7.61
1980-1989	79	0.08660	0.08301	0.5	37114	3081	35574	266969	7.19
1980-1989	80	0.09454	0.09027	0.5	34033	3072	32497	231396	6.80
1980-1989	81	0.10250	0.09750	0.5	30961	3019	29452	198898	6.42
1980-1989	82	0.11107	0.10523	0.5	27942	2940	26472	169447	6.06
1980-1989	83	0.12085	0.11397	0.5	25002	2849	23577	142974	5.72
1980-1989	84	0.13173	0.12359	0.5	22153	2738	20784	119397	5.39
1980-1989	85	0.14235	0.13289	0.5	19415	2580	18125	98613	5.08
1980-1989	86	0.15500	0.14385	0.5	16835	2422	15624	80489	4.78
1980-1989	87	0.16902	0.15585	0.5	14413	2246	13290	64865	4.50
1980-1989	88	0.18330	0.16791	0.5	12167	2043	11145	51575	4.24
1980-1989	89	0.19735	0.17962	0.5	10124	1818	9215	40429	3.99
1980-1989	90	0.21454	0.19375	0.5	8305	1609	7501	31215	3.76
1980-1989	91	0.22876	0.20528	0.5	6696	1375	6009	23714	3.54
1980-1989	92	0.25078	0.22284	0.5	5322	1186	4729	17705	3.33
1980-1989	93	0.27238	0.23973	0.5	4136	991	3640	12976	3.14
1980-1989	94	0.29416	0.25645	0.5	3144	806	2741	9336	2.97
1980-1989	95	0.30965	0.26814	0.5	2338	627	2024	6595	2.82
1980-1989	96	0.33103	0.28402	0.5	1711	486	1468	4571	2.67
1980-1989	97	0.35313	0.30014	0.5	1225	368	1041	3103	2.53
1980-1989	98	0.37588	0.31641	0.5	857	271	722	2061	2.40
1980-1989	99	0.39919	0.33277	0.5	586	195	489	1340	2.29
1980-1989	100	0.42296	0.34913	0.5	391	137	323	851	2.18
1980-1989	101	0.44710	0.36541	0.5	255	93	208	528	2.08
1980-1989	102	0.47149	0.38154	0.5	162	62	131	320	1.98
1980-1989	103	0.49601	0.39744	0.5	100	40	80	190	1.90
1980-1989	104	0.52056	0.41305	0.5	60	25	48	110	1.82
1980-1989	105	0.54500	0.42829	0.5	35	15	28	62	1.75
1980-1989	106	0.56923	0.44311	0.5	20	9	16	34	1.68
1980-1989	107	0.59314	0.45747	0.5	11	5	9	18	1.63
1980-1989	108	0.61661	0.47130	0.5	6	3	5	10	1.58
1980-1989	109	0.63955	0.48459	0.5	3	2	2	5	1.54
1980-1989	110+	0.66186	1.00000	1.51	2	2	3	3	1.51
1990-1999	0	0.00975	0.00966	0.07	100000	966	99102	7309481	73.09
1990-1999	1	0.00068	0.00068	0.5	99034	67	99000	7210379	72.81
1990-1999	2	0.00045	0.00045	0.5	98966	45	98944	7111379	71.86
1990-1999	3	0.00038	0.00038	0.5	98922	38	98903	7012435	70.89
1990-1999	4	0.00029	0.00029	0.5	98884	29	98870	6913532	69.92
1990-1999	5	0.00026	0.00026	0.5	98856	26	98843	6814662	68.94
1990-1999	6	0.00023	0.00023	0.5	98830	23	98818	6715819	67.95
1990-1999	7	0.00021	0.00021	0.5	98807	20	98797	6617001	66.97
1990-1999	8	0.00020	0.00020	0.5	98786	20	98777	6518204	65.98
1990-1999	9	0.00019	0.00019	0.5	98767	19	98757	6419428	65.00
1990-1999	10	0.00020	0.00020	0.5	98748	20	98738	6320670	64.01
1990-1999	11	0.00020	0.00020	0.5	98728	20	98718	6221932	63.02
1990-1999	12	0.00025	0.00025	0.5	98708	25	98695	6123214	62.03
1990-1999	13	0.00032	0.00032	0.5	98683	32	98667	6024519	61.05
1990-1999	14	0.00045	0.00045	0.5	98651	44	98629	5925852	60.07
1990-1999	15	0.00063	0.00063	0.5	98607	62	98576	5827223	59.10
1990-1999	16	0.00095	0.00095	0.5	98545	94	98498	5728647	58.13
1990-1999	17	0.00112	0.00112	0.5	98451	110	98396	5630149	57.19
1990-1999	18	0.00140	0.00140	0.5	98341	138	98272	5531754	56.25
1990-1999	19	0.00147	0.00147	0.5	98203	145	98130	5433482	55.33
1990-1999	20	0.00143	0.00143	0.5	98058	141	97988	5335351	54.41
1990-1999	21	0.00153	0.00152	0.5	97918	149	97843	5237364	53.49
1990-1999	22	0.00148	0.00148	0.5	97768	145	97696	5139521	52.57
1990-1999	23	0.00146	0.00146	0.5	97624	143	97552	5041825	51.65
1990-1999	24	0.00141	0.00141	0.5	97481	137	97412	4944272	50.72
1990-1999	25	0.00135	0.00135	0.5	97344	131	97278	4846860	49.79
1990-1999	26	0.00141	0.00141	0.5	97212	137	97144	4749582	48.86
1990-1999	27	0.00143	0.00143	0.5	97075	139	97006	4652438	47.93
1990-1999	28	0.00147	0.00147	0.5	96937	142	96866	4555432	46.99
1990-1999	29	0.00144	0.00144	0.5	96795	139	96725	4458566	46.06
1990-1999	30	0.00156	0.00156	0.5	96655	151	96580	4361841	45.13
1990-1999	31	0.00166	0.00165	0.5	96505	160	96425	4265261	44.20
1990-1999	32	0.00173	0.00173	0.5	96345	167	96262	4168836	43.27
1990-1999	33	0.00180	0.00180	0.5	96178	173	96092	4072575	42.34
1990-1999	34	0.00183	0.00183	0.5	96005	175	95918	3976483	41.42
1990-1999	35	0.00194	0.00194	0.5	95830	186	95737	3880565	40.49
1990-1999	36	0.00200	0.00200	0.5	95644	191	95548	3784828	39.57
1990-1999	37	0.00213	0.00213	0.5	95453	203	95351	3689280	38.65
1990-1999	38	0.00232	0.00232	0.5	95250	221	95139	3593928	37.73
1990-1999	39	0.00230	0.00230	0.5	95029	219	94920	3498789	36.82
1990-1999	40	0.00252	0.00251	0.5	94811	238	94691	3403869	35.90
1990-1999	41	0.00277	0.00277	0.5	94572	262	94441	3309178	34.99
1990-1999	42	0.00291	0.00291	0.5	94311	274	94174	3214736	34.09
1990-1999	43	0.00319	0.00318	0.5	94036	299	93887	3120563	33.18
1990-1999	44	0.00330	0.00329	0.5	93737	309	93583	3026676	32.29
1990-1999	45	0.00355	0.00355	0.5	93428	331	93263	2933093	31.39
1990-1999	46	0.00394	0.00393	0.5	93097	366	92914	2839831	30.50
1990-1999	47	0.00426	0.00425	0.5	92731	394	92534	2746916	29.62
1990-1999	48	0.00466	0.00465	0.5	92337	429	92123	2654382	28.75
1990-1999	49	0.00486	0.00485	0.5	91908	446	91685	2562260	27.88
1990-1999	50	0.00522	0.00521	0.5	91462	476	91224	2470574	27.01
1990-1999	51	0.00598	0.00596	0.5	90986	542	90715	2379350	26.15
1990-1999	52	0.00651	0.00649	0.5	90444	587	90150	2288635	25.30
1990-1999	53	0.00710	0.00708	0.5	89856	636	89538	2198485	24.47
1990-1999	54	0.00772	0.00769	0.5	89220	686	88878	2108947	23.64
1990-1999	55	0.00863	0.00859	0.5	88535	761	88154	2020069	22.82
1990-1999	56	0.00947	0.00943	0.5	87774	828	87360	1931915	22.01
1990-1999	57	0.01033	0.01028	0.5	86946	894	86499	1844555	21.21
1990-1999	58	0.01169	0.01162	0.5	86053	1000	85553	1758055	20.43
1990-1999	59	0.01250	0.01242	0.5	85053	1056	84524	1672503	19.66
1990-1999	60	0.01401	0.01391	0.5	83996	1168	83412	1587979	18.91
1990-1999	61	0.01557	0.01545	0.5	82828	1280	82188	1504567	18.17
1990-1999	62	0.01711	0.01697	0.5	81548	1384	80856	1422379	17.44
1990-1999	63	0.01852	0.01835	0.5	80164	1471	79429	1341523	16.73
1990-1999	64	0.02031	0.02011	0.5	78693	1582	77902	1262094	16.04
1990-1999	65	0.02250	0.02225	0.5	77111	1716	76253	1184192	15.36
1990-1999	66	0.02475	0.02445	0.5	75396	1843	74474	1107939	14.70
1990-1999	67	0.02660	0.02625	0.5	73552	1931	72587	1033465	14.05
1990-1999	68	0.02976	0.02932	0.5	71621	2100	70571	960878	13.42
1990-1999	69	0.03229	0.03178	0.5	69521	2209	68417	890307	12.81
1990-1999	70	0.03520	0.03459	0.5	67312	2329	66148	821890	12.21
1990-1999	71	0.03863	0.03790	0.5	64984	2463	63752	755742	11.63
1990-1999	72	0.04120	0.04037	0.5	62521	2524	61259	691990	11.07
1990-1999	73	0.04481	0.04383	0.5	59997	2630	58682	630731	10.51
1990-1999	74	0.04905	0.04788	0.5	57367	2747	55994	572049	9.97
1990-1999	75	0.05245	0.05111	0.5	54620	2792	53225	516055	9.45
1990-1999	76	0.05807	0.05643	0.5	51829	2925	50367	462830	8.93
1990-1999	77	0.06388	0.06190	0.5	48904	3027	47391	412464	8.43
1990-1999	78	0.06956	0.06722	0.5	45877	3084	44335	365073	7.96
1990-1999	79	0.07632	0.07352	0.5	42793	3146	41220	320738	7.50
1990-1999	80	0.08556	0.08205	0.5	39647	3253	38021	279517	7.05
1990-1999	81	0.09386	0.08965	0.5	36394	3263	34763	241497	6.64
1990-1999	82	0.10244	0.09745	0.5	33131	3229	31517	206734	6.24
1990-1999	83	0.11347	0.10738	0.5	29903	3211	28297	175217	5.86
1990-1999	84	0.12394	0.11671	0.5	26692	3115	25134	146920	5.50
1990-1999	85	0.13632	0.12763	0.5	23577	3009	22072	121786	5.17
1990-1999	86	0.14860	0.13832	0.5	20568	2845	19145	99713	4.85
1990-1999	87	0.16245	0.15024	0.5	17723	2663	16391	80568	4.55
1990-1999	88	0.17630	0.16202	0.5	15060	2440	13840	64176	4.26
1990-1999	89	0.19287	0.17590	0.5	12620	2220	11510	50336	3.99
1990-1999	90	0.21149	0.19126	0.5	10400	1989	9406	38826	3.73
1990-1999	91	0.23060	0.20676	0.5	8411	1739	7541	29421	3.50
1990-1999	92	0.25082	0.22287	0.5	6672	1487	5928	21879	3.28
1990-1999	93	0.27485	0.24164	0.5	5185	1253	4559	15951	3.08
1990-1999	94	0.29958	0.26055	0.5	3932	1024	3420	11392	2.90
1990-1999	95	0.31695	0.27359	0.5	2908	795	2510	7972	2.74
1990-1999	96	0.34071	0.29111	0.5	2112	615	1805	5463	2.59
1990-1999	97	0.36529	0.30887	0.5	1497	462	1266	3658	2.44
1990-1999	98	0.39059	0.32677	0.5	1035	338	866	2392	2.31
1990-1999	99	0.41650	0.34471	0.5	697	240	577	1526	2.19
1990-1999	100	0.44288	0.36259	0.5	456	166	374	950	2.08
1990-1999	101	0.46958	0.38029	0.5	291	111	236	576	1.98
1990-1999	102	0.49646	0.39773	0.5	180	72	144	340	1.89
1990-1999	103	0.52336	0.41481	0.5	109	45	86	196	1.80
1990-1999	104	0.55012	0.43145	0.5	64	27	50	110	1.73
1990-1999	105	0.57660	0.44756	0.5	36	16	28	60	1.66
1990-1999	106	0.60264	0.46310	0.5	20	9	15	32	1.60
1990-1999	107	0.62812	0.47800	0.5	11	5	8	17	1.54
1990-1999	108	0.65290	0.49222	0.5	6	3	4	8	1.49
1990-1999	109	0.67688	0.50572	0.5	3	1	2	4	1.45
1990-1999	110+	0.69997	1.00000	1.43	1	1	2	2	1.43
2000-2009	0	0.00809	0.00803	0.07	100000	803	99250	7505768	75.06
2000-2009	1	0.00053	0.00053	0.5	99197	53	99170	7406517	74.66
2000-2009	2	0.00033	0.00033	0.5	99144	33	99128	7307347	73.70
2000-2009	3	0.00026	0.00026	0.5	99111	26	99098	7208219	72.73
2000-2009	4	0.00021	0.00021	0.5	99086	20	99075	7109121	71.75
2000-2009	5	0.00018	0.00018	0.5	99065	18	99056	7010046	70.76
2000-2009	6	0.00017	0.00017	0.5	99047	16	99039	6910989	69.77
2000-2009	7	0.00014	0.00014	0.5	99031	14	99024	6811950	68.79
2000-2009	8	0.00016	0.00016	0.5	99017	15	99009	6712926	67.80
2000-2009	9	0.00014	0.00014	0.5	99001	14	98994	6613917	66.81
2000-2009	10	0.00015	0.00015	0.5	98987	15	98979	6514923	65.82
2000-2009	11	0.00016	0.00016	0.5	98972	16	98964	6415944	64.83
2000-2009	12	0.00019	0.00019	0.5	98956	19	98946	6316980	63.84
2000-2009	13	0.00024	0.00024	0.5	98937	24	98925	6218034	62.85
2000-2009	14	0.00030	0.00030	0.5	98913	30	98898	6119108	61.86
2000-2009	15	0.00044	0.00044	0.5	98884	44	98862	6020210	60.88
2000-2009	16	0.00066	0.00066	0.5	98840	66	98807	5921348	59.91
2000-2009	17	0.00084	0.00084	0.5	98774	83	98733	5822541	58.95
2000-2009	18	0.00111	0.00111	0.5	98691	109	98637	5723809	58.00
2000-2009	19	0.00119	0.00119	0.5	98582	117	98523	5625172	57.06
2000-2009	20	0.00122	0.00121	0.5	98465	120	98405	5526649	56.13
2000-2009	21	0.00138	0.00138	0.5	98345	136	98277	5428244	55.20
2000-2009	22	0.00134	0.00134	0.5	98209	132	98143	5329967	54.27
2000-2009	23	0.00138	0.00138	0.5	98077	135	98010	5231824	53.34
2000-2009	24	0.00134	0.00134	0.5	97942	131	97877	5133814	52.42
2000-2009	25	0.00133	0.00133	0.5	97811	130	97746	5035937	51.49
2000-2009	26	0.00132	0.00132	0.5	97681	129	97617	4938191	50.55
2000-2009	27	0.00134	0.00134	0.5	97552	131	97487	4840574	49.62
2000-2009	28	0.00132	0.00132	0.5	97421	129	97357	4743087	48.69
2000-2009	29	0.00135	0.00135	0.5	97293	131	97227	4645730	47.75
2000-2009	30	0.00134	0.00134	0.5	97162	130	97096	4548503	46.81
2000-2009	31	0.00142	0.00142	0.5	97031	138	96962	4451407	45.88
2000-2009	32	0.00140	0.00140	0.5	96894	136	96826	4354445	44.94
2000-2009	33	0.00146	0.00145	0.5	96758	141	96687	4257619	44.00
2000-2009	34	0.00153	0.00153	0.5	96617	148	96543	4160931	43.07
2000-2009	35	0.00160	0.00160	0.5	96469	154	96392	4064388	42.13
2000-2009	36	0.00169	0.00169	0.5	96315	163	96233	3967996	41.20
2000-2009	37	0.00186	0.00186	0.5	96152	179	96063	3871763	40.27
2000-2009	38	0.00196	0.00196	0.5	95973	188	95879	3775700	39.34
2000-2009	39	0.00207	0.00207	0.5	95785	198	95686	3679821	38.42
2000-2009	40	0.00230	0.00229	0.5	95587	219	95477	3584135	37.50
2000-2009	41	0.00253	0.00252	0.5	95368	241	95247	3488658	36.58
2000-2009	42	0.00266	0.00266	0.5	95127	253	95001	3393411	35.67
2000-2009	43	0.00295	0.00295	0.5	94874	280	94735	3298410	34.77
2000-2009	44	0.00321	0.00320	0.5	94595	303	94443	3203675	33.87
2000-2009	45	0.00352	0.00352	0.5	94292	332	94126	3109232	32.97
2000-2009	46	0.00383	0.00382	0.5	93960	359	93781	3015106	32.09
2000-2009	47	0.00420	0.00419	0.5	93602	393	93405	2921325	31.21
2000-2009	48	0.00449	0.00448	0.5	93209	417	93000	2827919	30.34
2000-2009	49	0.00485	0.00484	0.5	92792	449	92567	2734919	29.47
2000-2009	50	0.00534	0.00532	0.5	92343	492	92097	2642351	28.61
2000-2009	51	0.00572	0.00571	0.5	91851	524	91589	2550254	27.77
2000-2009	52	0.00614	0.00612	0.5	91327	559	91048	2458665	26.92
2000-2009	53	0.00671	0.00669	0.5	90768	607	90465	2367618	26.08
2000-2009	54	0.00711	0.00708	0.5	90161	639	89842	2277153	25.26
2000-2009	55	0.00774	0.00771	0.5	89522	690	89177	2187311	24.43
2000-2009	56	0.00821	0.00818	0.5	88832	727	88469	2098134	23.62
2000-2009	57	0.00902	0.00898	0.5	88106	791	87710	2009665	22.81
2000-2009	58	0.00967	0.00962	0.5	87315	840	86895	1921954	22.01
2000-2009	59	0.01051	0.01045	0.5	86475	904	86023	1835059	21.22
2000-2009	60	0.01165	0.01158	0.5	85571	991	85075	1749037	20.44
2000-2009	61	0.01256	0.01248	0.5	84580	1056	84052	1663961	19.67
2000-2009	62	0.01375	0.01366	0.5	83524	1141	82954	1579909	18.92
2000-2009	63	0.01514	0.01503	0.5	82383	1238	81764	1496956	18.17
2000-2009	64	0.01659	0.01646	0.5	81145	1335	80477	1415192	17.44
2000-2009	65	0.01791	0.01775	0.5	79810	1417	79101	1334714	16.72
2000-2009	66	0.01948	0.01930	0.5	78393	1513	77637	1255613	16.02
2000-2009	67	0.02122	0.02100	0.5	76880	1614	76073	1177976	15.32
2000-2009	68	0.02303	0.02277	0.5	75266	1714	74409	1101903	14.64
2000-2009	69	0.02519	0.02487	0.5	73552	1829	72638	1027494	13.97
2000-2009	70	0.02775	0.02737	0.5	71723	1963	70741	954857	13.31
2000-2009	71	0.03018	0.02973	0.5	69760	2074	68723	884115	12.67
2000-2009	72	0.03332	0.03277	0.5	67686	2218	66577	815393	12.05
2000-2009	73	0.03679	0.03612	0.5	65468	2365	64285	748816	11.44
2000-2009	74	0.03975	0.03897	0.5	63103	2459	61873	684531	10.85
2000-2009	75	0.04385	0.04291	0.5	60643	2602	59342	622658	10.27
2000-2009	76	0.04778	0.04666	0.5	58041	2708	56687	563315	9.71
2000-2009	77	0.05281	0.05146	0.5	55333	2847	53909	506628	9.16
2000-2009	78	0.05807	0.05643	0.5	52486	2962	51005	452719	8.63
2000-2009	79	0.06357	0.06161	0.5	49524	3051	47998	401714	8.11
2000-2009	80	0.07112	0.06868	0.5	46473	3192	44877	353716	7.61
2000-2009	81	0.07839	0.07543	0.5	43281	3265	41649	308839	7.14
2000-2009	82	0.08701	0.08338	0.5	40016	3337	38348	267190	6.68
2000-2009	83	0.09644	0.09200	0.5	36680	3375	34992	228842	6.24
2000-2009	84	0.10694	0.10151	0.5	33305	3381	31615	193849	5.82
2000-2009	85	0.11954	0.11280	0.5	29924	3375	28237	162235	5.42
2000-2009	86	0.13326	0.12494	0.5	26549	3317	24890	133998	5.05
2000-2009	87	0.14696	0.13690	0.5	23232	3180	21642	109108	4.70
2000-2009	88	0.16386	0.15145	0.5	20051	3037	18533	87466	4.36
2000-2009	89	0.18276	0.16746	0.5	17015	2849	15590	68933	4.05
2000-2009	90	0.20121	0.18282	0.5	14165	2590	12871	53343	3.77
2000-2009	91	0.22355	0.20108	0.5	11576	2328	10412	40473	3.50
2000-2009	92	0.24829	0.22087	0.5	9248	2043	8227	30061	3.25
2000-2009	93	0.27526	0.24196	0.5	7205	1743	6334	21834	3.03
2000-2009	94	0.30304	0.26316	0.5	5462	1437	4743	15500	2.84
2000-2009	95	0.32121	0.27676	0.5	4025	1114	3468	10757	2.67
2000-2009	96	0.34871	0.29694	0.5	2911	864	2479	7289	2.50
2000-2009	97	0.37726	0.31739	0.5	2046	650	1722	4810	2.35
2000-2009	98	0.40669	0.33797	0.5	1397	472	1161	3089	2.21
2000-2009	99	0.43681	0.35851	0.5	925	332	759	1928	2.08
2000-2009	100	0.46740	0.37886	0.5	593	225	481	1169	1.97
2000-2009	101	0.49823	0.39887	0.5	368	147	295	688	1.87
2000-2009	102	0.52908	0.41840	0.5	222	93	175	393	1.77
2000-2009	103	0.55971	0.43732	0.5	129	56	101	218	1.69
2000-2009	104	0.58989	0.45553	0.5	72	33	56	117	1.62
2000-2009	105	0.61941	0.47294	0.5	39	19	30	61	1.55
2000-2009	106	0.64807	0.48947	0.5	21	10	16	31	1.49
2000-2009	107	0.67571	0.50507	0.5	11	5	8	15	1.44
2000-2009	108	0.70217	0.51971	0.5	5	3	4	7	1.39
2000-2009	109	0.72734	0.53337	0.5	3	1	2	3	1.35
2000-2009	110+	0.75114	1.00000	1.33	1	1	2	2	1.33
2010-2017	0	0.00705	0.00700	0.06	100000	700	99345	7606379	76.06
2010-2017	1	0.00043	0.00043	0.5	99300	43	99278	7507034	75.60
2010-2017	2	0.00029	0.00029	0.5	99257	29	99242	7407756	74.63
2010-2017	3	0.00022	0.00022	0.5	99228	22	99217	7308513	73.65
2010-2017	4	0.00019	0.00019	0.5	99206	18	99197	7209297	72.67
2010-2017	5	0.00015	0.00015	0.5	99187	15	99180	7110100	71.68
2010-2017	6	0.00013	0.00013	0.5	99173	13	99166	7010920	70.69
2010-2017	7	0.00013	0.00013	0.5	99159	13	99153	6911754	69.70
2010-2017	8	0.00012	0.00012	0.5	99147	12	99141	6812601	68.71
2010-2017	9	0.00013	0.00013	0.5	99135	13	99129	6713460	67.72
2010-2017	10	0.00013	0.00013	0.5	99122	13	99116	6614331	66.73
2010-2017	11	0.00015	0.00015	0.5	99109	14	99102	6515216	65.74
2010-2017	12	0.00015	0.00015	0.5	99095	15	99087	6416114	64.75
2010-2017	13	0.00019	0.00019	0.5	99079	19	99070	6317027	63.76
2010-2017	14	0.00026	0.00026	0.5	99060	25	99048	6217957	62.77
2010-2017	15	0.00036	0.00036	0.5	99035	36	99017	6118909	61.79
2010-2017	16	0.00054	0.00054	0.5	98999	53	98972	6019892	60.81
2010-2017	17	0.00069	0.00068	0.5	98946	68	98912	5920920	59.84
2010-2017	18	0.00094	0.00094	0.5	98878	93	98831	5822008	58.88
2010-2017	19	0.00105	0.00105	0.5	98785	103	98733	5723177	57.94
2010-2017	20	0.00112	0.00112	0.5	98681	110	98626	5624444	57.00
2010-2017	21	0.00130	0.00130	0.5	98571	128	98507	5525818	56.06
2010-2017	22	0.00132	0.00132	0.5	98443	130	98378	5427310	55.13
2010-2017	23	0.00140	0.00140	0.5	98313	138	98244	5328932	54.20
2010-2017	24	0.00145	0.00145	0.5	98175	142	98104	5230688	53.28
2010-2017	25	0.00151	0.00150	0.5	98033	148	97959	5132584	52.36
2010-2017	26	0.00155	0.00155	0.5	97885	151	97810	5034625	51.43
2010-2017	27	0.00154	0.00154	0.5	97734	150	97659	4936815	50.51
2010-2017	28	0.00158	0.00158	0.5	97584	154	97507	4839156	49.59
2010-2017	29	0.00159	0.00159	0.5	97430	155	97353	4741649	48.67
2010-2017	30	0.00166	0.00166	0.5	97275	161	97195	4644297	47.74
2010-2017	31	0.00165	0.00165	0.5	97114	161	97034	4547102	46.82
2010-2017	32	0.00169	0.00168	0.5	96953	163	96872	4450068	45.90
2010-2017	33	0.00175	0.00175	0.5	96790	170	96705	4353197	44.98
2010-2017	34	0.00186	0.00186	0.5	96621	179	96531	4256491	44.05
2010-2017	35	0.00190	0.00189	0.5	96441	183	96350	4159961	43.13
2010-2017	36	0.00191	0.00191	0.5	96259	184	96167	4063611	42.22
2010-2017	37	0.00199	0.00199	0.5	96075	191	95980	3967444	41.30
2010-2017	38	0.00204	0.00204	0.5	95884	195	95787	3871464	40.38
2010-2017	39	0.00218	0.00218	0.5	95689	208	95585	3775677	39.46
2010-2017	40	0.00228	0.00228	0.5	95480	218	95372	3680093	38.54
2010-2017	41	0.00245	0.00245	0.5	95263	233	95146	3584721	37.63
2010-2017	42	0.00256	0.00256	0.5	95029	243	94908	3489575	36.72
2010-2017	43	0.00272	0.00271	0.5	94786	257	94657	3394668	35.81
2010-2017	44	0.00296	0.00295	0.5	94529	279	94389	3300010	34.91
2010-2017	45	0.00318	0.00318	0.5	94250	299	94100	3205621	34.01
2010-2017	46	0.00352	0.00352	0.5	93951	330	93785	3111521	33.12
2010-2017	47	0.00384	0.00384	0.5	93620	359	93441	3017735	32.23
2010-2017	48	0.00417	0.00416	0.5	93261	388	93067	2924294	31.36
2010-2017	49	0.00457	0.00456	0.5	92873	423	92661	2831228	30.49
2010-2017	50	0.00504	0.00503	0.5	92450	465	92217	2738567	29.62
2010-2017	51	0.00558	0.00556	0.5	91985	512	91729	2646350	28.77
2010-2017	52	0.00605	0.00603	0.5	91473	552	91197	2554621	27.93
2010-2017	53	0.00662	0.00660	0.5	90921	600	90621	2463424	27.09
2010-2017	54	0.00713	0.00711	0.5	90321	642	90000	2372803	26.27
2010-2017	55	0.00778	0.00775	0.5	89679	695	89331	2282803	25.46
2010-2017	56	0.00837	0.00834	0.5	88984	742	88613	2193471	24.65
2010-2017	57	0.00906	0.00902	0.5	88242	796	87844	2104859	23.85
2010-2017	58	0.00981	0.00976	0.5	87446	853	87019	2017015	23.07
2010-2017	59	0.01054	0.01048	0.5	86592	908	86139	1929996	22.29
2010-2017	60	0.01120	0.01114	0.5	85685	955	85207	1843857	21.52
2010-2017	61	0.01205	0.01198	0.5	84730	1015	84223	1758650	20.76
2010-2017	62	0.01293	0.01284	0.5	83715	1075	83177	1674427	20.00
2010-2017	63	0.01411	0.01401	0.5	82640	1158	82061	1591250	19.26
2010-2017	64	0.01500	0.01489	0.5	81482	1213	80875	1509189	18.52
2010-2017	65	0.01590	0.01577	0.5	80269	1266	79636	1428314	17.79
2010-2017	66	0.01705	0.01691	0.5	79003	1336	78335	1348678	17.07
2010-2017	67	0.01849	0.01832	0.5	77667	1423	76955	1270343	16.36
2010-2017	68	0.02009	0.01989	0.5	76244	1516	75486	1193388	15.65
2010-2017	69	0.02218	0.02194	0.5	74727	1640	73908	1117902	14.96
2010-2017	70	0.02412	0.02383	0.5	73088	1742	72217	1043994	14.28
2010-2017	71	0.02614	0.02580	0.5	71346	1841	70426	971777	13.62
2010-2017	72	0.02878	0.02837	0.5	69505	1972	68519	901352	12.97
2010-2017	73	0.03140	0.03091	0.5	67533	2088	66489	832832	12.33
2010-2017	74	0.03402	0.03345	0.5	65445	2189	64351	766343	11.71
2010-2017	75	0.03797	0.03726	0.5	63256	2357	62078	701992	11.10
2010-2017	76	0.04103	0.04021	0.5	60899	2449	59675	639914	10.51
2010-2017	77	0.04552	0.04451	0.5	58451	2601	57150	580239	9.93
2010-2017	78	0.05000	0.04878	0.5	55849	2724	54487	523089	9.37
2010-2017	79	0.05474	0.05329	0.5	53125	2831	51710	468602	8.82
2010-2017	80	0.06023	0.05847	0.5	50294	2941	48824	416892	8.29
2010-2017	81	0.06681	0.06465	0.5	47354	3061	45823	368068	7.77
2010-2017	82	0.07461	0.07193	0.5	44292	3186	42700	322245	7.28
2010-2017	83	0.08215	0.07891	0.5	41107	3244	39485	279545	6.80
2010-2017	84	0.09208	0.08803	0.5	37863	3333	36196	240061	6.34
2010-2017	85	0.10140	0.09651	0.5	34530	3332	32864	203864	5.90
2010-2017	86	0.11400	0.10785	0.5	31197	3365	29515	171001	5.48
2010-2017	87	0.12871	0.12093	0.5	27833	3366	26150	141485	5.08
2010-2017	88	0.14329	0.13371	0.5	24467	3271	22831	115336	4.71
2010-2017	89	0.16005	0.14819	0.5	21196	3141	19625	92504	4.36
2010-2017	90	0.18142	0.16633	0.5	18055	3003	16553	72879	4.04
2010-2017	91	0.20196	0.18344	0.5	15052	2761	13671	56326	3.74
2010-2017	92	0.22560	0.20273	0.5	12291	2492	11045	42655	3.47
2010-2017	93	0.25213	0.22390	0.5	9799	2194	8702	31610	3.23
2010-2017	94	0.27601	0.24254	0.5	7605	1844	6683	22908	3.01
2010-2017	95	0.29822	0.25952	0.5	5760	1495	5013	16225	2.82
2010-2017	96	0.32596	0.28028	0.5	4265	1196	3668	11212	2.63
2010-2017	97	0.35497	0.30146	0.5	3070	925	2607	7545	2.46
2010-2017	98	0.38509	0.32292	0.5	2144	692	1798	4937	2.30
2010-2017	99	0.41612	0.34445	0.5	1452	500	1202	3139	2.16
2010-2017	100	0.44783	0.36590	0.5	952	348	778	1937	2.04
2010-2017	101	0.47996	0.38707	0.5	604	234	487	1160	1.92
2010-2017	102	0.51227	0.40781	0.5	370	151	295	673	1.82
2010-2017	103	0.54447	0.42796	0.5	219	94	172	378	1.73
2010-2017	104	0.57630	0.44739	0.5	125	56	97	206	1.64
2010-2017	105	0.60751	0.46597	0.5	69	32	53	109	1.57
2010-2017	106	0.63787	0.48363	0.5	37	18	28	56	1.51
2010-2017	107	0.66717	0.50028	0.5	19	10	14	28	1.45
2010-2017	108	0.69523	0.51590	0.5	10	5	7	13	1.40
2010-2017	109	0.72191	0.53044	0.5	5	2	3	6	1.36
2010-2017	110+	0.74710	1.00000	1.34	2	2	3	3	1.34
