Reg2: , Lifetables (period 5x5), Both sexes Last modified: 3 Dec 2019, MPv5 (May07) 

Year     	Age	mx	qx	ax	lx	dx	Lx	Tx	ex
1960-1964	0	0.02346	0.02298	0.11	100000	2298	97963	7069274	70.69
1960-1964	1-4	0.00090	0.00358	1.62	97702	350	389974	6971311	71.35
1960-1964	5-9	0.00043	0.00215	2.31	97352	209	486197	6581337	67.60
1960-1964	10-14	0.00041	0.00207	2.69	97143	201	485250	6095140	62.74
1960-1964	15-19	0.00090	0.00447	2.76	96942	434	483741	5609890	57.87
1960-1964	20-24	0.00117	0.00585	2.49	96508	564	481123	5126149	53.12
1960-1964	25-29	0.00116	0.00580	2.53	95944	557	478344	4645026	48.41
1960-1964	30-34	0.00145	0.00723	2.62	95388	690	475298	4166681	43.68
1960-1964	35-39	0.00213	0.01060	2.67	94698	1004	471148	3691384	38.98
1960-1964	40-44	0.00332	0.01648	2.68	93694	1544	464882	3220235	34.37
1960-1964	45-49	0.00536	0.02647	2.68	92150	2440	455097	2755353	29.90
1960-1964	50-54	0.00872	0.04271	2.66	89711	3832	439570	2300256	25.64
1960-1964	55-59	0.01317	0.06385	2.64	85879	5484	416477	1860687	21.67
1960-1964	60-64	0.01986	0.09482	2.62	80396	7623	383860	1444210	17.96
1960-1964	65-69	0.03016	0.14061	2.6	72772	10233	339252	1060350	14.57
1960-1964	70-74	0.04625	0.20801	2.58	62540	13009	281281	721097	11.53
1960-1964	75-79	0.07037	0.29969	2.53	49531	14844	210955	439816	8.88
1960-1964	80-84	0.11233	0.43734	2.47	34687	15170	135050	228862	6.60
1960-1964	85-89	0.17605	0.59760	2.31	19517	11663	66252	93812	4.81
1960-1964	90-94	0.26148	0.74588	2.12	7854	5858	22403	27560	3.51
1960-1964	95-99	0.37298	0.86252	1.88	1996	1721	4615	5157	2.58
1960-1964	100-104	0.49909	0.93185	1.64	274	256	512	542	1.98
1960-1964	105-109	0.62673	0.96660	1.42	19	18	29	30	1.59
1960-1964	110+	0.72522	1.00000	1.38	1	1	1	1	1.38
1965-1969	0	0.02173	0.02131	0.11	100000	2131	98100	7074615	70.75
1965-1969	1-4	0.00084	0.00334	1.65	97869	327	390707	6976515	71.28
1965-1969	5-9	0.00042	0.00210	2.31	97541	205	487156	6585808	67.52
1965-1969	10-14	0.00040	0.00200	2.71	97337	194	486238	6098653	62.66
1965-1969	15-19	0.00107	0.00533	2.86	97142	518	484604	5612414	57.78
1965-1969	20-24	0.00130	0.00649	2.49	96625	627	481548	5127811	53.07
1965-1969	25-29	0.00129	0.00643	2.52	95998	618	478459	4646263	48.40
1965-1969	30-34	0.00156	0.00777	2.61	95380	741	475129	4167804	43.70
1965-1969	35-39	0.00225	0.01121	2.67	94639	1061	470722	3692675	39.02
1965-1969	40-44	0.00351	0.01738	2.67	93578	1627	464104	3221953	34.43
1965-1969	45-49	0.00549	0.02708	2.66	91951	2490	453932	2757848	29.99
1965-1969	50-54	0.00866	0.04245	2.66	89461	3798	438434	2303917	25.75
1965-1969	55-59	0.01325	0.06426	2.64	85664	5505	415354	1865483	21.78
1965-1969	60-64	0.02010	0.09592	2.62	80159	7689	382464	1450129	18.09
1965-1969	65-69	0.02977	0.13893	2.6	72470	10068	338148	1067665	14.73
1965-1969	70-74	0.04521	0.20381	2.59	62402	12718	281315	729517	11.69
1965-1969	75-79	0.06958	0.29687	2.53	49683	14750	211991	448202	9.02
1965-1969	80-84	0.10845	0.42548	2.47	34934	14864	137061	236210	6.76
1965-1969	85-89	0.16937	0.58259	2.32	20070	11693	69035	99149	4.94
1965-1969	90-94	0.25435	0.73660	2.14	8377	6171	24261	30114	3.59
1965-1969	95-99	0.36228	0.85406	1.91	2207	1885	5202	5853	2.65
1965-1969	100-104	0.48704	0.92708	1.66	322	299	613	651	2.02
1965-1969	105-109	0.61489	0.96430	1.44	23	23	37	38	1.62
1965-1969	110+	0.71443	1.00000	1.4	1	1	1	1	1.40
1970-1974	0	0.01841	0.01811	0.1	100000	1811	98369	7159980	71.60
1970-1974	1-4	0.00075	0.00299	1.67	98189	293	392074	7061610	71.92
1970-1974	5-9	0.00039	0.00194	2.33	97896	190	488972	6669537	68.13
1970-1974	10-14	0.00039	0.00194	2.73	97706	189	488101	6180564	63.26
1970-1974	15-19	0.00107	0.00534	2.84	97517	521	486459	5692464	58.37
1970-1974	20-24	0.00138	0.00690	2.5	96996	669	483308	5206005	53.67
1970-1974	25-29	0.00128	0.00639	2.51	96326	615	480098	4722697	49.03
1970-1974	30-34	0.00150	0.00746	2.6	95711	714	476844	4242599	44.33
1970-1974	35-39	0.00215	0.01068	2.65	94998	1014	472607	3765755	39.64
1970-1974	40-44	0.00333	0.01651	2.68	93983	1552	466324	3293148	35.04
1970-1974	45-49	0.00532	0.02627	2.66	92432	2428	456480	2826824	30.58
1970-1974	50-54	0.00803	0.03940	2.66	90003	3546	441711	2370344	26.34
1970-1974	55-59	0.01254	0.06092	2.65	86457	5267	419893	1928632	22.31
1970-1974	60-64	0.01910	0.09138	2.63	81190	7419	388366	1508739	18.58
1970-1974	65-69	0.02850	0.13335	2.6	73771	9837	345205	1120373	15.19
1970-1974	70-74	0.04252	0.19279	2.58	63933	12325	289879	775168	12.12
1970-1974	75-79	0.06600	0.28390	2.54	51608	14652	221982	485289	9.40
1970-1974	80-84	0.10069	0.40171	2.48	36956	14846	147440	263307	7.12
1970-1974	85-89	0.15670	0.55379	2.35	22110	12245	78141	115868	5.24
1970-1974	90-94	0.23626	0.70930	2.18	9866	6998	29620	37727	3.82
1970-1974	95-99	0.33729	0.83231	1.96	2868	2387	7077	8107	2.83
1970-1974	100-104	0.45833	0.91434	1.71	481	440	959	1029	2.14
1970-1974	105-109	0.58614	0.95805	1.49	41	39	67	70	1.70
1970-1974	110+	0.68790	1.00000	1.45	2	2	3	3	1.45
1975-1979	0	0.01448	0.01429	0.09	100000	1429	98697	7336558	73.37
1975-1979	1-4	0.00065	0.00259	1.68	98571	255	393691	7237861	73.43
1975-1979	5-9	0.00033	0.00163	2.35	98316	160	491154	6844170	69.61
1975-1979	10-14	0.00033	0.00165	2.79	98156	162	490420	6353016	64.72
1975-1979	15-19	0.00100	0.00497	2.86	97994	487	488928	5862596	59.83
1975-1979	20-24	0.00129	0.00643	2.47	97507	627	485947	5373667	55.11
1975-1979	25-29	0.00119	0.00596	2.49	96880	577	482948	4887720	50.45
1975-1979	30-34	0.00129	0.00643	2.58	96303	619	480015	4404772	45.74
1975-1979	35-39	0.00180	0.00896	2.65	95684	857	476405	3924757	41.02
1975-1979	40-44	0.00283	0.01406	2.69	94827	1333	471052	3448351	36.36
1975-1979	45-49	0.00456	0.02258	2.68	93493	2111	462563	2977300	31.85
1975-1979	50-54	0.00723	0.03555	2.66	91382	3249	449307	2514737	27.52
1975-1979	55-59	0.01101	0.05365	2.65	88134	4729	429568	2065430	23.44
1975-1979	60-64	0.01717	0.08250	2.64	83405	6881	400777	1635862	19.61
1975-1979	65-69	0.02560	0.12060	2.61	76524	9229	360551	1235085	16.14
1975-1979	70-74	0.03784	0.17338	2.59	67296	11668	308368	874534	13.00
1975-1979	75-79	0.05738	0.25162	2.56	55628	13997	243948	566166	10.18
1975-1979	80-84	0.08880	0.36346	2.5	41631	15131	170386	322218	7.74
1975-1979	85-89	0.13835	0.50853	2.4	26500	13476	97401	151832	5.73
1975-1979	90-94	0.21113	0.66660	2.24	13024	8682	41121	54431	4.18
1975-1979	95-99	0.30719	0.80224	2.02	4342	3483	11340	13310	3.07
1975-1979	100-104	0.42518	0.89711	1.78	859	770	1812	1970	2.29
1975-1979	105-109	0.55415	0.94993	1.54	88	84	151	158	1.79
1975-1979	110+	0.65916	1.00000	1.52	4	4	7	7	1.52
1980-1984	0	0.01161	0.01148	0.08	100000	1148	98944	7460871	74.61
1980-1984	1-4	0.00054	0.00217	1.62	98852	215	394896	7361927	74.47
1980-1984	5-9	0.00026	0.00131	2.36	98637	129	492843	6967031	70.63
1980-1984	10-14	0.00028	0.00138	2.78	98508	136	492237	6474188	65.72
1980-1984	15-19	0.00081	0.00406	2.88	98372	400	491011	5981951	60.81
1980-1984	20-24	0.00107	0.00535	2.5	97972	524	488554	5490940	56.05
1980-1984	25-29	0.00108	0.00538	2.51	97448	524	485939	5002386	51.33
1980-1984	30-34	0.00119	0.00592	2.57	96924	574	483224	4516447	46.60
1980-1984	35-39	0.00157	0.00783	2.66	96350	754	479989	4033223	41.86
1980-1984	40-44	0.00241	0.01197	2.67	95596	1144	475317	3553234	37.17
1980-1984	45-49	0.00399	0.01978	2.7	94452	1868	467962	3077917	32.59
1980-1984	50-54	0.00652	0.03212	2.66	92584	2974	455969	2609954	28.19
1980-1984	55-59	0.01030	0.05030	2.66	89610	4508	437483	2153985	24.04
1980-1984	60-64	0.01586	0.07646	2.64	85103	6507	410170	1716502	20.17
1980-1984	65-69	0.02394	0.11324	2.62	78596	8900	371808	1306332	16.62
1980-1984	70-74	0.03599	0.16556	2.58	69696	11539	320597	934524	13.41
1980-1984	75-79	0.05386	0.23794	2.55	58157	13838	256931	613927	10.56
1980-1984	80-84	0.08350	0.34574	2.51	44319	15323	183511	356996	8.06
1980-1984	85-89	0.13008	0.48655	2.41	28996	14108	108459	173485	5.98
1980-1984	90-94	0.19931	0.64542	2.27	14888	9609	48212	65026	4.37
1980-1984	95-99	0.29374	0.78712	2.05	5279	4155	14146	16813	3.18
1980-1984	100-104	0.40977	0.88793	1.81	1124	998	2435	2667	2.37
1980-1984	105-109	0.53856	0.94540	1.57	126	119	221	232	1.84
1980-1984	110+	0.64447	1.00000	1.55	7	7	11	11	1.55
1985-1989	0	0.01037	0.01027	0.08	100000	1027	99052	7524684	75.25
1985-1989	1-4	0.00049	0.00195	1.64	98973	193	395435	7425633	75.03
1985-1989	5-9	0.00023	0.00116	2.4	98780	115	493600	7030197	71.17
1985-1989	10-14	0.00027	0.00133	2.82	98665	132	493038	6536598	66.25
1985-1989	15-19	0.00082	0.00407	2.8	98533	401	491786	6043560	61.34
1985-1989	20-24	0.00100	0.00500	2.5	98132	490	489434	5551774	56.57
1985-1989	25-29	0.00104	0.00520	2.54	97642	508	486961	5062340	51.85
1985-1989	30-34	0.00121	0.00605	2.58	97134	587	484248	4575379	47.10
1985-1989	35-39	0.00158	0.00785	2.61	96547	758	480920	4091131	42.37
1985-1989	40-44	0.00224	0.01114	2.66	95789	1067	476450	3610211	37.69
1985-1989	45-49	0.00358	0.01774	2.68	94721	1680	469711	3133762	33.08
1985-1989	50-54	0.00597	0.02942	2.68	93041	2738	458862	2664051	28.63
1985-1989	55-59	0.00956	0.04675	2.67	90304	4222	441672	2205189	24.42
1985-1989	60-64	0.01521	0.07342	2.64	86081	6320	415480	1763517	20.49
1985-1989	65-69	0.02269	0.10760	2.61	79762	8582	378285	1348037	16.90
1985-1989	70-74	0.03481	0.16066	2.61	71180	11436	328517	969751	13.62
1985-1989	75-79	0.05172	0.22971	2.57	59744	13724	265358	641234	10.73
1985-1989	80-84	0.08078	0.33636	2.51	46020	15479	191617	375877	8.17
1985-1989	85-89	0.12741	0.47982	2.43	30541	14654	115011	184259	6.03
1985-1989	90-94	0.19896	0.64498	2.27	15887	10247	51500	69248	4.36
1985-1989	95-99	0.29739	0.79195	2.05	5640	4467	15020	17747	3.15
1985-1989	100-104	0.41882	0.89394	1.79	1173	1049	2505	2728	2.32
1985-1989	105-109	0.55291	0.94992	1.54	124	118	214	223	1.79
1985-1989	110+	0.66235	1.00000	1.51	6	6	9	9	1.51
1990-1994	0	0.00946	0.00938	0.07	100000	938	99132	7594510	75.95
1990-1994	1-4	0.00044	0.00176	1.62	99062	174	395836	7495378	75.66
1990-1994	5-9	0.00021	0.00102	2.34	98888	101	494172	7099542	71.79
1990-1994	10-14	0.00025	0.00124	2.9	98787	122	493679	6605370	66.86
1990-1994	15-19	0.00084	0.00421	2.81	98665	416	492414	6111691	61.94
1990-1994	20-24	0.00099	0.00494	2.48	98249	485	490023	5619277	57.19
1990-1994	25-29	0.00104	0.00519	2.56	97764	507	487583	5129254	52.47
1990-1994	30-34	0.00128	0.00640	2.57	97257	622	484771	4641672	47.73
1990-1994	35-39	0.00164	0.00817	2.59	96634	789	481273	4156900	43.02
1990-1994	40-44	0.00225	0.01118	2.63	95845	1072	476687	3675627	38.35
1990-1994	45-49	0.00338	0.01679	2.67	94773	1591	470163	3198941	33.75
1990-1994	50-54	0.00541	0.02674	2.67	93182	2491	460118	2728778	29.28
1990-1994	55-59	0.00872	0.04275	2.67	90691	3877	444433	2268660	25.02
1990-1994	60-64	0.01391	0.06735	2.65	86814	5847	420315	1824227	21.01
1990-1994	65-69	0.02158	0.10267	2.63	80967	8313	385140	1403912	17.34
1990-1994	70-74	0.03239	0.15028	2.6	72655	10918	337060	1018772	14.02
1990-1994	75-79	0.04862	0.21737	2.57	61736	13419	276033	681712	11.04
1990-1994	80-84	0.07740	0.32483	2.53	48317	15695	202769	405679	8.40
1990-1994	85-89	0.12163	0.46355	2.44	32622	15122	124331	202910	6.22
1990-1994	90-94	0.19116	0.63004	2.3	17500	11026	57678	78580	4.49
1990-1994	95-99	0.28836	0.78156	2.07	6474	5060	17548	20902	3.23
1990-1994	100-104	0.40967	0.88855	1.81	1414	1257	3067	3354	2.37
1990-1994	105-109	0.54502	0.94775	1.56	158	149	274	287	1.82
1990-1994	110+	0.65609	1.00000	1.52	8	8	13	13	1.52
1995-1999	0	0.00810	0.00804	0.07	100000	804	99253	7652138	76.52
1995-1999	1-4	0.00037	0.00148	1.64	99196	147	396439	7552885	76.14
1995-1999	5-9	0.00018	0.00091	2.34	99050	90	495008	7156446	72.25
1995-1999	10-14	0.00022	0.00111	2.83	98959	110	494558	6661438	67.31
1995-1999	15-19	0.00074	0.00367	2.81	98849	363	493451	6166880	62.39
1995-1999	20-24	0.00093	0.00464	2.5	98486	457	491286	5673429	57.61
1995-1999	25-29	0.00092	0.00459	2.52	98029	450	489029	5182143	52.86
1995-1999	30-34	0.00115	0.00572	2.62	97579	558	486569	4693114	48.10
1995-1999	35-39	0.00155	0.00773	2.63	97021	750	483326	4206545	43.36
1995-1999	40-44	0.00224	0.01113	2.65	96272	1071	478841	3723219	38.67
1995-1999	45-49	0.00330	0.01636	2.66	95200	1558	472351	3244378	34.08
1995-1999	50-54	0.00503	0.02484	2.68	93642	2326	462822	2772027	29.60
1995-1999	55-59	0.00809	0.03969	2.66	91316	3624	448114	2309205	25.29
1995-1999	60-64	0.01309	0.06349	2.66	87692	5567	425408	1861091	21.22
1995-1999	65-69	0.02036	0.09714	2.63	82125	7977	391738	1435683	17.48
1995-1999	70-74	0.03135	0.14576	2.6	74147	10808	344757	1043944	14.08
1995-1999	75-79	0.04728	0.21224	2.59	63339	13443	284346	699188	11.04
1995-1999	80-84	0.07704	0.32375	2.54	49896	16154	209688	414842	8.31
1995-1999	85-89	0.12443	0.47190	2.44	33742	15923	127964	205154	6.08
1995-1999	90-94	0.19951	0.64693	2.28	17819	11528	57781	77190	4.33
1995-1999	95-99	0.30358	0.79990	2.04	6291	5032	16577	19409	3.09
1995-1999	100-104	0.43369	0.90314	1.77	1259	1137	2622	2832	2.25
1995-1999	105-109	0.57569	0.95632	1.51	122	117	203	210	1.72
1995-1999	110+	0.68969	1.00000	1.45	5	5	8	8	1.45
2000-2004	0	0.00748	0.00743	0.07	100000	743	99308	7720398	77.20
2000-2004	1-4	0.00032	0.00126	1.6	99257	125	396727	7621090	76.78
2000-2004	5-9	0.00015	0.00076	2.39	99132	76	495460	7224364	72.88
2000-2004	10-14	0.00019	0.00096	2.79	99056	95	495069	6728903	67.93
2000-2004	15-19	0.00064	0.00322	2.86	98961	318	494123	6233834	62.99
2000-2004	20-24	0.00091	0.00453	2.53	98643	447	492111	5739711	58.19
2000-2004	25-29	0.00089	0.00446	2.52	98196	438	489893	5247600	53.44
2000-2004	30-34	0.00105	0.00523	2.59	97758	511	487554	4757707	48.67
2000-2004	35-39	0.00146	0.00727	2.67	97247	707	484585	4270153	43.91
2000-2004	40-44	0.00222	0.01105	2.65	96539	1067	480194	3785568	39.21
2000-2004	45-49	0.00337	0.01672	2.64	95472	1597	473600	3305374	34.62
2000-2004	50-54	0.00492	0.02434	2.65	93876	2285	464006	2831774	30.17
2000-2004	55-59	0.00749	0.03683	2.68	91591	3373	450117	2367769	25.85
2000-2004	60-64	0.01195	0.05811	2.66	88218	5126	429098	1917651	21.74
2000-2004	65-69	0.01847	0.08849	2.63	83091	7353	398052	1488553	17.91
2000-2004	70-74	0.02878	0.13467	2.62	75739	10199	354377	1090501	14.40
2000-2004	75-79	0.04487	0.20247	2.59	65539	13270	295745	736124	11.23
2000-2004	80-84	0.07338	0.31115	2.56	52269	16263	221645	440379	8.43
2000-2004	85-89	0.12299	0.46859	2.46	36006	16872	137186	218734	6.07
2000-2004	90-94	0.20283	0.65417	2.29	19134	12517	61712	81548	4.26
2000-2004	95-99	0.31334	0.81130	2.03	6617	5368	17133	19836	3.00
2000-2004	100-104	0.45186	0.91313	1.74	1249	1140	2523	2703	2.16
2000-2004	105-109	0.60026	0.96224	1.47	108	104	174	180	1.66
2000-2004	110+	0.71682	1.00000	1.4	4	4	6	6	1.40
2005-2009	0	0.00723	0.00718	0.07	100000	718	99331	7804343	78.04
2005-2009	1-4	0.00028	0.00113	1.56	99282	112	396854	7705012	77.61
2005-2009	5-9	0.00013	0.00067	2.42	99170	66	495679	7308158	73.69
2005-2009	10-14	0.00016	0.00081	2.84	99104	80	495346	6812479	68.74
2005-2009	15-19	0.00058	0.00290	2.91	99024	287	494520	6317133	63.79
2005-2009	20-24	0.00088	0.00439	2.55	98737	433	492621	5822614	58.97
2005-2009	25-29	0.00097	0.00483	2.54	98303	475	490350	5329992	54.22
2005-2009	30-34	0.00109	0.00542	2.57	97828	531	487851	4839642	49.47
2005-2009	35-39	0.00142	0.00705	2.62	97298	686	484857	4351791	44.73
2005-2009	40-44	0.00215	0.01068	2.68	96611	1032	480658	3866934	40.03
2005-2009	45-49	0.00331	0.01643	2.66	95579	1570	474220	3386275	35.43
2005-2009	50-54	0.00494	0.02442	2.63	94009	2296	464607	2912055	30.98
2005-2009	55-59	0.00711	0.03496	2.63	91713	3207	450972	2447448	26.69
2005-2009	60-64	0.01089	0.05307	2.66	88507	4697	431537	1996476	22.56
2005-2009	65-69	0.01656	0.07967	2.63	83809	6677	403238	1564939	18.67
2005-2009	70-74	0.02571	0.12114	2.63	77132	9344	363488	1161701	15.06
2005-2009	75-79	0.04047	0.18446	2.6	67788	12504	308987	798212	11.78
2005-2009	80-84	0.06643	0.28605	2.57	55283	15814	238043	489225	8.85
2005-2009	85-89	0.11346	0.44149	2.49	39470	17426	153588	251182	6.36
2005-2009	90-94	0.19264	0.63511	2.32	22044	14000	72676	97594	4.43
2005-2009	95-99	0.30104	0.79848	2.06	8044	6423	21335	24918	3.10
2005-2009	100-104	0.44154	0.90832	1.76	1621	1472	3335	3583	2.21
2005-2009	105-109	0.59393	0.96107	1.48	149	143	240	249	1.67
2005-2009	110+	0.71414	1.00000	1.4	6	6	8	8	1.40
2010-2014	0	0.00647	0.00643	0.07	100000	643	99399	7859541	78.60
2010-2014	1-4	0.00026	0.00102	1.6	99357	102	397182	7760142	78.10
2010-2014	5-9	0.00012	0.00058	2.39	99255	58	496123	7362960	74.18
2010-2014	10-14	0.00015	0.00073	2.76	99197	72	495822	6866838	69.22
2010-2014	15-19	0.00050	0.00248	2.93	99125	246	495114	6371015	64.27
2010-2014	20-24	0.00086	0.00431	2.61	98879	427	493374	5875901	59.43
2010-2014	25-29	0.00101	0.00502	2.54	98452	494	491048	5382528	54.67
2010-2014	30-34	0.00117	0.00581	2.56	97958	569	488405	4891480	49.93
2010-2014	35-39	0.00145	0.00722	2.59	97389	703	485252	4403075	45.21
2010-2014	40-44	0.00203	0.01009	2.64	96686	975	481130	3917823	40.52
2010-2014	45-49	0.00316	0.01567	2.69	95711	1500	475089	3436693	35.91
2010-2014	50-54	0.00493	0.02435	2.65	94211	2294	465669	2961604	31.44
2010-2014	55-59	0.00718	0.03528	2.63	91917	3243	451896	2495935	27.15
2010-2014	60-64	0.01035	0.05051	2.64	88674	4479	432816	2044039	23.05
2010-2014	65-69	0.01551	0.07481	2.65	84195	6299	406167	1611223	19.14
2010-2014	70-74	0.02419	0.11438	2.62	77896	8910	368295	1205055	15.47
2010-2014	75-79	0.03823	0.17512	2.61	68986	12081	316033	836760	12.13
2010-2014	80-84	0.06208	0.27001	2.59	56906	15365	247509	520727	9.15
2010-2014	85-89	0.10707	0.42254	2.51	41540	17552	163934	273218	6.58
2010-2014	90-94	0.18506	0.61962	2.33	23988	14863	80315	109284	4.56
2010-2014	95-99	0.29217	0.78855	2.08	9124	7195	24626	28969	3.17
2010-2014	100-104	0.43280	0.90386	1.78	1929	1744	4029	4343	2.25
2010-2014	105-109	0.58671	0.95954	1.49	185	178	303	314	1.69
2010-2014	110+	0.70876	1.00000	1.41	8	8	11	11	1.41
2015-2017	0	0.00639	0.00635	0.07	100000	635	99407	7836250	78.36
2015-2017	1-4	0.00025	0.00101	1.61	99365	101	397218	7736843	77.86
2015-2017	5-9	0.00012	0.00062	2.43	99264	61	496163	7339625	73.94
2015-2017	10-14	0.00016	0.00081	2.83	99203	80	495840	6843462	68.98
2015-2017	15-19	0.00054	0.00272	2.95	99123	269	495063	6347623	64.04
2015-2017	20-24	0.00098	0.00486	2.63	98854	481	493130	5852560	59.20
2015-2017	25-29	0.00125	0.00625	2.56	98373	615	490361	5359430	54.48
2015-2017	30-34	0.00148	0.00737	2.58	97758	720	487047	4869069	49.81
2015-2017	35-39	0.00174	0.00867	2.57	97037	842	483141	4382022	45.16
2015-2017	40-44	0.00223	0.01110	2.62	96196	1068	478442	3898880	40.53
2015-2017	45-49	0.00321	0.01593	2.64	95128	1516	472070	3420438	35.96
2015-2017	50-54	0.00497	0.02454	2.67	93612	2297	462701	2948368	31.50
2015-2017	55-59	0.00744	0.03653	2.64	91315	3336	448689	2485667	27.22
2015-2017	60-64	0.01066	0.05200	2.62	87979	4575	429000	2036979	23.15
2015-2017	65-69	0.01535	0.07405	2.63	83404	6176	402404	1607978	19.28
2015-2017	70-74	0.02378	0.11257	2.64	77228	8693	365623	1205575	15.61
2015-2017	75-79	0.03782	0.17346	2.62	68534	11888	314370	839952	12.26
2015-2017	80-84	0.06140	0.26716	2.57	56646	15134	246495	525581	9.28
2015-2017	85-89	0.10340	0.41158	2.52	41512	17086	165243	279086	6.72
2015-2017	90-94	0.17992	0.60885	2.35	24427	14872	82659	113842	4.66
2015-2017	95-99	0.28281	0.77704	2.1	9555	7424	26251	31183	3.26
2015-2017	100-104	0.41979	0.89637	1.8	2130	1910	4549	4932	2.32
2015-2017	105-109	0.57169	0.95588	1.52	221	211	369	383	1.74
2015-2017	110+	0.69367	1.00000	1.44	10	10	14	14	1.44
