Reg2: , Lifetables (period 1x5), Males Last modified: 3 Dec 2019, MPv5 (May07) 

Year     	Age	mx	qx	ax	lx	dx	Lx	Tx	ex
1960-1964	0	0.02653	0.02592	0.12	100000	2592	97709	6754102	67.54
1960-1964	1	0.00152	0.00152	0.5	97408	148	97334	6656393	68.34
1960-1964	2	0.00100	0.00100	0.5	97260	97	97211	6559060	67.44
1960-1964	3	0.00077	0.00077	0.5	97163	75	97125	6461848	66.51
1960-1964	4	0.00066	0.00066	0.5	97088	64	97055	6364723	65.56
1960-1964	5	0.00059	0.00059	0.5	97023	57	96995	6267668	64.60
1960-1964	6	0.00053	0.00053	0.5	96966	51	96941	6170673	63.64
1960-1964	7	0.00051	0.00051	0.5	96915	49	96891	6073732	62.67
1960-1964	8	0.00046	0.00046	0.5	96866	44	96844	5976842	61.70
1960-1964	9	0.00044	0.00044	0.5	96822	43	96801	5879998	60.73
1960-1964	10	0.00043	0.00043	0.5	96779	42	96758	5783197	59.76
1960-1964	11	0.00046	0.00046	0.5	96737	45	96715	5686439	58.78
1960-1964	12	0.00049	0.00049	0.5	96692	47	96669	5589724	57.81
1960-1964	13	0.00056	0.00056	0.5	96645	54	96618	5493055	56.84
1960-1964	14	0.00067	0.00067	0.5	96591	65	96559	5396437	55.87
1960-1964	15	0.00084	0.00084	0.5	96527	81	96486	5299878	54.91
1960-1964	16	0.00108	0.00108	0.5	96445	105	96393	5203392	53.95
1960-1964	17	0.00133	0.00133	0.5	96341	128	96276	5106999	53.01
1960-1964	18	0.00149	0.00149	0.5	96212	143	96141	5010723	52.08
1960-1964	19	0.00158	0.00158	0.5	96069	152	95993	4914582	51.16
1960-1964	20	0.00172	0.00172	0.5	95917	165	95835	4818589	50.24
1960-1964	21	0.00186	0.00185	0.5	95753	178	95664	4722754	49.32
1960-1964	22	0.00173	0.00173	0.5	95575	165	95493	4627091	48.41
1960-1964	23	0.00173	0.00173	0.5	95410	165	95328	4531598	47.50
1960-1964	24	0.00165	0.00165	0.5	95245	157	95167	4436270	46.58
1960-1964	25	0.00160	0.00160	0.5	95088	152	95012	4341104	45.65
1960-1964	26	0.00155	0.00155	0.5	94936	147	94862	4246091	44.73
1960-1964	27	0.00152	0.00151	0.5	94789	144	94717	4151229	43.79
1960-1964	28	0.00158	0.00157	0.5	94645	149	94571	4056512	42.86
1960-1964	29	0.00155	0.00155	0.5	94496	147	94423	3961941	41.93
1960-1964	30	0.00167	0.00166	0.5	94350	157	94271	3867518	40.99
1960-1964	31	0.00169	0.00169	0.5	94193	159	94113	3773247	40.06
1960-1964	32	0.00179	0.00179	0.5	94033	168	93949	3679134	39.13
1960-1964	33	0.00192	0.00192	0.5	93865	180	93775	3585184	38.20
1960-1964	34	0.00201	0.00201	0.5	93685	188	93591	3491410	37.27
1960-1964	35	0.00219	0.00218	0.5	93497	204	93395	3397819	36.34
1960-1964	36	0.00235	0.00235	0.5	93292	219	93183	3304424	35.42
1960-1964	37	0.00258	0.00258	0.5	93073	240	92953	3211242	34.50
1960-1964	38	0.00282	0.00281	0.5	92833	261	92702	3118288	33.59
1960-1964	39	0.00310	0.00309	0.5	92572	286	92429	3025586	32.68
1960-1964	40	0.00342	0.00341	0.5	92286	315	92128	2933157	31.78
1960-1964	41	0.00368	0.00367	0.5	91971	337	91802	2841029	30.89
1960-1964	42	0.00418	0.00417	0.5	91633	382	91442	2749227	30.00
1960-1964	43	0.00446	0.00445	0.5	91251	406	91048	2657785	29.13
1960-1964	44	0.00501	0.00500	0.5	90845	454	90618	2566737	28.25
1960-1964	45	0.00558	0.00556	0.5	90391	503	90139	2476119	27.39
1960-1964	46	0.00609	0.00607	0.5	89888	546	89615	2385980	26.54
1960-1964	47	0.00681	0.00679	0.5	89342	606	89039	2296364	25.70
1960-1964	48	0.00758	0.00755	0.5	88736	670	88401	2207325	24.88
1960-1964	49	0.00830	0.00827	0.5	88066	728	87702	2118924	24.06
1960-1964	50	0.00957	0.00952	0.5	87338	832	86922	2031223	23.26
1960-1964	51	0.01038	0.01033	0.5	86506	894	86059	1944301	22.48
1960-1964	52	0.01152	0.01145	0.5	85612	980	85122	1858242	21.71
1960-1964	53	0.01244	0.01237	0.5	84632	1047	84108	1773121	20.95
1960-1964	54	0.01382	0.01372	0.5	83585	1147	83012	1689012	20.21
1960-1964	55	0.01482	0.01471	0.5	82438	1213	81832	1606001	19.48
1960-1964	56	0.01617	0.01604	0.5	81225	1303	80574	1524169	18.76
1960-1964	57	0.01783	0.01767	0.5	79923	1413	79216	1443595	18.06
1960-1964	58	0.01907	0.01889	0.5	78510	1483	77768	1364379	17.38
1960-1964	59	0.02101	0.02080	0.5	77027	1602	76226	1286610	16.70
1960-1964	60	0.02267	0.02241	0.5	75425	1691	74580	1210384	16.05
1960-1964	61	0.02434	0.02405	0.5	73734	1773	72848	1135805	15.40
1960-1964	62	0.02684	0.02648	0.5	71961	1906	71008	1062957	14.77
1960-1964	63	0.02863	0.02822	0.5	70055	1977	69067	991949	14.16
1960-1964	64	0.03095	0.03048	0.5	68078	2075	67041	922882	13.56
1960-1964	65	0.03509	0.03448	0.5	66003	2276	64865	855841	12.97
1960-1964	66	0.03641	0.03576	0.5	63727	2279	62588	790976	12.41
1960-1964	67	0.04015	0.03936	0.5	61449	2419	60239	728388	11.85
1960-1964	68	0.04317	0.04226	0.5	59030	2495	57783	668149	11.32
1960-1964	69	0.04597	0.04494	0.5	56535	2541	55265	610366	10.80
1960-1964	70	0.05099	0.04972	0.5	53995	2685	52652	555101	10.28
1960-1964	71	0.05393	0.05251	0.5	51310	2695	49963	502449	9.79
1960-1964	72	0.06036	0.05860	0.5	48615	2849	47191	452486	9.31
1960-1964	73	0.06342	0.06147	0.5	45767	2813	44360	405295	8.86
1960-1964	74	0.06909	0.06678	0.5	42953	2868	41519	360935	8.40
1960-1964	75	0.07505	0.07234	0.5	40085	2900	38635	319416	7.97
1960-1964	76	0.07986	0.07679	0.5	37185	2855	35758	280780	7.55
1960-1964	77	0.08529	0.08180	0.5	34330	2808	32926	245023	7.14
1960-1964	78	0.09259	0.08849	0.5	31522	2789	30127	212097	6.73
1960-1964	79	0.10095	0.09610	0.5	28732	2761	27352	181970	6.33
1960-1964	80	0.11358	0.10748	0.5	25971	2791	24575	154618	5.95
1960-1964	81	0.11982	0.11305	0.5	23180	2620	21870	130042	5.61
1960-1964	82	0.13415	0.12572	0.5	20559	2585	19267	108173	5.26
1960-1964	83	0.14681	0.13677	0.5	17975	2458	16745	88906	4.95
1960-1964	84	0.16138	0.14933	0.5	15516	2317	14358	72161	4.65
1960-1964	85	0.17433	0.16035	0.5	13199	2116	12141	57803	4.38
1960-1964	86	0.18907	0.17274	0.5	11083	1914	10125	45662	4.12
1960-1964	87	0.20666	0.18730	0.5	9168	1717	8310	35537	3.88
1960-1964	88	0.22214	0.19994	0.5	7451	1490	6706	27227	3.65
1960-1964	89	0.24290	0.21660	0.5	5961	1291	5316	20521	3.44
1960-1964	90	0.25900	0.22930	0.5	4670	1071	4135	15205	3.26
1960-1964	91	0.27130	0.23890	0.5	3599	860	3169	11070	3.08
1960-1964	92	0.29661	0.25830	0.5	2739	708	2386	7901	2.88
1960-1964	93	0.32730	0.28127	0.5	2032	571	1746	5516	2.71
1960-1964	94	0.34484	0.29413	0.5	1460	430	1246	3770	2.58
1960-1964	95	0.36664	0.30984	0.5	1031	319	871	2524	2.45
1960-1964	96	0.39045	0.32668	0.5	711	232	595	1653	2.32
1960-1964	97	0.41480	0.34355	0.5	479	165	397	1058	2.21
1960-1964	98	0.43958	0.36037	0.5	314	113	258	661	2.10
1960-1964	99	0.46465	0.37705	0.5	201	76	163	403	2.00
1960-1964	100	0.48991	0.39352	0.5	125	49	101	240	1.91
1960-1964	101	0.51522	0.40968	0.5	76	31	60	139	1.83
1960-1964	102	0.54045	0.42548	0.5	45	19	35	79	1.76
1960-1964	103	0.56548	0.44084	0.5	26	11	20	44	1.69
1960-1964	104	0.59018	0.45570	0.5	14	7	11	23	1.63
1960-1964	105	0.61443	0.47003	0.5	8	4	6	12	1.57
1960-1964	106	0.63812	0.48377	0.5	4	2	3	6	1.52
1960-1964	107	0.66116	0.49690	0.5	2	1	2	3	1.47
1960-1964	108	0.68347	0.50939	0.5	1	1	1	2	1.43
1960-1964	109	0.70496	0.52123	0.5	1	0	0	1	1.40
1960-1964	110+	0.72557	1.00000	1.38	0	0	0	0	1.38
1965-1969	0	0.02454	0.02402	0.11	100000	2402	97864	6726855	67.27
1965-1969	1	0.00136	0.00136	0.5	97598	133	97532	6628991	67.92
1965-1969	2	0.00091	0.00091	0.5	97466	89	97421	6531459	67.01
1965-1969	3	0.00074	0.00074	0.5	97376	72	97340	6434038	66.07
1965-1969	4	0.00063	0.00063	0.5	97304	62	97273	6336698	65.12
1965-1969	5	0.00058	0.00058	0.5	97243	57	97214	6239424	64.16
1965-1969	6	0.00053	0.00053	0.5	97186	51	97160	6142210	63.20
1965-1969	7	0.00046	0.00046	0.5	97135	45	97112	6045050	62.23
1965-1969	8	0.00043	0.00043	0.5	97090	42	97069	5947938	61.26
1965-1969	9	0.00044	0.00044	0.5	97048	43	97026	5850869	60.29
1965-1969	10	0.00041	0.00041	0.5	97005	39	96985	5753842	59.32
1965-1969	11	0.00043	0.00043	0.5	96965	41	96945	5656857	58.34
1965-1969	12	0.00046	0.00046	0.5	96924	45	96901	5559913	57.36
1965-1969	13	0.00053	0.00053	0.5	96879	51	96853	5463011	56.39
1965-1969	14	0.00069	0.00069	0.5	96828	66	96795	5366158	55.42
1965-1969	15	0.00085	0.00085	0.5	96761	82	96720	5269363	54.46
1965-1969	16	0.00127	0.00127	0.5	96679	123	96618	5172643	53.50
1965-1969	17	0.00159	0.00159	0.5	96556	153	96480	5076025	52.57
1965-1969	18	0.00206	0.00206	0.5	96403	198	96304	4979546	51.65
1965-1969	19	0.00206	0.00206	0.5	96205	198	96106	4883242	50.76
1965-1969	20	0.00189	0.00189	0.5	96006	181	95916	4787136	49.86
1965-1969	21	0.00200	0.00200	0.5	95825	192	95730	4691220	48.96
1965-1969	22	0.00203	0.00203	0.5	95634	194	95537	4595490	48.05
1965-1969	23	0.00188	0.00188	0.5	95440	179	95350	4499954	47.15
1965-1969	24	0.00185	0.00185	0.5	95260	176	95172	4404604	46.24
1965-1969	25	0.00182	0.00182	0.5	95084	173	94998	4309431	45.32
1965-1969	26	0.00181	0.00181	0.5	94912	171	94826	4214433	44.40
1965-1969	27	0.00179	0.00179	0.5	94740	170	94655	4119608	43.48
1965-1969	28	0.00176	0.00175	0.5	94570	166	94487	4024952	42.56
1965-1969	29	0.00183	0.00183	0.5	94404	172	94318	3930465	41.63
1965-1969	30	0.00185	0.00185	0.5	94232	174	94145	3836147	40.71
1965-1969	31	0.00191	0.00191	0.5	94058	179	93968	3742002	39.78
1965-1969	32	0.00202	0.00202	0.5	93878	190	93783	3648034	38.86
1965-1969	33	0.00209	0.00209	0.5	93689	196	93591	3554251	37.94
1965-1969	34	0.00223	0.00222	0.5	93493	208	93389	3460660	37.02
1965-1969	35	0.00237	0.00237	0.5	93285	221	93174	3367272	36.10
1965-1969	36	0.00260	0.00259	0.5	93064	241	92944	3274097	35.18
1965-1969	37	0.00271	0.00271	0.5	92823	251	92697	3181154	34.27
1965-1969	38	0.00304	0.00304	0.5	92572	281	92431	3088456	33.36
1965-1969	39	0.00332	0.00331	0.5	92290	306	92138	2996025	32.46
1965-1969	40	0.00366	0.00365	0.5	91985	336	91817	2903888	31.57
1965-1969	41	0.00397	0.00396	0.5	91649	363	91467	2812071	30.68
1965-1969	42	0.00442	0.00441	0.5	91286	403	91084	2720603	29.80
1965-1969	43	0.00484	0.00482	0.5	90883	438	90664	2629519	28.93
1965-1969	44	0.00519	0.00518	0.5	90445	469	90210	2538855	28.07
1965-1969	45	0.00592	0.00591	0.5	89976	531	89710	2448645	27.21
1965-1969	46	0.00632	0.00630	0.5	89445	564	89163	2358935	26.37
1965-1969	47	0.00695	0.00693	0.5	88881	616	88573	2269772	25.54
1965-1969	48	0.00764	0.00761	0.5	88265	671	87929	2181199	24.71
1965-1969	49	0.00851	0.00847	0.5	87594	742	87223	2093270	23.90
1965-1969	50	0.00950	0.00945	0.5	86852	821	86441	2006047	23.10
1965-1969	51	0.01031	0.01026	0.5	86031	883	85590	1919606	22.31
1965-1969	52	0.01156	0.01149	0.5	85148	979	84659	1834016	21.54
1965-1969	53	0.01246	0.01238	0.5	84170	1042	83648	1749357	20.78
1965-1969	54	0.01396	0.01386	0.5	83127	1152	82551	1665709	20.04
1965-1969	55	0.01503	0.01492	0.5	81975	1223	81363	1583157	19.31
1965-1969	56	0.01639	0.01626	0.5	80752	1313	80095	1501794	18.60
1965-1969	57	0.01795	0.01779	0.5	79439	1413	78732	1421699	17.90
1965-1969	58	0.01984	0.01964	0.5	78026	1533	77259	1342966	17.21
1965-1969	59	0.02143	0.02120	0.5	76493	1622	75682	1265707	16.55
1965-1969	60	0.02348	0.02321	0.5	74871	1738	74002	1190024	15.89
1965-1969	61	0.02548	0.02516	0.5	73134	1840	72214	1116022	15.26
1965-1969	62	0.02784	0.02745	0.5	71294	1957	70315	1043809	14.64
1965-1969	63	0.03007	0.02962	0.5	69336	2054	68309	973494	14.04
1965-1969	64	0.03244	0.03192	0.5	67282	2148	66209	905184	13.45
1965-1969	65	0.03520	0.03459	0.5	65135	2253	64008	838976	12.88
1965-1969	66	0.03691	0.03624	0.5	62882	2279	61742	774968	12.32
1965-1969	67	0.04090	0.04008	0.5	60603	2429	59388	713225	11.77
1965-1969	68	0.04380	0.04286	0.5	58174	2493	56927	653837	11.24
1965-1969	69	0.04707	0.04599	0.5	55680	2561	54400	596910	10.72
1965-1969	70	0.05138	0.05009	0.5	53120	2661	51789	542510	10.21
1965-1969	71	0.05436	0.05292	0.5	50459	2670	49124	490720	9.73
1965-1969	72	0.06079	0.05900	0.5	47789	2819	46379	441596	9.24
1965-1969	73	0.06519	0.06313	0.5	44969	2839	43550	395218	8.79
1965-1969	74	0.07083	0.06841	0.5	42130	2882	40689	351668	8.35
1965-1969	75	0.07669	0.07386	0.5	39248	2899	37799	310979	7.92
1965-1969	76	0.08196	0.07873	0.5	36349	2862	34918	273180	7.52
1965-1969	77	0.08842	0.08468	0.5	33488	2836	32070	238261	7.11
1965-1969	78	0.09607	0.09167	0.5	30652	2810	29247	206191	6.73
1965-1969	79	0.10328	0.09821	0.5	27842	2734	26475	176944	6.36
1965-1969	80	0.11367	0.10756	0.5	25108	2700	23757	150470	5.99
1965-1969	81	0.12037	0.11354	0.5	22407	2544	21135	126712	5.65
1965-1969	82	0.13278	0.12452	0.5	19863	2473	18627	105577	5.32
1965-1969	83	0.14627	0.13630	0.5	17390	2370	16205	86950	5.00
1965-1969	84	0.15758	0.14607	0.5	15020	2194	13923	70745	4.71
1965-1969	85	0.17345	0.15961	0.5	12826	2047	11802	56823	4.43
1965-1969	86	0.18793	0.17179	0.5	10779	1852	9853	45020	4.18
1965-1969	87	0.20057	0.18229	0.5	8927	1627	8113	35168	3.94
1965-1969	88	0.21645	0.19531	0.5	7300	1426	6587	27054	3.71
1965-1969	89	0.23357	0.20914	0.5	5874	1229	5260	20467	3.48
1965-1969	90	0.25607	0.22701	0.5	4645	1055	4118	15208	3.27
1965-1969	91	0.27294	0.24017	0.5	3591	862	3160	11089	3.09
1965-1969	92	0.29932	0.26035	0.5	2729	710	2373	7930	2.91
1965-1969	93	0.31997	0.27584	0.5	2018	557	1740	5556	2.75
1965-1969	94	0.34752	0.29607	0.5	1461	433	1245	3817	2.61
1965-1969	95	0.35845	0.30397	0.5	1029	313	872	2571	2.50
1965-1969	96	0.38153	0.32041	0.5	716	229	601	1699	2.37
1965-1969	97	0.40517	0.33691	0.5	487	164	405	1098	2.26
1965-1969	98	0.42925	0.35340	0.5	323	114	266	693	2.15
1965-1969	99	0.45367	0.36979	0.5	209	77	170	427	2.05
1965-1969	100	0.47831	0.38600	0.5	131	51	106	257	1.96
1965-1969	101	0.50306	0.40196	0.5	81	32	65	151	1.87
1965-1969	102	0.52780	0.41759	0.5	48	20	38	87	1.80
1965-1969	103	0.55240	0.43284	0.5	28	12	22	49	1.73
1965-1969	104	0.57674	0.44765	0.5	16	7	12	26	1.66
1965-1969	105	0.60072	0.46196	0.5	9	4	7	14	1.60
1965-1969	106	0.62423	0.47574	0.5	5	2	4	7	1.55
1965-1969	107	0.64716	0.48895	0.5	2	1	2	4	1.50
1965-1969	108	0.66944	0.50156	0.5	1	1	1	2	1.46
1965-1969	109	0.69098	0.51355	0.5	1	0	0	1	1.43
1965-1969	110+	0.71172	1.00000	1.41	0	0	0	0	1.41
1970-1974	0	0.02073	0.02035	0.1	100000	2035	98170	6794993	67.95
1970-1974	1	0.00120	0.00120	0.5	97965	117	97907	6696823	68.36
1970-1974	2	0.00081	0.00081	0.5	97848	79	97808	6598917	67.44
1970-1974	3	0.00070	0.00070	0.5	97769	68	97735	6501108	66.49
1970-1974	4	0.00057	0.00057	0.5	97701	56	97673	6403373	65.54
1970-1974	5	0.00053	0.00053	0.5	97645	52	97619	6305700	64.58
1970-1974	6	0.00048	0.00048	0.5	97593	47	97570	6208081	63.61
1970-1974	7	0.00046	0.00046	0.5	97546	45	97524	6110511	62.64
1970-1974	8	0.00040	0.00040	0.5	97501	39	97482	6012988	61.67
1970-1974	9	0.00040	0.00040	0.5	97462	39	97443	5915506	60.70
1970-1974	10	0.00040	0.00040	0.5	97423	39	97404	5818063	59.72
1970-1974	11	0.00039	0.00039	0.5	97384	38	97365	5720660	58.74
1970-1974	12	0.00043	0.00043	0.5	97346	42	97325	5623294	57.77
1970-1974	13	0.00051	0.00051	0.5	97304	50	97279	5525969	56.79
1970-1974	14	0.00068	0.00068	0.5	97254	66	97221	5428690	55.82
1970-1974	15	0.00086	0.00086	0.5	97188	83	97146	5331469	54.86
1970-1974	16	0.00132	0.00132	0.5	97104	128	97040	5234323	53.90
1970-1974	17	0.00153	0.00153	0.5	96977	148	96902	5137282	52.97
1970-1974	18	0.00196	0.00196	0.5	96828	190	96734	5040380	52.05
1970-1974	19	0.00205	0.00205	0.5	96639	198	96540	4943646	51.16
1970-1974	20	0.00204	0.00204	0.5	96440	197	96342	4847107	50.26
1970-1974	21	0.00216	0.00216	0.5	96244	207	96140	4750765	49.36
1970-1974	22	0.00224	0.00223	0.5	96036	214	95929	4654625	48.47
1970-1974	23	0.00216	0.00216	0.5	95822	207	95718	4558696	47.57
1970-1974	24	0.00211	0.00211	0.5	95615	202	95514	4462977	46.68
1970-1974	25	0.00193	0.00192	0.5	95413	184	95321	4367463	45.77
1970-1974	26	0.00175	0.00174	0.5	95230	166	95146	4272142	44.86
1970-1974	27	0.00182	0.00182	0.5	95063	173	94977	4176996	43.94
1970-1974	28	0.00172	0.00172	0.5	94890	163	94809	4082019	43.02
1970-1974	29	0.00177	0.00177	0.5	94727	168	94643	3987210	42.09
1970-1974	30	0.00187	0.00187	0.5	94559	177	94471	3892567	41.17
1970-1974	31	0.00186	0.00186	0.5	94382	176	94294	3798097	40.24
1970-1974	32	0.00194	0.00194	0.5	94206	183	94115	3703803	39.32
1970-1974	33	0.00202	0.00202	0.5	94023	190	93928	3609688	38.39
1970-1974	34	0.00213	0.00212	0.5	93833	199	93734	3515759	37.47
1970-1974	35	0.00234	0.00234	0.5	93634	219	93525	3422026	36.55
1970-1974	36	0.00255	0.00254	0.5	93415	238	93296	3328501	35.63
1970-1974	37	0.00271	0.00271	0.5	93177	252	93051	3235205	34.72
1970-1974	38	0.00291	0.00291	0.5	92925	270	92790	3142153	33.81
1970-1974	39	0.00318	0.00317	0.5	92655	294	92508	3049363	32.91
1970-1974	40	0.00347	0.00347	0.5	92361	320	92201	2956855	32.01
1970-1974	41	0.00371	0.00370	0.5	92041	341	91871	2864654	31.12
1970-1974	42	0.00415	0.00415	0.5	91701	380	91510	2772783	30.24
1970-1974	43	0.00459	0.00458	0.5	91320	419	91111	2681273	29.36
1970-1974	44	0.00499	0.00498	0.5	90902	453	90675	2590162	28.49
1970-1974	45	0.00574	0.00572	0.5	90449	517	90190	2499486	27.63
1970-1974	46	0.00630	0.00628	0.5	89932	565	89649	2409296	26.79
1970-1974	47	0.00683	0.00681	0.5	89366	608	89062	2319647	25.96
1970-1974	48	0.00745	0.00743	0.5	88758	659	88429	2230584	25.13
1970-1974	49	0.00819	0.00816	0.5	88099	719	87740	2142156	24.32
1970-1974	50	0.00879	0.00876	0.5	87380	765	86998	2054416	23.51
1970-1974	51	0.00972	0.00967	0.5	86615	838	86196	1967418	22.71
1970-1974	52	0.01060	0.01054	0.5	85777	904	85325	1881222	21.93
1970-1974	53	0.01141	0.01135	0.5	84873	963	84391	1795897	21.16
1970-1974	54	0.01281	0.01273	0.5	83910	1068	83376	1711506	20.40
1970-1974	55	0.01415	0.01406	0.5	82842	1164	82259	1628130	19.65
1970-1974	56	0.01539	0.01527	0.5	81677	1247	81053	1545871	18.93
1970-1974	57	0.01705	0.01691	0.5	80430	1360	79750	1464817	18.21
1970-1974	58	0.01849	0.01832	0.5	79070	1449	78345	1385068	17.52
1970-1974	59	0.02046	0.02026	0.5	77621	1572	76835	1306722	16.83
1970-1974	60	0.02228	0.02203	0.5	76049	1675	75211	1229887	16.17
1970-1974	61	0.02386	0.02358	0.5	74373	1754	73497	1154676	15.53
1970-1974	62	0.02631	0.02597	0.5	72620	1886	71677	1081179	14.89
1970-1974	63	0.02878	0.02837	0.5	70734	2007	69730	1009503	14.27
1970-1974	64	0.03114	0.03066	0.5	68727	2107	67673	939772	13.67
1970-1974	65	0.03438	0.03380	0.5	66620	2251	65494	872099	13.09
1970-1974	66	0.03632	0.03567	0.5	64368	2296	63220	806605	12.53
1970-1974	67	0.03989	0.03911	0.5	62072	2428	60858	743385	11.98
1970-1974	68	0.04210	0.04124	0.5	59645	2459	58415	682526	11.44
1970-1974	69	0.04613	0.04509	0.5	57185	2578	55896	624111	10.91
1970-1974	70	0.05022	0.04899	0.5	54607	2675	53269	568215	10.41
1970-1974	71	0.05304	0.05167	0.5	51932	2683	50590	514946	9.92
1970-1974	72	0.05891	0.05722	0.5	49248	2818	47839	464356	9.43
1970-1974	73	0.06316	0.06122	0.5	46430	2843	45009	416517	8.97
1970-1974	74	0.06824	0.06599	0.5	43588	2876	42149	371508	8.52
1970-1974	75	0.07454	0.07186	0.5	40711	2926	39248	329358	8.09
1970-1974	76	0.08203	0.07879	0.5	37786	2977	36297	290110	7.68
1970-1974	77	0.08730	0.08365	0.5	34808	2912	33352	253813	7.29
1970-1974	78	0.09498	0.09067	0.5	31897	2892	30451	220461	6.91
1970-1974	79	0.10249	0.09749	0.5	29004	2828	27591	190010	6.55
1970-1974	80	0.10816	0.10262	0.5	26177	2686	24834	162420	6.20
1970-1974	81	0.11756	0.11103	0.5	23491	2608	22186	137586	5.86
1970-1974	82	0.12665	0.11911	0.5	20882	2487	19639	115399	5.53
1970-1974	83	0.13778	0.12890	0.5	18395	2371	17210	95761	5.21
1970-1974	84	0.15248	0.14168	0.5	16024	2270	14889	78551	4.90
1970-1974	85	0.16290	0.15063	0.5	13754	2072	12718	63662	4.63
1970-1974	86	0.17769	0.16319	0.5	11682	1906	10729	50944	4.36
1970-1974	87	0.19051	0.17394	0.5	9776	1700	8926	40215	4.11
1970-1974	88	0.20563	0.18646	0.5	8075	1506	7322	31290	3.87
1970-1974	89	0.22327	0.20085	0.5	6570	1319	5910	23967	3.65
1970-1974	90	0.24083	0.21495	0.5	5250	1128	4686	18057	3.44
1970-1974	91	0.25784	0.22840	0.5	4122	941	3651	13372	3.24
1970-1974	92	0.28129	0.24661	0.5	3180	784	2788	9721	3.06
1970-1974	93	0.30449	0.26426	0.5	2396	633	2079	6932	2.89
1970-1974	94	0.32236	0.27761	0.5	1763	489	1518	4853	2.75
1970-1974	95	0.33969	0.29037	0.5	1273	370	1089	3335	2.62
1970-1974	96	0.36171	0.30631	0.5	904	277	765	2246	2.49
1970-1974	97	0.38432	0.32238	0.5	627	202	526	1481	2.36
1970-1974	98	0.40745	0.33849	0.5	425	144	353	955	2.25
1970-1974	99	0.43099	0.35458	0.5	281	100	231	602	2.14
1970-1974	100	0.45485	0.37057	0.5	181	67	148	371	2.05
1970-1974	101	0.47892	0.38639	0.5	114	44	92	223	1.96
1970-1974	102	0.50309	0.40197	0.5	70	28	56	131	1.88
1970-1974	103	0.52724	0.41724	0.5	42	17	33	75	1.80
1970-1974	104	0.55126	0.43215	0.5	24	11	19	42	1.73
1970-1974	105	0.57505	0.44663	0.5	14	6	11	23	1.67
1970-1974	106	0.59850	0.46065	0.5	8	4	6	12	1.61
1970-1974	107	0.62150	0.47416	0.5	4	2	3	6	1.56
1970-1974	108	0.64397	0.48712	0.5	2	1	2	3	1.51
1970-1974	109	0.66582	0.49952	0.5	1	1	1	2	1.48
1970-1974	110+	0.68699	1.00000	1.46	1	1	1	1	1.46
1975-1979	0	0.01612	0.01588	0.09	100000	1588	98552	6962041	69.62
1975-1979	1	0.00103	0.00103	0.5	98412	101	98361	6863489	69.74
1975-1979	2	0.00074	0.00074	0.5	98311	72	98275	6765128	68.81
1975-1979	3	0.00058	0.00058	0.5	98239	57	98210	6666853	67.86
1975-1979	4	0.00051	0.00051	0.5	98181	50	98156	6568643	66.90
1975-1979	5	0.00045	0.00045	0.5	98131	44	98109	6470487	65.94
1975-1979	6	0.00041	0.00041	0.5	98088	40	98067	6372377	64.97
1975-1979	7	0.00037	0.00037	0.5	98047	36	98029	6274310	63.99
1975-1979	8	0.00035	0.00035	0.5	98011	34	97994	6176281	63.02
1975-1979	9	0.00034	0.00034	0.5	97977	33	97960	6078287	62.04
1975-1979	10	0.00031	0.00031	0.5	97944	31	97928	5980327	61.06
1975-1979	11	0.00035	0.00035	0.5	97913	34	97896	5882398	60.08
1975-1979	12	0.00038	0.00038	0.5	97879	37	97861	5784502	59.10
1975-1979	13	0.00046	0.00046	0.5	97842	45	97820	5686642	58.12
1975-1979	14	0.00060	0.00060	0.5	97797	59	97768	5588822	57.15
1975-1979	15	0.00080	0.00080	0.5	97739	78	97700	5491054	56.18
1975-1979	16	0.00112	0.00112	0.5	97660	109	97606	5393355	55.23
1975-1979	17	0.00146	0.00146	0.5	97552	142	97480	5295749	54.29
1975-1979	18	0.00185	0.00185	0.5	97409	180	97319	5198268	53.37
1975-1979	19	0.00195	0.00195	0.5	97229	189	97135	5100949	52.46
1975-1979	20	0.00201	0.00201	0.5	97040	195	96943	5003814	51.56
1975-1979	21	0.00205	0.00205	0.5	96845	198	96746	4906872	50.67
1975-1979	22	0.00199	0.00199	0.5	96647	192	96551	4810126	49.77
1975-1979	23	0.00196	0.00196	0.5	96455	189	96360	4713575	48.87
1975-1979	24	0.00188	0.00188	0.5	96266	181	96175	4617215	47.96
1975-1979	25	0.00178	0.00178	0.5	96084	171	95999	4521040	47.05
1975-1979	26	0.00178	0.00178	0.5	95913	171	95828	4425041	46.14
1975-1979	27	0.00174	0.00174	0.5	95742	166	95659	4329214	45.22
1975-1979	28	0.00169	0.00168	0.5	95576	161	95495	4233555	44.30
1975-1979	29	0.00167	0.00167	0.5	95415	159	95335	4138059	43.37
1975-1979	30	0.00170	0.00170	0.5	95256	162	95175	4042724	42.44
1975-1979	31	0.00168	0.00168	0.5	95094	160	95014	3947549	41.51
1975-1979	32	0.00168	0.00168	0.5	94934	159	94854	3852535	40.58
1975-1979	33	0.00176	0.00176	0.5	94775	166	94691	3757681	39.65
1975-1979	34	0.00186	0.00186	0.5	94608	176	94520	3662990	38.72
1975-1979	35	0.00201	0.00201	0.5	94432	190	94338	3568469	37.79
1975-1979	36	0.00216	0.00216	0.5	94243	204	94141	3474132	36.86
1975-1979	37	0.00227	0.00226	0.5	94039	213	93933	3379991	35.94
1975-1979	38	0.00249	0.00249	0.5	93826	234	93709	3286058	35.02
1975-1979	39	0.00270	0.00270	0.5	93592	253	93466	3192349	34.11
1975-1979	40	0.00288	0.00288	0.5	93340	269	93206	3098883	33.20
1975-1979	41	0.00324	0.00323	0.5	93071	301	92921	3005677	32.29
1975-1979	42	0.00358	0.00358	0.5	92771	332	92605	2912756	31.40
1975-1979	43	0.00394	0.00393	0.5	92439	363	92257	2820151	30.51
1975-1979	44	0.00433	0.00432	0.5	92076	398	91877	2727894	29.63
1975-1979	45	0.00485	0.00484	0.5	91678	444	91456	2636017	28.75
1975-1979	46	0.00527	0.00525	0.5	91234	479	90995	2544561	27.89
1975-1979	47	0.00590	0.00588	0.5	90755	533	90488	2453566	27.04
1975-1979	48	0.00644	0.00642	0.5	90222	579	89932	2363078	26.19
1975-1979	49	0.00718	0.00716	0.5	89643	642	89322	2273146	25.36
1975-1979	50	0.00783	0.00780	0.5	89001	694	88654	2183824	24.54
1975-1979	51	0.00861	0.00857	0.5	88307	757	87928	2095170	23.73
1975-1979	52	0.00966	0.00962	0.5	87549	842	87128	2007242	22.93
1975-1979	53	0.01036	0.01031	0.5	86708	894	86261	1920114	22.14
1975-1979	54	0.01139	0.01132	0.5	85814	972	85328	1833853	21.37
1975-1979	55	0.01227	0.01219	0.5	84842	1035	84325	1748526	20.61
1975-1979	56	0.01338	0.01329	0.5	83807	1114	83250	1664201	19.86
1975-1979	57	0.01484	0.01473	0.5	82693	1218	82084	1580951	19.12
1975-1979	58	0.01613	0.01600	0.5	81475	1304	80823	1498866	18.40
1975-1979	59	0.01769	0.01754	0.5	80171	1406	79468	1418043	17.69
1975-1979	60	0.01953	0.01934	0.5	78765	1524	78004	1338575	16.99
1975-1979	61	0.02126	0.02104	0.5	77242	1625	76429	1260571	16.32
1975-1979	62	0.02395	0.02367	0.5	75617	1790	74722	1184142	15.66
1975-1979	63	0.02590	0.02557	0.5	73827	1888	72883	1109420	15.03
1975-1979	64	0.02824	0.02784	0.5	71939	2003	70938	1036537	14.41
1975-1979	65	0.03056	0.03010	0.5	69936	2105	68884	965599	13.81
1975-1979	66	0.03280	0.03227	0.5	67831	2189	66737	896715	13.22
1975-1979	67	0.03602	0.03539	0.5	65642	2323	64481	829979	12.64
1975-1979	68	0.03897	0.03823	0.5	63320	2421	62109	765498	12.09
1975-1979	69	0.04210	0.04123	0.5	60899	2511	59644	703388	11.55
1975-1979	70	0.04477	0.04379	0.5	58388	2557	57110	643744	11.03
1975-1979	71	0.04867	0.04752	0.5	55831	2653	54505	586635	10.51
1975-1979	72	0.05316	0.05178	0.5	53178	2754	51802	532130	10.01
1975-1979	73	0.05698	0.05540	0.5	50425	2793	49028	480328	9.53
1975-1979	74	0.06334	0.06140	0.5	47631	2924	46169	431300	9.05
1975-1979	75	0.06747	0.06527	0.5	44707	2918	43248	385131	8.61
1975-1979	76	0.07248	0.06995	0.5	41789	2923	40327	341883	8.18
1975-1979	77	0.07912	0.07611	0.5	38866	2958	37387	301556	7.76
1975-1979	78	0.08516	0.08168	0.5	35908	2933	34441	264169	7.36
1975-1979	79	0.09295	0.08882	0.5	32975	2929	31510	229728	6.97
1975-1979	80	0.10008	0.09531	0.5	30046	2864	28614	198217	6.60
1975-1979	81	0.10806	0.10252	0.5	27182	2787	25789	169603	6.24
1975-1979	82	0.11689	0.11044	0.5	24396	2694	23048	143814	5.90
1975-1979	83	0.12688	0.11931	0.5	21701	2589	20407	120766	5.56
1975-1979	84	0.13719	0.12838	0.5	19112	2454	17885	100359	5.25
1975-1979	85	0.14773	0.13757	0.5	16659	2292	15513	82474	4.95
1975-1979	86	0.16071	0.14876	0.5	14367	2137	13298	66961	4.66
1975-1979	87	0.17678	0.16242	0.5	12230	1986	11236	53663	4.39
1975-1979	88	0.18789	0.17175	0.5	10243	1759	9364	42426	4.14
1975-1979	89	0.20628	0.18700	0.5	8484	1586	7691	33063	3.90
1975-1979	90	0.22348	0.20102	0.5	6897	1387	6204	25372	3.68
1975-1979	91	0.23870	0.21325	0.5	5511	1175	4923	19168	3.48
1975-1979	92	0.25520	0.22632	0.5	4336	981	3845	14245	3.29
1975-1979	93	0.28201	0.24716	0.5	3354	829	2940	10400	3.10
1975-1979	94	0.29359	0.25601	0.5	2525	647	2202	7460	2.95
1975-1979	95	0.31392	0.27133	0.5	1879	510	1624	5258	2.80
1975-1979	96	0.33480	0.28679	0.5	1369	393	1173	3634	2.65
1975-1979	97	0.35634	0.30246	0.5	976	295	829	2461	2.52
1975-1979	98	0.37849	0.31826	0.5	681	217	573	1632	2.40
1975-1979	99	0.40115	0.33413	0.5	464	155	387	1059	2.28
1975-1979	100	0.42424	0.35000	0.5	309	108	255	673	2.18
1975-1979	101	0.44767	0.36580	0.5	201	74	164	417	2.08
1975-1979	102	0.47134	0.38144	0.5	127	49	103	253	1.99
1975-1979	103	0.49513	0.39688	0.5	79	31	63	150	1.90
1975-1979	104	0.51895	0.41203	0.5	48	20	38	87	1.83
1975-1979	105	0.54268	0.42685	0.5	28	12	22	49	1.76
1975-1979	106	0.56621	0.44128	0.5	16	7	12	27	1.69
1975-1979	107	0.58946	0.45527	0.5	9	4	7	15	1.64
1975-1979	108	0.61230	0.46879	0.5	5	2	4	8	1.59
1975-1979	109	0.63467	0.48178	0.5	3	1	2	4	1.55
1975-1979	110+	0.65647	1.00000	1.52	1	1	2	2	1.52
1980-1984	0	0.01291	0.01276	0.08	100000	1276	98825	7101414	71.01
1980-1984	1	0.00093	0.00093	0.5	98724	92	98678	7002589	70.93
1980-1984	2	0.00061	0.00061	0.5	98632	61	98601	6903911	70.00
1980-1984	3	0.00048	0.00048	0.5	98571	47	98548	6805310	69.04
1980-1984	4	0.00040	0.00040	0.5	98524	39	98505	6706762	68.07
1980-1984	5	0.00035	0.00035	0.5	98485	34	98468	6608258	67.10
1980-1984	6	0.00032	0.00032	0.5	98451	32	98435	6509790	66.12
1980-1984	7	0.00031	0.00031	0.5	98419	30	98404	6411355	65.14
1980-1984	8	0.00029	0.00029	0.5	98389	28	98375	6312951	64.16
1980-1984	9	0.00027	0.00027	0.5	98360	26	98347	6214576	63.18
1980-1984	10	0.00026	0.00026	0.5	98334	26	98321	6116229	62.20
1980-1984	11	0.00027	0.00027	0.5	98308	27	98295	6017908	61.21
1980-1984	12	0.00031	0.00031	0.5	98281	30	98266	5919613	60.23
1980-1984	13	0.00039	0.00039	0.5	98251	38	98232	5821347	59.25
1980-1984	14	0.00050	0.00050	0.5	98213	49	98188	5723115	58.27
1980-1984	15	0.00061	0.00061	0.5	98164	60	98134	5624926	57.30
1980-1984	16	0.00091	0.00091	0.5	98104	89	98060	5526792	56.34
1980-1984	17	0.00119	0.00119	0.5	98015	116	97957	5428732	55.39
1980-1984	18	0.00154	0.00154	0.5	97899	151	97824	5330775	54.45
1980-1984	19	0.00157	0.00157	0.5	97749	153	97672	5232951	53.53
1980-1984	20	0.00158	0.00158	0.5	97595	154	97518	5135279	52.62
1980-1984	21	0.00170	0.00169	0.5	97441	165	97359	5037761	51.70
1980-1984	22	0.00162	0.00161	0.5	97276	157	97198	4940402	50.79
1980-1984	23	0.00166	0.00166	0.5	97119	161	97039	4843205	49.87
1980-1984	24	0.00158	0.00158	0.5	96958	153	96882	4746166	48.95
1980-1984	25	0.00159	0.00159	0.5	96805	154	96728	4649285	48.03
1980-1984	26	0.00156	0.00156	0.5	96651	151	96576	4552557	47.10
1980-1984	27	0.00158	0.00157	0.5	96500	152	96424	4455981	46.18
1980-1984	28	0.00165	0.00164	0.5	96348	158	96269	4359557	45.25
1980-1984	29	0.00151	0.00151	0.5	96190	145	96117	4263287	44.32
1980-1984	30	0.00156	0.00156	0.5	96045	150	95970	4167170	43.39
1980-1984	31	0.00165	0.00164	0.5	95895	158	95816	4071201	42.45
1980-1984	32	0.00163	0.00163	0.5	95737	156	95659	3975385	41.52
1980-1984	33	0.00169	0.00169	0.5	95581	162	95500	3879726	40.59
1980-1984	34	0.00165	0.00165	0.5	95419	158	95341	3784226	39.66
1980-1984	35	0.00176	0.00176	0.5	95262	167	95178	3688885	38.72
1980-1984	36	0.00191	0.00191	0.5	95094	182	95004	3593707	37.79
1980-1984	37	0.00200	0.00200	0.5	94913	190	94818	3498703	36.86
1980-1984	38	0.00228	0.00228	0.5	94723	216	94615	3403885	35.94
1980-1984	39	0.00234	0.00234	0.5	94507	221	94397	3309270	35.02
1980-1984	40	0.00255	0.00255	0.5	94286	240	94166	3214874	34.10
1980-1984	41	0.00279	0.00279	0.5	94046	262	93915	3120708	33.18
1980-1984	42	0.00308	0.00308	0.5	93784	289	93639	3026793	32.27
1980-1984	43	0.00329	0.00329	0.5	93495	307	93341	2933154	31.37
1980-1984	44	0.00358	0.00358	0.5	93188	333	93021	2839812	30.47
1980-1984	45	0.00411	0.00410	0.5	92855	381	92664	2746791	29.58
1980-1984	46	0.00446	0.00445	0.5	92474	411	92268	2654127	28.70
1980-1984	47	0.00508	0.00506	0.5	92063	466	91830	2561859	27.83
1980-1984	48	0.00571	0.00569	0.5	91597	522	91336	2470029	26.97
1980-1984	49	0.00617	0.00615	0.5	91075	560	90795	2378693	26.12
1980-1984	50	0.00688	0.00685	0.5	90515	620	90205	2287898	25.28
1980-1984	51	0.00767	0.00764	0.5	89895	687	89551	2197693	24.45
1980-1984	52	0.00851	0.00847	0.5	89208	756	88830	2108142	23.63
1980-1984	53	0.00929	0.00924	0.5	88452	818	88044	2019312	22.83
1980-1984	54	0.01006	0.01001	0.5	87635	877	87196	1931268	22.04
1980-1984	55	0.01130	0.01124	0.5	86757	975	86270	1844072	21.26
1980-1984	56	0.01252	0.01244	0.5	85782	1067	85248	1757803	20.49
1980-1984	57	0.01343	0.01334	0.5	84714	1130	84149	1672554	19.74
1980-1984	58	0.01524	0.01512	0.5	83584	1264	82952	1588405	19.00
1980-1984	59	0.01612	0.01599	0.5	82320	1317	81662	1505453	18.29
1980-1984	60	0.01746	0.01731	0.5	81004	1402	80303	1423791	17.58
1980-1984	61	0.01906	0.01888	0.5	79602	1503	78850	1343488	16.88
1980-1984	62	0.02187	0.02163	0.5	78099	1689	77254	1264638	16.19
1980-1984	63	0.02323	0.02296	0.5	76410	1754	75532	1187384	15.54
1980-1984	64	0.02472	0.02442	0.5	74655	1823	73744	1111851	14.89
1980-1984	65	0.02706	0.02670	0.5	72832	1945	71860	1038107	14.25
1980-1984	66	0.03015	0.02970	0.5	70888	2106	69835	966247	13.63
1980-1984	67	0.03277	0.03224	0.5	68782	2217	67673	896412	13.03
1980-1984	68	0.03590	0.03527	0.5	66565	2348	65391	828739	12.45
1980-1984	69	0.03898	0.03823	0.5	64217	2455	62989	763348	11.89
1980-1984	70	0.04277	0.04187	0.5	61762	2586	60469	700359	11.34
1980-1984	71	0.04590	0.04487	0.5	59176	2655	57848	639890	10.81
1980-1984	72	0.04973	0.04852	0.5	56520	2743	55149	582042	10.30
1980-1984	73	0.05508	0.05360	0.5	53778	2883	52337	526893	9.80
1980-1984	74	0.05849	0.05683	0.5	50895	2892	49449	474556	9.32
1980-1984	75	0.06418	0.06219	0.5	48003	2985	46510	425107	8.86
1980-1984	76	0.06935	0.06703	0.5	45018	3017	43509	378596	8.41
1980-1984	77	0.07501	0.07229	0.5	42000	3036	40482	335087	7.98
1980-1984	78	0.08094	0.07779	0.5	38964	3031	37449	294605	7.56
1980-1984	79	0.08785	0.08415	0.5	35933	3024	34421	257156	7.16
1980-1984	80	0.09582	0.09144	0.5	32909	3009	31405	222735	6.77
1980-1984	81	0.10348	0.09839	0.5	29900	2942	28429	191331	6.40
1980-1984	82	0.11211	0.10616	0.5	26958	2862	25527	162901	6.04
1980-1984	83	0.12272	0.11562	0.5	24096	2786	22703	137374	5.70
1980-1984	84	0.13386	0.12546	0.5	21310	2674	19973	114671	5.38
1980-1984	85	0.14356	0.13394	0.5	18637	2496	17388	94698	5.08
1980-1984	86	0.15631	0.14498	0.5	16140	2340	14970	77309	4.79
1980-1984	87	0.17017	0.15683	0.5	13800	2164	12718	62339	4.52
1980-1984	88	0.18277	0.16747	0.5	11636	1949	10662	49621	4.26
1980-1984	89	0.19556	0.17815	0.5	9687	1726	8825	38959	4.02
1980-1984	90	0.21270	0.19226	0.5	7962	1531	7196	30134	3.78
1980-1984	91	0.22988	0.20618	0.5	6431	1326	5768	22938	3.57
1980-1984	92	0.24678	0.21967	0.5	5105	1121	4544	17170	3.36
1980-1984	93	0.26886	0.23700	0.5	3984	944	3512	12626	3.17
1980-1984	94	0.29340	0.25586	0.5	3039	778	2651	9114	3.00
1980-1984	95	0.30576	0.26521	0.5	2262	600	1962	6464	2.86
1980-1984	96	0.32644	0.28064	0.5	1662	466	1429	4502	2.71
1980-1984	97	0.34783	0.29630	0.5	1196	354	1018	3073	2.57
1980-1984	98	0.36985	0.31213	0.5	841	263	710	2055	2.44
1980-1984	99	0.39242	0.32805	0.5	579	190	484	1345	2.32
1980-1984	100	0.41546	0.34400	0.5	389	134	322	861	2.21
1980-1984	101	0.43888	0.35990	0.5	255	92	209	539	2.11
1980-1984	102	0.46257	0.37568	0.5	163	61	133	330	2.02
1980-1984	103	0.48643	0.39127	0.5	102	40	82	197	1.93
1980-1984	104	0.51036	0.40660	0.5	62	25	49	115	1.85
1980-1984	105	0.53423	0.42161	0.5	37	16	29	66	1.78
1980-1984	106	0.55796	0.43625	0.5	21	9	17	37	1.72
1980-1984	107	0.58142	0.45046	0.5	12	5	9	20	1.66
1980-1984	108	0.60451	0.46420	0.5	7	3	5	11	1.61
1980-1984	109	0.62715	0.47744	0.5	4	2	3	6	1.57
1980-1984	110+	0.64925	1.00000	1.54	2	2	3	3	1.54
1985-1989	0	0.01161	0.01149	0.08	100000	1149	98939	7180174	71.80
1985-1989	1	0.00080	0.00080	0.5	98851	79	98811	7081235	71.64
1985-1989	2	0.00051	0.00051	0.5	98771	51	98746	6982424	70.69
1985-1989	3	0.00044	0.00044	0.5	98721	44	98699	6883678	69.73
1985-1989	4	0.00038	0.00038	0.5	98677	37	98659	6784979	68.76
1985-1989	5	0.00030	0.00030	0.5	98640	29	98625	6686320	67.79
1985-1989	6	0.00029	0.00029	0.5	98611	29	98596	6587695	66.81
1985-1989	7	0.00025	0.00025	0.5	98582	25	98570	6489098	65.82
1985-1989	8	0.00026	0.00026	0.5	98557	25	98545	6390529	64.84
1985-1989	9	0.00024	0.00024	0.5	98532	24	98520	6291984	63.86
1985-1989	10	0.00023	0.00023	0.5	98508	23	98497	6193464	62.87
1985-1989	11	0.00027	0.00027	0.5	98485	27	98472	6094967	61.89
1985-1989	12	0.00032	0.00032	0.5	98459	32	98443	5996495	60.90
1985-1989	13	0.00038	0.00038	0.5	98427	37	98409	5898052	59.92
1985-1989	14	0.00047	0.00047	0.5	98390	46	98367	5799643	58.95
1985-1989	15	0.00065	0.00065	0.5	98344	64	98312	5701276	57.97
1985-1989	16	0.00101	0.00101	0.5	98280	100	98230	5602964	57.01
1985-1989	17	0.00118	0.00118	0.5	98180	116	98122	5504734	56.07
1985-1989	18	0.00143	0.00143	0.5	98065	140	97995	5406612	55.13
1985-1989	19	0.00150	0.00150	0.5	97924	147	97851	5308617	54.21
1985-1989	20	0.00149	0.00149	0.5	97778	145	97705	5210766	53.29
1985-1989	21	0.00157	0.00157	0.5	97632	153	97556	5113061	52.37
1985-1989	22	0.00151	0.00151	0.5	97479	147	97406	5015506	51.45
1985-1989	23	0.00152	0.00152	0.5	97332	148	97258	4918100	50.53
1985-1989	24	0.00147	0.00147	0.5	97184	143	97113	4820842	49.61
1985-1989	25	0.00147	0.00147	0.5	97042	142	96970	4723729	48.68
1985-1989	26	0.00147	0.00146	0.5	96899	142	96828	4626758	47.75
1985-1989	27	0.00156	0.00156	0.5	96757	151	96682	4529930	46.82
1985-1989	28	0.00160	0.00159	0.5	96606	154	96529	4433248	45.89
1985-1989	29	0.00152	0.00152	0.5	96452	146	96379	4336719	44.96
1985-1989	30	0.00157	0.00156	0.5	96306	151	96231	4240340	44.03
1985-1989	31	0.00168	0.00168	0.5	96155	161	96075	4144109	43.10
1985-1989	32	0.00172	0.00172	0.5	95994	165	95912	4048035	42.17
1985-1989	33	0.00178	0.00178	0.5	95829	170	95744	3952123	41.24
1985-1989	34	0.00177	0.00177	0.5	95659	170	95574	3856379	40.31
1985-1989	35	0.00197	0.00196	0.5	95489	188	95395	3760805	39.38
1985-1989	36	0.00200	0.00200	0.5	95302	190	95206	3665410	38.46
1985-1989	37	0.00208	0.00208	0.5	95111	197	95013	3570204	37.54
1985-1989	38	0.00236	0.00235	0.5	94914	223	94802	3475191	36.61
1985-1989	39	0.00221	0.00221	0.5	94691	209	94586	3380389	35.70
1985-1989	40	0.00243	0.00243	0.5	94482	229	94367	3285802	34.78
1985-1989	41	0.00263	0.00262	0.5	94252	247	94129	3191435	33.86
1985-1989	42	0.00292	0.00291	0.5	94005	274	93868	3097307	32.95
1985-1989	43	0.00307	0.00306	0.5	93731	287	93588	3003438	32.04
1985-1989	44	0.00332	0.00331	0.5	93444	310	93290	2909851	31.14
1985-1989	45	0.00371	0.00371	0.5	93135	345	92962	2816561	30.24
1985-1989	46	0.00411	0.00410	0.5	92790	381	92599	2723599	29.35
1985-1989	47	0.00454	0.00453	0.5	92409	419	92199	2631000	28.47
1985-1989	48	0.00506	0.00504	0.5	91990	464	91758	2538800	27.60
1985-1989	49	0.00516	0.00514	0.5	91526	471	91290	2447043	26.74
1985-1989	50	0.00610	0.00608	0.5	91055	554	90778	2355752	25.87
1985-1989	51	0.00684	0.00681	0.5	90501	617	90193	2264974	25.03
1985-1989	52	0.00759	0.00756	0.5	89885	680	89545	2174781	24.20
1985-1989	53	0.00826	0.00823	0.5	89205	734	88838	2085236	23.38
1985-1989	54	0.00901	0.00897	0.5	88471	794	88074	1996398	22.57
1985-1989	55	0.01012	0.01007	0.5	87677	883	87236	1908324	21.77
1985-1989	56	0.01106	0.01100	0.5	86794	955	86317	1821088	20.98
1985-1989	57	0.01201	0.01194	0.5	85839	1025	85326	1734772	20.21
1985-1989	58	0.01399	0.01389	0.5	84814	1178	84225	1649446	19.45
1985-1989	59	0.01478	0.01467	0.5	83636	1227	83022	1565221	18.71
1985-1989	60	0.01646	0.01633	0.5	82408	1345	81736	1482199	17.99
1985-1989	61	0.01826	0.01809	0.5	81063	1467	80330	1400463	17.28
1985-1989	62	0.02063	0.02042	0.5	79596	1626	78783	1320133	16.59
1985-1989	63	0.02182	0.02159	0.5	77971	1683	77129	1241350	15.92
1985-1989	64	0.02307	0.02280	0.5	76288	1740	75418	1164221	15.26
1985-1989	65	0.02581	0.02548	0.5	74548	1900	73598	1088803	14.61
1985-1989	66	0.02784	0.02746	0.5	72648	1995	71651	1015205	13.97
1985-1989	67	0.02979	0.02935	0.5	70654	2074	69617	943554	13.35
1985-1989	68	0.03378	0.03322	0.5	68580	2278	67441	873937	12.74
1985-1989	69	0.03529	0.03468	0.5	66302	2299	65152	806497	12.16
1985-1989	70	0.03958	0.03881	0.5	64002	2484	62760	741345	11.58
1985-1989	71	0.04307	0.04217	0.5	61518	2594	60221	678584	11.03
1985-1989	72	0.04817	0.04703	0.5	58924	2771	57539	618363	10.49
1985-1989	73	0.05254	0.05119	0.5	56153	2875	54716	560824	9.99
1985-1989	74	0.05645	0.05490	0.5	53279	2925	51816	506108	9.50
1985-1989	75	0.05997	0.05823	0.5	50354	2932	48888	454292	9.02
1985-1989	76	0.06508	0.06303	0.5	47422	2989	45927	405405	8.55
1985-1989	77	0.07106	0.06863	0.5	44433	3049	42908	359478	8.09
1985-1989	78	0.07764	0.07473	0.5	41383	3093	39837	316570	7.65
1985-1989	79	0.08546	0.08196	0.5	38291	3138	36721	276733	7.23
1985-1989	80	0.09339	0.08922	0.5	35152	3136	33584	240011	6.83
1985-1989	81	0.10161	0.09669	0.5	32016	3096	30468	206427	6.45
1985-1989	82	0.11014	0.10439	0.5	28920	3019	27411	175959	6.08
1985-1989	83	0.11915	0.11245	0.5	25901	2913	24445	148548	5.74
1985-1989	84	0.12977	0.12186	0.5	22989	2801	21588	124103	5.40
1985-1989	85	0.14121	0.13190	0.5	20187	2663	18856	102515	5.08
1985-1989	86	0.15373	0.14276	0.5	17524	2502	16274	83660	4.77
1985-1989	87	0.16788	0.15488	0.5	15023	2327	13859	67386	4.49
1985-1989	88	0.18383	0.16835	0.5	12696	2137	11627	53527	4.22
1985-1989	89	0.19908	0.18106	0.5	10559	1912	9603	41899	3.97
1985-1989	90	0.21629	0.19518	0.5	8647	1688	7803	32296	3.74
1985-1989	91	0.22770	0.20443	0.5	6959	1423	6248	24493	3.52
1985-1989	92	0.25441	0.22570	0.5	5537	1250	4912	18245	3.30
1985-1989	93	0.27548	0.24213	0.5	4287	1038	3768	13334	3.11
1985-1989	94	0.29482	0.25695	0.5	3249	835	2832	9566	2.94
1985-1989	95	0.31307	0.27070	0.5	2414	654	2087	6734	2.79
1985-1989	96	0.33507	0.28699	0.5	1761	505	1508	4647	2.64
1985-1989	97	0.35780	0.30351	0.5	1255	381	1065	3139	2.50
1985-1989	98	0.38120	0.32017	0.5	874	280	734	2074	2.37
1985-1989	99	0.40516	0.33691	0.5	594	200	494	1340	2.25
1985-1989	100	0.42958	0.35363	0.5	394	139	324	845	2.14
1985-1989	101	0.45435	0.37024	0.5	255	94	208	521	2.04
1985-1989	102	0.47935	0.38667	0.5	160	62	129	313	1.95
1985-1989	103	0.50445	0.40284	0.5	98	40	79	184	1.87
1985-1989	104	0.52952	0.41867	0.5	59	25	46	105	1.79
1985-1989	105	0.55445	0.43411	0.5	34	15	27	59	1.72
1985-1989	106	0.57911	0.44908	0.5	19	9	15	32	1.66
1985-1989	107	0.60338	0.46354	0.5	11	5	8	17	1.60
1985-1989	108	0.62715	0.47744	0.5	6	3	4	9	1.55
1985-1989	109	0.65033	0.49075	0.5	3	1	2	5	1.51
1985-1989	110+	0.67281	1.00000	1.49	2	2	2	2	1.49
1990-1994	0	0.01057	0.01047	0.07	100000	1047	99030	7261072	72.61
1990-1994	1	0.00074	0.00074	0.5	98953	73	98917	7162042	72.38
1990-1994	2	0.00049	0.00049	0.5	98881	48	98856	7063125	71.43
1990-1994	3	0.00041	0.00041	0.5	98832	40	98812	6964268	70.47
1990-1994	4	0.00032	0.00032	0.5	98792	32	98776	6865456	69.49
1990-1994	5	0.00028	0.00028	0.5	98760	27	98746	6766680	68.52
1990-1994	6	0.00024	0.00024	0.5	98733	24	98721	6667934	67.54
1990-1994	7	0.00022	0.00022	0.5	98708	21	98698	6569213	66.55
1990-1994	8	0.00020	0.00020	0.5	98687	20	98677	6470515	65.57
1990-1994	9	0.00021	0.00021	0.5	98667	21	98657	6371838	64.58
1990-1994	10	0.00021	0.00021	0.5	98646	21	98636	6273182	63.59
1990-1994	11	0.00022	0.00022	0.5	98625	21	98615	6174546	62.61
1990-1994	12	0.00027	0.00027	0.5	98604	27	98591	6075931	61.62
1990-1994	13	0.00034	0.00034	0.5	98577	34	98560	5977341	60.64
1990-1994	14	0.00049	0.00049	0.5	98543	49	98519	5878781	59.66
1990-1994	15	0.00069	0.00069	0.5	98494	68	98460	5780262	58.69
1990-1994	16	0.00103	0.00103	0.5	98426	101	98376	5681802	57.73
1990-1994	17	0.00122	0.00122	0.5	98325	120	98265	5583426	56.79
1990-1994	18	0.00156	0.00155	0.5	98205	153	98129	5485161	55.85
1990-1994	19	0.00157	0.00157	0.5	98053	154	97976	5387032	54.94
1990-1994	20	0.00151	0.00151	0.5	97899	148	97825	5289057	54.03
1990-1994	21	0.00157	0.00157	0.5	97751	153	97674	5191232	53.11
1990-1994	22	0.00154	0.00154	0.5	97598	150	97523	5093557	52.19
1990-1994	23	0.00152	0.00152	0.5	97447	148	97374	4996035	51.27
1990-1994	24	0.00143	0.00143	0.5	97300	139	97230	4898661	50.35
1990-1994	25	0.00143	0.00142	0.5	97160	138	97091	4801431	49.42
1990-1994	26	0.00148	0.00147	0.5	97022	143	96950	4704340	48.49
1990-1994	27	0.00155	0.00155	0.5	96879	150	96804	4607390	47.56
1990-1994	28	0.00165	0.00165	0.5	96729	159	96649	4510586	46.63
1990-1994	29	0.00155	0.00155	0.5	96570	149	96495	4413936	45.71
1990-1994	30	0.00172	0.00172	0.5	96420	166	96337	4317442	44.78
1990-1994	31	0.00181	0.00181	0.5	96255	174	96168	4221104	43.85
1990-1994	32	0.00184	0.00184	0.5	96081	177	95992	4124937	42.93
1990-1994	33	0.00196	0.00195	0.5	95904	187	95810	4028944	42.01
1990-1994	34	0.00190	0.00190	0.5	95717	181	95626	3933134	41.09
1990-1994	35	0.00208	0.00208	0.5	95535	199	95436	3837508	40.17
1990-1994	36	0.00212	0.00212	0.5	95337	202	95236	3742072	39.25
1990-1994	37	0.00225	0.00225	0.5	95135	214	95028	3646836	38.33
1990-1994	38	0.00246	0.00246	0.5	94921	233	94804	3551809	37.42
1990-1994	39	0.00235	0.00235	0.5	94687	223	94576	3457005	36.51
1990-1994	40	0.00259	0.00259	0.5	94464	245	94342	3362429	35.59
1990-1994	41	0.00283	0.00283	0.5	94220	267	94087	3268087	34.69
1990-1994	42	0.00295	0.00295	0.5	93953	277	93815	3174000	33.78
1990-1994	43	0.00321	0.00321	0.5	93676	300	93526	3080185	32.88
1990-1994	44	0.00329	0.00329	0.5	93376	307	93222	2986659	31.99
1990-1994	45	0.00362	0.00361	0.5	93069	336	92901	2893437	31.09
1990-1994	46	0.00392	0.00391	0.5	92733	363	92551	2800536	30.20
1990-1994	47	0.00430	0.00429	0.5	92370	396	92172	2707984	29.32
1990-1994	48	0.00474	0.00473	0.5	91974	435	91756	2615813	28.44
1990-1994	49	0.00499	0.00497	0.5	91539	455	91311	2524056	27.57
1990-1994	50	0.00547	0.00545	0.5	91083	497	90835	2432746	26.71
1990-1994	51	0.00624	0.00622	0.5	90587	563	90305	2341911	25.85
1990-1994	52	0.00685	0.00683	0.5	90023	615	89716	2251606	25.01
1990-1994	53	0.00736	0.00733	0.5	89409	655	89081	2161890	24.18
1990-1994	54	0.00808	0.00805	0.5	88753	715	88396	2072809	23.35
1990-1994	55	0.00908	0.00904	0.5	88039	796	87640	1984413	22.54
1990-1994	56	0.00980	0.00975	0.5	87242	851	86817	1896772	21.74
1990-1994	57	0.01080	0.01074	0.5	86392	928	85928	1809955	20.95
1990-1994	58	0.01251	0.01243	0.5	85464	1063	84932	1724028	20.17
1990-1994	59	0.01302	0.01293	0.5	84401	1092	83855	1639095	19.42
1990-1994	60	0.01462	0.01452	0.5	83310	1209	82705	1555240	18.67
1990-1994	61	0.01635	0.01622	0.5	82100	1332	81434	1472535	17.94
1990-1994	62	0.01791	0.01775	0.5	80768	1434	80052	1391100	17.22
1990-1994	63	0.01938	0.01919	0.5	79335	1523	78573	1311049	16.53
1990-1994	64	0.02107	0.02085	0.5	77812	1622	77001	1232476	15.84
1990-1994	65	0.02345	0.02317	0.5	76190	1766	75307	1155475	15.17
1990-1994	66	0.02574	0.02541	0.5	74424	1891	73478	1080168	14.51
1990-1994	67	0.02769	0.02732	0.5	72533	1981	71542	1006690	13.88
1990-1994	68	0.03114	0.03066	0.5	70551	2163	69470	935148	13.25
1990-1994	69	0.03368	0.03313	0.5	68388	2265	67256	865678	12.66
1990-1994	70	0.03623	0.03558	0.5	66123	2353	64947	798422	12.07
1990-1994	71	0.03971	0.03894	0.5	63770	2483	62529	733475	11.50
1990-1994	72	0.04206	0.04119	0.5	61287	2525	60025	670947	10.95
1990-1994	73	0.04641	0.04536	0.5	58763	2665	57430	610922	10.40
1990-1994	74	0.05119	0.04991	0.5	56097	2800	54697	553492	9.87
1990-1994	75	0.05425	0.05282	0.5	53297	2815	51890	498794	9.36
1990-1994	76	0.06067	0.05889	0.5	50482	2973	48996	446905	8.85
1990-1994	77	0.06672	0.06457	0.5	47509	3068	45975	397909	8.38
1990-1994	78	0.07114	0.06870	0.5	44442	3053	42915	351934	7.92
1990-1994	79	0.07740	0.07452	0.5	41389	3084	39846	309019	7.47
1990-1994	80	0.08793	0.08422	0.5	38304	3226	36691	269172	7.03
1990-1994	81	0.09573	0.09135	0.5	35078	3205	33476	232481	6.63
1990-1994	82	0.10420	0.09904	0.5	31874	3157	30295	199005	6.24
1990-1994	83	0.11473	0.10850	0.5	28717	3116	27159	168709	5.87
1990-1994	84	0.12537	0.11798	0.5	25601	3020	24091	141551	5.53
1990-1994	85	0.13682	0.12806	0.5	22581	2892	21135	117460	5.20
1990-1994	86	0.14835	0.13811	0.5	19689	2719	18329	96325	4.89
1990-1994	87	0.16195	0.14981	0.5	16970	2542	15699	77996	4.60
1990-1994	88	0.17437	0.16039	0.5	14427	2314	13270	62297	4.32
1990-1994	89	0.19109	0.17442	0.5	12113	2113	11057	49027	4.05
1990-1994	90	0.21085	0.19074	0.5	10001	1908	9047	37970	3.80
1990-1994	91	0.22627	0.20327	0.5	8093	1645	7271	28923	3.57
1990-1994	92	0.24303	0.21670	0.5	6448	1397	5749	21652	3.36
1990-1994	93	0.26787	0.23623	0.5	5051	1193	4454	15903	3.15
1990-1994	94	0.29166	0.25454	0.5	3858	982	3367	11449	2.97
1990-1994	95	0.30900	0.26765	0.5	2876	770	2491	8082	2.81
1990-1994	96	0.33151	0.28437	0.5	2106	599	1807	5591	2.65
1990-1994	97	0.35481	0.30135	0.5	1507	454	1280	3785	2.51
1990-1994	98	0.37882	0.31849	0.5	1053	335	885	2505	2.38
1990-1994	99	0.40344	0.33572	0.5	718	241	597	1620	2.26
1990-1994	100	0.42856	0.35293	0.5	477	168	393	1022	2.14
1990-1994	101	0.45404	0.37004	0.5	308	114	251	630	2.04
1990-1994	102	0.47978	0.38695	0.5	194	75	157	378	1.95
1990-1994	103	0.50562	0.40359	0.5	119	48	95	222	1.86
1990-1994	104	0.53143	0.41986	0.5	71	30	56	127	1.78
1990-1994	105	0.55707	0.43571	0.5	41	18	32	71	1.71
1990-1994	106	0.58242	0.45106	0.5	23	10	18	38	1.65
1990-1994	107	0.60733	0.46586	0.5	13	6	10	20	1.59
1990-1994	108	0.63170	0.48007	0.5	7	3	5	10	1.54
1990-1994	109	0.65541	0.49364	0.5	4	2	3	5	1.50
1990-1994	110+	0.67838	1.00000	1.47	2	2	3	3	1.47
1995-1999	0	0.00890	0.00882	0.07	100000	882	99179	7357667	73.58
1995-1999	1	0.00062	0.00062	0.5	99118	61	99087	7258488	73.23
1995-1999	2	0.00041	0.00041	0.5	99056	41	99036	7159401	72.28
1995-1999	3	0.00035	0.00035	0.5	99015	35	98998	7060365	71.31
1995-1999	4	0.00025	0.00025	0.5	98981	25	98968	6961367	70.33
1995-1999	5	0.00024	0.00024	0.5	98956	24	98943	6862399	69.35
1995-1999	6	0.00022	0.00022	0.5	98931	22	98920	6763456	68.37
1995-1999	7	0.00020	0.00020	0.5	98909	20	98900	6664535	67.38
1995-1999	8	0.00019	0.00019	0.5	98890	19	98880	6565636	66.39
1995-1999	9	0.00017	0.00017	0.5	98871	17	98862	6466755	65.41
1995-1999	10	0.00019	0.00019	0.5	98854	19	98844	6367893	64.42
1995-1999	11	0.00019	0.00019	0.5	98835	19	98825	6269049	63.43
1995-1999	12	0.00023	0.00023	0.5	98816	23	98804	6170223	62.44
1995-1999	13	0.00031	0.00031	0.5	98793	30	98778	6071419	61.46
1995-1999	14	0.00041	0.00041	0.5	98763	40	98743	5972641	60.47
1995-1999	15	0.00058	0.00058	0.5	98723	57	98694	5873898	59.50
1995-1999	16	0.00089	0.00089	0.5	98666	87	98622	5775203	58.53
1995-1999	17	0.00103	0.00103	0.5	98579	101	98528	5676581	57.58
1995-1999	18	0.00126	0.00126	0.5	98477	124	98415	5578053	56.64
1995-1999	19	0.00138	0.00138	0.5	98353	136	98285	5479638	55.71
1995-1999	20	0.00136	0.00136	0.5	98217	133	98151	5381353	54.79
1995-1999	21	0.00148	0.00148	0.5	98084	145	98011	5283202	53.86
1995-1999	22	0.00141	0.00141	0.5	97939	138	97870	5185191	52.94
1995-1999	23	0.00140	0.00140	0.5	97801	137	97732	5087321	52.02
1995-1999	24	0.00139	0.00139	0.5	97663	135	97596	4989589	51.09
1995-1999	25	0.00127	0.00127	0.5	97528	124	97466	4891993	50.16
1995-1999	26	0.00134	0.00134	0.5	97404	131	97339	4794527	49.22
1995-1999	27	0.00130	0.00130	0.5	97273	127	97210	4697189	48.29
1995-1999	28	0.00128	0.00128	0.5	97146	124	97084	4599979	47.35
1995-1999	29	0.00131	0.00131	0.5	97022	127	96958	4502895	46.41
1995-1999	30	0.00138	0.00138	0.5	96895	134	96828	4405937	45.47
1995-1999	31	0.00149	0.00149	0.5	96761	144	96689	4309109	44.53
1995-1999	32	0.00162	0.00162	0.5	96617	156	96539	4212420	43.60
1995-1999	33	0.00163	0.00163	0.5	96461	157	96382	4115882	42.67
1995-1999	34	0.00175	0.00175	0.5	96303	169	96219	4019500	41.74
1995-1999	35	0.00181	0.00181	0.5	96135	174	96048	3923281	40.81
1995-1999	36	0.00189	0.00189	0.5	95961	181	95870	3827233	39.88
1995-1999	37	0.00201	0.00201	0.5	95780	192	95683	3731363	38.96
1995-1999	38	0.00219	0.00219	0.5	95587	209	95483	3635679	38.04
1995-1999	39	0.00225	0.00225	0.5	95378	215	95271	3540197	37.12
1995-1999	40	0.00245	0.00244	0.5	95163	233	95047	3444926	36.20
1995-1999	41	0.00272	0.00271	0.5	94931	257	94802	3349879	35.29
1995-1999	42	0.00287	0.00287	0.5	94673	272	94538	3255077	34.38
1995-1999	43	0.00317	0.00316	0.5	94402	299	94252	3160539	33.48
1995-1999	44	0.00330	0.00330	0.5	94103	310	93948	3066287	32.58
1995-1999	45	0.00350	0.00349	0.5	93793	328	93629	2972338	31.69
1995-1999	46	0.00395	0.00394	0.5	93465	369	93281	2878709	30.80
1995-1999	47	0.00422	0.00421	0.5	93097	392	92901	2785428	29.92
1995-1999	48	0.00460	0.00459	0.5	92705	425	92492	2692528	29.04
1995-1999	49	0.00476	0.00475	0.5	92279	439	92060	2600036	28.18
1995-1999	50	0.00502	0.00501	0.5	91841	460	91611	2507976	27.31
1995-1999	51	0.00577	0.00575	0.5	91381	526	91118	2416365	26.44
1995-1999	52	0.00624	0.00622	0.5	90855	565	90573	2325247	25.59
1995-1999	53	0.00689	0.00686	0.5	90290	620	89981	2234674	24.75
1995-1999	54	0.00740	0.00737	0.5	89671	661	89340	2144693	23.92
1995-1999	55	0.00824	0.00821	0.5	89010	731	88644	2055353	23.09
1995-1999	56	0.00918	0.00914	0.5	88279	807	87875	1966709	22.28
1995-1999	57	0.00990	0.00986	0.5	87472	862	87041	1878833	21.48
1995-1999	58	0.01094	0.01088	0.5	86610	943	86139	1791792	20.69
1995-1999	59	0.01200	0.01193	0.5	85667	1022	85156	1705654	19.91
1995-1999	60	0.01341	0.01332	0.5	84646	1128	84082	1620497	19.14
1995-1999	61	0.01478	0.01467	0.5	83518	1226	82905	1536415	18.40
1995-1999	62	0.01627	0.01614	0.5	82292	1328	81628	1453510	17.66
1995-1999	63	0.01759	0.01743	0.5	80964	1412	80259	1371882	16.94
1995-1999	64	0.01948	0.01929	0.5	79553	1535	78785	1291623	16.24
1995-1999	65	0.02147	0.02124	0.5	78018	1657	77189	1212838	15.55
1995-1999	66	0.02369	0.02342	0.5	76361	1788	75467	1135649	14.87
1995-1999	67	0.02547	0.02515	0.5	74573	1876	73635	1060182	14.22
1995-1999	68	0.02836	0.02797	0.5	72697	2033	71681	986547	13.57
1995-1999	69	0.03089	0.03042	0.5	70664	2150	69589	914867	12.95
1995-1999	70	0.03419	0.03361	0.5	68514	2303	67363	845278	12.34
1995-1999	71	0.03758	0.03688	0.5	66212	2442	64990	777915	11.75
1995-1999	72	0.04037	0.03958	0.5	63769	2524	62508	712924	11.18
1995-1999	73	0.04335	0.04243	0.5	61246	2598	59946	650417	10.62
1995-1999	74	0.04714	0.04606	0.5	58647	2701	57297	590470	10.07
1995-1999	75	0.05082	0.04956	0.5	55946	2773	54560	533174	9.53
1995-1999	76	0.05571	0.05420	0.5	53173	2882	51732	478614	9.00
1995-1999	77	0.06129	0.05947	0.5	50291	2991	48796	426882	8.49
1995-1999	78	0.06809	0.06585	0.5	47300	3115	45743	378086	7.99
1995-1999	79	0.07532	0.07259	0.5	44186	3207	42582	332343	7.52
1995-1999	80	0.08343	0.08009	0.5	40978	3282	39337	289761	7.07
1995-1999	81	0.09220	0.08814	0.5	37696	3322	36035	250424	6.64
1995-1999	82	0.10089	0.09604	0.5	34374	3301	32723	214388	6.24
1995-1999	83	0.11237	0.10639	0.5	31073	3306	29420	181665	5.85
1995-1999	84	0.12268	0.11559	0.5	27767	3209	26162	152245	5.48
1995-1999	85	0.13589	0.12724	0.5	24557	3125	22995	126083	5.13
1995-1999	86	0.14881	0.13851	0.5	21433	2969	19948	103088	4.81
1995-1999	87	0.16289	0.15062	0.5	18464	2781	17073	83140	4.50
1995-1999	88	0.17802	0.16347	0.5	15683	2564	14401	66067	4.21
1995-1999	89	0.19444	0.17721	0.5	13119	2325	11957	51666	3.94
1995-1999	90	0.21205	0.19172	0.5	10794	2069	9760	39709	3.68
1995-1999	91	0.23442	0.20982	0.5	8725	1831	7809	29949	3.43
1995-1999	92	0.25769	0.22828	0.5	6894	1574	6107	22140	3.21
1995-1999	93	0.28108	0.24644	0.5	5320	1311	4665	16033	3.01
1995-1999	94	0.30680	0.26599	0.5	4009	1066	3476	11368	2.84
1995-1999	95	0.32432	0.27907	0.5	2943	821	2532	7892	2.68
1995-1999	96	0.34923	0.29731	0.5	2122	631	1806	5360	2.53
1995-1999	97	0.37498	0.31578	0.5	1491	471	1255	3554	2.38
1995-1999	98	0.40147	0.33435	0.5	1020	341	850	2298	2.25
1995-1999	99	0.42854	0.35292	0.5	679	240	559	1449	2.13
1995-1999	100	0.45605	0.37137	0.5	439	163	358	890	2.02
1995-1999	101	0.48383	0.38958	0.5	276	108	222	532	1.93
1995-1999	102	0.51171	0.40746	0.5	169	69	134	309	1.83
1995-1999	103	0.53952	0.42490	0.5	100	42	79	175	1.75
1995-1999	104	0.56708	0.44181	0.5	57	25	45	96	1.68
1995-1999	105	0.59424	0.45812	0.5	32	15	25	52	1.61
1995-1999	106	0.62083	0.47376	0.5	17	8	13	27	1.55
1995-1999	107	0.64671	0.48869	0.5	9	4	7	14	1.50
1995-1999	108	0.67176	0.50286	0.5	5	2	4	7	1.45
1995-1999	109	0.69587	0.51625	0.5	2	1	2	3	1.41
1995-1999	110+	0.71895	1.00000	1.39	1	1	2	2	1.39
2000-2004	0	0.00823	0.00816	0.07	100000	816	99238	7457334	74.57
2000-2004	1	0.00056	0.00056	0.5	99184	55	99156	7358096	74.19
2000-2004	2	0.00035	0.00035	0.5	99128	34	99111	7258940	73.23
2000-2004	3	0.00028	0.00028	0.5	99094	28	99080	7159829	72.25
2000-2004	4	0.00022	0.00022	0.5	99067	22	99055	7060749	71.27
2000-2004	5	0.00020	0.00020	0.5	99044	19	99035	6961693	70.29
2000-2004	6	0.00019	0.00019	0.5	99025	18	99016	6862658	69.30
2000-2004	7	0.00015	0.00015	0.5	99006	15	98999	6763643	68.32
2000-2004	8	0.00016	0.00016	0.5	98991	16	98983	6664644	67.33
2000-2004	9	0.00016	0.00016	0.5	98975	15	98968	6565661	66.34
2000-2004	10	0.00018	0.00018	0.5	98960	18	98951	6466693	65.35
2000-2004	11	0.00017	0.00017	0.5	98942	17	98933	6367742	64.36
2000-2004	12	0.00022	0.00022	0.5	98925	21	98914	6268809	63.37
2000-2004	13	0.00025	0.00025	0.5	98904	25	98891	6169895	62.38
2000-2004	14	0.00032	0.00032	0.5	98879	31	98863	6071004	61.40
2000-2004	15	0.00046	0.00046	0.5	98847	46	98824	5972141	60.42
2000-2004	16	0.00073	0.00073	0.5	98802	72	98766	5873316	59.45
2000-2004	17	0.00090	0.00090	0.5	98730	89	98685	5774551	58.49
2000-2004	18	0.00113	0.00113	0.5	98641	111	98585	5675865	57.54
2000-2004	19	0.00123	0.00123	0.5	98530	121	98469	5577280	56.61
2000-2004	20	0.00124	0.00124	0.5	98409	122	98348	5478811	55.67
2000-2004	21	0.00142	0.00142	0.5	98287	139	98217	5380463	54.74
2000-2004	22	0.00135	0.00135	0.5	98147	133	98081	5282246	53.82
2000-2004	23	0.00138	0.00138	0.5	98015	135	97947	5184165	52.89
2000-2004	24	0.00139	0.00138	0.5	97879	135	97812	5086218	51.96
2000-2004	25	0.00132	0.00132	0.5	97744	129	97679	4988407	51.04
2000-2004	26	0.00128	0.00128	0.5	97615	125	97552	4890727	50.10
2000-2004	27	0.00126	0.00126	0.5	97490	123	97428	4793175	49.17
2000-2004	28	0.00123	0.00123	0.5	97367	120	97307	4695746	48.23
2000-2004	29	0.00130	0.00130	0.5	97247	127	97184	4598439	47.29
2000-2004	30	0.00128	0.00128	0.5	97121	124	97058	4501255	46.35
2000-2004	31	0.00139	0.00139	0.5	96996	135	96929	4404197	45.41
2000-2004	32	0.00136	0.00136	0.5	96861	131	96795	4307268	44.47
2000-2004	33	0.00144	0.00144	0.5	96730	139	96660	4210473	43.53
2000-2004	34	0.00150	0.00150	0.5	96590	145	96518	4113812	42.59
2000-2004	35	0.00158	0.00158	0.5	96446	152	96369	4017294	41.65
2000-2004	36	0.00167	0.00167	0.5	96293	161	96213	3920925	40.72
2000-2004	37	0.00192	0.00191	0.5	96133	184	96041	3824712	39.79
2000-2004	38	0.00200	0.00200	0.5	95949	192	95853	3728671	38.86
2000-2004	39	0.00215	0.00215	0.5	95757	206	95654	3632819	37.94
2000-2004	40	0.00238	0.00238	0.5	95551	228	95437	3537165	37.02
2000-2004	41	0.00259	0.00259	0.5	95323	247	95200	3441728	36.11
2000-2004	42	0.00273	0.00272	0.5	95077	259	94947	3346528	35.20
2000-2004	43	0.00304	0.00303	0.5	94818	288	94674	3251581	34.29
2000-2004	44	0.00321	0.00321	0.5	94530	303	94379	3156907	33.40
2000-2004	45	0.00362	0.00361	0.5	94227	340	94057	3062528	32.50
2000-2004	46	0.00392	0.00392	0.5	93887	368	93703	2968471	31.62
2000-2004	47	0.00432	0.00431	0.5	93519	403	93318	2874768	30.74
2000-2004	48	0.00459	0.00458	0.5	93116	426	92903	2781451	29.87
2000-2004	49	0.00488	0.00487	0.5	92690	451	92465	2688547	29.01
2000-2004	50	0.00537	0.00535	0.5	92239	494	91992	2596083	28.15
2000-2004	51	0.00572	0.00570	0.5	91745	523	91484	2504091	27.29
2000-2004	52	0.00606	0.00604	0.5	91222	551	90946	2412607	26.45
2000-2004	53	0.00668	0.00666	0.5	90671	603	90369	2321661	25.61
2000-2004	54	0.00710	0.00708	0.5	90067	637	89749	2231292	24.77
2000-2004	55	0.00762	0.00759	0.5	89430	679	89091	2141543	23.95
2000-2004	56	0.00825	0.00822	0.5	88751	729	88386	2052452	23.13
2000-2004	57	0.00919	0.00915	0.5	88022	805	87619	1964066	22.31
2000-2004	58	0.00989	0.00984	0.5	87216	858	86787	1876447	21.51
2000-2004	59	0.01102	0.01096	0.5	86358	947	85885	1789660	20.72
2000-2004	60	0.01211	0.01204	0.5	85412	1028	84898	1703775	19.95
2000-2004	61	0.01326	0.01317	0.5	84383	1111	83828	1618877	19.18
2000-2004	62	0.01454	0.01443	0.5	83272	1202	82671	1535049	18.43
2000-2004	63	0.01602	0.01589	0.5	82070	1304	81418	1452378	17.70
2000-2004	64	0.01737	0.01722	0.5	80766	1391	80071	1370960	16.97
2000-2004	65	0.01905	0.01887	0.5	79376	1498	78627	1290889	16.26
2000-2004	66	0.02067	0.02046	0.5	77878	1593	77081	1212262	15.57
2000-2004	67	0.02265	0.02239	0.5	76284	1708	75430	1135181	14.88
2000-2004	68	0.02456	0.02426	0.5	74576	1809	73671	1059751	14.21
2000-2004	69	0.02685	0.02650	0.5	72767	1928	71803	986080	13.55
2000-2004	70	0.02983	0.02939	0.5	70838	2082	69797	914278	12.91
2000-2004	71	0.03230	0.03179	0.5	68756	2186	67664	844480	12.28
2000-2004	72	0.03567	0.03504	0.5	66571	2333	65404	776817	11.67
2000-2004	73	0.03939	0.03863	0.5	64238	2481	62997	711412	11.07
2000-2004	74	0.04233	0.04145	0.5	61757	2560	60477	648415	10.50
2000-2004	75	0.04666	0.04560	0.5	59197	2699	57847	587938	9.93
2000-2004	76	0.05109	0.04982	0.5	56498	2815	55091	530091	9.38
2000-2004	77	0.05631	0.05476	0.5	53683	2940	52213	475000	8.85
2000-2004	78	0.06129	0.05947	0.5	50743	3018	49235	422787	8.33
2000-2004	79	0.06849	0.06622	0.5	47726	3160	46145	373553	7.83
2000-2004	80	0.07576	0.07299	0.5	44565	3253	42939	327407	7.35
2000-2004	81	0.08335	0.08002	0.5	41312	3306	39660	284468	6.89
2000-2004	82	0.09291	0.08879	0.5	38007	3375	36319	244809	6.44
2000-2004	83	0.10268	0.09767	0.5	34632	3383	32941	208489	6.02
2000-2004	84	0.11434	0.10815	0.5	31250	3380	29560	175549	5.62
2000-2004	85	0.12633	0.11882	0.5	27870	3312	26214	145989	5.24
2000-2004	86	0.14202	0.13261	0.5	24558	3257	22930	119775	4.88
2000-2004	87	0.15493	0.14379	0.5	21302	3063	19770	96845	4.55
2000-2004	88	0.17404	0.16011	0.5	18239	2920	16779	77075	4.23
2000-2004	89	0.19191	0.17511	0.5	15319	2682	13977	60296	3.94
2000-2004	90	0.21064	0.19057	0.5	12636	2408	11432	46319	3.67
2000-2004	91	0.23226	0.20809	0.5	10228	2128	9164	34887	3.41
2000-2004	92	0.25612	0.22705	0.5	8100	1839	7180	25723	3.18
2000-2004	93	0.28312	0.24801	0.5	6261	1553	5484	18543	2.96
2000-2004	94	0.31251	0.27027	0.5	4708	1272	4072	13058	2.77
2000-2004	95	0.33089	0.28392	0.5	3436	975	2948	8986	2.62
2000-2004	96	0.35829	0.30385	0.5	2460	748	2086	6039	2.45
2000-2004	97	0.38665	0.32401	0.5	1713	555	1435	3952	2.31
2000-2004	98	0.41580	0.34423	0.5	1158	399	958	2517	2.17
2000-2004	99	0.44555	0.36437	0.5	759	277	621	1559	2.05
2000-2004	100	0.47569	0.38429	0.5	483	185	390	938	1.94
2000-2004	101	0.50602	0.40384	0.5	297	120	237	548	1.84
2000-2004	102	0.53629	0.42290	0.5	177	75	140	311	1.75
2000-2004	103	0.56631	0.44134	0.5	102	45	80	171	1.67
2000-2004	104	0.59584	0.45908	0.5	57	26	44	91	1.60
2000-2004	105	0.62470	0.47602	0.5	31	15	24	47	1.54
2000-2004	106	0.65270	0.49210	0.5	16	8	12	24	1.48
2000-2004	107	0.67968	0.50728	0.5	8	4	6	12	1.43
2000-2004	108	0.70551	0.52154	0.5	4	2	3	6	1.39
2000-2004	109	0.73008	0.53484	0.5	2	1	1	3	1.35
2000-2004	110+	0.75332	1.00000	1.33	1	1	1	1	1.33
2005-2009	0	0.00796	0.00790	0.07	100000	790	99262	7553226	75.53
2005-2009	1	0.00051	0.00051	0.5	99210	50	99185	7453964	75.13
2005-2009	2	0.00032	0.00032	0.5	99160	31	99144	7354779	74.17
2005-2009	3	0.00024	0.00024	0.5	99128	24	99117	7255635	73.19
2005-2009	4	0.00019	0.00019	0.5	99105	19	99095	7156518	72.21
2005-2009	5	0.00017	0.00017	0.5	99086	16	99078	7057423	71.23
2005-2009	6	0.00014	0.00014	0.5	99070	14	99063	6958345	70.24
2005-2009	7	0.00013	0.00013	0.5	99056	13	99049	6859282	69.25
2005-2009	8	0.00015	0.00015	0.5	99042	15	99035	6760233	68.26
2005-2009	9	0.00013	0.00013	0.5	99027	13	99021	6661198	67.27
2005-2009	10	0.00012	0.00012	0.5	99014	12	99008	6562178	66.27
2005-2009	11	0.00016	0.00016	0.5	99002	15	98995	6463169	65.28
2005-2009	12	0.00016	0.00016	0.5	98987	16	98979	6364174	64.29
2005-2009	13	0.00022	0.00022	0.5	98971	22	98960	6265196	63.30
2005-2009	14	0.00029	0.00029	0.5	98949	28	98935	6166236	62.32
2005-2009	15	0.00042	0.00042	0.5	98920	42	98899	6067301	61.34
2005-2009	16	0.00060	0.00060	0.5	98878	59	98849	5968402	60.36
2005-2009	17	0.00078	0.00078	0.5	98819	77	98780	5869553	59.40
2005-2009	18	0.00109	0.00109	0.5	98742	107	98688	5770773	58.44
2005-2009	19	0.00115	0.00115	0.5	98634	114	98577	5672085	57.51
2005-2009	20	0.00119	0.00119	0.5	98521	117	98462	5573508	56.57
2005-2009	21	0.00135	0.00135	0.5	98404	132	98337	5475045	55.64
2005-2009	22	0.00133	0.00133	0.5	98271	131	98206	5376708	54.71
2005-2009	23	0.00138	0.00138	0.5	98140	135	98073	5278502	53.79
2005-2009	24	0.00129	0.00129	0.5	98005	127	97942	5180430	52.86
2005-2009	25	0.00134	0.00134	0.5	97879	131	97813	5082488	51.93
2005-2009	26	0.00135	0.00135	0.5	97748	132	97682	4984674	51.00
2005-2009	27	0.00142	0.00142	0.5	97615	139	97546	4886993	50.06
2005-2009	28	0.00142	0.00142	0.5	97477	138	97408	4789447	49.13
2005-2009	29	0.00139	0.00139	0.5	97339	135	97271	4692039	48.20
2005-2009	30	0.00141	0.00141	0.5	97203	137	97135	4594768	47.27
2005-2009	31	0.00144	0.00144	0.5	97067	140	96997	4497633	46.34
2005-2009	32	0.00145	0.00145	0.5	96927	141	96856	4400636	45.40
2005-2009	33	0.00147	0.00147	0.5	96786	142	96715	4303780	44.47
2005-2009	34	0.00157	0.00156	0.5	96644	151	96568	4207066	43.53
2005-2009	35	0.00162	0.00162	0.5	96492	157	96414	4110497	42.60
2005-2009	36	0.00171	0.00171	0.5	96336	165	96253	4014083	41.67
2005-2009	37	0.00180	0.00180	0.5	96171	173	96084	3917830	40.74
2005-2009	38	0.00192	0.00192	0.5	95998	184	95905	3821746	39.81
2005-2009	39	0.00198	0.00198	0.5	95813	189	95719	3725840	38.89
2005-2009	40	0.00219	0.00219	0.5	95624	210	95519	3630122	37.96
2005-2009	41	0.00245	0.00245	0.5	95414	234	95298	3534602	37.04
2005-2009	42	0.00259	0.00258	0.5	95181	246	95058	3439305	36.13
2005-2009	43	0.00286	0.00285	0.5	94935	271	94799	3344247	35.23
2005-2009	44	0.00320	0.00319	0.5	94664	302	94513	3249448	34.33
2005-2009	45	0.00343	0.00342	0.5	94362	323	94200	3154935	33.43
2005-2009	46	0.00373	0.00372	0.5	94039	350	93864	3060735	32.55
2005-2009	47	0.00410	0.00409	0.5	93689	383	93497	2966872	31.67
2005-2009	48	0.00439	0.00439	0.5	93306	409	93101	2873374	30.80
2005-2009	49	0.00482	0.00481	0.5	92896	447	92673	2780273	29.93
2005-2009	50	0.00531	0.00530	0.5	92450	490	92205	2687600	29.07
2005-2009	51	0.00573	0.00571	0.5	91960	525	91697	2595395	28.22
2005-2009	52	0.00621	0.00619	0.5	91435	566	91152	2503698	27.38
2005-2009	53	0.00674	0.00672	0.5	90869	610	90564	2412546	26.55
2005-2009	54	0.00711	0.00709	0.5	90258	640	89938	2321983	25.73
2005-2009	55	0.00784	0.00780	0.5	89619	699	89269	2232044	24.91
2005-2009	56	0.00818	0.00815	0.5	88919	725	88557	2142776	24.10
2005-2009	57	0.00888	0.00884	0.5	88195	779	87805	2054219	23.29
2005-2009	58	0.00950	0.00945	0.5	87415	826	87002	1966414	22.50
2005-2009	59	0.01011	0.01006	0.5	86589	871	86153	1879412	21.70
2005-2009	60	0.01128	0.01122	0.5	85718	962	85237	1793259	20.92
2005-2009	61	0.01200	0.01193	0.5	84756	1011	84251	1708021	20.15
2005-2009	62	0.01311	0.01303	0.5	83746	1091	83200	1623770	19.39
2005-2009	63	0.01441	0.01430	0.5	82655	1182	82064	1540570	18.64
2005-2009	64	0.01594	0.01581	0.5	81473	1288	80829	1458506	17.90
2005-2009	65	0.01694	0.01679	0.5	80185	1347	79511	1377677	17.18
2005-2009	66	0.01846	0.01829	0.5	78838	1442	78117	1298166	16.47
2005-2009	67	0.01995	0.01975	0.5	77396	1528	76631	1220049	15.76
2005-2009	68	0.02163	0.02140	0.5	75867	1623	75056	1143418	15.07
2005-2009	69	0.02363	0.02335	0.5	74244	1734	73377	1068362	14.39
2005-2009	70	0.02576	0.02543	0.5	72510	1844	71588	994985	13.72
2005-2009	71	0.02808	0.02769	0.5	70666	1957	69688	923397	13.07
2005-2009	72	0.03092	0.03045	0.5	68709	2092	67663	853709	12.42
2005-2009	73	0.03408	0.03351	0.5	66617	2233	65501	786046	11.80
2005-2009	74	0.03705	0.03638	0.5	64385	2342	63213	720545	11.19
2005-2009	75	0.04089	0.04007	0.5	62042	2486	60799	657332	10.59
2005-2009	76	0.04438	0.04342	0.5	59556	2586	58263	596533	10.02
2005-2009	77	0.04931	0.04812	0.5	56970	2741	55599	538270	9.45
2005-2009	78	0.05491	0.05344	0.5	54229	2898	52780	482670	8.90
2005-2009	79	0.05887	0.05719	0.5	51331	2936	49863	429891	8.37
2005-2009	80	0.06682	0.06466	0.5	48395	3129	46831	380028	7.85
2005-2009	81	0.07392	0.07129	0.5	45266	3227	43653	333197	7.36
2005-2009	82	0.08179	0.07858	0.5	42039	3303	40387	289545	6.89
2005-2009	83	0.09107	0.08710	0.5	38736	3374	37049	249157	6.43
2005-2009	84	0.10075	0.09592	0.5	35362	3392	33666	212109	6.00
2005-2009	85	0.11386	0.10773	0.5	31970	3444	30248	178443	5.58
2005-2009	86	0.12591	0.11845	0.5	28526	3379	26836	148195	5.20
2005-2009	87	0.14033	0.13113	0.5	25147	3297	23498	121359	4.83
2005-2009	88	0.15538	0.14418	0.5	21849	3150	20274	97861	4.48
2005-2009	89	0.17515	0.16105	0.5	18699	3011	17193	77587	4.15
2005-2009	90	0.19348	0.17642	0.5	15688	2768	14304	60393	3.85
2005-2009	91	0.21649	0.19535	0.5	12920	2524	11658	46089	3.57
2005-2009	92	0.24192	0.21581	0.5	10396	2244	9274	34431	3.31
2005-2009	93	0.26881	0.23696	0.5	8153	1932	7187	25157	3.09
2005-2009	94	0.29517	0.25721	0.5	6221	1600	5421	17970	2.89
2005-2009	95	0.31379	0.27123	0.5	4621	1253	3994	12549	2.72
2005-2009	96	0.34154	0.29172	0.5	3367	982	2876	8555	2.54
2005-2009	97	0.37043	0.31254	0.5	2385	745	2012	5679	2.38
2005-2009	98	0.40027	0.33352	0.5	1640	547	1366	3667	2.24
2005-2009	99	0.43087	0.35450	0.5	1093	387	899	2300	2.11
2005-2009	100	0.46201	0.37531	0.5	705	265	573	1401	1.99
2005-2009	101	0.49345	0.39580	0.5	441	174	353	828	1.88
2005-2009	102	0.52494	0.41581	0.5	266	111	211	475	1.78
2005-2009	103	0.55624	0.43520	0.5	156	68	122	264	1.70
2005-2009	104	0.58709	0.45386	0.5	88	40	68	142	1.62
2005-2009	105	0.61727	0.47169	0.5	48	23	37	74	1.55
2005-2009	106	0.64658	0.48862	0.5	25	12	19	38	1.49
2005-2009	107	0.67482	0.50457	0.5	13	7	10	19	1.44
2005-2009	108	0.70185	0.51953	0.5	6	3	5	9	1.39
2005-2009	109	0.72754	0.53348	0.5	3	2	2	4	1.35
2005-2009	110+	0.75180	1.00000	1.33	1	1	2	2	1.33
2010-2014	0	0.00704	0.00699	0.06	100000	699	99345	7617735	76.18
2010-2014	1	0.00043	0.00043	0.5	99301	42	99280	7518389	75.71
2010-2014	2	0.00029	0.00029	0.5	99258	29	99244	7419110	74.75
2010-2014	3	0.00022	0.00022	0.5	99229	22	99219	7319866	73.77
2010-2014	4	0.00019	0.00019	0.5	99208	19	99198	7220647	72.78
2010-2014	5	0.00015	0.00015	0.5	99189	15	99182	7121449	71.80
2010-2014	6	0.00013	0.00013	0.5	99174	13	99168	7022267	70.81
2010-2014	7	0.00013	0.00013	0.5	99161	12	99155	6923100	69.82
2010-2014	8	0.00012	0.00012	0.5	99149	12	99143	6823945	68.83
2010-2014	9	0.00013	0.00013	0.5	99137	13	99131	6724802	67.83
2010-2014	10	0.00012	0.00012	0.5	99125	12	99118	6625671	66.84
2010-2014	11	0.00014	0.00014	0.5	99112	14	99105	6526553	65.85
2010-2014	12	0.00014	0.00014	0.5	99098	14	99091	6427448	64.86
2010-2014	13	0.00019	0.00019	0.5	99084	19	99074	6328357	63.87
2010-2014	14	0.00024	0.00024	0.5	99065	23	99053	6229283	62.88
2010-2014	15	0.00034	0.00034	0.5	99041	34	99024	6130230	61.90
2010-2014	16	0.00053	0.00053	0.5	99007	53	98981	6031206	60.92
2010-2014	17	0.00067	0.00067	0.5	98954	67	98921	5932225	59.95
2010-2014	18	0.00091	0.00091	0.5	98888	90	98843	5833304	58.99
2010-2014	19	0.00100	0.00100	0.5	98798	98	98749	5734461	58.04
2010-2014	20	0.00107	0.00107	0.5	98700	106	98647	5635712	57.10
2010-2014	21	0.00128	0.00128	0.5	98594	126	98531	5537065	56.16
2010-2014	22	0.00126	0.00126	0.5	98468	124	98405	5438534	55.23
2010-2014	23	0.00132	0.00132	0.5	98343	130	98278	5340129	54.30
2010-2014	24	0.00136	0.00136	0.5	98214	134	98147	5241850	53.37
2010-2014	25	0.00139	0.00139	0.5	98080	136	98012	5143704	52.44
2010-2014	26	0.00143	0.00143	0.5	97944	140	97873	5045692	51.52
2010-2014	27	0.00139	0.00139	0.5	97803	136	97735	4947818	50.59
2010-2014	28	0.00142	0.00142	0.5	97667	138	97598	4850083	49.66
2010-2014	29	0.00146	0.00146	0.5	97529	142	97458	4752485	48.73
2010-2014	30	0.00152	0.00152	0.5	97387	148	97313	4655027	47.80
2010-2014	31	0.00154	0.00154	0.5	97238	149	97164	4557714	46.87
2010-2014	32	0.00152	0.00152	0.5	97089	147	97016	4460550	45.94
2010-2014	33	0.00159	0.00159	0.5	96942	154	96865	4363535	45.01
2010-2014	34	0.00166	0.00165	0.5	96788	160	96708	4266670	44.08
2010-2014	35	0.00172	0.00172	0.5	96628	166	96545	4169962	43.15
2010-2014	36	0.00175	0.00175	0.5	96462	169	96377	4073418	42.23
2010-2014	37	0.00182	0.00182	0.5	96293	175	96205	3977040	41.30
2010-2014	38	0.00186	0.00185	0.5	96118	178	96029	3880835	40.38
2010-2014	39	0.00204	0.00204	0.5	95939	195	95842	3784807	39.45
2010-2014	40	0.00220	0.00220	0.5	95744	210	95639	3688965	38.53
2010-2014	41	0.00236	0.00236	0.5	95534	226	95421	3593326	37.61
2010-2014	42	0.00245	0.00245	0.5	95308	233	95192	3497905	36.70
2010-2014	43	0.00260	0.00260	0.5	95075	247	94952	3402713	35.79
2010-2014	44	0.00288	0.00288	0.5	94828	273	94692	3307761	34.88
2010-2014	45	0.00310	0.00310	0.5	94555	293	94409	3213069	33.98
2010-2014	46	0.00344	0.00344	0.5	94262	324	94100	3118660	33.08
2010-2014	47	0.00385	0.00384	0.5	93938	361	93758	3024560	32.20
2010-2014	48	0.00420	0.00419	0.5	93578	392	93382	2930802	31.32
2010-2014	49	0.00459	0.00457	0.5	93186	426	92973	2837420	30.45
2010-2014	50	0.00505	0.00504	0.5	92759	468	92526	2744448	29.59
2010-2014	51	0.00559	0.00557	0.5	92292	514	92035	2651922	28.73
2010-2014	52	0.00608	0.00606	0.5	91778	556	91500	2559888	27.89
2010-2014	53	0.00661	0.00659	0.5	91222	601	90921	2468388	27.06
2010-2014	54	0.00710	0.00707	0.5	90621	641	90300	2377467	26.24
2010-2014	55	0.00772	0.00769	0.5	89980	692	89634	2287166	25.42
2010-2014	56	0.00835	0.00831	0.5	89288	742	88917	2197533	24.61
2010-2014	57	0.00896	0.00892	0.5	88546	790	88150	2108616	23.81
2010-2014	58	0.00971	0.00967	0.5	87755	848	87331	2020466	23.02
2010-2014	59	0.01040	0.01035	0.5	86907	900	86457	1933135	22.24
2010-2014	60	0.01102	0.01095	0.5	86007	942	85536	1846677	21.47
2010-2014	61	0.01184	0.01177	0.5	85065	1002	84564	1761141	20.70
2010-2014	62	0.01276	0.01268	0.5	84064	1066	83531	1676577	19.94
2010-2014	63	0.01401	0.01391	0.5	82997	1154	82420	1593046	19.19
2010-2014	64	0.01484	0.01473	0.5	81843	1206	81240	1510626	18.46
2010-2014	65	0.01567	0.01555	0.5	80637	1254	80010	1429386	17.73
2010-2014	66	0.01693	0.01679	0.5	79383	1333	78717	1349375	17.00
2010-2014	67	0.01867	0.01850	0.5	78051	1444	77329	1270658	16.28
2010-2014	68	0.02001	0.01981	0.5	76607	1518	75848	1193330	15.58
2010-2014	69	0.02243	0.02218	0.5	75089	1665	74256	1117482	14.88
2010-2014	70	0.02450	0.02420	0.5	73424	1777	72535	1043225	14.21
2010-2014	71	0.02665	0.02630	0.5	71647	1885	70704	970690	13.55
2010-2014	72	0.02893	0.02851	0.5	69762	1989	68768	899986	12.90
2010-2014	73	0.03148	0.03100	0.5	67773	2101	66723	831218	12.26
2010-2014	74	0.03417	0.03359	0.5	65672	2206	64569	764495	11.64
2010-2014	75	0.03834	0.03762	0.5	63466	2387	62272	699926	11.03
2010-2014	76	0.04154	0.04069	0.5	61079	2486	59836	637654	10.44
2010-2014	77	0.04558	0.04457	0.5	58593	2611	57288	577818	9.86
2010-2014	78	0.05064	0.04939	0.5	55982	2765	54599	520530	9.30
2010-2014	79	0.05485	0.05338	0.5	53217	2841	51796	465931	8.76
2010-2014	80	0.06063	0.05884	0.5	50376	2964	48894	414134	8.22
2010-2014	81	0.06702	0.06485	0.5	47412	3074	45874	365241	7.70
2010-2014	82	0.07507	0.07235	0.5	44337	3208	42733	319366	7.20
2010-2014	83	0.08299	0.07968	0.5	41129	3277	39491	276633	6.73
2010-2014	84	0.09417	0.08993	0.5	37852	3404	36150	237142	6.26
2010-2014	85	0.10373	0.09862	0.5	34448	3397	32749	200992	5.83
2010-2014	86	0.11643	0.11002	0.5	31051	3416	29343	168243	5.42
2010-2014	87	0.13035	0.12238	0.5	27635	3382	25944	138900	5.03
2010-2014	88	0.14534	0.13549	0.5	24253	3286	22610	112956	4.66
2010-2014	89	0.16297	0.15069	0.5	20967	3159	19387	90347	4.31
2010-2014	90	0.18493	0.16928	0.5	17807	3014	16300	70960	3.98
2010-2014	91	0.20603	0.18679	0.5	14793	2763	13411	54659	3.69
2010-2014	92	0.22923	0.20566	0.5	12030	2474	10793	41248	3.43
2010-2014	93	0.25580	0.22679	0.5	9556	2167	8472	30455	3.19
2010-2014	94	0.27941	0.24516	0.5	7389	1811	6483	21983	2.98
2010-2014	95	0.30314	0.26324	0.5	5577	1468	4843	15500	2.78
2010-2014	96	0.33129	0.28421	0.5	4109	1168	3525	10657	2.59
2010-2014	97	0.36071	0.30559	0.5	2941	899	2492	7132	2.42
2010-2014	98	0.39121	0.32721	0.5	2042	668	1708	4640	2.27
2010-2014	99	0.42259	0.34887	0.5	1374	479	1134	2932	2.13
2010-2014	100	0.45460	0.37041	0.5	895	331	729	1798	2.01
2010-2014	101	0.48699	0.39163	0.5	563	221	453	1069	1.90
2010-2014	102	0.51949	0.41238	0.5	343	141	272	616	1.80
2010-2014	103	0.55183	0.43250	0.5	201	87	158	344	1.71
2010-2014	104	0.58374	0.45186	0.5	114	52	88	186	1.63
2010-2014	105	0.61496	0.47034	0.5	63	29	48	97	1.55
2010-2014	106	0.64526	0.48786	0.5	33	16	25	49	1.49
2010-2014	107	0.67444	0.50436	0.5	17	9	13	24	1.44
2010-2014	108	0.70232	0.51979	0.5	8	4	6	12	1.39
2010-2014	109	0.72878	0.53414	0.5	4	2	3	5	1.35
2010-2014	110+	0.75371	1.00000	1.33	2	2	2	2	1.33
2015-2017	0	0.00706	0.00702	0.06	100000	702	99343	7587442	75.87
2015-2017	1	0.00044	0.00044	0.5	99298	44	99277	7488099	75.41
2015-2017	2	0.00030	0.00030	0.5	99255	29	99240	7388822	74.44
2015-2017	3	0.00023	0.00023	0.5	99226	23	99214	7289582	73.46
2015-2017	4	0.00018	0.00018	0.5	99202	18	99193	7190368	72.48
2015-2017	5	0.00014	0.00014	0.5	99184	14	99177	7091175	71.49
2015-2017	6	0.00014	0.00014	0.5	99170	14	99163	6991998	70.51
2015-2017	7	0.00013	0.00013	0.5	99156	13	99150	6892834	69.51
2015-2017	8	0.00012	0.00012	0.5	99144	12	99138	6793684	68.52
2015-2017	9	0.00013	0.00013	0.5	99131	13	99125	6694547	67.53
2015-2017	10	0.00015	0.00015	0.5	99119	15	99111	6595422	66.54
2015-2017	11	0.00015	0.00015	0.5	99104	15	99096	6496311	65.55
2015-2017	12	0.00017	0.00017	0.5	99089	17	99081	6397214	64.56
2015-2017	13	0.00019	0.00019	0.5	99072	19	99063	6298134	63.57
2015-2017	14	0.00029	0.00029	0.5	99053	29	99039	6199071	62.58
2015-2017	15	0.00040	0.00040	0.5	99025	39	99005	6100032	61.60
2015-2017	16	0.00055	0.00055	0.5	98985	55	98958	6001027	60.63
2015-2017	17	0.00071	0.00071	0.5	98931	70	98896	5902069	59.66
2015-2017	18	0.00100	0.00100	0.5	98861	99	98811	5803174	58.70
2015-2017	19	0.00114	0.00114	0.5	98762	112	98706	5704362	57.76
2015-2017	20	0.00119	0.00119	0.5	98650	118	98591	5605656	56.82
2015-2017	21	0.00133	0.00133	0.5	98532	131	98467	5507066	55.89
2015-2017	22	0.00143	0.00143	0.5	98401	140	98331	5408599	54.96
2015-2017	23	0.00153	0.00153	0.5	98261	151	98186	5310268	54.04
2015-2017	24	0.00158	0.00158	0.5	98110	155	98033	5212083	53.12
2015-2017	25	0.00168	0.00168	0.5	97955	165	97872	5114050	52.21
2015-2017	26	0.00173	0.00173	0.5	97790	169	97706	5016178	51.30
2015-2017	27	0.00177	0.00177	0.5	97621	173	97535	4918472	50.38
2015-2017	28	0.00184	0.00184	0.5	97448	179	97358	4820937	49.47
2015-2017	29	0.00180	0.00180	0.5	97269	175	97181	4723579	48.56
2015-2017	30	0.00189	0.00189	0.5	97094	183	97002	4626397	47.65
2015-2017	31	0.00185	0.00185	0.5	96911	179	96821	4529395	46.74
2015-2017	32	0.00196	0.00196	0.5	96732	190	96637	4432574	45.82
2015-2017	33	0.00202	0.00201	0.5	96542	194	96445	4335937	44.91
2015-2017	34	0.00218	0.00217	0.5	96348	209	96243	4239492	44.00
2015-2017	35	0.00217	0.00217	0.5	96138	208	96034	4143249	43.10
2015-2017	36	0.00215	0.00215	0.5	95930	206	95827	4047214	42.19
2015-2017	37	0.00225	0.00225	0.5	95724	215	95617	3951387	41.28
2015-2017	38	0.00234	0.00234	0.5	95509	223	95397	3855771	40.37
2015-2017	39	0.00243	0.00242	0.5	95286	231	95170	3760373	39.46
2015-2017	40	0.00244	0.00243	0.5	95055	231	94939	3665203	38.56
2015-2017	41	0.00262	0.00261	0.5	94824	248	94700	3570263	37.65
2015-2017	42	0.00277	0.00277	0.5	94576	262	94445	3475563	36.75
2015-2017	43	0.00292	0.00292	0.5	94314	275	94176	3381118	35.85
2015-2017	44	0.00308	0.00308	0.5	94039	289	93894	3286942	34.95
2015-2017	45	0.00332	0.00331	0.5	93750	311	93594	3193048	34.06
2015-2017	46	0.00366	0.00365	0.5	93439	341	93268	3099454	33.17
2015-2017	47	0.00384	0.00383	0.5	93098	357	92920	3006185	32.29
2015-2017	48	0.00413	0.00412	0.5	92741	382	92550	2913265	31.41
2015-2017	49	0.00453	0.00452	0.5	92359	417	92150	2820715	30.54
2015-2017	50	0.00502	0.00501	0.5	91942	460	91711	2728565	29.68
2015-2017	51	0.00556	0.00554	0.5	91481	507	91228	2636854	28.82
2015-2017	52	0.00601	0.00599	0.5	90974	545	90702	2545626	27.98
2015-2017	53	0.00665	0.00663	0.5	90429	600	90129	2454924	27.15
2015-2017	54	0.00719	0.00716	0.5	89830	643	89508	2364794	26.33
2015-2017	55	0.00788	0.00785	0.5	89186	700	88836	2275286	25.51
2015-2017	56	0.00841	0.00838	0.5	88486	741	88115	2186450	24.71
2015-2017	57	0.00923	0.00918	0.5	87745	806	87342	2098335	23.91
2015-2017	58	0.00995	0.00990	0.5	86939	861	86509	2010993	23.13
2015-2017	59	0.01074	0.01068	0.5	86078	919	85619	1924484	22.36
2015-2017	60	0.01149	0.01143	0.5	85159	973	84672	1838866	21.59
2015-2017	61	0.01237	0.01229	0.5	84186	1035	83668	1754194	20.84
2015-2017	62	0.01317	0.01309	0.5	83151	1088	82606	1670525	20.09
2015-2017	63	0.01428	0.01418	0.5	82062	1163	81481	1587919	19.35
2015-2017	64	0.01523	0.01512	0.5	80899	1223	80287	1506438	18.62
2015-2017	65	0.01623	0.01610	0.5	79676	1282	79035	1426151	17.90
2015-2017	66	0.01723	0.01708	0.5	78393	1339	77724	1347116	17.18
2015-2017	67	0.01824	0.01808	0.5	77054	1393	76358	1269392	16.47
2015-2017	68	0.02020	0.01999	0.5	75662	1513	74905	1193034	15.77
2015-2017	69	0.02186	0.02162	0.5	74149	1603	73347	1118129	15.08
2015-2017	70	0.02358	0.02330	0.5	72545	1690	71700	1044782	14.40
2015-2017	71	0.02539	0.02507	0.5	70855	1776	69967	973082	13.73
2015-2017	72	0.02857	0.02817	0.5	69079	1946	68106	903115	13.07
2015-2017	73	0.03128	0.03080	0.5	67133	2068	66099	835009	12.44
2015-2017	74	0.03380	0.03324	0.5	65065	2163	63984	768910	11.82
2015-2017	75	0.03742	0.03674	0.5	62903	2311	61747	704926	11.21
2015-2017	76	0.04027	0.03947	0.5	60592	2392	59396	643179	10.61
2015-2017	77	0.04543	0.04442	0.5	58200	2585	56907	583783	10.03
2015-2017	78	0.04901	0.04783	0.5	55615	2660	54285	526876	9.47
2015-2017	79	0.05458	0.05313	0.5	52955	2814	51548	472591	8.92
2015-2017	80	0.05959	0.05787	0.5	50141	2901	48690	421044	8.40
2015-2017	81	0.06645	0.06432	0.5	47240	3038	45720	372353	7.88
2015-2017	82	0.07383	0.07120	0.5	44201	3147	42628	326633	7.39
2015-2017	83	0.08075	0.07761	0.5	41054	3186	39461	284005	6.92
2015-2017	84	0.08865	0.08489	0.5	37868	3215	36260	244544	6.46
2015-2017	85	0.09765	0.09310	0.5	34653	3226	33040	208284	6.01
2015-2017	86	0.11014	0.10439	0.5	31427	3281	29786	175244	5.58
2015-2017	87	0.12616	0.11867	0.5	28146	3340	26476	145458	5.17
2015-2017	88	0.14018	0.13100	0.5	24806	3250	23181	118982	4.80
2015-2017	89	0.15571	0.14446	0.5	21556	3114	19999	95801	4.44
2015-2017	90	0.17632	0.16203	0.5	18442	2988	16948	75802	4.11
2015-2017	91	0.19624	0.17870	0.5	15454	2762	14073	58854	3.81
2015-2017	92	0.22061	0.19869	0.5	12692	2522	11431	44781	3.53
2015-2017	93	0.24722	0.22002	0.5	10170	2238	9052	33349	3.28
2015-2017	94	0.27159	0.23912	0.5	7933	1897	6984	24298	3.06
2015-2017	95	0.29153	0.25444	0.5	6036	1536	5268	17313	2.87
2015-2017	96	0.31877	0.27494	0.5	4500	1237	3881	12045	2.68
2015-2017	97	0.34730	0.29591	0.5	3263	966	2780	8164	2.50
2015-2017	98	0.37697	0.31719	0.5	2297	729	1933	5384	2.34
2015-2017	99	0.40760	0.33859	0.5	1569	531	1303	3451	2.20
2015-2017	100	0.43896	0.35995	0.5	1038	373	851	2148	2.07
2015-2017	101	0.47081	0.38110	0.5	664	253	538	1297	1.95
2015-2017	102	0.50291	0.40186	0.5	411	165	328	760	1.85
2015-2017	103	0.53498	0.42208	0.5	246	104	194	431	1.75
2015-2017	104	0.56676	0.44162	0.5	142	63	111	237	1.67
2015-2017	105	0.59800	0.46036	0.5	79	37	61	126	1.59
2015-2017	106	0.62847	0.47820	0.5	43	20	33	65	1.53
2015-2017	107	0.65795	0.49508	0.5	22	11	17	33	1.47
2015-2017	108	0.68626	0.51094	0.5	11	6	8	16	1.42
2015-2017	109	0.71325	0.52575	0.5	6	3	4	8	1.38
2015-2017	110+	0.73880	1.00000	1.35	3	3	4	4	1.35
