Div3: East North Central, Lifetables (period 5x1), Females Last modified: 3 Dec 2019, MPv5 (May07) 

Year	Age	mx	qx	ax	lx	dx	Lx	Tx	ex
1959	0	0.02176	0.02134	0.11	100000	2134	98109	7339416	73.39
1959	1-4	0.00081	0.00322	1.59	97866	315	390705	7241307	73.99
1959	5-9	0.00037	0.00186	2.25	97551	182	487255	6850602	70.23
1959	10-14	0.00033	0.00164	2.61	97369	160	486463	6363347	65.35
1959	15-19	0.00051	0.00256	2.68	97209	249	485468	5876884	60.46
1959	20-24	0.00062	0.00309	2.6	96960	300	484080	5391416	55.60
1959	25-29	0.00079	0.00393	2.55	96660	380	482371	4907336	50.77
1959	30-34	0.00112	0.00560	2.65	96281	539	480138	4424965	45.96
1959	35-39	0.00172	0.00858	2.65	95742	822	476777	3944826	41.20
1959	40-44	0.00266	0.01323	2.66	94920	1256	471666	3468050	36.54
1959	45-49	0.00411	0.02035	2.73	93664	1906	463992	2996384	31.99
1959	50-54	0.00627	0.03090	2.64	91758	2835	452086	2532392	27.60
1959	55-59	0.00935	0.04577	2.67	88923	4070	435113	2080305	23.39
1959	60-64	0.01463	0.07074	2.67	84852	6003	410270	1645192	19.39
1959	65-69	0.02368	0.11218	2.66	78850	8845	373533	1234922	15.66
1959	70-74	0.03771	0.17304	2.63	70004	12114	321255	861389	12.30
1959	75-79	0.06447	0.27880	2.58	57891	16140	250339	540134	9.33
1959	80-84	0.10426	0.41288	2.48	41751	17238	165334	289795	6.94
1959	85-89	0.16332	0.57113	2.37	24513	14000	85718	124461	5.08
1959	90-94	0.24712	0.72640	2.16	10513	7637	30902	38743	3.69
1959	95-99	0.35145	0.84492	1.93	2876	2430	6915	7841	2.73
1959	100-104	0.47367	0.92126	1.68	446	411	868	926	2.08
1959	105-109	0.59979	0.96102	1.46	35	34	56	58	1.66
1959	110+	0.69867	1.00000	1.43	1	1	2	2	1.43
1960	0	0.02102	0.02064	0.11	100000	2064	98167	7343613	73.44
1960	1-4	0.00088	0.00350	1.58	97936	343	390915	7245446	73.98
1960	5-9	0.00035	0.00176	2.24	97594	171	487495	6854532	70.24
1960	10-14	0.00032	0.00159	2.62	97422	155	486741	6367036	65.36
1960	15-19	0.00050	0.00251	2.79	97267	244	485796	5880296	60.46
1960	20-24	0.00064	0.00318	2.6	97023	309	484374	5394500	55.60
1960	25-29	0.00079	0.00395	2.67	96714	382	482682	4910126	50.77
1960	30-34	0.00114	0.00568	2.67	96332	548	480386	4427443	45.96
1960	35-39	0.00169	0.00843	2.62	95784	807	476999	3947057	41.21
1960	40-44	0.00266	0.01320	2.65	94977	1253	471936	3470058	36.54
1960	45-49	0.00421	0.02084	2.67	93724	1953	464060	2998122	31.99
1960	50-54	0.00636	0.03132	2.63	91771	2874	452051	2534062	27.61
1960	55-59	0.00938	0.04590	2.67	88897	4080	434989	2082011	23.42
1960	60-64	0.01487	0.07188	2.68	84817	6097	409943	1647022	19.42
1960	65-69	0.02326	0.11026	2.64	78720	8680	373141	1237079	15.71
1960	70-74	0.03784	0.17362	2.63	70041	12161	321408	863938	12.33
1960	75-79	0.06286	0.27305	2.6	57880	15804	251407	542530	9.37
1960	80-84	0.10283	0.40871	2.49	42076	17197	167245	291123	6.92
1960	85-89	0.16622	0.57640	2.34	24879	14340	86271	123878	4.98
1960	90-94	0.25617	0.73670	2.12	10539	7764	30308	37607	3.57
1960	95-99	0.36539	0.85707	1.9	2775	2378	6509	7299	2.63
1960	100-104	0.49460	0.93038	1.65	397	369	746	790	1.99
1960	105-109	0.62542	0.96646	1.43	28	27	43	44	1.59
1960	110+	0.72597	1.00000	1.38	1	1	1	1	1.38
1961	0	0.02091	0.02053	0.11	100000	2053	98176	7383643	73.84
1961	1-4	0.00079	0.00315	1.59	97947	309	391046	7285467	74.38
1961	5-9	0.00036	0.00178	2.26	97639	174	487715	6894420	70.61
1961	10-14	0.00031	0.00157	2.64	97464	153	486961	6406706	65.73
1961	15-19	0.00045	0.00224	2.58	97311	218	486030	5919745	60.83
1961	20-24	0.00063	0.00313	2.61	97093	304	484740	5433715	55.96
1961	25-29	0.00080	0.00401	2.58	96789	388	483008	4948975	51.13
1961	30-34	0.00105	0.00526	2.61	96401	507	480794	4465967	46.33
1961	35-39	0.00169	0.00843	2.64	95894	809	477562	3985173	41.56
1961	40-44	0.00253	0.01256	2.66	95086	1195	472636	3507611	36.89
1961	45-49	0.00406	0.02010	2.68	93891	1887	465082	3034975	32.32
1961	50-54	0.00619	0.03052	2.62	92004	2808	453342	2569893	27.93
1961	55-59	0.00899	0.04403	2.64	89196	3927	436711	2116551	23.73
1961	60-64	0.01414	0.06839	2.64	85269	5832	412562	1679840	19.70
1961	65-69	0.02216	0.10532	2.65	79437	8366	377511	1267278	15.95
1961	70-74	0.03717	0.17081	2.63	71071	12140	326616	889767	12.52
1961	75-79	0.06107	0.26640	2.6	58931	15699	257052	563152	9.56
1961	80-84	0.10025	0.40081	2.5	43232	17328	172840	306100	7.08
1961	85-89	0.16017	0.56165	2.34	25904	14549	90835	133260	5.14
1961	90-94	0.24264	0.71719	2.15	11355	8144	33564	42425	3.74
1961	95-99	0.34655	0.84082	1.94	3211	2700	7792	8861	2.76
1961	100-104	0.46955	0.91954	1.69	511	470	1001	1070	2.09
1961	105-109	0.59701	0.96048	1.47	41	40	66	68	1.67
1961	110+	0.69711	1.00000	1.43	2	2	2	2	1.43
1962	0	0.01989	0.01955	0.11	100000	1955	98258	7374199	73.74
1962	1-4	0.00074	0.00295	1.56	98045	289	391477	7275941	74.21
1962	5-9	0.00033	0.00163	2.22	97756	160	488338	6884464	70.42
1962	10-14	0.00031	0.00153	2.62	97597	150	487627	6396126	65.54
1962	15-19	0.00050	0.00249	2.73	97447	243	486686	5908499	60.63
1962	20-24	0.00066	0.00330	2.49	97205	320	485220	5421813	55.78
1962	25-29	0.00080	0.00398	2.56	96884	385	483480	4936594	50.95
1962	30-34	0.00115	0.00575	2.6	96499	555	481162	4453114	46.15
1962	35-39	0.00173	0.00860	2.67	95944	825	477801	3971951	41.40
1962	40-44	0.00262	0.01302	2.69	95119	1238	472738	3494151	36.73
1962	45-49	0.00410	0.02029	2.67	93881	1905	464968	3021413	32.18
1962	50-54	0.00626	0.03083	2.67	91976	2835	453267	2556445	27.79
1962	55-59	0.00935	0.04573	2.65	89141	4076	436134	2103177	23.59
1962	60-64	0.01442	0.06973	2.67	85064	5932	411495	1667044	19.60
1962	65-69	0.02281	0.10819	2.63	79133	8561	375358	1255549	15.87
1962	70-74	0.03702	0.17024	2.64	70571	12014	324539	880191	12.47
1962	75-79	0.06113	0.26661	2.61	58557	15612	255403	555653	9.49
1962	80-84	0.10157	0.40559	2.52	42945	17418	171489	300249	6.99
1962	85-89	0.16400	0.57146	2.35	25527	14588	88948	128760	5.04
1962	90-94	0.24961	0.73035	2.16	10939	7990	32008	39812	3.64
1962	95-99	0.36298	0.85523	1.91	2950	2523	6950	7804	2.65
1962	100-104	0.49269	0.92969	1.65	427	397	806	854	2.00
1962	105-109	0.62427	0.96628	1.43	30	29	46	48	1.59
1962	110+	0.72548	1.00000	1.38	1	1	1	1	1.38
1963	0	0.02039	0.02003	0.11	100000	2003	98218	7355251	73.55
1963	1-4	0.00082	0.00327	1.64	97997	320	391233	7257034	74.05
1963	5-9	0.00036	0.00178	2.09	97677	174	487878	6865801	70.29
1963	10-14	0.00030	0.00149	2.57	97503	145	487162	6377922	65.41
1963	15-19	0.00054	0.00271	2.66	97358	264	486173	5890761	60.51
1963	20-24	0.00062	0.00311	2.55	97094	302	484728	5404588	55.66
1963	25-29	0.00084	0.00418	2.59	96792	405	482983	4919860	50.83
1963	30-34	0.00114	0.00566	2.68	96387	546	480672	4436877	46.03
1963	35-39	0.00181	0.00899	2.66	95842	862	477195	3956205	41.28
1963	40-44	0.00264	0.01310	2.64	94980	1244	471967	3479010	36.63
1963	45-49	0.00411	0.02035	2.67	93736	1907	464233	3007043	32.08
1963	50-54	0.00637	0.03139	2.66	91828	2883	452392	2542810	27.69
1963	55-59	0.00939	0.04595	2.66	88946	4087	435154	2090417	23.50
1963	60-64	0.01457	0.07042	2.63	84859	5976	410111	1655264	19.51
1963	65-69	0.02308	0.10944	2.64	78883	8633	374006	1245153	15.78
1963	70-74	0.03778	0.17344	2.64	70250	12184	322529	871147	12.40
1963	75-79	0.06029	0.26233	2.53	58066	15233	252669	548618	9.45
1963	80-84	0.10331	0.41096	2.51	42834	17603	170386	295949	6.91
1963	85-89	0.16758	0.57882	2.33	25231	14604	87144	125563	4.98
1963	90-94	0.25141	0.73201	2.15	10627	7779	30940	38418	3.62
1963	95-99	0.36608	0.85762	1.9	2848	2442	6672	7478	2.63
1963	100-104	0.49533	0.93066	1.65	405	377	762	807	1.99
1963	105-109	0.62610	0.96659	1.42	28	27	43	45	1.59
1963	110+	0.72656	1.00000	1.38	1	1	1	1	1.38
1964	0	0.02048	0.02011	0.11	100000	2011	98211	7383866	73.84
1964	1-4	0.00077	0.00309	1.56	97989	303	391218	7285655	74.35
1964	5-9	0.00035	0.00174	2.26	97686	170	487965	6894438	70.58
1964	10-14	0.00029	0.00147	2.67	97516	144	487245	6406472	65.70
1964	15-19	0.00054	0.00269	2.7	97372	262	486258	5919227	60.79
1964	20-24	0.00071	0.00354	2.55	97110	344	484708	5432969	55.95
1964	25-29	0.00082	0.00411	2.63	96766	398	482888	4948262	51.14
1964	30-34	0.00118	0.00590	2.71	96368	569	480538	4465374	46.34
1964	35-39	0.00175	0.00873	2.69	95799	837	477067	3984836	41.60
1964	40-44	0.00270	0.01340	2.66	94963	1272	471840	3507769	36.94
1964	45-49	0.00403	0.01994	2.65	93690	1868	464055	3035929	32.40
1964	50-54	0.00634	0.03123	2.66	91822	2868	452400	2571874	28.01
1964	55-59	0.00925	0.04526	2.65	88954	4026	435294	2119474	23.83
1964	60-64	0.01405	0.06802	2.64	84928	5777	411017	1684180	19.83
1964	65-69	0.02250	0.10686	2.65	79152	8458	375843	1273164	16.09
1964	70-74	0.03648	0.16794	2.64	70694	11873	325413	897321	12.69
1964	75-79	0.05744	0.25171	2.54	58821	14806	257742	571908	9.72
1964	80-84	0.09795	0.39420	2.53	44015	17351	177139	314165	7.14
1964	85-89	0.16004	0.56280	2.36	26664	15007	93771	137026	5.14
1964	90-94	0.24363	0.71999	2.16	11658	8393	34450	43255	3.71
1964	95-99	0.35512	0.84880	1.93	3264	2771	7802	8805	2.70
1964	100-104	0.48427	0.92632	1.67	494	457	944	1003	2.03
1964	105-109	0.61639	0.96477	1.44	36	35	57	59	1.61
1964	110+	0.71861	1.00000	1.39	1	1	2	2	1.39
1965	0	0.02015	0.01979	0.11	100000	1979	98237	7385418	73.85
1965	1-4	0.00079	0.00314	1.61	98021	307	391349	7287180	74.34
1965	5-9	0.00036	0.00178	2.26	97713	174	488089	6895832	70.57
1965	10-14	0.00029	0.00144	2.56	97539	140	487355	6407742	65.69
1965	15-19	0.00052	0.00257	2.78	97399	251	486440	5920387	60.78
1965	20-24	0.00066	0.00331	2.42	97148	322	484913	5433948	55.93
1965	25-29	0.00081	0.00406	2.55	96827	393	483171	4949035	51.11
1965	30-34	0.00121	0.00605	2.65	96433	584	480793	4465864	46.31
1965	35-39	0.00175	0.00873	2.71	95850	837	477332	3985072	41.58
1965	40-44	0.00269	0.01339	2.7	95013	1272	472141	3507740	36.92
1965	45-49	0.00420	0.02080	2.63	93741	1949	464086	3035599	32.38
1965	50-54	0.00629	0.03099	2.67	91792	2845	452326	2571513	28.01
1965	55-59	0.00903	0.04419	2.63	88947	3931	435418	2119186	23.83
1965	60-64	0.01414	0.06844	2.65	85017	5818	411422	1683769	19.81
1965	65-69	0.02215	0.10528	2.65	79198	8338	376375	1272346	16.07
1965	70-74	0.03589	0.16540	2.63	70860	11721	326573	895972	12.64
1965	75-79	0.05894	0.25771	2.56	59140	15241	258585	569399	9.63
1965	80-84	0.09870	0.39652	2.52	43899	17407	176362	310814	7.08
1965	85-89	0.16287	0.56809	2.34	26492	15050	92405	134452	5.08
1965	90-94	0.24641	0.72453	2.16	11442	8290	33644	42047	3.67
1965	95-99	0.35978	0.85274	1.92	3152	2688	7471	8403	2.67
1965	100-104	0.49004	0.92871	1.66	464	431	880	933	2.01
1965	105-109	0.62254	0.96599	1.43	33	32	51	53	1.60
1965	110+	0.72456	1.00000	1.38	1	1	2	2	1.38
1966	0	0.01973	0.01938	0.11	100000	1938	98271	7387752	73.88
1966	1-4	0.00079	0.00315	1.61	98062	308	391508	7289481	74.34
1966	5-9	0.00033	0.00163	2.28	97753	159	488331	6897972	70.57
1966	10-14	0.00029	0.00146	2.59	97594	142	487626	6409641	65.68
1966	15-19	0.00059	0.00294	2.73	97451	286	486606	5922015	60.77
1966	20-24	0.00072	0.00359	2.53	97165	349	484965	5435410	55.94
1966	25-29	0.00086	0.00430	2.57	96816	416	483070	4950445	51.13
1966	30-34	0.00115	0.00572	2.65	96400	551	480703	4467375	46.34
1966	35-39	0.00177	0.00883	2.71	95849	846	477311	3986672	41.59
1966	40-44	0.00271	0.01347	2.66	95003	1279	472016	3509361	36.94
1966	45-49	0.00418	0.02070	2.67	93724	1940	464104	3037345	32.41
1966	50-54	0.00617	0.03041	2.63	91784	2791	452306	2573242	28.04
1966	55-59	0.00915	0.04477	2.67	88992	3984	435676	2120935	23.83
1966	60-64	0.01402	0.06781	2.61	85008	5764	411246	1685259	19.82
1966	65-69	0.02220	0.10544	2.63	79244	8355	376377	1274013	16.08
1966	70-74	0.03622	0.16683	2.64	70888	11826	326538	897636	12.66
1966	75-79	0.05922	0.25904	2.59	59062	15299	258368	571097	9.67
1966	80-84	0.09865	0.39551	2.49	43763	17308	175455	312730	7.15
1966	85-89	0.15686	0.55433	2.36	26454	14664	93488	137275	5.19
1966	90-94	0.24428	0.72240	2.17	11790	8517	34865	43787	3.71
1966	95-99	0.35106	0.84515	1.93	3273	2766	7879	8922	2.73
1966	100-104	0.47801	0.92354	1.68	507	468	979	1042	2.06
1966	105-109	0.60863	0.96312	1.45	39	37	61	63	1.63
1966	110+	0.71031	1.00000	1.41	1	1	2	2	1.41
1967	0	0.01915	0.01883	0.11	100000	1883	98318	7410013	74.10
1967	1-4	0.00072	0.00288	1.66	98117	282	391809	7311695	74.52
1967	5-9	0.00035	0.00174	2.25	97835	170	488707	6919886	70.73
1967	10-14	0.00029	0.00144	2.54	97665	141	487978	6431179	65.85
1967	15-19	0.00058	0.00288	2.81	97524	281	487004	5943201	60.94
1967	20-24	0.00069	0.00343	2.48	97243	334	485375	5456197	56.11
1967	25-29	0.00079	0.00396	2.58	96909	383	483621	4970822	51.29
1967	30-34	0.00116	0.00578	2.65	96526	558	481318	4487202	46.49
1967	35-39	0.00181	0.00900	2.64	95969	863	477804	4005884	41.74
1967	40-44	0.00274	0.01359	2.65	95105	1293	472482	3528079	37.10
1967	45-49	0.00420	0.02080	2.66	93812	1951	464498	3055598	32.57
1967	50-54	0.00610	0.03007	2.67	91861	2762	452879	2591100	28.21
1967	55-59	0.00932	0.04560	2.64	89099	4063	435925	2138220	24.00
1967	60-64	0.01373	0.06648	2.62	85036	5653	411719	1702295	20.02
1967	65-69	0.02190	0.10410	2.64	79383	8264	377409	1290576	16.26
1967	70-74	0.03475	0.16055	2.64	71119	11418	328605	913167	12.84
1967	75-79	0.05783	0.25384	2.59	59701	15154	262035	584563	9.79
1967	80-84	0.09660	0.38948	2.51	44547	17350	179615	322528	7.24
1967	85-89	0.15533	0.55168	2.37	27197	15004	96590	142913	5.25
1967	90-94	0.23754	0.71375	2.2	12193	8703	36636	46323	3.80
1967	95-99	0.34403	0.83892	1.95	3490	2928	8511	9687	2.78
1967	100-104	0.46948	0.91975	1.69	562	517	1101	1176	2.09
1967	105-109	0.59960	0.96118	1.47	45	43	72	75	1.66
1967	110+	0.70157	1.00000	1.43	2	2	2	2	1.43
1968	0	0.01887	0.01856	0.11	100000	1856	98340	7390500	73.91
1968	1-4	0.00076	0.00302	1.59	98144	296	391862	7292160	74.30
1968	5-9	0.00037	0.00186	2.18	97848	182	488726	6900297	70.52
1968	10-14	0.00029	0.00144	2.66	97666	141	488000	6411571	65.65
1968	15-19	0.00060	0.00300	2.77	97525	293	486970	5923571	60.74
1968	20-24	0.00074	0.00367	2.53	97232	357	485277	5436601	55.91
1968	25-29	0.00084	0.00418	2.68	96875	405	483434	4951324	51.11
1968	30-34	0.00113	0.00563	2.65	96470	543	481072	4467889	46.31
1968	35-39	0.00178	0.00888	2.69	95927	852	477664	3986818	41.56
1968	40-44	0.00287	0.01426	2.65	95075	1356	472187	3509153	36.91
1968	45-49	0.00425	0.02105	2.64	93719	1973	463949	3036966	32.40
1968	50-54	0.00637	0.03136	2.64	91746	2877	451947	2573018	28.04
1968	55-59	0.00943	0.04612	2.63	88869	4099	434642	2121070	23.87
1968	60-64	0.01420	0.06867	2.62	84770	5821	409974	1686428	19.89
1968	65-69	0.02179	0.10361	2.63	78949	8180	375348	1276454	16.17
1968	70-74	0.03550	0.16365	2.61	70769	11581	326219	901105	12.73
1968	75-79	0.05932	0.25931	2.58	59188	15348	258751	574887	9.71
1968	80-84	0.09590	0.38690	2.5	43840	16962	176877	316136	7.21
1968	85-89	0.15784	0.55740	2.37	26878	14982	94920	139259	5.18
1968	90-94	0.24292	0.71920	2.16	11896	8556	35221	44339	3.73
1968	95-99	0.35043	0.84479	1.94	3341	2822	8053	9118	2.73
1968	100-104	0.47883	0.92402	1.68	518	479	1001	1065	2.05
1968	105-109	0.61089	0.96366	1.45	39	38	62	64	1.63
1968	110+	0.71348	1.00000	1.4	1	1	2	2	1.40
1969	0	0.01812	0.01783	0.1	100000	1783	98402	7423744	74.24
1969	1-4	0.00077	0.00309	1.66	98217	303	392158	7325342	74.58
1969	5-9	0.00035	0.00174	2.21	97914	170	489094	6933184	70.81
1969	10-14	0.00030	0.00151	2.69	97743	148	488376	6444091	65.93
1969	15-19	0.00064	0.00317	2.71	97595	310	487269	5955715	61.02
1969	20-24	0.00069	0.00346	2.61	97286	337	485623	5468446	56.21
1969	25-29	0.00082	0.00409	2.55	96949	396	483774	4982823	51.40
1969	30-34	0.00118	0.00587	2.67	96553	567	481441	4499049	46.60
1969	35-39	0.00189	0.00939	2.74	95986	901	477896	4017607	41.86
1969	40-44	0.00275	0.01368	2.73	95085	1300	472468	3539711	37.23
1969	45-49	0.00413	0.02045	2.65	93785	1918	464421	3067243	32.71
1969	50-54	0.00614	0.03027	2.66	91867	2781	452840	2602822	28.33
1969	55-59	0.00886	0.04337	2.63	89086	3864	436260	2149983	24.13
1969	60-64	0.01354	0.06559	2.65	85222	5590	412974	1713723	20.11
1969	65-69	0.02183	0.10380	2.63	79632	8265	378604	1300749	16.33
1969	70-74	0.03459	0.15995	2.65	71367	11415	329963	922144	12.92
1969	75-79	0.05726	0.25143	2.58	59952	15074	263262	592181	9.88
1969	80-84	0.09395	0.38127	2.53	44878	17111	182121	328919	7.33
1969	85-89	0.15300	0.54577	2.37	27768	15155	99050	146798	5.29
1969	90-94	0.23801	0.71355	2.19	12613	9000	37814	47748	3.79
1969	95-99	0.34742	0.84235	1.94	3613	3043	8760	9934	2.75
1969	100-104	0.47691	0.92332	1.68	570	526	1103	1174	2.06
1969	105-109	0.61039	0.96362	1.45	44	42	69	71	1.63
1969	110+	0.71408	1.00000	1.4	2	2	2	2	1.40
1970	0	0.01817	0.01788	0.1	100000	1788	98398	7452880	74.53
1970	1-4	0.00070	0.00281	1.63	98212	276	392196	7354482	74.88
1970	5-9	0.00033	0.00167	2.26	97937	164	489235	6962286	71.09
1970	10-14	0.00027	0.00137	2.71	97773	134	488559	6473052	66.21
1970	15-19	0.00060	0.00298	2.79	97639	291	487552	5984493	61.29
1970	20-24	0.00075	0.00375	2.51	97348	365	485831	5496941	56.47
1970	25-29	0.00082	0.00409	2.57	96983	397	483950	5011110	51.67
1970	30-34	0.00108	0.00540	2.7	96586	521	481731	4527160	46.87
1970	35-39	0.00171	0.00851	2.63	96065	818	478387	4045428	42.11
1970	40-44	0.00265	0.01317	2.67	95247	1254	473309	3567042	37.45
1970	45-49	0.00408	0.02023	2.62	93992	1901	465430	3093732	32.91
1970	50-54	0.00619	0.03049	2.66	92091	2808	453879	2628302	28.54
1970	55-59	0.00914	0.04472	2.65	89284	3993	437041	2174423	24.35
1970	60-64	0.01355	0.06563	2.64	85291	5597	413244	1737382	20.37
1970	65-69	0.02112	0.10062	2.65	79693	8019	379595	1324139	16.62
1970	70-74	0.03356	0.15554	2.65	71675	11149	332223	944544	13.18
1970	75-79	0.05573	0.24538	2.57	60526	14852	266512	612320	10.12
1970	80-84	0.09014	0.36836	2.52	45674	16825	186648	345809	7.57
1970	85-89	0.14440	0.52305	2.37	28850	15090	104498	159161	5.52
1970	90-94	0.22598	0.69197	2.2	13760	9522	42135	54663	3.97
1970	95-99	0.32042	0.81614	1.99	4238	3459	10796	12528	2.96
1970	100-104	0.44000	0.90513	1.75	779	705	1603	1732	2.22
1970	105-109	0.56742	0.95336	1.52	74	70	124	129	1.75
1970	110+	0.66943	1.00000	1.49	3	3	5	5	1.49
1971	0	0.01665	0.01640	0.1	100000	1640	98523	7483907	74.84
1971	1-4	0.00072	0.00287	1.67	98360	283	392782	7385384	75.09
1971	5-9	0.00035	0.00174	2.23	98077	171	489913	6992602	71.30
1971	10-14	0.00032	0.00162	2.49	97906	159	489134	6502689	66.42
1971	15-19	0.00058	0.00288	2.69	97748	282	488088	6013555	61.52
1971	20-24	0.00071	0.00354	2.52	97466	345	486473	5525467	56.69
1971	25-29	0.00083	0.00415	2.55	97121	403	484619	5038994	51.88
1971	30-34	0.00109	0.00546	2.68	96719	528	482366	4554374	47.09
1971	35-39	0.00161	0.00804	2.63	96191	773	479123	4072008	42.33
1971	40-44	0.00266	0.01324	2.66	95418	1263	474139	3592885	37.65
1971	45-49	0.00400	0.01980	2.63	94155	1864	466354	3118746	33.12
1971	50-54	0.00589	0.02903	2.65	92291	2680	455149	2652392	28.74
1971	55-59	0.00874	0.04280	2.64	89611	3835	439015	2197244	24.52
1971	60-64	0.01332	0.06459	2.67	85776	5541	415976	1758229	20.50
1971	65-69	0.02040	0.09732	2.63	80235	7808	382687	1342253	16.73
1971	70-74	0.03271	0.15167	2.61	72427	10985	335849	959566	13.25
1971	75-79	0.05560	0.24506	2.58	61442	15057	270828	623717	10.15
1971	80-84	0.08900	0.36472	2.53	46385	16918	190083	352889	7.61
1971	85-89	0.14481	0.52467	2.38	29468	15461	106770	162805	5.52
1971	90-94	0.22305	0.68846	2.22	14007	9643	43232	56036	4.00
1971	95-99	0.32296	0.81893	1.99	4364	3573	11065	12803	2.93
1971	100-104	0.44489	0.90787	1.74	790	717	1612	1738	2.20
1971	105-109	0.57434	0.95524	1.51	73	70	121	126	1.73
1971	110+	0.67754	1.00000	1.48	3	3	5	5	1.48
1972	0	0.01572	0.01550	0.1	100000	1550	98601	7486588	74.87
1972	1-4	0.00071	0.00282	1.62	98450	278	393141	7387987	75.04
1972	5-9	0.00033	0.00163	2.47	98173	160	490459	6994847	71.25
1972	10-14	0.00026	0.00128	2.65	98013	126	489768	6504388	66.36
1972	15-19	0.00058	0.00290	2.69	97887	284	488779	6014620	61.44
1972	20-24	0.00067	0.00332	2.58	97603	324	487231	5525841	56.62
1972	25-29	0.00084	0.00421	2.66	97279	410	485435	5038610	51.80
1972	30-34	0.00110	0.00550	2.75	96869	533	483147	4553175	47.00
1972	35-39	0.00170	0.00846	2.72	96336	815	479816	4070028	42.25
1972	40-44	0.00265	0.01318	2.71	95520	1259	474725	3590212	37.59
1972	45-49	0.00408	0.02019	2.64	94262	1903	466825	3115487	33.05
1972	50-54	0.00584	0.02881	2.63	92358	2661	455478	2648662	28.68
1972	55-59	0.00883	0.04325	2.63	89697	3879	439305	2193184	24.45
1972	60-64	0.01322	0.06413	2.66	85818	5504	416204	1753879	20.44
1972	65-69	0.02107	0.10040	2.67	80314	8064	382759	1337675	16.66
1972	70-74	0.03298	0.15296	2.63	72250	11052	335071	954916	13.22
1972	75-79	0.05511	0.24316	2.58	61199	14881	270011	619845	10.13
1972	80-84	0.09020	0.36954	2.56	46318	17116	189747	349834	7.55
1972	85-89	0.14572	0.52793	2.39	29202	15417	105794	160086	5.48
1972	90-94	0.22674	0.69385	2.2	13785	9565	42185	54292	3.94
1972	95-99	0.33116	0.82725	1.98	4220	3491	10542	12107	2.87
1972	100-104	0.45665	0.91394	1.72	729	666	1459	1565	2.15
1972	105-109	0.58852	0.95878	1.48	63	60	102	106	1.69
1972	110+	0.69263	1.00000	1.44	3	3	4	4	1.44
1973	0	0.01548	0.01527	0.1	100000	1527	98620	7505839	75.06
1973	1-4	0.00069	0.00276	1.63	98473	272	393247	7407219	75.22
1973	5-9	0.00031	0.00153	2.26	98201	150	490594	7013971	71.42
1973	10-14	0.00029	0.00144	2.53	98051	141	489906	6523378	66.53
1973	15-19	0.00061	0.00304	2.75	97910	297	488878	6033472	61.62
1973	20-24	0.00072	0.00360	2.38	97612	351	487141	5544594	56.80
1973	25-29	0.00078	0.00389	2.57	97261	379	485386	5057452	52.00
1973	30-34	0.00107	0.00535	2.62	96882	519	483178	4572067	47.19
1973	35-39	0.00168	0.00834	2.65	96364	804	479932	4088888	42.43
1973	40-44	0.00253	0.01258	2.67	95560	1202	474994	3608956	37.77
1973	45-49	0.00407	0.02016	2.69	94357	1902	467395	3133963	33.21
1973	50-54	0.00569	0.02806	2.66	92455	2594	456207	2666567	28.84
1973	55-59	0.00885	0.04334	2.64	89861	3895	440128	2210361	24.60
1973	60-64	0.01337	0.06482	2.65	85966	5573	416764	1770233	20.59
1973	65-69	0.02014	0.09614	2.63	80394	7729	383671	1353468	16.84
1973	70-74	0.03220	0.14954	2.62	72665	10866	337474	969797	13.35
1973	75-79	0.05395	0.23882	2.6	61799	14759	273547	632323	10.23
1973	80-84	0.08760	0.35998	2.53	47040	16933	193294	358776	7.63
1973	85-89	0.14551	0.52796	2.4	30107	15895	109239	165482	5.50
1973	90-94	0.22517	0.69062	2.2	14212	9815	43588	56243	3.96
1973	95-99	0.32982	0.82611	1.98	4397	3632	11013	12655	2.88
1973	100-104	0.45632	0.91389	1.72	765	699	1531	1642	2.15
1973	105-109	0.58936	0.95903	1.48	66	63	107	111	1.69
1973	110+	0.69432	1.00000	1.44	3	3	4	4	1.44
1974	0	0.01531	0.01510	0.1	100000	1510	98634	7559866	75.60
1974	1-4	0.00061	0.00243	1.64	98490	240	393393	7461232	75.76
1974	5-9	0.00027	0.00134	2.24	98250	131	490888	7067839	71.94
1974	10-14	0.00027	0.00136	2.68	98119	134	490283	6576951	67.03
1974	15-19	0.00056	0.00280	2.74	97985	275	489303	6086668	62.12
1974	20-24	0.00066	0.00329	2.55	97710	322	487764	5597365	57.29
1974	25-29	0.00074	0.00372	2.62	97388	362	486080	5109602	52.47
1974	30-34	0.00101	0.00504	2.63	97027	489	483973	4623522	47.65
1974	35-39	0.00155	0.00773	2.71	96537	746	480980	4139549	42.88
1974	40-44	0.00252	0.01254	2.74	95791	1202	476235	3658569	38.19
1974	45-49	0.00381	0.01887	2.68	94590	1785	468808	3182334	33.64
1974	50-54	0.00564	0.02784	2.66	92804	2583	457978	2713526	29.24
1974	55-59	0.00818	0.04014	2.64	90221	3621	442563	2255548	25.00
1974	60-64	0.01285	0.06236	2.63	86600	5400	420193	1812985	20.94
1974	65-69	0.01951	0.09326	2.65	81200	7573	388174	1392792	17.15
1974	70-74	0.03113	0.14500	2.64	73627	10676	342903	1004618	13.64
1974	75-79	0.05045	0.22516	2.61	62951	14174	280928	661715	10.51
1974	80-84	0.08480	0.35115	2.55	48777	17128	201997	380786	7.81
1974	85-89	0.14010	0.51468	2.42	31649	16289	116268	178790	5.65
1974	90-94	0.21696	0.67829	2.24	15360	10419	48021	62522	4.07
1974	95-99	0.32248	0.81900	2	4942	4047	12550	14501	2.93
1974	100-104	0.44870	0.91021	1.74	894	814	1814	1951	2.18
1974	105-109	0.58249	0.95747	1.49	80	77	132	137	1.71
1974	110+	0.68854	1.00000	1.45	3	3	5	5	1.45
1975	0	0.01460	0.01441	0.09	100000	1441	98695	7618259	76.18
1975	1-4	0.00062	0.00247	1.67	98559	244	393669	7519565	76.29
1975	5-9	0.00026	0.00131	2.41	98315	129	491243	7125895	72.48
1975	10-14	0.00025	0.00127	2.71	98187	125	490647	6634652	67.57
1975	15-19	0.00054	0.00270	2.74	98062	265	489710	6144005	62.65
1975	20-24	0.00068	0.00341	2.56	97797	334	488171	5654295	57.82
1975	25-29	0.00074	0.00370	2.61	97463	360	486455	5166124	53.01
1975	30-34	0.00098	0.00490	2.61	97103	476	484377	4679670	48.19
1975	35-39	0.00148	0.00740	2.66	96627	715	481463	4195292	43.42
1975	40-44	0.00238	0.01186	2.61	95912	1137	476848	3713830	38.72
1975	45-49	0.00356	0.01765	2.68	94775	1672	469994	3236982	34.15
1975	50-54	0.00542	0.02678	2.65	93103	2494	459657	2766987	29.72
1975	55-59	0.00819	0.04019	2.63	90609	3642	444404	2307330	25.46
1975	60-64	0.01222	0.05938	2.63	86967	5164	422583	1862926	21.42
1975	65-69	0.01887	0.09033	2.65	81803	7389	391642	1440343	17.61
1975	70-74	0.02916	0.13637	2.63	74414	10148	348061	1048701	14.09
1975	75-79	0.04815	0.21593	2.61	64266	13877	288209	700640	10.90
1975	80-84	0.07949	0.33247	2.54	50390	16753	210764	412432	8.18
1975	85-89	0.12886	0.48383	2.43	33637	16275	126293	201668	6.00
1975	90-94	0.20059	0.64865	2.28	17362	11262	56144	75374	4.34
1975	95-99	0.29707	0.79131	2.05	6100	4827	16249	19231	3.15
1975	100-104	0.41561	0.89161	1.8	1273	1135	2731	2982	2.34
1975	105-109	0.54508	0.94732	1.56	138	131	240	251	1.82
1975	110+	0.65020	1.00000	1.54	7	7	11	11	1.54
1976	0	0.01378	0.01361	0.09	100000	1361	98764	7644110	76.44
1976	1-4	0.00057	0.00228	1.64	98639	224	394027	7545346	76.49
1976	5-9	0.00028	0.00141	2.23	98415	139	491689	7151319	72.67
1976	10-14	0.00024	0.00119	2.61	98276	117	491101	6659630	67.76
1976	15-19	0.00056	0.00279	2.83	98159	273	490203	6168529	62.84
1976	20-24	0.00062	0.00309	2.51	97886	303	488676	5678326	58.01
1976	25-29	0.00072	0.00361	2.57	97583	352	487061	5189650	53.18
1976	30-34	0.00087	0.00434	2.69	97231	422	485179	4702589	48.37
1976	35-39	0.00133	0.00665	2.73	96809	644	482583	4217410	43.56
1976	40-44	0.00223	0.01111	2.71	96164	1068	478370	3734828	38.84
1976	45-49	0.00355	0.01759	2.67	95096	1673	471575	3256457	34.24
1976	50-54	0.00537	0.02650	2.62	93423	2476	461231	2784882	29.81
1976	55-59	0.00797	0.03912	2.64	90947	3558	446347	2323652	25.55
1976	60-64	0.01221	0.05931	2.62	87389	5183	424613	1877304	21.48
1976	65-69	0.01822	0.08733	2.64	82206	7179	394059	1452691	17.67
1976	70-74	0.02849	0.13339	2.62	75027	10008	351287	1058632	14.11
1976	75-79	0.04791	0.21489	2.6	65019	13972	291608	707346	10.88
1976	80-84	0.07828	0.32858	2.56	51047	16773	214273	415737	8.14
1976	85-89	0.13129	0.49047	2.42	34274	16811	128044	201464	5.88
1976	90-94	0.20762	0.66072	2.25	17464	11539	55576	73421	4.20
1976	95-99	0.31264	0.80928	2.02	5925	4795	15337	17845	3.01
1976	100-104	0.44042	0.90625	1.75	1130	1024	2325	2508	2.22
1976	105-109	0.57718	0.95635	1.5	106	101	176	182	1.72
1976	110+	0.68599	1.00000	1.46	5	5	7	7	1.46
1977	0	0.01286	0.01271	0.09	100000	1271	98842	7672948	76.73
1977	1-4	0.00059	0.00237	1.7	98729	234	394380	7574106	76.72
1977	5-9	0.00025	0.00126	2.37	98496	124	492151	7179726	72.89
1977	10-14	0.00023	0.00117	2.63	98371	115	491583	6687576	67.98
1977	15-19	0.00056	0.00281	2.72	98256	276	490652	6195992	63.06
1977	20-24	0.00060	0.00298	2.49	97980	292	489167	5705340	58.23
1977	25-29	0.00069	0.00342	2.53	97688	334	487616	5216173	53.40
1977	30-34	0.00090	0.00447	2.61	97354	435	485729	4728557	48.57
1977	35-39	0.00136	0.00677	2.67	96919	656	483067	4242828	43.78
1977	40-44	0.00219	0.01092	2.69	96263	1051	478884	3759761	39.06
1977	45-49	0.00344	0.01705	2.67	95212	1623	472285	3280877	34.46
1977	50-54	0.00531	0.02624	2.63	93589	2456	462127	2808592	30.01
1977	55-59	0.00791	0.03884	2.66	91133	3539	447400	2346465	25.75
1977	60-64	0.01195	0.05809	2.63	87594	5088	425901	1899065	21.68
1977	65-69	0.01823	0.08741	2.64	82506	7211	395536	1473164	17.86
1977	70-74	0.02809	0.13173	2.64	75294	9918	353073	1077628	14.31
1977	75-79	0.04582	0.20664	2.63	65376	13509	294850	724555	11.08
1977	80-84	0.07677	0.32323	2.56	51867	16765	218391	429705	8.28
1977	85-89	0.12671	0.47802	2.43	35102	16779	132420	211314	6.02
1977	90-94	0.20246	0.65271	2.28	18322	11959	59069	78893	4.31
1977	95-99	0.30075	0.79602	2.04	6363	5065	16842	19825	3.12
1977	100-104	0.42409	0.89704	1.78	1298	1164	2745	2983	2.30
1977	105-109	0.55806	0.95127	1.54	134	127	228	238	1.78
1977	110+	0.66604	1.00000	1.5	7	7	10	10	1.50
1978	0	0.01215	0.01201	0.09	100000	1201	98903	7688785	76.89
1978	1-4	0.00057	0.00229	1.56	98799	226	394643	7589882	76.82
1978	5-9	0.00028	0.00139	2.43	98573	137	492512	7195239	72.99
1978	10-14	0.00022	0.00110	2.71	98436	108	491931	6702727	68.09
1978	15-19	0.00056	0.00278	2.74	98327	273	491018	6210796	63.16
1978	20-24	0.00064	0.00319	2.52	98054	313	489493	5719777	58.33
1978	25-29	0.00065	0.00325	2.59	97741	318	487939	5230284	53.51
1978	30-34	0.00084	0.00421	2.65	97423	410	486149	4742346	48.68
1978	35-39	0.00130	0.00649	2.61	97013	630	483559	4256197	43.87
1978	40-44	0.00214	0.01067	2.68	96383	1029	479529	3772638	39.14
1978	45-49	0.00331	0.01643	2.67	95354	1567	473119	3293109	34.54
1978	50-54	0.00533	0.02632	2.65	93788	2468	463131	2819990	30.07
1978	55-59	0.00778	0.03819	2.65	91319	3488	448389	2356860	25.81
1978	60-64	0.01205	0.05858	2.63	87831	5145	426968	1908471	21.73
1978	65-69	0.01797	0.08620	2.65	82686	7128	396661	1481502	17.92
1978	70-74	0.02786	0.13071	2.64	75559	9876	354463	1084841	14.36
1978	75-79	0.04548	0.20493	2.59	65682	13460	295957	730378	11.12
1978	80-84	0.07626	0.32172	2.57	52222	16801	220319	434421	8.32
1978	85-89	0.12512	0.47352	2.43	35421	16773	134049	214102	6.04
1978	90-94	0.20326	0.65354	2.27	18648	12187	59960	80054	4.29
1978	95-99	0.30128	0.79674	2.04	6461	5148	17086	20094	3.11
1978	100-104	0.42572	0.89808	1.78	1313	1179	2770	3007	2.29
1978	105-109	0.56077	0.95206	1.53	134	127	227	237	1.77
1978	110+	0.66944	1.00000	1.49	6	6	10	10	1.49
1979	0	0.01200	0.01187	0.09	100000	1187	98916	7733446	77.33
1979	1-4	0.00053	0.00213	1.68	98813	211	394761	7634530	77.26
1979	5-9	0.00025	0.00127	2.24	98602	125	492665	7239769	73.42
1979	10-14	0.00023	0.00116	2.71	98477	114	492124	6747104	68.51
1979	15-19	0.00052	0.00260	2.68	98363	256	491223	6254979	63.59
1979	20-24	0.00062	0.00308	2.45	98108	303	489765	5763757	58.75
1979	25-29	0.00066	0.00328	2.51	97805	321	488228	5273991	53.92
1979	30-34	0.00081	0.00406	2.67	97484	396	486499	4785764	49.09
1979	35-39	0.00128	0.00640	2.68	97089	621	484003	4299264	44.28
1979	40-44	0.00199	0.00990	2.7	96467	955	480142	3815261	39.55
1979	45-49	0.00314	0.01557	2.62	95512	1488	474015	3335118	34.92
1979	50-54	0.00505	0.02495	2.66	94024	2346	464625	2861104	30.43
1979	55-59	0.00753	0.03701	2.65	91679	3393	450405	2396479	26.14
1979	60-64	0.01163	0.05660	2.66	88286	4997	429730	1946074	22.04
1979	65-69	0.01770	0.08490	2.62	83289	7071	399599	1516343	18.21
1979	70-74	0.02739	0.12857	2.62	76218	9800	357764	1116744	14.65
1979	75-79	0.04334	0.19621	2.59	66418	13032	300711	758980	11.43
1979	80-84	0.07345	0.31173	2.57	53386	16642	226567	458269	8.58
1979	85-89	0.11949	0.45734	2.44	36744	16804	140639	231702	6.31
1979	90-94	0.18747	0.62286	2.31	19940	12419	66249	91063	4.57
1979	95-99	0.28142	0.77271	2.08	7520	5811	20648	24814	3.30
1979	100-104	0.39791	0.88048	1.83	1709	1505	3782	4166	2.44
1979	105-109	0.52737	0.94190	1.59	204	192	365	384	1.88
1979	110+	0.63363	1.00000	1.58	12	12	19	19	1.58
1980	0	0.01155	0.01142	0.09	100000	1142	98955	7726744	77.27
1980	1-4	0.00053	0.00211	1.63	98858	209	394936	7627789	77.16
1980	5-9	0.00027	0.00133	2.34	98649	131	492895	7232853	73.32
1980	10-14	0.00023	0.00114	2.67	98517	113	492325	6739957	68.41
1980	15-19	0.00050	0.00252	2.67	98405	248	491446	6247633	63.49
1980	20-24	0.00058	0.00291	2.59	98157	286	490094	5756187	58.64
1980	25-29	0.00065	0.00327	2.53	97871	320	488565	5266092	53.81
1980	30-34	0.00084	0.00419	2.62	97551	408	486784	4777528	48.97
1980	35-39	0.00119	0.00596	2.71	97143	579	484387	4290744	44.17
1980	40-44	0.00196	0.00974	2.67	96564	941	480625	3806357	39.42
1980	45-49	0.00316	0.01570	2.67	95623	1501	474618	3325732	34.78
1980	50-54	0.00505	0.02495	2.65	94122	2348	465085	2851114	30.29
1980	55-59	0.00748	0.03675	2.64	91774	3373	450916	2386029	26.00
1980	60-64	0.01168	0.05681	2.63	88401	5022	430094	1935114	21.89
1980	65-69	0.01795	0.08608	2.62	83378	7177	399809	1505020	18.05
1980	70-74	0.02782	0.13047	2.62	76201	9942	357379	1105210	14.50
1980	75-79	0.04425	0.19999	2.6	66259	13251	299490	747832	11.29
1980	80-84	0.07434	0.31466	2.56	53008	16679	224371	448342	8.46
1980	85-89	0.12186	0.46530	2.46	36328	16904	138713	223971	6.17
1980	90-94	0.19688	0.63974	2.26	19425	12427	63118	85258	4.39
1980	95-99	0.29527	0.78991	2.06	6998	5528	18721	22139	3.16
1980	100-104	0.41871	0.89401	1.8	1470	1314	3139	3418	2.33
1980	105-109	0.55359	0.95009	1.54	156	148	267	279	1.79
1980	110+	0.66264	1.00000	1.51	8	8	12	12	1.51
1981	0	0.01120	0.01108	0.08	100000	1108	98985	7747269	77.47
1981	1-4	0.00051	0.00204	1.61	98892	201	395085	7648283	77.34
1981	5-9	0.00023	0.00115	2.31	98690	114	493145	7253198	73.49
1981	10-14	0.00021	0.00106	2.68	98576	105	492639	6760053	68.58
1981	15-19	0.00045	0.00224	2.8	98472	221	491873	6267415	63.65
1981	20-24	0.00055	0.00275	2.58	98251	271	490601	5775542	58.78
1981	25-29	0.00061	0.00306	2.59	97980	299	489180	5284941	53.94
1981	30-34	0.00082	0.00408	2.7	97681	399	487488	4795761	49.10
1981	35-39	0.00121	0.00604	2.78	97282	588	485108	4308273	44.29
1981	40-44	0.00194	0.00966	2.67	96695	934	481295	3823165	39.54
1981	45-49	0.00321	0.01591	2.7	95761	1524	475302	3341870	34.90
1981	50-54	0.00511	0.02525	2.63	94237	2379	465543	2866568	30.42
1981	55-59	0.00765	0.03756	2.64	91857	3450	451131	2401025	26.14
1981	60-64	0.01190	0.05786	2.64	88408	5115	429961	1949894	22.06
1981	65-69	0.01772	0.08502	2.61	83293	7081	399532	1519933	18.25
1981	70-74	0.02740	0.12854	2.6	76211	9797	357559	1120401	14.70
1981	75-79	0.04249	0.19266	2.58	66415	12795	301130	762842	11.49
1981	80-84	0.07204	0.30617	2.55	53619	16416	227894	461712	8.61
1981	85-89	0.11952	0.45752	2.44	37203	17021	142412	233818	6.28
1981	90-94	0.18950	0.62645	2.3	20182	12643	66716	91406	4.53
1981	95-99	0.28371	0.77579	2.08	7539	5849	20615	24690	3.28
1981	100-104	0.40256	0.88374	1.83	1690	1494	3711	4075	2.41
1981	105-109	0.53426	0.94422	1.58	197	186	347	364	1.85
1981	110+	0.64199	1.00000	1.56	11	11	17	17	1.56
1982	0	0.01057	0.01047	0.08	100000	1047	99039	7785262	77.85
1982	1-4	0.00045	0.00182	1.64	98953	180	395388	7686223	77.68
1982	5-9	0.00021	0.00106	2.38	98773	105	493590	7290835	73.81
1982	10-14	0.00019	0.00095	2.58	98668	94	493115	6797245	68.89
1982	15-19	0.00042	0.00211	2.82	98575	208	492421	6304130	63.95
1982	20-24	0.00051	0.00257	2.52	98367	253	491207	5811709	59.08
1982	25-29	0.00058	0.00292	2.57	98114	286	489876	5320502	54.23
1982	30-34	0.00076	0.00381	2.64	97828	373	488262	4830626	49.38
1982	35-39	0.00113	0.00563	2.71	97455	549	486018	4342364	44.56
1982	40-44	0.00179	0.00893	2.68	96907	865	482527	3856346	39.79
1982	45-49	0.00311	0.01543	2.68	96041	1482	476769	3373820	35.13
1982	50-54	0.00477	0.02357	2.64	94560	2229	467543	2897050	30.64
1982	55-59	0.00747	0.03673	2.68	92330	3392	453777	2429507	26.31
1982	60-64	0.01157	0.05634	2.67	88939	5011	433018	1975730	22.21
1982	65-69	0.01748	0.08393	2.64	83928	7044	403009	1542712	18.38
1982	70-74	0.02699	0.12678	2.62	76884	9747	361182	1139703	14.82
1982	75-79	0.04269	0.19361	2.6	67137	12999	304456	778521	11.60
1982	80-84	0.07088	0.30230	2.57	54138	16366	230882	474065	8.76
1982	85-89	0.11629	0.44892	2.46	37772	16957	145816	243183	6.44
1982	90-94	0.18247	0.61446	2.34	20816	12790	70093	97367	4.68
1982	95-99	0.27183	0.76033	2.1	8025	6102	22448	27273	3.40
1982	100-104	0.38543	0.87178	1.86	1923	1677	4350	4826	2.51
1982	105-109	0.51307	0.93699	1.61	247	231	450	476	1.93
1982	110+	0.61865	1.00000	1.62	16	16	25	25	1.62
1983	0	0.01014	0.01005	0.08	100000	1005	99077	7781606	77.82
1983	1-4	0.00047	0.00189	1.6	98995	187	395532	7682529	77.61
1983	5-9	0.00018	0.00091	2.26	98808	90	493793	7286998	73.75
1983	10-14	0.00021	0.00104	2.63	98718	102	493347	6793205	68.81
1983	15-19	0.00043	0.00215	2.73	98616	212	492597	6299858	63.88
1983	20-24	0.00051	0.00254	2.54	98404	250	491405	5807261	59.01
1983	25-29	0.00058	0.00289	2.62	98154	283	490097	5315857	54.16
1983	30-34	0.00076	0.00381	2.7	97871	373	488495	4825760	49.31
1983	35-39	0.00103	0.00511	2.63	97498	499	486310	4337266	44.49
1983	40-44	0.00176	0.00878	2.72	96999	852	483052	3850956	39.70
1983	45-49	0.00297	0.01475	2.7	96148	1418	477482	3367903	35.03
1983	50-54	0.00489	0.02418	2.64	94730	2290	468234	2890422	30.51
1983	55-59	0.00755	0.03708	2.68	92440	3428	454239	2422187	26.20
1983	60-64	0.01193	0.05801	2.65	89012	5164	432902	1967948	22.11
1983	65-69	0.01768	0.08487	2.64	83848	7116	402479	1535046	18.31
1983	70-74	0.02703	0.12704	2.63	76732	9748	360560	1132567	14.76
1983	75-79	0.04272	0.19387	2.62	66984	12986	303989	772007	11.53
1983	80-84	0.07097	0.30273	2.57	53998	16347	230341	468019	8.67
1983	85-89	0.11840	0.45500	2.46	37652	17132	144693	237678	6.31
1983	90-94	0.18827	0.62605	2.33	20520	12847	68236	92985	4.53
1983	95-99	0.28849	0.78207	2.07	7673	6001	20802	24749	3.23
1983	100-104	0.41185	0.89000	1.81	1672	1488	3614	3947	2.36
1983	105-109	0.54768	0.94849	1.55	184	174	319	333	1.81
1983	110+	0.65796	1.00000	1.52	9	9	14	14	1.52
1984	0	0.01000	0.00991	0.08	100000	991	99089	7799211	77.99
1984	1-4	0.00045	0.00181	1.58	99009	179	395603	7700122	77.77
1984	5-9	0.00021	0.00103	2.37	98830	102	493881	7304519	73.91
1984	10-14	0.00020	0.00099	2.72	98728	98	493416	6810638	68.98
1984	15-19	0.00044	0.00222	2.71	98630	219	492647	6317222	64.05
1984	20-24	0.00053	0.00264	2.51	98411	260	491407	5824575	59.19
1984	25-29	0.00058	0.00292	2.59	98150	286	490062	5333168	54.34
1984	30-34	0.00074	0.00371	2.63	97864	363	488458	4843106	49.49
1984	35-39	0.00115	0.00573	2.7	97501	559	486217	4354648	44.66
1984	40-44	0.00179	0.00890	2.72	96942	863	482739	3868432	39.90
1984	45-49	0.00294	0.01462	2.73	96079	1404	477211	3385692	35.24
1984	50-54	0.00466	0.02305	2.67	94674	2182	468293	2908481	30.72
1984	55-59	0.00739	0.03633	2.69	92492	3360	454701	2440188	26.38
1984	60-64	0.01175	0.05720	2.66	89132	5098	433749	1985487	22.28
1984	65-69	0.01714	0.08239	2.64	84034	6924	403848	1551737	18.47
1984	70-74	0.02660	0.12504	2.6	77110	9642	362446	1147889	14.89
1984	75-79	0.04216	0.19144	2.6	67468	12916	306378	785444	11.64
1984	80-84	0.06959	0.29784	2.58	54552	16248	233479	479065	8.78
1984	85-89	0.11587	0.44753	2.46	38304	17143	147943	245586	6.41
1984	90-94	0.18454	0.61665	2.31	21162	13049	70714	97643	4.61
1984	95-99	0.27903	0.77015	2.09	8112	6248	22391	26929	3.32
1984	100-104	0.39834	0.88114	1.84	1865	1643	4125	4538	2.43
1984	105-109	0.53124	0.94337	1.58	222	209	394	413	1.86
1984	110+	0.64020	1.00000	1.56	13	13	20	20	1.56
1985	0	0.00942	0.00934	0.08	100000	934	99140	7802234	78.02
1985	1-4	0.00041	0.00164	1.57	99066	162	395870	7703094	77.76
1985	5-9	0.00021	0.00105	2.26	98904	104	494235	7307224	73.88
1985	10-14	0.00021	0.00103	2.8	98800	101	493777	6812989	68.96
1985	15-19	0.00041	0.00207	2.66	98699	205	493015	6319213	64.03
1985	20-24	0.00050	0.00251	2.6	98494	248	491876	5826198	59.15
1985	25-29	0.00056	0.00279	2.55	98246	274	490559	5334322	54.30
1985	30-34	0.00075	0.00374	2.62	97972	366	488989	4843763	49.44
1985	35-39	0.00110	0.00548	2.67	97606	535	486784	4354774	44.62
1985	40-44	0.00172	0.00856	2.66	97071	831	483412	3867990	39.85
1985	45-49	0.00285	0.01418	2.71	96240	1365	478078	3384578	35.17
1985	50-54	0.00471	0.02331	2.67	94875	2211	469216	2906500	30.64
1985	55-59	0.00740	0.03638	2.66	92664	3371	455427	2437283	26.30
1985	60-64	0.01172	0.05705	2.65	89292	5094	434498	1981857	22.20
1985	65-69	0.01717	0.08248	2.63	84198	6944	404505	1547359	18.38
1985	70-74	0.02713	0.12747	2.63	77253	9848	362919	1142854	14.79
1985	75-79	0.04229	0.19204	2.61	67406	12944	306084	779935	11.57
1985	80-84	0.07016	0.29974	2.57	54461	16324	232665	473851	8.70
1985	85-89	0.11780	0.45268	2.44	38137	17264	146554	241186	6.32
1985	90-94	0.18855	0.62495	2.3	20873	13044	69183	94632	4.53
1985	95-99	0.28587	0.77883	2.08	7828	6097	21328	25448	3.25
1985	100-104	0.40820	0.88767	1.82	1731	1537	3765	4120	2.38
1985	105-109	0.54333	0.94719	1.56	194	184	339	355	1.82
1985	110+	0.65334	1.00000	1.53	10	10	16	16	1.53
1986	0	0.00946	0.00938	0.08	100000	938	99136	7799354	77.99
1986	1-4	0.00044	0.00177	1.53	99062	175	395815	7700218	77.73
1986	5-9	0.00017	0.00085	2.39	98887	84	494216	7304402	73.87
1986	10-14	0.00021	0.00103	2.72	98803	102	493785	6810186	68.93
1986	15-19	0.00044	0.00221	2.67	98702	218	492999	6316402	63.99
1986	20-24	0.00052	0.00258	2.54	98483	254	491792	5823402	59.13
1986	25-29	0.00056	0.00280	2.57	98229	275	490477	5331611	54.28
1986	30-34	0.00077	0.00385	2.62	97954	377	488874	4841134	49.42
1986	35-39	0.00107	0.00536	2.71	97577	523	486690	4352260	44.60
1986	40-44	0.00179	0.00891	2.73	97054	865	483311	3865571	39.83
1986	45-49	0.00287	0.01427	2.68	96189	1372	477767	3382260	35.16
1986	50-54	0.00474	0.02345	2.71	94817	2224	469001	2904492	30.63
1986	55-59	0.00721	0.03547	2.68	92594	3284	455337	2435491	26.30
1986	60-64	0.01189	0.05781	2.63	89310	5163	434331	1980154	22.17
1986	65-69	0.01751	0.08404	2.6	84147	7072	403765	1545823	18.37
1986	70-74	0.02701	0.12682	2.6	77075	9775	361964	1142058	14.82
1986	75-79	0.04182	0.19009	2.61	67300	12793	305919	780094	11.59
1986	80-84	0.06996	0.29894	2.57	54507	16294	232896	474175	8.70
1986	85-89	0.11776	0.45266	2.45	38213	17298	146896	241279	6.31
1986	90-94	0.18913	0.62528	2.29	20915	13078	69147	94383	4.51
1986	95-99	0.28895	0.78274	2.07	7837	6135	21231	25236	3.22
1986	100-104	0.41334	0.89101	1.81	1703	1517	3671	4005	2.35
1986	105-109	0.55020	0.94927	1.55	186	176	320	334	1.80
1986	110+	0.66115	1.00000	1.51	9	9	14	14	1.51
1987	0	0.00913	0.00905	0.08	100000	905	99166	7813184	78.13
1987	1-4	0.00048	0.00193	1.67	99095	191	395935	7714018	77.84
1987	5-9	0.00019	0.00094	2.42	98904	93	494280	7318083	73.99
1987	10-14	0.00018	0.00088	2.74	98811	87	493859	6823802	69.06
1987	15-19	0.00045	0.00224	2.68	98724	221	493107	6329943	64.12
1987	20-24	0.00052	0.00257	2.53	98503	254	491888	5836836	59.26
1987	25-29	0.00061	0.00304	2.62	98249	299	490534	5344948	54.40
1987	30-34	0.00079	0.00393	2.68	97950	385	488856	4854414	49.56
1987	35-39	0.00109	0.00543	2.68	97565	530	486597	4365559	44.75
1987	40-44	0.00170	0.00846	2.76	97035	821	483334	3878962	39.97
1987	45-49	0.00285	0.01415	2.75	96214	1362	478002	3395628	35.29
1987	50-54	0.00463	0.02293	2.69	94852	2175	469238	2917626	30.76
1987	55-59	0.00732	0.03600	2.67	92677	3336	455618	2448388	26.42
1987	60-64	0.01146	0.05577	2.65	89341	4983	434997	1992770	22.31
1987	65-69	0.01751	0.08404	2.61	84358	7090	404851	1557773	18.47
1987	70-74	0.02672	0.12567	2.64	77269	9711	363429	1152921	14.92
1987	75-79	0.04188	0.19038	2.61	67558	12862	307097	789492	11.69
1987	80-84	0.06798	0.29162	2.57	54696	15951	234644	482395	8.82
1987	85-89	0.11491	0.44519	2.47	38745	17249	150105	247752	6.39
1987	90-94	0.18804	0.62394	2.3	21496	13412	71325	97646	4.54
1987	95-99	0.28505	0.77813	2.08	8084	6290	22068	26322	3.26
1987	100-104	0.40953	0.88875	1.82	1794	1594	3892	4254	2.37
1987	105-109	0.54708	0.94843	1.56	200	189	346	362	1.81
1987	110+	0.65886	1.00000	1.52	10	10	16	16	1.52
1988	0	0.00953	0.00944	0.08	100000	944	99131	7810137	78.10
1988	1-4	0.00042	0.00168	1.66	99056	167	395833	7711006	77.85
1988	5-9	0.00021	0.00103	2.43	98889	102	494183	7315174	73.97
1988	10-14	0.00021	0.00105	2.72	98787	104	493699	6820990	69.05
1988	15-19	0.00048	0.00237	2.74	98683	234	492886	6327292	64.12
1988	20-24	0.00052	0.00261	2.53	98449	257	491609	5834406	59.26
1988	25-29	0.00061	0.00305	2.56	98192	300	490226	5342797	54.41
1988	30-34	0.00081	0.00406	2.59	97892	397	488502	4852571	49.57
1988	35-39	0.00116	0.00578	2.64	97495	563	486143	4364069	44.76
1988	40-44	0.00168	0.00835	2.66	96931	809	482763	3877926	40.01
1988	45-49	0.00272	0.01350	2.71	96122	1298	477633	3395163	35.32
1988	50-54	0.00467	0.02309	2.7	94824	2189	469087	2917529	30.77
1988	55-59	0.00735	0.03613	2.65	92635	3347	455318	2448442	26.43
1988	60-64	0.01123	0.05468	2.62	89288	4882	434838	1993124	22.32
1988	65-69	0.01708	0.08207	2.63	84406	6927	405579	1558286	18.46
1988	70-74	0.02655	0.12489	2.63	77479	9676	364496	1152707	14.88
1988	75-79	0.04124	0.18770	2.61	67803	12727	308588	788211	11.63
1988	80-84	0.06963	0.29772	2.57	55076	16397	235493	479623	8.71
1988	85-89	0.11716	0.45205	2.48	38679	17485	149247	244130	6.31
1988	90-94	0.19131	0.63175	2.31	21194	13389	69986	94883	4.48
1988	95-99	0.29196	0.78656	2.07	7805	6139	21026	24897	3.19
1988	100-104	0.41880	0.89448	1.8	1666	1490	3558	3870	2.32
1988	105-109	0.55776	0.95149	1.54	176	167	300	313	1.78
1988	110+	0.66987	1.00000	1.49	9	9	13	13	1.49
1989	0	0.01000	0.00991	0.08	100000	991	99089	7837415	78.37
1989	1-4	0.00043	0.00174	1.57	99009	172	395618	7738326	78.16
1989	5-9	0.00021	0.00104	2.46	98837	103	493924	7342708	74.29
1989	10-14	0.00022	0.00111	2.75	98734	110	493424	6848784	69.37
1989	15-19	0.00046	0.00229	2.59	98624	226	492577	6355360	64.44
1989	20-24	0.00049	0.00242	2.48	98399	239	491393	5862782	59.58
1989	25-29	0.00064	0.00319	2.56	98160	313	490038	5371389	54.72
1989	30-34	0.00078	0.00388	2.64	97847	379	488340	4881352	49.89
1989	35-39	0.00108	0.00537	2.64	97468	523	486106	4393012	45.07
1989	40-44	0.00164	0.00816	2.66	96945	791	482872	3906906	40.30
1989	45-49	0.00269	0.01336	2.71	96154	1285	477832	3424034	35.61
1989	50-54	0.00448	0.02218	2.67	94869	2104	469437	2946202	31.06
1989	55-59	0.00705	0.03466	2.64	92765	3215	456240	2476764	26.70
1989	60-64	0.01110	0.05410	2.67	89550	4845	436456	2020524	22.56
1989	65-69	0.01678	0.08071	2.64	84705	6837	407377	1584068	18.70
1989	70-74	0.02602	0.12255	2.63	77868	9543	366756	1176691	15.11
1989	75-79	0.04020	0.18332	2.6	68326	12525	311570	809934	11.85
1989	80-84	0.06718	0.28901	2.59	55800	16127	240061	498365	8.93
1989	85-89	0.11189	0.43731	2.5	39673	17350	155064	258303	6.51
1989	90-94	0.18252	0.61226	2.31	22324	13668	74885	103239	4.62
1989	95-99	0.28288	0.77561	2.09	8656	6714	23733	28354	3.28
1989	100-104	0.40804	0.88794	1.82	1942	1725	4227	4621	2.38
1989	105-109	0.54667	0.94838	1.56	218	206	378	395	1.81
1989	110+	0.65937	1.00000	1.52	11	11	17	17	1.52
1990	0	0.00946	0.00937	0.08	100000	937	99137	7857496	78.57
1990	1-4	0.00040	0.00161	1.6	99063	159	395869	7758359	78.32
1990	5-9	0.00019	0.00093	2.36	98904	92	494275	7362490	74.44
1990	10-14	0.00020	0.00100	2.85	98812	99	493845	6868215	69.51
1990	15-19	0.00046	0.00229	2.62	98713	226	493025	6374370	64.58
1990	20-24	0.00048	0.00239	2.46	98487	235	491838	5881345	59.72
1990	25-29	0.00061	0.00303	2.58	98252	298	490537	5389506	54.85
1990	30-34	0.00074	0.00367	2.61	97954	360	488908	4898970	50.01
1990	35-39	0.00106	0.00527	2.66	97594	515	486768	4410062	45.19
1990	40-44	0.00160	0.00796	2.64	97079	772	483575	3923294	40.41
1990	45-49	0.00269	0.01337	2.72	96307	1288	478593	3439720	35.72
1990	50-54	0.00432	0.02139	2.68	95019	2033	470387	2961126	31.16
1990	55-59	0.00704	0.03460	2.62	92987	3217	457277	2490739	26.79
1990	60-64	0.01101	0.05368	2.65	89769	4819	437518	2033463	22.65
1990	65-69	0.01683	0.08092	2.62	84951	6874	408390	1595945	18.79
1990	70-74	0.02542	0.11985	2.61	78077	9358	368053	1187555	15.21
1990	75-79	0.03998	0.18234	2.59	68719	12530	313419	819502	11.93
1990	80-84	0.06644	0.28611	2.58	56189	16076	241971	506083	9.01
1990	85-89	0.11017	0.43108	2.48	40113	17292	156960	264112	6.58
1990	90-94	0.17941	0.60519	2.31	22821	13811	76981	107152	4.70
1990	95-99	0.27576	0.76638	2.1	9010	6905	25041	30171	3.35
1990	100-104	0.39745	0.88089	1.84	2105	1854	4665	5131	2.44
1990	105-109	0.53346	0.94428	1.58	251	237	444	465	1.86
1990	110+	0.64494	1.00000	1.55	14	14	22	22	1.55
1991	0	0.00898	0.00891	0.08	100000	891	99179	7862666	78.63
1991	1-4	0.00045	0.00182	1.54	99109	180	395994	7763487	78.33
1991	5-9	0.00019	0.00097	2.35	98929	96	494393	7367493	74.47
1991	10-14	0.00016	0.00082	2.77	98834	81	493987	6873100	69.54
1991	15-19	0.00049	0.00244	2.65	98753	241	493198	6379113	64.60
1991	20-24	0.00048	0.00240	2.5	98512	236	491970	5885915	59.75
1991	25-29	0.00058	0.00290	2.7	98276	285	490723	5393945	54.89
1991	30-34	0.00077	0.00385	2.6	97990	377	489046	4903222	50.04
1991	35-39	0.00110	0.00549	2.63	97613	536	486798	4414176	45.22
1991	40-44	0.00161	0.00802	2.68	97077	779	483578	3927379	40.46
1991	45-49	0.00255	0.01269	2.7	96299	1222	478681	3443801	35.76
1991	50-54	0.00432	0.02140	2.7	95076	2034	470710	2965119	31.19
1991	55-59	0.00702	0.03455	2.68	93042	3215	457747	2494409	26.81
1991	60-64	0.01089	0.05310	2.66	89827	4770	437970	2036662	22.67
1991	65-69	0.01690	0.08124	2.63	85057	6910	408908	1598692	18.80
1991	70-74	0.02571	0.12112	2.62	78147	9465	368192	1189784	15.22
1991	75-79	0.03950	0.18040	2.6	68682	12390	313642	821593	11.96
1991	80-84	0.06587	0.28396	2.57	56292	15985	242657	507951	9.02
1991	85-89	0.10985	0.43016	2.48	40307	17339	157844	265293	6.58
1991	90-94	0.18045	0.60935	2.34	22969	13996	77559	107449	4.68
1991	95-99	0.27733	0.76855	2.1	8973	6896	24865	29890	3.33
1991	100-104	0.40058	0.88309	1.83	2077	1834	4578	5025	2.42
1991	105-109	0.53804	0.94577	1.57	243	230	427	447	1.84
1991	110+	0.65041	1.00000	1.54	13	13	20	20	1.54
1992	0	0.00880	0.00873	0.08	100000	873	99194	7900337	79.00
1992	1-4	0.00036	0.00142	1.53	99127	141	396159	7801143	78.70
1992	5-9	0.00017	0.00087	2.32	98986	86	494700	7404983	74.81
1992	10-14	0.00018	0.00092	2.76	98900	91	494297	6910284	69.87
1992	15-19	0.00042	0.00210	2.6	98809	207	493548	6415987	64.93
1992	20-24	0.00047	0.00233	2.54	98602	230	492446	5922439	60.06
1992	25-29	0.00057	0.00282	2.57	98372	278	491187	5429993	55.20
1992	30-34	0.00074	0.00368	2.67	98095	361	489631	4938806	50.35
1992	35-39	0.00105	0.00521	2.62	97733	509	487455	4449175	45.52
1992	40-44	0.00160	0.00796	2.65	97224	773	484303	3961720	40.75
1992	45-49	0.00252	0.01255	2.71	96451	1210	479487	3477417	36.05
1992	50-54	0.00418	0.02069	2.65	95240	1971	471575	2997930	31.48
1992	55-59	0.00667	0.03286	2.7	93270	3065	459284	2526355	27.09
1992	60-64	0.01036	0.05059	2.66	90205	4564	440351	2067071	22.92
1992	65-69	0.01658	0.07976	2.62	85641	6830	411972	1626720	18.99
1992	70-74	0.02555	0.12047	2.63	78810	9494	371550	1214747	15.41
1992	75-79	0.03827	0.17515	2.58	69316	12140	317209	843198	12.16
1992	80-84	0.06431	0.27844	2.59	57176	15920	247541	525989	9.20
1992	85-89	0.10621	0.41936	2.49	41256	17301	162893	278448	6.75
1992	90-94	0.17316	0.59373	2.35	23955	14223	82135	115555	4.82
1992	95-99	0.26755	0.75558	2.12	9732	7353	27485	33420	3.43
1992	100-104	0.38728	0.87391	1.86	2379	2079	5368	5936	2.50
1992	105-109	0.52244	0.94072	1.6	300	282	540	568	1.89
1992	110+	0.63398	1.00000	1.58	18	18	28	28	1.58
1993	0	0.00823	0.00817	0.08	100000	817	99245	7871025	78.71
1993	1-4	0.00040	0.00160	1.6	99183	159	396351	7771780	78.36
1993	5-9	0.00019	0.00097	2.43	99024	96	494872	7375429	74.48
1993	10-14	0.00017	0.00087	2.93	98928	86	494460	6880557	69.55
1993	15-19	0.00045	0.00226	2.68	98842	223	493691	6386096	64.61
1993	20-24	0.00047	0.00235	2.55	98618	232	492524	5892405	59.75
1993	25-29	0.00055	0.00277	2.52	98387	272	491258	5399881	54.88
1993	30-34	0.00080	0.00398	2.64	98114	391	489649	4908623	50.03
1993	35-39	0.00110	0.00549	2.63	97724	536	487345	4418974	45.22
1993	40-44	0.00166	0.00826	2.64	97187	802	484046	3931629	40.45
1993	45-49	0.00255	0.01268	2.72	96385	1222	479139	3447582	35.77
1993	50-54	0.00420	0.02082	2.69	95163	1981	471230	2968444	31.19
1993	55-59	0.00671	0.03305	2.72	93181	3080	458871	2497214	26.80
1993	60-64	0.01083	0.05278	2.64	90101	4755	439276	2038343	22.62
1993	65-69	0.01686	0.08110	2.64	85346	6921	410399	1599067	18.74
1993	70-74	0.02569	0.12104	2.61	78425	9493	369467	1188668	15.16
1993	75-79	0.03975	0.18133	2.59	68932	12499	314485	819200	11.88
1993	80-84	0.06637	0.28568	2.57	56433	16122	242920	504716	8.94
1993	85-89	0.11219	0.43735	2.48	40311	17630	157143	261795	6.49
1993	90-94	0.18275	0.61405	2.33	22681	13927	76208	104652	4.61
1993	95-99	0.28543	0.77896	2.08	8754	6819	23889	28445	3.25
1993	100-104	0.41273	0.89102	1.81	1935	1724	4177	4555	2.35
1993	105-109	0.55322	0.95035	1.55	211	200	362	378	1.79
1993	110+	0.66697	1.00000	1.5	10	10	16	16	1.50
1994	0	0.00807	0.00801	0.08	100000	801	99259	7878671	78.79
1994	1-4	0.00038	0.00154	1.61	99199	152	396430	7779412	78.42
1994	5-9	0.00016	0.00081	2.26	99046	80	495012	7382982	74.54
1994	10-14	0.00018	0.00089	2.79	98966	88	494637	6887969	69.60
1994	15-19	0.00045	0.00223	2.62	98878	220	493866	6393332	64.66
1994	20-24	0.00044	0.00222	2.57	98658	219	492757	5899466	59.80
1994	25-29	0.00055	0.00273	2.58	98439	268	491546	5406709	54.92
1994	30-34	0.00077	0.00387	2.6	98171	379	489944	4915163	50.07
1994	35-39	0.00111	0.00551	2.61	97791	539	487669	4425219	45.25
1994	40-44	0.00162	0.00806	2.67	97252	784	484433	3937550	40.49
1994	45-49	0.00261	0.01297	2.66	96468	1251	479416	3453118	35.80
1994	50-54	0.00419	0.02075	2.68	95217	1976	471495	2973702	31.23
1994	55-59	0.00668	0.03289	2.7	93241	3067	459154	2502207	26.84
1994	60-64	0.01079	0.05261	2.65	90174	4744	439713	2043053	22.66
1994	65-69	0.01666	0.08017	2.66	85430	6849	411124	1603340	18.77
1994	70-74	0.02581	0.12158	2.62	78581	9554	370134	1192216	15.17
1994	75-79	0.03948	0.18048	2.62	69027	12458	315537	822082	11.91
1994	80-84	0.06673	0.28691	2.56	56569	16230	243209	506546	8.95
1994	85-89	0.11058	0.43252	2.48	40339	17448	157787	263337	6.53
1994	90-94	0.18379	0.61522	2.31	22891	14083	76629	105550	4.61
1994	95-99	0.28207	0.77463	2.09	8808	6823	24189	28921	3.28
1994	100-104	0.40723	0.88745	1.82	1985	1762	4326	4732	2.38
1994	105-109	0.54599	0.94820	1.56	223	212	388	406	1.82
1994	110+	0.65886	1.00000	1.52	12	12	18	18	1.52
1995	0	0.00797	0.00791	0.08	100000	791	99269	7873074	78.73
1995	1-4	0.00039	0.00158	1.62	99209	157	396463	7773806	78.36
1995	5-9	0.00018	0.00090	2.39	99052	89	495030	7377342	74.48
1995	10-14	0.00018	0.00092	2.77	98964	91	494613	6882312	69.54
1995	15-19	0.00045	0.00226	2.66	98872	223	493839	6387699	64.61
1995	20-24	0.00049	0.00245	2.51	98649	242	492643	5893860	59.75
1995	25-29	0.00059	0.00294	2.66	98407	289	491358	5401217	54.89
1995	30-34	0.00074	0.00369	2.66	98118	362	489745	4909859	50.04
1995	35-39	0.00120	0.00600	2.64	97756	586	487397	4420114	45.22
1995	40-44	0.00163	0.00812	2.66	97170	789	484009	3932716	40.47
1995	45-49	0.00250	0.01242	2.68	96382	1197	479134	3448708	35.78
1995	50-54	0.00411	0.02033	2.68	95185	1935	471438	2969574	31.20
1995	55-59	0.00671	0.03302	2.66	93249	3079	459055	2498135	26.79
1995	60-64	0.01069	0.05214	2.65	90171	4701	439789	2039081	22.61
1995	65-69	0.01680	0.08082	2.66	85469	6907	411188	1599291	18.71
1995	70-74	0.02573	0.12117	2.6	78562	9519	369987	1188103	15.12
1995	75-79	0.03973	0.18149	2.62	69043	12531	315416	818117	11.85
1995	80-84	0.06683	0.28763	2.58	56512	16255	243227	502700	8.90
1995	85-89	0.11298	0.44010	2.49	40258	17717	156815	259473	6.45
1995	90-94	0.18570	0.61999	2.32	22540	13975	75254	102658	4.55
1995	95-99	0.29059	0.78537	2.07	8565	6727	23150	27404	3.20
1995	100-104	0.42055	0.89586	1.8	1838	1647	3916	4253	2.31
1995	105-109	0.56301	0.95310	1.53	191	182	324	337	1.76
1995	110+	0.67756	1.00000	1.48	9	9	13	13	1.48
1996	0	0.00777	0.00771	0.07	100000	771	99286	7894364	78.94
1996	1-4	0.00037	0.00148	1.63	99229	147	396567	7795078	78.56
1996	5-9	0.00016	0.00082	2.45	99082	82	495200	7398511	74.67
1996	10-14	0.00019	0.00094	2.74	99000	93	494790	6903311	69.73
1996	15-19	0.00044	0.00219	2.53	98907	216	494002	6408521	64.79
1996	20-24	0.00040	0.00201	2.57	98691	198	492972	5914519	59.93
1996	25-29	0.00058	0.00288	2.54	98493	284	491767	5421547	55.05
1996	30-34	0.00074	0.00372	2.71	98209	365	490211	4929780	50.20
1996	35-39	0.00113	0.00564	2.62	97844	552	487905	4439569	45.37
1996	40-44	0.00162	0.00809	2.66	97292	787	484620	3951664	40.62
1996	45-49	0.00256	0.01270	2.72	96505	1226	479727	3467044	35.93
1996	50-54	0.00402	0.01991	2.72	95279	1897	472076	2987317	31.35
1996	55-59	0.00633	0.03121	2.66	93382	2914	460082	2515241	26.93
1996	60-64	0.01062	0.05182	2.66	90468	4688	441382	2055159	22.72
1996	65-69	0.01632	0.07858	2.64	85780	6741	412978	1613777	18.81
1996	70-74	0.02530	0.11925	2.6	79039	9425	372602	1200799	15.19
1996	75-79	0.03950	0.18047	2.61	69614	12563	318094	828197	11.90
1996	80-84	0.06642	0.28585	2.56	57050	16308	245512	510102	8.94
1996	85-89	0.11097	0.43406	2.49	40742	17685	159369	264590	6.49
1996	90-94	0.18567	0.61923	2.31	23058	14278	76900	105221	4.56
1996	95-99	0.28781	0.78199	2.08	8780	6866	23855	28321	3.23
1996	100-104	0.41679	0.89359	1.8	1914	1710	4104	4465	2.33
1996	105-109	0.55867	0.95191	1.54	204	194	347	362	1.78
1996	110+	0.67311	1.00000	1.49	10	10	15	15	1.49
1997	0	0.00746	0.00741	0.07	100000	741	99314	7920416	79.20
1997	1-4	0.00028	0.00112	1.64	99259	111	396774	7821102	78.79
1997	5-9	0.00016	0.00078	2.18	99148	77	495522	7424328	74.88
1997	10-14	0.00017	0.00087	2.74	99071	87	495158	6928806	69.94
1997	15-19	0.00040	0.00201	2.71	98984	199	494465	6433648	65.00
1997	20-24	0.00043	0.00217	2.47	98785	215	493381	5939183	60.12
1997	25-29	0.00054	0.00270	2.57	98570	266	492204	5445802	55.25
1997	30-34	0.00071	0.00354	2.59	98304	348	490683	4953597	50.39
1997	35-39	0.00107	0.00533	2.66	97956	523	488561	4462914	45.56
1997	40-44	0.00161	0.00800	2.62	97434	779	485316	3974353	40.79
1997	45-49	0.00248	0.01231	2.71	96655	1190	480550	3489037	36.10
1997	50-54	0.00395	0.01959	2.69	95465	1870	473011	3008486	31.51
1997	55-59	0.00644	0.03170	2.66	93594	2967	461037	2535475	27.09
1997	60-64	0.01042	0.05086	2.68	90627	4609	442455	2074438	22.89
1997	65-69	0.01593	0.07675	2.64	86018	6602	414533	1631983	18.97
1997	70-74	0.02484	0.11724	2.61	79416	9311	374796	1217450	15.33
1997	75-79	0.03853	0.17647	2.62	70105	12372	321138	842654	12.02
1997	80-84	0.06447	0.27885	2.58	57734	16099	249714	521517	9.03
1997	85-89	0.10936	0.42910	2.49	41634	17865	163360	271803	6.53
1997	90-94	0.18512	0.61886	2.32	23769	14710	79462	108443	4.56
1997	95-99	0.29030	0.78542	2.08	9059	7115	24510	28981	3.20
1997	100-104	0.42319	0.89770	1.79	1944	1745	4124	4471	2.30
1997	105-109	0.56873	0.95475	1.52	199	190	334	347	1.74
1997	110+	0.68529	1.00000	1.46	9	9	13	13	1.46
1998	0	0.00762	0.00757	0.07	100000	757	99300	7913831	79.14
1998	1-4	0.00030	0.00122	1.59	99243	121	396681	7814531	78.74
1998	5-9	0.00015	0.00074	2.42	99122	74	495423	7417850	74.84
1998	10-14	0.00017	0.00084	2.63	99049	83	495047	6922427	69.89
1998	15-19	0.00039	0.00193	2.72	98966	191	494392	6427380	64.95
1998	20-24	0.00042	0.00212	2.63	98774	209	493377	5932988	60.07
1998	25-29	0.00051	0.00254	2.55	98565	250	492213	5439610	55.19
1998	30-34	0.00073	0.00363	2.68	98315	357	490746	4947397	50.32
1998	35-39	0.00111	0.00554	2.69	97958	543	488539	4456651	45.50
1998	40-44	0.00166	0.00826	2.66	97415	804	485196	3968112	40.73
1998	45-49	0.00249	0.01237	2.67	96611	1195	480276	3482915	36.05
1998	50-54	0.00383	0.01900	2.69	95416	1813	472887	3002639	31.47
1998	55-59	0.00630	0.03102	2.67	93603	2904	461248	2529752	27.03
1998	60-64	0.01036	0.05058	2.66	90699	4587	442753	2068504	22.81
1998	65-69	0.01599	0.07704	2.64	86112	6634	414893	1625751	18.88
1998	70-74	0.02530	0.11938	2.64	79479	9488	375034	1210858	15.24
1998	75-79	0.03822	0.17502	2.59	69990	12250	320480	835824	11.94
1998	80-84	0.06630	0.28556	2.57	57740	16489	248688	515344	8.93
1998	85-89	0.11159	0.43599	2.49	41252	17986	161176	266656	6.46
1998	90-94	0.18709	0.62322	2.32	23266	14500	77503	105480	4.53
1998	95-99	0.29132	0.78638	2.07	8766	6894	23663	27977	3.19
1998	100-104	0.42248	0.89709	1.79	1873	1680	3976	4314	2.30
1998	105-109	0.56604	0.95395	1.53	193	184	325	338	1.75
1998	110+	0.68124	1.00000	1.47	9	9	13	13	1.47
1999	0	0.00727	0.00722	0.07	100000	722	99331	7894354	78.94
1999	1-4	0.00034	0.00134	1.62	99278	133	396793	7795024	78.52
1999	5-9	0.00016	0.00079	2.37	99144	78	495515	7398231	74.62
1999	10-14	0.00016	0.00078	2.54	99066	77	495141	6902716	69.68
1999	15-19	0.00040	0.00200	2.66	98989	198	494483	6407575	64.73
1999	20-24	0.00044	0.00219	2.45	98791	216	493406	5913092	59.85
1999	25-29	0.00052	0.00261	2.51	98575	258	492235	5419686	54.98
1999	30-34	0.00072	0.00362	2.64	98318	356	490750	4927451	50.12
1999	35-39	0.00108	0.00539	2.71	97962	528	488600	4436701	45.29
1999	40-44	0.00168	0.00839	2.7	97434	818	485286	3948101	40.52
1999	45-49	0.00253	0.01260	2.62	96616	1217	480185	3462815	35.84
1999	50-54	0.00390	0.01932	2.7	95399	1843	472763	2982630	31.26
1999	55-59	0.00643	0.03166	2.68	93557	2962	460897	2509868	26.83
1999	60-64	0.01051	0.05130	2.68	90594	4647	442187	2048971	22.62
1999	65-69	0.01625	0.07824	2.63	85947	6725	413792	1606785	18.70
1999	70-74	0.02530	0.11934	2.64	79222	9455	373774	1192993	15.06
1999	75-79	0.03974	0.18152	2.62	69768	12664	318688	819219	11.74
1999	80-84	0.06688	0.28763	2.57	57104	16425	245571	500531	8.77
1999	85-89	0.11644	0.45029	2.48	40679	18318	157317	254960	6.27
1999	90-94	0.19577	0.64050	2.3	22362	14322	73158	97643	4.37
1999	95-99	0.30744	0.80522	2.04	8039	6473	21055	24485	3.05
1999	100-104	0.44615	0.91033	1.75	1566	1425	3195	3430	2.19
1999	105-109	0.59460	0.96099	1.48	140	135	227	235	1.67
1999	110+	0.71105	1.00000	1.41	5	5	8	8	1.41
2000	0	0.00740	0.00735	0.07	100000	735	99319	7906498	79.06
2000	1-4	0.00029	0.00117	1.54	99265	116	396774	7807179	78.65
2000	5-9	0.00013	0.00063	2.34	99149	63	495578	7410405	74.74
2000	10-14	0.00016	0.00081	2.76	99086	80	495253	6914827	69.79
2000	15-19	0.00040	0.00198	2.64	99006	196	494570	6419574	64.84
2000	20-24	0.00044	0.00221	2.5	98811	218	493508	5925004	59.96
2000	25-29	0.00051	0.00253	2.63	98592	249	492373	5431497	55.09
2000	30-34	0.00074	0.00368	2.62	98343	362	490856	4939124	50.22
2000	35-39	0.00109	0.00543	2.67	97982	532	488670	4448267	45.40
2000	40-44	0.00175	0.00874	2.67	97450	852	485261	3959597	40.63
2000	45-49	0.00248	0.01234	2.64	96598	1192	480181	3474337	35.97
2000	50-54	0.00389	0.01928	2.65	95406	1839	472713	2994156	31.38
2000	55-59	0.00623	0.03070	2.69	93567	2873	461190	2521443	26.95
2000	60-64	0.01018	0.04973	2.69	90694	4510	443057	2060253	22.72
2000	65-69	0.01613	0.07766	2.61	86184	6693	414932	1617196	18.76
2000	70-74	0.02502	0.11807	2.61	79491	9386	375054	1202264	15.12
2000	75-79	0.03932	0.17973	2.62	70105	12600	320478	827210	11.80
2000	80-84	0.06667	0.28684	2.57	57506	16495	247431	506732	8.81
2000	85-89	0.11430	0.44376	2.48	41010	18199	159220	259301	6.32
2000	90-94	0.19480	0.63905	2.31	22812	14578	74837	100080	4.39
2000	95-99	0.30508	0.80263	2.05	8234	6609	21662	25243	3.07
2000	100-104	0.44324	0.90884	1.75	1625	1477	3332	3581	2.20
2000	105-109	0.59156	0.96031	1.48	148	142	240	249	1.68
2000	110+	0.70821	1.00000	1.41	6	6	8	8	1.41
2001	0	0.00701	0.00696	0.07	100000	696	99354	7929934	79.30
2001	1-4	0.00029	0.00117	1.6	99304	116	396935	7830580	78.85
2001	5-9	0.00013	0.00066	2.46	99187	65	495770	7433645	74.95
2001	10-14	0.00014	0.00072	2.82	99122	71	495454	6937875	69.99
2001	15-19	0.00036	0.00179	2.82	99051	178	494865	6442421	65.04
2001	20-24	0.00044	0.00221	2.53	98873	219	493826	5947556	60.15
2001	25-29	0.00049	0.00246	2.71	98654	243	492717	5453730	55.28
2001	30-34	0.00073	0.00365	2.6	98412	360	491195	4961013	50.41
2001	35-39	0.00110	0.00548	2.7	98052	538	489021	4469818	45.59
2001	40-44	0.00170	0.00846	2.65	97514	825	485633	3980797	40.82
2001	45-49	0.00259	0.01287	2.63	96689	1244	480496	3495164	36.15
2001	50-54	0.00390	0.01931	2.7	95445	1843	472984	3014668	31.59
2001	55-59	0.00624	0.03076	2.73	93601	2879	461485	2541684	27.15
2001	60-64	0.00999	0.04881	2.67	90722	4428	443280	2080199	22.93
2001	65-69	0.01541	0.07434	2.65	86294	6415	416396	1636919	18.97
2001	70-74	0.02412	0.11413	2.64	79879	9117	377918	1220523	15.28
2001	75-79	0.03849	0.17628	2.61	70763	12474	324057	842605	11.91
2001	80-84	0.06530	0.28212	2.59	58288	16444	251823	518549	8.90
2001	85-89	0.11308	0.44058	2.5	41844	18436	163041	266726	6.37
2001	90-94	0.19183	0.63396	2.33	23408	14840	77361	103685	4.43
2001	95-99	0.30419	0.80184	2.05	8568	6871	22587	26324	3.07
2001	100-104	0.44367	0.90920	1.75	1698	1544	3480	3738	2.20
2001	105-109	0.59347	0.96081	1.48	154	148	250	258	1.67
2001	110+	0.71106	1.00000	1.41	6	6	8	8	1.41
2002	0	0.00709	0.00704	0.07	100000	704	99347	7929061	79.29
2002	1-4	0.00024	0.00096	1.64	99296	95	396958	7829714	78.85
2002	5-9	0.00013	0.00067	2.46	99200	66	495834	7432756	74.93
2002	10-14	0.00014	0.00071	2.72	99134	70	495509	6936922	69.98
2002	15-19	0.00037	0.00183	2.63	99064	182	494887	6441413	65.02
2002	20-24	0.00044	0.00219	2.56	98882	217	493879	5946526	60.14
2002	25-29	0.00053	0.00262	2.62	98665	259	492708	5452647	55.26
2002	30-34	0.00071	0.00353	2.62	98406	347	491206	4959939	50.40
2002	35-39	0.00109	0.00542	2.76	98059	531	489105	4468733	45.57
2002	40-44	0.00177	0.00883	2.71	97528	861	485663	3979628	40.81
2002	45-49	0.00261	0.01298	2.66	96666	1254	480391	3493965	36.14
2002	50-54	0.00391	0.01939	2.71	95412	1850	472816	3013574	31.58
2002	55-59	0.00620	0.03056	2.69	93562	2859	461206	2540758	27.16
2002	60-64	0.00981	0.04794	2.67	90702	4348	443399	2079552	22.93
2002	65-69	0.01550	0.07479	2.68	86354	6458	416757	1636154	18.95
2002	70-74	0.02420	0.11442	2.62	79896	9142	377758	1219396	15.26
2002	75-79	0.03812	0.17465	2.6	70754	12357	324161	841638	11.90
2002	80-84	0.06539	0.28236	2.58	58397	16489	252151	517477	8.86
2002	85-89	0.11422	0.44408	2.5	41908	18610	162942	265325	6.33
2002	90-94	0.19405	0.63769	2.31	23298	14857	76562	102384	4.39
2002	95-99	0.30572	0.80353	2.05	8441	6783	22186	25822	3.06
2002	100-104	0.44556	0.91017	1.75	1658	1509	3388	3636	2.19
2002	105-109	0.59542	0.96124	1.48	149	143	241	249	1.67
2002	110+	0.71287	1.00000	1.4	6	6	8	8	1.40
2003	0	0.00712	0.00707	0.07	100000	707	99345	7948021	79.48
2003	1-4	0.00026	0.00105	1.56	99293	104	396918	7848676	79.05
2003	5-9	0.00012	0.00060	2.55	99189	59	495798	7451758	75.13
2003	10-14	0.00013	0.00066	2.6	99129	66	495489	6955960	70.17
2003	15-19	0.00036	0.00178	2.79	99064	176	494928	6460471	65.22
2003	20-24	0.00047	0.00233	2.5	98887	231	493860	5965543	60.33
2003	25-29	0.00051	0.00256	2.57	98656	252	492670	5471683	55.46
2003	30-34	0.00073	0.00363	2.59	98404	357	491161	4979014	50.60
2003	35-39	0.00108	0.00536	2.72	98047	526	489038	4487852	45.77
2003	40-44	0.00170	0.00846	2.64	97521	826	485657	3998815	41.00
2003	45-49	0.00259	0.01285	2.66	96696	1242	480573	3513158	36.33
2003	50-54	0.00387	0.01916	2.67	95453	1829	473005	3032585	31.77
2003	55-59	0.00602	0.02970	2.7	93624	2781	461736	2559580	27.34
2003	60-64	0.00964	0.04713	2.66	90843	4281	444182	2097843	23.09
2003	65-69	0.01496	0.07225	2.63	86562	6254	417978	1653662	19.10
2003	70-74	0.02353	0.11137	2.61	80308	8944	380153	1235683	15.39
2003	75-79	0.03752	0.17217	2.61	71363	12287	327478	855530	11.99
2003	80-84	0.06390	0.27687	2.59	59077	16357	255981	528052	8.94
2003	85-89	0.11243	0.43903	2.51	42720	18756	166816	272071	6.37
2003	90-94	0.19365	0.63641	2.31	23964	15251	78758	105255	4.39
2003	95-99	0.30761	0.80594	2.05	8713	7022	22829	26497	3.04
2003	100-104	0.45055	0.91292	1.74	1691	1544	3426	3669	2.17
2003	105-109	0.60310	0.96300	1.47	147	142	235	243	1.65
2003	110+	0.72182	1.00000	1.39	5	5	8	8	1.39
2004	0	0.00688	0.00684	0.07	100000	684	99365	7983015	79.83
2004	1-4	0.00028	0.00110	1.5	99316	110	396989	7883649	79.38
2004	5-9	0.00012	0.00059	2.34	99206	59	495875	7486660	75.47
2004	10-14	0.00016	0.00078	2.79	99147	77	495566	6990785	70.51
2004	15-19	0.00038	0.00189	2.76	99070	187	494933	6495219	65.56
2004	20-24	0.00043	0.00216	2.6	98883	213	493905	6000286	60.68
2004	25-29	0.00048	0.00242	2.61	98670	239	492778	5506381	55.81
2004	30-34	0.00070	0.00348	2.61	98431	343	491335	5013603	50.94
2004	35-39	0.00107	0.00532	2.69	98088	522	489238	4522267	46.10
2004	40-44	0.00166	0.00828	2.68	97567	808	485962	4033029	41.34
2004	45-49	0.00264	0.01311	2.67	96759	1268	480844	3547068	36.66
2004	50-54	0.00367	0.01818	2.64	95491	1736	473354	3066224	32.11
2004	55-59	0.00582	0.02870	2.67	93755	2691	462499	2592870	27.66
2004	60-64	0.00933	0.04565	2.69	91065	4157	445716	2130371	23.39
2004	65-69	0.01476	0.07132	2.65	86907	6199	419940	1684655	19.38
2004	70-74	0.02284	0.10837	2.64	80709	8746	382861	1264714	15.67
2004	75-79	0.03623	0.16671	2.61	71963	11997	331167	881853	12.25
2004	80-84	0.06088	0.26579	2.61	59966	15938	261781	550687	9.18
2004	85-89	0.10697	0.42315	2.53	44028	18630	174162	288906	6.56
2004	90-94	0.18666	0.62413	2.35	25398	15851	84922	114744	4.52
2004	95-99	0.29787	0.79521	2.07	9546	7591	25485	29822	3.12
2004	100-104	0.43976	0.90753	1.76	1955	1774	4034	4337	2.22
2004	105-109	0.59307	0.96090	1.48	181	174	293	303	1.68
2004	110+	0.71342	1.00000	1.4	7	7	10	10	1.40
2005	0	0.00704	0.00700	0.07	100000	700	99351	7976480	79.76
2005	1-4	0.00027	0.00106	1.55	99300	106	396943	7877128	79.33
2005	5-9	0.00015	0.00073	2.48	99195	72	495792	7480185	75.41
2005	10-14	0.00013	0.00065	2.73	99123	65	495466	6984393	70.46
2005	15-19	0.00034	0.00172	2.87	99058	170	494926	6488926	65.51
2005	20-24	0.00044	0.00222	2.55	98888	220	493901	5994000	60.61
2005	25-29	0.00057	0.00285	2.62	98668	281	492673	5500099	55.74
2005	30-34	0.00071	0.00355	2.61	98387	349	491103	5007426	50.90
2005	35-39	0.00111	0.00554	2.69	98038	543	488937	4516323	46.07
2005	40-44	0.00171	0.00851	2.74	97496	830	485604	4027385	41.31
2005	45-49	0.00261	0.01299	2.67	96666	1256	480399	3541782	36.64
2005	50-54	0.00380	0.01884	2.58	95409	1797	472703	3061382	32.09
2005	55-59	0.00563	0.02777	2.67	93612	2599	462002	2588680	27.65
2005	60-64	0.00930	0.04553	2.68	91013	4144	445435	2126678	23.37
2005	65-69	0.01430	0.06916	2.65	86869	6008	420237	1681243	19.35
2005	70-74	0.02286	0.10845	2.63	80861	8769	383548	1261006	15.59
2005	75-79	0.03644	0.16763	2.62	72092	12085	331650	877458	12.17
2005	80-84	0.06114	0.26659	2.6	60007	15998	261635	545808	9.10
2005	85-89	0.11021	0.43239	2.51	44009	19029	172661	284173	6.46
2005	90-94	0.18895	0.62837	2.34	24980	15697	83072	111513	4.46
2005	95-99	0.30474	0.80309	2.06	9283	7455	24465	28440	3.06
2005	100-104	0.44934	0.91252	1.75	1828	1668	3712	3975	2.17
2005	105-109	0.60402	0.96329	1.47	160	154	255	263	1.65
2005	110+	0.72426	1.00000	1.38	6	6	8	8	1.38
2006	0	0.00688	0.00683	0.07	100000	683	99366	8006544	80.07
2006	1-4	0.00027	0.00106	1.55	99317	105	397008	7907178	79.62
2006	5-9	0.00013	0.00066	2.34	99211	65	495884	7510170	75.70
2006	10-14	0.00012	0.00061	2.72	99146	61	495593	7014286	70.75
2006	15-19	0.00032	0.00159	2.76	99085	157	495075	6518693	65.79
2006	20-24	0.00045	0.00225	2.57	98928	223	494098	6023618	60.89
2006	25-29	0.00056	0.00280	2.56	98705	276	492851	5529521	56.02
2006	30-34	0.00068	0.00340	2.61	98429	334	491345	5036669	51.17
2006	35-39	0.00103	0.00513	2.72	98094	503	489326	4545324	46.34
2006	40-44	0.00167	0.00831	2.7	97591	811	486091	4055998	41.56
2006	45-49	0.00263	0.01308	2.67	96780	1266	480944	3569907	36.89
2006	50-54	0.00379	0.01878	2.63	95514	1794	473317	3088963	32.34
2006	55-59	0.00574	0.02832	2.68	93720	2654	462456	2615645	27.91
2006	60-64	0.00883	0.04328	2.69	91066	3941	446245	2153189	23.64
2006	65-69	0.01392	0.06737	2.63	87125	5870	421694	1706945	19.59
2006	70-74	0.02235	0.10616	2.63	81255	8626	385863	1285250	15.82
2006	75-79	0.03539	0.16328	2.63	72630	11859	335081	899387	12.38
2006	80-84	0.05974	0.26115	2.59	60771	15870	265656	564306	9.29
2006	85-89	0.10389	0.41322	2.53	44901	18554	178597	298650	6.65
2006	90-94	0.18486	0.61910	2.33	26347	16311	88237	120053	4.56
2006	95-99	0.29269	0.78919	2.08	10035	7920	27059	31816	3.17
2006	100-104	0.43330	0.90407	1.78	2116	1913	4414	4758	2.25
2006	105-109	0.58629	0.95937	1.49	203	195	332	344	1.69
2006	110+	0.70710	1.00000	1.41	8	8	12	12	1.41
2007	0	0.00683	0.00679	0.07	100000	679	99370	8028992	80.29
2007	1-4	0.00023	0.00094	1.45	99321	93	397048	7929622	79.84
2007	5-9	0.00011	0.00056	2.51	99228	55	496002	7532574	75.91
2007	10-14	0.00013	0.00067	2.78	99173	66	495715	7036572	70.95
2007	15-19	0.00033	0.00165	2.79	99106	164	495168	6540857	66.00
2007	20-24	0.00045	0.00227	2.62	98942	225	494177	6045689	61.10
2007	25-29	0.00056	0.00280	2.64	98717	277	492933	5551512	56.24
2007	30-34	0.00071	0.00354	2.67	98441	348	491393	5058579	51.39
2007	35-39	0.00098	0.00489	2.61	98092	479	489317	4567187	46.56
2007	40-44	0.00166	0.00825	2.67	97613	806	486188	4077869	41.78
2007	45-49	0.00258	0.01284	2.67	96807	1243	481134	3591681	37.10
2007	50-54	0.00388	0.01921	2.61	95564	1835	473430	3110547	32.55
2007	55-59	0.00551	0.02722	2.66	93729	2552	462675	2637117	28.14
2007	60-64	0.00880	0.04313	2.68	91177	3932	446743	2174442	23.85
2007	65-69	0.01365	0.06611	2.64	87245	5768	422594	1727699	19.80
2007	70-74	0.02166	0.10302	2.64	81477	8394	387547	1305105	16.02
2007	75-79	0.03438	0.15891	2.63	73083	11613	337843	917558	12.55
2007	80-84	0.05788	0.25411	2.6	61470	15620	269889	579714	9.43
2007	85-89	0.10159	0.40591	2.53	45850	18611	183201	309826	6.76
2007	90-94	0.17929	0.60732	2.34	27239	16543	92271	126625	4.65
2007	95-99	0.28808	0.78382	2.09	10696	8384	29102	34354	3.21
2007	100-104	0.42856	0.90155	1.79	2312	2085	4864	5253	2.27
2007	105-109	0.58227	0.95848	1.5	228	218	375	388	1.71
2007	110+	0.70407	1.00000	1.42	9	9	13	13	1.42
2008	0	0.00665	0.00661	0.07	100000	661	99386	8020459	80.20
2008	1-4	0.00025	0.00101	1.53	99339	101	397108	7921072	79.74
2008	5-9	0.00011	0.00055	2.41	99238	55	496051	7523964	75.82
2008	10-14	0.00013	0.00064	2.67	99184	63	495772	7027913	70.86
2008	15-19	0.00031	0.00153	2.8	99121	152	495269	6532142	65.90
2008	20-24	0.00044	0.00221	2.47	98969	219	494291	6036873	61.00
2008	25-29	0.00054	0.00271	2.62	98750	268	493114	5542581	56.13
2008	30-34	0.00068	0.00341	2.61	98482	336	491611	5049467	51.27
2008	35-39	0.00103	0.00512	2.7	98147	502	489579	4557857	46.44
2008	40-44	0.00165	0.00821	2.64	97645	802	486331	4068278	41.66
2008	45-49	0.00267	0.01325	2.65	96843	1283	481203	3581946	36.99
2008	50-54	0.00386	0.01914	2.64	95560	1829	473485	3100743	32.45
2008	55-59	0.00553	0.02729	2.63	93732	2558	462607	2627259	28.03
2008	60-64	0.00877	0.04296	2.69	91174	3916	446806	2164652	23.74
2008	65-69	0.01392	0.06738	2.66	87257	5880	422505	1717846	19.69
2008	70-74	0.02198	0.10444	2.62	81378	8499	386662	1295340	15.92
2008	75-79	0.03477	0.16060	2.63	72879	11704	336613	908678	12.47
2008	80-84	0.05811	0.25532	2.63	61175	15619	268782	572065	9.35
2008	85-89	0.10314	0.41075	2.52	45555	18712	181428	303283	6.66
2008	90-94	0.18455	0.61975	2.35	26844	16636	90145	121855	4.54
2008	95-99	0.29941	0.79757	2.07	10207	8141	27190	31710	3.11
2008	100-104	0.44628	0.91131	1.75	2066	1883	4219	4521	2.19
2008	105-109	0.60419	0.96348	1.47	183	177	292	301	1.64
2008	110+	0.72683	1.00000	1.38	7	7	9	9	1.38
2009	0	0.00649	0.00646	0.07	100000	646	99400	8058258	80.58
2009	1-4	0.00024	0.00095	1.48	99354	94	397181	7958858	80.11
2009	5-9	0.00012	0.00059	2.5	99260	58	496156	7561677	76.18
2009	10-14	0.00014	0.00069	2.53	99202	68	495842	7065521	71.22
2009	15-19	0.00029	0.00143	2.8	99134	142	495358	6569679	66.27
2009	20-24	0.00042	0.00209	2.64	98992	207	494474	6074320	61.36
2009	25-29	0.00058	0.00290	2.63	98785	287	493246	5579846	56.48
2009	30-34	0.00073	0.00364	2.57	98499	359	491623	5086600	51.64
2009	35-39	0.00104	0.00519	2.64	98140	510	489497	4594977	46.82
2009	40-44	0.00166	0.00824	2.66	97630	805	486266	4105480	42.05
2009	45-49	0.00258	0.01283	2.66	96825	1242	481226	3619214	37.38
2009	50-54	0.00388	0.01924	2.65	95583	1839	473600	3137988	32.83
2009	55-59	0.00543	0.02679	2.65	93744	2512	462810	2664389	28.42
2009	60-64	0.00859	0.04212	2.64	91232	3843	447097	2201578	24.13
2009	65-69	0.01335	0.06472	2.66	87390	5656	423695	1754481	20.08
2009	70-74	0.02110	0.10054	2.66	81734	8218	389452	1330787	16.28
2009	75-79	0.03344	0.15480	2.61	73516	11381	340327	941335	12.80
2009	80-84	0.05490	0.24264	2.61	62135	15077	274624	601008	9.67
2009	85-89	0.09869	0.39682	2.53	47059	18674	189212	326384	6.94
2009	90-94	0.16958	0.58724	2.38	28385	16669	98293	137172	4.83
2009	95-99	0.27699	0.77001	2.12	11716	9022	32570	38878	3.32
2009	100-104	0.41459	0.89343	1.82	2695	2407	5807	6309	2.34
2009	105-109	0.56744	0.95485	1.53	287	274	483	502	1.75
2009	110+	0.69007	1.00000	1.45	13	13	19	19	1.45
2010	0	0.00643	0.00639	0.07	100000	639	99406	8066047	80.66
2010	1-4	0.00024	0.00097	1.49	99361	96	397203	7966641	80.18
2010	5-9	0.00010	0.00052	2.39	99265	52	496189	7569438	76.26
2010	10-14	0.00012	0.00061	2.55	99213	61	495915	7073249	71.29
2010	15-19	0.00028	0.00141	2.9	99152	140	495466	6577334	66.34
2010	20-24	0.00046	0.00231	2.67	99012	229	494526	6081868	61.43
2010	25-29	0.00060	0.00299	2.63	98783	295	493217	5587343	56.56
2010	30-34	0.00074	0.00371	2.56	98488	365	491548	5094126	51.72
2010	35-39	0.00104	0.00517	2.62	98123	508	489403	4602578	46.91
2010	40-44	0.00153	0.00764	2.7	97615	746	486357	4113174	42.14
2010	45-49	0.00259	0.01288	2.66	96869	1248	481420	3626817	37.44
2010	50-54	0.00385	0.01908	2.65	95621	1825	473819	3145397	32.89
2010	55-59	0.00542	0.02674	2.64	93796	2509	463069	2671578	28.48
2010	60-64	0.00829	0.04066	2.7	91288	3712	447884	2208508	24.19
2010	65-69	0.01308	0.06344	2.66	87576	5555	424886	1760624	20.10
2010	70-74	0.02089	0.09954	2.63	82020	8164	390729	1335737	16.29
2010	75-79	0.03310	0.15346	2.63	73856	11334	342413	945009	12.80
2010	80-84	0.05507	0.24351	2.62	62522	15224	276437	602596	9.64
2010	85-89	0.09829	0.39555	2.53	47298	18708	190347	326159	6.90
2010	90-94	0.17346	0.59517	2.36	28589	17015	98092	135812	4.75
2010	95-99	0.28285	0.77769	2.11	11574	9001	31822	37720	3.26
2010	100-104	0.42419	0.89930	1.8	2573	2314	5455	5898	2.29
2010	105-109	0.57981	0.95801	1.51	259	248	428	444	1.71
2010	110+	0.70337	1.00000	1.42	11	11	15	15	1.42
2011	0	0.00647	0.00643	0.07	100000	643	99403	8060179	80.60
2011	1-4	0.00025	0.00099	1.63	99357	99	397194	7960776	80.12
2011	5-9	0.00009	0.00044	2.34	99258	44	496175	7563582	76.20
2011	10-14	0.00013	0.00063	2.69	99214	62	495929	7067407	71.23
2011	15-19	0.00031	0.00155	2.89	99152	154	495437	6571478	66.28
2011	20-24	0.00046	0.00230	2.62	98999	227	494454	6076041	61.37
2011	25-29	0.00056	0.00277	2.61	98772	274	493204	5581587	56.51
2011	30-34	0.00078	0.00391	2.61	98498	385	491566	5088383	51.66
2011	35-39	0.00106	0.00529	2.61	98112	519	489323	4596817	46.85
2011	40-44	0.00162	0.00805	2.71	97593	786	486170	4107494	42.09
2011	45-49	0.00258	0.01284	2.72	96807	1243	481209	3621324	37.41
2011	50-54	0.00390	0.01930	2.66	95564	1845	473507	3140115	32.86
2011	55-59	0.00555	0.02738	2.63	93720	2566	462507	2666609	28.45
2011	60-64	0.00830	0.04074	2.7	91153	3714	447218	2204102	24.18
2011	65-69	0.01292	0.06274	2.69	87440	5486	424510	1756884	20.09
2011	70-74	0.02080	0.09915	2.64	81954	8126	390616	1332374	16.26
2011	75-79	0.03290	0.15258	2.62	73829	11265	342383	941758	12.76
2011	80-84	0.05584	0.24615	2.59	62564	15400	275768	599375	9.58
2011	85-89	0.09867	0.39681	2.53	47164	18715	189668	323607	6.86
2011	90-94	0.17572	0.60019	2.36	28449	17075	97168	133939	4.71
2011	95-99	0.28561	0.78111	2.1	11374	8884	31106	36771	3.23
2011	100-104	0.42769	0.90128	1.79	2490	2244	5247	5665	2.28
2011	105-109	0.58352	0.95888	1.5	246	236	404	418	1.70
2011	110+	0.70685	1.00000	1.41	10	10	14	14	1.41
2012	0	0.00623	0.00619	0.07	100000	619	99424	8072237	80.72
2012	1-4	0.00023	0.00092	1.64	99381	92	397306	7972812	80.23
2012	5-9	0.00011	0.00053	2.26	99289	53	496300	7575506	76.30
2012	10-14	0.00011	0.00057	2.66	99236	57	496047	7079206	71.34
2012	15-19	0.00030	0.00148	2.75	99179	147	495566	6583159	66.38
2012	20-24	0.00048	0.00238	2.65	99033	236	494608	6087593	61.47
2012	25-29	0.00061	0.00306	2.64	98797	302	493271	5592984	56.61
2012	30-34	0.00077	0.00386	2.58	98494	381	491553	5099713	51.78
2012	35-39	0.00102	0.00507	2.6	98114	498	489378	4608160	46.97
2012	40-44	0.00160	0.00795	2.61	97616	776	486228	4118782	42.19
2012	45-49	0.00250	0.01244	2.68	96840	1204	481402	3632555	37.51
2012	50-54	0.00387	0.01918	2.64	95636	1834	473853	3151152	32.95
2012	55-59	0.00554	0.02733	2.63	93802	2564	462928	2677299	28.54
2012	60-64	0.00811	0.03978	2.64	91238	3629	447620	2214371	24.27
2012	65-69	0.01303	0.06320	2.66	87609	5537	425070	1766751	20.17
2012	70-74	0.02034	0.09706	2.66	82072	7966	391696	1341681	16.35
2012	75-79	0.03334	0.15450	2.63	74106	11449	343431	949984	12.82
2012	80-84	0.05485	0.24240	2.61	62657	15188	276922	606553	9.68
2012	85-89	0.09752	0.39313	2.54	47469	18662	191354	329632	6.94
2012	90-94	0.17072	0.58960	2.38	28807	16985	99491	138277	4.80
2012	95-99	0.28062	0.77489	2.11	11823	9161	32646	38787	3.28
2012	100-104	0.42119	0.89755	1.8	2661	2389	5671	6141	2.31
2012	105-109	0.57644	0.95719	1.51	273	261	453	469	1.72
2012	110+	0.70007	1.00000	1.43	12	12	17	17	1.43
2013	0	0.00614	0.00610	0.07	100000	610	99433	8073454	80.73
2013	1-4	0.00021	0.00086	1.5	99390	85	397347	7974021	80.23
2013	5-9	0.00011	0.00053	2.44	99305	53	496388	7576675	76.30
2013	10-14	0.00012	0.00058	2.57	99252	57	496120	7080286	71.34
2013	15-19	0.00027	0.00133	2.77	99194	132	495679	6584167	66.38
2013	20-24	0.00047	0.00235	2.61	99063	232	494759	6088488	61.46
2013	25-29	0.00062	0.00311	2.59	98830	307	493414	5593729	56.60
2013	30-34	0.00079	0.00393	2.63	98524	387	491703	5100315	51.77
2013	35-39	0.00107	0.00532	2.59	98137	522	489423	4608612	46.96
2013	40-44	0.00156	0.00778	2.64	97615	759	486278	4119189	42.20
2013	45-49	0.00253	0.01258	2.69	96856	1218	481463	3632911	37.51
2013	50-54	0.00397	0.01965	2.66	95637	1879	473784	3151448	32.95
2013	55-59	0.00565	0.02787	2.61	93759	2613	462542	2677663	28.56
2013	60-64	0.00809	0.03969	2.67	91145	3617	447284	2215122	24.30
2013	65-69	0.01273	0.06182	2.65	87528	5411	424926	1767838	20.20
2013	70-74	0.02049	0.09771	2.64	82117	8024	391617	1342912	16.35
2013	75-79	0.03260	0.15125	2.62	74093	11206	343786	951295	12.84
2013	80-84	0.05455	0.24145	2.62	62887	15184	278338	607509	9.66
2013	85-89	0.09787	0.39450	2.54	47703	18819	192282	329171	6.90
2013	90-94	0.17433	0.59824	2.38	28884	17280	99117	136889	4.74
2013	95-99	0.28320	0.77824	2.11	11605	9031	31889	37772	3.25
2013	100-104	0.42548	0.90012	1.8	2573	2316	5444	5883	2.29
2013	105-109	0.58198	0.95856	1.5	257	246	423	438	1.71
2013	110+	0.70601	1.00000	1.42	11	11	15	15	1.42
2014	0	0.00602	0.00599	0.07	100000	599	99443	8075261	80.75
2014	1-4	0.00021	0.00082	1.62	99401	82	397410	7975818	80.24
2014	5-9	0.00008	0.00042	2.38	99320	42	496489	7578408	76.30
2014	10-14	0.00011	0.00057	2.64	99278	56	496257	7081919	71.33
2014	15-19	0.00026	0.00131	2.77	99222	130	495818	6585663	66.37
2014	20-24	0.00046	0.00232	2.61	99092	230	494909	6089844	61.46
2014	25-29	0.00066	0.00330	2.6	98862	326	493524	5594935	56.59
2014	30-34	0.00083	0.00414	2.68	98535	408	491730	5101411	51.77
2014	35-39	0.00114	0.00568	2.6	98128	557	489302	4609680	46.98
2014	40-44	0.00163	0.00811	2.66	97571	792	486004	4120378	42.23
2014	45-49	0.00249	0.01237	2.69	96779	1197	481135	3634374	37.55
2014	50-54	0.00397	0.01968	2.65	95582	1881	473495	3153239	32.99
2014	55-59	0.00573	0.02828	2.59	93701	2650	462125	2679744	28.60
2014	60-64	0.00817	0.04008	2.65	91051	3649	446680	2217619	24.36
2014	65-69	0.01265	0.06142	2.66	87402	5369	424471	1770939	20.26
2014	70-74	0.02052	0.09785	2.64	82034	8027	391223	1346469	16.41
2014	75-79	0.03308	0.15344	2.64	74007	11355	343278	955246	12.91
2014	80-84	0.05417	0.23961	2.59	62651	15012	277108	611968	9.77
2014	85-89	0.09452	0.38329	2.53	47639	18259	193175	334860	7.03
2014	90-94	0.17035	0.58907	2.38	29380	17307	101593	141685	4.82
2014	95-99	0.27653	0.76969	2.12	12073	9293	33605	40091	3.32
2014	100-104	0.41611	0.89457	1.81	2781	2487	5978	6487	2.33
2014	105-109	0.57114	0.95589	1.52	293	280	491	509	1.74
2014	110+	0.69516	1.00000	1.44	13	13	19	19	1.44
2015	0	0.00586	0.00583	0.07	100000	583	99457	8061899	80.62
2015	1-4	0.00019	0.00076	1.65	99417	75	397492	7962442	80.09
2015	5-9	0.00009	0.00047	2.32	99342	47	496584	7564950	76.15
2015	10-14	0.00014	0.00068	2.94	99295	68	496336	7068366	71.19
2015	15-19	0.00032	0.00158	2.93	99228	157	495813	6572030	66.23
2015	20-24	0.00050	0.00247	2.56	99071	245	494757	6076217	61.33
2015	25-29	0.00070	0.00351	2.64	98826	347	493309	5581460	56.48
2015	30-34	0.00093	0.00465	2.65	98478	458	491316	5088151	51.67
2015	35-39	0.00120	0.00596	2.6	98021	584	488700	4596835	46.90
2015	40-44	0.00167	0.00831	2.67	97436	809	485294	4108134	42.16
2015	45-49	0.00257	0.01277	2.65	96627	1234	480230	3622840	37.49
2015	50-54	0.00399	0.01976	2.68	95392	1885	472589	3142610	32.94
2015	55-59	0.00582	0.02871	2.63	93508	2684	461184	2670021	28.55
2015	60-64	0.00833	0.04086	2.65	90823	3711	445378	2208837	24.32
2015	65-69	0.01258	0.06109	2.66	87112	5322	423121	1763459	20.24
2015	70-74	0.02048	0.09766	2.63	81790	7988	390005	1340338	16.39
2015	75-79	0.03299	0.15299	2.63	73803	11291	342306	950333	12.88
2015	80-84	0.05452	0.24114	2.61	62511	15074	276492	608027	9.73
2015	85-89	0.09592	0.38836	2.55	47437	18423	192063	331535	6.99
2015	90-94	0.17028	0.58807	2.37	29015	17063	100205	139472	4.81
2015	95-99	0.28005	0.77427	2.11	11952	9254	33044	39267	3.29
2015	100-104	0.42130	0.89769	1.8	2698	2422	5749	6223	2.31
2015	105-109	0.57735	0.95745	1.51	276	264	458	474	1.72
2015	110+	0.70154	1.00000	1.43	12	12	17	17	1.43
2016	0	0.00619	0.00615	0.07	100000	615	99428	8060177	80.60
2016	1-4	0.00025	0.00099	1.54	99385	98	397298	7960749	80.10
2016	5-9	0.00012	0.00058	2.39	99287	58	496283	7563451	76.18
2016	10-14	0.00012	0.00059	2.7	99229	58	496010	7067168	71.22
2016	15-19	0.00032	0.00158	2.75	99170	157	495498	6571157	66.26
2016	20-24	0.00056	0.00282	2.57	99013	279	494389	6075659	61.36
2016	25-29	0.00079	0.00396	2.63	98734	391	492746	5581270	56.53
2016	30-34	0.00102	0.00506	2.58	98343	498	490514	5088524	51.74
2016	35-39	0.00130	0.00646	2.59	97845	632	487701	4598010	46.99
2016	40-44	0.00172	0.00858	2.66	97213	834	484115	4110309	42.28
2016	45-49	0.00263	0.01309	2.65	96379	1261	478931	3626194	37.62
2016	50-54	0.00401	0.01984	2.69	95118	1887	471225	3147264	33.09
2016	55-59	0.00592	0.02916	2.62	93230	2719	459683	2676039	28.70
2016	60-64	0.00841	0.04121	2.63	90511	3730	443698	2216356	24.49
2016	65-69	0.01252	0.06081	2.67	86781	5277	421609	1772658	20.43
2016	70-74	0.01963	0.09386	2.68	81504	7650	389781	1351049	16.58
2016	75-79	0.03236	0.15033	2.64	73854	11102	343081	961268	13.02
2016	80-84	0.05393	0.23848	2.58	62751	14965	277478	618187	9.85
2016	85-89	0.09294	0.37844	2.55	47786	18084	194591	340709	7.13
2016	90-94	0.16591	0.57881	2.39	29702	17192	103620	146119	4.92
2016	95-99	0.26920	0.75984	2.13	12510	9506	35311	42499	3.40
2016	100-104	0.40484	0.88739	1.84	3005	2666	6586	7188	2.39
2016	105-109	0.55711	0.95214	1.54	338	322	578	602	1.78
2016	110+	0.68031	1.00000	1.47	16	16	24	24	1.47
2017	0	0.00591	0.00588	0.07	100000	588	99453	8051521	80.52
2017	1-4	0.00022	0.00087	1.51	99412	87	397432	7952069	79.99
2017	5-9	0.00012	0.00062	2.53	99325	62	496474	7554637	76.06
2017	10-14	0.00013	0.00064	2.71	99264	63	496173	7058163	71.11
2017	15-19	0.00032	0.00159	2.79	99200	158	495654	6561990	66.15
2017	20-24	0.00055	0.00276	2.66	99043	273	494574	6066336	61.25
2017	25-29	0.00080	0.00399	2.63	98769	394	492915	5571762	56.41
2017	30-34	0.00117	0.00583	2.61	98375	574	490506	5078847	51.63
2017	35-39	0.00131	0.00651	2.62	97802	637	487494	4588341	46.91
2017	40-44	0.00184	0.00917	2.61	97165	891	483696	4100847	42.21
2017	45-49	0.00261	0.01297	2.61	96274	1249	478383	3617151	37.57
2017	50-54	0.00397	0.01967	2.63	95025	1869	470698	3138768	33.03
2017	55-59	0.00584	0.02882	2.64	93156	2685	459438	2668070	28.64
2017	60-64	0.00842	0.04129	2.62	90471	3736	443469	2208632	24.41
2017	65-69	0.01260	0.06115	2.63	86735	5304	421122	1765163	20.35
2017	70-74	0.02015	0.09622	2.66	81431	7835	388851	1344041	16.51
2017	75-79	0.03254	0.15114	2.65	73596	11123	341874	955191	12.98
2017	80-84	0.05436	0.24057	2.61	62473	15029	276486	613316	9.82
2017	85-89	0.09359	0.38083	2.56	47444	18068	193044	336830	7.10
2017	90-94	0.16653	0.57977	2.38	29376	17031	102274	143786	4.89
2017	95-99	0.27245	0.76426	2.13	12344	9434	34627	41512	3.36
2017	100-104	0.40983	0.89062	1.83	2910	2592	6324	6885	2.37
2017	105-109	0.56332	0.95384	1.53	318	304	539	560	1.76
2017	110+	0.68690	1.00000	1.46	15	15	21	21	1.46
