DE: Delaware, Lifetables (period 1x5), Females Last modified: 3 Dec 2019, MPv5 (May07) 

Year     	Age	mx	qx	ax	lx	dx	Lx	Tx	ex
1960-1964	0	0.02085	0.02047	0.11	100000	2047	98181	7310351	73.10
1960-1964	1	0.00148	0.00148	0.5	97953	145	97881	7212170	73.63
1960-1964	2	0.00061	0.00061	0.5	97809	60	97779	7114289	72.74
1960-1964	3	0.00089	0.00089	0.5	97749	87	97705	7016510	71.78
1960-1964	4	0.00065	0.00065	0.5	97662	64	97630	6918804	70.84
1960-1964	5	0.00048	0.00048	0.5	97598	47	97575	6821174	69.89
1960-1964	6	0.00052	0.00052	0.5	97552	51	97526	6723600	68.92
1960-1964	7	0.00035	0.00035	0.5	97501	34	97484	6626073	67.96
1960-1964	8	0.00028	0.00028	0.5	97467	27	97453	6528590	66.98
1960-1964	9	0.00033	0.00033	0.5	97440	33	97423	6431137	66.00
1960-1964	10	0.00022	0.00022	0.5	97407	21	97396	6333713	65.02
1960-1964	11	0.00031	0.00031	0.5	97386	30	97371	6236317	64.04
1960-1964	12	0.00023	0.00023	0.5	97355	22	97344	6138946	63.06
1960-1964	13	0.00042	0.00042	0.5	97333	41	97313	6041602	62.07
1960-1964	14	0.00029	0.00029	0.5	97292	28	97278	5944289	61.10
1960-1964	15	0.00040	0.00040	0.5	97264	39	97245	5847011	60.11
1960-1964	16	0.00042	0.00042	0.5	97225	41	97205	5749766	59.14
1960-1964	17	0.00033	0.00033	0.5	97184	32	97168	5652561	58.16
1960-1964	18	0.00023	0.00023	0.5	97152	23	97140	5555394	57.18
1960-1964	19	0.00061	0.00061	0.5	97129	59	97099	5458253	56.20
1960-1964	20	0.00074	0.00074	0.5	97070	72	97034	5361154	55.23
1960-1964	21	0.00045	0.00045	0.5	96998	43	96976	5264120	54.27
1960-1964	22	0.00073	0.00073	0.5	96954	71	96919	5167144	53.29
1960-1964	23	0.00041	0.00041	0.5	96883	40	96864	5070225	52.33
1960-1964	24	0.00035	0.00035	0.5	96844	33	96827	4973362	51.35
1960-1964	25	0.00090	0.00090	0.5	96810	87	96767	4876535	50.37
1960-1964	26	0.00138	0.00138	0.5	96723	134	96656	4779768	49.42
1960-1964	27	0.00068	0.00068	0.5	96589	66	96556	4683112	48.48
1960-1964	28	0.00114	0.00114	0.5	96523	110	96468	4586556	47.52
1960-1964	29	0.00066	0.00065	0.5	96413	63	96382	4490087	46.57
1960-1964	30	0.00108	0.00108	0.5	96350	104	96298	4393706	45.60
1960-1964	31	0.00106	0.00106	0.5	96246	102	96195	4297407	44.65
1960-1964	32	0.00099	0.00099	0.5	96144	95	96096	4201213	43.70
1960-1964	33	0.00122	0.00122	0.5	96049	117	95990	4105117	42.74
1960-1964	34	0.00157	0.00157	0.5	95932	151	95856	4009126	41.79
1960-1964	35	0.00144	0.00144	0.5	95781	138	95712	3913270	40.86
1960-1964	36	0.00202	0.00202	0.5	95643	193	95546	3817558	39.91
1960-1964	37	0.00165	0.00165	0.5	95450	157	95371	3722012	38.99
1960-1964	38	0.00192	0.00192	0.5	95293	183	95201	3626641	38.06
1960-1964	39	0.00192	0.00191	0.5	95110	182	95019	3531439	37.13
1960-1964	40	0.00217	0.00216	0.5	94928	205	94825	3436421	36.20
1960-1964	41	0.00290	0.00289	0.5	94722	274	94585	3341596	35.28
1960-1964	42	0.00248	0.00247	0.5	94448	233	94332	3247010	34.38
1960-1964	43	0.00332	0.00331	0.5	94215	312	94059	3152679	33.46
1960-1964	44	0.00383	0.00383	0.5	93903	359	93723	3058620	32.57
1960-1964	45	0.00370	0.00369	0.5	93543	345	93371	2964897	31.70
1960-1964	46	0.00418	0.00417	0.5	93198	389	93004	2871526	30.81
1960-1964	47	0.00426	0.00425	0.5	92809	394	92612	2778522	29.94
1960-1964	48	0.00455	0.00454	0.5	92415	420	92205	2685910	29.06
1960-1964	49	0.00562	0.00560	0.5	91995	515	91738	2593705	28.19
1960-1964	50	0.00485	0.00483	0.5	91480	442	91259	2501967	27.35
1960-1964	51	0.00637	0.00635	0.5	91038	578	90749	2410709	26.48
1960-1964	52	0.00748	0.00745	0.5	90460	674	90123	2319960	25.65
1960-1964	53	0.00816	0.00812	0.5	89786	729	89421	2229837	24.84
1960-1964	54	0.00848	0.00844	0.5	89056	752	88680	2140416	24.03
1960-1964	55	0.00903	0.00899	0.5	88304	794	87907	2051735	23.23
1960-1964	56	0.00922	0.00918	0.5	87510	803	87109	1963828	22.44
1960-1964	57	0.01003	0.00998	0.5	86707	865	86275	1876719	21.64
1960-1964	58	0.01216	0.01209	0.5	85842	1037	85323	1790444	20.86
1960-1964	59	0.01187	0.01180	0.5	84805	1001	84304	1705121	20.11
1960-1964	60	0.01450	0.01440	0.5	83804	1207	83200	1620817	19.34
1960-1964	61	0.01386	0.01376	0.5	82597	1137	82029	1537616	18.62
1960-1964	62	0.01733	0.01718	0.5	81460	1400	80760	1455588	17.87
1960-1964	63	0.01630	0.01617	0.5	80060	1294	79413	1374828	17.17
1960-1964	64	0.01618	0.01605	0.5	78766	1264	78134	1295414	16.45
1960-1964	65	0.01866	0.01848	0.5	77502	1433	76785	1217281	15.71
1960-1964	66	0.02112	0.02090	0.5	76069	1590	75274	1140495	14.99
1960-1964	67	0.02568	0.02535	0.5	74479	1888	73535	1065221	14.30
1960-1964	68	0.02859	0.02819	0.5	72591	2046	71568	991686	13.66
1960-1964	69	0.02860	0.02819	0.5	70545	1989	69550	920118	13.04
1960-1964	70	0.03727	0.03659	0.5	68556	2508	67302	850568	12.41
1960-1964	71	0.03396	0.03339	0.5	66048	2205	64945	783266	11.86
1960-1964	72	0.04119	0.04036	0.5	63842	2577	62554	718321	11.25
1960-1964	73	0.04477	0.04379	0.5	61265	2683	59924	655768	10.70
1960-1964	74	0.04748	0.04637	0.5	58582	2717	57224	595844	10.17
1960-1964	75	0.05186	0.05055	0.5	55866	2824	54454	538620	9.64
1960-1964	76	0.05836	0.05670	0.5	53042	3008	51538	484166	9.13
1960-1964	77	0.05802	0.05638	0.5	50034	2821	48624	432628	8.65
1960-1964	78	0.06408	0.06209	0.5	47213	2931	45748	384004	8.13
1960-1964	79	0.07452	0.07184	0.5	44282	3181	42691	338256	7.64
1960-1964	80	0.08298	0.07967	0.5	41101	3274	39463	295565	7.19
1960-1964	81	0.09128	0.08729	0.5	37826	3302	36175	256102	6.77
1960-1964	82	0.10032	0.09553	0.5	34524	3298	32875	219927	6.37
1960-1964	83	0.11015	0.10440	0.5	31226	3260	29596	187051	5.99
1960-1964	84	0.12082	0.11394	0.5	27966	3186	26373	157455	5.63
1960-1964	85	0.13236	0.12415	0.5	24780	3076	23241	131083	5.29
1960-1964	86	0.14483	0.13505	0.5	21703	2931	20238	107841	4.97
1960-1964	87	0.15825	0.14665	0.5	18772	2753	17396	87603	4.67
1960-1964	88	0.17267	0.15895	0.5	16019	2546	14746	70207	4.38
1960-1964	89	0.18811	0.17194	0.5	13473	2317	12315	55461	4.12
1960-1964	90	0.20459	0.18560	0.5	11157	2071	10121	43146	3.87
1960-1964	91	0.22211	0.19991	0.5	9086	1816	8178	33025	3.63
1960-1964	92	0.24069	0.21483	0.5	7270	1562	6489	24848	3.42
1960-1964	93	0.26029	0.23032	0.5	5708	1315	5050	18359	3.22
1960-1964	94	0.28091	0.24631	0.5	4393	1082	3852	13308	3.03
1960-1964	95	0.30248	0.26275	0.5	3311	870	2876	9456	2.86
1960-1964	96	0.32497	0.27955	0.5	2441	682	2100	6580	2.70
1960-1964	97	0.34829	0.29664	0.5	1759	522	1498	4480	2.55
1960-1964	98	0.37237	0.31392	0.5	1237	388	1043	2982	2.41
1960-1964	99	0.39709	0.33131	0.5	849	281	708	1940	2.29
1960-1964	100	0.42235	0.34871	0.5	568	198	469	1231	2.17
1960-1964	101	0.44802	0.36603	0.5	370	135	302	763	2.06
1960-1964	102	0.47398	0.38317	0.5	234	90	189	461	1.97
1960-1964	103	0.50007	0.40005	0.5	145	58	116	272	1.88
1960-1964	104	0.52617	0.41657	0.5	87	36	69	156	1.80
1960-1964	105	0.55212	0.43267	0.5	51	22	40	87	1.72
1960-1964	106	0.57779	0.44828	0.5	29	13	22	48	1.66
1960-1964	107	0.60305	0.46334	0.5	16	7	12	25	1.60
1960-1964	108	0.62777	0.47780	0.5	8	4	6	13	1.55
1960-1964	109	0.65184	0.49161	0.5	4	2	3	7	1.51
1960-1964	110+	0.67516	1.00000	1.48	2	2	3	3	1.48
1965-1969	0	0.02001	0.01966	0.11	100000	1966	98248	7364103	73.64
1965-1969	1	0.00103	0.00103	0.5	98034	101	97983	7265855	74.12
1965-1969	2	0.00088	0.00088	0.5	97933	86	97890	7167871	73.19
1965-1969	3	0.00048	0.00048	0.5	97847	47	97823	7069982	72.26
1965-1969	4	0.00047	0.00047	0.5	97800	46	97777	6972158	71.29
1965-1969	5	0.00042	0.00042	0.5	97754	41	97733	6874381	70.32
1965-1969	6	0.00056	0.00056	0.5	97713	55	97685	6776648	69.35
1965-1969	7	0.00031	0.00031	0.5	97658	31	97643	6678962	68.39
1965-1969	8	0.00035	0.00035	0.5	97627	34	97610	6581320	67.41
1965-1969	9	0.00039	0.00039	0.5	97593	38	97575	6483709	66.44
1965-1969	10	0.00021	0.00021	0.5	97556	21	97545	6386135	65.46
1965-1969	11	0.00015	0.00015	0.5	97535	14	97528	6288589	64.48
1965-1969	12	0.00030	0.00030	0.5	97521	29	97506	6191062	63.48
1965-1969	13	0.00054	0.00054	0.5	97492	52	97465	6093555	62.50
1965-1969	14	0.00032	0.00032	0.5	97439	31	97424	5996090	61.54
1965-1969	15	0.00025	0.00025	0.5	97408	24	97396	5898666	60.56
1965-1969	16	0.00042	0.00042	0.5	97384	41	97364	5801270	59.57
1965-1969	17	0.00063	0.00063	0.5	97344	62	97313	5703906	58.60
1965-1969	18	0.00047	0.00047	0.5	97282	46	97259	5606593	57.63
1965-1969	19	0.00040	0.00040	0.5	97236	39	97217	5509334	56.66
1965-1969	20	0.00079	0.00079	0.5	97197	77	97159	5412117	55.68
1965-1969	21	0.00077	0.00077	0.5	97121	75	97083	5314959	54.73
1965-1969	22	0.00050	0.00050	0.5	97046	49	97021	5217875	53.77
1965-1969	23	0.00058	0.00058	0.5	96997	56	96969	5120854	52.79
1965-1969	24	0.00076	0.00076	0.5	96941	73	96905	5023885	51.82
1965-1969	25	0.00094	0.00094	0.5	96868	91	96822	4926980	50.86
1965-1969	26	0.00080	0.00080	0.5	96777	77	96738	4830158	49.91
1965-1969	27	0.00083	0.00083	0.5	96700	81	96659	4733420	48.95
1965-1969	28	0.00068	0.00068	0.5	96619	66	96586	4636760	47.99
1965-1969	29	0.00057	0.00057	0.5	96554	55	96526	4540174	47.02
1965-1969	30	0.00077	0.00077	0.5	96499	74	96462	4443648	46.05
1965-1969	31	0.00122	0.00122	0.5	96425	118	96366	4347186	45.08
1965-1969	32	0.00096	0.00096	0.5	96307	93	96261	4250820	44.14
1965-1969	33	0.00159	0.00159	0.5	96214	153	96138	4154559	43.18
1965-1969	34	0.00088	0.00088	0.5	96061	85	96019	4058421	42.25
1965-1969	35	0.00093	0.00093	0.5	95977	89	95932	3962402	41.29
1965-1969	36	0.00135	0.00135	0.5	95887	129	95823	3866470	40.32
1965-1969	37	0.00194	0.00194	0.5	95758	185	95665	3770647	39.38
1965-1969	38	0.00167	0.00167	0.5	95573	160	95493	3674982	38.45
1965-1969	39	0.00332	0.00331	0.5	95413	316	95255	3579489	37.52
1965-1969	40	0.00229	0.00229	0.5	95097	218	94988	3484234	36.64
1965-1969	41	0.00245	0.00244	0.5	94879	232	94763	3389246	35.72
1965-1969	42	0.00296	0.00295	0.5	94647	279	94508	3294483	34.81
1965-1969	43	0.00288	0.00288	0.5	94368	272	94232	3199975	33.91
1965-1969	44	0.00317	0.00317	0.5	94096	298	93947	3105743	33.01
1965-1969	45	0.00413	0.00412	0.5	93798	387	93605	3011796	32.11
1965-1969	46	0.00454	0.00453	0.5	93412	423	93200	2918191	31.24
1965-1969	47	0.00411	0.00410	0.5	92988	381	92798	2824991	30.38
1965-1969	48	0.00557	0.00555	0.5	92607	514	92350	2732193	29.50
1965-1969	49	0.00559	0.00558	0.5	92093	514	91836	2639843	28.67
1965-1969	50	0.00549	0.00547	0.5	91579	501	91328	2548008	27.82
1965-1969	51	0.00556	0.00554	0.5	91078	505	90825	2456679	26.97
1965-1969	52	0.00583	0.00582	0.5	90573	527	90309	2365854	26.12
1965-1969	53	0.00719	0.00716	0.5	90046	645	89724	2275544	25.27
1965-1969	54	0.00968	0.00963	0.5	89401	861	88971	2185821	24.45
1965-1969	55	0.00958	0.00953	0.5	88540	844	88118	2096850	23.68
1965-1969	56	0.00961	0.00957	0.5	87696	839	87276	2008732	22.91
1965-1969	57	0.00813	0.00809	0.5	86857	703	86505	1921456	22.12
1965-1969	58	0.01105	0.01099	0.5	86154	947	85680	1834950	21.30
1965-1969	59	0.01319	0.01311	0.5	85207	1117	84648	1749270	20.53
1965-1969	60	0.01300	0.01291	0.5	84090	1086	83547	1664622	19.80
1965-1969	61	0.01466	0.01455	0.5	83004	1208	82400	1581074	19.05
1965-1969	62	0.01663	0.01650	0.5	81797	1349	81122	1498674	18.32
1965-1969	63	0.01384	0.01374	0.5	80447	1105	79894	1417552	17.62
1965-1969	64	0.01736	0.01721	0.5	79342	1366	78659	1337658	16.86
1965-1969	65	0.02166	0.02143	0.5	77976	1671	77141	1258999	16.15
1965-1969	66	0.02072	0.02051	0.5	76305	1565	75523	1181859	15.49
1965-1969	67	0.02443	0.02413	0.5	74740	1804	73838	1106336	14.80
1965-1969	68	0.02704	0.02668	0.5	72937	1946	71964	1032497	14.16
1965-1969	69	0.02515	0.02484	0.5	70990	1764	70109	960534	13.53
1965-1969	70	0.02996	0.02952	0.5	69227	2044	68205	890425	12.86
1965-1969	71	0.03569	0.03506	0.5	67183	2356	66005	822220	12.24
1965-1969	72	0.04001	0.03923	0.5	64828	2543	63556	756215	11.67
1965-1969	73	0.04149	0.04064	0.5	62284	2531	61019	692659	11.12
1965-1969	74	0.04342	0.04250	0.5	59753	2540	58483	631640	10.57
1965-1969	75	0.04747	0.04637	0.5	57213	2653	55887	573157	10.02
1965-1969	76	0.05785	0.05623	0.5	54561	3068	53027	517270	9.48
1965-1969	77	0.05742	0.05581	0.5	51493	2874	50056	464243	9.02
1965-1969	78	0.06249	0.06060	0.5	48619	2946	47146	414187	8.52
1965-1969	79	0.07223	0.06971	0.5	45673	3184	44081	367041	8.04
1965-1969	80	0.07387	0.07124	0.5	42489	3027	40975	322960	7.60
1965-1969	81	0.08176	0.07855	0.5	39462	3100	37912	281985	7.15
1965-1969	82	0.09040	0.08649	0.5	36362	3145	34790	244073	6.71
1965-1969	83	0.09986	0.09511	0.5	33217	3159	31638	209283	6.30
1965-1969	84	0.11019	0.10444	0.5	30058	3139	28488	177645	5.91
1965-1969	85	0.12144	0.11449	0.5	26919	3082	25378	149157	5.54
1965-1969	86	0.13367	0.12530	0.5	23837	2987	22344	123779	5.19
1965-1969	87	0.14693	0.13687	0.5	20850	2854	19423	101436	4.86
1965-1969	88	0.16126	0.14922	0.5	17996	2685	16654	82012	4.56
1965-1969	89	0.17669	0.16235	0.5	15311	2486	14068	65359	4.27
1965-1969	90	0.19326	0.17623	0.5	12825	2260	11695	51291	4.00
1965-1969	91	0.21099	0.19085	0.5	10565	2016	9557	39596	3.75
1965-1969	92	0.22987	0.20618	0.5	8549	1763	7667	30039	3.51
1965-1969	93	0.24992	0.22216	0.5	6786	1508	6032	22372	3.30
1965-1969	94	0.27110	0.23874	0.5	5278	1260	4648	16339	3.10
1965-1969	95	0.29336	0.25584	0.5	4018	1028	3504	11691	2.91
1965-1969	96	0.31667	0.27338	0.5	2990	817	2582	8187	2.74
1965-1969	97	0.34093	0.29128	0.5	2173	633	1856	5605	2.58
1965-1969	98	0.36605	0.30942	0.5	1540	476	1302	3749	2.43
1965-1969	99	0.39193	0.32771	0.5	1063	348	889	2447	2.30
1965-1969	100	0.41843	0.34603	0.5	715	247	591	1558	2.18
1965-1969	101	0.44540	0.36428	0.5	468	170	382	967	2.07
1965-1969	102	0.47271	0.38234	0.5	297	114	240	584	1.97
1965-1969	103	0.50017	0.40011	0.5	184	73	147	344	1.87
1965-1969	104	0.52764	0.41749	0.5	110	46	87	197	1.79
1965-1969	105	0.55494	0.43440	0.5	64	28	50	110	1.71
1965-1969	106	0.58191	0.45076	0.5	36	16	28	60	1.64
1965-1969	107	0.60840	0.46649	0.5	20	9	15	32	1.58
1965-1969	108	0.63426	0.48155	0.5	11	5	8	16	1.53
1965-1969	109	0.65938	0.49589	0.5	6	3	4	8	1.49
1965-1969	110+	0.68363	1.00000	1.46	3	3	4	4	1.46
1970-1974	0	0.01429	0.01411	0.09	100000	1411	98721	7470714	74.71
1970-1974	1	0.00145	0.00145	0.5	98589	143	98518	7371993	74.77
1970-1974	2	0.00056	0.00056	0.5	98447	55	98419	7273475	73.88
1970-1974	3	0.00034	0.00034	0.5	98391	33	98374	7175057	72.92
1970-1974	4	0.00034	0.00034	0.5	98358	33	98341	7076682	71.95
1970-1974	5	0.00045	0.00045	0.5	98325	44	98303	6978341	70.97
1970-1974	6	0.00023	0.00023	0.5	98281	23	98269	6880038	70.00
1970-1974	7	0.00030	0.00030	0.5	98258	29	98243	6781769	69.02
1970-1974	8	0.00036	0.00036	0.5	98229	35	98211	6683526	68.04
1970-1974	9	0.00042	0.00042	0.5	98193	41	98173	6585315	67.06
1970-1974	10	0.00048	0.00048	0.5	98152	47	98128	6487142	66.09
1970-1974	11	0.00020	0.00020	0.5	98105	20	98095	6389014	65.12
1970-1974	12	0.00044	0.00044	0.5	98085	43	98063	6290919	64.14
1970-1974	13	0.00037	0.00037	0.5	98042	36	98024	6192856	63.17
1970-1974	14	0.00034	0.00034	0.5	98006	33	97989	6094832	62.19
1970-1974	15	0.00033	0.00033	0.5	97972	33	97956	5996843	61.21
1970-1974	16	0.00024	0.00024	0.5	97940	24	97928	5898887	60.23
1970-1974	17	0.00064	0.00064	0.5	97916	62	97885	5800960	59.24
1970-1974	18	0.00047	0.00047	0.5	97854	46	97831	5703075	58.28
1970-1974	19	0.00085	0.00085	0.5	97808	83	97766	5605244	57.31
1970-1974	20	0.00068	0.00068	0.5	97724	67	97691	5507478	56.36
1970-1974	21	0.00039	0.00039	0.5	97658	38	97639	5409787	55.40
1970-1974	22	0.00066	0.00066	0.5	97620	65	97588	5312148	54.42
1970-1974	23	0.00059	0.00059	0.5	97555	58	97526	5214560	53.45
1970-1974	24	0.00053	0.00053	0.5	97497	52	97472	5117034	52.48
1970-1974	25	0.00099	0.00099	0.5	97446	97	97397	5019562	51.51
1970-1974	26	0.00089	0.00089	0.5	97349	87	97306	4922165	50.56
1970-1974	27	0.00046	0.00046	0.5	97262	45	97240	4824859	49.61
1970-1974	28	0.00063	0.00063	0.5	97217	61	97186	4727620	48.63
1970-1974	29	0.00125	0.00125	0.5	97156	122	97095	4630434	47.66
1970-1974	30	0.00056	0.00056	0.5	97034	55	97007	4533339	46.72
1970-1974	31	0.00106	0.00106	0.5	96979	103	96928	4436332	45.75
1970-1974	32	0.00128	0.00128	0.5	96876	124	96814	4339405	44.79
1970-1974	33	0.00122	0.00122	0.5	96752	118	96693	4242591	43.85
1970-1974	34	0.00113	0.00113	0.5	96634	109	96580	4145897	42.90
1970-1974	35	0.00147	0.00147	0.5	96525	142	96454	4049318	41.95
1970-1974	36	0.00105	0.00105	0.5	96383	101	96333	3952863	41.01
1970-1974	37	0.00149	0.00149	0.5	96282	143	96210	3856531	40.05
1970-1974	38	0.00130	0.00130	0.5	96139	125	96076	3760320	39.11
1970-1974	39	0.00241	0.00241	0.5	96013	231	95898	3664244	38.16
1970-1974	40	0.00250	0.00250	0.5	95782	239	95663	3568346	37.25
1970-1974	41	0.00265	0.00264	0.5	95543	253	95417	3472684	36.35
1970-1974	42	0.00296	0.00296	0.5	95291	282	95150	3377267	35.44
1970-1974	43	0.00392	0.00391	0.5	95009	372	94823	3282117	34.55
1970-1974	44	0.00354	0.00354	0.5	94637	335	94470	3187294	33.68
1970-1974	45	0.00395	0.00394	0.5	94302	372	94116	3092824	32.80
1970-1974	46	0.00381	0.00380	0.5	93930	357	93752	2998708	31.92
1970-1974	47	0.00443	0.00442	0.5	93573	414	93366	2904956	31.04
1970-1974	48	0.00431	0.00430	0.5	93159	401	92959	2811590	30.18
1970-1974	49	0.00391	0.00391	0.5	92759	362	92577	2718631	29.31
1970-1974	50	0.00571	0.00569	0.5	92396	526	92133	2626054	28.42
1970-1974	51	0.00694	0.00692	0.5	91870	635	91553	2533920	27.58
1970-1974	52	0.00641	0.00639	0.5	91235	583	90944	2442368	26.77
1970-1974	53	0.00671	0.00669	0.5	90652	606	90349	2351424	25.94
1970-1974	54	0.00713	0.00711	0.5	90046	640	89726	2261075	25.11
1970-1974	55	0.00806	0.00803	0.5	89406	718	89047	2171348	24.29
1970-1974	56	0.00980	0.00976	0.5	88688	865	88255	2082301	23.48
1970-1974	57	0.01055	0.01050	0.5	87823	922	87362	1994046	22.71
1970-1974	58	0.00912	0.00908	0.5	86901	789	86506	1906684	21.94
1970-1974	59	0.01182	0.01175	0.5	86112	1012	85606	1820178	21.14
1970-1974	60	0.01154	0.01148	0.5	85100	977	84612	1734572	20.38
1970-1974	61	0.01258	0.01250	0.5	84123	1052	83598	1649961	19.61
1970-1974	62	0.01732	0.01718	0.5	83072	1427	82358	1566363	18.86
1970-1974	63	0.01506	0.01495	0.5	81645	1221	81035	1484004	18.18
1970-1974	64	0.01680	0.01666	0.5	80424	1340	79754	1402970	17.44
1970-1974	65	0.01534	0.01522	0.5	79084	1204	78482	1323215	16.73
1970-1974	66	0.02218	0.02193	0.5	77881	1708	77026	1244733	15.98
1970-1974	67	0.02088	0.02066	0.5	76172	1574	75385	1167706	15.33
1970-1974	68	0.02072	0.02051	0.5	74598	1530	73833	1092321	14.64
1970-1974	69	0.02584	0.02552	0.5	73068	1864	72136	1018488	13.94
1970-1974	70	0.02797	0.02758	0.5	71204	1964	70222	946352	13.29
1970-1974	71	0.02903	0.02862	0.5	69240	1982	68249	876130	12.65
1970-1974	72	0.03554	0.03492	0.5	67258	2349	66084	807881	12.01
1970-1974	73	0.03626	0.03562	0.5	64910	2312	63754	741797	11.43
1970-1974	74	0.04493	0.04394	0.5	62598	2751	61223	678043	10.83
1970-1974	75	0.04651	0.04545	0.5	59847	2720	58487	616820	10.31
1970-1974	76	0.04765	0.04654	0.5	57127	2659	55798	558333	9.77
1970-1974	77	0.05059	0.04935	0.5	54469	2688	53125	502535	9.23
1970-1974	78	0.06129	0.05947	0.5	51781	3079	50241	449410	8.68
1970-1974	79	0.07011	0.06773	0.5	48701	3299	47052	399169	8.20
1970-1974	80	0.06984	0.06748	0.5	45403	3064	43871	352117	7.76
1970-1974	81	0.07766	0.07475	0.5	42339	3165	40756	308246	7.28
1970-1974	82	0.08627	0.08270	0.5	39174	3240	37554	267489	6.83
1970-1974	83	0.09573	0.09136	0.5	35934	3283	34293	229935	6.40
1970-1974	84	0.10612	0.10077	0.5	32651	3290	31006	195643	5.99
1970-1974	85	0.11748	0.11096	0.5	29361	3258	27732	164636	5.61
1970-1974	86	0.12988	0.12196	0.5	26103	3184	24511	136904	5.24
1970-1974	87	0.14338	0.13379	0.5	22920	3066	21386	112393	4.90
1970-1974	88	0.15803	0.14646	0.5	19853	2908	18399	91006	4.58
1970-1974	89	0.17387	0.15997	0.5	16945	2711	15590	72607	4.28
1970-1974	90	0.19094	0.17430	0.5	14235	2481	12994	57017	4.01
1970-1974	91	0.20927	0.18944	0.5	11754	2227	10640	44023	3.75
1970-1974	92	0.22885	0.20535	0.5	9527	1956	8549	33383	3.50
1970-1974	93	0.24968	0.22197	0.5	7571	1680	6730	24834	3.28
1970-1974	94	0.27175	0.23924	0.5	5890	1409	5186	18104	3.07
1970-1974	95	0.29499	0.25708	0.5	4481	1152	3905	12918	2.88
1970-1974	96	0.31936	0.27538	0.5	3329	917	2871	9013	2.71
1970-1974	97	0.34475	0.29406	0.5	2412	709	2058	6143	2.55
1970-1974	98	0.37106	0.31299	0.5	1703	533	1436	4085	2.40
1970-1974	99	0.39816	0.33205	0.5	1170	388	976	2649	2.26
1970-1974	100	0.42590	0.35112	0.5	781	274	644	1673	2.14
1970-1974	101	0.45411	0.37008	0.5	507	188	413	1029	2.03
1970-1974	102	0.48262	0.38880	0.5	319	124	257	615	1.93
1970-1974	103	0.51124	0.40716	0.5	195	79	155	358	1.83
1970-1974	104	0.53979	0.42507	0.5	116	49	91	203	1.75
1970-1974	105	0.56808	0.44242	0.5	67	29	52	111	1.68
1970-1974	106	0.59593	0.45913	0.5	37	17	29	60	1.61
1970-1974	107	0.62318	0.47513	0.5	20	10	15	31	1.55
1970-1974	108	0.64967	0.49038	0.5	11	5	8	16	1.50
1970-1974	109	0.67527	0.50482	0.5	5	3	4	8	1.46
1970-1974	110+	0.69986	1.00000	1.43	3	3	4	4	1.43
1975-1979	0	0.01273	0.01259	0.09	100000	1259	98853	7673739	76.74
1975-1979	1	0.00094	0.00094	0.5	98741	93	98695	7574886	76.71
1975-1979	2	0.00080	0.00080	0.5	98649	79	98609	7476191	75.79
1975-1979	3	0.00025	0.00025	0.5	98570	24	98558	7377582	74.85
1975-1979	4	0.00043	0.00043	0.5	98546	42	98525	7279024	73.86
1975-1979	5	0.00036	0.00036	0.5	98503	36	98486	7180500	72.90
1975-1979	6	0.00018	0.00018	0.5	98468	17	98459	7082014	71.92
1975-1979	7	0.00017	0.00017	0.5	98450	17	98442	6983555	70.93
1975-1979	8	0.00017	0.00017	0.5	98433	17	98425	6885113	69.95
1975-1979	9	0.00021	0.00021	0.5	98417	20	98407	6786688	68.96
1975-1979	10	0.00037	0.00037	0.5	98397	36	98379	6688282	67.97
1975-1979	11	0.00012	0.00012	0.5	98361	12	98355	6589903	67.00
1975-1979	12	0.00015	0.00015	0.5	98349	15	98342	6491548	66.01
1975-1979	13	0.00021	0.00021	0.5	98334	21	98324	6393207	65.01
1975-1979	14	0.00021	0.00021	0.5	98313	20	98303	6294883	64.03
1975-1979	15	0.00036	0.00036	0.5	98293	35	98275	6196580	63.04
1975-1979	16	0.00058	0.00058	0.5	98258	57	98229	6098304	62.06
1975-1979	17	0.00063	0.00063	0.5	98201	62	98170	6000075	61.10
1975-1979	18	0.00042	0.00042	0.5	98139	41	98118	5901905	60.14
1975-1979	19	0.00043	0.00043	0.5	98098	42	98077	5803787	59.16
1975-1979	20	0.00052	0.00052	0.5	98056	51	98031	5705711	58.19
1975-1979	21	0.00067	0.00067	0.5	98005	66	97972	5607680	57.22
1975-1979	22	0.00056	0.00056	0.5	97939	54	97912	5509708	56.26
1975-1979	23	0.00053	0.00053	0.5	97885	52	97859	5411796	55.29
1975-1979	24	0.00066	0.00066	0.5	97833	64	97801	5313937	54.32
1975-1979	25	0.00043	0.00043	0.5	97768	42	97747	5216136	53.35
1975-1979	26	0.00044	0.00044	0.5	97726	43	97705	5118389	52.37
1975-1979	27	0.00068	0.00068	0.5	97684	66	97651	5020684	51.40
1975-1979	28	0.00040	0.00040	0.5	97617	39	97598	4923033	50.43
1975-1979	29	0.00083	0.00083	0.5	97578	81	97537	4825435	49.45
1975-1979	30	0.00052	0.00052	0.5	97497	50	97472	4727898	48.49
1975-1979	31	0.00102	0.00102	0.5	97447	100	97397	4630426	47.52
1975-1979	32	0.00070	0.00070	0.5	97347	68	97313	4533029	46.57
1975-1979	33	0.00034	0.00034	0.5	97279	33	97263	4435716	45.60
1975-1979	34	0.00086	0.00086	0.5	97246	83	97204	4338453	44.61
1975-1979	35	0.00153	0.00153	0.5	97163	149	97088	4241249	43.65
1975-1979	36	0.00115	0.00115	0.5	97014	112	96958	4144161	42.72
1975-1979	37	0.00144	0.00143	0.5	96903	139	96833	4047202	41.77
1975-1979	38	0.00167	0.00167	0.5	96764	162	96683	3950369	40.82
1975-1979	39	0.00135	0.00135	0.5	96602	130	96537	3853686	39.89
1975-1979	40	0.00117	0.00117	0.5	96472	113	96415	3757149	38.95
1975-1979	41	0.00174	0.00174	0.5	96359	168	96275	3660734	37.99
1975-1979	42	0.00156	0.00156	0.5	96191	150	96116	3564459	37.06
1975-1979	43	0.00262	0.00262	0.5	96041	251	95915	3468343	36.11
1975-1979	44	0.00279	0.00278	0.5	95790	267	95656	3372428	35.21
1975-1979	45	0.00284	0.00283	0.5	95523	271	95387	3276771	34.30
1975-1979	46	0.00334	0.00334	0.5	95252	318	95093	3181384	33.40
1975-1979	47	0.00354	0.00353	0.5	94934	335	94766	3086291	32.51
1975-1979	48	0.00374	0.00373	0.5	94599	353	94422	2991525	31.62
1975-1979	49	0.00436	0.00435	0.5	94246	410	94041	2897103	30.74
1975-1979	50	0.00522	0.00521	0.5	93836	489	93591	2803062	29.87
1975-1979	51	0.00496	0.00495	0.5	93347	462	93116	2709471	29.03
1975-1979	52	0.00552	0.00551	0.5	92885	512	92629	2616355	28.17
1975-1979	53	0.00639	0.00637	0.5	92373	588	92079	2523725	27.32
1975-1979	54	0.00647	0.00645	0.5	91785	592	91489	2431646	26.49
1975-1979	55	0.00719	0.00716	0.5	91194	653	90867	2340157	25.66
1975-1979	56	0.00839	0.00835	0.5	90540	756	90162	2249290	24.84
1975-1979	57	0.00792	0.00788	0.5	89784	708	89430	2159128	24.05
1975-1979	58	0.01054	0.01048	0.5	89076	934	88609	2069698	23.24
1975-1979	59	0.00960	0.00955	0.5	88142	842	87721	1981089	22.48
1975-1979	60	0.01046	0.01041	0.5	87300	909	86846	1893368	21.69
1975-1979	61	0.01153	0.01147	0.5	86391	991	85896	1806522	20.91
1975-1979	62	0.01306	0.01297	0.5	85401	1108	84847	1720626	20.15
1975-1979	63	0.01579	0.01567	0.5	84293	1321	83632	1635779	19.41
1975-1979	64	0.01351	0.01342	0.5	82972	1113	82416	1552147	18.71
1975-1979	65	0.01703	0.01689	0.5	81859	1383	81168	1469731	17.95
1975-1979	66	0.01728	0.01713	0.5	80476	1378	79787	1388564	17.25
1975-1979	67	0.01939	0.01920	0.5	79098	1519	78338	1308776	16.55
1975-1979	68	0.01901	0.01883	0.5	77579	1461	76848	1230438	15.86
1975-1979	69	0.02274	0.02248	0.5	76118	1711	75262	1153589	15.16
1975-1979	70	0.02119	0.02097	0.5	74407	1560	73627	1078327	14.49
1975-1979	71	0.02670	0.02634	0.5	72846	1919	71887	1004701	13.79
1975-1979	72	0.02887	0.02846	0.5	70927	2018	69918	932814	13.15
1975-1979	73	0.03125	0.03077	0.5	68909	2120	67849	862895	12.52
1975-1979	74	0.03459	0.03401	0.5	66789	2271	65653	795046	11.90
1975-1979	75	0.04260	0.04171	0.5	64518	2691	63172	729393	11.31
1975-1979	76	0.04455	0.04358	0.5	61827	2694	60480	666221	10.78
1975-1979	77	0.04792	0.04680	0.5	59132	2767	57749	605741	10.24
1975-1979	78	0.05021	0.04898	0.5	56365	2761	54984	547993	9.72
1975-1979	79	0.05401	0.05259	0.5	53604	2819	52195	493008	9.20
1975-1979	80	0.05764	0.05603	0.5	50785	2845	49362	440814	8.68
1975-1979	81	0.06415	0.06215	0.5	47940	2980	46450	391451	8.17
1975-1979	82	0.07133	0.06888	0.5	44960	3097	43412	345001	7.67
1975-1979	83	0.07926	0.07624	0.5	41863	3191	40268	301590	7.20
1975-1979	84	0.08797	0.08427	0.5	38672	3259	37042	261322	6.76
1975-1979	85	0.09755	0.09301	0.5	35413	3294	33766	224280	6.33
1975-1979	86	0.10805	0.10251	0.5	32119	3292	30473	190514	5.93
1975-1979	87	0.11952	0.11278	0.5	28827	3251	27201	160041	5.55
1975-1979	88	0.13203	0.12386	0.5	25576	3168	23992	132839	5.19
1975-1979	89	0.14564	0.13575	0.5	22408	3042	20887	108848	4.86
1975-1979	90	0.16039	0.14848	0.5	19366	2875	17928	87961	4.54
1975-1979	91	0.17632	0.16204	0.5	16490	2672	15154	70033	4.25
1975-1979	92	0.19348	0.17641	0.5	13818	2438	12600	54878	3.97
1975-1979	93	0.21187	0.19157	0.5	11381	2180	10291	42279	3.71
1975-1979	94	0.23151	0.20749	0.5	9200	1909	8246	31988	3.48
1975-1979	95	0.25238	0.22410	0.5	7291	1634	6474	23742	3.26
1975-1979	96	0.27447	0.24135	0.5	5657	1365	4975	17268	3.05
1975-1979	97	0.29772	0.25914	0.5	4292	1112	3736	12293	2.86
1975-1979	98	0.32206	0.27739	0.5	3180	882	2739	8557	2.69
1975-1979	99	0.34741	0.29600	0.5	2298	680	1958	5818	2.53
1975-1979	100	0.37366	0.31484	0.5	1618	509	1363	3861	2.39
1975-1979	101	0.40067	0.33380	0.5	1108	370	923	2498	2.25
1975-1979	102	0.42830	0.35276	0.5	738	260	608	1574	2.13
1975-1979	103	0.45638	0.37159	0.5	478	178	389	966	2.02
1975-1979	104	0.48475	0.39018	0.5	300	117	242	577	1.92
1975-1979	105	0.51321	0.40841	0.5	183	75	146	335	1.83
1975-1979	106	0.54158	0.42618	0.5	108	46	85	190	1.75
1975-1979	107	0.56969	0.44339	0.5	62	28	48	104	1.68
1975-1979	108	0.59736	0.45998	0.5	35	16	27	56	1.62
1975-1979	109	0.62442	0.47586	0.5	19	9	14	29	1.57
1975-1979	110+	0.65073	1.00000	1.54	10	10	15	15	1.54
1980-1984	0	0.01068	0.01057	0.08	100000	1057	99030	7732589	77.33
1980-1984	1	0.00074	0.00074	0.5	98943	73	98906	7633558	77.15
1980-1984	2	0.00056	0.00056	0.5	98869	56	98841	7534652	76.21
1980-1984	3	0.00014	0.00014	0.5	98814	14	98807	7435811	75.25
1980-1984	4	0.00068	0.00068	0.5	98799	67	98766	7337004	74.26
1980-1984	5	0.00030	0.00030	0.5	98733	29	98718	7238238	73.31
1980-1984	6	0.00021	0.00021	0.5	98703	20	98693	7139520	72.33
1980-1984	7	0.00046	0.00046	0.5	98683	45	98660	7040827	71.35
1980-1984	8	0.00016	0.00016	0.5	98638	15	98630	6942167	70.38
1980-1984	9	0.00029	0.00029	0.5	98623	29	98608	6843536	69.39
1980-1984	10	0.00023	0.00023	0.5	98594	23	98582	6744928	68.41
1980-1984	11	0.00023	0.00023	0.5	98571	23	98560	6646346	67.43
1980-1984	12	0.00022	0.00022	0.5	98548	21	98537	6547787	66.44
1980-1984	13	0.00030	0.00030	0.5	98527	29	98512	6449249	65.46
1980-1984	14	0.00017	0.00017	0.5	98497	17	98489	6350737	64.48
1980-1984	15	0.00016	0.00016	0.5	98481	16	98473	6252248	63.49
1980-1984	16	0.00019	0.00019	0.5	98465	19	98455	6153775	62.50
1980-1984	17	0.00063	0.00063	0.5	98446	62	98414	6055320	61.51
1980-1984	18	0.00062	0.00062	0.5	98383	61	98353	5956906	60.55
1980-1984	19	0.00040	0.00040	0.5	98322	40	98302	5858553	59.59
1980-1984	20	0.00053	0.00053	0.5	98282	52	98256	5760251	58.61
1980-1984	21	0.00053	0.00053	0.5	98230	52	98204	5661995	57.64
1980-1984	22	0.00065	0.00065	0.5	98178	64	98146	5563790	56.67
1980-1984	23	0.00047	0.00047	0.5	98114	46	98091	5465644	55.71
1980-1984	24	0.00048	0.00048	0.5	98068	47	98045	5367553	54.73
1980-1984	25	0.00045	0.00045	0.5	98021	44	97999	5269508	53.76
1980-1984	26	0.00081	0.00081	0.5	97977	79	97938	5171509	52.78
1980-1984	27	0.00074	0.00074	0.5	97898	73	97862	5073571	51.83
1980-1984	28	0.00073	0.00073	0.5	97825	71	97790	4975710	50.86
1980-1984	29	0.00067	0.00067	0.5	97754	65	97722	4877920	49.90
1980-1984	30	0.00060	0.00060	0.5	97689	59	97660	4780198	48.93
1980-1984	31	0.00079	0.00079	0.5	97630	77	97592	4682538	47.96
1980-1984	32	0.00082	0.00082	0.5	97553	80	97513	4584947	47.00
1980-1984	33	0.00102	0.00102	0.5	97473	100	97423	4487434	46.04
1980-1984	34	0.00056	0.00056	0.5	97373	55	97346	4390010	45.08
1980-1984	35	0.00071	0.00071	0.5	97319	69	97284	4292665	44.11
1980-1984	36	0.00126	0.00125	0.5	97249	122	97188	4195381	43.14
1980-1984	37	0.00107	0.00107	0.5	97127	104	97075	4098192	42.19
1980-1984	38	0.00090	0.00090	0.5	97023	87	96980	4001117	41.24
1980-1984	39	0.00099	0.00099	0.5	96936	96	96888	3904138	40.28
1980-1984	40	0.00220	0.00220	0.5	96840	213	96734	3807250	39.31
1980-1984	41	0.00132	0.00132	0.5	96627	128	96564	3710516	38.40
1980-1984	42	0.00216	0.00215	0.5	96500	208	96396	3613952	37.45
1980-1984	43	0.00284	0.00283	0.5	96292	273	96156	3517556	36.53
1980-1984	44	0.00310	0.00309	0.5	96019	297	95871	3421401	35.63
1980-1984	45	0.00251	0.00251	0.5	95722	240	95602	3325530	34.74
1980-1984	46	0.00303	0.00303	0.5	95482	289	95338	3229927	33.83
1980-1984	47	0.00349	0.00348	0.5	95193	331	95028	3134590	32.93
1980-1984	48	0.00432	0.00431	0.5	94862	409	94657	3039562	32.04
1980-1984	49	0.00436	0.00435	0.5	94453	411	94247	2944905	31.18
1980-1984	50	0.00336	0.00336	0.5	94042	316	93884	2850657	30.31
1980-1984	51	0.00494	0.00492	0.5	93727	461	93496	2756773	29.41
1980-1984	52	0.00573	0.00571	0.5	93265	533	92999	2663277	28.56
1980-1984	53	0.00545	0.00544	0.5	92732	504	92480	2570279	27.72
1980-1984	54	0.00598	0.00596	0.5	92228	550	91953	2477798	26.87
1980-1984	55	0.00651	0.00649	0.5	91678	595	91381	2385845	26.02
1980-1984	56	0.00685	0.00683	0.5	91083	622	90772	2294465	25.19
1980-1984	57	0.00733	0.00730	0.5	90461	660	90131	2203693	24.36
1980-1984	58	0.00884	0.00880	0.5	89801	791	89406	2113562	23.54
1980-1984	59	0.00959	0.00955	0.5	89010	850	88585	2024156	22.74
1980-1984	60	0.01095	0.01089	0.5	88160	960	87680	1935571	21.96
1980-1984	61	0.01141	0.01135	0.5	87200	990	86705	1847891	21.19
1980-1984	62	0.01346	0.01337	0.5	86211	1152	85634	1761185	20.43
1980-1984	63	0.01302	0.01293	0.5	85058	1100	84508	1675551	19.70
1980-1984	64	0.01628	0.01615	0.5	83958	1356	83280	1591043	18.95
1980-1984	65	0.01673	0.01659	0.5	82602	1370	81917	1507762	18.25
1980-1984	66	0.01666	0.01652	0.5	81232	1342	80561	1425845	17.55
1980-1984	67	0.01743	0.01728	0.5	79890	1380	79200	1345284	16.84
1980-1984	68	0.02106	0.02084	0.5	78510	1637	77691	1266084	16.13
1980-1984	69	0.01906	0.01888	0.5	76873	1451	76147	1188392	15.46
1980-1984	70	0.02535	0.02503	0.5	75422	1888	74478	1112245	14.75
1980-1984	71	0.02718	0.02681	0.5	73534	1972	72548	1037767	14.11
1980-1984	72	0.03179	0.03130	0.5	71562	2240	70443	965219	13.49
1980-1984	73	0.02729	0.02692	0.5	69323	1867	68389	894777	12.91
1980-1984	74	0.03341	0.03286	0.5	67456	2216	66348	826387	12.25
1980-1984	75	0.03927	0.03851	0.5	65240	2512	63984	760039	11.65
1980-1984	76	0.04352	0.04259	0.5	62727	2671	61392	696055	11.10
1980-1984	77	0.04511	0.04412	0.5	60056	2650	58731	634664	10.57
1980-1984	78	0.05001	0.04879	0.5	57406	2801	56006	575933	10.03
1980-1984	79	0.05509	0.05361	0.5	54605	2927	53142	519927	9.52
1980-1984	80	0.05264	0.05129	0.5	51678	2651	50353	466785	9.03
1980-1984	81	0.05881	0.05713	0.5	49027	2801	47627	416432	8.49
1980-1984	82	0.06564	0.06355	0.5	46226	2938	44758	368806	7.98
1980-1984	83	0.07320	0.07062	0.5	43289	3057	41760	324048	7.49
1980-1984	84	0.08156	0.07837	0.5	40232	3153	38655	282288	7.02
1980-1984	85	0.09078	0.08684	0.5	37079	3220	35469	243633	6.57
1980-1984	86	0.10093	0.09608	0.5	33859	3253	32232	208164	6.15
1980-1984	87	0.11207	0.10613	0.5	30606	3248	28982	175931	5.75
1980-1984	88	0.12428	0.11701	0.5	27358	3201	25757	146949	5.37
1980-1984	89	0.13760	0.12875	0.5	24157	3110	22602	121192	5.02
1980-1984	90	0.15211	0.14136	0.5	21047	2975	19559	98591	4.68
1980-1984	91	0.16785	0.15485	0.5	18072	2798	16672	79031	4.37
1980-1984	92	0.18486	0.16922	0.5	15273	2585	13981	62359	4.08
1980-1984	93	0.20318	0.18444	0.5	12689	2340	11518	48378	3.81
1980-1984	94	0.22281	0.20048	0.5	10348	2075	9311	36860	3.56
1980-1984	95	0.24376	0.21728	0.5	8274	1798	7375	27549	3.33
1980-1984	96	0.26601	0.23478	0.5	6476	1520	5716	20174	3.12
1980-1984	97	0.28951	0.25290	0.5	4956	1253	4329	14458	2.92
1980-1984	98	0.31419	0.27154	0.5	3702	1005	3200	10129	2.74
1980-1984	99	0.33998	0.29058	0.5	2697	784	2305	6930	2.57
1980-1984	100	0.36675	0.30992	0.5	1913	593	1617	4624	2.42
1980-1984	101	0.39437	0.32941	0.5	1320	435	1103	3008	2.28
1980-1984	102	0.42267	0.34893	0.5	885	309	731	1905	2.15
1980-1984	103	0.45150	0.36835	0.5	576	212	470	1174	2.04
1980-1984	104	0.48066	0.38752	0.5	364	141	294	704	1.93
1980-1984	105	0.50994	0.40634	0.5	223	91	178	410	1.84
1980-1984	106	0.53916	0.42468	0.5	132	56	104	232	1.75
1980-1984	107	0.56812	0.44244	0.5	76	34	59	128	1.68
1980-1984	108	0.59661	0.45953	0.5	42	20	33	69	1.62
1980-1984	109	0.62447	0.47588	0.5	23	11	17	36	1.57
1980-1984	110+	0.65153	1.00000	1.53	12	12	18	18	1.53
1985-1989	0	0.01165	0.01153	0.09	100000	1153	98946	7748910	77.49
1985-1989	1	0.00088	0.00088	0.5	98847	87	98804	7649963	77.39
1985-1989	2	0.00062	0.00062	0.5	98761	61	98730	7551159	76.46
1985-1989	3	0.00057	0.00057	0.5	98700	56	98672	7452429	75.51
1985-1989	4	0.00017	0.00017	0.5	98644	17	98635	7353757	74.55
1985-1989	5	0.00026	0.00026	0.5	98627	26	98614	7255122	73.56
1985-1989	6	0.00040	0.00040	0.5	98601	39	98581	7156509	72.58
1985-1989	7	0.00018	0.00018	0.5	98561	18	98552	7057928	71.61
1985-1989	8	0.00010	0.00010	0.5	98543	9	98538	6959376	70.62
1985-1989	9	0.00024	0.00024	0.5	98534	24	98522	6860838	69.63
1985-1989	10	0.00029	0.00029	0.5	98510	29	98496	6762316	68.65
1985-1989	11	0.00026	0.00026	0.5	98482	25	98469	6663820	67.67
1985-1989	12	0.00015	0.00015	0.5	98456	15	98449	6565351	66.68
1985-1989	13	0.00010	0.00010	0.5	98442	10	98437	6466902	65.69
1985-1989	14	0.00019	0.00019	0.5	98432	19	98422	6368465	64.70
1985-1989	15	0.00018	0.00018	0.5	98413	18	98404	6270043	63.71
1985-1989	16	0.00053	0.00053	0.5	98395	53	98368	6171639	62.72
1985-1989	17	0.00026	0.00026	0.5	98342	25	98329	6073271	61.76
1985-1989	18	0.00070	0.00070	0.5	98317	68	98283	5974941	60.77
1985-1989	19	0.00027	0.00027	0.5	98248	27	98235	5876659	59.81
1985-1989	20	0.00055	0.00055	0.5	98221	54	98194	5778424	58.83
1985-1989	21	0.00060	0.00060	0.5	98167	59	98138	5680229	57.86
1985-1989	22	0.00070	0.00070	0.5	98108	69	98074	5582092	56.90
1985-1989	23	0.00070	0.00070	0.5	98040	68	98005	5484018	55.94
1985-1989	24	0.00054	0.00054	0.5	97971	53	97945	5386012	54.98
1985-1989	25	0.00058	0.00058	0.5	97919	57	97890	5288067	54.00
1985-1989	26	0.00059	0.00059	0.5	97862	58	97833	5190177	53.04
1985-1989	27	0.00071	0.00071	0.5	97804	69	97769	5092344	52.07
1985-1989	28	0.00067	0.00067	0.5	97734	66	97702	4994575	51.10
1985-1989	29	0.00034	0.00034	0.5	97669	33	97652	4896874	50.14
1985-1989	30	0.00070	0.00070	0.5	97635	68	97601	4799222	49.15
1985-1989	31	0.00085	0.00085	0.5	97567	83	97525	4701621	48.19
1985-1989	32	0.00085	0.00085	0.5	97484	83	97443	4604095	47.23
1985-1989	33	0.00083	0.00083	0.5	97401	81	97361	4506652	46.27
1985-1989	34	0.00114	0.00113	0.5	97321	110	97266	4409291	45.31
1985-1989	35	0.00074	0.00074	0.5	97210	72	97174	4312026	44.36
1985-1989	36	0.00129	0.00129	0.5	97138	125	97076	4214852	43.39
1985-1989	37	0.00151	0.00151	0.5	97013	147	96940	4117776	42.45
1985-1989	38	0.00103	0.00103	0.5	96867	100	96817	4020836	41.51
1985-1989	39	0.00116	0.00116	0.5	96767	112	96711	3924019	40.55
1985-1989	40	0.00178	0.00178	0.5	96655	172	96568	3827309	39.60
1985-1989	41	0.00163	0.00163	0.5	96482	157	96404	3730740	38.67
1985-1989	42	0.00184	0.00183	0.5	96325	177	96237	3634336	37.73
1985-1989	43	0.00154	0.00154	0.5	96149	148	96075	3538099	36.80
1985-1989	44	0.00203	0.00202	0.5	96001	194	95904	3442025	35.85
1985-1989	45	0.00167	0.00167	0.5	95806	160	95726	3346121	34.93
1985-1989	46	0.00232	0.00232	0.5	95647	222	95536	3250395	33.98
1985-1989	47	0.00264	0.00264	0.5	95425	252	95299	3154859	33.06
1985-1989	48	0.00339	0.00339	0.5	95173	322	95011	3059560	32.15
1985-1989	49	0.00375	0.00374	0.5	94850	355	94673	2964549	31.26
1985-1989	50	0.00288	0.00288	0.5	94496	272	94360	2869876	30.37
1985-1989	51	0.00475	0.00474	0.5	94224	446	94000	2775516	29.46
1985-1989	52	0.00435	0.00434	0.5	93777	407	93574	2681516	28.59
1985-1989	53	0.00641	0.00639	0.5	93370	596	93072	2587942	27.72
1985-1989	54	0.00565	0.00563	0.5	92774	523	92512	2494870	26.89
1985-1989	55	0.00707	0.00704	0.5	92251	650	91926	2402358	26.04
1985-1989	56	0.00819	0.00816	0.5	91601	747	91228	2310432	25.22
1985-1989	57	0.00663	0.00661	0.5	90854	600	90554	2219204	24.43
1985-1989	58	0.00857	0.00853	0.5	90254	770	89869	2128650	23.59
1985-1989	59	0.00951	0.00947	0.5	89484	847	89060	2038782	22.78
1985-1989	60	0.01042	0.01036	0.5	88637	919	88177	1949721	22.00
1985-1989	61	0.01004	0.00999	0.5	87718	877	87280	1861544	21.22
1985-1989	62	0.01299	0.01290	0.5	86841	1121	86281	1774264	20.43
1985-1989	63	0.01445	0.01434	0.5	85721	1229	85106	1687983	19.69
1985-1989	64	0.01542	0.01530	0.5	84491	1293	83845	1602877	18.97
1985-1989	65	0.01456	0.01445	0.5	83199	1202	82597	1519032	18.26
1985-1989	66	0.01828	0.01812	0.5	81996	1485	81254	1436434	17.52
1985-1989	67	0.01783	0.01768	0.5	80511	1423	79799	1355181	16.83
1985-1989	68	0.01883	0.01865	0.5	79088	1475	78350	1275381	16.13
1985-1989	69	0.02046	0.02026	0.5	77612	1572	76826	1197031	15.42
1985-1989	70	0.02270	0.02245	0.5	76040	1707	75187	1120205	14.73
1985-1989	71	0.02567	0.02535	0.5	74333	1884	73391	1045018	14.06
1985-1989	72	0.02671	0.02636	0.5	72449	1910	71494	971627	13.41
1985-1989	73	0.03117	0.03069	0.5	70539	2165	69457	900133	12.76
1985-1989	74	0.03755	0.03685	0.5	68374	2520	67115	830676	12.15
1985-1989	75	0.03616	0.03552	0.5	65855	2339	64685	763561	11.59
1985-1989	76	0.03781	0.03710	0.5	63515	2357	62337	698876	11.00
1985-1989	77	0.04716	0.04608	0.5	61159	2818	59750	636539	10.41
1985-1989	78	0.04991	0.04870	0.5	58341	2841	56920	576789	9.89
1985-1989	79	0.05317	0.05179	0.5	55500	2875	54063	519869	9.37
1985-1989	80	0.05505	0.05358	0.5	52625	2820	51215	465806	8.85
1985-1989	81	0.06140	0.05957	0.5	49806	2967	48322	414591	8.32
1985-1989	82	0.06842	0.06616	0.5	46839	3099	45289	366269	7.82
1985-1989	83	0.07618	0.07339	0.5	43740	3210	42135	320980	7.34
1985-1989	84	0.08475	0.08130	0.5	40530	3295	38882	278845	6.88
1985-1989	85	0.09417	0.08994	0.5	37235	3349	35560	239962	6.44
1985-1989	86	0.10452	0.09933	0.5	33886	3366	32203	204402	6.03
1985-1989	87	0.11587	0.10953	0.5	30520	3343	28849	172199	5.64
1985-1989	88	0.12827	0.12054	0.5	27177	3276	25539	143350	5.27
1985-1989	89	0.14179	0.13240	0.5	23901	3165	22319	117811	4.93
1985-1989	90	0.15648	0.14512	0.5	20737	3009	19232	95492	4.60
1985-1989	91	0.17238	0.15870	0.5	17727	2813	16321	76260	4.30
1985-1989	92	0.18953	0.17312	0.5	14914	2582	13623	59939	4.02
1985-1989	93	0.20796	0.18837	0.5	12332	2323	11171	46316	3.76
1985-1989	94	0.22768	0.20441	0.5	10009	2046	8986	35146	3.51
1985-1989	95	0.24869	0.22118	0.5	7963	1761	7082	26160	3.29
1985-1989	96	0.27095	0.23862	0.5	6202	1480	5462	19078	3.08
1985-1989	97	0.29442	0.25664	0.5	4722	1212	4116	13616	2.88
1985-1989	98	0.31904	0.27515	0.5	3510	966	3027	9500	2.71
1985-1989	99	0.34471	0.29403	0.5	2544	748	2170	6473	2.54
1985-1989	100	0.37132	0.31317	0.5	1796	563	1515	4302	2.40
1985-1989	101	0.39873	0.33245	0.5	1234	410	1029	2788	2.26
1985-1989	102	0.42679	0.35173	0.5	824	290	679	1759	2.14
1985-1989	103	0.45534	0.37089	0.5	534	198	435	1080	2.02
1985-1989	104	0.48417	0.38981	0.5	336	131	270	645	1.92
1985-1989	105	0.51312	0.40835	0.5	205	84	163	375	1.83
1985-1989	106	0.54198	0.42642	0.5	121	52	95	212	1.75
1985-1989	107	0.57055	0.44391	0.5	70	31	54	116	1.67
1985-1989	108	0.59867	0.46075	0.5	39	18	30	62	1.61
1985-1989	109	0.62615	0.47686	0.5	21	10	16	33	1.56
1985-1989	110+	0.65284	1.00000	1.53	11	11	17	17	1.53
1990-1994	0	0.00812	0.00806	0.08	100000	806	99255	7843735	78.44
1990-1994	1	0.00047	0.00047	0.5	99194	47	99170	7744480	78.07
1990-1994	2	0.00040	0.00040	0.5	99147	39	99127	7645310	77.11
1990-1994	3	0.00008	0.00008	0.5	99107	8	99103	7546183	76.14
1990-1994	4	0.00028	0.00028	0.5	99099	28	99086	7447080	75.15
1990-1994	5	0.00029	0.00029	0.5	99072	28	99058	7347994	74.17
1990-1994	6	0.00008	0.00008	0.5	99043	8	99039	7248937	73.19
1990-1994	7	0.00034	0.00034	0.5	99035	33	99018	7149897	72.20
1990-1994	8	0.00004	0.00004	0.5	99002	4	99000	7050879	71.22
1990-1994	9	0.00004	0.00004	0.5	98998	4	98995	6951879	70.22
1990-1994	10	0.00013	0.00013	0.5	98993	13	98987	6852884	69.23
1990-1994	11	0.00013	0.00013	0.5	98981	13	98974	6753897	68.23
1990-1994	12	0.00000	0.00000	0.5	98968	0	98968	6654922	67.24
1990-1994	13	0.00009	0.00009	0.5	98968	9	98964	6555954	66.24
1990-1994	14	0.00041	0.00041	0.5	98959	41	98939	6456991	65.25
1990-1994	15	0.00051	0.00051	0.5	98918	51	98893	6358052	64.28
1990-1994	16	0.00038	0.00038	0.5	98868	38	98849	6259159	63.31
1990-1994	17	0.00024	0.00024	0.5	98830	23	98818	6160310	62.33
1990-1994	18	0.00053	0.00053	0.5	98806	52	98780	6061492	61.35
1990-1994	19	0.00023	0.00023	0.5	98754	23	98743	5962712	60.38
1990-1994	20	0.00034	0.00034	0.5	98731	33	98715	5863969	59.39
1990-1994	21	0.00036	0.00036	0.5	98698	35	98680	5765255	58.41
1990-1994	22	0.00061	0.00061	0.5	98663	60	98632	5666575	57.43
1990-1994	23	0.00040	0.00040	0.5	98602	39	98582	5567942	56.47
1990-1994	24	0.00047	0.00047	0.5	98563	46	98540	5469360	55.49
1990-1994	25	0.00074	0.00074	0.5	98517	73	98480	5370820	54.52
1990-1994	26	0.00071	0.00070	0.5	98443	69	98409	5272340	53.56
1990-1994	27	0.00054	0.00054	0.5	98374	53	98347	5173932	52.59
1990-1994	28	0.00060	0.00060	0.5	98321	59	98291	5075584	51.62
1990-1994	29	0.00100	0.00100	0.5	98262	98	98213	4977293	50.65
1990-1994	30	0.00055	0.00055	0.5	98164	54	98137	4879080	49.70
1990-1994	31	0.00083	0.00082	0.5	98110	81	98070	4780943	48.73
1990-1994	32	0.00080	0.00080	0.5	98029	79	97990	4682873	47.77
1990-1994	33	0.00084	0.00084	0.5	97950	82	97909	4584883	46.81
1990-1994	34	0.00120	0.00120	0.5	97868	118	97810	4486974	45.85
1990-1994	35	0.00088	0.00088	0.5	97751	86	97708	4389164	44.90
1990-1994	36	0.00109	0.00109	0.5	97665	106	97612	4291456	43.94
1990-1994	37	0.00131	0.00131	0.5	97559	127	97495	4193844	42.99
1990-1994	38	0.00097	0.00097	0.5	97432	95	97384	4096349	42.04
1990-1994	39	0.00141	0.00141	0.5	97337	137	97268	3998964	41.08
1990-1994	40	0.00145	0.00145	0.5	97200	141	97129	3901696	40.14
1990-1994	41	0.00184	0.00184	0.5	97059	178	96969	3804567	39.20
1990-1994	42	0.00194	0.00194	0.5	96880	188	96786	3707597	38.27
1990-1994	43	0.00175	0.00175	0.5	96692	169	96608	3610811	37.34
1990-1994	44	0.00162	0.00162	0.5	96523	156	96445	3514203	36.41
1990-1994	45	0.00218	0.00218	0.5	96367	210	96262	3417758	35.47
1990-1994	46	0.00237	0.00237	0.5	96157	228	96043	3321496	34.54
1990-1994	47	0.00252	0.00252	0.5	95929	242	95808	3225454	33.62
1990-1994	48	0.00322	0.00322	0.5	95687	308	95533	3129646	32.71
1990-1994	49	0.00371	0.00370	0.5	95379	353	95202	3034113	31.81
1990-1994	50	0.00322	0.00322	0.5	95026	306	94873	2938911	30.93
1990-1994	51	0.00395	0.00394	0.5	94720	373	94533	2844038	30.03
1990-1994	52	0.00441	0.00440	0.5	94347	415	94139	2749504	29.14
1990-1994	53	0.00424	0.00423	0.5	93931	397	93733	2655366	28.27
1990-1994	54	0.00508	0.00507	0.5	93534	474	93297	2561633	27.39
1990-1994	55	0.00433	0.00432	0.5	93060	402	92859	2468336	26.52
1990-1994	56	0.00670	0.00668	0.5	92658	619	92349	2375477	25.64
1990-1994	57	0.00854	0.00850	0.5	92039	783	91648	2283128	24.81
1990-1994	58	0.00811	0.00808	0.5	91257	737	90888	2191480	24.01
1990-1994	59	0.00858	0.00855	0.5	90519	774	90133	2100592	23.21
1990-1994	60	0.00960	0.00956	0.5	89746	858	89317	2010460	22.40
1990-1994	61	0.01048	0.01043	0.5	88888	927	88425	1921143	21.61
1990-1994	62	0.01260	0.01252	0.5	87961	1101	87411	1832718	20.84
1990-1994	63	0.01243	0.01235	0.5	86860	1073	86324	1745308	20.09
1990-1994	64	0.01373	0.01364	0.5	85787	1170	85202	1658984	19.34
1990-1994	65	0.01531	0.01519	0.5	84617	1285	83974	1573782	18.60
1990-1994	66	0.01406	0.01396	0.5	83332	1163	82750	1489808	17.88
1990-1994	67	0.01702	0.01687	0.5	82169	1386	81475	1407057	17.12
1990-1994	68	0.02137	0.02114	0.5	80782	1708	79928	1325582	16.41
1990-1994	69	0.01993	0.01973	0.5	79074	1560	78294	1245654	15.75
1990-1994	70	0.02177	0.02153	0.5	77514	1669	76680	1167360	15.06
1990-1994	71	0.02565	0.02533	0.5	75845	1921	74885	1090680	14.38
1990-1994	72	0.02636	0.02601	0.5	73924	1923	72963	1015795	13.74
1990-1994	73	0.02932	0.02889	0.5	72001	2080	70961	942833	13.09
1990-1994	74	0.03206	0.03156	0.5	69921	2207	68817	871872	12.47
1990-1994	75	0.03255	0.03203	0.5	67714	2169	66630	803055	11.86
1990-1994	76	0.03827	0.03755	0.5	65545	2462	64315	736425	11.24
1990-1994	77	0.04678	0.04572	0.5	63084	2884	61642	672111	10.65
1990-1994	78	0.04644	0.04539	0.5	60200	2732	58834	610469	10.14
1990-1994	79	0.04954	0.04834	0.5	57468	2778	56079	551635	9.60
1990-1994	80	0.05211	0.05079	0.5	54690	2778	53301	495556	9.06
1990-1994	81	0.05825	0.05661	0.5	51912	2939	50443	442256	8.52
1990-1994	82	0.06507	0.06302	0.5	48973	3086	47430	391813	8.00
1990-1994	83	0.07263	0.07008	0.5	45887	3216	44279	344383	7.51
1990-1994	84	0.08098	0.07783	0.5	42671	3321	41011	300103	7.03
1990-1994	85	0.09020	0.08631	0.5	39350	3396	37652	259093	6.58
1990-1994	86	0.10036	0.09557	0.5	35954	3436	34236	221441	6.16
1990-1994	87	0.11152	0.10563	0.5	32518	3435	30800	187205	5.76
1990-1994	88	0.12376	0.11654	0.5	29083	3389	27388	156404	5.38
1990-1994	89	0.13712	0.12833	0.5	25693	3297	24045	129016	5.02
1990-1994	90	0.15168	0.14099	0.5	22396	3158	20818	104971	4.69
1990-1994	91	0.16749	0.15455	0.5	19239	2973	17752	84154	4.37
1990-1994	92	0.18459	0.16899	0.5	16265	2749	14891	66402	4.08
1990-1994	93	0.20300	0.18430	0.5	13517	2491	12271	51511	3.81
1990-1994	94	0.22275	0.20043	0.5	11026	2210	9921	39240	3.56
1990-1994	95	0.24384	0.21734	0.5	8816	1916	7858	29319	3.33
1990-1994	96	0.26624	0.23496	0.5	6900	1621	6089	21461	3.11
1990-1994	97	0.28990	0.25320	0.5	5279	1337	4610	15372	2.91
1990-1994	98	0.31477	0.27196	0.5	3942	1072	3406	10762	2.73
1990-1994	99	0.34074	0.29114	0.5	2870	836	2452	7356	2.56
1990-1994	100	0.36771	0.31061	0.5	2034	632	1718	4904	2.41
1990-1994	101	0.39554	0.33023	0.5	1402	463	1171	3185	2.27
1990-1994	102	0.42405	0.34987	0.5	939	329	775	2014	2.14
1990-1994	103	0.45308	0.36940	0.5	611	226	498	1239	2.03
1990-1994	104	0.48244	0.38868	0.5	385	150	310	741	1.93
1990-1994	105	0.51191	0.40759	0.5	235	96	187	431	1.83
1990-1994	106	0.54131	0.42601	0.5	139	59	110	244	1.75
1990-1994	107	0.57041	0.44383	0.5	80	36	62	134	1.67
1990-1994	108	0.59904	0.46097	0.5	45	21	34	72	1.61
1990-1994	109	0.62701	0.47736	0.5	24	11	18	37	1.56
1990-1994	110+	0.65416	1.00000	1.53	13	13	19	19	1.53
1995-1999	0	0.00750	0.00745	0.07	100000	745	99310	7889896	78.90
1995-1999	1	0.00057	0.00057	0.5	99255	56	99227	7790586	78.49
1995-1999	2	0.00021	0.00021	0.5	99198	20	99188	7691359	77.54
1995-1999	3	0.00028	0.00028	0.5	99178	28	99164	7592171	76.55
1995-1999	4	0.00023	0.00023	0.5	99150	23	99139	7493007	75.57
1995-1999	5	0.00015	0.00015	0.5	99127	15	99120	7393869	74.59
1995-1999	6	0.00015	0.00015	0.5	99112	15	99105	7294749	73.60
1995-1999	7	0.00019	0.00019	0.5	99097	18	99088	7195644	72.61
1995-1999	8	0.00008	0.00008	0.5	99079	8	99075	7096556	71.63
1995-1999	9	0.00012	0.00012	0.5	99071	11	99065	6997481	70.63
1995-1999	10	0.00012	0.00012	0.5	99060	12	99054	6898416	69.64
1995-1999	11	0.00016	0.00016	0.5	99048	16	99040	6799362	68.65
1995-1999	12	0.00023	0.00023	0.5	99032	23	99021	6700322	67.66
1995-1999	13	0.00020	0.00020	0.5	99009	20	98999	6601301	66.67
1995-1999	14	0.00028	0.00028	0.5	98989	28	98975	6502302	65.69
1995-1999	15	0.00028	0.00028	0.5	98961	28	98947	6403327	64.71
1995-1999	16	0.00041	0.00041	0.5	98933	41	98913	6304379	63.72
1995-1999	17	0.00045	0.00045	0.5	98892	45	98870	6205467	62.75
1995-1999	18	0.00042	0.00042	0.5	98848	41	98827	6106596	61.78
1995-1999	19	0.00035	0.00035	0.5	98807	35	98789	6007769	60.80
1995-1999	20	0.00035	0.00035	0.5	98772	34	98755	5908980	59.82
1995-1999	21	0.00035	0.00035	0.5	98738	35	98720	5810225	58.85
1995-1999	22	0.00034	0.00034	0.5	98703	33	98686	5711504	57.87
1995-1999	23	0.00048	0.00048	0.5	98670	47	98646	5612818	56.89
1995-1999	24	0.00033	0.00033	0.5	98623	32	98607	5514172	55.91
1995-1999	25	0.00044	0.00044	0.5	98590	44	98569	5415566	54.93
1995-1999	26	0.00060	0.00060	0.5	98547	59	98517	5316997	53.95
1995-1999	27	0.00034	0.00034	0.5	98488	33	98471	5218480	52.99
1995-1999	28	0.00049	0.00049	0.5	98455	48	98430	5120008	52.00
1995-1999	29	0.00109	0.00109	0.5	98406	107	98353	5021578	51.03
1995-1999	30	0.00080	0.00080	0.5	98299	79	98260	4923225	50.08
1995-1999	31	0.00085	0.00085	0.5	98220	83	98179	4824966	49.12
1995-1999	32	0.00094	0.00094	0.5	98137	92	98091	4726787	48.17
1995-1999	33	0.00121	0.00121	0.5	98045	119	97985	4628696	47.21
1995-1999	34	0.00092	0.00092	0.5	97926	90	97881	4530711	46.27
1995-1999	35	0.00130	0.00130	0.5	97836	127	97772	4432830	45.31
1995-1999	36	0.00167	0.00167	0.5	97708	163	97627	4335058	44.37
1995-1999	37	0.00130	0.00130	0.5	97545	127	97482	4237432	43.44
1995-1999	38	0.00155	0.00155	0.5	97418	151	97343	4139950	42.50
1995-1999	39	0.00157	0.00157	0.5	97268	152	97192	4042607	41.56
1995-1999	40	0.00156	0.00156	0.5	97115	152	97040	3945415	40.63
1995-1999	41	0.00197	0.00197	0.5	96964	191	96868	3848375	39.69
1995-1999	42	0.00159	0.00159	0.5	96773	154	96696	3751507	38.77
1995-1999	43	0.00269	0.00268	0.5	96619	259	96490	3654811	37.83
1995-1999	44	0.00229	0.00229	0.5	96360	221	96250	3558321	36.93
1995-1999	45	0.00229	0.00229	0.5	96140	220	96030	3462071	36.01
1995-1999	46	0.00186	0.00186	0.5	95920	178	95831	3366041	35.09
1995-1999	47	0.00274	0.00274	0.5	95741	262	95610	3270211	34.16
1995-1999	48	0.00267	0.00266	0.5	95479	254	95352	3174600	33.25
1995-1999	49	0.00303	0.00302	0.5	95225	288	95081	3079248	32.34
1995-1999	50	0.00286	0.00286	0.5	94937	271	94801	2984168	31.43
1995-1999	51	0.00318	0.00318	0.5	94666	301	94515	2889366	30.52
1995-1999	52	0.00372	0.00371	0.5	94365	350	94190	2794851	29.62
1995-1999	53	0.00509	0.00507	0.5	94015	477	93776	2700661	28.73
1995-1999	54	0.00477	0.00476	0.5	93538	445	93315	2606885	27.87
1995-1999	55	0.00622	0.00620	0.5	93092	577	92804	2513570	27.00
1995-1999	56	0.00599	0.00597	0.5	92515	553	92239	2420766	26.17
1995-1999	57	0.00677	0.00675	0.5	91963	620	91652	2328527	25.32
1995-1999	58	0.00711	0.00709	0.5	91342	647	91019	2236875	24.49
1995-1999	59	0.00801	0.00798	0.5	90695	724	90333	2145856	23.66
1995-1999	60	0.00995	0.00990	0.5	89971	891	89526	2055523	22.85
1995-1999	61	0.01071	0.01065	0.5	89080	949	88606	1965998	22.07
1995-1999	62	0.01160	0.01153	0.5	88131	1016	87623	1877392	21.30
1995-1999	63	0.01002	0.00997	0.5	87115	868	86681	1789769	20.54
1995-1999	64	0.01208	0.01200	0.5	86247	1035	85729	1703088	19.75
1995-1999	65	0.01322	0.01313	0.5	85212	1119	84652	1617358	18.98
1995-1999	66	0.01562	0.01550	0.5	84093	1303	83441	1532706	18.23
1995-1999	67	0.01529	0.01517	0.5	82790	1256	82162	1449265	17.51
1995-1999	68	0.01651	0.01638	0.5	81534	1335	80866	1367103	16.77
1995-1999	69	0.01777	0.01761	0.5	80198	1412	79492	1286237	16.04
1995-1999	70	0.02184	0.02161	0.5	78786	1702	77935	1206745	15.32
1995-1999	71	0.02290	0.02264	0.5	77084	1745	76211	1128810	14.64
1995-1999	72	0.02518	0.02487	0.5	75338	1873	74402	1052599	13.97
1995-1999	73	0.02819	0.02780	0.5	73465	2042	72444	978197	13.32
1995-1999	74	0.03102	0.03055	0.5	71423	2182	70332	905753	12.68
1995-1999	75	0.03345	0.03290	0.5	69241	2278	68102	835421	12.07
1995-1999	76	0.03496	0.03436	0.5	66963	2301	65813	767319	11.46
1995-1999	77	0.04291	0.04201	0.5	64663	2716	63305	701506	10.85
1995-1999	78	0.04080	0.03998	0.5	61947	2477	60708	638201	10.30
1995-1999	79	0.04832	0.04718	0.5	59470	2806	58067	577493	9.71
1995-1999	80	0.05017	0.04894	0.5	56664	2773	55277	519426	9.17
1995-1999	81	0.05625	0.05471	0.5	53891	2948	52417	464149	8.61
1995-1999	82	0.06301	0.06109	0.5	50942	3112	49386	411732	8.08
1995-1999	83	0.07053	0.06812	0.5	47831	3258	46201	362346	7.58
1995-1999	84	0.07886	0.07587	0.5	44572	3382	42881	316144	7.09
1995-1999	85	0.08809	0.08437	0.5	41191	3475	39453	273263	6.63
1995-1999	86	0.09828	0.09368	0.5	37715	3533	35949	233810	6.20
1995-1999	87	0.10951	0.10383	0.5	34182	3549	32408	197861	5.79
1995-1999	88	0.12185	0.11486	0.5	30633	3518	28874	165454	5.40
1995-1999	89	0.13537	0.12679	0.5	27115	3438	25396	136580	5.04
1995-1999	90	0.15014	0.13965	0.5	23677	3307	22023	111184	4.70
1995-1999	91	0.16620	0.15345	0.5	20370	3126	18807	89161	4.38
1995-1999	92	0.18361	0.16817	0.5	17244	2900	15794	70354	4.08
1995-1999	93	0.20240	0.18380	0.5	14344	2637	13026	54559	3.80
1995-1999	94	0.22259	0.20030	0.5	11708	2345	10535	41533	3.55
1995-1999	95	0.24418	0.21761	0.5	9363	2037	8344	30998	3.31
1995-1999	96	0.26715	0.23567	0.5	7325	1726	6462	22654	3.09
1995-1999	97	0.29144	0.25437	0.5	5599	1424	4887	16192	2.89
1995-1999	98	0.31698	0.27361	0.5	4175	1142	3604	11305	2.71
1995-1999	99	0.34368	0.29328	0.5	3032	889	2588	7701	2.54
1995-1999	100	0.37140	0.31323	0.5	2143	671	1807	5113	2.39
1995-1999	101	0.39999	0.33333	0.5	1472	491	1227	3306	2.25
1995-1999	102	0.42929	0.35343	0.5	981	347	808	2079	2.12
1995-1999	103	0.45908	0.37338	0.5	634	237	516	1271	2.00
1995-1999	104	0.48918	0.39304	0.5	398	156	319	755	1.90
1995-1999	105	0.51935	0.41229	0.5	241	99	192	436	1.81
1995-1999	106	0.54938	0.43099	0.5	142	61	111	244	1.72
1995-1999	107	0.57905	0.44904	0.5	81	36	63	133	1.65
1995-1999	108	0.60817	0.46636	0.5	44	21	34	71	1.59
1995-1999	109	0.63653	0.48286	0.5	24	11	18	36	1.54
1995-1999	110+	0.66398	1.00000	1.51	12	12	18	18	1.51
2000-2004	0	0.00877	0.00870	0.08	100000	870	99198	7928627	79.29
2000-2004	1	0.00054	0.00054	0.5	99130	54	99103	7829430	78.98
2000-2004	2	0.00016	0.00016	0.5	99077	15	99069	7730326	78.02
2000-2004	3	0.00024	0.00024	0.5	99061	24	99049	7631258	77.04
2000-2004	4	0.00028	0.00028	0.5	99037	27	99024	7532208	76.05
2000-2004	5	0.00028	0.00028	0.5	99010	27	98996	7433185	75.08
2000-2004	6	0.00012	0.00012	0.5	98983	12	98977	7334188	74.10
2000-2004	7	0.00023	0.00023	0.5	98971	23	98960	7235211	73.10
2000-2004	8	0.00008	0.00008	0.5	98948	7	98945	7136252	72.12
2000-2004	9	0.00004	0.00004	0.5	98941	4	98939	7037307	71.13
2000-2004	10	0.00014	0.00014	0.5	98937	14	98930	6938368	70.13
2000-2004	11	0.00025	0.00025	0.5	98923	25	98911	6839437	69.14
2000-2004	12	0.00014	0.00014	0.5	98899	14	98892	6740526	68.16
2000-2004	13	0.00021	0.00021	0.5	98885	21	98874	6641635	67.17
2000-2004	14	0.00014	0.00014	0.5	98863	14	98856	6542761	66.18
2000-2004	15	0.00018	0.00018	0.5	98849	18	98840	6443904	65.19
2000-2004	16	0.00041	0.00041	0.5	98831	41	98811	6345064	64.20
2000-2004	17	0.00060	0.00060	0.5	98790	59	98761	6246254	63.23
2000-2004	18	0.00039	0.00039	0.5	98731	39	98712	6147493	62.27
2000-2004	19	0.00016	0.00016	0.5	98692	16	98684	6048781	61.29
2000-2004	20	0.00034	0.00034	0.5	98677	34	98660	5950097	60.30
2000-2004	21	0.00053	0.00053	0.5	98643	52	98617	5851437	59.32
2000-2004	22	0.00043	0.00043	0.5	98591	42	98569	5752820	58.35
2000-2004	23	0.00059	0.00059	0.5	98548	58	98519	5654251	57.38
2000-2004	24	0.00052	0.00052	0.5	98491	51	98465	5555731	56.41
2000-2004	25	0.00034	0.00034	0.5	98440	34	98423	5457266	55.44
2000-2004	26	0.00044	0.00044	0.5	98406	43	98385	5358843	54.46
2000-2004	27	0.00068	0.00068	0.5	98363	66	98330	5260459	53.48
2000-2004	28	0.00031	0.00031	0.5	98297	31	98281	5162129	52.52
2000-2004	29	0.00073	0.00073	0.5	98266	71	98230	5063848	51.53
2000-2004	30	0.00048	0.00048	0.5	98195	47	98171	4965617	50.57
2000-2004	31	0.00100	0.00100	0.5	98148	98	98098	4867446	49.59
2000-2004	32	0.00095	0.00095	0.5	98049	93	98003	4769348	48.64
2000-2004	33	0.00079	0.00079	0.5	97956	77	97917	4671345	47.69
2000-2004	34	0.00129	0.00129	0.5	97879	126	97816	4573428	46.73
2000-2004	35	0.00075	0.00075	0.5	97753	74	97716	4475612	45.79
2000-2004	36	0.00088	0.00087	0.5	97679	85	97636	4377896	44.82
2000-2004	37	0.00138	0.00138	0.5	97594	135	97526	4280260	43.86
2000-2004	38	0.00114	0.00114	0.5	97459	111	97403	4182733	42.92
2000-2004	39	0.00148	0.00148	0.5	97348	144	97276	4085330	41.97
2000-2004	40	0.00207	0.00206	0.5	97204	201	97104	3988054	41.03
2000-2004	41	0.00219	0.00219	0.5	97003	212	96897	3890951	40.11
2000-2004	42	0.00251	0.00250	0.5	96791	242	96670	3794054	39.20
2000-2004	43	0.00217	0.00216	0.5	96548	209	96444	3697384	38.30
2000-2004	44	0.00231	0.00231	0.5	96340	223	96228	3600940	37.38
2000-2004	45	0.00241	0.00240	0.5	96117	231	96002	3504712	36.46
2000-2004	46	0.00301	0.00300	0.5	95886	288	95742	3408710	35.55
2000-2004	47	0.00217	0.00217	0.5	95598	207	95495	3312968	34.66
2000-2004	48	0.00308	0.00307	0.5	95391	293	95245	3217473	33.73
2000-2004	49	0.00404	0.00404	0.5	95098	384	94906	3122229	32.83
2000-2004	50	0.00357	0.00356	0.5	94714	337	94546	3027322	31.96
2000-2004	51	0.00388	0.00388	0.5	94377	366	94194	2932777	31.08
2000-2004	52	0.00349	0.00348	0.5	94011	328	93847	2838583	30.19
2000-2004	53	0.00435	0.00434	0.5	93683	407	93480	2744736	29.30
2000-2004	54	0.00540	0.00539	0.5	93277	502	93026	2651255	28.42
2000-2004	55	0.00454	0.00453	0.5	92775	420	92565	2558230	27.57
2000-2004	56	0.00542	0.00541	0.5	92355	499	92105	2465665	26.70
2000-2004	57	0.00600	0.00598	0.5	91855	550	91581	2373560	25.84
2000-2004	58	0.00693	0.00690	0.5	91306	630	90991	2281979	24.99
2000-2004	59	0.00659	0.00657	0.5	90675	595	90378	2190989	24.16
2000-2004	60	0.00839	0.00835	0.5	90080	752	89704	2100611	23.32
2000-2004	61	0.00811	0.00808	0.5	89328	722	88967	2010907	22.51
2000-2004	62	0.00983	0.00978	0.5	88606	867	88173	1921940	21.69
2000-2004	63	0.00990	0.00985	0.5	87740	865	87307	1833767	20.90
2000-2004	64	0.01105	0.01099	0.5	86875	954	86398	1746460	20.10
2000-2004	65	0.00979	0.00975	0.5	85920	837	85502	1660062	19.32
2000-2004	66	0.01282	0.01273	0.5	85083	1084	84541	1574560	18.51
2000-2004	67	0.01426	0.01416	0.5	84000	1189	83405	1490019	17.74
2000-2004	68	0.01581	0.01569	0.5	82811	1299	82161	1406614	16.99
2000-2004	69	0.01726	0.01712	0.5	81511	1395	80814	1324453	16.25
2000-2004	70	0.02014	0.01994	0.5	80116	1598	79317	1243640	15.52
2000-2004	71	0.02124	0.02102	0.5	78518	1651	77693	1164323	14.83
2000-2004	72	0.02142	0.02119	0.5	76868	1629	76053	1086630	14.14
2000-2004	73	0.02378	0.02350	0.5	75239	1768	74355	1010577	13.43
2000-2004	74	0.02789	0.02750	0.5	73471	2021	72460	936222	12.74
2000-2004	75	0.03212	0.03161	0.5	71450	2259	70321	863762	12.09
2000-2004	76	0.03549	0.03487	0.5	69191	2413	67985	793441	11.47
2000-2004	77	0.03750	0.03681	0.5	66779	2458	65550	725456	10.86
2000-2004	78	0.04241	0.04153	0.5	64321	2671	62985	659906	10.26
2000-2004	79	0.04843	0.04729	0.5	61649	2915	60192	596921	9.68
2000-2004	80	0.04856	0.04741	0.5	58734	2785	57342	536730	9.14
2000-2004	81	0.05479	0.05332	0.5	55949	2983	54458	479388	8.57
2000-2004	82	0.06176	0.05991	0.5	52966	3173	51379	424931	8.02
2000-2004	83	0.06955	0.06721	0.5	49793	3347	48119	373551	7.50
2000-2004	84	0.07824	0.07530	0.5	46446	3497	44697	325432	7.01
2000-2004	85	0.08792	0.08422	0.5	42949	3617	41140	280735	6.54
2000-2004	86	0.09867	0.09403	0.5	39332	3698	37482	239595	6.09
2000-2004	87	0.11057	0.10478	0.5	35633	3734	33766	202112	5.67
2000-2004	88	0.12371	0.11651	0.5	31899	3717	30041	168346	5.28
2000-2004	89	0.13817	0.12925	0.5	28183	3643	26362	138305	4.91
2000-2004	90	0.15403	0.14301	0.5	24540	3510	22786	111943	4.56
2000-2004	91	0.17134	0.15782	0.5	21031	3319	19371	89157	4.24
2000-2004	92	0.19016	0.17365	0.5	17712	3076	16174	69786	3.94
2000-2004	93	0.21052	0.19047	0.5	14636	2788	13242	53612	3.66
2000-2004	94	0.23243	0.20823	0.5	11848	2467	10615	40370	3.41
2000-2004	95	0.25589	0.22686	0.5	9381	2128	8317	29755	3.17
2000-2004	96	0.28085	0.24626	0.5	7253	1786	6360	21438	2.96
2000-2004	97	0.30723	0.26632	0.5	5467	1456	4739	15078	2.76
2000-2004	98	0.33494	0.28690	0.5	4011	1151	3436	10339	2.58
2000-2004	99	0.36384	0.30784	0.5	2860	880	2420	6903	2.41
2000-2004	100	0.39376	0.32899	0.5	1980	651	1654	4484	2.26
2000-2004	101	0.42449	0.35017	0.5	1328	465	1096	2829	2.13
2000-2004	102	0.45582	0.37122	0.5	863	320	703	1734	2.01
2000-2004	103	0.48750	0.39196	0.5	543	213	436	1031	1.90
2000-2004	104	0.51928	0.41225	0.5	330	136	262	594	1.80
2000-2004	105	0.55091	0.43193	0.5	194	84	152	332	1.71
2000-2004	106	0.58213	0.45089	0.5	110	50	85	180	1.63
2000-2004	107	0.61271	0.46902	0.5	61	28	46	95	1.57
2000-2004	108	0.64242	0.48624	0.5	32	16	24	48	1.51
2000-2004	109	0.67108	0.50248	0.5	17	8	12	24	1.46
2000-2004	110+	0.69852	1.00000	1.43	8	8	12	12	1.43
2005-2009	0	0.00803	0.00797	0.08	100000	797	99264	8021086	80.21
2005-2009	1	0.00051	0.00051	0.5	99203	50	99178	7921822	79.85
2005-2009	2	0.00018	0.00018	0.5	99153	18	99144	7822644	78.89
2005-2009	3	0.00019	0.00019	0.5	99135	19	99126	7723500	77.91
2005-2009	4	0.00011	0.00011	0.5	99117	11	99111	7624374	76.92
2005-2009	5	0.00007	0.00007	0.5	99106	7	99102	7525263	75.93
2005-2009	6	0.00015	0.00015	0.5	99098	15	99091	7426161	74.94
2005-2009	7	0.00008	0.00008	0.5	99083	8	99080	7327070	73.95
2005-2009	8	0.00008	0.00008	0.5	99076	8	99072	7227990	72.95
2005-2009	9	0.00008	0.00008	0.5	99068	7	99064	7128918	71.96
2005-2009	10	0.00011	0.00011	0.5	99061	11	99055	7029854	70.97
2005-2009	11	0.00004	0.00004	0.5	99050	4	99048	6930798	69.97
2005-2009	12	0.00014	0.00014	0.5	99047	14	99040	6831750	68.98
2005-2009	13	0.00010	0.00010	0.5	99033	10	99027	6732711	67.98
2005-2009	14	0.00018	0.00018	0.5	99022	17	99014	6633683	66.99
2005-2009	15	0.00017	0.00017	0.5	99005	17	98997	6534670	66.00
2005-2009	16	0.00013	0.00013	0.5	98988	13	98982	6435673	65.01
2005-2009	17	0.00057	0.00057	0.5	98975	57	98947	6336691	64.02
2005-2009	18	0.00047	0.00047	0.5	98919	47	98895	6237744	63.06
2005-2009	19	0.00050	0.00050	0.5	98872	50	98847	6138849	62.09
2005-2009	20	0.00047	0.00047	0.5	98822	46	98799	6040002	61.12
2005-2009	21	0.00051	0.00051	0.5	98776	50	98751	5941202	60.15
2005-2009	22	0.00059	0.00059	0.5	98726	58	98697	5842451	59.18
2005-2009	23	0.00047	0.00047	0.5	98668	46	98645	5743754	58.21
2005-2009	24	0.00031	0.00031	0.5	98621	31	98606	5645110	57.24
2005-2009	25	0.00048	0.00048	0.5	98590	48	98566	5546504	56.26
2005-2009	26	0.00051	0.00051	0.5	98543	50	98517	5447938	55.29
2005-2009	27	0.00064	0.00064	0.5	98492	63	98461	5349420	54.31
2005-2009	28	0.00047	0.00047	0.5	98429	46	98406	5250959	53.35
2005-2009	29	0.00058	0.00058	0.5	98383	57	98354	5152553	52.37
2005-2009	30	0.00072	0.00072	0.5	98326	70	98291	5054199	51.40
2005-2009	31	0.00090	0.00090	0.5	98255	88	98211	4955908	50.44
2005-2009	32	0.00093	0.00093	0.5	98167	91	98121	4857697	49.48
2005-2009	33	0.00087	0.00087	0.5	98076	85	98033	4759576	48.53
2005-2009	34	0.00059	0.00059	0.5	97991	58	97962	4661542	47.57
2005-2009	35	0.00098	0.00098	0.5	97933	96	97885	4563581	46.60
2005-2009	36	0.00080	0.00080	0.5	97837	78	97798	4465696	45.64
2005-2009	37	0.00090	0.00090	0.5	97759	88	97715	4367897	44.68
2005-2009	38	0.00134	0.00134	0.5	97671	131	97605	4270183	43.72
2005-2009	39	0.00165	0.00165	0.5	97540	161	97459	4172577	42.78
2005-2009	40	0.00165	0.00165	0.5	97379	160	97299	4075118	41.85
2005-2009	41	0.00159	0.00159	0.5	97219	155	97141	3977819	40.92
2005-2009	42	0.00208	0.00208	0.5	97064	202	96963	3880678	39.98
2005-2009	43	0.00226	0.00226	0.5	96862	219	96752	3783715	39.06
2005-2009	44	0.00230	0.00230	0.5	96643	222	96532	3686963	38.15
2005-2009	45	0.00243	0.00243	0.5	96421	234	96304	3590431	37.24
2005-2009	46	0.00323	0.00323	0.5	96187	310	96032	3494126	36.33
2005-2009	47	0.00232	0.00232	0.5	95877	222	95766	3398094	35.44
2005-2009	48	0.00296	0.00296	0.5	95654	283	95513	3302329	34.52
2005-2009	49	0.00328	0.00327	0.5	95372	312	95215	3206816	33.62
2005-2009	50	0.00442	0.00441	0.5	95059	420	94849	3111601	32.73
2005-2009	51	0.00461	0.00460	0.5	94640	436	94422	3016751	31.88
2005-2009	52	0.00425	0.00424	0.5	94204	399	94004	2922329	31.02
2005-2009	53	0.00447	0.00446	0.5	93805	419	93595	2828325	30.15
2005-2009	54	0.00439	0.00438	0.5	93386	409	93182	2734729	29.28
2005-2009	55	0.00525	0.00523	0.5	92977	487	92734	2641548	28.41
2005-2009	56	0.00490	0.00489	0.5	92491	452	92265	2548814	27.56
2005-2009	57	0.00567	0.00565	0.5	92038	520	91778	2456549	26.69
2005-2009	58	0.00554	0.00553	0.5	91518	506	91265	2364771	25.84
2005-2009	59	0.00639	0.00637	0.5	91012	580	90723	2273506	24.98
2005-2009	60	0.00608	0.00607	0.5	90433	549	90159	2182783	24.14
2005-2009	61	0.00709	0.00707	0.5	89884	635	89567	2092624	23.28
2005-2009	62	0.00838	0.00834	0.5	89249	745	88877	2003058	22.44
2005-2009	63	0.00878	0.00874	0.5	88505	773	88118	1914181	21.63
2005-2009	64	0.00870	0.00866	0.5	87731	760	87351	1826063	20.81
2005-2009	65	0.01164	0.01157	0.5	86971	1006	86468	1738712	19.99
2005-2009	66	0.01136	0.01129	0.5	85965	971	85480	1652244	19.22
2005-2009	67	0.01195	0.01188	0.5	84994	1010	84490	1566764	18.43
2005-2009	68	0.01335	0.01326	0.5	83985	1114	83428	1482274	17.65
2005-2009	69	0.01652	0.01639	0.5	82871	1358	82192	1398847	16.88
2005-2009	70	0.01781	0.01766	0.5	81513	1439	80793	1316655	16.15
2005-2009	71	0.01775	0.01759	0.5	80073	1409	79369	1235862	15.43
2005-2009	72	0.01748	0.01733	0.5	78665	1363	77983	1156493	14.70
2005-2009	73	0.02240	0.02216	0.5	77302	1713	76445	1078510	13.95
2005-2009	74	0.02295	0.02269	0.5	75589	1715	74731	1002065	13.26
2005-2009	75	0.02744	0.02707	0.5	73874	2000	72874	927333	12.55
2005-2009	76	0.03024	0.02979	0.5	71874	2141	70804	854459	11.89
2005-2009	77	0.03513	0.03452	0.5	69733	2407	68529	783656	11.24
2005-2009	78	0.03711	0.03643	0.5	67326	2453	66099	715126	10.62
2005-2009	79	0.04280	0.04191	0.5	64873	2719	63514	649027	10.00
2005-2009	80	0.04472	0.04374	0.5	62154	2719	60795	585513	9.42
2005-2009	81	0.05067	0.04942	0.5	59436	2937	57967	524718	8.83
2005-2009	82	0.05736	0.05576	0.5	56498	3150	54923	466751	8.26
2005-2009	83	0.06488	0.06284	0.5	53348	3352	51672	411828	7.72
2005-2009	84	0.07330	0.07071	0.5	49996	3535	48228	360156	7.20
2005-2009	85	0.08272	0.07944	0.5	46460	3691	44615	311929	6.71
2005-2009	86	0.09323	0.08908	0.5	42770	3810	40865	267313	6.25
2005-2009	87	0.10492	0.09969	0.5	38960	3884	37018	226449	5.81
2005-2009	88	0.11789	0.11133	0.5	35076	3905	33123	189431	5.40
2005-2009	89	0.13222	0.12402	0.5	31171	3866	29238	156307	5.01
2005-2009	90	0.14801	0.13781	0.5	27305	3763	25424	127069	4.65
2005-2009	91	0.16532	0.15269	0.5	23542	3595	21745	101646	4.32
2005-2009	92	0.18421	0.16868	0.5	19947	3365	18265	79901	4.01
2005-2009	93	0.20474	0.18572	0.5	16583	3080	15043	61636	3.72
2005-2009	94	0.22691	0.20379	0.5	13503	2752	12127	46593	3.45
2005-2009	95	0.25073	0.22280	0.5	10751	2395	9553	34466	3.21
2005-2009	96	0.27616	0.24266	0.5	8356	2028	7342	24913	2.98
2005-2009	97	0.30313	0.26323	0.5	6328	1666	5495	17571	2.78
2005-2009	98	0.33152	0.28438	0.5	4662	1326	3999	12075	2.59
2005-2009	99	0.36119	0.30594	0.5	3337	1021	2826	8076	2.42
2005-2009	100	0.39196	0.32773	0.5	2316	759	1936	5250	2.27
2005-2009	101	0.42361	0.34957	0.5	1557	544	1285	3314	2.13
2005-2009	102	0.45591	0.37127	0.5	1013	376	825	2029	2.00
2005-2009	103	0.48857	0.39265	0.5	637	250	512	1204	1.89
2005-2009	104	0.52134	0.41354	0.5	387	160	307	693	1.79
2005-2009	105	0.55392	0.43378	0.5	227	98	178	386	1.70
2005-2009	106	0.58605	0.45324	0.5	128	58	99	208	1.62
2005-2009	107	0.61746	0.47180	0.5	70	33	54	109	1.55
2005-2009	108	0.64792	0.48938	0.5	37	18	28	55	1.49
2005-2009	109	0.67722	0.50591	0.5	19	10	14	27	1.45
2005-2009	110+	0.70519	1.00000	1.42	9	9	13	13	1.42
2010-2014	0	0.00703	0.00698	0.07	100000	698	99353	8086024	80.86
2010-2014	1	0.00030	0.00030	0.5	99302	29	99287	7986671	80.43
2010-2014	2	0.00022	0.00022	0.5	99273	22	99262	7887384	79.45
2010-2014	3	0.00029	0.00029	0.5	99251	29	99236	7788122	78.47
2010-2014	4	0.00018	0.00018	0.5	99222	18	99213	7688885	77.49
2010-2014	5	0.00004	0.00004	0.5	99204	4	99202	7589672	76.51
2010-2014	6	0.00011	0.00011	0.5	99201	11	99195	7490470	75.51
2010-2014	7	0.00011	0.00011	0.5	99190	11	99185	7391275	74.52
2010-2014	8	0.00007	0.00007	0.5	99179	7	99176	7292090	73.52
2010-2014	9	0.00004	0.00004	0.5	99172	4	99170	7192914	72.53
2010-2014	10	0.00007	0.00007	0.5	99169	7	99165	7093744	71.53
2010-2014	11	0.00014	0.00014	0.5	99162	14	99154	6994579	70.54
2010-2014	12	0.00004	0.00004	0.5	99147	4	99146	6895424	69.55
2010-2014	13	0.00011	0.00011	0.5	99144	11	99139	6796278	68.55
2010-2014	14	0.00029	0.00029	0.5	99133	28	99119	6697140	67.56
2010-2014	15	0.00021	0.00021	0.5	99105	21	99094	6598021	66.58
2010-2014	16	0.00031	0.00031	0.5	99084	31	99068	6498926	65.59
2010-2014	17	0.00028	0.00028	0.5	99053	27	99039	6399858	64.61
2010-2014	18	0.00036	0.00036	0.5	99025	36	99008	6300819	63.63
2010-2014	19	0.00036	0.00036	0.5	98990	35	98972	6201811	62.65
2010-2014	20	0.00037	0.00037	0.5	98954	36	98936	6102839	61.67
2010-2014	21	0.00053	0.00053	0.5	98918	53	98892	6003903	60.70
2010-2014	22	0.00038	0.00038	0.5	98865	37	98847	5905012	59.73
2010-2014	23	0.00053	0.00053	0.5	98828	52	98802	5806165	58.75
2010-2014	24	0.00050	0.00050	0.5	98776	49	98751	5707363	57.78
2010-2014	25	0.00045	0.00045	0.5	98727	45	98704	5608612	56.81
2010-2014	26	0.00069	0.00069	0.5	98682	69	98648	5509908	55.83
2010-2014	27	0.00081	0.00081	0.5	98613	80	98574	5411260	54.87
2010-2014	28	0.00077	0.00077	0.5	98534	76	98496	5312686	53.92
2010-2014	29	0.00109	0.00109	0.5	98458	107	98404	5214190	52.96
2010-2014	30	0.00054	0.00054	0.5	98351	53	98324	5115786	52.02
2010-2014	31	0.00076	0.00076	0.5	98298	74	98261	5017462	51.04
2010-2014	32	0.00072	0.00072	0.5	98224	71	98188	4919201	50.08
2010-2014	33	0.00084	0.00084	0.5	98153	83	98111	4821013	49.12
2010-2014	34	0.00125	0.00125	0.5	98070	123	98008	4722902	48.16
2010-2014	35	0.00128	0.00128	0.5	97947	125	97884	4624893	47.22
2010-2014	36	0.00119	0.00119	0.5	97822	117	97764	4527009	46.28
2010-2014	37	0.00123	0.00123	0.5	97705	120	97645	4429246	45.33
2010-2014	38	0.00157	0.00157	0.5	97585	153	97509	4331600	44.39
2010-2014	39	0.00145	0.00145	0.5	97433	141	97362	4234091	43.46
2010-2014	40	0.00176	0.00176	0.5	97292	171	97206	4136729	42.52
2010-2014	41	0.00094	0.00094	0.5	97120	91	97075	4039523	41.59
2010-2014	42	0.00160	0.00160	0.5	97029	155	96952	3942448	40.63
2010-2014	43	0.00167	0.00167	0.5	96874	162	96793	3845497	39.70
2010-2014	44	0.00213	0.00213	0.5	96712	206	96609	3748703	38.76
2010-2014	45	0.00235	0.00234	0.5	96507	226	96393	3652094	37.84
2010-2014	46	0.00205	0.00205	0.5	96280	197	96182	3555700	36.93
2010-2014	47	0.00265	0.00265	0.5	96083	255	95956	3459519	36.01
2010-2014	48	0.00286	0.00285	0.5	95828	273	95691	3363563	35.10
2010-2014	49	0.00338	0.00338	0.5	95555	323	95393	3267872	34.20
2010-2014	50	0.00386	0.00385	0.5	95232	367	95048	3172478	33.31
2010-2014	51	0.00406	0.00405	0.5	94865	384	94673	3077430	32.44
2010-2014	52	0.00404	0.00403	0.5	94481	381	94290	2982757	31.57
2010-2014	53	0.00475	0.00473	0.5	94100	445	93877	2888466	30.70
2010-2014	54	0.00478	0.00477	0.5	93655	447	93431	2794589	29.84
2010-2014	55	0.00480	0.00479	0.5	93208	447	92984	2701158	28.98
2010-2014	56	0.00536	0.00535	0.5	92761	496	92513	2608174	28.12
2010-2014	57	0.00570	0.00568	0.5	92265	524	92003	2515661	27.27
2010-2014	58	0.00679	0.00677	0.5	91741	621	91430	2423658	26.42
2010-2014	59	0.00614	0.00612	0.5	91120	558	90841	2332228	25.60
2010-2014	60	0.00681	0.00679	0.5	90562	615	90254	2241387	24.75
2010-2014	61	0.00749	0.00747	0.5	89947	671	89611	2151132	23.92
2010-2014	62	0.00793	0.00790	0.5	89276	706	88923	2061521	23.09
2010-2014	63	0.00874	0.00870	0.5	88570	771	88185	1972598	22.27
2010-2014	64	0.00966	0.00962	0.5	87799	844	87377	1884413	21.46
2010-2014	65	0.00958	0.00953	0.5	86955	829	86541	1797036	20.67
2010-2014	66	0.01044	0.01039	0.5	86126	894	85679	1710495	19.86
2010-2014	67	0.01167	0.01160	0.5	85232	989	84737	1624816	19.06
2010-2014	68	0.01196	0.01189	0.5	84243	1001	83742	1540079	18.28
2010-2014	69	0.01285	0.01277	0.5	83242	1063	82710	1456336	17.50
2010-2014	70	0.01480	0.01469	0.5	82178	1207	81575	1373627	16.72
2010-2014	71	0.01709	0.01694	0.5	80971	1372	80285	1292052	15.96
2010-2014	72	0.01704	0.01690	0.5	79599	1345	78926	1211767	15.22
2010-2014	73	0.02037	0.02016	0.5	78254	1578	77465	1132841	14.48
2010-2014	74	0.02126	0.02104	0.5	76676	1613	75870	1055375	13.76
2010-2014	75	0.02680	0.02645	0.5	75063	1985	74071	979506	13.05
2010-2014	76	0.02640	0.02606	0.5	73078	1904	72126	905435	12.39
2010-2014	77	0.02908	0.02866	0.5	71174	2040	70154	833309	11.71
2010-2014	78	0.03024	0.02979	0.5	69134	2059	68104	763155	11.04
2010-2014	79	0.03976	0.03899	0.5	67075	2615	65767	695051	10.36
2010-2014	80	0.04200	0.04114	0.5	64460	2652	63134	629284	9.76
2010-2014	81	0.04755	0.04645	0.5	61808	2871	60372	566150	9.16
2010-2014	82	0.05380	0.05239	0.5	58937	3088	57393	505778	8.58
2010-2014	83	0.06081	0.05901	0.5	55849	3296	54201	448385	8.03
2010-2014	84	0.06867	0.06639	0.5	52553	3489	50809	394183	7.50
2010-2014	85	0.07746	0.07457	0.5	49065	3659	47235	343374	7.00
2010-2014	86	0.08727	0.08362	0.5	45406	3797	43507	296139	6.52
2010-2014	87	0.09819	0.09360	0.5	41609	3894	39662	252632	6.07
2010-2014	88	0.11031	0.10455	0.5	37714	3943	35743	212970	5.65
2010-2014	89	0.12373	0.11652	0.5	33771	3935	31804	177227	5.25
2010-2014	90	0.13852	0.12955	0.5	29836	3865	27904	145423	4.87
2010-2014	91	0.15477	0.14365	0.5	25971	3731	24106	117519	4.52
2010-2014	92	0.17254	0.15884	0.5	22240	3533	20474	93413	4.20
2010-2014	93	0.19189	0.17509	0.5	18708	3276	17070	72939	3.90
2010-2014	94	0.21285	0.19238	0.5	15432	2969	13948	55869	3.62
2010-2014	95	0.23543	0.21064	0.5	12463	2625	11151	41921	3.36
2010-2014	96	0.25962	0.22979	0.5	9838	2261	8708	30771	3.13
2010-2014	97	0.28537	0.24973	0.5	7577	1892	6631	22063	2.91
2010-2014	98	0.31259	0.27034	0.5	5685	1537	4917	15431	2.71
2010-2014	99	0.34117	0.29145	0.5	4148	1209	3544	10515	2.53
2010-2014	100	0.37095	0.31291	0.5	2939	920	2479	6971	2.37
2010-2014	101	0.40175	0.33455	0.5	2019	676	1682	4492	2.22
2010-2014	102	0.43334	0.35617	0.5	1344	479	1105	2810	2.09
2010-2014	103	0.46548	0.37760	0.5	865	327	702	1705	1.97
2010-2014	104	0.49791	0.39866	0.5	539	215	431	1004	1.86
2010-2014	105	0.53036	0.41920	0.5	324	136	256	572	1.77
2010-2014	106	0.56256	0.43906	0.5	188	83	147	316	1.68
2010-2014	107	0.59424	0.45812	0.5	106	48	81	170	1.61
2010-2014	108	0.62515	0.47628	0.5	57	27	44	88	1.54
2010-2014	109	0.65507	0.49345	0.5	30	15	23	45	1.49
2010-2014	110+	0.68381	1.00000	1.46	15	15	22	22	1.46
2015-2017	0	0.00754	0.00749	0.07	100000	749	99306	8099615	81.00
2015-2017	1	0.00018	0.00018	0.5	99251	18	99242	8000308	80.61
2015-2017	2	0.00006	0.00006	0.5	99233	6	99230	7901067	79.62
2015-2017	3	0.00043	0.00043	0.5	99227	43	99205	7801837	78.63
2015-2017	4	0.00018	0.00018	0.5	99184	18	99175	7702632	77.66
2015-2017	5	0.00000	0.00000	0.5	99165	0	99165	7603457	76.67
2015-2017	6	0.00000	0.00000	0.5	99165	0	99165	7504292	75.67
2015-2017	7	0.00006	0.00006	0.5	99165	6	99162	7405126	74.67
2015-2017	8	0.00006	0.00006	0.5	99160	6	99157	7305964	73.68
2015-2017	9	0.00012	0.00012	0.5	99154	12	99148	7206807	72.68
2015-2017	10	0.00006	0.00006	0.5	99142	6	99139	7107659	71.69
2015-2017	11	0.00018	0.00018	0.5	99136	17	99127	7008520	70.70
2015-2017	12	0.00006	0.00006	0.5	99119	6	99116	6909393	69.71
2015-2017	13	0.00024	0.00024	0.5	99113	24	99101	6810277	68.71
2015-2017	14	0.00006	0.00006	0.5	99089	6	99086	6711176	67.73
2015-2017	15	0.00012	0.00012	0.5	99083	12	99078	6612089	66.73
2015-2017	16	0.00012	0.00012	0.5	99072	12	99066	6513012	65.74
2015-2017	17	0.00017	0.00017	0.5	99060	17	99052	6413946	64.75
2015-2017	18	0.00005	0.00005	0.5	99043	5	99040	6314894	63.76
2015-2017	19	0.00016	0.00016	0.5	99038	16	99030	6215854	62.76
2015-2017	20	0.00034	0.00034	0.5	99022	34	99005	6116824	61.77
2015-2017	21	0.00047	0.00047	0.5	98988	47	98965	6017819	60.79
2015-2017	22	0.00115	0.00115	0.5	98941	114	98884	5918854	59.82
2015-2017	23	0.00039	0.00039	0.5	98828	38	98809	5819970	58.89
2015-2017	24	0.00077	0.00077	0.5	98790	76	98751	5721161	57.91
2015-2017	25	0.00094	0.00094	0.5	98713	93	98667	5622410	56.96
2015-2017	26	0.00049	0.00049	0.5	98620	48	98596	5523743	56.01
2015-2017	27	0.00113	0.00113	0.5	98572	111	98516	5425147	55.04
2015-2017	28	0.00112	0.00112	0.5	98461	110	98406	5326631	54.10
2015-2017	29	0.00085	0.00085	0.5	98350	83	98309	5228225	53.16
2015-2017	30	0.00108	0.00108	0.5	98267	106	98214	5129917	52.20
2015-2017	31	0.00109	0.00109	0.5	98161	107	98107	5031703	51.26
2015-2017	32	0.00155	0.00155	0.5	98054	152	97978	4933596	50.32
2015-2017	33	0.00073	0.00073	0.5	97901	71	97866	4835618	49.39
2015-2017	34	0.00106	0.00106	0.5	97830	104	97778	4737752	48.43
2015-2017	35	0.00123	0.00123	0.5	97726	120	97666	4639974	47.48
2015-2017	36	0.00130	0.00130	0.5	97606	127	97543	4542308	46.54
2015-2017	37	0.00109	0.00109	0.5	97479	107	97426	4444765	45.60
2015-2017	38	0.00106	0.00106	0.5	97373	104	97321	4347339	44.65
2015-2017	39	0.00127	0.00127	0.5	97269	123	97207	4250018	43.69
2015-2017	40	0.00154	0.00154	0.5	97146	150	97071	4152811	42.75
2015-2017	41	0.00131	0.00131	0.5	96996	127	96933	4055740	41.81
2015-2017	42	0.00272	0.00272	0.5	96869	263	96737	3958808	40.87
2015-2017	43	0.00174	0.00174	0.5	96606	168	96522	3862070	39.98
2015-2017	44	0.00189	0.00189	0.5	96438	182	96347	3765548	39.05
2015-2017	45	0.00251	0.00251	0.5	96256	242	96135	3669202	38.12
2015-2017	46	0.00219	0.00219	0.5	96014	210	95909	3573066	37.21
2015-2017	47	0.00250	0.00250	0.5	95804	240	95684	3477157	36.29
2015-2017	48	0.00346	0.00345	0.5	95564	330	95400	3381473	35.38
2015-2017	49	0.00239	0.00239	0.5	95235	227	95121	3286074	34.51
2015-2017	50	0.00287	0.00286	0.5	95007	272	94871	3190953	33.59
2015-2017	51	0.00331	0.00331	0.5	94735	313	94578	3096082	32.68
2015-2017	52	0.00391	0.00391	0.5	94422	369	94237	3001503	31.79
2015-2017	53	0.00486	0.00485	0.5	94053	456	93825	2907266	30.91
2015-2017	54	0.00413	0.00412	0.5	93597	386	93404	2813441	30.06
2015-2017	55	0.00598	0.00596	0.5	93211	556	92933	2720037	29.18
2015-2017	56	0.00586	0.00584	0.5	92655	541	92385	2627104	28.35
2015-2017	57	0.00560	0.00558	0.5	92114	514	91857	2534719	27.52
2015-2017	58	0.00688	0.00686	0.5	91600	628	91286	2442862	26.67
2015-2017	59	0.00762	0.00760	0.5	90972	691	90626	2351576	25.85
2015-2017	60	0.00752	0.00749	0.5	90281	677	89943	2260950	25.04
2015-2017	61	0.00669	0.00667	0.5	89604	597	89305	2171008	24.23
2015-2017	62	0.00750	0.00747	0.5	89007	665	88674	2081702	23.39
2015-2017	63	0.00800	0.00797	0.5	88342	704	87990	1993028	22.56
2015-2017	64	0.00907	0.00902	0.5	87638	791	87243	1905038	21.74
2015-2017	65	0.00833	0.00830	0.5	86847	721	86487	1817795	20.93
2015-2017	66	0.00878	0.00874	0.5	86126	753	85750	1731308	20.10
2015-2017	67	0.01118	0.01112	0.5	85374	949	84899	1645558	19.27
2015-2017	68	0.01201	0.01194	0.5	84425	1008	83921	1560659	18.49
2015-2017	69	0.01422	0.01412	0.5	83417	1178	82828	1476739	17.70
2015-2017	70	0.01461	0.01451	0.5	82239	1193	81642	1393911	16.95
2015-2017	71	0.01536	0.01524	0.5	81046	1235	80428	1312268	16.19
2015-2017	72	0.01763	0.01748	0.5	79811	1395	79113	1231840	15.43
2015-2017	73	0.01924	0.01906	0.5	78416	1495	77668	1152727	14.70
2015-2017	74	0.02141	0.02119	0.5	76921	1630	76106	1075059	13.98
2015-2017	75	0.02314	0.02288	0.5	75291	1723	74430	998952	13.27
2015-2017	76	0.02617	0.02583	0.5	73569	1901	72619	924522	12.57
2015-2017	77	0.02874	0.02834	0.5	71668	2031	70653	851904	11.89
2015-2017	78	0.03003	0.02958	0.5	69637	2060	68607	781251	11.22
2015-2017	79	0.03296	0.03243	0.5	67577	2191	66482	712643	10.55
2015-2017	80	0.04083	0.04001	0.5	65386	2616	64078	646162	9.88
2015-2017	81	0.04626	0.04522	0.5	62770	2838	61351	582084	9.27
2015-2017	82	0.05238	0.05104	0.5	59932	3059	58402	520733	8.69
2015-2017	83	0.05925	0.05754	0.5	56873	3273	55236	462331	8.13
2015-2017	84	0.06696	0.06479	0.5	53600	3473	51864	407094	7.60
2015-2017	85	0.07560	0.07284	0.5	50127	3651	48301	355231	7.09
2015-2017	86	0.08524	0.08176	0.5	46476	3800	44576	306929	6.60
2015-2017	87	0.09599	0.09160	0.5	42676	3909	40722	262353	6.15
2015-2017	88	0.10794	0.10241	0.5	38767	3970	36782	221632	5.72
2015-2017	89	0.12117	0.11425	0.5	34797	3975	32809	184850	5.31
2015-2017	90	0.13578	0.12715	0.5	30821	3919	28862	152041	4.93
2015-2017	91	0.15184	0.14113	0.5	26903	3797	25004	123179	4.58
2015-2017	92	0.16943	0.15620	0.5	23106	3609	21301	98174	4.25
2015-2017	93	0.18861	0.17236	0.5	19497	3360	17817	76873	3.94
2015-2017	94	0.20941	0.18956	0.5	16136	3059	14607	59057	3.66
2015-2017	95	0.23185	0.20777	0.5	13077	2717	11719	44450	3.40
2015-2017	96	0.25592	0.22689	0.5	10360	2351	9185	32731	3.16
2015-2017	97	0.28157	0.24682	0.5	8010	1977	7021	23546	2.94
2015-2017	98	0.30872	0.26744	0.5	6033	1613	5226	16524	2.74
2015-2017	99	0.33726	0.28859	0.5	4419	1275	3782	11298	2.56
2015-2017	100	0.36704	0.31012	0.5	3144	975	2656	7517	2.39
2015-2017	101	0.39787	0.33185	0.5	2169	720	1809	4860	2.24
2015-2017	102	0.42953	0.35359	0.5	1449	512	1193	3051	2.11
2015-2017	103	0.46178	0.37516	0.5	937	351	761	1858	1.98
2015-2017	104	0.49435	0.39638	0.5	585	232	469	1097	1.87
2015-2017	105	0.52697	0.41708	0.5	353	147	280	628	1.78
2015-2017	106	0.55936	0.43711	0.5	206	90	161	348	1.69
2015-2017	107	0.59126	0.45635	0.5	116	53	89	187	1.61
2015-2017	108	0.62240	0.47468	0.5	63	30	48	98	1.55
2015-2017	109	0.65256	0.49203	0.5	33	16	25	50	1.50
2015-2017	110+	0.68155	1.00000	1.47	17	17	25	25	1.47
