FL: Florida, Lifetables (period 1x5), Females Last modified: 3 Dec 2019, MPv5 (May07) 

Year     	Age	mx	qx	ax	lx	dx	Lx	Tx	ex
1960-1964	0	0.02539	0.02484	0.12	100000	2484	97825	7425612	74.26
1960-1964	1	0.00217	0.00216	0.5	97516	211	97411	7327787	75.14
1960-1964	2	0.00114	0.00114	0.5	97305	111	97250	7230376	74.31
1960-1964	3	0.00080	0.00080	0.5	97194	78	97155	7133127	73.39
1960-1964	4	0.00068	0.00067	0.5	97116	66	97083	7035971	72.45
1960-1964	5	0.00057	0.00057	0.5	97051	55	97023	6938888	71.50
1960-1964	6	0.00042	0.00042	0.5	96996	41	96975	6841865	70.54
1960-1964	7	0.00039	0.00039	0.5	96954	38	96936	6744890	69.57
1960-1964	8	0.00031	0.00031	0.5	96917	30	96902	6647954	68.59
1960-1964	9	0.00035	0.00035	0.5	96887	34	96870	6551052	67.62
1960-1964	10	0.00031	0.00031	0.5	96853	30	96838	6454182	66.64
1960-1964	11	0.00030	0.00030	0.5	96822	29	96808	6357345	65.66
1960-1964	12	0.00028	0.00028	0.5	96793	27	96780	6260537	64.68
1960-1964	13	0.00039	0.00039	0.5	96766	37	96748	6163757	63.70
1960-1964	14	0.00042	0.00042	0.5	96729	41	96708	6067009	62.72
1960-1964	15	0.00045	0.00045	0.5	96688	43	96666	5970301	61.75
1960-1964	16	0.00066	0.00066	0.5	96645	64	96613	5873635	60.78
1960-1964	17	0.00049	0.00049	0.5	96581	47	96558	5777022	59.82
1960-1964	18	0.00063	0.00063	0.5	96534	61	96504	5680464	58.84
1960-1964	19	0.00078	0.00078	0.5	96473	75	96435	5583960	57.88
1960-1964	20	0.00074	0.00074	0.5	96398	71	96362	5487525	56.93
1960-1964	21	0.00076	0.00076	0.5	96327	74	96290	5391163	55.97
1960-1964	22	0.00081	0.00081	0.5	96253	78	96214	5294873	55.01
1960-1964	23	0.00084	0.00084	0.5	96175	81	96135	5198659	54.05
1960-1964	24	0.00091	0.00091	0.5	96095	88	96051	5102524	53.10
1960-1964	25	0.00096	0.00096	0.5	96007	92	95961	5006473	52.15
1960-1964	26	0.00092	0.00092	0.5	95915	88	95871	4910512	51.20
1960-1964	27	0.00109	0.00109	0.5	95827	104	95775	4814641	50.24
1960-1964	28	0.00116	0.00116	0.5	95723	111	95668	4718866	49.30
1960-1964	29	0.00126	0.00126	0.5	95612	121	95552	4623198	48.35
1960-1964	30	0.00139	0.00139	0.5	95492	132	95425	4527646	47.41
1960-1964	31	0.00116	0.00116	0.5	95359	111	95304	4432221	46.48
1960-1964	32	0.00155	0.00155	0.5	95248	147	95175	4336917	45.53
1960-1964	33	0.00164	0.00164	0.5	95101	156	95023	4241742	44.60
1960-1964	34	0.00168	0.00168	0.5	94945	159	94866	4146719	43.67
1960-1964	35	0.00193	0.00193	0.5	94786	183	94694	4051854	42.75
1960-1964	36	0.00218	0.00218	0.5	94603	206	94500	3957159	41.83
1960-1964	37	0.00186	0.00186	0.5	94397	175	94309	3862659	40.92
1960-1964	38	0.00245	0.00245	0.5	94221	231	94106	3768351	39.99
1960-1964	39	0.00246	0.00246	0.5	93990	231	93875	3674245	39.09
1960-1964	40	0.00295	0.00295	0.5	93759	276	93621	3580370	38.19
1960-1964	41	0.00296	0.00295	0.5	93483	276	93345	3486749	37.30
1960-1964	42	0.00321	0.00321	0.5	93207	299	93058	3393403	36.41
1960-1964	43	0.00336	0.00336	0.5	92909	312	92753	3300345	35.52
1960-1964	44	0.00362	0.00361	0.5	92597	335	92429	3207593	34.64
1960-1964	45	0.00391	0.00390	0.5	92262	360	92082	3115163	33.76
1960-1964	46	0.00422	0.00421	0.5	91902	387	91709	3023081	32.89
1960-1964	47	0.00473	0.00472	0.5	91515	432	91300	2931372	32.03
1960-1964	48	0.00504	0.00503	0.5	91084	458	90855	2840072	31.18
1960-1964	49	0.00530	0.00528	0.5	90626	479	90386	2749218	30.34
1960-1964	50	0.00615	0.00613	0.5	90147	552	89871	2658832	29.49
1960-1964	51	0.00606	0.00604	0.5	89594	542	89324	2568961	28.67
1960-1964	52	0.00689	0.00686	0.5	89053	611	88747	2479637	27.84
1960-1964	53	0.00683	0.00680	0.5	88442	602	88141	2390890	27.03
1960-1964	54	0.00740	0.00737	0.5	87840	648	87516	2302750	26.22
1960-1964	55	0.00771	0.00768	0.5	87192	670	86857	2215234	25.41
1960-1964	56	0.00822	0.00819	0.5	86522	708	86168	2128376	24.60
1960-1964	57	0.00889	0.00885	0.5	85814	760	85434	2042208	23.80
1960-1964	58	0.00940	0.00936	0.5	85054	796	84656	1956774	23.01
1960-1964	59	0.01056	0.01050	0.5	84258	885	83816	1872118	22.22
1960-1964	60	0.01155	0.01148	0.5	83373	957	82895	1788302	21.45
1960-1964	61	0.01138	0.01132	0.5	82416	933	81950	1705407	20.69
1960-1964	62	0.01246	0.01238	0.5	81483	1009	80979	1623458	19.92
1960-1964	63	0.01349	0.01340	0.5	80474	1079	79935	1542479	19.17
1960-1964	64	0.01415	0.01405	0.5	79396	1116	78838	1462544	18.42
1960-1964	65	0.01685	0.01671	0.5	78280	1308	77626	1383706	17.68
1960-1964	66	0.01663	0.01649	0.5	76972	1269	76337	1306080	16.97
1960-1964	67	0.01793	0.01777	0.5	75703	1346	75030	1229743	16.24
1960-1964	68	0.02007	0.01987	0.5	74357	1477	73618	1154713	15.53
1960-1964	69	0.02170	0.02147	0.5	72880	1565	72097	1081094	14.83
1960-1964	70	0.02380	0.02352	0.5	71315	1678	70476	1008997	14.15
1960-1964	71	0.02487	0.02457	0.5	69637	1711	68782	938521	13.48
1960-1964	72	0.02868	0.02827	0.5	67927	1921	66966	869739	12.80
1960-1964	73	0.03106	0.03059	0.5	66006	2019	64996	802772	12.16
1960-1964	74	0.03483	0.03423	0.5	63987	2191	62892	737776	11.53
1960-1964	75	0.03836	0.03763	0.5	61796	2326	60633	674884	10.92
1960-1964	76	0.04329	0.04237	0.5	59471	2520	58211	614251	10.33
1960-1964	77	0.04454	0.04357	0.5	56951	2481	55710	556040	9.76
1960-1964	78	0.05338	0.05200	0.5	54470	2832	53054	500330	9.19
1960-1964	79	0.05440	0.05296	0.5	51637	2735	50270	447276	8.66
1960-1964	80	0.06641	0.06428	0.5	48903	3143	47331	397006	8.12
1960-1964	81	0.06681	0.06465	0.5	45759	2958	44280	349676	7.64
1960-1964	82	0.07798	0.07505	0.5	42801	3212	41195	305396	7.14
1960-1964	83	0.09217	0.08811	0.5	39589	3488	37845	264201	6.67
1960-1964	84	0.10030	0.09551	0.5	36101	3448	34377	226356	6.27
1960-1964	85	0.10854	0.10295	0.5	32653	3362	30972	191979	5.88
1960-1964	86	0.12469	0.11737	0.5	29291	3438	27572	161007	5.50
1960-1964	87	0.13394	0.12553	0.5	25853	3245	24230	133435	5.16
1960-1964	88	0.15348	0.14254	0.5	22608	3223	20997	109205	4.83
1960-1964	89	0.15635	0.14501	0.5	19385	2811	17980	88208	4.55
1960-1964	90	0.19116	0.17449	0.5	16574	2892	15128	70229	4.24
1960-1964	91	0.19128	0.17459	0.5	13682	2389	12488	55100	4.03
1960-1964	92	0.20894	0.18917	0.5	11293	2136	10225	42613	3.77
1960-1964	93	0.22776	0.20447	0.5	9157	1872	8221	32387	3.54
1960-1964	94	0.24774	0.22044	0.5	7285	1606	6482	24167	3.32
1960-1964	95	0.26887	0.23701	0.5	5679	1346	5006	17685	3.11
1960-1964	96	0.29110	0.25412	0.5	4333	1101	3782	12679	2.93
1960-1964	97	0.31439	0.27168	0.5	3232	878	2793	8896	2.75
1960-1964	98	0.33864	0.28960	0.5	2354	682	2013	6104	2.59
1960-1964	99	0.36377	0.30779	0.5	1672	515	1415	4091	2.45
1960-1964	100	0.38967	0.32613	0.5	1157	377	969	2676	2.31
1960-1964	101	0.41621	0.34451	0.5	780	269	646	1707	2.19
1960-1964	102	0.44324	0.36283	0.5	511	186	419	1061	2.08
1960-1964	103	0.47061	0.38096	0.5	326	124	264	643	1.97
1960-1964	104	0.49816	0.39882	0.5	202	80	161	379	1.88
1960-1964	105	0.52572	0.41629	0.5	121	50	96	218	1.80
1960-1964	106	0.55312	0.43329	0.5	71	31	55	122	1.72
1960-1964	107	0.58021	0.44974	0.5	40	18	31	66	1.65
1960-1964	108	0.60682	0.46556	0.5	22	10	17	35	1.59
1960-1964	109	0.63281	0.48071	0.5	12	6	9	18	1.55
1960-1964	110+	0.65805	1.00000	1.52	6	6	9	9	1.52
1965-1969	0	0.02265	0.02220	0.12	100000	2220	98038	7483493	74.83
1965-1969	1	0.00174	0.00174	0.5	97780	170	97695	7385454	75.53
1965-1969	2	0.00106	0.00106	0.5	97609	104	97558	7287760	74.66
1965-1969	3	0.00072	0.00072	0.5	97506	70	97471	7190202	73.74
1965-1969	4	0.00051	0.00051	0.5	97436	50	97411	7092732	72.79
1965-1969	5	0.00051	0.00051	0.5	97386	50	97362	6995320	71.83
1965-1969	6	0.00045	0.00045	0.5	97337	44	97315	6897959	70.87
1965-1969	7	0.00039	0.00039	0.5	97293	38	97274	6800644	69.90
1965-1969	8	0.00038	0.00038	0.5	97255	37	97237	6703370	68.93
1965-1969	9	0.00036	0.00036	0.5	97219	35	97201	6606132	67.95
1965-1969	10	0.00031	0.00031	0.5	97184	30	97169	6508931	66.98
1965-1969	11	0.00033	0.00033	0.5	97154	32	97138	6411762	66.00
1965-1969	12	0.00028	0.00028	0.5	97122	27	97108	6314625	65.02
1965-1969	13	0.00037	0.00037	0.5	97094	36	97076	6217517	64.04
1965-1969	14	0.00047	0.00047	0.5	97059	45	97036	6120440	63.06
1965-1969	15	0.00049	0.00049	0.5	97013	48	96989	6023404	62.09
1965-1969	16	0.00056	0.00056	0.5	96965	55	96938	5926415	61.12
1965-1969	17	0.00064	0.00064	0.5	96911	62	96880	5829477	60.15
1965-1969	18	0.00087	0.00087	0.5	96849	84	96807	5732597	59.19
1965-1969	19	0.00072	0.00072	0.5	96765	70	96730	5635790	58.24
1965-1969	20	0.00069	0.00069	0.5	96695	67	96662	5539060	57.28
1965-1969	21	0.00077	0.00077	0.5	96629	74	96592	5442398	56.32
1965-1969	22	0.00095	0.00095	0.5	96555	92	96509	5345806	55.37
1965-1969	23	0.00083	0.00083	0.5	96463	80	96422	5249297	54.42
1965-1969	24	0.00083	0.00083	0.5	96382	80	96342	5152875	53.46
1965-1969	25	0.00077	0.00077	0.5	96303	74	96265	5056532	52.51
1965-1969	26	0.00081	0.00081	0.5	96228	78	96189	4960267	51.55
1965-1969	27	0.00108	0.00108	0.5	96150	103	96098	4864078	50.59
1965-1969	28	0.00100	0.00100	0.5	96047	96	95999	4767979	49.64
1965-1969	29	0.00103	0.00103	0.5	95950	99	95901	4671981	48.69
1965-1969	30	0.00126	0.00126	0.5	95852	121	95792	4576080	47.74
1965-1969	31	0.00124	0.00124	0.5	95731	119	95672	4480288	46.80
1965-1969	32	0.00147	0.00147	0.5	95613	141	95542	4384616	45.86
1965-1969	33	0.00152	0.00152	0.5	95472	145	95399	4289074	44.92
1965-1969	34	0.00170	0.00170	0.5	95327	162	95246	4193674	43.99
1965-1969	35	0.00192	0.00191	0.5	95165	182	95073	4098429	43.07
1965-1969	36	0.00210	0.00210	0.5	94982	199	94883	4003355	42.15
1965-1969	37	0.00212	0.00212	0.5	94783	201	94683	3908473	41.24
1965-1969	38	0.00230	0.00230	0.5	94582	217	94473	3813790	40.32
1965-1969	39	0.00238	0.00238	0.5	94365	225	94252	3719317	39.41
1965-1969	40	0.00275	0.00275	0.5	94140	259	94011	3625064	38.51
1965-1969	41	0.00285	0.00285	0.5	93881	267	93748	3531054	37.61
1965-1969	42	0.00329	0.00329	0.5	93614	308	93460	3437306	36.72
1965-1969	43	0.00359	0.00359	0.5	93306	335	93139	3343846	35.84
1965-1969	44	0.00365	0.00364	0.5	92972	339	92802	3250707	34.96
1965-1969	45	0.00425	0.00424	0.5	92633	393	92436	3157904	34.09
1965-1969	46	0.00435	0.00434	0.5	92240	400	92040	3065468	33.23
1965-1969	47	0.00481	0.00480	0.5	91839	441	91619	2973428	32.38
1965-1969	48	0.00507	0.00505	0.5	91399	462	91168	2881809	31.53
1965-1969	49	0.00523	0.00521	0.5	90937	474	90699	2790642	30.69
1965-1969	50	0.00598	0.00596	0.5	90462	539	90193	2699942	29.85
1965-1969	51	0.00617	0.00616	0.5	89923	554	89647	2609749	29.02
1965-1969	52	0.00681	0.00679	0.5	89370	606	89067	2520103	28.20
1965-1969	53	0.00756	0.00753	0.5	88763	668	88429	2431036	27.39
1965-1969	54	0.00773	0.00770	0.5	88095	678	87756	2342607	26.59
1965-1969	55	0.00740	0.00737	0.5	87417	645	87094	2254851	25.79
1965-1969	56	0.00814	0.00811	0.5	86772	704	86420	2167757	24.98
1965-1969	57	0.00838	0.00835	0.5	86068	718	85709	2081337	24.18
1965-1969	58	0.00953	0.00949	0.5	85350	810	84945	1995627	23.38
1965-1969	59	0.00958	0.00953	0.5	84540	806	84137	1910682	22.60
1965-1969	60	0.01053	0.01047	0.5	83734	877	83296	1826545	21.81
1965-1969	61	0.01042	0.01036	0.5	82858	859	82428	1743249	21.04
1965-1969	62	0.01183	0.01176	0.5	81999	965	81517	1660821	20.25
1965-1969	63	0.01168	0.01161	0.5	81035	941	80564	1579304	19.49
1965-1969	64	0.01324	0.01315	0.5	80093	1054	79567	1498740	18.71
1965-1969	65	0.01535	0.01523	0.5	79040	1204	78438	1419173	17.96
1965-1969	66	0.01595	0.01582	0.5	77836	1232	77220	1340736	17.23
1965-1969	67	0.01793	0.01777	0.5	76604	1362	75923	1263516	16.49
1965-1969	68	0.01926	0.01907	0.5	75242	1435	74525	1187593	15.78
1965-1969	69	0.02028	0.02008	0.5	73807	1482	73066	1113068	15.08
1965-1969	70	0.02334	0.02307	0.5	72325	1668	71491	1040001	14.38
1965-1969	71	0.02320	0.02294	0.5	70657	1621	69847	968510	13.71
1965-1969	72	0.02749	0.02711	0.5	69036	1872	68101	898663	13.02
1965-1969	73	0.02941	0.02898	0.5	67165	1946	66191	830563	12.37
1965-1969	74	0.03318	0.03264	0.5	65218	2129	64154	764371	11.72
1965-1969	75	0.03887	0.03813	0.5	63090	2406	61887	700218	11.10
1965-1969	76	0.04218	0.04131	0.5	60684	2507	59430	638331	10.52
1965-1969	77	0.04462	0.04365	0.5	58177	2539	56907	578900	9.95
1965-1969	78	0.04963	0.04842	0.5	55638	2694	54291	521993	9.38
1965-1969	79	0.05638	0.05483	0.5	52944	2903	51492	467702	8.83
1965-1969	80	0.06187	0.06001	0.5	50040	3003	48539	416210	8.32
1965-1969	81	0.06420	0.06221	0.5	47037	2926	45574	367672	7.82
1965-1969	82	0.07487	0.07217	0.5	44111	3183	42520	322097	7.30
1965-1969	83	0.08304	0.07973	0.5	40928	3263	39296	279578	6.83
1965-1969	84	0.09436	0.09011	0.5	37665	3394	35968	240281	6.38
1965-1969	85	0.10678	0.10137	0.5	34271	3474	32534	204314	5.96
1965-1969	86	0.11783	0.11127	0.5	30797	3427	29083	171780	5.58
1965-1969	87	0.13333	0.12500	0.5	27370	3421	25659	142696	5.21
1965-1969	88	0.14209	0.13266	0.5	23949	3177	22360	117037	4.89
1965-1969	89	0.15892	0.14722	0.5	20772	3058	19243	94677	4.56
1965-1969	90	0.18338	0.16797	0.5	17714	2975	16226	75434	4.26
1965-1969	91	0.19101	0.17435	0.5	14738	2570	13453	59208	4.02
1965-1969	92	0.20753	0.18802	0.5	12169	2288	11025	45755	3.76
1965-1969	93	0.22727	0.20408	0.5	9881	2016	8872	34730	3.52
1965-1969	94	0.24829	0.22087	0.5	7864	1737	6996	25858	3.29
1965-1969	95	0.27058	0.23834	0.5	6127	1460	5397	18862	3.08
1965-1969	96	0.29409	0.25639	0.5	4667	1197	4069	13465	2.89
1965-1969	97	0.31874	0.27493	0.5	3470	954	2993	9397	2.71
1965-1969	98	0.34446	0.29385	0.5	2516	739	2147	6403	2.54
1965-1969	99	0.37112	0.31303	0.5	1777	556	1499	4257	2.40
1965-1969	100	0.39859	0.33235	0.5	1221	406	1018	2758	2.26
1965-1969	101	0.42671	0.35168	0.5	815	287	672	1740	2.14
1965-1969	102	0.45531	0.37088	0.5	528	196	430	1069	2.02
1965-1969	103	0.48422	0.38983	0.5	332	130	268	638	1.92
1965-1969	104	0.51323	0.40842	0.5	203	83	161	371	1.83
1965-1969	105	0.54214	0.42653	0.5	120	51	94	209	1.74
1965-1969	106	0.57078	0.44405	0.5	69	31	54	115	1.67
1965-1969	107	0.59895	0.46092	0.5	38	18	29	61	1.60
1965-1969	108	0.62649	0.47705	0.5	21	10	16	32	1.55
1965-1969	109	0.65322	0.49240	0.5	11	5	8	16	1.50
1965-1969	110+	0.67903	1.00000	1.47	5	5	8	8	1.47
1970-1974	0	0.01759	0.01732	0.1	100000	1732	98445	7563433	75.63
1970-1974	1	0.00135	0.00135	0.5	98268	132	98202	7464988	75.97
1970-1974	2	0.00096	0.00096	0.5	98136	94	98089	7366786	75.07
1970-1974	3	0.00069	0.00069	0.5	98042	68	98008	7268697	74.14
1970-1974	4	0.00061	0.00061	0.5	97974	60	97944	7170689	73.19
1970-1974	5	0.00047	0.00047	0.5	97915	46	97892	7072745	72.23
1970-1974	6	0.00055	0.00055	0.5	97869	54	97841	6974853	71.27
1970-1974	7	0.00037	0.00037	0.5	97814	36	97796	6877012	70.31
1970-1974	8	0.00042	0.00042	0.5	97779	41	97758	6779215	69.33
1970-1974	9	0.00025	0.00025	0.5	97737	25	97725	6681457	68.36
1970-1974	10	0.00031	0.00031	0.5	97713	30	97697	6583732	67.38
1970-1974	11	0.00032	0.00032	0.5	97682	31	97667	6486035	66.40
1970-1974	12	0.00032	0.00032	0.5	97651	32	97635	6388368	65.42
1970-1974	13	0.00041	0.00041	0.5	97619	40	97600	6290733	64.44
1970-1974	14	0.00045	0.00045	0.5	97580	44	97558	6193133	63.47
1970-1974	15	0.00052	0.00052	0.5	97536	51	97510	6095576	62.50
1970-1974	16	0.00066	0.00066	0.5	97485	64	97453	5998066	61.53
1970-1974	17	0.00077	0.00077	0.5	97421	75	97384	5900613	60.57
1970-1974	18	0.00080	0.00080	0.5	97346	78	97307	5803229	59.61
1970-1974	19	0.00084	0.00084	0.5	97268	82	97227	5705922	58.66
1970-1974	20	0.00092	0.00092	0.5	97187	89	97142	5608694	57.71
1970-1974	21	0.00086	0.00086	0.5	97097	83	97055	5511553	56.76
1970-1974	22	0.00079	0.00079	0.5	97014	76	96976	5414497	55.81
1970-1974	23	0.00071	0.00071	0.5	96938	69	96903	5317522	54.86
1970-1974	24	0.00088	0.00088	0.5	96868	85	96826	5220619	53.89
1970-1974	25	0.00085	0.00085	0.5	96783	82	96742	5123793	52.94
1970-1974	26	0.00084	0.00084	0.5	96701	81	96660	5027051	51.99
1970-1974	27	0.00099	0.00099	0.5	96620	95	96572	4930391	51.03
1970-1974	28	0.00095	0.00095	0.5	96524	91	96479	4833818	50.08
1970-1974	29	0.00109	0.00109	0.5	96433	105	96380	4737340	49.13
1970-1974	30	0.00120	0.00120	0.5	96328	116	96270	4640959	48.18
1970-1974	31	0.00115	0.00115	0.5	96212	111	96157	4544689	47.24
1970-1974	32	0.00129	0.00129	0.5	96102	124	96040	4448532	46.29
1970-1974	33	0.00134	0.00134	0.5	95978	129	95913	4352493	45.35
1970-1974	34	0.00157	0.00157	0.5	95849	150	95774	4256580	44.41
1970-1974	35	0.00199	0.00199	0.5	95699	191	95603	4160806	43.48
1970-1974	36	0.00164	0.00164	0.5	95508	156	95430	4065202	42.56
1970-1974	37	0.00207	0.00207	0.5	95352	197	95253	3969772	41.63
1970-1974	38	0.00232	0.00232	0.5	95155	221	95044	3874519	40.72
1970-1974	39	0.00242	0.00242	0.5	94934	229	94819	3779475	39.81
1970-1974	40	0.00274	0.00274	0.5	94705	260	94575	3684655	38.91
1970-1974	41	0.00258	0.00258	0.5	94445	244	94323	3590080	38.01
1970-1974	42	0.00330	0.00329	0.5	94201	310	94046	3495757	37.11
1970-1974	43	0.00350	0.00349	0.5	93891	328	93727	3401711	36.23
1970-1974	44	0.00385	0.00384	0.5	93563	359	93384	3307983	35.36
1970-1974	45	0.00416	0.00415	0.5	93204	387	93011	3214600	34.49
1970-1974	46	0.00442	0.00441	0.5	92817	410	92612	3121589	33.63
1970-1974	47	0.00479	0.00478	0.5	92407	442	92186	3028977	32.78
1970-1974	48	0.00484	0.00483	0.5	91966	444	91743	2936790	31.93
1970-1974	49	0.00551	0.00549	0.5	91521	503	91270	2845047	31.09
1970-1974	50	0.00558	0.00557	0.5	91019	507	90765	2753777	30.26
1970-1974	51	0.00599	0.00597	0.5	90512	541	90242	2663012	29.42
1970-1974	52	0.00640	0.00638	0.5	89971	574	89684	2572770	28.60
1970-1974	53	0.00686	0.00684	0.5	89397	611	89092	2483086	27.78
1970-1974	54	0.00719	0.00716	0.5	88786	636	88468	2393994	26.96
1970-1974	55	0.00773	0.00770	0.5	88150	679	87811	2305526	26.15
1970-1974	56	0.00824	0.00820	0.5	87471	718	87112	2217716	25.35
1970-1974	57	0.00899	0.00895	0.5	86754	776	86366	2130603	24.56
1970-1974	58	0.00904	0.00900	0.5	85978	774	85591	2044237	23.78
1970-1974	59	0.01021	0.01016	0.5	85204	866	84771	1958647	22.99
1970-1974	60	0.01029	0.01024	0.5	84338	864	83906	1873876	22.22
1970-1974	61	0.01127	0.01120	0.5	83475	935	83007	1789969	21.44
1970-1974	62	0.01209	0.01202	0.5	82539	992	82043	1706962	20.68
1970-1974	63	0.01250	0.01242	0.5	81547	1013	81041	1624919	19.93
1970-1974	64	0.01278	0.01270	0.5	80535	1023	80023	1543878	19.17
1970-1974	65	0.01530	0.01518	0.5	79512	1207	78908	1463855	18.41
1970-1974	66	0.01476	0.01466	0.5	78305	1148	77731	1384946	17.69
1970-1974	67	0.01623	0.01610	0.5	77157	1242	76536	1307215	16.94
1970-1974	68	0.01714	0.01700	0.5	75915	1290	75269	1230679	16.21
1970-1974	69	0.01895	0.01877	0.5	74624	1401	73924	1155410	15.48
1970-1974	70	0.02224	0.02200	0.5	73224	1611	72418	1081486	14.77
1970-1974	71	0.02138	0.02116	0.5	71613	1515	70855	1009068	14.09
1970-1974	72	0.02517	0.02486	0.5	70098	1743	69226	938213	13.38
1970-1974	73	0.02819	0.02780	0.5	68355	1900	67405	868987	12.71
1970-1974	74	0.03110	0.03062	0.5	66455	2035	65437	801582	12.06
1970-1974	75	0.03465	0.03406	0.5	64420	2194	63323	736145	11.43
1970-1974	76	0.03820	0.03749	0.5	62226	2333	61059	672822	10.81
1970-1974	77	0.04221	0.04133	0.5	59893	2476	58655	611763	10.21
1970-1974	78	0.04751	0.04641	0.5	57417	2665	56085	553107	9.63
1970-1974	79	0.05161	0.05031	0.5	54753	2755	53375	497022	9.08
1970-1974	80	0.05998	0.05824	0.5	51998	3028	50484	443647	8.53
1970-1974	81	0.06287	0.06095	0.5	48970	2985	47477	393164	8.03
1970-1974	82	0.07240	0.06987	0.5	45985	3213	44379	345686	7.52
1970-1974	83	0.08258	0.07930	0.5	42772	3392	41076	301308	7.04
1970-1974	84	0.09274	0.08863	0.5	39380	3490	37635	260232	6.61
1970-1974	85	0.10064	0.09582	0.5	35890	3439	34170	222597	6.20
1970-1974	86	0.11176	0.10585	0.5	32451	3435	30734	188426	5.81
1970-1974	87	0.12446	0.11717	0.5	29016	3400	27316	157693	5.43
1970-1974	88	0.13251	0.12427	0.5	25616	3183	24025	130377	5.09
1970-1974	89	0.15688	0.14547	0.5	22433	3263	20801	106352	4.74
1970-1974	90	0.16435	0.15187	0.5	19169	2911	17714	85551	4.46
1970-1974	91	0.17798	0.16344	0.5	16258	2657	14930	67837	4.17
1970-1974	92	0.19886	0.18087	0.5	13601	2460	12371	52907	3.89
1970-1974	93	0.21770	0.19633	0.5	11141	2187	10047	40536	3.64
1970-1974	94	0.23779	0.21252	0.5	8954	1903	8002	30489	3.41
1970-1974	95	0.25913	0.22941	0.5	7051	1618	6242	22487	3.19
1970-1974	96	0.28167	0.24690	0.5	5433	1341	4763	16245	2.99
1970-1974	97	0.30537	0.26492	0.5	4092	1084	3550	11482	2.81
1970-1974	98	0.33014	0.28337	0.5	3008	852	2582	7932	2.64
1970-1974	99	0.35589	0.30213	0.5	2156	651	1830	5351	2.48
1970-1974	100	0.38251	0.32110	0.5	1504	483	1263	3521	2.34
1970-1974	101	0.40985	0.34015	0.5	1021	347	848	2258	2.21
1970-1974	102	0.43776	0.35915	0.5	674	242	553	1410	2.09
1970-1974	103	0.46606	0.37798	0.5	432	163	350	857	1.99
1970-1974	104	0.49459	0.39653	0.5	269	107	215	507	1.89
1970-1974	105	0.52316	0.41468	0.5	162	67	128	292	1.80
1970-1974	106	0.55157	0.43234	0.5	95	41	74	163	1.72
1970-1974	107	0.57965	0.44940	0.5	54	24	42	89	1.65
1970-1974	108	0.60722	0.46580	0.5	30	14	23	47	1.59
1970-1974	109	0.63413	0.48147	0.5	16	8	12	24	1.54
1970-1974	110+	0.66022	1.00000	1.51	8	8	12	12	1.51
1975-1979	0	0.01400	0.01382	0.09	100000	1382	98745	7772153	77.72
1975-1979	1	0.00131	0.00131	0.5	98618	129	98553	7673408	77.81
1975-1979	2	0.00068	0.00068	0.5	98489	67	98456	7574854	76.91
1975-1979	3	0.00050	0.00050	0.5	98423	49	98398	7476398	75.96
1975-1979	4	0.00036	0.00036	0.5	98373	35	98356	7378000	75.00
1975-1979	5	0.00029	0.00029	0.5	98338	28	98324	7279645	74.03
1975-1979	6	0.00026	0.00026	0.5	98310	26	98297	7181321	73.05
1975-1979	7	0.00026	0.00026	0.5	98284	25	98271	7083024	72.07
1975-1979	8	0.00029	0.00029	0.5	98259	28	98245	6984752	71.09
1975-1979	9	0.00021	0.00021	0.5	98230	20	98220	6886508	70.11
1975-1979	10	0.00022	0.00022	0.5	98210	21	98199	6788288	69.12
1975-1979	11	0.00021	0.00021	0.5	98189	21	98178	6690088	68.13
1975-1979	12	0.00025	0.00025	0.5	98168	25	98155	6591910	67.15
1975-1979	13	0.00028	0.00028	0.5	98143	27	98129	6493755	66.17
1975-1979	14	0.00035	0.00035	0.5	98116	35	98099	6395625	65.18
1975-1979	15	0.00047	0.00047	0.5	98081	46	98058	6297527	64.21
1975-1979	16	0.00055	0.00055	0.5	98035	54	98008	6199468	63.24
1975-1979	17	0.00063	0.00063	0.5	97982	61	97951	6101460	62.27
1975-1979	18	0.00062	0.00062	0.5	97920	61	97890	6003509	61.31
1975-1979	19	0.00064	0.00064	0.5	97859	63	97828	5905619	60.35
1975-1979	20	0.00075	0.00075	0.5	97796	73	97760	5807792	59.39
1975-1979	21	0.00069	0.00069	0.5	97723	68	97689	5710032	58.43
1975-1979	22	0.00068	0.00068	0.5	97655	67	97622	5612343	57.47
1975-1979	23	0.00084	0.00084	0.5	97589	82	97548	5514721	56.51
1975-1979	24	0.00071	0.00071	0.5	97506	69	97472	5417173	55.56
1975-1979	25	0.00073	0.00073	0.5	97437	71	97402	5319702	54.60
1975-1979	26	0.00078	0.00077	0.5	97366	75	97329	5222300	53.64
1975-1979	27	0.00078	0.00078	0.5	97291	76	97253	5124971	52.68
1975-1979	28	0.00081	0.00081	0.5	97215	79	97176	5027718	51.72
1975-1979	29	0.00093	0.00093	0.5	97137	90	97092	4930542	50.76
1975-1979	30	0.00084	0.00084	0.5	97047	82	97006	4833450	49.81
1975-1979	31	0.00084	0.00084	0.5	96965	81	96924	4736444	48.85
1975-1979	32	0.00093	0.00093	0.5	96884	90	96839	4639520	47.89
1975-1979	33	0.00112	0.00112	0.5	96794	108	96740	4542681	46.93
1975-1979	34	0.00109	0.00108	0.5	96685	105	96633	4445941	45.98
1975-1979	35	0.00112	0.00112	0.5	96580	108	96527	4349308	45.03
1975-1979	36	0.00144	0.00144	0.5	96473	139	96403	4252782	44.08
1975-1979	37	0.00161	0.00161	0.5	96333	155	96256	4156379	43.15
1975-1979	38	0.00154	0.00154	0.5	96179	148	96105	4060123	42.21
1975-1979	39	0.00177	0.00177	0.5	96031	170	95946	3964018	41.28
1975-1979	40	0.00212	0.00212	0.5	95861	203	95759	3868072	40.35
1975-1979	41	0.00221	0.00221	0.5	95658	211	95552	3772313	39.44
1975-1979	42	0.00249	0.00248	0.5	95447	237	95328	3676761	38.52
1975-1979	43	0.00273	0.00272	0.5	95210	259	95080	3581433	37.62
1975-1979	44	0.00279	0.00279	0.5	94950	265	94818	3486353	36.72
1975-1979	45	0.00310	0.00310	0.5	94686	293	94539	3391535	35.82
1975-1979	46	0.00323	0.00323	0.5	94392	305	94240	3296996	34.93
1975-1979	47	0.00374	0.00373	0.5	94088	351	93912	3202756	34.04
1975-1979	48	0.00405	0.00405	0.5	93737	379	93547	3108844	33.17
1975-1979	49	0.00431	0.00430	0.5	93357	402	93156	3015297	32.30
1975-1979	50	0.00493	0.00491	0.5	92956	457	92727	2922140	31.44
1975-1979	51	0.00499	0.00498	0.5	92499	460	92269	2829413	30.59
1975-1979	52	0.00550	0.00549	0.5	92039	505	91786	2737144	29.74
1975-1979	53	0.00591	0.00589	0.5	91533	539	91264	2645358	28.90
1975-1979	54	0.00608	0.00606	0.5	90994	551	90718	2554095	28.07
1975-1979	55	0.00674	0.00672	0.5	90442	608	90139	2463377	27.24
1975-1979	56	0.00731	0.00728	0.5	89835	654	89508	2373238	26.42
1975-1979	57	0.00764	0.00761	0.5	89180	679	88841	2283730	25.61
1975-1979	58	0.00818	0.00815	0.5	88501	721	88141	2194889	24.80
1975-1979	59	0.00849	0.00845	0.5	87780	742	87409	2106749	24.00
1975-1979	60	0.00908	0.00904	0.5	87038	787	86645	2019339	23.20
1975-1979	61	0.00950	0.00946	0.5	86251	816	85844	1932695	22.41
1975-1979	62	0.01074	0.01068	0.5	85436	913	84979	1846851	21.62
1975-1979	63	0.01128	0.01122	0.5	84523	948	84049	1761872	20.84
1975-1979	64	0.01203	0.01196	0.5	83575	1000	83075	1677823	20.08
1975-1979	65	0.01236	0.01228	0.5	82575	1014	82068	1594747	19.31
1975-1979	66	0.01312	0.01304	0.5	81561	1063	81029	1512679	18.55
1975-1979	67	0.01440	0.01430	0.5	80498	1151	79922	1431650	17.79
1975-1979	68	0.01608	0.01595	0.5	79347	1266	78714	1351728	17.04
1975-1979	69	0.01681	0.01667	0.5	78081	1302	77430	1273014	16.30
1975-1979	70	0.01928	0.01910	0.5	76779	1466	76046	1195584	15.57
1975-1979	71	0.02001	0.01981	0.5	75313	1492	74567	1119538	14.87
1975-1979	72	0.02246	0.02221	0.5	73821	1640	73001	1044972	14.16
1975-1979	73	0.02442	0.02413	0.5	72181	1741	71310	971971	13.47
1975-1979	74	0.02681	0.02645	0.5	70439	1863	69508	900661	12.79
1975-1979	75	0.03040	0.02995	0.5	68576	2054	67549	831154	12.12
1975-1979	76	0.03274	0.03221	0.5	66522	2143	65451	763605	11.48
1975-1979	77	0.03607	0.03543	0.5	64380	2281	63239	698154	10.84
1975-1979	78	0.04030	0.03950	0.5	62099	2453	60872	634914	10.22
1975-1979	79	0.04442	0.04345	0.5	59645	2592	58350	574042	9.62
1975-1979	80	0.05392	0.05250	0.5	57054	2995	55556	515693	9.04
1975-1979	81	0.05816	0.05651	0.5	54058	3055	52531	460137	8.51
1975-1979	82	0.06578	0.06369	0.5	51003	3248	49379	407606	7.99
1975-1979	83	0.07368	0.07106	0.5	47755	3393	46058	358227	7.50
1975-1979	84	0.08174	0.07853	0.5	44361	3484	42619	312169	7.04
1975-1979	85	0.09257	0.08847	0.5	40877	3616	39069	269550	6.59
1975-1979	86	0.10085	0.09601	0.5	37261	3577	35472	230481	6.19
1975-1979	87	0.11387	0.10774	0.5	33684	3629	31869	195008	5.79
1975-1979	88	0.12348	0.11630	0.5	30055	3495	28307	163139	5.43
1975-1979	89	0.13298	0.12469	0.5	26559	3312	24903	134832	5.08
1975-1979	90	0.15342	0.14249	0.5	23248	3312	21591	109929	4.73
1975-1979	91	0.16226	0.15008	0.5	19935	2992	18439	88337	4.43
1975-1979	92	0.18785	0.17172	0.5	16943	2909	15489	69898	4.13
1975-1979	93	0.19977	0.18163	0.5	14034	2549	12759	54410	3.88
1975-1979	94	0.21867	0.19712	0.5	11485	2264	10353	41650	3.63
1975-1979	95	0.23883	0.21335	0.5	9221	1967	8237	31297	3.39
1975-1979	96	0.26022	0.23026	0.5	7254	1670	6419	23060	3.18
1975-1979	97	0.28282	0.24778	0.5	5583	1383	4892	16642	2.98
1975-1979	98	0.30656	0.26582	0.5	4200	1116	3642	11750	2.80
1975-1979	99	0.33138	0.28428	0.5	3084	877	2645	8108	2.63
1975-1979	100	0.35718	0.30305	0.5	2207	669	1873	5463	2.48
1975-1979	101	0.38383	0.32203	0.5	1538	495	1290	3590	2.33
1975-1979	102	0.41119	0.34107	0.5	1043	356	865	2300	2.21
1975-1979	103	0.43912	0.36006	0.5	687	247	563	1435	2.09
1975-1979	104	0.46743	0.37888	0.5	440	167	356	871	1.98
1975-1979	105	0.49596	0.39741	0.5	273	109	219	515	1.89
1975-1979	106	0.52452	0.41554	0.5	165	68	130	296	1.80
1975-1979	107	0.55291	0.43316	0.5	96	42	75	166	1.72
1975-1979	108	0.58097	0.45019	0.5	55	25	42	90	1.66
1975-1979	109	0.60851	0.46656	0.5	30	14	23	48	1.61
1975-1979	110+	0.63537	1.00000	1.57	16	16	25	25	1.57
1980-1984	0	0.01159	0.01147	0.09	100000	1147	98951	7846668	78.47
1980-1984	1	0.00108	0.00108	0.5	98853	106	98800	7747717	78.38
1980-1984	2	0.00076	0.00076	0.5	98747	76	98709	7648916	77.46
1980-1984	3	0.00037	0.00037	0.5	98672	36	98653	7550207	76.52
1980-1984	4	0.00033	0.00033	0.5	98635	33	98619	7451553	75.55
1980-1984	5	0.00030	0.00030	0.5	98602	29	98588	7352935	74.57
1980-1984	6	0.00029	0.00029	0.5	98573	29	98559	7254347	73.59
1980-1984	7	0.00022	0.00022	0.5	98544	22	98533	7155788	72.61
1980-1984	8	0.00021	0.00021	0.5	98522	21	98512	7057255	71.63
1980-1984	9	0.00024	0.00024	0.5	98501	24	98490	6958743	70.65
1980-1984	10	0.00019	0.00019	0.5	98478	19	98468	6860253	69.66
1980-1984	11	0.00019	0.00019	0.5	98458	19	98449	6761785	68.68
1980-1984	12	0.00027	0.00027	0.5	98439	27	98426	6663336	67.69
1980-1984	13	0.00025	0.00025	0.5	98413	24	98401	6564910	66.71
1980-1984	14	0.00031	0.00031	0.5	98388	31	98373	6466510	65.72
1980-1984	15	0.00040	0.00040	0.5	98358	39	98338	6368137	64.74
1980-1984	16	0.00050	0.00050	0.5	98319	49	98294	6269798	63.77
1980-1984	17	0.00059	0.00059	0.5	98269	58	98240	6171504	62.80
1980-1984	18	0.00066	0.00066	0.5	98211	65	98178	6073264	61.84
1980-1984	19	0.00071	0.00071	0.5	98146	69	98111	5975086	60.88
1980-1984	20	0.00077	0.00077	0.5	98077	76	98039	5876975	59.92
1980-1984	21	0.00067	0.00067	0.5	98001	66	97968	5778936	58.97
1980-1984	22	0.00073	0.00073	0.5	97935	71	97899	5680968	58.01
1980-1984	23	0.00079	0.00079	0.5	97864	78	97825	5583069	57.05
1980-1984	24	0.00079	0.00079	0.5	97786	77	97748	5485244	56.09
1980-1984	25	0.00076	0.00076	0.5	97709	74	97672	5387496	55.14
1980-1984	26	0.00082	0.00082	0.5	97635	80	97595	5289824	54.18
1980-1984	27	0.00081	0.00081	0.5	97555	79	97516	5192229	53.22
1980-1984	28	0.00082	0.00082	0.5	97477	80	97437	5094713	52.27
1980-1984	29	0.00081	0.00081	0.5	97397	79	97357	4997276	51.31
1980-1984	30	0.00085	0.00085	0.5	97317	82	97276	4899919	50.35
1980-1984	31	0.00090	0.00090	0.5	97235	88	97191	4802643	49.39
1980-1984	32	0.00085	0.00085	0.5	97147	83	97106	4705451	48.44
1980-1984	33	0.00092	0.00091	0.5	97065	89	97021	4608345	47.48
1980-1984	34	0.00098	0.00098	0.5	96976	95	96929	4511325	46.52
1980-1984	35	0.00101	0.00101	0.5	96881	98	96832	4414396	45.57
1980-1984	36	0.00119	0.00119	0.5	96783	115	96726	4317564	44.61
1980-1984	37	0.00121	0.00121	0.5	96668	117	96610	4220838	43.66
1980-1984	38	0.00142	0.00142	0.5	96551	137	96483	4124228	42.72
1980-1984	39	0.00139	0.00139	0.5	96415	134	96348	4027745	41.78
1980-1984	40	0.00175	0.00175	0.5	96281	169	96196	3931398	40.83
1980-1984	41	0.00191	0.00190	0.5	96112	183	96020	3835201	39.90
1980-1984	42	0.00203	0.00202	0.5	95929	194	95832	3739181	38.98
1980-1984	43	0.00224	0.00223	0.5	95735	214	95628	3643349	38.06
1980-1984	44	0.00246	0.00246	0.5	95521	235	95404	3547721	37.14
1980-1984	45	0.00263	0.00263	0.5	95286	250	95161	3452317	36.23
1980-1984	46	0.00278	0.00277	0.5	95036	264	94904	3357156	35.33
1980-1984	47	0.00329	0.00328	0.5	94772	311	94617	3262252	34.42
1980-1984	48	0.00341	0.00341	0.5	94461	322	94300	3167635	33.53
1980-1984	49	0.00367	0.00367	0.5	94139	345	93967	3073335	32.65
1980-1984	50	0.00383	0.00382	0.5	93794	359	93615	2979368	31.77
1980-1984	51	0.00452	0.00451	0.5	93435	421	93225	2885753	30.89
1980-1984	52	0.00481	0.00480	0.5	93014	447	92791	2792529	30.02
1980-1984	53	0.00529	0.00527	0.5	92568	488	92324	2699737	29.16
1980-1984	54	0.00573	0.00572	0.5	92080	526	91817	2607414	28.32
1980-1984	55	0.00591	0.00589	0.5	91553	539	91284	2515597	27.48
1980-1984	56	0.00658	0.00656	0.5	91014	597	90715	2424314	26.64
1980-1984	57	0.00716	0.00714	0.5	90417	645	90094	2333598	25.81
1980-1984	58	0.00754	0.00752	0.5	89772	675	89434	2243504	24.99
1980-1984	59	0.00808	0.00805	0.5	89097	717	88738	2154070	24.18
1980-1984	60	0.00869	0.00865	0.5	88380	765	87997	2065331	23.37
1980-1984	61	0.00963	0.00958	0.5	87615	839	87195	1977334	22.57
1980-1984	62	0.01041	0.01036	0.5	86776	899	86326	1890139	21.78
1980-1984	63	0.01095	0.01089	0.5	85877	935	85409	1803812	21.00
1980-1984	64	0.01102	0.01096	0.5	84942	931	84476	1718403	20.23
1980-1984	65	0.01207	0.01199	0.5	84011	1008	83507	1633927	19.45
1980-1984	66	0.01339	0.01330	0.5	83003	1104	82451	1550420	18.68
1980-1984	67	0.01388	0.01378	0.5	81899	1129	81335	1467969	17.92
1980-1984	68	0.01559	0.01547	0.5	80770	1249	80146	1386634	17.17
1980-1984	69	0.01641	0.01628	0.5	79521	1295	78874	1306488	16.43
1980-1984	70	0.01871	0.01854	0.5	78226	1450	77501	1227615	15.69
1980-1984	71	0.01988	0.01969	0.5	76776	1512	76020	1150113	14.98
1980-1984	72	0.02213	0.02189	0.5	75265	1648	74441	1074093	14.27
1980-1984	73	0.02446	0.02417	0.5	73617	1779	72727	999652	13.58
1980-1984	74	0.02609	0.02575	0.5	71838	1850	70913	926925	12.90
1980-1984	75	0.02854	0.02814	0.5	69988	1969	69003	856012	12.23
1980-1984	76	0.03186	0.03136	0.5	68018	2133	66952	787009	11.57
1980-1984	77	0.03472	0.03413	0.5	65886	2248	64762	720057	10.93
1980-1984	78	0.03886	0.03812	0.5	63637	2426	62424	655295	10.30
1980-1984	79	0.04317	0.04225	0.5	61211	2586	59918	592871	9.69
1980-1984	80	0.05432	0.05288	0.5	58625	3100	57075	532953	9.09
1980-1984	81	0.05873	0.05705	0.5	55525	3168	53941	475878	8.57
1980-1984	82	0.06533	0.06327	0.5	52357	3312	50701	421938	8.06
1980-1984	83	0.07404	0.07140	0.5	49044	3502	47293	371237	7.57
1980-1984	84	0.08116	0.07800	0.5	45543	3552	43766	323944	7.11
1980-1984	85	0.09000	0.08613	0.5	41990	3616	40182	280177	6.67
1980-1984	86	0.09948	0.09477	0.5	38374	3637	36556	239995	6.25
1980-1984	87	0.11041	0.10463	0.5	34737	3635	32920	203440	5.86
1980-1984	88	0.11934	0.11262	0.5	31103	3503	29351	170520	5.48
1980-1984	89	0.13321	0.12489	0.5	27600	3447	25876	141169	5.11
1980-1984	90	0.15201	0.14128	0.5	24153	3412	22447	115292	4.77
1980-1984	91	0.16262	0.15039	0.5	20741	3119	19181	92846	4.48
1980-1984	92	0.18001	0.16514	0.5	17621	2910	16166	73665	4.18
1980-1984	93	0.20337	0.18460	0.5	14711	2716	13353	57498	3.91
1980-1984	94	0.21500	0.19413	0.5	11996	2329	10831	44145	3.68
1980-1984	95	0.23466	0.21002	0.5	9667	2030	8652	33313	3.45
1980-1984	96	0.25554	0.22659	0.5	7637	1730	6771	24662	3.23
1980-1984	97	0.27759	0.24376	0.5	5906	1440	5186	17890	3.03
1980-1984	98	0.30078	0.26146	0.5	4467	1168	3883	12704	2.84
1980-1984	99	0.32504	0.27960	0.5	3299	922	2838	8821	2.67
1980-1984	100	0.35027	0.29807	0.5	2376	708	2022	5984	2.52
1980-1984	101	0.37637	0.31676	0.5	1668	528	1404	3961	2.37
1980-1984	102	0.40320	0.33555	0.5	1140	382	948	2557	2.24
1980-1984	103	0.43063	0.35434	0.5	757	268	623	1609	2.12
1980-1984	104	0.45849	0.37299	0.5	489	182	398	986	2.02
1980-1984	105	0.48662	0.39139	0.5	307	120	247	588	1.92
1980-1984	106	0.51482	0.40943	0.5	187	76	148	341	1.83
1980-1984	107	0.54294	0.42702	0.5	110	47	87	193	1.75
1980-1984	108	0.57078	0.44405	0.5	63	28	49	106	1.69
1980-1984	109	0.59818	0.46046	0.5	35	16	27	57	1.63
1980-1984	110+	0.62498	1.00000	1.6	19	19	30	30	1.60
1985-1989	0	0.00994	0.00985	0.08	100000	985	99095	7899177	78.99
1985-1989	1	0.00102	0.00102	0.5	99015	101	98965	7800082	78.78
1985-1989	2	0.00059	0.00059	0.5	98914	58	98885	7701117	77.86
1985-1989	3	0.00041	0.00041	0.5	98856	41	98836	7602232	76.90
1985-1989	4	0.00029	0.00029	0.5	98815	28	98801	7503397	75.93
1985-1989	5	0.00029	0.00029	0.5	98787	28	98773	7404596	74.96
1985-1989	6	0.00025	0.00025	0.5	98758	25	98746	7305823	73.98
1985-1989	7	0.00021	0.00021	0.5	98733	21	98723	7207077	73.00
1985-1989	8	0.00025	0.00025	0.5	98713	25	98700	7108354	72.01
1985-1989	9	0.00019	0.00019	0.5	98688	19	98679	7009654	71.03
1985-1989	10	0.00022	0.00022	0.5	98669	22	98658	6910975	70.04
1985-1989	11	0.00022	0.00022	0.5	98647	22	98636	6812317	69.06
1985-1989	12	0.00019	0.00019	0.5	98625	19	98615	6713681	68.07
1985-1989	13	0.00024	0.00024	0.5	98606	24	98594	6615066	67.09
1985-1989	14	0.00035	0.00035	0.5	98582	34	98565	6516472	66.10
1985-1989	15	0.00036	0.00036	0.5	98548	35	98530	6417906	65.12
1985-1989	16	0.00054	0.00054	0.5	98513	53	98486	6319376	64.15
1985-1989	17	0.00060	0.00060	0.5	98460	60	98430	6220890	63.18
1985-1989	18	0.00057	0.00057	0.5	98400	56	98372	6122460	62.22
1985-1989	19	0.00054	0.00054	0.5	98345	53	98318	6024087	61.25
1985-1989	20	0.00062	0.00062	0.5	98292	61	98261	5925769	60.29
1985-1989	21	0.00062	0.00062	0.5	98231	61	98200	5827508	59.32
1985-1989	22	0.00068	0.00068	0.5	98170	67	98136	5729308	58.36
1985-1989	23	0.00070	0.00070	0.5	98103	69	98069	5631171	57.40
1985-1989	24	0.00070	0.00070	0.5	98035	69	98000	5533102	56.44
1985-1989	25	0.00073	0.00073	0.5	97966	72	97930	5435102	55.48
1985-1989	26	0.00077	0.00077	0.5	97894	75	97856	5337172	54.52
1985-1989	27	0.00078	0.00078	0.5	97819	76	97781	5239316	53.56
1985-1989	28	0.00082	0.00082	0.5	97743	80	97702	5141535	52.60
1985-1989	29	0.00081	0.00081	0.5	97662	79	97623	5043833	51.65
1985-1989	30	0.00082	0.00082	0.5	97583	80	97543	4946210	50.69
1985-1989	31	0.00095	0.00095	0.5	97503	92	97457	4848667	49.73
1985-1989	32	0.00103	0.00103	0.5	97411	100	97361	4751209	48.77
1985-1989	33	0.00106	0.00106	0.5	97311	103	97259	4653848	47.82
1985-1989	34	0.00104	0.00104	0.5	97207	101	97157	4556589	46.87
1985-1989	35	0.00114	0.00114	0.5	97106	110	97051	4459433	45.92
1985-1989	36	0.00117	0.00117	0.5	96996	114	96939	4362382	44.98
1985-1989	37	0.00123	0.00123	0.5	96882	119	96822	4265443	44.03
1985-1989	38	0.00138	0.00138	0.5	96763	134	96696	4168621	43.08
1985-1989	39	0.00131	0.00131	0.5	96629	127	96566	4071925	42.14
1985-1989	40	0.00156	0.00156	0.5	96502	151	96427	3975359	41.19
1985-1989	41	0.00167	0.00167	0.5	96351	161	96271	3878932	40.26
1985-1989	42	0.00191	0.00191	0.5	96190	184	96098	3782661	39.32
1985-1989	43	0.00188	0.00188	0.5	96007	180	95917	3686563	38.40
1985-1989	44	0.00222	0.00222	0.5	95827	213	95720	3590646	37.47
1985-1989	45	0.00215	0.00215	0.5	95614	205	95511	3494926	36.55
1985-1989	46	0.00270	0.00270	0.5	95409	258	95280	3399415	35.63
1985-1989	47	0.00278	0.00277	0.5	95151	264	95019	3304135	34.73
1985-1989	48	0.00328	0.00328	0.5	94888	311	94732	3209115	33.82
1985-1989	49	0.00339	0.00338	0.5	94576	320	94416	3114383	32.93
1985-1989	50	0.00369	0.00368	0.5	94256	347	94083	3019967	32.04
1985-1989	51	0.00413	0.00412	0.5	93909	387	93716	2925884	31.16
1985-1989	52	0.00442	0.00441	0.5	93522	412	93316	2832168	30.28
1985-1989	53	0.00494	0.00493	0.5	93110	459	92880	2738853	29.42
1985-1989	54	0.00509	0.00508	0.5	92651	470	92416	2645972	28.56
1985-1989	55	0.00553	0.00551	0.5	92181	508	91927	2553556	27.70
1985-1989	56	0.00597	0.00595	0.5	91673	545	91400	2461629	26.85
1985-1989	57	0.00658	0.00656	0.5	91127	598	90828	2370229	26.01
1985-1989	58	0.00763	0.00760	0.5	90529	688	90185	2279401	25.18
1985-1989	59	0.00778	0.00775	0.5	89841	696	89493	2189216	24.37
1985-1989	60	0.00862	0.00859	0.5	89145	765	88762	2099723	23.55
1985-1989	61	0.00904	0.00900	0.5	88379	795	87982	2010961	22.75
1985-1989	62	0.01016	0.01011	0.5	87584	886	87141	1922979	21.96
1985-1989	63	0.01050	0.01045	0.5	86698	906	86245	1835838	21.17
1985-1989	64	0.01096	0.01090	0.5	85792	935	85325	1749593	20.39
1985-1989	65	0.01215	0.01207	0.5	84857	1024	84345	1664268	19.61
1985-1989	66	0.01276	0.01268	0.5	83833	1063	83301	1579923	18.85
1985-1989	67	0.01384	0.01375	0.5	82770	1138	82201	1496621	18.08
1985-1989	68	0.01505	0.01494	0.5	81632	1219	81023	1414420	17.33
1985-1989	69	0.01578	0.01565	0.5	80413	1259	79784	1333397	16.58
1985-1989	70	0.01797	0.01781	0.5	79154	1410	78450	1253614	15.84
1985-1989	71	0.01940	0.01921	0.5	77745	1494	76998	1175164	15.12
1985-1989	72	0.02201	0.02177	0.5	76251	1660	75421	1098166	14.40
1985-1989	73	0.02401	0.02373	0.5	74591	1770	73707	1022745	13.71
1985-1989	74	0.02617	0.02583	0.5	72822	1881	71881	949038	13.03
1985-1989	75	0.02774	0.02736	0.5	70940	1941	69970	877157	12.36
1985-1989	76	0.03126	0.03078	0.5	68999	2124	67937	807188	11.70
1985-1989	77	0.03397	0.03340	0.5	66876	2234	65759	739250	11.05
1985-1989	78	0.03745	0.03676	0.5	64642	2377	63454	673492	10.42
1985-1989	79	0.04182	0.04097	0.5	62265	2551	60990	610038	9.80
1985-1989	80	0.05216	0.05084	0.5	59714	3036	58196	549048	9.19
1985-1989	81	0.05601	0.05448	0.5	56679	3088	55135	490852	8.66
1985-1989	82	0.06384	0.06186	0.5	53591	3315	51933	435717	8.13
1985-1989	83	0.07072	0.06830	0.5	50275	3434	48558	383784	7.63
1985-1989	84	0.07825	0.07530	0.5	46842	3527	45078	335226	7.16
1985-1989	85	0.08588	0.08234	0.5	43314	3567	41531	290148	6.70
1985-1989	86	0.09906	0.09439	0.5	39748	3752	37872	248617	6.25
1985-1989	87	0.10849	0.10291	0.5	35996	3704	34144	210745	5.85
1985-1989	88	0.11941	0.11268	0.5	32292	3639	30472	176601	5.47
1985-1989	89	0.13406	0.12563	0.5	28653	3600	26853	146129	5.10
1985-1989	90	0.14946	0.13907	0.5	25053	3484	23311	119276	4.76
1985-1989	91	0.16234	0.15015	0.5	21569	3239	19950	95965	4.45
1985-1989	92	0.18159	0.16647	0.5	18330	3052	16805	76015	4.15
1985-1989	93	0.19848	0.18056	0.5	15279	2759	13899	59210	3.88
1985-1989	94	0.21787	0.19647	0.5	12520	2460	11290	45311	3.62
1985-1989	95	0.23860	0.21317	0.5	10060	2145	8988	34021	3.38
1985-1989	96	0.26064	0.23059	0.5	7916	1825	7003	25033	3.16
1985-1989	97	0.28395	0.24865	0.5	6091	1514	5333	18029	2.96
1985-1989	98	0.30848	0.26726	0.5	4576	1223	3965	12696	2.77
1985-1989	99	0.33415	0.28631	0.5	3353	960	2873	8732	2.60
1985-1989	100	0.36083	0.30568	0.5	2393	732	2027	5858	2.45
1985-1989	101	0.38840	0.32524	0.5	1662	540	1391	3831	2.31
1985-1989	102	0.41671	0.34485	0.5	1121	387	928	2440	2.18
1985-1989	103	0.44557	0.36439	0.5	735	268	601	1512	2.06
1985-1989	104	0.47481	0.38371	0.5	467	179	377	911	1.95
1985-1989	105	0.50422	0.40269	0.5	288	116	230	534	1.86
1985-1989	106	0.53360	0.42122	0.5	172	72	136	304	1.77
1985-1989	107	0.56275	0.43917	0.5	99	44	78	169	1.69
1985-1989	108	0.59147	0.45647	0.5	56	25	43	91	1.63
1985-1989	109	0.61958	0.47304	0.5	30	14	23	48	1.58
1985-1989	110+	0.64691	1.00000	1.55	16	16	25	25	1.55
1990-1994	0	0.00848	0.00841	0.08	100000	841	99224	7957968	79.58
1990-1994	1	0.00081	0.00080	0.5	99159	80	99119	7858744	79.25
1990-1994	2	0.00053	0.00053	0.5	99079	52	99053	7759625	78.32
1990-1994	3	0.00034	0.00034	0.5	99027	33	99010	7660572	77.36
1990-1994	4	0.00030	0.00030	0.5	98994	30	98979	7561561	76.38
1990-1994	5	0.00020	0.00020	0.5	98964	20	98954	7462583	75.41
1990-1994	6	0.00023	0.00023	0.5	98944	23	98933	7363629	74.42
1990-1994	7	0.00015	0.00015	0.5	98921	15	98914	7264696	73.44
1990-1994	8	0.00017	0.00017	0.5	98906	17	98898	7165782	72.45
1990-1994	9	0.00016	0.00016	0.5	98889	15	98881	7066885	71.46
1990-1994	10	0.00019	0.00019	0.5	98874	19	98864	6968003	70.47
1990-1994	11	0.00013	0.00013	0.5	98855	13	98848	6869139	69.49
1990-1994	12	0.00020	0.00020	0.5	98842	20	98832	6770291	68.50
1990-1994	13	0.00021	0.00021	0.5	98822	20	98812	6671459	67.51
1990-1994	14	0.00026	0.00026	0.5	98802	26	98789	6572648	66.52
1990-1994	15	0.00037	0.00037	0.5	98776	36	98758	6473859	65.54
1990-1994	16	0.00038	0.00038	0.5	98740	38	98721	6375101	64.56
1990-1994	17	0.00049	0.00049	0.5	98702	48	98678	6276381	63.59
1990-1994	18	0.00056	0.00056	0.5	98654	55	98626	6177703	62.62
1990-1994	19	0.00055	0.00055	0.5	98599	54	98572	6079077	61.65
1990-1994	20	0.00057	0.00057	0.5	98545	56	98517	5980505	60.69
1990-1994	21	0.00059	0.00059	0.5	98489	58	98460	5881988	59.72
1990-1994	22	0.00060	0.00060	0.5	98431	59	98402	5783528	58.76
1990-1994	23	0.00066	0.00066	0.5	98372	65	98340	5685126	57.79
1990-1994	24	0.00068	0.00068	0.5	98307	66	98274	5586786	56.83
1990-1994	25	0.00073	0.00073	0.5	98241	72	98205	5488512	55.87
1990-1994	26	0.00076	0.00076	0.5	98169	75	98132	5390307	54.91
1990-1994	27	0.00083	0.00083	0.5	98094	82	98053	5292176	53.95
1990-1994	28	0.00091	0.00091	0.5	98012	89	97968	5194123	52.99
1990-1994	29	0.00085	0.00085	0.5	97923	83	97881	5096155	52.04
1990-1994	30	0.00092	0.00092	0.5	97840	90	97795	4998273	51.09
1990-1994	31	0.00107	0.00107	0.5	97750	104	97698	4900479	50.13
1990-1994	32	0.00101	0.00101	0.5	97646	99	97596	4802781	49.19
1990-1994	33	0.00115	0.00115	0.5	97547	112	97491	4705185	48.24
1990-1994	34	0.00119	0.00118	0.5	97435	115	97377	4607694	47.29
1990-1994	35	0.00123	0.00123	0.5	97319	120	97259	4510317	46.35
1990-1994	36	0.00130	0.00130	0.5	97199	126	97136	4413057	45.40
1990-1994	37	0.00140	0.00140	0.5	97073	136	97005	4315921	44.46
1990-1994	38	0.00155	0.00155	0.5	96937	150	96862	4218916	43.52
1990-1994	39	0.00158	0.00158	0.5	96787	153	96710	4122055	42.59
1990-1994	40	0.00166	0.00166	0.5	96634	160	96554	4025344	41.66
1990-1994	41	0.00172	0.00172	0.5	96474	166	96391	3928790	40.72
1990-1994	42	0.00174	0.00173	0.5	96308	167	96225	3832399	39.79
1990-1994	43	0.00191	0.00191	0.5	96141	184	96049	3736175	38.86
1990-1994	44	0.00209	0.00208	0.5	95957	200	95857	3640126	37.93
1990-1994	45	0.00227	0.00227	0.5	95757	217	95649	3544268	37.01
1990-1994	46	0.00257	0.00257	0.5	95540	245	95417	3448620	36.10
1990-1994	47	0.00269	0.00268	0.5	95295	256	95167	3353202	35.19
1990-1994	48	0.00321	0.00320	0.5	95039	304	94887	3258035	34.28
1990-1994	49	0.00317	0.00316	0.5	94735	300	94585	3163148	33.39
1990-1994	50	0.00373	0.00373	0.5	94435	352	94259	3068563	32.49
1990-1994	51	0.00392	0.00391	0.5	94083	368	93900	2974303	31.61
1990-1994	52	0.00422	0.00421	0.5	93716	395	93518	2880404	30.74
1990-1994	53	0.00473	0.00472	0.5	93321	440	93101	2786885	29.86
1990-1994	54	0.00474	0.00473	0.5	92881	439	92661	2693785	29.00
1990-1994	55	0.00547	0.00545	0.5	92441	504	92189	2601124	28.14
1990-1994	56	0.00584	0.00582	0.5	91937	535	91670	2508934	27.29
1990-1994	57	0.00615	0.00613	0.5	91402	560	91122	2417264	26.45
1990-1994	58	0.00707	0.00705	0.5	90842	640	90522	2326142	25.61
1990-1994	59	0.00727	0.00724	0.5	90202	653	89875	2235621	24.78
1990-1994	60	0.00785	0.00782	0.5	89549	700	89198	2145746	23.96
1990-1994	61	0.00858	0.00854	0.5	88848	759	88469	2056547	23.15
1990-1994	62	0.00938	0.00934	0.5	88089	823	87678	1968078	22.34
1990-1994	63	0.01004	0.00999	0.5	87267	872	86831	1880401	21.55
1990-1994	64	0.01032	0.01027	0.5	86395	887	85951	1793570	20.76
1990-1994	65	0.01127	0.01121	0.5	85507	959	85028	1707619	19.97
1990-1994	66	0.01197	0.01190	0.5	84549	1006	84046	1622591	19.19
1990-1994	67	0.01309	0.01300	0.5	83543	1086	83000	1538545	18.42
1990-1994	68	0.01462	0.01451	0.5	82456	1196	81858	1455546	17.65
1990-1994	69	0.01527	0.01515	0.5	81260	1231	80644	1373688	16.90
1990-1994	70	0.01661	0.01647	0.5	80029	1318	79370	1293043	16.16
1990-1994	71	0.01861	0.01844	0.5	78711	1452	77985	1213673	15.42
1990-1994	72	0.02015	0.01995	0.5	77259	1541	76488	1135689	14.70
1990-1994	73	0.02200	0.02176	0.5	75718	1647	74894	1059200	13.99
1990-1994	74	0.02426	0.02397	0.5	74070	1775	73183	984306	13.29
1990-1994	75	0.02661	0.02626	0.5	72295	1899	71346	911123	12.60
1990-1994	76	0.02975	0.02931	0.5	70396	2063	69364	839778	11.93
1990-1994	77	0.03198	0.03148	0.5	68333	2151	67257	770413	11.27
1990-1994	78	0.03539	0.03477	0.5	66182	2301	65031	703156	10.62
1990-1994	79	0.03944	0.03868	0.5	63880	2471	62645	638125	9.99
1990-1994	80	0.05052	0.04928	0.5	61410	3026	59897	575480	9.37
1990-1994	81	0.05470	0.05325	0.5	58384	3109	56829	515584	8.83
1990-1994	82	0.06222	0.06035	0.5	55275	3336	53607	458755	8.30
1990-1994	83	0.06942	0.06709	0.5	51939	3485	50197	405148	7.80
1990-1994	84	0.07465	0.07197	0.5	48455	3487	46711	354951	7.33
1990-1994	85	0.08333	0.08000	0.5	44967	3597	43169	308240	6.85
1990-1994	86	0.09219	0.08813	0.5	41370	3646	39547	265071	6.41
1990-1994	87	0.10533	0.10006	0.5	37724	3775	35837	225524	5.98
1990-1994	88	0.11488	0.10864	0.5	33949	3688	32105	189687	5.59
1990-1994	89	0.12859	0.12082	0.5	30261	3656	28433	157582	5.21
1990-1994	90	0.14674	0.13671	0.5	26605	3637	24786	129149	4.85
1990-1994	91	0.15878	0.14710	0.5	22968	3379	21279	104362	4.54
1990-1994	92	0.17609	0.16184	0.5	19589	3170	18004	83084	4.24
1990-1994	93	0.19295	0.17597	0.5	16419	2889	14974	65080	3.96
1990-1994	94	0.21127	0.19108	0.5	13530	2585	12237	50105	3.70
1990-1994	95	0.23151	0.20749	0.5	10944	2271	9809	37869	3.46
1990-1994	96	0.25307	0.22465	0.5	8673	1948	7699	28060	3.24
1990-1994	97	0.27592	0.24247	0.5	6725	1631	5910	20360	3.03
1990-1994	98	0.30000	0.26087	0.5	5094	1329	4430	14451	2.84
1990-1994	99	0.32524	0.27975	0.5	3765	1053	3239	10021	2.66
1990-1994	100	0.35154	0.29899	0.5	2712	811	2307	6782	2.50
1990-1994	101	0.37877	0.31846	0.5	1901	605	1598	4476	2.35
1990-1994	102	0.40679	0.33803	0.5	1296	438	1077	2877	2.22
1990-1994	103	0.43542	0.35757	0.5	858	307	704	1800	2.10
1990-1994	104	0.46449	0.37695	0.5	551	208	447	1096	1.99
1990-1994	105	0.49381	0.39603	0.5	343	136	275	649	1.89
1990-1994	106	0.52317	0.41469	0.5	207	86	164	373	1.80
1990-1994	107	0.55237	0.43283	0.5	121	53	95	209	1.72
1990-1994	108	0.58121	0.45034	0.5	69	31	53	114	1.66
1990-1994	109	0.60951	0.46715	0.5	38	18	29	61	1.60
1990-1994	110+	0.63709	1.00000	1.57	20	20	32	32	1.57
1995-1999	0	0.00694	0.00689	0.07	100000	689	99361	7979019	79.79
1995-1999	1	0.00063	0.00063	0.5	99311	63	99279	7879658	79.34
1995-1999	2	0.00044	0.00044	0.5	99248	43	99226	7780379	78.39
1995-1999	3	0.00034	0.00034	0.5	99205	34	99188	7681153	77.43
1995-1999	4	0.00023	0.00023	0.5	99171	22	99159	7581965	76.45
1995-1999	5	0.00018	0.00018	0.5	99148	18	99139	7482805	75.47
1995-1999	6	0.00021	0.00021	0.5	99130	20	99120	7383666	74.48
1995-1999	7	0.00013	0.00013	0.5	99109	13	99103	7284547	73.50
1995-1999	8	0.00015	0.00015	0.5	99097	14	99089	7185444	72.51
1995-1999	9	0.00013	0.00013	0.5	99082	13	99076	7086354	71.52
1995-1999	10	0.00015	0.00015	0.5	99069	14	99062	6987279	70.53
1995-1999	11	0.00016	0.00016	0.5	99055	16	99047	6888217	69.54
1995-1999	12	0.00021	0.00021	0.5	99039	21	99028	6789170	68.55
1995-1999	13	0.00018	0.00018	0.5	99017	18	99009	6690142	67.57
1995-1999	14	0.00024	0.00024	0.5	99000	24	98988	6591133	66.58
1995-1999	15	0.00032	0.00032	0.5	98976	32	98960	6492145	65.59
1995-1999	16	0.00042	0.00042	0.5	98944	41	98923	6393185	64.61
1995-1999	17	0.00041	0.00041	0.5	98903	40	98883	6294262	63.64
1995-1999	18	0.00057	0.00057	0.5	98862	57	98834	6195379	62.67
1995-1999	19	0.00056	0.00056	0.5	98806	55	98778	6096545	61.70
1995-1999	20	0.00048	0.00048	0.5	98751	48	98727	5997767	60.74
1995-1999	21	0.00055	0.00055	0.5	98703	54	98676	5899040	59.77
1995-1999	22	0.00055	0.00055	0.5	98649	55	98622	5800364	58.80
1995-1999	23	0.00066	0.00066	0.5	98594	65	98562	5701742	57.83
1995-1999	24	0.00063	0.00063	0.5	98530	62	98499	5603181	56.87
1995-1999	25	0.00065	0.00065	0.5	98468	64	98436	5504682	55.90
1995-1999	26	0.00063	0.00063	0.5	98404	62	98373	5406246	54.94
1995-1999	27	0.00074	0.00074	0.5	98342	73	98305	5307873	53.97
1995-1999	28	0.00078	0.00078	0.5	98268	77	98230	5209568	53.01
1995-1999	29	0.00086	0.00086	0.5	98192	85	98149	5111338	52.05
1995-1999	30	0.00087	0.00087	0.5	98107	85	98064	5013189	51.10
1995-1999	31	0.00091	0.00091	0.5	98022	89	97977	4915125	50.14
1995-1999	32	0.00094	0.00094	0.5	97933	92	97887	4817147	49.19
1995-1999	33	0.00110	0.00110	0.5	97840	108	97787	4719261	48.23
1995-1999	34	0.00121	0.00121	0.5	97733	118	97674	4621474	47.29
1995-1999	35	0.00122	0.00122	0.5	97615	119	97555	4523800	46.34
1995-1999	36	0.00134	0.00134	0.5	97496	131	97430	4426245	45.40
1995-1999	37	0.00154	0.00154	0.5	97365	150	97290	4328815	44.46
1995-1999	38	0.00163	0.00163	0.5	97215	158	97136	4231525	43.53
1995-1999	39	0.00160	0.00160	0.5	97057	155	96980	4134388	42.60
1995-1999	40	0.00168	0.00167	0.5	96902	162	96821	4037409	41.66
1995-1999	41	0.00193	0.00193	0.5	96740	187	96647	3940588	40.73
1995-1999	42	0.00188	0.00188	0.5	96553	182	96462	3843941	39.81
1995-1999	43	0.00213	0.00213	0.5	96371	205	96269	3747479	38.89
1995-1999	44	0.00230	0.00230	0.5	96166	221	96056	3651210	37.97
1995-1999	45	0.00226	0.00225	0.5	95945	216	95837	3555154	37.05
1995-1999	46	0.00255	0.00255	0.5	95729	244	95607	3459318	36.14
1995-1999	47	0.00275	0.00274	0.5	95485	262	95354	3363711	35.23
1995-1999	48	0.00299	0.00299	0.5	95223	284	95081	3268357	34.32
1995-1999	49	0.00292	0.00291	0.5	94939	276	94801	3173276	33.42
1995-1999	50	0.00336	0.00335	0.5	94662	318	94504	3078475	32.52
1995-1999	51	0.00363	0.00362	0.5	94345	342	94174	2983971	31.63
1995-1999	52	0.00416	0.00415	0.5	94003	390	93808	2889797	30.74
1995-1999	53	0.00446	0.00445	0.5	93613	416	93405	2795989	29.87
1995-1999	54	0.00457	0.00456	0.5	93197	425	92984	2702584	29.00
1995-1999	55	0.00495	0.00493	0.5	92772	458	92543	2609600	28.13
1995-1999	56	0.00555	0.00553	0.5	92314	510	92059	2517057	27.27
1995-1999	57	0.00585	0.00583	0.5	91803	536	91535	2424999	26.42
1995-1999	58	0.00670	0.00667	0.5	91268	609	90963	2333463	25.57
1995-1999	59	0.00693	0.00691	0.5	90659	626	90345	2242500	24.74
1995-1999	60	0.00751	0.00748	0.5	90032	674	89695	2152155	23.90
1995-1999	61	0.00852	0.00849	0.5	89358	758	88979	2062459	23.08
1995-1999	62	0.00889	0.00885	0.5	88600	784	88208	1973480	22.27
1995-1999	63	0.00967	0.00963	0.5	87816	845	87393	1885272	21.47
1995-1999	64	0.01037	0.01032	0.5	86971	898	86522	1797879	20.67
1995-1999	65	0.01090	0.01084	0.5	86073	933	85607	1711357	19.88
1995-1999	66	0.01213	0.01206	0.5	85140	1026	84627	1625750	19.10
1995-1999	67	0.01238	0.01230	0.5	84114	1035	83596	1541124	18.32
1995-1999	68	0.01336	0.01327	0.5	83079	1102	82528	1457527	17.54
1995-1999	69	0.01489	0.01478	0.5	81976	1212	81371	1375000	16.77
1995-1999	70	0.01612	0.01599	0.5	80765	1292	80119	1293629	16.02
1995-1999	71	0.01817	0.01801	0.5	79473	1431	78758	1213510	15.27
1995-1999	72	0.01983	0.01963	0.5	78042	1532	77276	1134753	14.54
1995-1999	73	0.02151	0.02128	0.5	76510	1628	75696	1057477	13.82
1995-1999	74	0.02326	0.02300	0.5	74882	1722	74021	981781	13.11
1995-1999	75	0.02588	0.02555	0.5	73160	1869	72225	907760	12.41
1995-1999	76	0.02824	0.02785	0.5	71290	1985	70298	835535	11.72
1995-1999	77	0.03158	0.03109	0.5	69305	2155	68228	765237	11.04
1995-1999	78	0.03539	0.03477	0.5	67150	2335	65983	697010	10.38
1995-1999	79	0.03902	0.03827	0.5	64815	2481	63575	631027	9.74
1995-1999	80	0.05159	0.05029	0.5	62335	3135	60767	567452	9.10
1995-1999	81	0.05699	0.05541	0.5	59200	3280	57560	506684	8.56
1995-1999	82	0.06409	0.06210	0.5	55920	3472	54183	449125	8.03
1995-1999	83	0.06981	0.06746	0.5	52447	3538	50678	394941	7.53
1995-1999	84	0.07856	0.07559	0.5	48909	3697	47061	344263	7.04
1995-1999	85	0.08894	0.08515	0.5	45212	3850	43287	297202	6.57
1995-1999	86	0.10011	0.09534	0.5	41362	3944	39391	253915	6.14
1995-1999	87	0.10955	0.10386	0.5	37419	3886	35476	214525	5.73
1995-1999	88	0.12163	0.11466	0.5	33532	3845	31610	179049	5.34
1995-1999	89	0.13623	0.12754	0.5	29688	3786	27794	147439	4.97
1995-1999	90	0.15163	0.14095	0.5	25901	3651	24076	119645	4.62
1995-1999	91	0.16895	0.15579	0.5	22250	3466	20517	95569	4.30
1995-1999	92	0.18985	0.17339	0.5	18784	3257	17156	75052	4.00
1995-1999	93	0.20713	0.18769	0.5	15527	2914	14070	57896	3.73
1995-1999	94	0.22803	0.20469	0.5	12613	2582	11322	43826	3.47
1995-1999	95	0.25038	0.22252	0.5	10031	2232	8915	32505	3.24
1995-1999	96	0.27414	0.24109	0.5	7799	1880	6859	23590	3.02
1995-1999	97	0.29926	0.26031	0.5	5919	1541	5148	16731	2.83
1995-1999	98	0.32564	0.28004	0.5	4378	1226	3765	11583	2.65
1995-1999	99	0.35318	0.30017	0.5	3152	946	2679	7818	2.48
1995-1999	100	0.38173	0.32055	0.5	2206	707	1852	5139	2.33
1995-1999	101	0.41112	0.34102	0.5	1499	511	1243	3286	2.19
1995-1999	102	0.44115	0.36143	0.5	988	357	809	2043	2.07
1995-1999	103	0.47163	0.38163	0.5	631	241	510	1234	1.96
1995-1999	104	0.50231	0.40148	0.5	390	157	312	724	1.86
1995-1999	105	0.53298	0.42084	0.5	233	98	184	412	1.77
1995-1999	106	0.56341	0.43958	0.5	135	59	105	228	1.68
1995-1999	107	0.59336	0.45760	0.5	76	35	58	122	1.61
1995-1999	108	0.62263	0.47482	0.5	41	20	31	64	1.55
1995-1999	109	0.65104	0.49116	0.5	22	11	16	32	1.50
1995-1999	110+	0.67841	1.00000	1.47	11	11	16	16	1.47
2000-2004	0	0.00685	0.00681	0.07	100000	681	99368	8004494	80.04
2000-2004	1	0.00049	0.00049	0.5	99319	48	99295	7905126	79.59
2000-2004	2	0.00037	0.00037	0.5	99271	36	99253	7805831	78.63
2000-2004	3	0.00023	0.00023	0.5	99235	23	99223	7706578	77.66
2000-2004	4	0.00016	0.00016	0.5	99212	16	99204	7607355	76.68
2000-2004	5	0.00015	0.00015	0.5	99196	14	99188	7508152	75.69
2000-2004	6	0.00013	0.00013	0.5	99181	13	99175	7408963	74.70
2000-2004	7	0.00013	0.00013	0.5	99168	13	99162	7309789	73.71
2000-2004	8	0.00014	0.00014	0.5	99155	14	99149	7210627	72.72
2000-2004	9	0.00011	0.00011	0.5	99142	11	99136	7111478	71.73
2000-2004	10	0.00013	0.00013	0.5	99131	13	99124	7012342	70.74
2000-2004	11	0.00014	0.00014	0.5	99118	14	99111	6913218	69.75
2000-2004	12	0.00013	0.00013	0.5	99104	13	99097	6814107	68.76
2000-2004	13	0.00018	0.00018	0.5	99091	18	99082	6715010	67.77
2000-2004	14	0.00018	0.00018	0.5	99073	18	99064	6615928	66.78
2000-2004	15	0.00028	0.00028	0.5	99055	28	99041	6516864	65.79
2000-2004	16	0.00038	0.00038	0.5	99027	38	99008	6417823	64.81
2000-2004	17	0.00037	0.00037	0.5	98989	36	98971	6318815	63.83
2000-2004	18	0.00056	0.00056	0.5	98953	55	98925	6219844	62.86
2000-2004	19	0.00053	0.00053	0.5	98897	52	98871	6120919	61.89
2000-2004	20	0.00060	0.00060	0.5	98845	59	98816	6022047	60.92
2000-2004	21	0.00058	0.00058	0.5	98786	57	98758	5923232	59.96
2000-2004	22	0.00057	0.00057	0.5	98729	56	98701	5824474	58.99
2000-2004	23	0.00057	0.00057	0.5	98672	56	98644	5725773	58.03
2000-2004	24	0.00059	0.00059	0.5	98616	58	98587	5627129	57.06
2000-2004	25	0.00060	0.00060	0.5	98558	60	98528	5528542	56.09
2000-2004	26	0.00071	0.00071	0.5	98499	70	98464	5430013	55.13
2000-2004	27	0.00070	0.00070	0.5	98429	69	98394	5331550	54.17
2000-2004	28	0.00066	0.00066	0.5	98360	65	98327	5233156	53.20
2000-2004	29	0.00078	0.00078	0.5	98295	77	98257	5134828	52.24
2000-2004	30	0.00076	0.00076	0.5	98218	75	98181	5036571	51.28
2000-2004	31	0.00081	0.00081	0.5	98144	79	98104	4938390	50.32
2000-2004	32	0.00088	0.00088	0.5	98064	86	98021	4840286	49.36
2000-2004	33	0.00102	0.00102	0.5	97978	100	97928	4742265	48.40
2000-2004	34	0.00105	0.00105	0.5	97878	102	97827	4644337	47.45
2000-2004	35	0.00109	0.00109	0.5	97776	106	97722	4546510	46.50
2000-2004	36	0.00124	0.00124	0.5	97669	121	97609	4448788	45.55
2000-2004	37	0.00135	0.00135	0.5	97548	132	97482	4351179	44.61
2000-2004	38	0.00141	0.00141	0.5	97416	138	97348	4253697	43.67
2000-2004	39	0.00162	0.00162	0.5	97279	158	97200	4156349	42.73
2000-2004	40	0.00177	0.00177	0.5	97121	172	97035	4059149	41.79
2000-2004	41	0.00189	0.00189	0.5	96949	183	96858	3962114	40.87
2000-2004	42	0.00208	0.00208	0.5	96766	202	96665	3865257	39.94
2000-2004	43	0.00222	0.00222	0.5	96565	214	96458	3768591	39.03
2000-2004	44	0.00240	0.00239	0.5	96350	231	96235	3672134	38.11
2000-2004	45	0.00267	0.00267	0.5	96120	256	95992	3575899	37.20
2000-2004	46	0.00274	0.00273	0.5	95863	262	95732	3479907	36.30
2000-2004	47	0.00309	0.00308	0.5	95601	295	95454	3384175	35.40
2000-2004	48	0.00303	0.00302	0.5	95306	288	95162	3288721	34.51
2000-2004	49	0.00316	0.00316	0.5	95018	300	94868	3193559	33.61
2000-2004	50	0.00347	0.00346	0.5	94718	328	94554	3098691	32.71
2000-2004	51	0.00367	0.00366	0.5	94390	345	94217	3004136	31.83
2000-2004	52	0.00387	0.00387	0.5	94045	364	93863	2909919	30.94
2000-2004	53	0.00412	0.00411	0.5	93681	385	93488	2816056	30.06
2000-2004	54	0.00437	0.00436	0.5	93296	407	93092	2722568	29.18
2000-2004	55	0.00505	0.00504	0.5	92889	468	92655	2629476	28.31
2000-2004	56	0.00513	0.00512	0.5	92421	473	92184	2536821	27.45
2000-2004	57	0.00578	0.00577	0.5	91948	530	91683	2444636	26.59
2000-2004	58	0.00606	0.00604	0.5	91417	553	91141	2352953	25.74
2000-2004	59	0.00656	0.00654	0.5	90865	594	90568	2261812	24.89
2000-2004	60	0.00708	0.00706	0.5	90271	637	89952	2171244	24.05
2000-2004	61	0.00764	0.00762	0.5	89634	683	89293	2081292	23.22
2000-2004	62	0.00827	0.00824	0.5	88951	733	88585	1991999	22.39
2000-2004	63	0.00885	0.00881	0.5	88219	777	87830	1903414	21.58
2000-2004	64	0.00950	0.00945	0.5	87441	827	87028	1815584	20.76
2000-2004	65	0.01025	0.01020	0.5	86615	883	86173	1728556	19.96
2000-2004	66	0.01119	0.01112	0.5	85731	954	85255	1642383	19.16
2000-2004	67	0.01237	0.01229	0.5	84778	1042	84257	1557128	18.37
2000-2004	68	0.01295	0.01286	0.5	83735	1077	83197	1472872	17.59
2000-2004	69	0.01438	0.01428	0.5	82658	1180	82068	1389675	16.81
2000-2004	70	0.01598	0.01586	0.5	81478	1292	80832	1307607	16.05
2000-2004	71	0.01678	0.01664	0.5	80186	1335	79519	1226774	15.30
2000-2004	72	0.01879	0.01861	0.5	78852	1468	78118	1147256	14.55
2000-2004	73	0.02084	0.02062	0.5	77384	1596	76586	1069138	13.82
2000-2004	74	0.02329	0.02302	0.5	75788	1744	74916	992552	13.10
2000-2004	75	0.02494	0.02463	0.5	74044	1824	73132	917636	12.39
2000-2004	76	0.02779	0.02741	0.5	72220	1979	71230	844504	11.69
2000-2004	77	0.03105	0.03057	0.5	70240	2147	69167	773274	11.01
2000-2004	78	0.03417	0.03359	0.5	68093	2287	66949	704108	10.34
2000-2004	79	0.03813	0.03742	0.5	65806	2462	64574	637159	9.68
2000-2004	80	0.04946	0.04826	0.5	63343	3057	61815	572584	9.04
2000-2004	81	0.05526	0.05377	0.5	60286	3242	58665	510770	8.47
2000-2004	82	0.06376	0.06179	0.5	57044	3525	55282	452105	7.93
2000-2004	83	0.07076	0.06835	0.5	53520	3658	51691	396822	7.41
2000-2004	84	0.07991	0.07684	0.5	49862	3831	47946	345131	6.92
2000-2004	85	0.08897	0.08518	0.5	46031	3921	44070	297185	6.46
2000-2004	86	0.09902	0.09435	0.5	42110	3973	40123	253115	6.01
2000-2004	87	0.11308	0.10703	0.5	38137	4082	36096	212992	5.58
2000-2004	88	0.12422	0.11695	0.5	34055	3983	32063	176896	5.19
2000-2004	89	0.14064	0.13140	0.5	30072	3952	28096	144832	4.82
2000-2004	90	0.15568	0.14444	0.5	26121	3773	24234	116736	4.47
2000-2004	91	0.17532	0.16119	0.5	22348	3602	20547	92502	4.14
2000-2004	92	0.19485	0.17755	0.5	18745	3328	17081	71956	3.84
2000-2004	93	0.22205	0.19986	0.5	15417	3081	13876	54874	3.56
2000-2004	94	0.23952	0.21390	0.5	12336	2639	11016	40998	3.32
2000-2004	95	0.26386	0.23311	0.5	9697	2260	8567	29981	3.09
2000-2004	96	0.28974	0.25308	0.5	7437	1882	6496	21415	2.88
2000-2004	97	0.31707	0.27368	0.5	5555	1520	4794	14919	2.69
2000-2004	98	0.34571	0.29476	0.5	4034	1189	3440	10124	2.51
2000-2004	99	0.37552	0.31616	0.5	2845	900	2395	6685	2.35
2000-2004	100	0.40631	0.33770	0.5	1946	657	1617	4289	2.20
2000-2004	101	0.43785	0.35921	0.5	1289	463	1057	2672	2.07
2000-2004	102	0.46990	0.38050	0.5	826	314	669	1615	1.96
2000-2004	103	0.50220	0.40141	0.5	512	205	409	946	1.85
2000-2004	104	0.53448	0.42177	0.5	306	129	242	537	1.76
2000-2004	105	0.56648	0.44144	0.5	177	78	138	296	1.67
2000-2004	106	0.59793	0.46031	0.5	99	46	76	158	1.60
2000-2004	107	0.62859	0.47827	0.5	53	26	41	82	1.53
2000-2004	108	0.65826	0.49525	0.5	28	14	21	41	1.47
2000-2004	109	0.68673	0.51120	0.5	14	7	10	20	1.43
2000-2004	110+	0.71386	1.00000	1.4	7	7	10	10	1.40
2005-2009	0	0.00677	0.00673	0.07	100000	673	99375	8106525	81.07
2005-2009	1	0.00060	0.00059	0.5	99327	59	99297	8007150	80.61
2005-2009	2	0.00028	0.00028	0.5	99268	28	99254	7907853	79.66
2005-2009	3	0.00019	0.00019	0.5	99240	18	99231	7808599	78.68
2005-2009	4	0.00020	0.00020	0.5	99222	19	99212	7709368	77.70
2005-2009	5	0.00014	0.00014	0.5	99202	14	99196	7610155	76.71
2005-2009	6	0.00014	0.00014	0.5	99189	14	99182	7510960	75.72
2005-2009	7	0.00012	0.00012	0.5	99175	12	99169	7411778	74.73
2005-2009	8	0.00011	0.00011	0.5	99163	11	99157	7312609	73.74
2005-2009	9	0.00012	0.00012	0.5	99151	12	99146	7213452	72.75
2005-2009	10	0.00010	0.00010	0.5	99140	10	99135	7114307	71.76
2005-2009	11	0.00012	0.00012	0.5	99129	12	99124	7015172	70.77
2005-2009	12	0.00011	0.00011	0.5	99118	11	99112	6916048	69.78
2005-2009	13	0.00017	0.00017	0.5	99107	17	99099	6816936	68.78
2005-2009	14	0.00018	0.00018	0.5	99090	18	99081	6717837	67.80
2005-2009	15	0.00020	0.00020	0.5	99072	19	99062	6618756	66.81
2005-2009	16	0.00028	0.00028	0.5	99053	27	99039	6519694	65.82
2005-2009	17	0.00036	0.00036	0.5	99025	35	99007	6420655	64.84
2005-2009	18	0.00045	0.00045	0.5	98990	45	98968	6321648	63.86
2005-2009	19	0.00053	0.00053	0.5	98945	53	98919	6222680	62.89
2005-2009	20	0.00056	0.00056	0.5	98893	56	98865	6123761	61.92
2005-2009	21	0.00051	0.00051	0.5	98837	50	98812	6024896	60.96
2005-2009	22	0.00054	0.00054	0.5	98787	53	98760	5926084	59.99
2005-2009	23	0.00060	0.00060	0.5	98734	60	98704	5827324	59.02
2005-2009	24	0.00066	0.00066	0.5	98674	65	98642	5728620	58.06
2005-2009	25	0.00066	0.00066	0.5	98609	65	98577	5629978	57.09
2005-2009	26	0.00065	0.00065	0.5	98544	64	98512	5531401	56.13
2005-2009	27	0.00069	0.00069	0.5	98480	68	98447	5432889	55.17
2005-2009	28	0.00074	0.00074	0.5	98413	73	98376	5334442	54.20
2005-2009	29	0.00079	0.00079	0.5	98340	78	98301	5236066	53.24
2005-2009	30	0.00076	0.00076	0.5	98262	75	98224	5137765	52.29
2005-2009	31	0.00085	0.00085	0.5	98187	84	98145	5039541	51.33
2005-2009	32	0.00089	0.00089	0.5	98103	88	98059	4941396	50.37
2005-2009	33	0.00093	0.00093	0.5	98015	91	97970	4843337	49.41
2005-2009	34	0.00102	0.00102	0.5	97925	100	97874	4745367	48.46
2005-2009	35	0.00104	0.00104	0.5	97824	102	97773	4647493	47.51
2005-2009	36	0.00115	0.00115	0.5	97722	113	97666	4549720	46.56
2005-2009	37	0.00119	0.00119	0.5	97609	116	97551	4452054	45.61
2005-2009	38	0.00126	0.00126	0.5	97493	122	97432	4354503	44.66
2005-2009	39	0.00146	0.00146	0.5	97371	142	97300	4257071	43.72
2005-2009	40	0.00154	0.00154	0.5	97229	150	97154	4159771	42.78
2005-2009	41	0.00157	0.00156	0.5	97079	152	97003	4062617	41.85
2005-2009	42	0.00185	0.00185	0.5	96927	179	96837	3965614	40.91
2005-2009	43	0.00206	0.00206	0.5	96748	200	96648	3868777	39.99
2005-2009	44	0.00224	0.00224	0.5	96548	216	96440	3772129	39.07
2005-2009	45	0.00233	0.00233	0.5	96332	224	96220	3675689	38.16
2005-2009	46	0.00261	0.00260	0.5	96108	250	95983	3579469	37.24
2005-2009	47	0.00281	0.00280	0.5	95858	269	95723	3483486	36.34
2005-2009	48	0.00317	0.00317	0.5	95589	303	95438	3387763	35.44
2005-2009	49	0.00341	0.00341	0.5	95286	324	95124	3292325	34.55
2005-2009	50	0.00355	0.00355	0.5	94962	337	94793	3197201	33.67
2005-2009	51	0.00378	0.00377	0.5	94625	357	94446	3102407	32.79
2005-2009	52	0.00403	0.00402	0.5	94268	379	94078	3007961	31.91
2005-2009	53	0.00428	0.00427	0.5	93889	401	93688	2913883	31.04
2005-2009	54	0.00443	0.00442	0.5	93488	414	93281	2820195	30.17
2005-2009	55	0.00474	0.00472	0.5	93074	440	92854	2726914	29.30
2005-2009	56	0.00488	0.00486	0.5	92634	451	92409	2634060	28.44
2005-2009	57	0.00516	0.00515	0.5	92184	474	91947	2541651	27.57
2005-2009	58	0.00560	0.00558	0.5	91709	512	91453	2449704	26.71
2005-2009	59	0.00606	0.00604	0.5	91197	551	90922	2358251	25.86
2005-2009	60	0.00651	0.00649	0.5	90647	588	90353	2267329	25.01
2005-2009	61	0.00690	0.00688	0.5	90059	619	89749	2176976	24.17
2005-2009	62	0.00765	0.00762	0.5	89439	681	89099	2087227	23.34
2005-2009	63	0.00807	0.00804	0.5	88758	713	88401	1998128	22.51
2005-2009	64	0.00832	0.00828	0.5	88045	729	87680	1909727	21.69
2005-2009	65	0.00924	0.00919	0.5	87316	803	86914	1822047	20.87
2005-2009	66	0.01011	0.01005	0.5	86513	870	86078	1735132	20.06
2005-2009	67	0.01066	0.01061	0.5	85643	908	85189	1649054	19.25
2005-2009	68	0.01147	0.01140	0.5	84735	966	84251	1563866	18.46
2005-2009	69	0.01258	0.01250	0.5	83768	1047	83245	1479614	17.66
2005-2009	70	0.01374	0.01365	0.5	82721	1129	82157	1396369	16.88
2005-2009	71	0.01490	0.01479	0.5	81592	1207	80989	1314213	16.11
2005-2009	72	0.01654	0.01641	0.5	80385	1319	79726	1233224	15.34
2005-2009	73	0.01818	0.01802	0.5	79067	1424	78354	1153498	14.59
2005-2009	74	0.02067	0.02046	0.5	77642	1589	76848	1075144	13.85
2005-2009	75	0.02220	0.02196	0.5	76053	1670	75218	998296	13.13
2005-2009	76	0.02473	0.02443	0.5	74383	1817	73475	923078	12.41
2005-2009	77	0.02769	0.02731	0.5	72566	1982	71575	849603	11.71
2005-2009	78	0.03091	0.03044	0.5	70584	2148	69510	778027	11.02
2005-2009	79	0.03425	0.03367	0.5	68436	2304	67284	708517	10.35
2005-2009	80	0.04236	0.04148	0.5	66132	2743	64760	641233	9.70
2005-2009	81	0.04711	0.04602	0.5	63388	2917	61930	576473	9.09
2005-2009	82	0.05275	0.05140	0.5	60471	3108	58917	514543	8.51
2005-2009	83	0.05917	0.05747	0.5	57363	3297	55715	455626	7.94
2005-2009	84	0.06798	0.06575	0.5	54066	3555	52289	399912	7.40
2005-2009	85	0.07761	0.07471	0.5	50512	3774	48625	347623	6.88
2005-2009	86	0.08746	0.08380	0.5	46738	3917	44780	298998	6.40
2005-2009	87	0.09961	0.09488	0.5	42821	4063	40790	254218	5.94
2005-2009	88	0.11272	0.10671	0.5	38758	4136	36691	213428	5.51
2005-2009	89	0.12529	0.11790	0.5	34623	4082	32582	176738	5.10
2005-2009	90	0.14169	0.13231	0.5	30541	4041	28520	144156	4.72
2005-2009	91	0.16313	0.15083	0.5	26500	3997	24501	115636	4.36
2005-2009	92	0.17926	0.16452	0.5	22503	3702	20652	91135	4.05
2005-2009	93	0.20375	0.18491	0.5	18801	3476	17062	70483	3.75
2005-2009	94	0.22207	0.19988	0.5	15324	3063	13793	53420	3.49
2005-2009	95	0.24634	0.21933	0.5	12261	2689	10917	39628	3.23
2005-2009	96	0.27234	0.23970	0.5	9572	2294	8425	28711	3.00
2005-2009	97	0.29999	0.26087	0.5	7278	1898	6328	20286	2.79
2005-2009	98	0.32918	0.28266	0.5	5379	1520	4619	13958	2.59
2005-2009	99	0.35975	0.30491	0.5	3859	1177	3270	9339	2.42
2005-2009	100	0.39150	0.32741	0.5	2682	878	2243	6069	2.26
2005-2009	101	0.42420	0.34997	0.5	1804	631	1488	3825	2.12
2005-2009	102	0.45757	0.37238	0.5	1173	437	954	2337	1.99
2005-2009	103	0.49133	0.39443	0.5	736	290	591	1383	1.88
2005-2009	104	0.52517	0.41595	0.5	446	185	353	792	1.78
2005-2009	105	0.55878	0.43675	0.5	260	114	203	439	1.69
2005-2009	106	0.59185	0.45670	0.5	147	67	113	236	1.61
2005-2009	107	0.62412	0.47568	0.5	80	38	61	122	1.54
2005-2009	108	0.65532	0.49359	0.5	42	21	31	62	1.48
2005-2009	109	0.68524	0.51037	0.5	21	11	16	30	1.43
2005-2009	110+	0.71369	1.00000	1.4	10	10	15	15	1.40
2010-2014	0	0.00567	0.00564	0.07	100000	564	99475	8202634	82.03
2010-2014	1	0.00038	0.00038	0.5	99436	38	99417	8103159	81.49
2010-2014	2	0.00027	0.00027	0.5	99398	27	99384	8003742	80.52
2010-2014	3	0.00020	0.00020	0.5	99371	19	99361	7904358	79.54
2010-2014	4	0.00015	0.00015	0.5	99351	15	99344	7804997	78.56
2010-2014	5	0.00012	0.00012	0.5	99337	12	99331	7705652	77.57
2010-2014	6	0.00010	0.00010	0.5	99325	10	99320	7606322	76.58
2010-2014	7	0.00011	0.00011	0.5	99315	11	99310	7507002	75.59
2010-2014	8	0.00011	0.00011	0.5	99304	11	99299	7407692	74.60
2010-2014	9	0.00009	0.00009	0.5	99293	9	99289	7308394	73.60
2010-2014	10	0.00012	0.00012	0.5	99284	12	99279	7209105	72.61
2010-2014	11	0.00009	0.00009	0.5	99273	9	99268	7109826	71.62
2010-2014	12	0.00012	0.00012	0.5	99264	12	99258	7010558	70.63
2010-2014	13	0.00011	0.00011	0.5	99252	11	99247	6911300	69.63
2010-2014	14	0.00017	0.00017	0.5	99241	17	99233	6812053	68.64
2010-2014	15	0.00018	0.00018	0.5	99225	17	99216	6712820	67.65
2010-2014	16	0.00025	0.00025	0.5	99207	24	99195	6613604	66.66
2010-2014	17	0.00028	0.00028	0.5	99183	28	99169	6514409	65.68
2010-2014	18	0.00033	0.00033	0.5	99155	32	99139	6415240	64.70
2010-2014	19	0.00043	0.00043	0.5	99122	42	99101	6316101	63.72
2010-2014	20	0.00041	0.00041	0.5	99080	40	99060	6217000	62.75
2010-2014	21	0.00046	0.00046	0.5	99040	46	99017	6117940	61.77
2010-2014	22	0.00049	0.00049	0.5	98994	49	98970	6018923	60.80
2010-2014	23	0.00046	0.00046	0.5	98946	45	98923	5919953	59.83
2010-2014	24	0.00054	0.00054	0.5	98900	54	98874	5821030	58.86
2010-2014	25	0.00056	0.00056	0.5	98847	56	98819	5722156	57.89
2010-2014	26	0.00061	0.00061	0.5	98791	60	98761	5623337	56.92
2010-2014	27	0.00067	0.00067	0.5	98731	66	98698	5524576	55.96
2010-2014	28	0.00066	0.00066	0.5	98665	65	98633	5425878	54.99
2010-2014	29	0.00073	0.00073	0.5	98600	72	98564	5327245	54.03
2010-2014	30	0.00073	0.00073	0.5	98528	72	98492	5228681	53.07
2010-2014	31	0.00077	0.00077	0.5	98456	76	98418	5130190	52.11
2010-2014	32	0.00079	0.00079	0.5	98380	78	98341	5031772	51.15
2010-2014	33	0.00082	0.00082	0.5	98302	81	98262	4933431	50.19
2010-2014	34	0.00093	0.00093	0.5	98221	91	98175	4835169	49.23
2010-2014	35	0.00093	0.00093	0.5	98130	91	98084	4736994	48.27
2010-2014	36	0.00105	0.00105	0.5	98038	103	97987	4638910	47.32
2010-2014	37	0.00106	0.00106	0.5	97936	103	97884	4540923	46.37
2010-2014	38	0.00121	0.00120	0.5	97832	118	97773	4443039	45.41
2010-2014	39	0.00133	0.00133	0.5	97715	130	97649	4345265	44.47
2010-2014	40	0.00133	0.00133	0.5	97584	130	97520	4247616	43.53
2010-2014	41	0.00146	0.00146	0.5	97455	142	97384	4150096	42.58
2010-2014	42	0.00166	0.00166	0.5	97313	162	97232	4052713	41.65
2010-2014	43	0.00178	0.00178	0.5	97151	173	97064	3955481	40.71
2010-2014	44	0.00186	0.00186	0.5	96978	180	96888	3858417	39.79
2010-2014	45	0.00212	0.00212	0.5	96798	205	96695	3761529	38.86
2010-2014	46	0.00233	0.00233	0.5	96593	225	96480	3664833	37.94
2010-2014	47	0.00246	0.00246	0.5	96368	237	96250	3568353	37.03
2010-2014	48	0.00275	0.00275	0.5	96131	264	95999	3472103	36.12
2010-2014	49	0.00298	0.00298	0.5	95867	285	95724	3376104	35.22
2010-2014	50	0.00342	0.00341	0.5	95582	326	95418	3280380	34.32
2010-2014	51	0.00371	0.00371	0.5	95255	353	95079	3184962	33.44
2010-2014	52	0.00387	0.00387	0.5	94902	367	94719	3089883	32.56
2010-2014	53	0.00416	0.00415	0.5	94535	393	94339	2995164	31.68
2010-2014	54	0.00464	0.00463	0.5	94143	436	93925	2900825	30.81
2010-2014	55	0.00491	0.00490	0.5	93707	459	93477	2806900	29.95
2010-2014	56	0.00516	0.00515	0.5	93248	480	93008	2713423	29.10
2010-2014	57	0.00551	0.00550	0.5	92768	510	92513	2620415	28.25
2010-2014	58	0.00601	0.00599	0.5	92258	553	91981	2527902	27.40
2010-2014	59	0.00614	0.00612	0.5	91705	561	91424	2435921	26.56
2010-2014	60	0.00647	0.00645	0.5	91144	588	90850	2344496	25.72
2010-2014	61	0.00678	0.00676	0.5	90555	612	90249	2253647	24.89
2010-2014	62	0.00709	0.00706	0.5	89943	635	89625	2163398	24.05
2010-2014	63	0.00774	0.00771	0.5	89308	689	88964	2073772	23.22
2010-2014	64	0.00840	0.00837	0.5	88619	742	88248	1984808	22.40
2010-2014	65	0.00868	0.00864	0.5	87878	759	87498	1896560	21.58
2010-2014	66	0.00940	0.00936	0.5	87118	815	86711	1809062	20.77
2010-2014	67	0.01028	0.01023	0.5	86303	882	85862	1722352	19.96
2010-2014	68	0.01122	0.01116	0.5	85420	953	84944	1636490	19.16
2010-2014	69	0.01224	0.01216	0.5	84467	1027	83954	1551546	18.37
2010-2014	70	0.01322	0.01314	0.5	83440	1096	82892	1467593	17.59
2010-2014	71	0.01406	0.01396	0.5	82344	1150	81769	1384701	16.82
2010-2014	72	0.01529	0.01518	0.5	81194	1232	80578	1302932	16.05
2010-2014	73	0.01633	0.01620	0.5	79962	1295	79314	1222354	15.29
2010-2014	74	0.01870	0.01852	0.5	78667	1457	77938	1143039	14.53
2010-2014	75	0.02066	0.02045	0.5	77210	1579	76420	1065101	13.79
2010-2014	76	0.02261	0.02235	0.5	75630	1691	74785	988681	13.07
2010-2014	77	0.02561	0.02529	0.5	73940	1870	73005	913896	12.36
2010-2014	78	0.02805	0.02766	0.5	72070	1994	71073	840891	11.67
2010-2014	79	0.03179	0.03129	0.5	70076	2193	68980	769818	10.99
2010-2014	80	0.03554	0.03492	0.5	67884	2371	66698	700838	10.32
2010-2014	81	0.03982	0.03904	0.5	65513	2558	64234	634139	9.68
2010-2014	82	0.04592	0.04489	0.5	62955	2826	61542	569905	9.05
2010-2014	83	0.05302	0.05165	0.5	60129	3106	58576	508363	8.45
2010-2014	84	0.05966	0.05793	0.5	57024	3303	55372	449787	7.89
2010-2014	85	0.06717	0.06498	0.5	53720	3491	51975	394415	7.34
2010-2014	86	0.07717	0.07430	0.5	50229	3732	48363	342440	6.82
2010-2014	87	0.08676	0.08315	0.5	46497	3866	44564	294077	6.32
2010-2014	88	0.09991	0.09516	0.5	42631	4057	40603	249513	5.85
2010-2014	89	0.11334	0.10727	0.5	38574	4138	36505	208910	5.42
2010-2014	90	0.12986	0.12194	0.5	34436	4199	32337	172405	5.01
2010-2014	91	0.14620	0.13624	0.5	30237	4119	28178	140068	4.63
2010-2014	92	0.16349	0.15114	0.5	26118	3947	24144	111891	4.28
2010-2014	93	0.18318	0.16781	0.5	22170	3720	20310	87747	3.96
2010-2014	94	0.20588	0.18666	0.5	18450	3444	16728	67436	3.66
2010-2014	95	0.22982	0.20613	0.5	15006	3093	13459	50708	3.38
2010-2014	96	0.25565	0.22667	0.5	11913	2700	10563	37249	3.13
2010-2014	97	0.28331	0.24815	0.5	9213	2286	8069	26686	2.90
2010-2014	98	0.31270	0.27042	0.5	6926	1873	5990	18617	2.69
2010-2014	99	0.34369	0.29329	0.5	5053	1482	4312	12627	2.50
2010-2014	100	0.37606	0.31654	0.5	3571	1130	3006	8314	2.33
2010-2014	101	0.40958	0.33996	0.5	2441	830	2026	5308	2.17
2010-2014	102	0.44397	0.36332	0.5	1611	585	1318	3282	2.04
2010-2014	103	0.47889	0.38638	0.5	1026	396	828	1964	1.91
2010-2014	104	0.51403	0.40893	0.5	629	257	501	1136	1.81
2010-2014	105	0.54903	0.43077	0.5	372	160	292	636	1.71
2010-2014	106	0.58355	0.45174	0.5	212	96	164	344	1.62
2010-2014	107	0.61726	0.47169	0.5	116	55	89	180	1.55
2010-2014	108	0.64989	0.49050	0.5	61	30	46	91	1.49
2010-2014	109	0.68117	0.50812	0.5	31	16	23	45	1.44
2010-2014	110+	0.71090	1.00000	1.41	15	15	22	22	1.41
2015-2017	0	0.00556	0.00553	0.07	100000	553	99485	8220921	82.21
2015-2017	1	0.00037	0.00037	0.5	99447	37	99429	8121436	81.67
2015-2017	2	0.00028	0.00028	0.5	99410	28	99396	8022007	80.70
2015-2017	3	0.00017	0.00017	0.5	99382	17	99374	7922611	79.72
2015-2017	4	0.00018	0.00018	0.5	99365	17	99356	7823238	78.73
2015-2017	5	0.00013	0.00013	0.5	99347	13	99341	7723881	77.75
2015-2017	6	0.00012	0.00012	0.5	99335	12	99329	7624540	76.76
2015-2017	7	0.00012	0.00012	0.5	99323	12	99317	7525211	75.77
2015-2017	8	0.00008	0.00008	0.5	99311	8	99307	7425895	74.77
2015-2017	9	0.00008	0.00008	0.5	99303	8	99299	7326588	73.78
2015-2017	10	0.00011	0.00011	0.5	99294	11	99289	7227289	72.79
2015-2017	11	0.00009	0.00009	0.5	99284	9	99279	7128000	71.79
2015-2017	12	0.00009	0.00009	0.5	99274	9	99270	7028721	70.80
2015-2017	13	0.00014	0.00014	0.5	99265	14	99258	6929451	69.81
2015-2017	14	0.00020	0.00020	0.5	99251	20	99241	6830193	68.82
2015-2017	15	0.00023	0.00023	0.5	99231	23	99220	6730952	67.83
2015-2017	16	0.00020	0.00020	0.5	99209	20	99199	6631732	66.85
2015-2017	17	0.00026	0.00026	0.5	99188	25	99176	6532533	65.86
2015-2017	18	0.00040	0.00040	0.5	99163	40	99143	6433357	64.88
2015-2017	19	0.00048	0.00048	0.5	99123	47	99099	6334214	63.90
2015-2017	20	0.00045	0.00045	0.5	99076	45	99053	6235115	62.93
2015-2017	21	0.00055	0.00055	0.5	99031	55	99004	6136062	61.96
2015-2017	22	0.00056	0.00056	0.5	98976	56	98948	6037058	61.00
2015-2017	23	0.00059	0.00059	0.5	98920	58	98892	5938110	60.03
2015-2017	24	0.00065	0.00065	0.5	98863	64	98831	5839218	59.06
2015-2017	25	0.00066	0.00066	0.5	98799	65	98766	5740388	58.10
2015-2017	26	0.00059	0.00059	0.5	98733	59	98704	5641622	57.14
2015-2017	27	0.00078	0.00078	0.5	98675	77	98636	5542918	56.17
2015-2017	28	0.00085	0.00085	0.5	98598	84	98556	5444281	55.22
2015-2017	29	0.00084	0.00084	0.5	98514	83	98473	5345726	54.26
2015-2017	30	0.00088	0.00088	0.5	98431	87	98388	5247253	53.31
2015-2017	31	0.00093	0.00093	0.5	98344	92	98299	5148865	52.36
2015-2017	32	0.00101	0.00101	0.5	98253	99	98203	5050567	51.40
2015-2017	33	0.00104	0.00104	0.5	98154	102	98103	4952363	50.46
2015-2017	34	0.00117	0.00117	0.5	98052	115	97995	4854261	49.51
2015-2017	35	0.00119	0.00119	0.5	97937	117	97879	4756266	48.56
2015-2017	36	0.00127	0.00126	0.5	97820	124	97759	4658387	47.62
2015-2017	37	0.00134	0.00134	0.5	97697	131	97631	4560629	46.68
2015-2017	38	0.00133	0.00133	0.5	97566	130	97501	4462998	45.74
2015-2017	39	0.00138	0.00138	0.5	97436	135	97369	4365497	44.80
2015-2017	40	0.00136	0.00136	0.5	97301	132	97235	4268128	43.87
2015-2017	41	0.00155	0.00155	0.5	97169	150	97094	4170893	42.92
2015-2017	42	0.00165	0.00165	0.5	97019	160	96939	4073799	41.99
2015-2017	43	0.00178	0.00178	0.5	96859	172	96773	3976860	41.06
2015-2017	44	0.00198	0.00198	0.5	96687	192	96591	3880087	40.13
2015-2017	45	0.00208	0.00208	0.5	96495	201	96395	3783496	39.21
2015-2017	46	0.00225	0.00225	0.5	96295	216	96187	3687101	38.29
2015-2017	47	0.00243	0.00243	0.5	96078	233	95962	3590914	37.37
2015-2017	48	0.00268	0.00268	0.5	95845	257	95717	3494953	36.46
2015-2017	49	0.00283	0.00283	0.5	95589	270	95453	3399236	35.56
2015-2017	50	0.00323	0.00322	0.5	95318	307	95165	3303782	34.66
2015-2017	51	0.00364	0.00364	0.5	95011	345	94838	3208618	33.77
2015-2017	52	0.00377	0.00376	0.5	94666	356	94487	3113779	32.89
2015-2017	53	0.00430	0.00429	0.5	94309	404	94107	3019292	32.01
2015-2017	54	0.00469	0.00468	0.5	93905	440	93685	2925185	31.15
2015-2017	55	0.00492	0.00491	0.5	93465	459	93236	2831499	30.29
2015-2017	56	0.00541	0.00540	0.5	93007	502	92756	2738263	29.44
2015-2017	57	0.00579	0.00578	0.5	92505	534	92237	2645508	28.60
2015-2017	58	0.00595	0.00594	0.5	91970	546	91697	2553271	27.76
2015-2017	59	0.00638	0.00636	0.5	91424	582	91133	2461573	26.92
2015-2017	60	0.00681	0.00679	0.5	90842	616	90534	2370440	26.09
2015-2017	61	0.00717	0.00714	0.5	90226	645	89904	2279906	25.27
2015-2017	62	0.00767	0.00764	0.5	89581	684	89239	2190003	24.45
2015-2017	63	0.00834	0.00831	0.5	88897	738	88528	2100763	23.63
2015-2017	64	0.00879	0.00875	0.5	88159	772	87773	2012235	22.83
2015-2017	65	0.00884	0.00880	0.5	87387	769	87003	1924462	22.02
2015-2017	66	0.00957	0.00953	0.5	86618	825	86205	1837460	21.21
2015-2017	67	0.00974	0.00970	0.5	85793	832	85377	1751254	20.41
2015-2017	68	0.01104	0.01098	0.5	84961	933	84495	1665878	19.61
2015-2017	69	0.01194	0.01187	0.5	84028	998	83530	1581383	18.82
2015-2017	70	0.01273	0.01264	0.5	83031	1050	82506	1497853	18.04
2015-2017	71	0.01339	0.01330	0.5	81981	1091	81436	1415348	17.26
2015-2017	72	0.01534	0.01522	0.5	80890	1231	80275	1333912	16.49
2015-2017	73	0.01682	0.01668	0.5	79659	1329	78994	1253637	15.74
2015-2017	74	0.01872	0.01854	0.5	78330	1452	77604	1174643	15.00
2015-2017	75	0.02022	0.02002	0.5	76877	1539	76108	1097040	14.27
2015-2017	76	0.02161	0.02138	0.5	75339	1611	74533	1020932	13.55
2015-2017	77	0.02437	0.02407	0.5	73728	1775	72840	946398	12.84
2015-2017	78	0.02666	0.02631	0.5	71953	1893	71006	873558	12.14
2015-2017	79	0.03002	0.02958	0.5	70060	2072	69023	802552	11.46
2015-2017	80	0.03445	0.03387	0.5	67987	2303	66836	733529	10.79
2015-2017	81	0.03750	0.03681	0.5	65685	2418	64476	666693	10.15
2015-2017	82	0.04273	0.04184	0.5	63267	2647	61943	602217	9.52
2015-2017	83	0.04769	0.04658	0.5	60620	2824	59208	540273	8.91
2015-2017	84	0.05399	0.05257	0.5	57796	3038	56277	481065	8.32
2015-2017	85	0.06058	0.05880	0.5	54758	3220	53148	424788	7.76
2015-2017	86	0.07002	0.06765	0.5	51538	3486	49795	371640	7.21
2015-2017	87	0.07983	0.07676	0.5	48052	3689	46208	321844	6.70
2015-2017	88	0.08886	0.08508	0.5	44363	3775	42476	275637	6.21
2015-2017	89	0.10243	0.09744	0.5	40589	3955	38611	233160	5.74
2015-2017	90	0.11748	0.11096	0.5	36634	4065	34601	194549	5.31
2015-2017	91	0.13315	0.12484	0.5	32569	4066	30536	159948	4.91
2015-2017	92	0.15023	0.13973	0.5	28503	3983	26512	129412	4.54
2015-2017	93	0.17087	0.15742	0.5	24520	3860	22590	102900	4.20
2015-2017	94	0.18910	0.17277	0.5	20660	3569	18875	80310	3.89
2015-2017	95	0.21137	0.19116	0.5	17091	3267	15457	61435	3.59
2015-2017	96	0.23549	0.21068	0.5	13824	2912	12367	45977	3.33
2015-2017	97	0.26145	0.23122	0.5	10911	2523	9650	33610	3.08
2015-2017	98	0.28919	0.25266	0.5	8388	2119	7329	23960	2.86
2015-2017	99	0.31860	0.27482	0.5	6269	1723	5408	16632	2.65
2015-2017	100	0.34954	0.29754	0.5	4546	1353	3870	11224	2.47
2015-2017	101	0.38180	0.32059	0.5	3193	1024	2682	7354	2.30
2015-2017	102	0.41513	0.34377	0.5	2170	746	1797	4673	2.15
2015-2017	103	0.44926	0.36685	0.5	1424	522	1163	2876	2.02
2015-2017	104	0.48387	0.38961	0.5	901	351	726	1713	1.90
2015-2017	105	0.51864	0.41184	0.5	550	227	437	988	1.79
2015-2017	106	0.55323	0.43335	0.5	324	140	254	551	1.70
2015-2017	107	0.58731	0.45399	0.5	183	83	142	297	1.62
2015-2017	108	0.62057	0.47361	0.5	100	47	76	155	1.55
2015-2017	109	0.65274	0.49212	0.5	53	26	40	79	1.50
2015-2017	110+	0.68357	1.00000	1.46	27	27	39	39	1.46
