AZ: Arizona, Lifetables (period 5x1), Females Last modified: 3 Dec 2019, MPv5 (May07) 

Year	Age	mx	qx	ax	lx	dx	Lx	Tx	ex
1959	0	0.03003	0.02927	0.14	100000	2927	97474	7380171	73.80
1959	1-4	0.00157	0.00627	1.54	97073	608	386796	7282697	75.02
1959	5-9	0.00052	0.00259	1.78	96464	250	481517	6895901	71.49
1959	10-14	0.00039	0.00197	2.93	96214	190	480680	6414384	66.67
1959	15-19	0.00080	0.00398	2.51	96025	382	479171	5933704	61.79
1959	20-24	0.00084	0.00420	2.42	95642	401	477176	5454533	57.03
1959	25-29	0.00116	0.00579	2.19	95241	551	474659	4977357	52.26
1959	30-34	0.00146	0.00730	2.65	94690	691	471825	4502698	47.55
1959	35-39	0.00219	0.01089	2.59	93999	1024	467529	4030874	42.88
1959	40-44	0.00269	0.01335	2.75	92975	1241	462081	3563345	38.33
1959	45-49	0.00370	0.01835	2.78	91734	1684	454942	3101264	33.81
1959	50-54	0.00608	0.03002	2.86	90051	2703	444454	2646322	29.39
1959	55-59	0.00916	0.04484	2.7	87347	3917	427734	2201868	25.21
1959	60-64	0.01217	0.05917	2.65	83430	4936	405539	1774134	21.26
1959	65-69	0.01903	0.09108	2.66	78494	7149	375733	1368596	17.44
1959	70-74	0.02845	0.13321	2.61	71345	9504	334017	992863	13.92
1959	75-79	0.05177	0.23010	2.59	61841	14229	274882	658845	10.65
1959	80-84	0.08293	0.34399	2.52	47612	16378	197488	383963	8.06
1959	85-89	0.13084	0.48884	2.41	31234	15268	116691	186475	5.97
1959	90-94	0.19963	0.64508	2.26	15965	10299	51591	69784	4.37
1959	95-99	0.29142	0.78402	2.05	5666	4443	15245	18193	3.21
1959	100-104	0.40344	0.88341	1.82	1224	1081	2680	2948	2.41
1959	105-109	0.52666	0.94122	1.59	143	134	255	268	1.88
1959	110+	0.62760	1.00000	1.59	8	8	13	13	1.59
1960	0	0.02908	0.02837	0.13	100000	2837	97544	7409119	74.09
1960	1-4	0.00155	0.00618	1.43	97163	601	387109	7311575	75.25
1960	5-9	0.00043	0.00215	2.1	96562	208	482208	6924466	71.71
1960	10-14	0.00031	0.00155	3.11	96354	149	481489	6442257	66.86
1960	15-19	0.00080	0.00401	2.94	96205	386	480233	5960768	61.96
1960	20-24	0.00109	0.00541	2.69	95819	519	477899	5480536	57.20
1960	25-29	0.00111	0.00555	2.33	95301	529	475089	5002636	52.49
1960	30-34	0.00141	0.00705	2.51	94772	668	472193	4527548	47.77
1960	35-39	0.00178	0.00884	2.38	94104	832	468340	4055355	43.09
1960	40-44	0.00296	0.01472	2.81	93272	1373	463348	3587015	38.46
1960	45-49	0.00422	0.02086	2.43	91899	1917	454572	3123667	33.99
1960	50-54	0.00598	0.02948	2.66	89982	2653	443708	2669094	29.66
1960	55-59	0.00740	0.03635	2.58	87329	3174	428961	2225386	25.48
1960	60-64	0.01237	0.05997	2.48	84155	5047	408069	1796425	21.35
1960	65-69	0.01870	0.08938	2.53	79108	7071	378062	1388356	17.55
1960	70-74	0.03069	0.14342	2.72	72037	10331	336587	1010293	14.02
1960	75-79	0.05070	0.22642	2.64	61706	13971	275582	673706	10.92
1960	80-84	0.08208	0.34058	2.5	47735	16257	198058	398124	8.34
1960	85-89	0.12288	0.46610	2.41	31477	14672	119399	200066	6.36
1960	90-94	0.17951	0.60341	2.28	16805	10141	56490	80667	4.80
1960	95-99	0.25404	0.73354	2.12	6665	4889	19245	24177	3.63
1960	100-104	0.34585	0.83804	1.93	1776	1488	4303	4932	2.78
1960	105-109	0.45059	0.90890	1.72	288	261	580	629	2.19
1960	110+	0.53840	1.00000	1.86	26	26	49	49	1.86
1961	0	0.02602	0.02544	0.13	100000	2544	97776	7430197	74.30
1961	1-4	0.00142	0.00566	1.18	97456	552	388271	7332421	75.24
1961	5-9	0.00044	0.00221	2.09	96905	214	483899	6944150	71.66
1961	10-14	0.00026	0.00130	3.04	96690	125	483206	6460251	66.81
1961	15-19	0.00070	0.00350	2.43	96565	338	481959	5977045	61.90
1961	20-24	0.00082	0.00408	2.86	96228	392	480297	5495086	57.11
1961	25-29	0.00081	0.00405	2.02	95835	389	478019	5014789	52.33
1961	30-34	0.00142	0.00708	2.24	95447	675	475368	4536770	47.53
1961	35-39	0.00226	0.01123	2.65	94771	1065	471349	4061403	42.85
1961	40-44	0.00253	0.01256	2.54	93706	1177	465635	3590054	38.31
1961	45-49	0.00466	0.02304	2.63	92529	2132	457587	3124419	33.77
1961	50-54	0.00611	0.03010	2.56	90397	2721	445341	2666832	29.50
1961	55-59	0.00847	0.04149	2.51	87677	3638	429328	2221490	25.34
1961	60-64	0.01337	0.06489	2.72	84039	5453	407775	1792162	21.33
1961	65-69	0.01726	0.08284	2.57	78586	6510	377126	1384387	17.62
1961	70-74	0.03071	0.14282	2.56	72076	10294	335231	1007261	13.98
1961	75-79	0.05480	0.24191	2.58	61782	14945	272702	672029	10.88
1961	80-84	0.08019	0.33399	2.5	46837	15643	195083	399327	8.53
1961	85-89	0.11865	0.45399	2.42	31193	14162	119361	204244	6.55
1961	90-94	0.17170	0.58637	2.3	17032	9987	58166	84883	4.98
1961	95-99	0.24141	0.71443	2.14	7045	5033	20848	26717	3.79
1961	100-104	0.32766	0.82073	1.96	2012	1651	5039	5869	2.92
1961	105-109	0.42709	0.89594	1.76	361	323	757	830	2.30
1961	110+	0.51074	1.00000	1.96	38	38	73	73	1.96
1962	0	0.02463	0.02411	0.12	100000	2411	97883	7414448	74.14
1962	1-4	0.00139	0.00555	1.45	97589	541	388976	7316565	74.97
1962	5-9	0.00045	0.00226	2.12	97048	219	484610	6927589	71.38
1962	10-14	0.00044	0.00220	2.4	96829	213	483591	6442979	66.54
1962	15-19	0.00066	0.00330	2.59	96616	318	482313	5959387	61.68
1962	20-24	0.00095	0.00474	2.44	96298	457	480319	5477074	56.88
1962	25-29	0.00103	0.00514	2.41	95841	493	477928	4996756	52.14
1962	30-34	0.00172	0.00857	2.86	95348	817	474989	4518827	47.39
1962	35-39	0.00184	0.00916	2.93	94531	866	470865	4043838	42.78
1962	40-44	0.00291	0.01446	2.59	93665	1355	465060	3572973	38.15
1962	45-49	0.00401	0.01986	2.85	92310	1834	457612	3107914	33.67
1962	50-54	0.00688	0.03384	2.62	90477	3062	445084	2650301	29.29
1962	55-59	0.00879	0.04309	2.7	87415	3767	428419	2205217	25.23
1962	60-64	0.01211	0.05897	2.76	83648	4933	407180	1776798	21.24
1962	65-69	0.01954	0.09323	2.54	78715	7339	375536	1369618	17.40
1962	70-74	0.03033	0.14197	2.75	71377	10134	334060	994082	13.93
1962	75-79	0.05172	0.23153	2.74	61243	14180	274172	660022	10.78
1962	80-84	0.08431	0.34777	2.48	47063	16367	194140	385850	8.20
1962	85-89	0.12567	0.47389	2.41	30696	14547	115751	191710	6.25
1962	90-94	0.18403	0.61290	2.28	16149	9898	53785	75959	4.70
1962	95-99	0.26072	0.74310	2.11	6251	4645	17818	22175	3.55
1962	100-104	0.35487	0.84596	1.91	1606	1359	3828	4357	2.71
1962	105-109	0.46160	0.91438	1.7	247	226	490	528	2.14
1962	110+	0.55086	1.00000	1.82	21	21	38	38	1.82
1963	0	0.02460	0.02408	0.12	100000	2408	97885	7383904	73.84
1963	1-4	0.00152	0.00605	1.44	97592	590	388858	7286018	74.66
1963	5-9	0.00034	0.00171	2.07	97002	166	484523	6897160	71.10
1963	10-14	0.00050	0.00251	2.28	96836	243	483518	6412637	66.22
1963	15-19	0.00080	0.00398	2.9	96593	385	482155	5929119	61.38
1963	20-24	0.00105	0.00526	2.52	96208	506	479785	5446964	56.62
1963	25-29	0.00119	0.00592	2.67	95702	566	477188	4967179	51.90
1963	30-34	0.00151	0.00752	3.1	95136	715	474318	4489991	47.20
1963	35-39	0.00190	0.00947	2.57	94420	894	469933	4015673	42.53
1963	40-44	0.00278	0.01381	2.84	93526	1291	464836	3545740	37.91
1963	45-49	0.00443	0.02193	2.57	92235	2023	456256	3080904	33.40
1963	50-54	0.00721	0.03547	2.73	90212	3200	443783	2624648	29.09
1963	55-59	0.00875	0.04281	2.46	87012	3725	425607	2180865	25.06
1963	60-64	0.01241	0.06032	2.68	83288	5024	404789	1755258	21.07
1963	65-69	0.01922	0.09202	2.69	78263	7202	374653	1350469	17.26
1963	70-74	0.03139	0.14609	2.63	71062	10381	330692	975816	13.73
1963	75-79	0.04972	0.22124	2.51	60680	13425	270029	645124	10.63
1963	80-84	0.08816	0.36098	2.49	47255	17058	193478	375095	7.94
1963	85-89	0.13235	0.49195	2.39	30197	14856	112248	181617	6.01
1963	90-94	0.19343	0.63179	2.26	15342	9693	50110	69369	4.52
1963	95-99	0.27313	0.75981	2.08	5649	4292	15715	19259	3.41
1963	100-104	0.37002	0.85830	1.88	1357	1165	3147	3544	2.61
1963	105-109	0.47855	0.92210	1.67	192	177	370	397	2.06
1963	110+	0.56881	1.00000	1.76	15	15	26	26	1.76
1964	0	0.02363	0.02315	0.12	100000	2315	97961	7399580	74.00
1964	1-4	0.00131	0.00521	1.54	97685	509	389487	7301619	74.75
1964	5-9	0.00040	0.00201	2.21	97176	196	485337	6912132	71.13
1964	10-14	0.00052	0.00258	2.8	96981	251	484354	6426795	66.27
1964	15-19	0.00084	0.00418	2.17	96730	404	482507	5942442	61.43
1964	20-24	0.00071	0.00355	2.35	96326	342	480725	5459935	56.68
1964	25-29	0.00105	0.00524	2.29	95984	503	478556	4979210	51.88
1964	30-34	0.00179	0.00894	2.6	95481	853	475357	4500654	47.14
1964	35-39	0.00201	0.00998	2.67	94628	944	470937	4025297	42.54
1964	40-44	0.00317	0.01576	2.87	93684	1477	465278	3554360	37.94
1964	45-49	0.00431	0.02134	2.6	92207	1968	456305	3089082	33.50
1964	50-54	0.00663	0.03263	2.6	90239	2944	444139	2632778	29.18
1964	55-59	0.00965	0.04717	2.66	87294	4118	426831	2188638	25.07
1964	60-64	0.01170	0.05702	2.8	83176	4743	405426	1761807	21.18
1964	65-69	0.02133	0.10141	2.59	78434	7954	372971	1356381	17.29
1964	70-74	0.03156	0.14698	2.67	70480	10359	328265	983410	13.95
1964	75-79	0.05074	0.22577	2.56	60121	13574	267492	655145	10.90
1964	80-84	0.07982	0.33260	2.49	46547	15482	193952	387653	8.33
1964	85-89	0.12335	0.46823	2.43	31066	14546	117922	193701	6.24
1964	90-94	0.18789	0.62190	2.28	16520	10274	54678	75779	4.59
1964	95-99	0.27467	0.76312	2.09	6246	4767	17353	21101	3.38
1964	100-104	0.38191	0.86844	1.86	1480	1285	3364	3748	2.53
1964	105-109	0.50201	0.93242	1.63	195	181	362	383	1.97
1964	110+	0.60155	1.00000	1.66	13	13	22	22	1.66
1965	0	0.02123	0.02083	0.11	100000	2083	98151	7489006	74.89
1965	1-4	0.00133	0.00528	1.71	97917	517	390481	7390855	75.48
1965	5-9	0.00050	0.00247	2.61	97399	241	486421	7000374	71.87
1965	10-14	0.00023	0.00117	2.49	97158	114	485505	6513953	67.04
1965	15-19	0.00053	0.00265	2.77	97044	257	484648	6028448	62.12
1965	20-24	0.00098	0.00488	2.57	96787	472	482790	5543800	57.28
1965	25-29	0.00110	0.00550	2.62	96315	530	480314	5061010	52.55
1965	30-34	0.00117	0.00581	2.67	95785	557	477629	4580697	47.82
1965	35-39	0.00205	0.01019	2.54	95229	970	473754	4103068	43.09
1965	40-44	0.00275	0.01369	2.68	94259	1290	468295	3629313	38.50
1965	45-49	0.00426	0.02107	2.6	92969	1958	460151	3161018	34.00
1965	50-54	0.00649	0.03195	2.55	91010	2908	447926	2700867	29.68
1965	55-59	0.00887	0.04343	2.65	88103	3826	431522	2252941	25.57
1965	60-64	0.01128	0.05491	2.6	84276	4628	410256	1821418	21.61
1965	65-69	0.02014	0.09615	2.65	79648	7658	380243	1411162	17.72
1965	70-74	0.02736	0.12846	2.63	71990	9248	337987	1030919	14.32
1965	75-79	0.04763	0.21344	2.57	62742	13392	281168	692933	11.04
1965	80-84	0.07574	0.31973	2.56	49350	15779	208317	411765	8.34
1965	85-89	0.12564	0.47545	2.44	33572	15962	127045	203448	6.06
1965	90-94	0.19964	0.64632	2.27	17610	11382	57011	76403	4.34
1965	95-99	0.30086	0.79628	2.04	6228	4959	16484	19393	3.11
1965	100-104	0.42527	0.89782	1.78	1269	1139	2679	2908	2.29
1965	105-109	0.56035	0.95195	1.53	130	123	220	230	1.77
1965	110+	0.66906	1.00000	1.49	6	6	9	9	1.49
1966	0	0.02381	0.02332	0.12	100000	2332	97947	7483734	74.84
1966	1-4	0.00119	0.00475	1.46	97668	464	389495	7385787	75.62
1966	5-9	0.00047	0.00236	2.46	97204	230	485437	6996292	71.98
1966	10-14	0.00026	0.00131	2.68	96974	127	484576	6510854	67.14
1966	15-19	0.00078	0.00390	2.89	96847	378	483438	6026278	62.22
1966	20-24	0.00074	0.00367	2.37	96469	354	481417	5542840	57.46
1966	25-29	0.00100	0.00496	2.45	96115	477	479358	5061423	52.66
1966	30-34	0.00119	0.00594	2.77	95638	569	476921	4582066	47.91
1966	35-39	0.00142	0.00709	2.45	95070	674	473629	4105145	43.18
1966	40-44	0.00262	0.01302	2.17	94396	1229	468503	3631516	38.47
1966	45-49	0.00432	0.02138	2.76	93166	1992	461367	3163013	33.95
1966	50-54	0.00544	0.02687	2.74	91174	2450	450338	2701646	29.63
1966	55-59	0.00833	0.04083	2.52	88724	3622	434653	2251308	25.37
1966	60-64	0.01169	0.05691	2.67	85102	4843	414208	1816655	21.35
1966	65-69	0.01931	0.09208	2.48	80258	7390	382668	1402447	17.47
1966	70-74	0.03058	0.14244	2.6	72868	10379	339414	1019778	13.99
1966	75-79	0.05014	0.22377	2.6	62489	13983	278904	680364	10.89
1966	80-84	0.07897	0.33089	2.55	48506	16050	203256	401460	8.28
1966	85-89	0.12724	0.47891	2.42	32456	15544	122156	198204	6.11
1966	90-94	0.19292	0.63185	2.27	16912	10686	55390	76048	4.50
1966	95-99	0.28067	0.77065	2.07	6226	4798	17096	20658	3.32
1966	100-104	0.38838	0.87299	1.85	1428	1247	3210	3563	2.50
1966	105-109	0.50825	0.93467	1.62	181	170	334	353	1.95
1966	110+	0.60726	1.00000	1.65	12	12	20	20	1.65
1967	0	0.01974	0.01940	0.11	100000	1940	98270	7519136	75.19
1967	1-4	0.00108	0.00430	1.28	98060	421	391097	7420865	75.68
1967	5-9	0.00046	0.00228	2.24	97639	222	487581	7029768	72.00
1967	10-14	0.00041	0.00207	2.73	97417	202	486626	6542186	67.16
1967	15-19	0.00069	0.00344	2.97	97215	334	485396	6055560	62.29
1967	20-24	0.00097	0.00482	2.52	96881	467	483247	5570163	57.49
1967	25-29	0.00099	0.00496	2.86	96414	478	481049	5086917	52.76
1967	30-34	0.00109	0.00543	2.57	95936	521	478415	4605867	48.01
1967	35-39	0.00209	0.01041	2.66	95415	994	474750	4127453	43.26
1967	40-44	0.00350	0.01734	2.66	94422	1637	468270	3652702	38.69
1967	45-49	0.00411	0.02034	2.68	92785	1888	459542	3184432	34.32
1967	50-54	0.00609	0.03002	2.61	90897	2728	447972	2724890	29.98
1967	55-59	0.00810	0.03977	2.67	88169	3506	432689	2276918	25.82
1967	60-64	0.01188	0.05768	2.51	84663	4883	411137	1844229	21.78
1967	65-69	0.01831	0.08765	2.57	79780	6993	381905	1433092	17.96
1967	70-74	0.02955	0.13816	2.65	72787	10056	340313	1051187	14.44
1967	75-79	0.04754	0.21416	2.69	62730	13434	282597	710874	11.33
1967	80-84	0.07121	0.30445	2.62	49296	15008	210761	428277	8.69
1967	85-89	0.11819	0.45428	2.45	34288	15576	131788	217516	6.34
1967	90-94	0.18649	0.62003	2.3	18712	11602	62210	85727	4.58
1967	95-99	0.28049	0.77167	2.09	7110	5486	19560	23518	3.31
1967	100-104	0.39775	0.88048	1.84	1623	1429	3594	3957	2.44
1967	105-109	0.52818	0.94223	1.59	194	183	346	364	1.87
1967	110+	0.63523	1.00000	1.57	11	11	18	18	1.57
1968	0	0.02192	0.02150	0.11	100000	2150	98096	7503515	75.04
1968	1-4	0.00126	0.00502	1.49	97850	492	390168	7405419	75.68
1968	5-9	0.00038	0.00189	1.91	97359	184	486224	7015251	72.06
1968	10-14	0.00033	0.00167	2.84	97175	163	485521	6529027	67.19
1968	15-19	0.00071	0.00355	2.58	97012	344	484227	6043506	62.30
1968	20-24	0.00089	0.00443	2.44	96668	428	482246	5559279	57.51
1968	25-29	0.00127	0.00634	2.52	96240	611	479683	5077033	52.75
1968	30-34	0.00114	0.00571	2.77	95629	546	476930	4597351	48.07
1968	35-39	0.00192	0.00957	2.74	95083	909	473364	4120420	43.33
1968	40-44	0.00289	0.01437	2.76	94174	1353	467842	3647056	38.73
1968	45-49	0.00390	0.01929	2.41	92821	1791	459472	3179214	34.25
1968	50-54	0.00608	0.02997	2.62	91030	2728	448652	2719741	29.88
1968	55-59	0.00856	0.04191	2.52	88302	3700	432341	2271090	25.72
1968	60-64	0.01237	0.06008	2.63	84601	5082	410949	1838749	21.73
1968	65-69	0.01842	0.08823	2.61	79519	7016	380802	1427800	17.96
1968	70-74	0.02904	0.13565	2.57	72503	9835	338625	1046998	14.44
1968	75-79	0.04617	0.20740	2.55	62668	12998	281529	708373	11.30
1968	80-84	0.07489	0.31947	2.7	49671	15868	211886	426844	8.59
1968	85-89	0.12120	0.46002	2.38	33802	15550	128296	214958	6.36
1968	90-94	0.17972	0.60502	2.3	18253	11043	61448	86662	4.75
1968	95-99	0.26363	0.74842	2.11	7209	5396	20467	25214	3.50
1968	100-104	0.36832	0.85814	1.89	1814	1556	4226	4748	2.62
1968	105-109	0.48696	0.92647	1.66	257	238	490	522	2.03
1968	110+	0.58596	1.00000	1.71	19	19	32	32	1.71
1969	0	0.02057	0.02020	0.11	100000	2020	98203	7551970	75.52
1969	1-4	0.00104	0.00414	1.69	97980	406	390979	7453767	76.07
1969	5-9	0.00042	0.00212	2.28	97574	207	487308	7062788	72.38
1969	10-14	0.00027	0.00135	2.49	97367	131	486508	6575480	67.53
1969	15-19	0.00074	0.00368	2.73	97236	358	485370	6088972	62.62
1969	20-24	0.00094	0.00469	2.61	96878	454	483308	5603603	57.84
1969	25-29	0.00101	0.00506	2.54	96424	488	480921	5120295	53.10
1969	30-34	0.00131	0.00651	2.7	95936	624	478243	4639374	48.36
1969	35-39	0.00239	0.01185	2.4	95312	1130	473625	4161131	43.66
1969	40-44	0.00291	0.01444	2.68	94182	1360	467758	3687506	39.15
1969	45-49	0.00411	0.02037	2.71	92822	1891	459787	3219747	34.69
1969	50-54	0.00610	0.03010	2.82	90931	2737	448689	2759960	30.35
1969	55-59	0.00847	0.04151	2.66	88194	3661	432390	2311271	26.21
1969	60-64	0.01128	0.05495	2.64	84533	4645	411721	1878882	22.23
1969	65-69	0.01625	0.07808	2.5	79888	6238	383861	1467161	18.37
1969	70-74	0.02577	0.12145	2.64	73650	8945	347143	1083300	14.71
1969	75-79	0.04626	0.20790	2.57	64705	13452	290790	736157	11.38
1969	80-84	0.07051	0.30065	2.55	51253	15409	218548	445366	8.69
1969	85-89	0.11772	0.45310	2.46	35844	16241	137962	226819	6.33
1969	90-94	0.18837	0.62428	2.3	19603	12238	64967	88857	4.53
1969	95-99	0.28659	0.77973	2.08	7365	5743	20038	23890	3.24
1969	100-104	0.40922	0.88832	1.82	1622	1441	3522	3851	2.37
1969	105-109	0.54454	0.94755	1.56	181	172	315	330	1.82
1969	110+	0.65463	1.00000	1.53	10	10	15	15	1.53
1970	0	0.01650	0.01625	0.1	100000	1625	98536	7535791	75.36
1970	1-4	0.00127	0.00508	1.59	98375	500	392292	7437255	75.60
1970	5-9	0.00046	0.00229	2.49	97875	224	488813	7044964	71.98
1970	10-14	0.00035	0.00177	2.55	97651	173	487833	6556150	67.14
1970	15-19	0.00071	0.00357	2.69	97478	348	486587	6068318	62.25
1970	20-24	0.00088	0.00441	2.73	97131	428	484682	5581731	57.47
1970	25-29	0.00113	0.00564	2.42	96703	546	482102	5097048	52.71
1970	30-34	0.00109	0.00545	2.85	96157	524	479658	4614946	47.99
1970	35-39	0.00189	0.00939	2.3	95633	898	475745	4135288	43.24
1970	40-44	0.00322	0.01598	2.59	94735	1514	470026	3659543	38.63
1970	45-49	0.00429	0.02122	2.52	93221	1978	461199	3189517	34.21
1970	50-54	0.00579	0.02854	2.57	91243	2605	449885	2728318	29.90
1970	55-59	0.00927	0.04534	2.61	88638	4019	433587	2278433	25.70
1970	60-64	0.01151	0.05606	2.67	84620	4744	412045	1844846	21.80
1970	65-69	0.01812	0.08678	2.57	79876	6932	382542	1432800	17.94
1970	70-74	0.02749	0.12913	2.65	72944	9419	342618	1050258	14.40
1970	75-79	0.05015	0.22444	2.66	63525	14257	284302	707640	11.14
1970	80-84	0.07462	0.31613	2.59	49267	15575	208738	423338	8.59
1970	85-89	0.11911	0.45625	2.44	33692	15372	129060	214600	6.37
1970	90-94	0.18310	0.61239	2.3	18320	11219	61272	85540	4.67
1970	95-99	0.27058	0.75813	2.1	7101	5383	19896	24268	3.42
1970	100-104	0.37959	0.86704	1.87	1718	1489	3923	4373	2.55
1970	105-109	0.50222	0.93270	1.63	228	213	424	450	1.97
1970	110+	0.60400	1.00000	1.66	15	15	25	25	1.66
1971	0	0.01667	0.01642	0.1	100000	1642	98521	7565601	75.66
1971	1-4	0.00088	0.00351	1.69	98358	345	392634	7467079	75.92
1971	5-9	0.00030	0.00149	2.09	98012	146	489636	7074446	72.18
1971	10-14	0.00038	0.00190	2.53	97866	186	488871	6584810	67.28
1971	15-19	0.00090	0.00450	2.59	97680	440	487342	6095938	62.41
1971	20-24	0.00092	0.00460	2.52	97241	447	485096	5608596	57.68
1971	25-29	0.00094	0.00468	2.48	96794	453	482827	5123500	52.93
1971	30-34	0.00145	0.00723	2.59	96340	697	480022	4640673	48.17
1971	35-39	0.00191	0.00951	2.64	95644	910	476066	4160651	43.50
1971	40-44	0.00276	0.01370	2.76	94734	1298	470763	3684585	38.89
1971	45-49	0.00436	0.02156	2.67	93436	2015	462477	3213822	34.40
1971	50-54	0.00571	0.02817	2.58	91421	2575	450881	2751345	30.10
1971	55-59	0.00940	0.04598	2.68	88846	4085	434766	2300464	25.89
1971	60-64	0.01231	0.05991	2.75	84761	5078	412354	1865699	22.01
1971	65-69	0.01594	0.07670	2.56	79683	6112	383508	1453344	18.24
1971	70-74	0.02729	0.12770	2.5	73571	9395	344338	1069837	14.54
1971	75-79	0.04486	0.20266	2.62	64176	13006	289933	725498	11.30
1971	80-84	0.06888	0.29414	2.52	51170	15051	218503	435565	8.51
1971	85-89	0.12827	0.48181	2.42	36119	17402	135672	217062	6.01
1971	90-94	0.19795	0.64381	2.29	18716	12050	60873	81390	4.35
1971	95-99	0.30434	0.80099	2.04	6667	5340	17546	20516	3.08
1971	100-104	0.43588	0.90435	1.77	1327	1200	2753	2971	2.24
1971	105-109	0.57771	0.95675	1.5	127	121	210	218	1.72
1971	110+	0.69051	1.00000	1.45	5	5	8	8	1.45
1972	0	0.01578	0.01556	0.1	100000	1556	98595	7617739	76.18
1972	1-4	0.00124	0.00495	1.55	98444	488	392581	7519144	76.38
1972	5-9	0.00060	0.00297	2.09	97956	291	488936	7126563	72.75
1972	10-14	0.00031	0.00154	2.67	97665	150	487977	6637627	67.96
1972	15-19	0.00062	0.00310	3.01	97515	302	486975	6149650	63.06
1972	20-24	0.00095	0.00474	2.54	97213	461	484932	5662675	58.25
1972	25-29	0.00091	0.00454	2.7	96753	439	482753	5177743	53.52
1972	30-34	0.00131	0.00652	2.23	96314	628	479828	4694990	48.75
1972	35-39	0.00182	0.00908	2.39	95686	868	476167	4215161	44.05
1972	40-44	0.00298	0.01479	2.72	94818	1402	470899	3738995	39.43
1972	45-49	0.00412	0.02041	2.74	93416	1907	462764	3268096	34.98
1972	50-54	0.00539	0.02660	2.54	91509	2434	451558	2805331	30.66
1972	55-59	0.00797	0.03910	2.66	89075	3483	437229	2353773	26.42
1972	60-64	0.01192	0.05800	2.71	85593	4964	416615	1916544	22.39
1972	65-69	0.01460	0.07060	2.66	80628	5692	389825	1499930	18.60
1972	70-74	0.02806	0.13156	2.63	74936	9858	351341	1110105	14.81
1972	75-79	0.04589	0.20632	2.56	65078	13427	292585	758764	11.66
1972	80-84	0.06765	0.28867	2.46	51651	14910	220391	466179	9.03
1972	85-89	0.10906	0.42903	2.51	36741	15763	144529	245787	6.69
1972	90-94	0.17475	0.59500	2.32	20978	12482	71428	101258	4.83
1972	95-99	0.26163	0.74638	2.12	8496	6341	24237	29831	3.51
1972	100-104	0.37131	0.86112	1.89	2155	1856	4997	5593	2.60
1972	105-109	0.49597	0.93052	1.64	299	278	561	596	1.99
1972	110+	0.59991	1.00000	1.67	21	21	35	35	1.67
1973	0	0.01403	0.01385	0.09	100000	1385	98743	7644097	76.44
1973	1-4	0.00087	0.00346	1.48	98615	341	393600	7545354	76.51
1973	5-9	0.00043	0.00217	2.26	98274	213	490785	7151754	72.77
1973	10-14	0.00032	0.00162	2.63	98061	159	489927	6660970	67.93
1973	15-19	0.00076	0.00379	3.02	97902	371	488773	6171043	63.03
1973	20-24	0.00093	0.00466	2.61	97531	454	486569	5682269	58.26
1973	25-29	0.00119	0.00592	2.59	97076	574	483996	5195701	53.52
1973	30-34	0.00127	0.00636	2.54	96502	613	481001	4711705	48.82
1973	35-39	0.00188	0.00934	2.56	95889	896	477260	4230704	44.12
1973	40-44	0.00268	0.01330	2.64	94993	1263	471988	3753444	39.51
1973	45-49	0.00386	0.01912	2.57	93730	1792	464285	3281456	35.01
1973	50-54	0.00538	0.02656	2.66	91937	2442	453968	2817171	30.64
1973	55-59	0.00810	0.03977	2.7	89495	3559	439281	2363203	26.41
1973	60-64	0.01190	0.05790	2.68	85936	4976	418122	1923922	22.39
1973	65-69	0.01624	0.07822	2.64	80960	6333	389883	1505800	18.60
1973	70-74	0.02489	0.11757	2.66	74628	8774	352564	1115918	14.95
1973	75-79	0.04154	0.18877	2.59	65854	12431	299281	763353	11.59
1973	80-84	0.06740	0.29029	2.61	53422	15508	230090	464072	8.69
1973	85-89	0.11606	0.45229	2.56	37914	17148	147749	233982	6.17
1973	90-94	0.20809	0.66446	2.28	20766	13798	66308	86233	4.15
1973	95-99	0.33035	0.82948	2	6968	5780	17495	19926	2.86
1973	100-104	0.48002	0.92650	1.69	1188	1101	2293	2430	2.05
1973	105-109	0.63473	0.96912	1.42	87	85	133	137	1.57
1973	110+	0.75154	1.00000	1.33	3	3	4	4	1.33
1974	0	0.01387	0.01370	0.09	100000	1370	98756	7712480	77.12
1974	1-4	0.00088	0.00351	1.77	98630	346	393748	7613724	77.19
1974	5-9	0.00035	0.00175	2.44	98284	172	490978	7219976	73.46
1974	10-14	0.00031	0.00153	2.74	98112	150	490219	6728998	68.59
1974	15-19	0.00075	0.00375	2.78	97961	367	488989	6238779	63.69
1974	20-24	0.00082	0.00410	2.39	97594	401	486923	5749790	58.92
1974	25-29	0.00101	0.00503	2.54	97193	489	484764	5262867	54.15
1974	30-34	0.00111	0.00554	2.68	96704	536	482279	4778103	49.41
1974	35-39	0.00137	0.00683	2.59	96168	657	479256	4295824	44.67
1974	40-44	0.00278	0.01381	2.72	95511	1319	474545	3816567	39.96
1974	45-49	0.00363	0.01796	2.48	94193	1692	466699	3342023	35.48
1974	50-54	0.00537	0.02652	2.64	92501	2453	456724	2875324	31.08
1974	55-59	0.00768	0.03769	2.58	90048	3394	442034	2418600	26.86
1974	60-64	0.01025	0.05002	2.58	86654	4334	422761	1976566	22.81
1974	65-69	0.01545	0.07457	2.65	82319	6138	397172	1553805	18.88
1974	70-74	0.02440	0.11533	2.63	76181	8786	360077	1156633	15.18
1974	75-79	0.04027	0.18377	2.62	67395	12385	307554	796556	11.82
1974	80-84	0.06894	0.29544	2.58	55010	16252	235735	489002	8.89
1974	85-89	0.11187	0.43562	2.46	38757	16884	150924	253267	6.53
1974	90-94	0.18102	0.60894	2.31	21874	13320	73581	102342	4.68
1974	95-99	0.27483	0.76473	2.1	8554	6542	23802	28762	3.36
1974	100-104	0.39289	0.87742	1.85	2012	1766	4494	4959	2.46
1974	105-109	0.52505	0.94134	1.59	247	232	442	465	1.89
1974	110+	0.63380	1.00000	1.58	14	14	23	23	1.58
1975	0	0.01343	0.01327	0.09	100000	1327	98793	7752666	77.53
1975	1-4	0.00080	0.00319	1.38	98673	315	393867	7653873	77.57
1975	5-9	0.00032	0.00158	2.42	98358	155	491389	7260006	73.81
1975	10-14	0.00032	0.00158	2.7	98202	155	490656	6768617	68.93
1975	15-19	0.00069	0.00347	3.05	98047	340	489574	6277961	64.03
1975	20-24	0.00071	0.00352	2.32	97707	344	487614	5788387	59.24
1975	25-29	0.00104	0.00518	2.58	97363	504	485595	5300773	54.44
1975	30-34	0.00107	0.00535	2.61	96859	518	483059	4815178	49.71
1975	35-39	0.00170	0.00848	2.37	96341	817	479554	4332119	44.97
1975	40-44	0.00221	0.01098	2.85	95524	1049	475362	3852564	40.33
1975	45-49	0.00362	0.01792	2.44	94475	1693	468033	3377203	35.75
1975	50-54	0.00540	0.02666	2.6	92782	2473	457980	2909170	31.35
1975	55-59	0.00721	0.03544	2.59	90308	3201	443828	2451190	27.14
1975	60-64	0.01108	0.05403	2.68	87108	4706	424621	2007362	23.04
1975	65-69	0.01552	0.07483	2.63	82401	6166	397372	1582741	19.21
1975	70-74	0.02284	0.10840	2.67	76236	8264	361889	1185369	15.55
1975	75-79	0.03856	0.17696	2.68	67972	12029	311960	823480	12.12
1975	80-84	0.06478	0.28025	2.6	55943	15678	242033	511519	9.14
1975	85-89	0.10997	0.42995	2.46	40265	17312	157418	269487	6.69
1975	90-94	0.17114	0.58762	2.33	22953	13488	78811	112068	4.88
1975	95-99	0.26075	0.74579	2.13	9465	7059	27072	33258	3.51
1975	100-104	0.37497	0.86447	1.88	2406	2080	5547	6186	2.57
1975	105-109	0.50496	0.93430	1.63	326	305	603	638	1.96
1975	110+	0.61312	1.00000	1.63	21	21	35	35	1.63
1976	0	0.01433	0.01414	0.09	100000	1414	98717	7785526	77.86
1976	1-4	0.00079	0.00314	1.57	98586	310	393588	7686808	77.97
1976	5-9	0.00032	0.00160	2.27	98276	157	490949	7293220	74.21
1976	10-14	0.00025	0.00123	2.95	98118	120	490345	6802271	69.33
1976	15-19	0.00056	0.00281	2.88	97998	276	489406	6311926	64.41
1976	20-24	0.00074	0.00369	2.34	97722	361	487652	5822520	59.58
1976	25-29	0.00075	0.00373	2.53	97362	363	485912	5334868	54.79
1976	30-34	0.00105	0.00523	2.52	96998	507	483735	4848956	49.99
1976	35-39	0.00154	0.00766	2.66	96492	739	480732	4365221	45.24
1976	40-44	0.00282	0.01398	2.65	95753	1339	475619	3884489	40.57
1976	45-49	0.00320	0.01588	2.53	94414	1499	468372	3408870	36.11
1976	50-54	0.00498	0.02463	2.6	92915	2288	459083	2940498	31.65
1976	55-59	0.00709	0.03488	2.65	90627	3161	445716	2481415	27.38
1976	60-64	0.01076	0.05246	2.67	87466	4589	426613	2035699	23.27
1976	65-69	0.01568	0.07563	2.65	82877	6268	399628	1609086	19.42
1976	70-74	0.02183	0.10381	2.65	76609	7953	364327	1209457	15.79
1976	75-79	0.03855	0.17692	2.68	68656	12146	315095	845130	12.31
1976	80-84	0.06015	0.26242	2.57	56510	14829	246531	530036	9.38
1976	85-89	0.10339	0.41182	2.53	41681	17165	166017	283505	6.80
1976	90-94	0.17327	0.59348	2.35	24516	14550	83972	117487	4.79
1976	95-99	0.27347	0.76440	2.12	9966	7618	27857	33515	3.36
1976	100-104	0.40208	0.88475	1.84	2348	2077	5167	5658	2.41
1976	105-109	0.54600	0.94854	1.56	271	257	470	491	1.81
1976	110+	0.66322	1.00000	1.51	14	14	21	21	1.51
1977	0	0.01293	0.01278	0.09	100000	1278	98836	7816863	78.17
1977	1-4	0.00088	0.00350	1.43	98722	346	394000	7718027	78.18
1977	5-9	0.00033	0.00164	2.39	98377	162	491462	7324027	74.45
1977	10-14	0.00038	0.00189	2.74	98215	186	490658	6832565	69.57
1977	15-19	0.00068	0.00338	2.61	98030	332	489355	6341907	64.69
1977	20-24	0.00090	0.00449	2.36	97698	438	487332	5852552	59.90
1977	25-29	0.00088	0.00440	2.25	97260	428	485122	5365220	55.16
1977	30-34	0.00119	0.00595	2.81	96832	577	482899	4880098	50.40
1977	35-39	0.00156	0.00776	2.99	96256	747	479773	4397199	45.68
1977	40-44	0.00236	0.01175	2.66	95509	1123	474921	3917426	41.02
1977	45-49	0.00352	0.01747	2.73	94386	1649	468194	3442505	36.47
1977	50-54	0.00474	0.02344	2.69	92737	2174	458659	2974311	32.07
1977	55-59	0.00693	0.03412	2.7	90563	3090	445714	2515651	27.78
1977	60-64	0.00999	0.04876	2.52	87474	4265	426788	2069938	23.66
1977	65-69	0.01481	0.07159	2.67	83209	5957	402172	1643150	19.75
1977	70-74	0.02141	0.10181	2.6	77252	7865	367416	1240978	16.06
1977	75-79	0.03611	0.16645	2.65	69387	11550	319809	873562	12.59
1977	80-84	0.05883	0.25799	2.62	57837	14922	253621	553752	9.57
1977	85-89	0.10063	0.40312	2.53	42915	17300	171912	300131	6.99
1977	90-94	0.16423	0.57275	2.36	25615	14671	89334	128220	5.01
1977	95-99	0.25641	0.74048	2.15	10944	8104	31606	38886	3.55
1977	100-104	0.37575	0.86579	1.89	2840	2459	6544	7280	2.56
1977	105-109	0.51229	0.93741	1.62	381	357	697	736	1.93
1977	110+	0.62580	1.00000	1.6	24	24	38	38	1.60
1978	0	0.01233	0.01219	0.09	100000	1219	98887	7818325	78.18
1978	1-4	0.00071	0.00285	1.53	98781	282	394426	7719438	78.15
1978	5-9	0.00032	0.00160	2.18	98499	158	492050	7325012	74.37
1978	10-14	0.00029	0.00144	2.69	98341	142	491378	6832962	69.48
1978	15-19	0.00073	0.00364	2.54	98199	357	490117	6341584	64.58
1978	20-24	0.00091	0.00452	2.25	97842	443	487992	5851467	59.81
1978	25-29	0.00083	0.00414	2.48	97399	403	485979	5363476	55.07
1978	30-34	0.00090	0.00449	2.74	96996	435	483998	4877497	50.29
1978	35-39	0.00162	0.00810	2.86	96561	782	481130	4393499	45.50
1978	40-44	0.00240	0.01196	2.93	95779	1146	476526	3912369	40.85
1978	45-49	0.00328	0.01629	2.49	94633	1541	469300	3435843	36.31
1978	50-54	0.00457	0.02260	2.51	93092	2104	460213	2966542	31.87
1978	55-59	0.00668	0.03291	2.68	90988	2995	448001	2506329	27.55
1978	60-64	0.00983	0.04806	2.67	87994	4229	430123	2058328	23.39
1978	65-69	0.01526	0.07372	2.69	83765	6175	404587	1628205	19.44
1978	70-74	0.02325	0.11001	2.56	77589	8536	367111	1223618	15.77
1978	75-79	0.03501	0.16168	2.64	69053	11165	318889	856508	12.40
1978	80-84	0.06365	0.27609	2.6	57889	15982	251110	537619	9.29
1978	85-89	0.10285	0.40790	2.47	41907	17094	166203	286510	6.84
1978	90-94	0.17200	0.58990	2.34	24813	14637	85100	120307	4.85
1978	95-99	0.26515	0.75233	2.13	10176	7655	28872	35206	3.46
1978	100-104	0.38417	0.87168	1.87	2520	2197	5718	6335	2.51
1978	105-109	0.51891	0.93951	1.61	323	304	586	617	1.91
1978	110+	0.63033	1.00000	1.59	20	20	31	31	1.59
1979	0	0.01233	0.01220	0.09	100000	1220	98887	7853305	78.53
1979	1-4	0.00076	0.00303	1.57	98780	300	394392	7754418	78.50
1979	5-9	0.00027	0.00133	2.15	98481	131	492030	7360026	74.74
1979	10-14	0.00015	0.00075	2.47	98350	74	491562	6867996	69.83
1979	15-19	0.00068	0.00341	2.78	98276	335	490636	6376434	64.88
1979	20-24	0.00066	0.00327	2.32	97941	321	488846	5885798	60.10
1979	25-29	0.00067	0.00335	2.66	97620	327	487336	5396952	55.29
1979	30-34	0.00111	0.00555	2.71	97293	540	485230	4909616	50.46
1979	35-39	0.00136	0.00680	2.6	96753	657	482183	4424386	45.73
1979	40-44	0.00201	0.01001	2.53	96095	962	478104	3942203	41.02
1979	45-49	0.00336	0.01670	2.71	95133	1588	472028	3464099	36.41
1979	50-54	0.00493	0.02436	2.61	93545	2279	462277	2992071	31.99
1979	55-59	0.00620	0.03058	2.69	91266	2790	449880	2529794	27.72
1979	60-64	0.01055	0.05148	2.65	88476	4555	431663	2079914	23.51
1979	65-69	0.01460	0.07059	2.68	83921	5924	405875	1648251	19.64
1979	70-74	0.02252	0.10683	2.61	77997	8333	370047	1242376	15.93
1979	75-79	0.03597	0.16511	2.52	69664	11503	319768	872329	12.52
1979	80-84	0.05870	0.25723	2.6	58162	14961	254854	552561	9.50
1979	85-89	0.10171	0.40476	2.48	43201	17486	171914	297706	6.89
1979	90-94	0.16891	0.58360	2.35	25715	15007	88850	125793	4.89
1979	95-99	0.26538	0.75334	2.13	10708	8066	30395	36943	3.45
1979	100-104	0.38978	0.87625	1.86	2641	2314	5937	6547	2.48
1979	105-109	0.53049	0.94369	1.59	327	308	581	610	1.87
1979	110+	0.64624	1.00000	1.55	18	18	28	28	1.55
1980	0	0.01099	0.01088	0.08	100000	1088	99003	7815653	78.16
1980	1-4	0.00058	0.00231	1.42	98912	228	395060	7716649	78.01
1980	5-9	0.00023	0.00116	2.65	98684	115	493151	7321589	74.19
1980	10-14	0.00028	0.00139	2.93	98569	137	492563	6828437	69.28
1980	15-19	0.00056	0.00282	2.77	98432	278	491543	6335874	64.37
1980	20-24	0.00077	0.00387	2.62	98155	379	489872	5844331	59.54
1980	25-29	0.00091	0.00454	2.49	97775	444	487764	5354459	54.76
1980	30-34	0.00110	0.00549	2.61	97331	534	485381	4866696	50.00
1980	35-39	0.00146	0.00729	2.78	96797	706	482418	4381315	45.26
1980	40-44	0.00208	0.01033	2.64	96091	993	478115	3898897	40.57
1980	45-49	0.00304	0.01511	2.57	95099	1437	472001	3420781	35.97
1980	50-54	0.00490	0.02421	2.74	93662	2268	463196	2948781	31.48
1980	55-59	0.00708	0.03485	2.72	91394	3185	449715	2485585	27.20
1980	60-64	0.01090	0.05308	2.59	88209	4682	429748	2035869	23.08
1980	65-69	0.01480	0.07146	2.58	83527	5969	403202	1606121	19.23
1980	70-74	0.02412	0.11413	2.65	77558	8852	367031	1202919	15.51
1980	75-79	0.03843	0.17630	2.66	68706	12113	315212	835888	12.17
1980	80-84	0.06124	0.26616	2.54	56593	15063	245946	520677	9.20
1980	85-89	0.11060	0.43235	2.48	41530	17956	162345	274731	6.62
1980	90-94	0.17667	0.59758	2.29	23575	14088	79739	112386	4.77
1980	95-99	0.26681	0.75465	2.12	9487	7159	26833	32647	3.44
1980	100-104	0.38685	0.87366	1.86	2328	2034	5257	5814	2.50
1980	105-109	0.52246	0.94075	1.6	294	277	530	557	1.89
1980	110+	0.63440	1.00000	1.58	17	17	27	27	1.58
1981	0	0.00993	0.00984	0.08	100000	984	99096	7896111	78.96
1981	1-4	0.00065	0.00258	1.37	99016	256	395393	7797016	78.74
1981	5-9	0.00024	0.00119	2.06	98761	118	493457	7401623	74.95
1981	10-14	0.00021	0.00105	2.78	98643	104	492984	6908166	70.03
1981	15-19	0.00049	0.00246	2.64	98539	243	492124	6415181	65.10
1981	20-24	0.00072	0.00362	2.52	98297	356	490603	5923057	60.26
1981	25-29	0.00081	0.00406	2.52	97941	398	488718	5432455	55.47
1981	30-34	0.00076	0.00379	2.49	97543	370	486788	4943737	50.68
1981	35-39	0.00121	0.00602	2.65	97174	585	484494	4456949	45.87
1981	40-44	0.00189	0.00943	2.7	96588	911	480850	3972455	41.13
1981	45-49	0.00306	0.01520	2.63	95678	1454	474948	3491605	36.49
1981	50-54	0.00405	0.02008	2.75	94224	1892	466868	3016657	32.02
1981	55-59	0.00680	0.03344	2.64	92332	3088	454363	2549789	27.62
1981	60-64	0.00977	0.04776	2.66	89244	4262	436240	2095426	23.48
1981	65-69	0.01480	0.07152	2.64	84982	6078	410565	1659186	19.52
1981	70-74	0.02378	0.11272	2.69	78904	8894	373944	1248621	15.82
1981	75-79	0.03633	0.16698	2.59	70011	11690	321821	874677	12.49
1981	80-84	0.06094	0.26680	2.67	58320	15560	255346	552856	9.48
1981	85-89	0.10184	0.40586	2.5	42760	17355	170407	297510	6.96
1981	90-94	0.16494	0.57407	2.35	25406	14585	88425	127103	5.00
1981	95-99	0.25494	0.73801	2.15	10821	7986	31325	38678	3.57
1981	100-104	0.37101	0.86184	1.89	2835	2443	6586	7353	2.59
1981	105-109	0.50405	0.93422	1.63	392	366	726	768	1.96
1981	110+	0.61501	1.00000	1.63	26	26	42	42	1.63
1982	0	0.00766	0.00761	0.07	100000	761	99296	7905918	79.06
1982	1-4	0.00080	0.00321	1.44	99239	319	396141	7806622	78.66
1982	5-9	0.00042	0.00209	2.67	98921	207	494122	7410480	74.91
1982	10-14	0.00027	0.00136	2.92	98714	134	493290	6916359	70.06
1982	15-19	0.00062	0.00310	2.57	98580	305	492157	6423069	65.16
1982	20-24	0.00068	0.00341	2.51	98274	335	490537	5930912	60.35
1982	25-29	0.00063	0.00315	2.42	97939	309	488899	5440375	55.55
1982	30-34	0.00064	0.00321	2.77	97630	313	487452	4951476	50.72
1982	35-39	0.00100	0.00499	2.76	97317	486	485496	4464024	45.87
1982	40-44	0.00177	0.00881	2.8	96831	853	482281	3978529	41.09
1982	45-49	0.00292	0.01453	2.7	95978	1394	476689	3496248	36.43
1982	50-54	0.00448	0.02217	2.68	94584	2097	468049	3019559	31.92
1982	55-59	0.00710	0.03491	2.59	92487	3228	454655	2551509	27.59
1982	60-64	0.00954	0.04667	2.66	89259	4165	436562	2096854	23.49
1982	65-69	0.01514	0.07305	2.6	85093	6216	410561	1660292	19.51
1982	70-74	0.02282	0.10833	2.67	78877	8545	374496	1249732	15.84
1982	75-79	0.03518	0.16211	2.58	70332	11401	324123	875236	12.44
1982	80-84	0.06192	0.26901	2.56	58931	15853	256014	551112	9.35
1982	85-89	0.10390	0.41286	2.51	43078	17785	171181	295098	6.85
1982	90-94	0.16942	0.58429	2.35	25293	14778	87228	123917	4.90
1982	95-99	0.26233	0.74858	2.13	10514	7871	30004	36688	3.49
1982	100-104	0.38158	0.86992	1.87	2644	2300	6027	6684	2.53
1982	105-109	0.51704	0.93894	1.61	344	323	624	658	1.91
1982	110+	0.62923	1.00000	1.59	21	21	33	33	1.59
1983	0	0.00870	0.00863	0.08	100000	863	99204	7911239	79.11
1983	1-4	0.00060	0.00239	1.67	99137	237	395998	7812035	78.80
1983	5-9	0.00040	0.00200	2.42	98901	198	493992	7416038	74.98
1983	10-14	0.00021	0.00103	2.91	98702	102	493299	6922046	70.13
1983	15-19	0.00055	0.00274	2.7	98600	270	492381	6428747	65.20
1983	20-24	0.00056	0.00281	2.53	98330	276	490969	5936365	60.37
1983	25-29	0.00077	0.00383	2.54	98054	375	489348	5445396	55.53
1983	30-34	0.00090	0.00447	2.9	97679	436	487479	4956048	50.74
1983	35-39	0.00109	0.00543	2.45	97242	528	484868	4468569	45.95
1983	40-44	0.00192	0.00955	2.6	96715	924	481360	3983701	41.19
1983	45-49	0.00287	0.01427	2.82	95791	1367	475977	3502341	36.56
1983	50-54	0.00469	0.02321	2.62	94424	2192	466894	3026365	32.05
1983	55-59	0.00698	0.03433	2.7	92232	3166	453884	2559471	27.75
1983	60-64	0.00995	0.04866	2.69	89066	4334	435321	2105587	23.64
1983	65-69	0.01431	0.06923	2.66	84733	5866	409940	1670266	19.71
1983	70-74	0.02208	0.10490	2.62	78866	8273	374677	1260326	15.98
1983	75-79	0.03570	0.16416	2.55	70593	11589	324596	885648	12.55
1983	80-84	0.06084	0.26530	2.59	59005	15654	257292	561053	9.51
1983	85-89	0.09948	0.39886	2.52	43351	17291	173809	303761	7.01
1983	90-94	0.16626	0.57568	2.33	26060	15002	90233	129952	4.99
1983	95-99	0.25349	0.73585	2.15	11058	8137	32098	39719	3.59
1983	100-104	0.36864	0.85993	1.9	2921	2512	6814	7621	2.61
1983	105-109	0.50084	0.93297	1.64	409	382	762	807	1.97
1983	110+	0.61127	1.00000	1.64	27	27	45	45	1.64
1984	0	0.01021	0.01012	0.08	100000	1012	99071	7897938	78.98
1984	1-4	0.00080	0.00318	1.33	98988	315	395111	7798868	78.79
1984	5-9	0.00031	0.00156	2.58	98674	154	492995	7403756	75.03
1984	10-14	0.00019	0.00097	2.95	98519	96	492400	6910762	70.15
1984	15-19	0.00055	0.00277	2.85	98423	273	491529	6418362	65.21
1984	20-24	0.00061	0.00306	2.42	98151	300	489978	5926833	60.39
1984	25-29	0.00063	0.00317	2.48	97850	310	488472	5436855	55.56
1984	30-34	0.00070	0.00350	2.75	97540	342	486932	4948384	50.73
1984	35-39	0.00107	0.00535	2.78	97199	520	484838	4461452	45.90
1984	40-44	0.00187	0.00932	2.68	96679	901	481300	3976614	41.13
1984	45-49	0.00298	0.01479	2.58	95778	1416	475458	3495314	36.49
1984	50-54	0.00419	0.02075	2.63	94361	1958	467165	3019856	32.00
1984	55-59	0.00741	0.03645	2.73	92404	3368	454359	2552690	27.63
1984	60-64	0.01036	0.05053	2.6	89035	4499	434371	2098332	23.57
1984	65-69	0.01444	0.06979	2.61	84537	5900	408609	1663960	19.68
1984	70-74	0.02312	0.10948	2.59	78637	8609	372450	1255351	15.96
1984	75-79	0.03510	0.16190	2.6	70027	11338	322975	882901	12.61
1984	80-84	0.05890	0.25723	2.54	58690	15097	256294	559926	9.54
1984	85-89	0.10147	0.40326	2.46	43593	17579	173244	303633	6.97
1984	90-94	0.16342	0.57265	2.39	26013	14897	91155	130388	5.01
1984	95-99	0.25856	0.74350	2.14	11117	8265	31967	39233	3.53
1984	100-104	0.37822	0.86761	1.88	2851	2474	6541	7266	2.55
1984	105-109	0.51477	0.93826	1.61	378	354	688	725	1.92
1984	110+	0.62809	1.00000	1.59	23	23	37	37	1.59
1985	0	0.00823	0.00816	0.08	100000	816	99246	7928387	79.28
1985	1-4	0.00045	0.00179	1.49	99184	177	396289	7829141	78.94
1985	5-9	0.00022	0.00112	2.39	99006	111	494741	7432852	75.07
1985	10-14	0.00025	0.00124	2.45	98895	123	494162	6938110	70.16
1985	15-19	0.00073	0.00363	2.58	98772	358	492993	6443949	65.24
1985	20-24	0.00064	0.00319	2.41	98414	314	491254	5950955	60.47
1985	25-29	0.00058	0.00291	2.54	98100	286	489798	5459701	55.65
1985	30-34	0.00072	0.00358	2.56	97814	350	488216	4969903	50.81
1985	35-39	0.00104	0.00519	2.68	97464	506	486145	4481687	45.98
1985	40-44	0.00164	0.00816	2.56	96958	791	482856	3995542	41.21
1985	45-49	0.00245	0.01217	2.8	96167	1170	478253	3512686	36.53
1985	50-54	0.00435	0.02154	2.81	94996	2047	470492	3034433	31.94
1985	55-59	0.00713	0.03510	2.7	92950	3262	457249	2563942	27.58
1985	60-64	0.01088	0.05300	2.57	89687	4754	436890	2106693	23.49
1985	65-69	0.01439	0.06960	2.65	84934	5911	410772	1669802	19.66
1985	70-74	0.02200	0.10460	2.66	79023	8266	375743	1259030	15.93
1985	75-79	0.03441	0.15920	2.66	70757	11264	327385	883287	12.48
1985	80-84	0.06240	0.27174	2.63	59492	16167	259090	555902	9.34
1985	85-89	0.10418	0.41422	2.53	43326	17946	172257	296812	6.85
1985	90-94	0.16981	0.58334	2.32	25379	14805	87185	124555	4.91
1985	95-99	0.25860	0.74311	2.14	10575	7858	30387	37369	3.53
1985	100-104	0.37485	0.86469	1.89	2717	2349	6266	6982	2.57
1985	105-109	0.50751	0.93542	1.63	368	344	678	716	1.95
1985	110+	0.61788	1.00000	1.62	24	24	38	38	1.62
1986	0	0.00809	0.00803	0.08	100000	803	99257	7933732	79.34
1986	1-4	0.00067	0.00266	1.78	99197	264	396200	7834475	78.98
1986	5-9	0.00023	0.00114	2.28	98933	113	494356	7438275	75.19
1986	10-14	0.00021	0.00106	2.77	98820	105	493863	6943919	70.27
1986	15-19	0.00070	0.00352	2.79	98714	347	492802	6450056	65.34
1986	20-24	0.00066	0.00331	2.59	98367	326	491048	5957253	60.56
1986	25-29	0.00065	0.00323	2.54	98041	316	489427	5466206	55.75
1986	30-34	0.00107	0.00532	2.8	97725	520	487476	4976779	50.93
1986	35-39	0.00122	0.00610	2.29	97204	593	484413	4489303	46.18
1986	40-44	0.00188	0.00936	2.73	96611	904	480999	4004890	41.45
1986	45-49	0.00251	0.01246	2.66	95707	1193	475744	3523892	36.82
1986	50-54	0.00404	0.02003	2.74	94514	1893	468296	3048148	32.25
1986	55-59	0.00662	0.03260	2.75	92621	3020	456299	2579852	27.85
1986	60-64	0.00994	0.04858	2.66	89602	4353	437816	2123553	23.70
1986	65-69	0.01354	0.06560	2.63	85249	5593	412971	1685737	19.77
1986	70-74	0.02325	0.11012	2.61	79657	8772	377359	1272766	15.98
1986	75-79	0.03618	0.16655	2.62	70885	11806	326296	895407	12.63
1986	80-84	0.05934	0.25950	2.58	59079	15331	258362	569111	9.63
1986	85-89	0.09730	0.39297	2.55	43748	17192	176692	310749	7.10
1986	90-94	0.16244	0.56882	2.37	26556	15106	92994	134058	5.05
1986	95-99	0.25365	0.73641	2.15	11450	8432	33243	41063	3.59
1986	100-104	0.37132	0.86231	1.89	3018	2603	7009	7820	2.59
1986	105-109	0.50640	0.93523	1.63	416	389	767	811	1.95
1986	110+	0.61903	1.00000	1.62	27	27	43	43	1.62
1987	0	0.00860	0.00853	0.08	100000	853	99212	7917351	79.17
1987	1-4	0.00059	0.00238	1.64	99147	236	396029	7818138	78.85
1987	5-9	0.00021	0.00104	2.25	98911	103	494271	7422109	75.04
1987	10-14	0.00024	0.00118	2.73	98808	116	493775	6927838	70.11
1987	15-19	0.00058	0.00292	2.57	98692	288	492757	6434063	65.19
1987	20-24	0.00062	0.00310	2.61	98404	305	491290	5941306	60.38
1987	25-29	0.00077	0.00386	2.7	98099	378	489625	5450016	55.56
1987	30-34	0.00081	0.00403	2.71	97720	394	487700	4960391	50.76
1987	35-39	0.00115	0.00572	2.47	97326	556	485227	4472691	45.96
1987	40-44	0.00173	0.00861	2.74	96770	833	481970	3987464	41.21
1987	45-49	0.00270	0.01343	2.65	95937	1288	476655	3505494	36.54
1987	50-54	0.00464	0.02294	2.67	94649	2171	468178	3028839	32.00
1987	55-59	0.00674	0.03317	2.66	92478	3067	455227	2560661	27.69
1987	60-64	0.01028	0.05018	2.61	89411	4486	436326	2105434	23.55
1987	65-69	0.01508	0.07273	2.58	84924	6176	409666	1669108	19.65
1987	70-74	0.02197	0.10456	2.69	78748	8234	374701	1259441	15.99
1987	75-79	0.03524	0.16237	2.58	70514	11449	324858	884740	12.55
1987	80-84	0.05750	0.25273	2.61	59065	14928	259610	559882	9.48
1987	85-89	0.10171	0.40641	2.53	44137	17938	176365	300273	6.80
1987	90-94	0.17662	0.59997	2.33	26199	15719	88997	123908	4.73
1987	95-99	0.27621	0.76842	2.11	10481	8054	29157	34911	3.33
1987	100-104	0.40913	0.88962	1.82	2427	2159	5277	5754	2.37
1987	105-109	0.55719	0.95190	1.54	268	255	458	477	1.78
1987	110+	0.67688	1.00000	1.48	13	13	19	19	1.48
1988	0	0.00934	0.00926	0.08	100000	926	99147	7934700	79.35
1988	1-4	0.00065	0.00259	1.55	99074	256	395669	7835553	79.09
1988	5-9	0.00016	0.00081	2.44	98818	80	493886	7439883	75.29
1988	10-14	0.00035	0.00173	2.58	98738	171	493278	6945997	70.35
1988	15-19	0.00055	0.00275	2.78	98567	271	492237	6452719	65.47
1988	20-24	0.00068	0.00340	2.69	98297	334	490712	5960483	60.64
1988	25-29	0.00060	0.00302	2.35	97962	296	489029	5469771	55.84
1988	30-34	0.00090	0.00449	2.33	97667	439	487161	4980742	51.00
1988	35-39	0.00114	0.00568	2.77	97228	552	484907	4493581	46.22
1988	40-44	0.00163	0.00809	2.62	96676	783	481516	4008674	41.47
1988	45-49	0.00252	0.01251	2.77	95893	1200	476793	3527158	36.78
1988	50-54	0.00422	0.02087	2.6	94693	1976	468728	3050364	32.21
1988	55-59	0.00630	0.03105	2.8	92717	2879	457262	2581636	27.84
1988	60-64	0.00985	0.04809	2.59	89838	4320	438794	2124374	23.65
1988	65-69	0.01495	0.07209	2.54	85518	6165	412449	1685580	19.71
1988	70-74	0.02186	0.10396	2.64	79354	8249	377339	1273131	16.04
1988	75-79	0.03477	0.16056	2.62	71104	11416	328359	895792	12.60
1988	80-84	0.06090	0.26626	2.64	59688	15892	260968	567434	9.51
1988	85-89	0.10015	0.40145	2.53	43795	17582	175553	306466	7.00
1988	90-94	0.16364	0.57302	2.39	26214	15021	91792	130913	4.99
1988	95-99	0.26144	0.74771	2.14	11193	8369	32010	39121	3.50
1988	100-104	0.38316	0.87137	1.87	2824	2461	6422	7111	2.52
1988	105-109	0.52154	0.94066	1.6	363	342	655	689	1.90
1988	110+	0.63597	1.00000	1.57	22	22	34	34	1.57
1989	0	0.00948	0.00940	0.08	100000	940	99135	7946109	79.46
1989	1-4	0.00052	0.00208	1.38	99060	206	395702	7846974	79.21
1989	5-9	0.00022	0.00111	1.99	98854	110	493939	7451272	75.38
1989	10-14	0.00025	0.00124	3.33	98744	122	493517	6957333	70.46
1989	15-19	0.00052	0.00261	2.8	98622	258	492543	6463816	65.54
1989	20-24	0.00066	0.00330	2.63	98364	324	491052	5971273	60.71
1989	25-29	0.00060	0.00297	2.62	98040	292	489508	5480221	55.90
1989	30-34	0.00061	0.00304	2.64	97749	297	488041	4990712	51.06
1989	35-39	0.00101	0.00504	2.62	97452	491	486091	4502671	46.20
1989	40-44	0.00165	0.00819	2.62	96961	794	482911	4016580	41.42
1989	45-49	0.00231	0.01149	2.63	96166	1105	478209	3533669	36.75
1989	50-54	0.00413	0.02044	2.7	95061	1943	470842	3055460	32.14
1989	55-59	0.00655	0.03224	2.7	93117	3002	458686	2584618	27.76
1989	60-64	0.01014	0.04952	2.67	90115	4463	440179	2125932	23.59
1989	65-69	0.01503	0.07253	2.61	85653	6212	413430	1685753	19.68
1989	70-74	0.02248	0.10671	2.62	79440	8477	377042	1272323	16.02
1989	75-79	0.03550	0.16340	2.57	70963	11595	326624	895282	12.62
1989	80-84	0.05899	0.25784	2.56	59368	15307	259487	568658	9.58
1989	85-89	0.10034	0.40122	2.5	44060	17678	176185	309171	7.02
1989	90-94	0.16447	0.57195	2.34	26382	15089	91746	132986	5.04
1989	95-99	0.24851	0.72848	2.16	11293	8227	33104	41240	3.65
1989	100-104	0.36182	0.85445	1.91	3066	2620	7241	8135	2.65
1989	105-109	0.49270	0.92980	1.65	446	415	842	894	2.00
1989	110+	0.60248	1.00000	1.66	31	31	52	52	1.66
1990	0	0.00743	0.00738	0.07	100000	738	99316	7991660	79.92
1990	1-4	0.00036	0.00145	1.69	99262	144	396714	7892344	79.51
1990	5-9	0.00018	0.00090	2.07	99118	89	495327	7495630	75.62
1990	10-14	0.00023	0.00114	2.75	99028	112	494890	7000303	70.69
1990	15-19	0.00040	0.00198	2.99	98916	196	494187	6505413	65.77
1990	20-24	0.00053	0.00264	2.59	98720	261	492972	6011226	60.89
1990	25-29	0.00056	0.00281	2.44	98459	277	491589	5518254	56.05
1990	30-34	0.00079	0.00396	2.64	98183	389	489994	5026665	51.20
1990	35-39	0.00115	0.00576	2.67	97794	563	487657	4536671	46.39
1990	40-44	0.00152	0.00758	2.6	97231	737	484385	4049013	41.64
1990	45-49	0.00259	0.01289	2.64	96493	1244	479537	3564628	36.94
1990	50-54	0.00364	0.01806	2.67	95249	1720	472232	3085091	32.39
1990	55-59	0.00639	0.03147	2.56	93529	2944	460477	2612860	27.94
1990	60-64	0.00955	0.04667	2.64	90586	4228	442940	2152383	23.76
1990	65-69	0.01483	0.07157	2.57	86358	6181	416775	1709443	19.79
1990	70-74	0.02172	0.10341	2.69	80177	8291	381729	1292667	16.12
1990	75-79	0.03477	0.16045	2.6	71886	11534	331739	910938	12.67
1990	80-84	0.05898	0.25835	2.6	60352	15592	264368	579199	9.60
1990	85-89	0.09889	0.39703	2.52	44760	17771	179701	314831	7.03
1990	90-94	0.16575	0.57600	2.35	26989	15546	93789	135129	5.01
1990	95-99	0.25152	0.73318	2.16	11443	8390	33357	41341	3.61
1990	100-104	0.36762	0.85932	1.9	3053	2624	7137	7984	2.61
1990	105-109	0.50125	0.93324	1.64	430	401	800	847	1.97
1990	110+	0.61294	1.00000	1.63	29	29	47	47	1.63
1991	0	0.00775	0.00770	0.07	100000	770	99288	7990623	79.91
1991	1-4	0.00053	0.00213	1.5	99230	211	396393	7891335	79.53
1991	5-9	0.00019	0.00096	2.62	99019	95	494872	7494942	75.69
1991	10-14	0.00019	0.00094	2.5	98925	93	494392	7000070	70.76
1991	15-19	0.00055	0.00274	2.58	98832	271	493504	6505678	65.83
1991	20-24	0.00055	0.00276	2.82	98561	272	492213	6012174	61.00
1991	25-29	0.00062	0.00309	2.74	98289	304	490761	5519960	56.16
1991	30-34	0.00071	0.00354	2.56	97985	347	489081	5029200	51.33
1991	35-39	0.00113	0.00562	2.67	97638	549	486911	4540119	46.50
1991	40-44	0.00155	0.00771	2.4	97090	749	483502	4053208	41.75
1991	45-49	0.00295	0.01463	2.65	96341	1410	478387	3569705	37.05
1991	50-54	0.00397	0.01965	2.57	94931	1865	470132	3091318	32.56
1991	55-59	0.00639	0.03145	2.57	93066	2927	458221	2621186	28.16
1991	60-64	0.00970	0.04742	2.64	90139	4274	440586	2162965	24.00
1991	65-69	0.01321	0.06401	2.61	85864	5496	416157	1722379	20.06
1991	70-74	0.02096	0.09987	2.65	80368	8027	382982	1306222	16.25
1991	75-79	0.03340	0.15447	2.57	72341	11174	334585	923241	12.76
1991	80-84	0.05796	0.25424	2.59	61167	15551	268305	588656	9.62
1991	85-89	0.09787	0.39472	2.55	45616	18005	183969	320351	7.02
1991	90-94	0.16723	0.58233	2.39	27610	16078	96147	136382	4.94
1991	95-99	0.26167	0.74838	2.14	11532	8630	32982	40235	3.49
1991	100-104	0.38613	0.87380	1.87	2902	2536	6566	7253	2.50
1991	105-109	0.52756	0.94282	1.59	366	345	654	687	1.88
1991	110+	0.64417	1.00000	1.55	21	21	33	33	1.55
1992	0	0.00786	0.00780	0.08	100000	780	99278	8012109	80.12
1992	1-4	0.00051	0.00205	1.45	99220	204	396359	7912831	79.75
1992	5-9	0.00017	0.00086	2.07	99016	85	494829	7516472	75.91
1992	10-14	0.00019	0.00097	2.66	98930	96	494427	7021643	70.98
1992	15-19	0.00044	0.00220	2.99	98834	218	493732	6527216	66.04
1992	20-24	0.00049	0.00246	2.83	98616	242	492555	6033484	61.18
1992	25-29	0.00050	0.00250	2.49	98374	246	491251	5540930	56.33
1992	30-34	0.00076	0.00378	2.62	98128	371	489755	5049678	51.46
1992	35-39	0.00104	0.00518	2.93	97757	507	487735	4559923	46.65
1992	40-44	0.00164	0.00815	2.66	97250	792	484393	4072189	41.87
1992	45-49	0.00253	0.01257	2.73	96458	1212	479536	3587796	37.20
1992	50-54	0.00396	0.01964	2.73	95245	1870	471980	3108260	32.63
1992	55-59	0.00646	0.03184	2.72	93375	2973	460089	2636281	28.23
1992	60-64	0.00922	0.04511	2.56	90401	4078	442069	2176191	24.07
1992	65-69	0.01276	0.06197	2.66	86324	5350	419112	1734123	20.09
1992	70-74	0.02125	0.10109	2.6	80974	8185	385186	1315011	16.24
1992	75-79	0.03505	0.16153	2.58	72788	11757	335435	929825	12.77
1992	80-84	0.05622	0.24786	2.62	61031	15127	269078	594390	9.74
1992	85-89	0.09550	0.38523	2.49	45904	17683	185161	325311	7.09
1992	90-94	0.16584	0.57664	2.36	28220	16273	98126	140150	4.97
1992	95-99	0.25899	0.74474	2.15	11947	8898	34355	42024	3.52
1992	100-104	0.38354	0.87204	1.87	3050	2659	6934	7669	2.51
1992	105-109	0.52553	0.94222	1.6	390	368	700	735	1.88
1992	110+	0.64281	1.00000	1.56	23	23	35	35	1.56
1993	0	0.00677	0.00673	0.07	100000	673	99376	7963748	79.64
1993	1-4	0.00050	0.00198	1.53	99327	197	396825	7864372	79.18
1993	5-9	0.00022	0.00108	2.24	99131	107	495358	7467547	75.33
1993	10-14	0.00025	0.00126	3.09	99024	125	494880	6972189	70.41
1993	15-19	0.00052	0.00258	2.79	98899	255	493932	6477310	65.49
1993	20-24	0.00052	0.00261	2.69	98644	257	492624	5983378	60.66
1993	25-29	0.00055	0.00277	2.57	98387	272	491272	5490754	55.81
1993	30-34	0.00090	0.00449	2.72	98114	441	489565	4999482	50.96
1993	35-39	0.00135	0.00672	2.67	97674	656	486838	4509916	46.17
1993	40-44	0.00160	0.00799	2.46	97017	775	483118	4023078	41.47
1993	45-49	0.00243	0.01208	2.8	96242	1163	478659	3539960	36.78
1993	50-54	0.00398	0.01970	2.54	95080	1873	470784	3061301	32.20
1993	55-59	0.00689	0.03390	2.65	93206	3160	458607	2590518	27.79
1993	60-64	0.00915	0.04478	2.59	90047	4032	440510	2131911	23.68
1993	65-69	0.01407	0.06803	2.58	86015	5852	415906	1691401	19.66
1993	70-74	0.02178	0.10358	2.64	80163	8303	381196	1275496	15.91
1993	75-79	0.03398	0.15690	2.56	71859	11275	331798	894300	12.45
1993	80-84	0.06153	0.26787	2.59	60584	16229	263755	562502	9.28
1993	85-89	0.10474	0.41640	2.54	44356	18470	176331	298747	6.74
1993	90-94	0.17760	0.60483	2.36	25886	15657	88158	122416	4.73
1993	95-99	0.27501	0.76619	2.11	10229	7838	28500	34258	3.35
1993	100-104	0.40248	0.88484	1.83	2392	2116	5258	5759	2.41
1993	105-109	0.54491	0.94813	1.56	275	261	479	501	1.82
1993	110+	0.66096	1.00000	1.51	14	14	22	22	1.51
1994	0	0.00749	0.00744	0.07	100000	744	99311	7975229	79.75
1994	1-4	0.00050	0.00201	1.5	99256	199	396528	7875918	79.35
1994	5-9	0.00017	0.00085	2.44	99057	85	495070	7479390	75.51
1994	10-14	0.00026	0.00128	2.86	98973	126	494593	6984320	70.57
1994	15-19	0.00053	0.00264	2.49	98846	261	493577	6489727	65.65
1994	20-24	0.00054	0.00270	2.58	98586	266	492285	5996150	60.82
1994	25-29	0.00068	0.00338	2.63	98320	332	490812	5503866	55.98
1994	30-34	0.00091	0.00454	2.78	97988	445	488954	5013054	51.16
1994	35-39	0.00116	0.00577	2.7	97543	562	486421	4524100	46.38
1994	40-44	0.00164	0.00818	2.51	96981	794	482930	4037679	41.63
1994	45-49	0.00265	0.01319	2.66	96187	1269	477961	3554748	36.96
1994	50-54	0.00409	0.02026	2.59	94919	1923	469961	3076787	32.42
1994	55-59	0.00567	0.02799	2.6	92996	2603	458734	2606826	28.03
1994	60-64	0.00936	0.04572	2.54	90392	4133	441807	2148092	23.76
1994	65-69	0.01355	0.06566	2.67	86259	5664	418122	1706285	19.78
1994	70-74	0.02145	0.10206	2.64	80595	8225	383535	1288163	15.98
1994	75-79	0.03453	0.15978	2.67	72370	11563	334913	904628	12.50
1994	80-84	0.05949	0.26029	2.6	60807	15827	266030	569715	9.37
1994	85-89	0.10554	0.41733	2.49	44980	18771	177864	303685	6.75
1994	90-94	0.17248	0.59309	2.37	26208	15544	90122	125821	4.80
1994	95-99	0.27497	0.76637	2.11	10664	8173	29722	35699	3.35
1994	100-104	0.40410	0.88606	1.83	2492	2208	5463	5976	2.40
1994	105-109	0.54831	0.94921	1.56	284	269	491	513	1.81
1994	110+	0.66557	1.00000	1.5	14	14	22	22	1.50
1995	0	0.00711	0.00706	0.07	100000	706	99345	7984140	79.84
1995	1-4	0.00042	0.00170	1.48	99294	168	396750	7884795	79.41
1995	5-9	0.00012	0.00062	2.09	99125	62	495446	7488045	75.54
1995	10-14	0.00025	0.00123	2.93	99063	122	495065	6992599	70.59
1995	15-19	0.00044	0.00219	2.57	98942	217	494180	6497533	65.67
1995	20-24	0.00057	0.00287	2.58	98725	283	492937	6003353	60.81
1995	25-29	0.00051	0.00255	2.73	98441	251	491636	5510416	55.98
1995	30-34	0.00086	0.00429	2.71	98190	421	489985	5018780	51.11
1995	35-39	0.00128	0.00636	2.64	97769	622	487377	4528795	46.32
1995	40-44	0.00196	0.00978	2.79	97147	950	483636	4041418	41.60
1995	45-49	0.00231	0.01149	2.62	96197	1105	478361	3557782	36.98
1995	50-54	0.00416	0.02061	2.54	95093	1960	470639	3079421	32.38
1995	55-59	0.00605	0.02986	2.77	93133	2781	459449	2608782	28.01
1995	60-64	0.00939	0.04594	2.64	90352	4151	441964	2149333	23.79
1995	65-69	0.01355	0.06564	2.66	86201	5658	417746	1707370	19.81
1995	70-74	0.02108	0.10046	2.66	80543	8091	383801	1289624	16.01
1995	75-79	0.03312	0.15319	2.56	72452	11099	335159	905822	12.50
1995	80-84	0.06138	0.26733	2.59	61353	16402	267220	570663	9.30
1995	85-89	0.10386	0.41302	2.52	44951	18566	178749	303443	6.75
1995	90-94	0.17808	0.60673	2.37	26386	16009	89897	124694	4.73
1995	95-99	0.27456	0.76564	2.11	10377	7945	28936	34797	3.35
1995	100-104	0.40205	0.88458	1.83	2432	2151	5351	5861	2.41
1995	105-109	0.54457	0.94804	1.56	281	266	489	511	1.82
1995	110+	0.66072	1.00000	1.51	15	15	22	22	1.51
1996	0	0.00711	0.00706	0.07	100000	706	99345	7988144	79.88
1996	1-4	0.00039	0.00157	1.54	99294	156	396791	7888799	79.45
1996	5-9	0.00016	0.00081	2.17	99138	80	495461	7492008	75.57
1996	10-14	0.00024	0.00119	2.49	99058	118	494991	6996546	70.63
1996	15-19	0.00052	0.00260	3.05	98940	257	494197	6501555	65.71
1996	20-24	0.00051	0.00255	2.7	98682	252	492831	6007358	60.88
1996	25-29	0.00073	0.00366	2.63	98431	361	491296	5514527	56.02
1996	30-34	0.00080	0.00400	2.73	98070	392	489458	5023231	51.22
1996	35-39	0.00126	0.00626	2.63	97678	612	486940	4533773	46.42
1996	40-44	0.00174	0.00866	2.64	97066	841	483342	4046833	41.69
1996	45-49	0.00230	0.01146	2.77	96225	1103	478667	3563491	37.03
1996	50-54	0.00387	0.01917	2.71	95123	1823	471434	3084824	32.43
1996	55-59	0.00594	0.02931	2.7	93299	2734	460219	2613391	28.01
1996	60-64	0.00864	0.04232	2.56	90565	3833	443478	2153172	23.77
1996	65-69	0.01325	0.06424	2.64	86732	5572	420492	1709693	19.71
1996	70-74	0.02163	0.10289	2.64	81161	8351	386066	1289201	15.88
1996	75-79	0.03366	0.15576	2.6	72810	11341	336878	903135	12.40
1996	80-84	0.06165	0.26853	2.6	61469	16506	267732	566257	9.21
1996	85-89	0.10426	0.41530	2.55	44963	18673	179097	298525	6.64
1996	90-94	0.18707	0.62409	2.33	26290	16407	87706	119429	4.54
1996	95-99	0.28875	0.78404	2.09	9883	7748	26834	31722	3.21
1996	100-104	0.42490	0.89904	1.79	2134	1919	4516	4888	2.29
1996	105-109	0.57406	0.95628	1.51	215	206	359	373	1.73
1996	110+	0.69306	1.00000	1.44	9	9	14	14	1.44
1997	0	0.00653	0.00649	0.07	100000	649	99398	8003274	80.03
1997	1-4	0.00040	0.00161	1.35	99351	160	396981	7903876	79.55
1997	5-9	0.00023	0.00113	2.47	99191	112	495674	7506895	75.68
1997	10-14	0.00024	0.00119	2.62	99079	118	495115	7011222	70.76
1997	15-19	0.00044	0.00220	2.89	98961	218	494345	6516107	65.85
1997	20-24	0.00056	0.00279	2.48	98743	275	493022	6021761	60.98
1997	25-29	0.00053	0.00262	2.82	98468	258	491776	5528739	56.15
1997	30-34	0.00079	0.00392	2.72	98209	385	490168	5036963	51.29
1997	35-39	0.00114	0.00567	2.7	97825	555	487847	4546795	46.48
1997	40-44	0.00176	0.00878	2.61	97270	854	484311	4058947	41.73
1997	45-49	0.00239	0.01187	2.64	96416	1145	479379	3574636	37.08
1997	50-54	0.00365	0.01811	2.71	95271	1726	472407	3095258	32.49
1997	55-59	0.00545	0.02693	2.72	93546	2519	461975	2622851	28.04
1997	60-64	0.00915	0.04476	2.65	91026	4075	445544	2160875	23.74
1997	65-69	0.01319	0.06395	2.61	86952	5560	421478	1715331	19.73
1997	70-74	0.02163	0.10288	2.64	81391	8374	387173	1293854	15.90
1997	75-79	0.03420	0.15795	2.59	73017	11533	337273	906681	12.42
1997	80-84	0.06110	0.26605	2.57	61484	16358	267705	569408	9.26
1997	85-89	0.10595	0.42132	2.57	45126	19012	179450	301703	6.69
1997	90-94	0.17784	0.60426	2.35	26114	15779	88728	122253	4.68
1997	95-99	0.28524	0.77962	2.09	10334	8057	28246	33525	3.24
1997	100-104	0.41944	0.89576	1.8	2277	2040	4864	5279	2.32
1997	105-109	0.56722	0.95449	1.52	237	227	399	415	1.75
1997	110+	0.68574	1.00000	1.46	11	11	16	16	1.46
1998	0	0.00702	0.00697	0.07	100000	697	99354	8001666	80.02
1998	1-4	0.00042	0.00169	1.47	99303	167	396789	7902312	79.58
1998	5-9	0.00017	0.00087	2.57	99136	86	495469	7505524	75.71
1998	10-14	0.00017	0.00086	2.56	99049	85	495040	7010055	70.77
1998	15-19	0.00047	0.00235	2.72	98964	233	494292	6515015	65.83
1998	20-24	0.00052	0.00262	2.37	98732	259	492978	6020723	60.98
1998	25-29	0.00057	0.00285	2.7	98473	280	491721	5527745	56.13
1998	30-34	0.00093	0.00463	2.59	98193	455	489868	5036024	51.29
1998	35-39	0.00109	0.00544	2.57	97738	532	487398	4546156	46.51
1998	40-44	0.00191	0.00949	2.7	97207	923	483912	4058758	41.75
1998	45-49	0.00218	0.01084	2.72	96284	1044	479034	3574847	37.13
1998	50-54	0.00386	0.01911	2.69	95240	1820	471998	3095813	32.51
1998	55-59	0.00560	0.02762	2.65	93420	2580	461044	2623815	28.09
1998	60-64	0.00896	0.04389	2.67	90840	3987	444892	2162770	23.81
1998	65-69	0.01297	0.06286	2.54	86853	5460	420850	1717878	19.78
1998	70-74	0.02116	0.10076	2.64	81394	8201	387620	1297028	15.94
1998	75-79	0.03349	0.15512	2.62	73192	11354	338982	909408	12.42
1998	80-84	0.06206	0.27013	2.6	61838	16704	269180	570426	9.22
1998	85-89	0.10551	0.41829	2.52	45134	18879	178932	301246	6.67
1998	90-94	0.17957	0.60707	2.33	26255	15939	88760	122314	4.66
1998	95-99	0.28446	0.77853	2.09	10316	8032	28235	33555	3.25
1998	100-104	0.41740	0.89445	1.81	2285	2044	4896	5320	2.33
1998	105-109	0.56400	0.95360	1.53	241	230	408	424	1.76
1998	110+	0.68186	1.00000	1.47	11	11	16	16	1.47
1999	0	0.00617	0.00613	0.07	100000	613	99430	7999228	79.99
1999	1-4	0.00030	0.00121	1.55	99387	120	397252	7899798	79.49
1999	5-9	0.00012	0.00060	2.35	99266	59	496175	7502546	75.58
1999	10-14	0.00019	0.00097	2.77	99207	96	495822	7006370	70.62
1999	15-19	0.00036	0.00181	2.85	99111	180	495171	6510549	65.69
1999	20-24	0.00053	0.00265	2.4	98932	262	493977	6015377	60.80
1999	25-29	0.00050	0.00252	2.77	98669	249	492792	5521401	55.96
1999	30-34	0.00078	0.00391	2.56	98421	385	491163	5028609	51.09
1999	35-39	0.00124	0.00620	2.61	98036	608	488724	4537446	46.28
1999	40-44	0.00175	0.00870	2.62	97428	848	485119	4048722	41.56
1999	45-49	0.00248	0.01230	2.52	96580	1188	479948	3563603	36.90
1999	50-54	0.00395	0.01956	2.71	95391	1866	472684	3083655	32.33
1999	55-59	0.00580	0.02862	2.76	93525	2676	461619	2610971	27.92
1999	60-64	0.00913	0.04470	2.73	90849	4061	445020	2149351	23.66
1999	65-69	0.01342	0.06505	2.67	86788	5645	420779	1704331	19.64
1999	70-74	0.02113	0.10070	2.67	81143	8171	386641	1283552	15.82
1999	75-79	0.03345	0.15499	2.64	72971	11310	338148	896911	12.29
1999	80-84	0.06421	0.27772	2.57	61662	17125	266716	558763	9.06
1999	85-89	0.10863	0.42779	2.52	44537	19052	175385	292047	6.56
1999	90-94	0.18462	0.61567	2.3	25485	15690	84985	116662	4.58
1999	95-99	0.28667	0.78091	2.09	9795	7649	26681	31677	3.23
1999	100-104	0.41765	0.89434	1.8	2146	1919	4595	4995	2.33
1999	105-109	0.56182	0.95289	1.53	227	216	385	400	1.77
1999	110+	0.67788	1.00000	1.48	11	11	16	16	1.48
2000	0	0.00650	0.00646	0.07	100000	646	99400	8000830	80.01
2000	1-4	0.00034	0.00134	1.59	99354	134	397093	7901430	79.53
2000	5-9	0.00016	0.00082	2.68	99220	81	495912	7504337	75.63
2000	10-14	0.00015	0.00077	2.99	99139	76	495541	7008425	70.69
2000	15-19	0.00043	0.00216	2.77	99063	214	494837	6512884	65.75
2000	20-24	0.00045	0.00223	2.42	98849	220	493677	6018047	60.88
2000	25-29	0.00063	0.00313	2.58	98629	309	492397	5524370	56.01
2000	30-34	0.00080	0.00401	2.47	98320	394	490602	5031973	51.18
2000	35-39	0.00113	0.00566	2.65	97926	554	488327	4541371	46.38
2000	40-44	0.00179	0.00889	2.68	97372	866	484846	4053044	41.62
2000	45-49	0.00251	0.01248	2.64	96506	1204	479689	3568198	36.97
2000	50-54	0.00386	0.01913	2.64	95302	1824	472201	3088509	32.41
2000	55-59	0.00583	0.02876	2.73	93478	2689	461278	2616308	27.99
2000	60-64	0.00836	0.04101	2.69	90789	3724	445343	2155030	23.74
2000	65-69	0.01366	0.06619	2.66	87066	5763	421846	1709687	19.64
2000	70-74	0.02062	0.09831	2.65	81303	7993	387710	1287841	15.84
2000	75-79	0.03435	0.15890	2.64	73310	11649	339112	900131	12.28
2000	80-84	0.06317	0.27437	2.61	61660	16918	267801	561019	9.10
2000	85-89	0.10697	0.42228	2.51	44742	18894	176635	293217	6.55
2000	90-94	0.18812	0.62360	2.3	25849	16119	85684	116582	4.51
2000	95-99	0.29256	0.78845	2.08	9730	7671	26221	30898	3.18
2000	100-104	0.42870	0.90110	1.78	2058	1855	4326	4676	2.27
2000	105-109	0.57718	0.95699	1.51	204	195	338	350	1.72
2000	110+	0.69533	1.00000	1.44	9	9	13	13	1.44
2001	0	0.00650	0.00646	0.07	100000	646	99400	8018160	80.18
2001	1-4	0.00048	0.00193	1.51	99354	192	396939	7918760	79.70
2001	5-9	0.00018	0.00092	2.4	99162	91	495574	7521821	75.85
2001	10-14	0.00017	0.00087	2.69	99071	86	495156	7026247	70.92
2001	15-19	0.00053	0.00263	2.92	98985	261	494382	6531091	65.98
2001	20-24	0.00044	0.00218	2.42	98724	216	493065	6036709	61.15
2001	25-29	0.00057	0.00283	2.53	98509	278	491856	5543644	56.28
2001	30-34	0.00073	0.00366	2.4	98230	359	490218	5051788	51.43
2001	35-39	0.00124	0.00616	2.67	97871	603	487953	4561570	46.61
2001	40-44	0.00183	0.00912	2.64	97268	887	484245	4073617	41.88
2001	45-49	0.00247	0.01226	2.67	96381	1182	479156	3589372	37.24
2001	50-54	0.00354	0.01757	2.8	95199	1672	472314	3110216	32.67
2001	55-59	0.00539	0.02662	2.66	93527	2490	461821	2637902	28.20
2001	60-64	0.00852	0.04177	2.59	91037	3802	446038	2176081	23.90
2001	65-69	0.01258	0.06108	2.65	87235	5329	423631	1730043	19.83
2001	70-74	0.02054	0.09797	2.64	81906	8024	390582	1306412	15.95
2001	75-79	0.03277	0.15221	2.67	73882	11246	343168	915830	12.40
2001	80-84	0.06198	0.26985	2.6	62636	16902	272683	572663	9.14
2001	85-89	0.10899	0.42845	2.51	45734	19595	179785	299979	6.56
2001	90-94	0.18361	0.61622	2.33	26139	16107	87727	120195	4.60
2001	95-99	0.28622	0.78060	2.09	10032	7831	27360	32468	3.24
2001	100-104	0.41896	0.89531	1.8	2201	1971	4703	5108	2.32
2001	105-109	0.56506	0.95384	1.53	230	220	389	405	1.76
2001	110+	0.68240	1.00000	1.47	11	11	16	16	1.47
2002	0	0.00534	0.00532	0.07	100000	532	99504	8024360	80.24
2002	1-4	0.00036	0.00143	1.42	99468	142	397506	7924856	79.67
2002	5-9	0.00011	0.00055	2.53	99326	55	496495	7527350	75.78
2002	10-14	0.00023	0.00113	3.34	99271	113	496170	7030855	70.82
2002	15-19	0.00047	0.00237	2.8	99159	235	495276	6534685	65.90
2002	20-24	0.00051	0.00256	2.48	98924	253	493980	6039409	61.05
2002	25-29	0.00046	0.00230	2.51	98670	227	492786	5545429	56.20
2002	30-34	0.00068	0.00338	2.73	98443	333	491462	5052643	51.33
2002	35-39	0.00138	0.00687	2.53	98111	674	488888	4561181	46.49
2002	40-44	0.00183	0.00912	2.67	97437	889	485116	4072292	41.79
2002	45-49	0.00280	0.01391	2.62	96548	1343	479536	3587176	37.15
2002	50-54	0.00377	0.01870	2.58	95204	1781	471711	3107641	32.64
2002	55-59	0.00516	0.02548	2.63	93424	2380	461475	2635929	28.21
2002	60-64	0.00859	0.04211	2.66	91044	3834	446254	2174455	23.88
2002	65-69	0.01231	0.05977	2.61	87210	5213	423597	1728201	19.82
2002	70-74	0.02016	0.09621	2.63	81997	7889	391263	1304604	15.91
2002	75-79	0.03391	0.15708	2.66	74108	11641	343294	913340	12.32
2002	80-84	0.06283	0.27286	2.59	62467	17045	271297	570046	9.13
2002	85-89	0.10662	0.42200	2.53	45422	19168	179783	298750	6.58
2002	90-94	0.18553	0.62004	2.33	26254	16279	87742	118967	4.53
2002	95-99	0.29736	0.79438	2.07	9976	7924	26649	31225	3.13
2002	100-104	0.43723	0.90601	1.77	2051	1858	4250	4576	2.23
2002	105-109	0.58862	0.95981	1.49	193	185	314	325	1.69
2002	110+	0.70795	1.00000	1.41	8	8	11	11	1.41
2003	0	0.00616	0.00613	0.07	100000	613	99430	8031451	80.31
2003	1-4	0.00040	0.00158	1.58	99387	157	397169	7932020	79.81
2003	5-9	0.00011	0.00053	2.38	99230	52	496013	7534851	75.93
2003	10-14	0.00018	0.00087	2.97	99178	87	495712	7038838	70.97
2003	15-19	0.00046	0.00231	2.82	99091	229	494955	6543126	66.03
2003	20-24	0.00049	0.00244	2.36	98862	241	493675	6048171	61.18
2003	25-29	0.00055	0.00277	2.39	98621	273	492393	5554496	56.32
2003	30-34	0.00085	0.00423	2.89	98348	416	490860	5062103	51.47
2003	35-39	0.00114	0.00568	2.65	97932	556	488354	4571243	46.68
2003	40-44	0.00192	0.00955	2.62	97376	930	484662	4082889	41.93
2003	45-49	0.00277	0.01375	2.59	96446	1326	479033	3598227	37.31
2003	50-54	0.00351	0.01740	2.64	95119	1655	471692	3119194	32.79
2003	55-59	0.00533	0.02629	2.52	93464	2457	461227	2647501	28.33
2003	60-64	0.00812	0.03986	2.7	91007	3627	446676	2186274	24.02
2003	65-69	0.01246	0.06055	2.67	87380	5291	424590	1739598	19.91
2003	70-74	0.01926	0.09219	2.69	82089	7568	392982	1315008	16.02
2003	75-79	0.03334	0.15440	2.62	74521	11506	345166	922026	12.37
2003	80-84	0.06177	0.26894	2.6	63015	16947	274369	576860	9.15
2003	85-89	0.10659	0.42090	2.5	46067	19390	181914	302491	6.57
2003	90-94	0.18505	0.62094	2.35	26678	16565	89519	120577	4.52
2003	95-99	0.30379	0.80210	2.06	10112	8111	26700	31058	3.07
2003	100-104	0.44860	0.91219	1.75	2001	1826	4069	4359	2.18
2003	105-109	0.60366	0.96323	1.47	176	169	280	289	1.65
2003	110+	0.72422	1.00000	1.38	6	6	9	9	1.38
2004	0	0.00621	0.00618	0.07	100000	618	99426	8058989	80.59
2004	1-4	0.00030	0.00118	1.66	99382	118	397253	7959563	80.09
2004	5-9	0.00011	0.00057	1.99	99264	57	496151	7562310	76.18
2004	10-14	0.00016	0.00081	3.01	99208	80	495879	7066159	71.23
2004	15-19	0.00053	0.00264	2.77	99128	262	495053	6570280	66.28
2004	20-24	0.00053	0.00262	2.39	98866	260	493651	6075227	61.45
2004	25-29	0.00059	0.00294	2.62	98606	290	492341	5581576	56.60
2004	30-34	0.00076	0.00381	2.41	98316	374	490610	5089235	51.76
2004	35-39	0.00114	0.00567	2.73	97942	555	488451	4598625	46.95
2004	40-44	0.00178	0.00885	2.75	97386	862	484993	4110173	42.20
2004	45-49	0.00261	0.01295	2.63	96525	1250	479656	3625180	37.56
2004	50-54	0.00365	0.01811	2.68	95274	1726	472362	3145525	33.02
2004	55-59	0.00531	0.02621	2.63	93549	2452	461927	2673162	28.58
2004	60-64	0.00794	0.03897	2.56	91096	3550	446823	2211235	24.27
2004	65-69	0.01242	0.06029	2.57	87547	5278	424928	1764412	20.15
2004	70-74	0.01922	0.09207	2.71	82268	7574	394002	1339484	16.28
2004	75-79	0.03142	0.14662	2.73	74694	10952	348567	945482	12.66
2004	80-84	0.05798	0.25488	2.63	63742	16247	280225	596915	9.36
2004	85-89	0.10378	0.41240	2.51	47496	19587	188738	316689	6.67
2004	90-94	0.18282	0.61586	2.35	27908	17188	94012	127951	4.58
2004	95-99	0.29301	0.78982	2.08	10721	8468	28899	33939	3.17
2004	100-104	0.43572	0.90557	1.77	2253	2040	4683	5041	2.24
2004	105-109	0.59076	0.96048	1.49	213	204	346	358	1.68
2004	110+	0.71270	1.00000	1.4	8	8	12	12	1.40
2005	0	0.00656	0.00652	0.07	100000	652	99395	8031361	80.31
2005	1-4	0.00026	0.00103	1.5	99348	102	397138	7931966	79.84
2005	5-9	0.00024	0.00120	2.55	99246	119	495940	7534828	75.92
2005	10-14	0.00013	0.00065	2.86	99128	64	495500	7038888	71.01
2005	15-19	0.00044	0.00222	2.76	99063	220	494824	6543388	66.05
2005	20-24	0.00055	0.00273	2.54	98844	270	493553	6048564	61.19
2005	25-29	0.00052	0.00261	2.76	98574	257	492293	5555011	56.35
2005	30-34	0.00076	0.00380	2.78	98317	373	490755	5062718	51.49
2005	35-39	0.00120	0.00596	2.76	97944	584	488408	4571963	46.68
2005	40-44	0.00179	0.00893	2.81	97360	869	484892	4083555	41.94
2005	45-49	0.00290	0.01440	2.64	96490	1389	479170	3598663	37.30
2005	50-54	0.00390	0.01931	2.62	95101	1836	471132	3119493	32.80
2005	55-59	0.00531	0.02621	2.7	93265	2444	460701	2648360	28.40
2005	60-64	0.00820	0.04022	2.67	90821	3653	445599	2187659	24.09
2005	65-69	0.01231	0.05979	2.63	87167	5211	423466	1742060	19.99
2005	70-74	0.01961	0.09372	2.63	81956	7681	391612	1318594	16.09
2005	75-79	0.03185	0.14810	2.64	74275	11000	345413	926982	12.48
2005	80-84	0.05873	0.25765	2.62	63275	16303	277574	581569	9.19
2005	85-89	0.10797	0.42497	2.5	46972	19962	184878	303995	6.47
2005	90-94	0.19165	0.63417	2.33	27010	17129	89377	119117	4.41
2005	95-99	0.31073	0.81027	2.05	9881	8007	25767	29740	3.01
2005	100-104	0.46187	0.91898	1.72	1875	1723	3730	3973	2.12
2005	105-109	0.62163	0.96697	1.44	152	147	236	243	1.60
2005	110+	0.74360	1.00000	1.34	5	5	7	7	1.34
2006	0	0.00619	0.00615	0.07	100000	615	99428	8045912	80.46
2006	1-4	0.00038	0.00150	1.59	99385	149	397178	7946484	79.96
2006	5-9	0.00012	0.00061	2.29	99235	61	496012	7549306	76.07
2006	10-14	0.00018	0.00092	2.73	99174	91	495665	7053295	71.12
2006	15-19	0.00060	0.00297	2.64	99083	295	494721	6557630	66.18
2006	20-24	0.00066	0.00328	2.38	98789	324	493096	6062908	61.37
2006	25-29	0.00055	0.00273	2.62	98465	269	491686	5569812	56.57
2006	30-34	0.00084	0.00419	2.51	98197	411	489958	5078126	51.71
2006	35-39	0.00117	0.00584	2.46	97785	571	487474	4588168	46.92
2006	40-44	0.00174	0.00868	2.81	97214	844	484221	4100694	42.18
2006	45-49	0.00262	0.01303	2.72	96370	1256	478986	3616474	37.53
2006	50-54	0.00384	0.01904	2.64	95114	1811	471303	3137488	32.99
2006	55-59	0.00528	0.02610	2.77	93303	2436	461079	2666184	28.58
2006	60-64	0.00794	0.03900	2.68	90868	3543	446127	2205105	24.27
2006	65-69	0.01156	0.05628	2.69	87324	4915	425251	1758978	20.14
2006	70-74	0.01863	0.08921	2.63	82409	7352	394636	1333727	16.18
2006	75-79	0.03208	0.14924	2.67	75058	11202	349219	939091	12.51
2006	80-84	0.05889	0.25791	2.59	63856	16469	279638	589872	9.24
2006	85-89	0.10818	0.42754	2.55	47387	20260	187287	310234	6.55
2006	90-94	0.18480	0.61993	2.35	27127	16817	91000	122947	4.53
2006	95-99	0.30053	0.79857	2.07	10310	8233	27397	31947	3.10
2006	100-104	0.44562	0.91079	1.75	2077	1891	4245	4551	2.19
2006	105-109	0.60159	0.96285	1.47	185	178	297	306	1.65
2006	110+	0.72306	1.00000	1.38	7	7	10	10	1.38
2007	0	0.00655	0.00651	0.07	100000	651	99395	8103149	81.03
2007	1-4	0.00031	0.00124	1.57	99349	123	397096	8003754	80.56
2007	5-9	0.00015	0.00076	2.39	99226	76	495931	7606657	76.66
2007	10-14	0.00019	0.00095	2.72	99150	95	495534	7110727	71.72
2007	15-19	0.00050	0.00251	2.67	99055	248	494699	6615193	66.78
2007	20-24	0.00059	0.00292	2.46	98807	289	493302	6120494	61.94
2007	25-29	0.00053	0.00263	2.67	98518	259	491988	5627192	57.12
2007	30-34	0.00086	0.00427	2.76	98259	420	490355	5135204	52.26
2007	35-39	0.00107	0.00535	2.73	97839	524	488006	4644849	47.47
2007	40-44	0.00177	0.00883	2.81	97315	860	484695	4156843	42.72
2007	45-49	0.00240	0.01192	2.73	96456	1149	479664	3672147	38.07
2007	50-54	0.00362	0.01792	2.63	95306	1708	472486	3192484	33.50
2007	55-59	0.00472	0.02333	2.52	93598	2184	462572	2719998	29.06
2007	60-64	0.00764	0.03757	2.74	91414	3434	449296	2257426	24.69
2007	65-69	0.01100	0.05360	2.63	87980	4716	428727	1808130	20.55
2007	70-74	0.01688	0.08118	2.64	83264	6760	400390	1379403	16.57
2007	75-79	0.02953	0.13813	2.66	76505	10568	357826	979013	12.80
2007	80-84	0.05653	0.24897	2.61	65937	16416	290416	621187	9.42
2007	85-89	0.10267	0.40996	2.54	49520	20301	197732	330772	6.68
2007	90-94	0.18375	0.61623	2.33	29219	18006	97992	133040	4.55
2007	95-99	0.29719	0.79513	2.08	11213	8916	30001	35048	3.13
2007	100-104	0.44425	0.91034	1.76	2297	2091	4708	5047	2.20
2007	105-109	0.60277	0.96321	1.47	206	198	329	340	1.65
2007	110+	0.72604	1.00000	1.38	8	8	10	10	1.38
2008	0	0.00621	0.00617	0.07	100000	617	99426	8139047	81.39
2008	1-4	0.00032	0.00127	1.59	99383	126	397228	8039621	80.90
2008	5-9	0.00015	0.00077	2.28	99257	76	496078	7642393	77.00
2008	10-14	0.00009	0.00044	3.34	99181	43	495833	7146315	72.05
2008	15-19	0.00041	0.00204	2.81	99137	202	495244	6650482	67.08
2008	20-24	0.00048	0.00240	2.52	98936	238	494088	6155238	62.21
2008	25-29	0.00054	0.00270	2.71	98698	267	492880	5661150	57.36
2008	30-34	0.00067	0.00333	2.41	98431	328	491308	5168270	52.51
2008	35-39	0.00105	0.00526	2.93	98103	516	489450	4676962	47.67
2008	40-44	0.00136	0.00680	2.88	97587	664	486531	4187512	42.91
2008	45-49	0.00255	0.01270	2.68	96923	1231	481761	3700981	38.18
2008	50-54	0.00358	0.01776	2.64	95693	1700	474453	3219220	33.64
2008	55-59	0.00523	0.02585	2.62	93993	2430	464187	2744767	29.20
2008	60-64	0.00747	0.03671	2.65	91563	3361	449909	2280580	24.91
2008	65-69	0.01091	0.05315	2.62	88202	4688	429853	1830671	20.76
2008	70-74	0.01744	0.08382	2.69	83514	7000	401417	1400818	16.77
2008	75-79	0.02853	0.13349	2.6	76514	10214	358058	999400	13.06
2008	80-84	0.05303	0.23557	2.63	66300	15618	294496	641342	9.67
2008	85-89	0.09723	0.39160	2.52	50682	19847	204136	346847	6.84
2008	90-94	0.17926	0.60626	2.33	30835	18694	104283	142711	4.63
2008	95-99	0.29243	0.79003	2.09	12141	9592	32801	38428	3.17
2008	100-104	0.44185	0.90944	1.77	2549	2318	5247	5627	2.21
2008	105-109	0.60363	0.96355	1.47	231	222	369	380	1.65
2008	110+	0.72927	1.00000	1.37	8	8	12	12	1.37
2009	0	0.00573	0.00570	0.07	100000	570	99469	8148616	81.49
2009	1-4	0.00034	0.00137	1.77	99430	136	397416	8049147	80.95
2009	5-9	0.00013	0.00066	2.69	99294	66	496317	7651731	77.06
2009	10-14	0.00014	0.00069	2.81	99228	68	495990	7155414	72.11
2009	15-19	0.00030	0.00152	2.77	99160	150	495462	6659424	67.16
2009	20-24	0.00046	0.00230	2.5	99009	228	494476	6163962	62.26
2009	25-29	0.00070	0.00350	2.5	98781	346	493042	5669486	57.39
2009	30-34	0.00085	0.00424	2.47	98435	418	491121	5176444	52.59
2009	35-39	0.00105	0.00522	2.63	98018	511	488875	4685323	47.80
2009	40-44	0.00178	0.00887	2.62	97506	865	485468	4196448	43.04
2009	45-49	0.00259	0.01287	2.64	96641	1244	480265	3710980	38.40
2009	50-54	0.00382	0.01892	2.58	95397	1805	472618	3230715	33.87
2009	55-59	0.00499	0.02466	2.5	93592	2308	462187	2758096	29.47
2009	60-64	0.00705	0.03466	2.62	91284	3164	448895	2295910	25.15
2009	65-69	0.01040	0.05074	2.63	88120	4471	429987	1847015	20.96
2009	70-74	0.01781	0.08543	2.62	83649	7146	401246	1417027	16.94
2009	75-79	0.02860	0.13397	2.65	76503	10249	358399	1015781	13.28
2009	80-84	0.05091	0.22762	2.68	66254	15081	296216	657382	9.92
2009	85-89	0.09339	0.37815	2.49	51173	19351	207212	361166	7.06
2009	90-94	0.16958	0.59078	2.43	31822	18800	110860	153954	4.84
2009	95-99	0.27726	0.77116	2.12	13022	10042	36220	43095	3.31
2009	100-104	0.42106	0.89789	1.81	2980	2676	6355	6875	2.31
2009	105-109	0.58031	0.95832	1.51	304	292	503	520	1.71
2009	110+	0.70671	1.00000	1.42	13	13	18	18	1.42
2010	0	0.00518	0.00516	0.07	100000	516	99519	8185028	81.85
2010	1-4	0.00028	0.00113	1.49	99484	113	397655	8085509	81.27
2010	5-9	0.00011	0.00057	1.94	99372	56	496686	7687854	77.36
2010	10-14	0.00011	0.00057	2.59	99315	57	496440	7191167	72.41
2010	15-19	0.00024	0.00120	3.14	99259	119	496073	6694727	67.45
2010	20-24	0.00049	0.00246	2.82	99140	244	495168	6198654	62.52
2010	25-29	0.00055	0.00273	2.59	98896	270	493831	5703486	57.67
2010	30-34	0.00084	0.00420	2.59	98626	415	492129	5209656	52.82
2010	35-39	0.00099	0.00494	2.6	98211	485	489893	4717526	48.03
2010	40-44	0.00150	0.00745	2.67	97726	728	486933	4227633	43.26
2010	45-49	0.00258	0.01281	2.64	96998	1243	482061	3740700	38.56
2010	50-54	0.00358	0.01772	2.62	95755	1697	474733	3258639	34.03
2010	55-59	0.00520	0.02566	2.6	94058	2414	464494	2783907	29.60
2010	60-64	0.00704	0.03460	2.6	91644	3171	450612	2319413	25.31
2010	65-69	0.01047	0.05113	2.67	88474	4523	431828	1868800	21.12
2010	70-74	0.01631	0.07865	2.72	83950	6602	404726	1436972	17.12
2010	75-79	0.02795	0.13112	2.64	77348	10142	362844	1032247	13.35
2010	80-84	0.04905	0.21975	2.63	67206	14768	301069	669403	9.96
2010	85-89	0.09439	0.38355	2.56	52438	20112	213081	368334	7.02
2010	90-94	0.16903	0.58419	2.36	32325	18884	111720	155252	4.80
2010	95-99	0.28419	0.78043	2.11	13441	10490	36912	43532	3.24
2010	100-104	0.43409	0.90559	1.78	2951	2673	6157	6620	2.24
2010	105-109	0.59807	0.96250	1.48	279	268	448	463	1.66
2010	110+	0.72606	1.00000	1.38	10	10	14	14	1.38
2011	0	0.00560	0.00557	0.07	100000	557	99481	8173693	81.74
2011	1-4	0.00022	0.00087	1.43	99443	86	397550	8074211	81.19
2011	5-9	0.00009	0.00043	2.19	99357	42	496664	7676661	77.26
2011	10-14	0.00014	0.00068	2.68	99314	67	496415	7179997	72.30
2011	15-19	0.00032	0.00162	2.69	99247	161	495861	6683582	67.34
2011	20-24	0.00047	0.00236	2.78	99086	234	494910	6187721	62.45
2011	25-29	0.00051	0.00257	2.64	98852	254	493660	5692811	57.59
2011	30-34	0.00085	0.00425	2.73	98598	419	492038	5199150	52.73
2011	35-39	0.00114	0.00568	2.58	98178	558	489540	4707112	47.94
2011	40-44	0.00160	0.00799	2.65	97620	780	486269	4217572	43.20
2011	45-49	0.00252	0.01252	2.63	96840	1212	481331	3731303	38.53
2011	50-54	0.00356	0.01767	2.64	95628	1689	474148	3249972	33.99
2011	55-59	0.00516	0.02550	2.55	93939	2395	463834	2775824	29.55
2011	60-64	0.00725	0.03564	2.67	91544	3262	450131	2311990	25.26
2011	65-69	0.00999	0.04881	2.67	88281	4309	431384	1861859	21.09
2011	70-74	0.01618	0.07797	2.68	83972	6547	404684	1430476	17.04
2011	75-79	0.02834	0.13283	2.65	77425	10285	362966	1025791	13.25
2011	80-84	0.04902	0.22006	2.68	67140	14775	301392	662826	9.87
2011	85-89	0.09539	0.38753	2.58	52365	20293	212731	361433	6.90
2011	90-94	0.17633	0.60192	2.36	32072	19305	109479	148702	4.64
2011	95-99	0.30222	0.80254	2.08	12767	10246	33903	39223	3.07
2011	100-104	0.46364	0.92084	1.73	2521	2321	5007	5320	2.11
2011	105-109	0.63468	0.96975	1.42	200	194	305	313	1.57
2011	110+	0.76295	1.00000	1.31	6	6	8	8	1.31
2012	0	0.00536	0.00534	0.07	100000	534	99503	8183779	81.84
2012	1-4	0.00028	0.00114	1.5	99466	113	397582	8084276	81.28
2012	5-9	0.00012	0.00060	2.33	99353	60	496606	7686694	77.37
2012	10-14	0.00014	0.00068	3.24	99293	67	496347	7190088	72.41
2012	15-19	0.00032	0.00161	2.87	99226	160	495790	6693741	67.46
2012	20-24	0.00048	0.00240	2.45	99066	238	494723	6197951	62.56
2012	25-29	0.00073	0.00362	2.7	98828	358	493315	5703228	57.71
2012	30-34	0.00093	0.00463	2.61	98470	455	491261	5209914	52.91
2012	35-39	0.00108	0.00539	2.52	98014	528	488759	4718652	48.14
2012	40-44	0.00163	0.00814	2.57	97486	794	485504	4229893	43.39
2012	45-49	0.00239	0.01189	2.75	96692	1149	480873	3744389	38.72
2012	50-54	0.00351	0.01739	2.63	95543	1662	473779	3263516	34.16
2012	55-59	0.00533	0.02632	2.66	93881	2471	463621	2789737	29.72
2012	60-64	0.00703	0.03458	2.68	91410	3161	449724	2326116	25.45
2012	65-69	0.01037	0.05063	2.65	88250	4468	430753	1876392	21.26
2012	70-74	0.01629	0.07852	2.69	83782	6578	403706	1445639	17.25
2012	75-79	0.02740	0.12873	2.65	77204	9938	362671	1041933	13.50
2012	80-84	0.04849	0.21815	2.7	67265	14674	302633	679262	10.10
2012	85-89	0.09141	0.37446	2.59	52592	19693	215431	376629	7.16
2012	90-94	0.16345	0.57353	2.4	32898	18868	115436	161198	4.90
2012	95-99	0.28158	0.77743	2.12	14030	10908	38737	45762	3.26
2012	100-104	0.43260	0.90496	1.79	3123	2826	6533	7025	2.25
2012	105-109	0.59825	0.96262	1.48	297	286	478	493	1.66
2012	110+	0.72749	1.00000	1.37	11	11	15	15	1.37
2013	0	0.00493	0.00491	0.07	100000	491	99542	8193648	81.94
2013	1-4	0.00030	0.00122	1.48	99509	121	397732	8094106	81.34
2013	5-9	0.00010	0.00049	1.91	99388	49	496790	7696374	77.44
2013	10-14	0.00015	0.00074	3.19	99339	73	496565	7199584	72.47
2013	15-19	0.00024	0.00120	2.97	99266	120	496088	6703019	67.53
2013	20-24	0.00049	0.00242	2.62	99147	240	495162	6206931	62.60
2013	25-29	0.00065	0.00322	2.57	98906	319	493756	5711769	57.75
2013	30-34	0.00083	0.00412	2.75	98588	406	492022	5218013	52.93
2013	35-39	0.00128	0.00640	2.64	98181	628	489425	4725991	48.14
2013	40-44	0.00167	0.00834	2.79	97553	814	485965	4236566	43.43
2013	45-49	0.00234	0.01164	2.8	96739	1126	481215	3750601	38.77
2013	50-54	0.00379	0.01878	2.63	95613	1795	473809	3269386	34.19
2013	55-59	0.00524	0.02589	2.65	93818	2429	463374	2795577	29.80
2013	60-64	0.00737	0.03620	2.59	91389	3309	448983	2332202	25.52
2013	65-69	0.01019	0.04976	2.64	88081	4383	430075	1883220	21.38
2013	70-74	0.01616	0.07782	2.63	83698	6513	403082	1453145	17.36
2013	75-79	0.02617	0.12337	2.68	77185	9522	363870	1050063	13.60
2013	80-84	0.04765	0.21416	2.64	67662	14491	304078	686193	10.14
2013	85-89	0.09074	0.37243	2.59	53172	19803	218230	382115	7.19
2013	90-94	0.16318	0.57187	2.38	33369	19082	116939	163885	4.91
2013	95-99	0.27906	0.77422	2.13	14286	11061	39635	46946	3.29
2013	100-104	0.42911	0.90303	1.79	3226	2913	6788	7311	2.27
2013	105-109	0.59434	0.96177	1.48	313	301	506	523	1.67
2013	110+	0.72375	1.00000	1.38	12	12	17	17	1.38
2014	0	0.00575	0.00571	0.07	100000	571	99468	8204807	82.05
2014	1-4	0.00026	0.00105	1.91	99429	105	397495	8105339	81.52
2014	5-9	0.00012	0.00062	2.63	99324	62	496472	7707844	77.60
2014	10-14	0.00017	0.00085	2.8	99262	84	496125	7211371	72.65
2014	15-19	0.00028	0.00140	2.88	99178	138	495596	6715246	67.71
2014	20-24	0.00047	0.00237	2.78	99040	235	494675	6219650	62.80
2014	25-29	0.00059	0.00297	2.44	98805	293	493273	5724975	57.94
2014	30-34	0.00081	0.00404	2.64	98511	398	491617	5231702	53.11
2014	35-39	0.00108	0.00538	2.7	98114	528	489355	4740085	48.31
2014	40-44	0.00174	0.00865	2.64	97586	844	485940	4250730	43.56
2014	45-49	0.00258	0.01283	2.64	96742	1241	480781	3764790	38.92
2014	50-54	0.00374	0.01851	2.61	95501	1768	473273	3284009	34.39
2014	55-59	0.00536	0.02647	2.67	93733	2481	462890	2810737	29.99
2014	60-64	0.00726	0.03569	2.6	91252	3257	448434	2347847	25.73
2014	65-69	0.01023	0.04995	2.62	87995	4395	429535	1899413	21.59
2014	70-74	0.01613	0.07766	2.62	83600	6492	402544	1469878	17.58
2014	75-79	0.02578	0.12171	2.71	77108	9385	364008	1067334	13.84
2014	80-84	0.04585	0.20715	2.67	67723	14029	305987	703326	10.39
2014	85-89	0.08524	0.35352	2.59	53694	18982	222693	397339	7.40
2014	90-94	0.15844	0.56181	2.41	34712	19502	123087	174646	5.03
2014	95-99	0.26861	0.76063	2.15	15211	11570	43072	51559	3.39
2014	100-104	0.41604	0.89555	1.82	3641	3261	7838	8487	2.33
2014	105-109	0.58089	0.95876	1.51	380	365	628	650	1.71
2014	110+	0.71167	1.00000	1.41	16	16	22	22	1.41
2015	0	0.00542	0.00539	0.07	100000	539	99498	8196330	81.96
2015	1-4	0.00028	0.00110	1.39	99461	110	397558	8096832	81.41
2015	5-9	0.00008	0.00040	2.98	99351	40	496677	7699274	77.50
2015	10-14	0.00010	0.00051	2.72	99312	51	496444	7202597	72.52
2015	15-19	0.00025	0.00127	2.96	99261	126	496049	6706153	67.56
2015	20-24	0.00048	0.00241	2.71	99135	239	495128	6210104	62.64
2015	25-29	0.00074	0.00367	2.71	98896	363	493647	5714976	57.79
2015	30-34	0.00097	0.00485	2.5	98532	478	491469	5221328	52.99
2015	35-39	0.00120	0.00600	2.67	98054	588	488900	4729860	48.24
2015	40-44	0.00162	0.00807	2.69	97466	786	485518	4240959	43.51
2015	45-49	0.00245	0.01219	2.71	96680	1178	480704	3755441	38.84
2015	50-54	0.00378	0.01871	2.6	95502	1787	473230	3274738	34.29
2015	55-59	0.00528	0.02608	2.66	93715	2444	462866	2801507	29.89
2015	60-64	0.00772	0.03791	2.62	91271	3460	448129	2338641	25.62
2015	65-69	0.01033	0.05042	2.67	87811	4428	428728	1890512	21.53
2015	70-74	0.01627	0.07835	2.64	83383	6533	401528	1461784	17.53
2015	75-79	0.02683	0.12631	2.69	76850	9707	361839	1060257	13.80
2015	80-84	0.04599	0.20753	2.65	67143	13934	302988	698418	10.40
2015	85-89	0.08515	0.35259	2.56	53209	18761	220339	395430	7.43
2015	90-94	0.15475	0.55291	2.42	34448	19047	123085	175091	5.08
2015	95-99	0.26981	0.76232	2.15	15401	11741	43514	52006	3.38
2015	100-104	0.41822	0.89691	1.82	3661	3283	7851	8492	2.32
2015	105-109	0.58381	0.95947	1.5	377	362	620	642	1.70
2015	110+	0.71482	1.00000	1.4	15	15	21	21	1.40
2016	0	0.00493	0.00491	0.07	100000	491	99542	8198648	81.99
2016	1-4	0.00028	0.00112	1.89	99509	111	397802	8099106	81.39
2016	5-9	0.00009	0.00045	2.06	99398	45	496859	7701304	77.48
2016	10-14	0.00010	0.00051	2.64	99353	50	496649	7204445	72.51
2016	15-19	0.00033	0.00162	2.8	99303	161	496161	6707796	67.55
2016	20-24	0.00058	0.00291	2.55	99142	289	495002	6211635	62.65
2016	25-29	0.00073	0.00366	2.54	98853	362	493375	5716633	57.83
2016	30-34	0.00101	0.00503	2.46	98491	495	491197	5223258	53.03
2016	35-39	0.00123	0.00613	2.58	97996	601	488526	4732061	48.29
2016	40-44	0.00163	0.00811	2.58	97395	790	485064	4243535	43.57
2016	45-49	0.00245	0.01217	2.7	96605	1176	480315	3758471	38.91
2016	50-54	0.00370	0.01833	2.64	95429	1749	473026	3278155	34.35
2016	55-59	0.00554	0.02734	2.6	93680	2562	462256	2805129	29.94
2016	60-64	0.00754	0.03704	2.66	91119	3375	447691	2342874	25.71
2016	65-69	0.01037	0.05064	2.67	87744	4443	428386	1895183	21.60
2016	70-74	0.01591	0.07677	2.73	83301	6395	401973	1466797	17.61
2016	75-79	0.02655	0.12495	2.65	76905	9609	361960	1064824	13.85
2016	80-84	0.04496	0.20312	2.62	67296	13669	304010	702865	10.44
2016	85-89	0.08573	0.35485	2.57	53627	19029	221978	398855	7.44
2016	90-94	0.15546	0.55419	2.41	34597	19174	123333	176877	5.11
2016	95-99	0.26110	0.75000	2.16	15424	11568	44304	53544	3.47
2016	100-104	0.40362	0.88761	1.84	3856	3423	8480	9240	2.40
2016	105-109	0.56495	0.95472	1.53	433	414	732	761	1.76
2016	110+	0.69478	1.00000	1.44	20	20	28	28	1.44
2017	0	0.00493	0.00491	0.07	100000	491	99542	8216758	82.17
2017	1-4	0.00026	0.00105	1.64	99509	104	397792	8117216	81.57
2017	5-9	0.00012	0.00059	1.94	99405	58	496847	7719424	77.66
2017	10-14	0.00016	0.00079	3.1	99347	78	496585	7222577	72.70
2017	15-19	0.00027	0.00133	2.84	99268	132	496057	6725993	67.76
2017	20-24	0.00051	0.00256	2.41	99137	254	495025	6229935	62.84
2017	25-29	0.00075	0.00376	2.72	98883	371	493565	5734910	58.00
2017	30-34	0.00089	0.00445	2.66	98511	439	491528	5241345	53.21
2017	35-39	0.00137	0.00682	2.56	98073	669	488733	4749818	48.43
2017	40-44	0.00166	0.00828	2.54	97403	807	485033	4261085	43.75
2017	45-49	0.00235	0.01171	2.65	96597	1131	480326	3776052	39.09
2017	50-54	0.00355	0.01761	2.64	95466	1681	473355	3295726	34.52
2017	55-59	0.00524	0.02588	2.63	93785	2427	463170	2822372	30.09
2017	60-64	0.00724	0.03560	2.64	91357	3253	449107	2359201	25.82
2017	65-69	0.01024	0.05000	2.69	88105	4405	430328	1910094	21.68
2017	70-74	0.01609	0.07755	2.69	83699	6491	403483	1479766	17.68
2017	75-79	0.02655	0.12503	2.67	77209	9653	363576	1076283	13.94
2017	80-84	0.04488	0.20292	2.64	67555	13709	305420	712707	10.55
2017	85-89	0.08227	0.34411	2.63	53847	18529	225228	407287	7.56
2017	90-94	0.15253	0.54941	2.46	35317	19404	127212	182059	5.15
2017	95-99	0.26307	0.75319	2.16	15914	11986	45562	54847	3.45
2017	100-104	0.40958	0.89171	1.83	3928	3502	8551	9285	2.36
2017	105-109	0.57471	0.95733	1.52	425	407	708	734	1.73
2017	110+	0.70647	1.00000	1.42	18	18	26	26	1.42
