AZ: Arizona, Lifetables (period 1x5), Males Last modified: 3 Dec 2019, MPv5 (May07) 

Year     	Age	mx	qx	ax	lx	dx	Lx	Tx	ex
1960-1964	0	0.03426	0.03327	0.14	100000	3327	97128	6552271	65.52
1960-1964	1	0.00302	0.00301	0.5	96673	291	96527	6455142	66.77
1960-1964	2	0.00177	0.00177	0.5	96382	171	96296	6358615	65.97
1960-1964	3	0.00119	0.00119	0.5	96211	114	96154	6262319	65.09
1960-1964	4	0.00093	0.00093	0.5	96096	90	96052	6166165	64.17
1960-1964	5	0.00075	0.00075	0.5	96007	72	95971	6070114	63.23
1960-1964	6	0.00063	0.00063	0.5	95935	61	95904	5974143	62.27
1960-1964	7	0.00063	0.00063	0.5	95874	61	95843	5878239	61.31
1960-1964	8	0.00043	0.00043	0.5	95813	41	95793	5782395	60.35
1960-1964	9	0.00060	0.00060	0.5	95772	57	95744	5686603	59.38
1960-1964	10	0.00042	0.00042	0.5	95715	41	95695	5590859	58.41
1960-1964	11	0.00049	0.00049	0.5	95674	47	95651	5495164	57.44
1960-1964	12	0.00061	0.00061	0.5	95627	58	95598	5399513	56.46
1960-1964	13	0.00068	0.00068	0.5	95569	65	95537	5303915	55.50
1960-1964	14	0.00074	0.00074	0.5	95504	71	95469	5208378	54.54
1960-1964	15	0.00097	0.00097	0.5	95433	93	95387	5112909	53.58
1960-1964	16	0.00146	0.00146	0.5	95341	139	95271	5017522	52.63
1960-1964	17	0.00174	0.00174	0.5	95202	165	95119	4922251	51.70
1960-1964	18	0.00172	0.00172	0.5	95036	163	94955	4827132	50.79
1960-1964	19	0.00231	0.00231	0.5	94873	219	94764	4732178	49.88
1960-1964	20	0.00259	0.00258	0.5	94654	245	94532	4637414	48.99
1960-1964	21	0.00212	0.00212	0.5	94409	200	94309	4542883	48.12
1960-1964	22	0.00269	0.00268	0.5	94209	253	94083	4448573	47.22
1960-1964	23	0.00260	0.00259	0.5	93956	244	93834	4354491	46.35
1960-1964	24	0.00214	0.00214	0.5	93712	201	93612	4260657	45.47
1960-1964	25	0.00216	0.00216	0.5	93512	202	93411	4167044	44.56
1960-1964	26	0.00203	0.00203	0.5	93310	189	93215	4073633	43.66
1960-1964	27	0.00231	0.00230	0.5	93121	215	93013	3980418	42.74
1960-1964	28	0.00255	0.00255	0.5	92906	236	92788	3887404	41.84
1960-1964	29	0.00289	0.00289	0.5	92670	268	92536	3794616	40.95
1960-1964	30	0.00285	0.00285	0.5	92402	263	92271	3702080	40.06
1960-1964	31	0.00218	0.00217	0.5	92139	200	92039	3609810	39.18
1960-1964	32	0.00270	0.00270	0.5	91939	248	91815	3517771	38.26
1960-1964	33	0.00279	0.00279	0.5	91691	256	91563	3425957	37.36
1960-1964	34	0.00331	0.00330	0.5	91435	302	91284	3334394	36.47
1960-1964	35	0.00256	0.00255	0.5	91132	233	91016	3243110	35.59
1960-1964	36	0.00369	0.00368	0.5	90900	335	90732	3152094	34.68
1960-1964	37	0.00353	0.00353	0.5	90565	319	90405	3061362	33.80
1960-1964	38	0.00390	0.00389	0.5	90246	351	90070	2970956	32.92
1960-1964	39	0.00335	0.00334	0.5	89895	301	89744	2880886	32.05
1960-1964	40	0.00443	0.00442	0.5	89594	396	89396	2791142	31.15
1960-1964	41	0.00440	0.00439	0.5	89198	392	89002	2701746	30.29
1960-1964	42	0.00553	0.00551	0.5	88806	489	88562	2612744	29.42
1960-1964	43	0.00582	0.00580	0.5	88317	512	88061	2524182	28.58
1960-1964	44	0.00637	0.00635	0.5	87805	557	87526	2436122	27.74
1960-1964	45	0.00708	0.00706	0.5	87247	616	86939	2348596	26.92
1960-1964	46	0.00717	0.00714	0.5	86632	619	86322	2261656	26.11
1960-1964	47	0.00839	0.00836	0.5	86013	719	85654	2175334	25.29
1960-1964	48	0.00830	0.00827	0.5	85294	705	84942	2089680	24.50
1960-1964	49	0.00987	0.00983	0.5	84589	831	84173	2004738	23.70
1960-1964	50	0.01177	0.01170	0.5	83758	980	83268	1920565	22.93
1960-1964	51	0.01209	0.01202	0.5	82778	995	82281	1837297	22.20
1960-1964	52	0.01311	0.01302	0.5	81783	1065	81251	1755016	21.46
1960-1964	53	0.01310	0.01302	0.5	80718	1051	80193	1673765	20.74
1960-1964	54	0.01560	0.01548	0.5	79668	1233	79051	1593572	20.00
1960-1964	55	0.01671	0.01657	0.5	78435	1300	77785	1514521	19.31
1960-1964	56	0.01778	0.01762	0.5	77135	1359	76456	1436736	18.63
1960-1964	57	0.02040	0.02020	0.5	75776	1531	75011	1360280	17.95
1960-1964	58	0.02118	0.02096	0.5	74245	1556	73467	1285270	17.31
1960-1964	59	0.02273	0.02247	0.5	72689	1633	71872	1211803	16.67
1960-1964	60	0.02501	0.02471	0.5	71055	1755	70178	1139931	16.04
1960-1964	61	0.02570	0.02537	0.5	69300	1758	68421	1069753	15.44
1960-1964	62	0.02904	0.02862	0.5	67542	1933	66575	1001332	14.83
1960-1964	63	0.03122	0.03074	0.5	65609	2017	64600	934757	14.25
1960-1964	64	0.03438	0.03380	0.5	63592	2149	62517	870156	13.68
1960-1964	65	0.03700	0.03633	0.5	61443	2232	60327	807639	13.14
1960-1964	66	0.04131	0.04048	0.5	59210	2397	58012	747312	12.62
1960-1964	67	0.04493	0.04394	0.5	56814	2496	55566	689300	12.13
1960-1964	68	0.04506	0.04407	0.5	54318	2394	53121	633735	11.67
1960-1964	69	0.04907	0.04789	0.5	51924	2487	50681	580614	11.18
1960-1964	70	0.05142	0.05013	0.5	49437	2478	48198	529933	10.72
1960-1964	71	0.05508	0.05360	0.5	46959	2517	45700	481735	10.26
1960-1964	72	0.06033	0.05856	0.5	44442	2603	43141	436035	9.81
1960-1964	73	0.06092	0.05912	0.5	41839	2474	40602	392894	9.39
1960-1964	74	0.06736	0.06516	0.5	39365	2565	38083	352292	8.95
1960-1964	75	0.07765	0.07474	0.5	36800	2751	35425	314209	8.54
1960-1964	76	0.07020	0.06782	0.5	34050	2309	32895	278784	8.19
1960-1964	77	0.08344	0.08010	0.5	31741	2542	30469	245889	7.75
1960-1964	78	0.09134	0.08735	0.5	29198	2550	27923	215419	7.38
1960-1964	79	0.09506	0.09074	0.5	26648	2418	25439	187496	7.04
1960-1964	80	0.10231	0.09733	0.5	24230	2358	23051	162057	6.69
1960-1964	81	0.11010	0.10435	0.5	21872	2282	20730	139007	6.36
1960-1964	82	0.11840	0.11178	0.5	19589	2190	18494	118276	6.04
1960-1964	83	0.12724	0.11963	0.5	17399	2081	16359	99782	5.73
1960-1964	84	0.13664	0.12790	0.5	15318	1959	14338	83423	5.45
1960-1964	85	0.14662	0.13660	0.5	13359	1825	12446	69085	5.17
1960-1964	86	0.15719	0.14573	0.5	11534	1681	10694	56639	4.91
1960-1964	87	0.16837	0.15530	0.5	9853	1530	9088	45945	4.66
1960-1964	88	0.18018	0.16529	0.5	8323	1376	7635	36857	4.43
1960-1964	89	0.19263	0.17570	0.5	6947	1221	6337	29222	4.21
1960-1964	90	0.20572	0.18653	0.5	5727	1068	5192	22885	4.00
1960-1964	91	0.21946	0.19776	0.5	4658	921	4198	17693	3.80
1960-1964	92	0.23384	0.20936	0.5	3737	782	3346	13495	3.61
1960-1964	93	0.24887	0.22133	0.5	2955	654	2628	10149	3.43
1960-1964	94	0.26453	0.23363	0.5	2301	538	2032	7521	3.27
1960-1964	95	0.28081	0.24623	0.5	1763	434	1546	5489	3.11
1960-1964	96	0.29768	0.25911	0.5	1329	344	1157	3943	2.97
1960-1964	97	0.31512	0.27223	0.5	985	268	851	2786	2.83
1960-1964	98	0.33310	0.28554	0.5	717	205	614	1935	2.70
1960-1964	99	0.35158	0.29902	0.5	512	153	435	1321	2.58
1960-1964	100	0.37052	0.31260	0.5	359	112	303	886	2.47
1960-1964	101	0.38986	0.32626	0.5	247	80	206	583	2.36
1960-1964	102	0.40955	0.33994	0.5	166	57	138	376	2.26
1960-1964	103	0.42954	0.35360	0.5	110	39	90	238	2.17
1960-1964	104	0.44976	0.36719	0.5	71	26	58	148	2.09
1960-1964	105	0.47015	0.38067	0.5	45	17	36	90	2.01
1960-1964	106	0.49064	0.39399	0.5	28	11	22	54	1.94
1960-1964	107	0.51116	0.40711	0.5	17	7	13	32	1.88
1960-1964	108	0.53164	0.42000	0.5	10	4	8	18	1.82
1960-1964	109	0.55202	0.43261	0.5	6	3	5	10	1.78
1960-1964	110+	0.57222	1.00000	1.75	3	3	6	6	1.75
1965-1969	0	0.02745	0.02680	0.12	100000	2680	97638	6656764	66.57
1965-1969	1	0.00276	0.00275	0.5	97320	268	97186	6559126	67.40
1965-1969	2	0.00141	0.00141	0.5	97052	137	96984	6461940	66.58
1965-1969	3	0.00112	0.00112	0.5	96915	109	96861	6364956	65.68
1965-1969	4	0.00071	0.00071	0.5	96806	69	96772	6268095	64.75
1965-1969	5	0.00075	0.00075	0.5	96738	72	96702	6171323	63.79
1965-1969	6	0.00059	0.00059	0.5	96666	57	96637	6074622	62.84
1965-1969	7	0.00053	0.00053	0.5	96609	52	96583	5977984	61.88
1965-1969	8	0.00049	0.00049	0.5	96557	48	96533	5881402	60.91
1965-1969	9	0.00065	0.00065	0.5	96509	62	96478	5784868	59.94
1965-1969	10	0.00044	0.00044	0.5	96447	42	96426	5688390	58.98
1965-1969	11	0.00045	0.00045	0.5	96405	43	96383	5591964	58.01
1965-1969	12	0.00042	0.00042	0.5	96361	41	96341	5495581	57.03
1965-1969	13	0.00067	0.00067	0.5	96321	65	96288	5399240	56.05
1965-1969	14	0.00077	0.00077	0.5	96256	74	96219	5302952	55.09
1965-1969	15	0.00084	0.00084	0.5	96182	81	96142	5206733	54.13
1965-1969	16	0.00133	0.00133	0.5	96101	128	96037	5110591	53.18
1965-1969	17	0.00170	0.00170	0.5	95973	163	95892	5014554	52.25
1965-1969	18	0.00167	0.00167	0.5	95810	160	95730	4918662	51.34
1965-1969	19	0.00205	0.00205	0.5	95650	196	95552	4822932	50.42
1965-1969	20	0.00235	0.00235	0.5	95454	224	95342	4727380	49.53
1965-1969	21	0.00245	0.00244	0.5	95230	233	95113	4632038	48.64
1965-1969	22	0.00258	0.00257	0.5	94997	244	94875	4536925	47.76
1965-1969	23	0.00250	0.00250	0.5	94753	237	94634	4442050	46.88
1965-1969	24	0.00222	0.00222	0.5	94516	210	94411	4347416	46.00
1965-1969	25	0.00261	0.00261	0.5	94306	246	94183	4253004	45.10
1965-1969	26	0.00236	0.00235	0.5	94060	221	93950	4158821	44.21
1965-1969	27	0.00228	0.00228	0.5	93839	214	93732	4064871	43.32
1965-1969	28	0.00243	0.00242	0.5	93625	227	93511	3971140	42.42
1965-1969	29	0.00248	0.00248	0.5	93398	232	93282	3877628	41.52
1965-1969	30	0.00278	0.00277	0.5	93166	258	93037	3784346	40.62
1965-1969	31	0.00226	0.00226	0.5	92908	210	92803	3691309	39.73
1965-1969	32	0.00280	0.00279	0.5	92699	259	92569	3598505	38.82
1965-1969	33	0.00278	0.00278	0.5	92440	257	92311	3505936	37.93
1965-1969	34	0.00223	0.00223	0.5	92183	205	92080	3413625	37.03
1965-1969	35	0.00282	0.00281	0.5	91977	259	91848	3321545	36.11
1965-1969	36	0.00254	0.00254	0.5	91719	233	91602	3229697	35.21
1965-1969	37	0.00372	0.00371	0.5	91486	340	91316	3138095	34.30
1965-1969	38	0.00379	0.00378	0.5	91146	345	90974	3046779	33.43
1965-1969	39	0.00347	0.00347	0.5	90801	315	90644	2955806	32.55
1965-1969	40	0.00385	0.00385	0.5	90487	348	90313	2865162	31.66
1965-1969	41	0.00396	0.00396	0.5	90139	357	89960	2774849	30.78
1965-1969	42	0.00472	0.00471	0.5	89782	423	89571	2684889	29.90
1965-1969	43	0.00568	0.00566	0.5	89359	506	89106	2595318	29.04
1965-1969	44	0.00654	0.00652	0.5	88853	579	88564	2506212	28.21
1965-1969	45	0.00573	0.00571	0.5	88274	504	88022	2417648	27.39
1965-1969	46	0.00681	0.00679	0.5	87770	596	87473	2329626	26.54
1965-1969	47	0.00821	0.00818	0.5	87175	713	86818	2242153	25.72
1965-1969	48	0.00833	0.00830	0.5	86462	717	86103	2155335	24.93
1965-1969	49	0.00923	0.00919	0.5	85744	788	85350	2069232	24.13
1965-1969	50	0.00983	0.00978	0.5	84956	831	84541	1983882	23.35
1965-1969	51	0.01179	0.01172	0.5	84125	986	83632	1899341	22.58
1965-1969	52	0.01198	0.01191	0.5	83139	990	82644	1815709	21.84
1965-1969	53	0.01351	0.01342	0.5	82150	1102	81598	1733064	21.10
1965-1969	54	0.01502	0.01491	0.5	81047	1208	80443	1651466	20.38
1965-1969	55	0.01663	0.01650	0.5	79839	1317	79180	1571023	19.68
1965-1969	56	0.01689	0.01675	0.5	78522	1315	77864	1491843	19.00
1965-1969	57	0.01781	0.01765	0.5	77207	1363	76525	1413978	18.31
1965-1969	58	0.01962	0.01943	0.5	75844	1474	75107	1337453	17.63
1965-1969	59	0.02232	0.02207	0.5	74370	1641	73549	1262346	16.97
1965-1969	60	0.02357	0.02330	0.5	72729	1694	71881	1188797	16.35
1965-1969	61	0.02518	0.02486	0.5	71034	1766	70151	1116915	15.72
1965-1969	62	0.02770	0.02732	0.5	69268	1893	68322	1046764	15.11
1965-1969	63	0.02846	0.02806	0.5	67375	1890	66430	978443	14.52
1965-1969	64	0.03090	0.03043	0.5	65485	1992	64489	912012	13.93
1965-1969	65	0.03551	0.03489	0.5	63493	2215	62385	847524	13.35
1965-1969	66	0.03672	0.03606	0.5	61277	2210	60173	785139	12.81
1965-1969	67	0.03834	0.03762	0.5	59068	2222	57957	724966	12.27
1965-1969	68	0.04475	0.04378	0.5	56846	2488	55602	667009	11.73
1965-1969	69	0.04607	0.04504	0.5	54357	2448	53133	611407	11.25
1965-1969	70	0.05192	0.05060	0.5	51909	2627	50596	558274	10.75
1965-1969	71	0.05410	0.05267	0.5	49283	2596	47985	507678	10.30
1965-1969	72	0.06114	0.05933	0.5	46687	2770	45302	459693	9.85
1965-1969	73	0.06255	0.06065	0.5	43917	2664	42585	414391	9.44
1965-1969	74	0.06656	0.06441	0.5	41253	2657	39925	371806	9.01
1965-1969	75	0.07368	0.07107	0.5	38596	2743	37224	331882	8.60
1965-1969	76	0.07826	0.07532	0.5	35853	2700	34503	294657	8.22
1965-1969	77	0.08787	0.08417	0.5	33153	2790	31758	260154	7.85
1965-1969	78	0.08773	0.08405	0.5	30362	2552	29086	228397	7.52
1965-1969	79	0.09319	0.08904	0.5	27811	2476	26572	199310	7.17
1965-1969	80	0.09745	0.09292	0.5	25334	2354	24157	172738	6.82
1965-1969	81	0.10535	0.10008	0.5	22980	2300	21830	148580	6.47
1965-1969	82	0.11382	0.10769	0.5	20680	2227	19567	126750	6.13
1965-1969	83	0.12288	0.11577	0.5	18453	2136	17385	107183	5.81
1965-1969	84	0.13255	0.12431	0.5	16317	2028	15303	89798	5.50
1965-1969	85	0.14285	0.13333	0.5	14289	1905	13336	74495	5.21
1965-1969	86	0.15382	0.14283	0.5	12383	1769	11499	61159	4.94
1965-1969	87	0.16546	0.15282	0.5	10615	1622	9804	49660	4.68
1965-1969	88	0.17781	0.16329	0.5	8993	1468	8258	39856	4.43
1965-1969	89	0.19086	0.17423	0.5	7524	1311	6869	31598	4.20
1965-1969	90	0.20463	0.18563	0.5	6213	1153	5637	24729	3.98
1965-1969	91	0.21912	0.19748	0.5	5060	999	4560	19093	3.77
1965-1969	92	0.23434	0.20976	0.5	4061	852	3635	14533	3.58
1965-1969	93	0.25028	0.22244	0.5	3209	714	2852	10898	3.40
1965-1969	94	0.26692	0.23549	0.5	2495	588	2201	8046	3.22
1965-1969	95	0.28425	0.24888	0.5	1908	475	1670	5845	3.06
1965-1969	96	0.30224	0.26256	0.5	1433	376	1245	4174	2.91
1965-1969	97	0.32086	0.27650	0.5	1057	292	911	2930	2.77
1965-1969	98	0.34007	0.29065	0.5	764	222	653	2019	2.64
1965-1969	99	0.35982	0.30495	0.5	542	165	460	1366	2.52
1965-1969	100	0.38005	0.31936	0.5	377	120	317	906	2.40
1965-1969	101	0.40071	0.33383	0.5	257	86	214	590	2.30
1965-1969	102	0.42173	0.34829	0.5	171	60	141	376	2.20
1965-1969	103	0.44304	0.36270	0.5	111	40	91	235	2.11
1965-1969	104	0.46456	0.37699	0.5	71	27	58	144	2.02
1965-1969	105	0.48621	0.39113	0.5	44	17	36	86	1.95
1965-1969	106	0.50791	0.40505	0.5	27	11	21	50	1.88
1965-1969	107	0.52959	0.41871	0.5	16	7	13	29	1.81
1965-1969	108	0.55115	0.43208	0.5	9	4	7	16	1.76
1965-1969	109	0.57252	0.44511	0.5	5	2	4	9	1.71
1965-1969	110+	0.59363	1.00000	1.68	3	3	5	5	1.68
1970-1974	0	0.01902	0.01870	0.1	100000	1870	98310	6765054	67.65
1970-1974	1	0.00175	0.00175	0.5	98130	171	98044	6666744	67.94
1970-1974	2	0.00131	0.00130	0.5	97959	128	97895	6568700	67.06
1970-1974	3	0.00116	0.00116	0.5	97831	114	97774	6470806	66.14
1970-1974	4	0.00073	0.00073	0.5	97717	71	97681	6373032	65.22
1970-1974	5	0.00074	0.00074	0.5	97646	72	97610	6275350	64.27
1970-1974	6	0.00062	0.00062	0.5	97574	61	97544	6177740	63.31
1970-1974	7	0.00052	0.00052	0.5	97513	50	97488	6080197	62.35
1970-1974	8	0.00041	0.00040	0.5	97463	39	97443	5982709	61.38
1970-1974	9	0.00044	0.00044	0.5	97424	43	97402	5885265	60.41
1970-1974	10	0.00054	0.00054	0.5	97381	52	97355	5787863	59.44
1970-1974	11	0.00050	0.00050	0.5	97329	48	97304	5690508	58.47
1970-1974	12	0.00045	0.00045	0.5	97280	43	97259	5593204	57.50
1970-1974	13	0.00072	0.00072	0.5	97237	70	97202	5495945	56.52
1970-1974	14	0.00068	0.00068	0.5	97167	66	97134	5398743	55.56
1970-1974	15	0.00111	0.00111	0.5	97101	107	97047	5301609	54.60
1970-1974	16	0.00163	0.00163	0.5	96993	158	96914	5204562	53.66
1970-1974	17	0.00192	0.00192	0.5	96835	186	96742	5107648	52.75
1970-1974	18	0.00239	0.00238	0.5	96649	230	96534	5010906	51.85
1970-1974	19	0.00320	0.00319	0.5	96419	308	96265	4914372	50.97
1970-1974	20	0.00313	0.00312	0.5	96111	300	95961	4818107	50.13
1970-1974	21	0.00249	0.00248	0.5	95810	238	95691	4722146	49.29
1970-1974	22	0.00304	0.00304	0.5	95572	290	95427	4626455	48.41
1970-1974	23	0.00309	0.00309	0.5	95282	294	95135	4531027	47.55
1970-1974	24	0.00239	0.00238	0.5	94988	226	94875	4435892	46.70
1970-1974	25	0.00288	0.00288	0.5	94761	272	94625	4341018	45.81
1970-1974	26	0.00239	0.00239	0.5	94489	226	94376	4246392	44.94
1970-1974	27	0.00243	0.00243	0.5	94263	229	94149	4152016	44.05
1970-1974	28	0.00231	0.00231	0.5	94034	217	93926	4057868	43.15
1970-1974	29	0.00257	0.00257	0.5	93817	241	93697	3963942	42.25
1970-1974	30	0.00254	0.00254	0.5	93576	238	93457	3870245	41.36
1970-1974	31	0.00263	0.00263	0.5	93338	245	93216	3776788	40.46
1970-1974	32	0.00251	0.00251	0.5	93093	233	92977	3683572	39.57
1970-1974	33	0.00302	0.00301	0.5	92860	280	92720	3590596	38.67
1970-1974	34	0.00301	0.00301	0.5	92580	278	92441	3497876	37.78
1970-1974	35	0.00310	0.00309	0.5	92302	285	92159	3405435	36.89
1970-1974	36	0.00287	0.00287	0.5	92017	264	91885	3313276	36.01
1970-1974	37	0.00333	0.00332	0.5	91752	305	91600	3221391	35.11
1970-1974	38	0.00339	0.00338	0.5	91448	309	91293	3129791	34.22
1970-1974	39	0.00389	0.00388	0.5	91139	354	90962	3038498	33.34
1970-1974	40	0.00417	0.00417	0.5	90785	378	90596	2947536	32.47
1970-1974	41	0.00470	0.00469	0.5	90407	424	90194	2856940	31.60
1970-1974	42	0.00469	0.00468	0.5	89982	421	89772	2766746	30.75
1970-1974	43	0.00478	0.00477	0.5	89561	427	89347	2676974	29.89
1970-1974	44	0.00632	0.00630	0.5	89134	561	88853	2587627	29.03
1970-1974	45	0.00633	0.00631	0.5	88572	559	88293	2498774	28.21
1970-1974	46	0.00735	0.00733	0.5	88014	645	87691	2410481	27.39
1970-1974	47	0.00720	0.00717	0.5	87369	627	87056	2322790	26.59
1970-1974	48	0.00830	0.00827	0.5	86742	717	86384	2235734	25.77
1970-1974	49	0.00865	0.00861	0.5	86025	741	85654	2149351	24.99
1970-1974	50	0.00915	0.00910	0.5	85284	776	84896	2063696	24.20
1970-1974	51	0.01061	0.01055	0.5	84508	892	84062	1978801	23.42
1970-1974	52	0.01059	0.01054	0.5	83616	881	83175	1894739	22.66
1970-1974	53	0.01146	0.01140	0.5	82735	943	82263	1811564	21.90
1970-1974	54	0.01451	0.01440	0.5	81792	1178	81203	1729301	21.14
1970-1974	55	0.01550	0.01538	0.5	80613	1240	79993	1648098	20.44
1970-1974	56	0.01620	0.01607	0.5	79373	1275	78736	1568105	19.76
1970-1974	57	0.01766	0.01751	0.5	78098	1367	77414	1489369	19.07
1970-1974	58	0.01809	0.01793	0.5	76731	1376	76043	1411955	18.40
1970-1974	59	0.02092	0.02070	0.5	75355	1560	74575	1335912	17.73
1970-1974	60	0.02265	0.02240	0.5	73795	1653	72969	1261337	17.09
1970-1974	61	0.02423	0.02394	0.5	72142	1727	71278	1188368	16.47
1970-1974	62	0.02508	0.02477	0.5	70415	1744	69543	1117090	15.86
1970-1974	63	0.02784	0.02746	0.5	68671	1886	67728	1047547	15.25
1970-1974	64	0.02899	0.02857	0.5	66785	1908	65831	979819	14.67
1970-1974	65	0.03050	0.03004	0.5	64877	1949	63902	913988	14.09
1970-1974	66	0.03357	0.03301	0.5	62928	2078	61889	850085	13.51
1970-1974	67	0.03626	0.03562	0.5	60850	2167	59767	788196	12.95
1970-1974	68	0.03687	0.03620	0.5	58683	2125	57621	728430	12.41
1970-1974	69	0.04189	0.04104	0.5	56559	2321	55398	670809	11.86
1970-1974	70	0.04281	0.04191	0.5	54238	2273	53101	615411	11.35
1970-1974	71	0.04748	0.04637	0.5	51964	2410	50759	562310	10.82
1970-1974	72	0.05382	0.05241	0.5	49554	2597	48256	511550	10.32
1970-1974	73	0.05522	0.05374	0.5	46957	2523	45696	463294	9.87
1970-1974	74	0.06000	0.05825	0.5	44434	2588	43140	417599	9.40
1970-1974	75	0.06567	0.06358	0.5	41846	2661	40516	374459	8.95
1970-1974	76	0.07230	0.06978	0.5	39185	2734	37818	333943	8.52
1970-1974	77	0.07529	0.07255	0.5	36451	2645	35129	296125	8.12
1970-1974	78	0.08480	0.08135	0.5	33806	2750	32431	260996	7.72
1970-1974	79	0.09274	0.08863	0.5	31056	2753	29680	228565	7.36
1970-1974	80	0.09319	0.08904	0.5	28303	2520	27043	198885	7.03
1970-1974	81	0.10079	0.09595	0.5	25783	2474	24546	171842	6.66
1970-1974	82	0.10893	0.10330	0.5	23309	2408	22105	147296	6.32
1970-1974	83	0.11765	0.11111	0.5	20902	2322	19740	125190	5.99
1970-1974	84	0.12696	0.11938	0.5	18579	2218	17470	105450	5.68
1970-1974	85	0.13690	0.12813	0.5	16361	2096	15313	87980	5.38
1970-1974	86	0.14748	0.13735	0.5	14265	1959	13285	72667	5.09
1970-1974	87	0.15873	0.14706	0.5	12306	1810	11401	59381	4.83
1970-1974	88	0.17067	0.15725	0.5	10496	1650	9671	47981	4.57
1970-1974	89	0.18331	0.16792	0.5	8845	1485	8103	38310	4.33
1970-1974	90	0.19666	0.17906	0.5	7360	1318	6701	30207	4.10
1970-1974	91	0.21074	0.19065	0.5	6042	1152	5466	23506	3.89
1970-1974	92	0.22554	0.20268	0.5	4890	991	4395	18040	3.69
1970-1974	93	0.24106	0.21513	0.5	3899	839	3480	13645	3.50
1970-1974	94	0.25730	0.22797	0.5	3060	698	2711	10166	3.32
1970-1974	95	0.27423	0.24116	0.5	2363	570	2078	7454	3.15
1970-1974	96	0.29184	0.25468	0.5	1793	457	1565	5376	3.00
1970-1974	97	0.31010	0.26847	0.5	1336	359	1157	3812	2.85
1970-1974	98	0.32897	0.28250	0.5	977	276	839	2655	2.72
1970-1974	99	0.34841	0.29672	0.5	701	208	597	1815	2.59
1970-1974	100	0.36837	0.31107	0.5	493	153	417	1218	2.47
1970-1974	101	0.38878	0.32551	0.5	340	111	285	802	2.36
1970-1974	102	0.40960	0.33997	0.5	229	78	190	517	2.26
1970-1974	103	0.43074	0.35441	0.5	151	54	124	327	2.16
1970-1974	104	0.45214	0.36877	0.5	98	36	80	202	2.07
1970-1974	105	0.47372	0.38300	0.5	62	24	50	123	1.99
1970-1974	106	0.49540	0.39705	0.5	38	15	30	73	1.92
1970-1974	107	0.51709	0.41087	0.5	23	9	18	42	1.85
1970-1974	108	0.53872	0.42441	0.5	14	6	11	24	1.79
1970-1974	109	0.56021	0.43763	0.5	8	3	6	14	1.75
1970-1974	110+	0.58147	1.00000	1.72	4	4	8	8	1.72
1975-1979	0	0.01632	0.01608	0.09	100000	1608	98534	6987711	69.88
1975-1979	1	0.00181	0.00181	0.5	98392	178	98303	6889177	70.02
1975-1979	2	0.00104	0.00104	0.5	98214	102	98163	6790874	69.14
1975-1979	3	0.00094	0.00094	0.5	98112	92	98066	6692711	68.22
1975-1979	4	0.00054	0.00054	0.5	98019	53	97993	6594646	67.28
1975-1979	5	0.00067	0.00067	0.5	97966	66	97934	6496653	66.32
1975-1979	6	0.00050	0.00050	0.5	97901	49	97876	6398719	65.36
1975-1979	7	0.00041	0.00041	0.5	97852	40	97832	6300843	64.39
1975-1979	8	0.00047	0.00047	0.5	97811	46	97788	6203011	63.42
1975-1979	9	0.00032	0.00032	0.5	97765	32	97749	6105223	62.45
1975-1979	10	0.00050	0.00050	0.5	97734	48	97709	6007474	61.47
1975-1979	11	0.00041	0.00041	0.5	97685	40	97665	5909764	60.50
1975-1979	12	0.00045	0.00045	0.5	97645	44	97623	5812099	59.52
1975-1979	13	0.00065	0.00065	0.5	97601	64	97569	5714476	58.55
1975-1979	14	0.00080	0.00080	0.5	97537	78	97498	5616907	57.59
1975-1979	15	0.00096	0.00096	0.5	97459	93	97412	5519409	56.63
1975-1979	16	0.00139	0.00139	0.5	97366	135	97298	5421997	55.69
1975-1979	17	0.00171	0.00171	0.5	97231	166	97148	5324698	54.76
1975-1979	18	0.00229	0.00229	0.5	97065	222	96954	5227551	53.86
1975-1979	19	0.00258	0.00258	0.5	96843	249	96718	5130597	52.98
1975-1979	20	0.00264	0.00264	0.5	96593	255	96466	5033879	52.11
1975-1979	21	0.00242	0.00242	0.5	96339	233	96222	4937413	51.25
1975-1979	22	0.00254	0.00253	0.5	96105	244	95984	4841191	50.37
1975-1979	23	0.00268	0.00267	0.5	95862	256	95734	4745208	49.50
1975-1979	24	0.00274	0.00274	0.5	95606	262	95475	4649474	48.63
1975-1979	25	0.00250	0.00250	0.5	95344	239	95224	4553999	47.76
1975-1979	26	0.00237	0.00237	0.5	95105	225	94993	4458775	46.88
1975-1979	27	0.00216	0.00216	0.5	94880	205	94778	4363783	45.99
1975-1979	28	0.00241	0.00240	0.5	94675	228	94561	4269005	45.09
1975-1979	29	0.00234	0.00233	0.5	94447	220	94337	4174444	44.20
1975-1979	30	0.00239	0.00239	0.5	94227	225	94115	4080106	43.30
1975-1979	31	0.00237	0.00236	0.5	94002	222	93891	3985992	42.40
1975-1979	32	0.00227	0.00227	0.5	93780	213	93674	3892101	41.50
1975-1979	33	0.00242	0.00241	0.5	93567	226	93454	3798427	40.60
1975-1979	34	0.00232	0.00232	0.5	93341	216	93233	3704973	39.69
1975-1979	35	0.00256	0.00256	0.5	93125	238	93006	3611740	38.78
1975-1979	36	0.00289	0.00289	0.5	92887	268	92753	3518734	37.88
1975-1979	37	0.00262	0.00262	0.5	92619	242	92497	3425981	36.99
1975-1979	38	0.00321	0.00320	0.5	92376	296	92228	3333484	36.09
1975-1979	39	0.00340	0.00340	0.5	92080	313	91924	3241255	35.20
1975-1979	40	0.00365	0.00365	0.5	91767	335	91600	3149331	34.32
1975-1979	41	0.00367	0.00366	0.5	91433	335	91265	3057731	33.44
1975-1979	42	0.00415	0.00414	0.5	91098	378	90909	2966466	32.56
1975-1979	43	0.00403	0.00402	0.5	90721	365	90538	2875556	31.70
1975-1979	44	0.00452	0.00451	0.5	90356	408	90152	2785018	30.82
1975-1979	45	0.00515	0.00514	0.5	89948	462	89717	2694866	29.96
1975-1979	46	0.00533	0.00531	0.5	89486	475	89248	2605149	29.11
1975-1979	47	0.00563	0.00561	0.5	89010	499	88761	2515901	28.27
1975-1979	48	0.00637	0.00635	0.5	88511	562	88230	2427141	27.42
1975-1979	49	0.00732	0.00729	0.5	87949	641	87628	2338911	26.59
1975-1979	50	0.00784	0.00781	0.5	87308	682	86967	2251282	25.79
1975-1979	51	0.00921	0.00917	0.5	86626	795	86229	2164315	24.98
1975-1979	52	0.00935	0.00931	0.5	85831	799	85432	2078087	24.21
1975-1979	53	0.01042	0.01037	0.5	85032	882	84591	1992655	23.43
1975-1979	54	0.01136	0.01130	0.5	84151	951	83675	1908063	22.67
1975-1979	55	0.01232	0.01224	0.5	83200	1019	82690	1824388	21.93
1975-1979	56	0.01281	0.01273	0.5	82181	1046	81658	1741698	21.19
1975-1979	57	0.01372	0.01363	0.5	81135	1106	80582	1660040	20.46
1975-1979	58	0.01558	0.01546	0.5	80029	1237	79411	1579457	19.74
1975-1979	59	0.01542	0.01531	0.5	78792	1206	78189	1500047	19.04
1975-1979	60	0.01680	0.01666	0.5	77586	1293	76940	1421857	18.33
1975-1979	61	0.01959	0.01940	0.5	76293	1480	75554	1344918	17.63
1975-1979	62	0.02146	0.02124	0.5	74814	1589	74019	1269364	16.97
1975-1979	63	0.02408	0.02380	0.5	73225	1743	72354	1195345	16.32
1975-1979	64	0.02508	0.02477	0.5	71482	1771	70597	1122991	15.71
1975-1979	65	0.02477	0.02447	0.5	69712	1706	68859	1052394	15.10
1975-1979	66	0.02803	0.02764	0.5	68006	1880	67066	983536	14.46
1975-1979	67	0.03119	0.03071	0.5	66126	2031	65111	916470	13.86
1975-1979	68	0.03247	0.03195	0.5	64095	2048	63071	851359	13.28
1975-1979	69	0.03592	0.03528	0.5	62047	2189	60953	788288	12.70
1975-1979	70	0.03897	0.03822	0.5	59858	2288	58714	727335	12.15
1975-1979	71	0.04165	0.04080	0.5	57570	2349	56396	668621	11.61
1975-1979	72	0.04414	0.04319	0.5	55221	2385	54029	612225	11.09
1975-1979	73	0.04513	0.04413	0.5	52836	2332	51670	558197	10.56
1975-1979	74	0.05072	0.04946	0.5	50504	2498	49255	506526	10.03
1975-1979	75	0.05685	0.05528	0.5	48006	2654	46680	457271	9.53
1975-1979	76	0.05664	0.05508	0.5	45353	2498	44104	410591	9.05
1975-1979	77	0.06555	0.06347	0.5	42855	2720	41495	366488	8.55
1975-1979	78	0.07791	0.07499	0.5	40135	3010	38630	324993	8.10
1975-1979	79	0.07855	0.07558	0.5	37125	2806	35722	286363	7.71
1975-1979	80	0.08743	0.08377	0.5	34319	2875	32882	250640	7.30
1975-1979	81	0.09523	0.09090	0.5	31444	2858	30015	217759	6.93
1975-1979	82	0.10298	0.09793	0.5	28586	2800	27186	187744	6.57
1975-1979	83	0.11128	0.10541	0.5	25786	2718	24427	160558	6.23
1975-1979	84	0.12016	0.11335	0.5	23068	2615	21761	136130	5.90
1975-1979	85	0.12964	0.12175	0.5	20453	2490	19208	114370	5.59
1975-1979	86	0.13975	0.13063	0.5	17963	2346	16790	95161	5.30
1975-1979	87	0.15052	0.13999	0.5	15617	2186	14524	78371	5.02
1975-1979	88	0.16196	0.14983	0.5	13431	2012	12425	63848	4.75
1975-1979	89	0.17409	0.16015	0.5	11418	1829	10504	51423	4.50
1975-1979	90	0.18693	0.17095	0.5	9590	1639	8770	40919	4.27
1975-1979	91	0.20048	0.18222	0.5	7950	1449	7226	32149	4.04
1975-1979	92	0.21476	0.19394	0.5	6502	1261	5871	24923	3.83
1975-1979	93	0.22976	0.20609	0.5	5241	1080	4701	19052	3.64
1975-1979	94	0.24549	0.21865	0.5	4161	910	3706	14351	3.45
1975-1979	95	0.26192	0.23159	0.5	3251	753	2875	10645	3.27
1975-1979	96	0.27904	0.24488	0.5	2498	612	2192	7771	3.11
1975-1979	97	0.29684	0.25847	0.5	1886	488	1643	5579	2.96
1975-1979	98	0.31527	0.27234	0.5	1399	381	1208	3936	2.81
1975-1979	99	0.33430	0.28643	0.5	1018	292	872	2728	2.68
1975-1979	100	0.35389	0.30069	0.5	726	218	617	1856	2.56
1975-1979	101	0.37398	0.31507	0.5	508	160	428	1239	2.44
1975-1979	102	0.39452	0.32952	0.5	348	115	291	811	2.33
1975-1979	103	0.41544	0.34398	0.5	233	80	193	520	2.23
1975-1979	104	0.43666	0.35841	0.5	153	55	126	327	2.14
1975-1979	105	0.45812	0.37274	0.5	98	37	80	201	2.05
1975-1979	106	0.47974	0.38692	0.5	62	24	50	122	1.97
1975-1979	107	0.50143	0.40091	0.5	38	15	30	72	1.90
1975-1979	108	0.52311	0.41466	0.5	23	9	18	42	1.84
1975-1979	109	0.54471	0.42811	0.5	13	6	10	24	1.80
1975-1979	110+	0.56615	1.00000	1.77	8	8	13	13	1.77
1980-1984	0	0.01206	0.01193	0.08	100000	1193	98900	7132385	71.32
1980-1984	1	0.00132	0.00132	0.5	98807	130	98742	7033486	71.18
1980-1984	2	0.00101	0.00101	0.5	98677	100	98628	6934743	70.28
1980-1984	3	0.00059	0.00059	0.5	98578	58	98549	6836116	69.35
1980-1984	4	0.00060	0.00060	0.5	98520	59	98491	6737567	68.39
1980-1984	5	0.00048	0.00048	0.5	98461	47	98438	6639076	67.43
1980-1984	6	0.00043	0.00043	0.5	98414	42	98393	6540639	66.46
1980-1984	7	0.00044	0.00044	0.5	98372	43	98350	6442246	65.49
1980-1984	8	0.00047	0.00047	0.5	98329	46	98306	6343895	64.52
1980-1984	9	0.00034	0.00034	0.5	98283	33	98266	6245589	63.55
1980-1984	10	0.00042	0.00041	0.5	98249	41	98229	6147323	62.57
1980-1984	11	0.00034	0.00034	0.5	98209	33	98192	6049094	61.59
1980-1984	12	0.00029	0.00029	0.5	98176	29	98161	5950902	60.61
1980-1984	13	0.00037	0.00037	0.5	98147	36	98129	5852741	59.63
1980-1984	14	0.00065	0.00064	0.5	98111	63	98079	5754612	58.65
1980-1984	15	0.00083	0.00083	0.5	98048	81	98007	5656532	57.69
1980-1984	16	0.00118	0.00118	0.5	97967	116	97909	5558525	56.74
1980-1984	17	0.00145	0.00145	0.5	97851	142	97780	5460616	55.81
1980-1984	18	0.00182	0.00182	0.5	97709	178	97621	5362836	54.89
1980-1984	19	0.00206	0.00206	0.5	97532	201	97431	5265215	53.98
1980-1984	20	0.00191	0.00191	0.5	97331	186	97238	5167784	53.09
1980-1984	21	0.00213	0.00213	0.5	97146	207	97042	5070545	52.20
1980-1984	22	0.00202	0.00202	0.5	96939	196	96841	4973503	51.31
1980-1984	23	0.00214	0.00214	0.5	96743	207	96639	4876663	50.41
1980-1984	24	0.00186	0.00186	0.5	96536	179	96446	4780023	49.52
1980-1984	25	0.00192	0.00192	0.5	96357	185	96264	4683577	48.61
1980-1984	26	0.00186	0.00186	0.5	96172	179	96082	4587313	47.70
1980-1984	27	0.00191	0.00191	0.5	95993	183	95901	4491231	46.79
1980-1984	28	0.00219	0.00219	0.5	95809	210	95705	4395329	45.88
1980-1984	29	0.00191	0.00191	0.5	95600	182	95508	4299625	44.98
1980-1984	30	0.00184	0.00184	0.5	95417	176	95329	4204117	44.06
1980-1984	31	0.00197	0.00197	0.5	95242	188	95148	4108787	43.14
1980-1984	32	0.00192	0.00192	0.5	95054	183	94962	4013640	42.22
1980-1984	33	0.00206	0.00206	0.5	94871	195	94773	3918677	41.31
1980-1984	34	0.00219	0.00219	0.5	94676	207	94572	3823904	40.39
1980-1984	35	0.00203	0.00203	0.5	94469	192	94373	3729331	39.48
1980-1984	36	0.00248	0.00248	0.5	94277	234	94160	3634959	38.56
1980-1984	37	0.00234	0.00234	0.5	94043	220	93933	3540799	37.65
1980-1984	38	0.00257	0.00257	0.5	93823	241	93702	3446866	36.74
1980-1984	39	0.00253	0.00252	0.5	93582	236	93464	3353164	35.83
1980-1984	40	0.00300	0.00300	0.5	93346	280	93206	3259700	34.92
1980-1984	41	0.00319	0.00318	0.5	93066	296	92918	3166494	34.02
1980-1984	42	0.00318	0.00318	0.5	92770	295	92622	3073576	33.13
1980-1984	43	0.00354	0.00353	0.5	92475	327	92312	2980954	32.24
1980-1984	44	0.00327	0.00326	0.5	92148	301	91998	2888642	31.35
1980-1984	45	0.00441	0.00440	0.5	91848	404	91646	2796644	30.45
1980-1984	46	0.00520	0.00519	0.5	91444	475	91207	2704998	29.58
1980-1984	47	0.00552	0.00551	0.5	90969	501	90719	2613791	28.73
1980-1984	48	0.00562	0.00560	0.5	90468	507	90215	2523073	27.89
1980-1984	49	0.00607	0.00605	0.5	89962	544	89689	2432858	27.04
1980-1984	50	0.00633	0.00631	0.5	89417	564	89135	2343168	26.20
1980-1984	51	0.00797	0.00794	0.5	88853	705	88501	2254033	25.37
1980-1984	52	0.00850	0.00846	0.5	88148	746	87775	2165532	24.57
1980-1984	53	0.00883	0.00879	0.5	87402	769	87018	2077757	23.77
1980-1984	54	0.01048	0.01043	0.5	86633	904	86182	1990739	22.98
1980-1984	55	0.01120	0.01114	0.5	85730	955	85252	1904558	22.22
1980-1984	56	0.01228	0.01220	0.5	84775	1035	84258	1819305	21.46
1980-1984	57	0.01347	0.01338	0.5	83740	1120	83180	1735048	20.72
1980-1984	58	0.01488	0.01477	0.5	82620	1220	82010	1651867	19.99
1980-1984	59	0.01660	0.01646	0.5	81400	1340	80730	1569857	19.29
1980-1984	60	0.01647	0.01633	0.5	80060	1308	79406	1489127	18.60
1980-1984	61	0.01785	0.01769	0.5	78752	1393	78056	1409721	17.90
1980-1984	62	0.01983	0.01963	0.5	77359	1519	76600	1331665	17.21
1980-1984	63	0.02159	0.02136	0.5	75841	1620	75031	1255065	16.55
1980-1984	64	0.02229	0.02204	0.5	74221	1636	73403	1180034	15.90
1980-1984	65	0.02439	0.02410	0.5	72585	1749	71710	1106632	15.25
1980-1984	66	0.02615	0.02582	0.5	70835	1829	69921	1034922	14.61
1980-1984	67	0.02825	0.02786	0.5	69007	1922	68046	965001	13.98
1980-1984	68	0.03120	0.03072	0.5	67084	2061	66054	896955	13.37
1980-1984	69	0.03395	0.03339	0.5	65023	2171	63938	830901	12.78
1980-1984	70	0.03602	0.03538	0.5	62852	2224	61740	766964	12.20
1980-1984	71	0.04006	0.03927	0.5	60628	2381	59438	705223	11.63
1980-1984	72	0.04057	0.03977	0.5	58247	2316	57089	645785	11.09
1980-1984	73	0.04714	0.04605	0.5	55931	2576	54643	588696	10.53
1980-1984	74	0.05084	0.04958	0.5	53355	2645	52033	534053	10.01
1980-1984	75	0.05439	0.05295	0.5	50710	2685	49368	482020	9.51
1980-1984	76	0.05924	0.05754	0.5	48025	2763	46643	432653	9.01
1980-1984	77	0.06538	0.06331	0.5	45262	2866	43829	386010	8.53
1980-1984	78	0.06769	0.06547	0.5	42396	2776	41008	342181	8.07
1980-1984	79	0.07676	0.07392	0.5	39620	2929	38156	301173	7.60
1980-1984	80	0.08753	0.08386	0.5	36691	3077	35153	263017	7.17
1980-1984	81	0.09533	0.09099	0.5	33614	3059	32085	227864	6.78
1980-1984	82	0.10374	0.09862	0.5	30556	3014	29049	195779	6.41
1980-1984	83	0.11280	0.10678	0.5	27542	2941	26072	166729	6.05
1980-1984	84	0.12255	0.11547	0.5	24601	2841	23181	140658	5.72
1980-1984	85	0.13301	0.12471	0.5	21761	2714	20404	117476	5.40
1980-1984	86	0.14422	0.13452	0.5	19047	2562	17766	97073	5.10
1980-1984	87	0.15620	0.14488	0.5	16485	2388	15291	79307	4.81
1980-1984	88	0.16898	0.15581	0.5	14096	2196	12998	64016	4.54
1980-1984	89	0.18258	0.16731	0.5	11900	1991	10905	51018	4.29
1980-1984	90	0.19701	0.17935	0.5	9909	1777	9020	40114	4.05
1980-1984	91	0.21230	0.19192	0.5	8132	1561	7352	31093	3.82
1980-1984	92	0.22842	0.20501	0.5	6571	1347	5898	23742	3.61
1980-1984	93	0.24540	0.21858	0.5	5224	1142	4653	17844	3.42
1980-1984	94	0.26320	0.23259	0.5	4082	949	3607	13191	3.23
1980-1984	95	0.28181	0.24701	0.5	3133	774	2746	9583	3.06
1980-1984	96	0.30120	0.26178	0.5	2359	618	2050	6838	2.90
1980-1984	97	0.32133	0.27685	0.5	1741	482	1500	4787	2.75
1980-1984	98	0.34214	0.29216	0.5	1259	368	1075	3287	2.61
1980-1984	99	0.36359	0.30766	0.5	891	274	754	2212	2.48
1980-1984	100	0.38558	0.32326	0.5	617	199	517	1458	2.36
1980-1984	101	0.40806	0.33891	0.5	418	142	347	940	2.25
1980-1984	102	0.43092	0.35453	0.5	276	98	227	593	2.15
1980-1984	103	0.45408	0.37006	0.5	178	66	145	366	2.05
1980-1984	104	0.47745	0.38543	0.5	112	43	91	221	1.97
1980-1984	105	0.50091	0.40058	0.5	69	28	55	130	1.89
1980-1984	106	0.52437	0.41545	0.5	41	17	33	75	1.82
1980-1984	107	0.54772	0.42997	0.5	24	10	19	42	1.75
1980-1984	108	0.57086	0.44410	0.5	14	6	11	23	1.70
1980-1984	109	0.59370	0.45780	0.5	8	4	6	13	1.65
1980-1984	110+	0.61614	1.00000	1.62	4	4	7	7	1.62
1985-1989	0	0.01125	0.01113	0.08	100000	1113	98970	7202964	72.03
1985-1989	1	0.00131	0.00130	0.5	98887	129	98822	7103994	71.84
1985-1989	2	0.00088	0.00088	0.5	98758	87	98714	7005172	70.93
1985-1989	3	0.00062	0.00062	0.5	98671	62	98640	6906457	69.99
1985-1989	4	0.00050	0.00050	0.5	98609	49	98585	6807817	69.04
1985-1989	5	0.00038	0.00038	0.5	98561	38	98542	6709232	68.07
1985-1989	6	0.00039	0.00039	0.5	98523	38	98503	6610691	67.10
1985-1989	7	0.00025	0.00025	0.5	98484	24	98472	6512187	66.12
1985-1989	8	0.00037	0.00037	0.5	98460	37	98442	6413715	65.14
1985-1989	9	0.00029	0.00029	0.5	98423	28	98409	6315273	64.16
1985-1989	10	0.00031	0.00031	0.5	98395	30	98380	6216864	63.18
1985-1989	11	0.00028	0.00028	0.5	98365	28	98351	6118484	62.20
1985-1989	12	0.00035	0.00035	0.5	98337	34	98320	6020133	61.22
1985-1989	13	0.00047	0.00047	0.5	98303	46	98280	5921813	60.24
1985-1989	14	0.00057	0.00057	0.5	98257	56	98229	5823533	59.27
1985-1989	15	0.00070	0.00069	0.5	98202	68	98168	5725303	58.30
1985-1989	16	0.00128	0.00128	0.5	98133	126	98071	5627136	57.34
1985-1989	17	0.00150	0.00150	0.5	98008	147	97934	5529065	56.41
1985-1989	18	0.00177	0.00177	0.5	97861	173	97774	5431131	55.50
1985-1989	19	0.00189	0.00189	0.5	97687	184	97595	5333357	54.60
1985-1989	20	0.00176	0.00176	0.5	97503	171	97417	5235762	53.70
1985-1989	21	0.00185	0.00185	0.5	97332	180	97242	5138345	52.79
1985-1989	22	0.00204	0.00204	0.5	97151	198	97052	5041103	51.89
1985-1989	23	0.00204	0.00203	0.5	96953	197	96855	4944050	50.99
1985-1989	24	0.00205	0.00205	0.5	96756	198	96657	4847196	50.10
1985-1989	25	0.00181	0.00180	0.5	96558	174	96471	4750538	49.20
1985-1989	26	0.00188	0.00188	0.5	96384	181	96293	4654067	48.29
1985-1989	27	0.00184	0.00183	0.5	96203	176	96114	4557774	47.38
1985-1989	28	0.00207	0.00207	0.5	96026	198	95927	4461660	46.46
1985-1989	29	0.00202	0.00202	0.5	95828	193	95731	4365733	45.56
1985-1989	30	0.00204	0.00204	0.5	95634	195	95537	4270002	44.65
1985-1989	31	0.00224	0.00223	0.5	95440	213	95333	4174465	43.74
1985-1989	32	0.00214	0.00214	0.5	95227	204	95125	4079132	42.84
1985-1989	33	0.00228	0.00227	0.5	95023	216	94915	3984007	41.93
1985-1989	34	0.00223	0.00223	0.5	94807	211	94701	3889092	41.02
1985-1989	35	0.00279	0.00279	0.5	94596	264	94464	3794391	40.11
1985-1989	36	0.00248	0.00248	0.5	94332	234	94215	3699926	39.22
1985-1989	37	0.00251	0.00251	0.5	94098	236	93980	3605711	38.32
1985-1989	38	0.00311	0.00310	0.5	93862	291	93716	3511731	37.41
1985-1989	39	0.00268	0.00267	0.5	93571	250	93446	3418015	36.53
1985-1989	40	0.00275	0.00275	0.5	93321	256	93193	3324569	35.63
1985-1989	41	0.00337	0.00336	0.5	93065	313	92908	3231376	34.72
1985-1989	42	0.00347	0.00347	0.5	92752	322	92591	3138468	33.84
1985-1989	43	0.00329	0.00329	0.5	92430	304	92278	3045877	32.95
1985-1989	44	0.00369	0.00368	0.5	92127	339	91957	2953598	32.06
1985-1989	45	0.00420	0.00419	0.5	91787	384	91595	2861642	31.18
1985-1989	46	0.00474	0.00473	0.5	91403	432	91187	2770046	30.31
1985-1989	47	0.00467	0.00466	0.5	90971	424	90759	2678860	29.45
1985-1989	48	0.00565	0.00564	0.5	90547	510	90291	2588101	28.58
1985-1989	49	0.00576	0.00575	0.5	90036	517	89777	2497810	27.74
1985-1989	50	0.00641	0.00639	0.5	89519	572	89233	2408032	26.90
1985-1989	51	0.00710	0.00707	0.5	88946	629	88632	2318800	26.07
1985-1989	52	0.00812	0.00808	0.5	88317	714	87960	2230168	25.25
1985-1989	53	0.00819	0.00816	0.5	87603	715	87246	2142207	24.45
1985-1989	54	0.00899	0.00895	0.5	86889	777	86500	2054961	23.65
1985-1989	55	0.01013	0.01008	0.5	86111	868	85677	1968461	22.86
1985-1989	56	0.01059	0.01053	0.5	85243	898	84794	1882784	22.09
1985-1989	57	0.01181	0.01174	0.5	84346	990	83851	1797989	21.32
1985-1989	58	0.01349	0.01340	0.5	83356	1117	82797	1714139	20.56
1985-1989	59	0.01390	0.01380	0.5	82239	1135	81672	1631342	19.84
1985-1989	60	0.01459	0.01449	0.5	81104	1175	80517	1549670	19.11
1985-1989	61	0.01730	0.01715	0.5	79929	1371	79244	1469154	18.38
1985-1989	62	0.01803	0.01787	0.5	78558	1404	77856	1389910	17.69
1985-1989	63	0.01975	0.01956	0.5	77154	1509	76400	1312054	17.01
1985-1989	64	0.02141	0.02118	0.5	75645	1602	74844	1235654	16.33
1985-1989	65	0.02370	0.02343	0.5	74043	1735	73176	1160810	15.68
1985-1989	66	0.02519	0.02488	0.5	72308	1799	71409	1087634	15.04
1985-1989	67	0.02475	0.02445	0.5	70510	1724	69648	1016225	14.41
1985-1989	68	0.02841	0.02801	0.5	68786	1927	67823	946577	13.76
1985-1989	69	0.02978	0.02935	0.5	66859	1962	65878	878754	13.14
1985-1989	70	0.03240	0.03188	0.5	64897	2069	63863	812876	12.53
1985-1989	71	0.03848	0.03775	0.5	62828	2372	61642	749013	11.92
1985-1989	72	0.04123	0.04040	0.5	60456	2442	59235	687371	11.37
1985-1989	73	0.04481	0.04383	0.5	58014	2543	56743	628136	10.83
1985-1989	74	0.04527	0.04427	0.5	55471	2456	54243	571394	10.30
1985-1989	75	0.05165	0.05035	0.5	53016	2669	51681	517150	9.75
1985-1989	76	0.05362	0.05222	0.5	50346	2629	49032	465469	9.25
1985-1989	77	0.06163	0.05979	0.5	47717	2853	46291	416438	8.73
1985-1989	78	0.06979	0.06743	0.5	44864	3025	43351	370147	8.25
1985-1989	79	0.07295	0.07038	0.5	41839	2945	40366	326795	7.81
1985-1989	80	0.08243	0.07917	0.5	38894	3079	37355	286429	7.36
1985-1989	81	0.09010	0.08622	0.5	35815	3088	34271	249074	6.95
1985-1989	82	0.09845	0.09383	0.5	32727	3071	31192	214804	6.56
1985-1989	83	0.10749	0.10201	0.5	29656	3025	28144	183612	6.19
1985-1989	84	0.11724	0.11075	0.5	26631	2949	25156	155469	5.84
1985-1989	85	0.12775	0.12008	0.5	23682	2844	22260	130312	5.50
1985-1989	86	0.13906	0.13002	0.5	20838	2709	19483	108052	5.19
1985-1989	87	0.15119	0.14057	0.5	18129	2548	16854	88569	4.89
1985-1989	88	0.16418	0.15173	0.5	15580	2364	14398	71715	4.60
1985-1989	89	0.17806	0.16350	0.5	13216	2161	12136	57317	4.34
1985-1989	90	0.19283	0.17587	0.5	11055	1944	10083	45181	4.09
1985-1989	91	0.20852	0.18883	0.5	9111	1720	8251	35098	3.85
1985-1989	92	0.22513	0.20235	0.5	7391	1496	6643	26847	3.63
1985-1989	93	0.24266	0.21640	0.5	5895	1276	5257	20204	3.43
1985-1989	94	0.26109	0.23094	0.5	4619	1067	4086	14947	3.24
1985-1989	95	0.28040	0.24592	0.5	3553	874	3116	10861	3.06
1985-1989	96	0.30056	0.26130	0.5	2679	700	2329	7745	2.89
1985-1989	97	0.32153	0.27700	0.5	1979	548	1705	5416	2.74
1985-1989	98	0.34323	0.29296	0.5	1431	419	1221	3711	2.59
1985-1989	99	0.36562	0.30911	0.5	1012	313	855	2490	2.46
1985-1989	100	0.38860	0.32538	0.5	699	227	585	1635	2.34
1985-1989	101	0.41208	0.34168	0.5	472	161	391	1050	2.23
1985-1989	102	0.43598	0.35795	0.5	310	111	255	659	2.12
1985-1989	103	0.46017	0.37410	0.5	199	75	162	404	2.03
1985-1989	104	0.48455	0.39005	0.5	125	49	100	242	1.94
1985-1989	105	0.50901	0.40574	0.5	76	31	61	141	1.86
1985-1989	106	0.53342	0.42111	0.5	45	19	36	81	1.79
1985-1989	107	0.55768	0.43608	0.5	26	11	20	45	1.72
1985-1989	108	0.58166	0.45061	0.5	15	7	11	25	1.66
1985-1989	109	0.60526	0.46465	0.5	8	4	6	13	1.62
1985-1989	110+	0.62838	1.00000	1.59	4	4	7	7	1.59
1990-1994	0	0.00992	0.00983	0.07	100000	983	99087	7269934	72.70
1990-1994	1	0.00095	0.00095	0.5	99017	94	98970	7170846	72.42
1990-1994	2	0.00065	0.00065	0.5	98923	64	98891	7071876	71.49
1990-1994	3	0.00037	0.00037	0.5	98859	36	98841	6972985	70.53
1990-1994	4	0.00043	0.00043	0.5	98823	42	98802	6874144	69.56
1990-1994	5	0.00031	0.00031	0.5	98780	31	98765	6775343	68.59
1990-1994	6	0.00020	0.00020	0.5	98749	19	98740	6676578	67.61
1990-1994	7	0.00027	0.00027	0.5	98730	27	98717	6577838	66.62
1990-1994	8	0.00025	0.00025	0.5	98703	24	98691	6479122	65.64
1990-1994	9	0.00022	0.00022	0.5	98679	22	98668	6380431	64.66
1990-1994	10	0.00032	0.00032	0.5	98657	32	98641	6281763	63.67
1990-1994	11	0.00029	0.00029	0.5	98625	29	98611	6183122	62.69
1990-1994	12	0.00039	0.00039	0.5	98597	39	98577	6084511	61.71
1990-1994	13	0.00045	0.00045	0.5	98558	44	98536	5985934	60.74
1990-1994	14	0.00049	0.00049	0.5	98514	48	98490	5887398	59.76
1990-1994	15	0.00075	0.00075	0.5	98465	74	98429	5788908	58.79
1990-1994	16	0.00125	0.00125	0.5	98392	123	98330	5690480	57.83
1990-1994	17	0.00156	0.00156	0.5	98269	153	98192	5592150	56.91
1990-1994	18	0.00173	0.00173	0.5	98116	170	98031	5493957	55.99
1990-1994	19	0.00173	0.00173	0.5	97946	170	97861	5395926	55.09
1990-1994	20	0.00180	0.00180	0.5	97776	176	97688	5298065	54.19
1990-1994	21	0.00179	0.00178	0.5	97601	174	97513	5200377	53.28
1990-1994	22	0.00186	0.00186	0.5	97426	181	97336	5102863	52.38
1990-1994	23	0.00186	0.00186	0.5	97245	181	97155	5005527	51.47
1990-1994	24	0.00170	0.00170	0.5	97064	165	96982	4908372	50.57
1990-1994	25	0.00195	0.00195	0.5	96899	189	96805	4811391	49.65
1990-1994	26	0.00177	0.00177	0.5	96710	171	96625	4714586	48.75
1990-1994	27	0.00174	0.00174	0.5	96539	168	96455	4617961	47.83
1990-1994	28	0.00215	0.00215	0.5	96371	207	96268	4521506	46.92
1990-1994	29	0.00202	0.00202	0.5	96165	194	96067	4425238	46.02
1990-1994	30	0.00207	0.00206	0.5	95970	198	95871	4329170	45.11
1990-1994	31	0.00211	0.00210	0.5	95772	202	95672	4233299	44.20
1990-1994	32	0.00253	0.00253	0.5	95571	242	95450	4137627	43.29
1990-1994	33	0.00241	0.00241	0.5	95329	230	95214	4042177	42.40
1990-1994	34	0.00249	0.00249	0.5	95100	236	94981	3946963	41.50
1990-1994	35	0.00267	0.00266	0.5	94863	253	94737	3851981	40.61
1990-1994	36	0.00274	0.00273	0.5	94611	259	94481	3757244	39.71
1990-1994	37	0.00309	0.00308	0.5	94352	291	94207	3662763	38.82
1990-1994	38	0.00307	0.00306	0.5	94061	288	93917	3568557	37.94
1990-1994	39	0.00285	0.00285	0.5	93773	267	93640	3474639	37.05
1990-1994	40	0.00322	0.00321	0.5	93506	300	93356	3381000	36.16
1990-1994	41	0.00344	0.00343	0.5	93206	320	93046	3287644	35.27
1990-1994	42	0.00378	0.00377	0.5	92886	350	92711	3194598	34.39
1990-1994	43	0.00408	0.00408	0.5	92536	377	92347	3101888	33.52
1990-1994	44	0.00392	0.00392	0.5	92159	361	91978	3009540	32.66
1990-1994	45	0.00441	0.00440	0.5	91798	404	91596	2917562	31.78
1990-1994	46	0.00461	0.00460	0.5	91394	420	91183	2825967	30.92
1990-1994	47	0.00501	0.00500	0.5	90973	455	90746	2734783	30.06
1990-1994	48	0.00560	0.00558	0.5	90519	505	90266	2644037	29.21
1990-1994	49	0.00546	0.00545	0.5	90014	490	89769	2553771	28.37
1990-1994	50	0.00586	0.00585	0.5	89523	523	89262	2464002	27.52
1990-1994	51	0.00666	0.00664	0.5	89000	591	88704	2374741	26.68
1990-1994	52	0.00692	0.00690	0.5	88409	610	88104	2286036	25.86
1990-1994	53	0.00838	0.00835	0.5	87799	733	87433	2197932	25.03
1990-1994	54	0.00834	0.00831	0.5	87066	723	86705	2110499	24.24
1990-1994	55	0.00871	0.00867	0.5	86343	749	85969	2023795	23.44
1990-1994	56	0.01066	0.01060	0.5	85594	908	85140	1937826	22.64
1990-1994	57	0.01124	0.01118	0.5	84687	947	84213	1852685	21.88
1990-1994	58	0.01310	0.01302	0.5	83740	1090	83195	1768472	21.12
1990-1994	59	0.01322	0.01313	0.5	82650	1085	82107	1685277	20.39
1990-1994	60	0.01435	0.01425	0.5	81565	1162	80984	1603170	19.66
1990-1994	61	0.01646	0.01633	0.5	80403	1313	79746	1522186	18.93
1990-1994	62	0.01771	0.01756	0.5	79090	1388	78395	1442440	18.24
1990-1994	63	0.01808	0.01792	0.5	77701	1392	77005	1364045	17.56
1990-1994	64	0.02007	0.01987	0.5	76309	1516	75551	1287040	16.87
1990-1994	65	0.02067	0.02046	0.5	74792	1530	74028	1211489	16.20
1990-1994	66	0.02312	0.02286	0.5	73263	1675	72425	1137462	15.53
1990-1994	67	0.02496	0.02465	0.5	71588	1765	70706	1065036	14.88
1990-1994	68	0.02652	0.02618	0.5	69823	1828	68910	994331	14.24
1990-1994	69	0.02903	0.02862	0.5	67996	1946	67023	925421	13.61
1990-1994	70	0.03031	0.02986	0.5	66050	1972	65064	858398	13.00
1990-1994	71	0.03342	0.03287	0.5	64078	2106	63025	793334	12.38
1990-1994	72	0.03545	0.03483	0.5	61972	2158	60892	730310	11.78
1990-1994	73	0.04028	0.03948	0.5	59813	2362	58632	669417	11.19
1990-1994	74	0.04325	0.04234	0.5	57452	2432	56235	610785	10.63
1990-1994	75	0.04534	0.04433	0.5	55019	2439	53800	554549	10.08
1990-1994	76	0.05179	0.05048	0.5	52580	2654	51253	500750	9.52
1990-1994	77	0.05393	0.05251	0.5	49926	2622	48615	449497	9.00
1990-1994	78	0.05859	0.05692	0.5	47304	2693	45958	400882	8.47
1990-1994	79	0.06260	0.06070	0.5	44612	2708	43258	354924	7.96
1990-1994	80	0.07770	0.07479	0.5	41904	3134	40337	311666	7.44
1990-1994	81	0.08580	0.08227	0.5	38770	3190	37175	271330	7.00
1990-1994	82	0.09454	0.09028	0.5	35580	3212	33974	234154	6.58
1990-1994	83	0.10408	0.09893	0.5	32368	3202	30767	200180	6.18
1990-1994	84	0.11446	0.10826	0.5	29166	3158	27587	169413	5.81
1990-1994	85	0.12572	0.11829	0.5	26008	3076	24470	141826	5.45
1990-1994	86	0.13792	0.12902	0.5	22932	2959	21453	117356	5.12
1990-1994	87	0.15110	0.14049	0.5	19973	2806	18570	95903	4.80
1990-1994	88	0.16530	0.15268	0.5	17167	2621	15857	77333	4.50
1990-1994	89	0.18055	0.16560	0.5	14546	2409	13342	61476	4.23
1990-1994	90	0.19687	0.17923	0.5	12137	2175	11050	48135	3.97
1990-1994	91	0.21429	0.19355	0.5	9962	1928	8998	37085	3.72
1990-1994	92	0.23279	0.20852	0.5	8034	1675	7196	28087	3.50
1990-1994	93	0.25239	0.22411	0.5	6359	1425	5646	20891	3.29
1990-1994	94	0.27304	0.24024	0.5	4934	1185	4341	15245	3.09
1990-1994	95	0.29472	0.25687	0.5	3748	963	3267	10904	2.91
1990-1994	96	0.31737	0.27390	0.5	2786	763	2404	7637	2.74
1990-1994	97	0.34091	0.29127	0.5	2023	589	1728	5233	2.59
1990-1994	98	0.36527	0.30886	0.5	1433	443	1212	3505	2.45
1990-1994	99	0.39034	0.32660	0.5	991	324	829	2293	2.31
1990-1994	100	0.41600	0.34437	0.5	667	230	552	1464	2.19
1990-1994	101	0.44213	0.36209	0.5	437	158	358	912	2.08
1990-1994	102	0.46858	0.37964	0.5	279	106	226	554	1.98
1990-1994	103	0.49521	0.39693	0.5	173	69	139	328	1.89
1990-1994	104	0.52186	0.41387	0.5	104	43	83	189	1.81
1990-1994	105	0.54839	0.43038	0.5	61	26	48	106	1.73
1990-1994	106	0.57465	0.44639	0.5	35	16	27	58	1.66
1990-1994	107	0.60050	0.46183	0.5	19	9	15	31	1.60
1990-1994	108	0.62579	0.47665	0.5	10	5	8	16	1.55
1990-1994	109	0.65042	0.49081	0.5	5	3	4	8	1.51
1990-1994	110+	0.67427	1.00000	1.48	3	3	4	4	1.48
1995-1999	0	0.00838	0.00831	0.07	100000	831	99225	7373574	73.74
1995-1999	1	0.00076	0.00076	0.5	99169	75	99131	7274349	73.35
1995-1999	2	0.00056	0.00056	0.5	99094	56	99066	7175218	72.41
1995-1999	3	0.00035	0.00035	0.5	99038	34	99021	7076152	71.45
1995-1999	4	0.00036	0.00036	0.5	99004	36	98986	6977131	70.47
1995-1999	5	0.00023	0.00023	0.5	98968	23	98956	6878146	69.50
1995-1999	6	0.00017	0.00017	0.5	98945	17	98936	6779189	68.51
1995-1999	7	0.00023	0.00023	0.5	98928	22	98917	6680253	67.53
1995-1999	8	0.00021	0.00021	0.5	98905	21	98895	6581337	66.54
1995-1999	9	0.00019	0.00019	0.5	98885	19	98875	6482441	65.56
1995-1999	10	0.00021	0.00021	0.5	98866	21	98855	6383566	64.57
1995-1999	11	0.00024	0.00024	0.5	98845	24	98833	6284711	63.58
1995-1999	12	0.00031	0.00031	0.5	98821	30	98805	6185878	62.60
1995-1999	13	0.00033	0.00033	0.5	98790	32	98774	6087073	61.62
1995-1999	14	0.00041	0.00041	0.5	98758	41	98738	5988299	60.64
1995-1999	15	0.00075	0.00074	0.5	98717	74	98680	5889561	59.66
1995-1999	16	0.00115	0.00115	0.5	98644	113	98587	5790881	58.71
1995-1999	17	0.00121	0.00121	0.5	98531	119	98471	5692294	57.77
1995-1999	18	0.00183	0.00182	0.5	98412	179	98322	5593822	56.84
1995-1999	19	0.00163	0.00163	0.5	98232	160	98152	5495500	55.94
1995-1999	20	0.00155	0.00155	0.5	98072	152	97996	5397348	55.03
1995-1999	21	0.00203	0.00203	0.5	97920	198	97821	5299352	54.12
1995-1999	22	0.00184	0.00183	0.5	97722	179	97632	5201531	53.23
1995-1999	23	0.00165	0.00165	0.5	97543	161	97462	5103899	52.32
1995-1999	24	0.00161	0.00161	0.5	97382	156	97303	5006437	51.41
1995-1999	25	0.00163	0.00163	0.5	97225	158	97146	4909133	50.49
1995-1999	26	0.00160	0.00160	0.5	97067	155	96989	4811987	49.57
1995-1999	27	0.00157	0.00157	0.5	96912	152	96836	4714998	48.65
1995-1999	28	0.00188	0.00187	0.5	96760	181	96669	4618162	47.73
1995-1999	29	0.00188	0.00188	0.5	96578	181	96488	4521493	46.82
1995-1999	30	0.00166	0.00166	0.5	96397	160	96317	4425005	45.90
1995-1999	31	0.00204	0.00204	0.5	96237	196	96139	4328688	44.98
1995-1999	32	0.00212	0.00212	0.5	96041	204	95939	4232549	44.07
1995-1999	33	0.00205	0.00205	0.5	95837	197	95739	4136610	43.16
1995-1999	34	0.00245	0.00245	0.5	95641	234	95524	4040871	42.25
1995-1999	35	0.00238	0.00238	0.5	95407	227	95293	3945347	41.35
1995-1999	36	0.00252	0.00252	0.5	95179	240	95059	3850054	40.45
1995-1999	37	0.00259	0.00258	0.5	94939	245	94817	3754995	39.55
1995-1999	38	0.00287	0.00287	0.5	94694	272	94558	3660178	38.65
1995-1999	39	0.00278	0.00278	0.5	94423	262	94291	3565620	37.76
1995-1999	40	0.00306	0.00306	0.5	94160	288	94016	3471328	36.87
1995-1999	41	0.00374	0.00373	0.5	93872	350	93697	3377312	35.98
1995-1999	42	0.00362	0.00361	0.5	93522	338	93353	3283615	35.11
1995-1999	43	0.00439	0.00438	0.5	93184	408	92980	3190263	34.24
1995-1999	44	0.00415	0.00415	0.5	92776	385	92584	3097283	33.38
1995-1999	45	0.00465	0.00463	0.5	92391	428	92177	3004699	32.52
1995-1999	46	0.00463	0.00462	0.5	91963	425	91751	2912522	31.67
1995-1999	47	0.00499	0.00498	0.5	91538	456	91311	2820772	30.82
1995-1999	48	0.00521	0.00520	0.5	91083	474	90846	2729461	29.97
1995-1999	49	0.00532	0.00531	0.5	90609	481	90369	2638615	29.12
1995-1999	50	0.00541	0.00539	0.5	90128	486	89885	2548246	28.27
1995-1999	51	0.00625	0.00623	0.5	89642	558	89363	2458361	27.42
1995-1999	52	0.00659	0.00657	0.5	89084	585	88791	2368998	26.59
1995-1999	53	0.00759	0.00756	0.5	88499	669	88164	2280206	25.77
1995-1999	54	0.00762	0.00759	0.5	87830	667	87496	2192042	24.96
1995-1999	55	0.00844	0.00841	0.5	87163	733	86796	2104546	24.15
1995-1999	56	0.00904	0.00900	0.5	86430	778	86041	2017750	23.35
1995-1999	57	0.00976	0.00972	0.5	85652	832	85236	1931709	22.55
1995-1999	58	0.01179	0.01172	0.5	84820	994	84323	1846473	21.77
1995-1999	59	0.01220	0.01213	0.5	83826	1017	83317	1762150	21.02
1995-1999	60	0.01259	0.01251	0.5	82809	1036	82291	1678833	20.27
1995-1999	61	0.01443	0.01433	0.5	81773	1172	81187	1596542	19.52
1995-1999	62	0.01512	0.01501	0.5	80601	1210	79996	1515355	18.80
1995-1999	63	0.01617	0.01604	0.5	79391	1273	78755	1435359	18.08
1995-1999	64	0.01742	0.01727	0.5	78118	1349	77443	1356605	17.37
1995-1999	65	0.01711	0.01696	0.5	76769	1302	76117	1279161	16.66
1995-1999	66	0.02006	0.01986	0.5	75466	1499	74717	1203044	15.94
1995-1999	67	0.02100	0.02078	0.5	73967	1537	73198	1128327	15.25
1995-1999	68	0.02327	0.02300	0.5	72430	1666	71597	1055129	14.57
1995-1999	69	0.02594	0.02561	0.5	70764	1812	69858	983532	13.90
1995-1999	70	0.02745	0.02708	0.5	68952	1867	68018	913675	13.25
1995-1999	71	0.03115	0.03067	0.5	67084	2057	66056	845657	12.61
1995-1999	72	0.03192	0.03142	0.5	65027	2043	64005	779601	11.99
1995-1999	73	0.03643	0.03578	0.5	62984	2253	61857	715596	11.36
1995-1999	74	0.03841	0.03768	0.5	60730	2289	59586	653739	10.76
1995-1999	75	0.04176	0.04091	0.5	58442	2391	57246	594153	10.17
1995-1999	76	0.04362	0.04268	0.5	56051	2393	54855	536906	9.58
1995-1999	77	0.05268	0.05133	0.5	53658	2754	52281	482052	8.98
1995-1999	78	0.05685	0.05528	0.5	50904	2814	49497	429770	8.44
1995-1999	79	0.05885	0.05716	0.5	48090	2749	46716	380273	7.91
1995-1999	80	0.07742	0.07453	0.5	45341	3379	43651	333558	7.36
1995-1999	81	0.08623	0.08267	0.5	41962	3469	40227	289906	6.91
1995-1999	82	0.09659	0.09214	0.5	38493	3547	36720	249679	6.49
1995-1999	83	0.10427	0.09910	0.5	34946	3463	33214	212959	6.09
1995-1999	84	0.11522	0.10895	0.5	31483	3430	29768	179745	5.71
1995-1999	85	0.12716	0.11956	0.5	28053	3354	26376	149977	5.35
1995-1999	86	0.14015	0.13097	0.5	24699	3235	23081	123601	5.00
1995-1999	87	0.15422	0.14318	0.5	21464	3073	19927	100519	4.68
1995-1999	88	0.16943	0.15620	0.5	18391	2873	16955	80592	4.38
1995-1999	89	0.18581	0.17002	0.5	15518	2638	14199	63637	4.10
1995-1999	90	0.20339	0.18461	0.5	12880	2378	11691	49438	3.84
1995-1999	91	0.22217	0.19996	0.5	10502	2100	9452	37747	3.59
1995-1999	92	0.24216	0.21601	0.5	8402	1815	7495	28295	3.37
1995-1999	93	0.26334	0.23270	0.5	6587	1533	5821	20801	3.16
1995-1999	94	0.28568	0.24997	0.5	5054	1263	4423	14980	2.96
1995-1999	95	0.30911	0.26773	0.5	3791	1015	3283	10557	2.78
1995-1999	96	0.33358	0.28589	0.5	2776	794	2379	7274	2.62
1995-1999	97	0.35897	0.30434	0.5	1982	603	1681	4895	2.47
1995-1999	98	0.38517	0.32297	0.5	1379	445	1156	3214	2.33
1995-1999	99	0.41206	0.34167	0.5	934	319	774	2058	2.20
1995-1999	100	0.43948	0.36031	0.5	615	221	504	1283	2.09
1995-1999	101	0.46728	0.37878	0.5	393	149	319	780	1.98
1995-1999	102	0.49529	0.39698	0.5	244	97	196	461	1.89
1995-1999	103	0.52332	0.41479	0.5	147	61	117	265	1.80
1995-1999	104	0.55121	0.43211	0.5	86	37	68	148	1.72
1995-1999	105	0.57878	0.44888	0.5	49	22	38	81	1.65
1995-1999	106	0.60586	0.46500	0.5	27	13	21	43	1.59
1995-1999	107	0.63231	0.48042	0.5	14	7	11	22	1.53
1995-1999	108	0.65799	0.49510	0.5	7	4	6	11	1.48
1995-1999	109	0.68277	0.50901	0.5	4	2	3	5	1.44
1995-1999	110+	0.70656	1.00000	1.42	2	2	3	3	1.42
2000-2004	0	0.00776	0.00771	0.07	100000	771	99280	7458993	74.59
2000-2004	1	0.00063	0.00063	0.5	99229	63	99198	7359713	74.17
2000-2004	2	0.00046	0.00046	0.5	99167	46	99144	7260514	73.22
2000-2004	3	0.00030	0.00030	0.5	99121	30	99106	7161370	72.25
2000-2004	4	0.00025	0.00025	0.5	99091	25	99079	7062264	71.27
2000-2004	5	0.00025	0.00025	0.5	99066	25	99054	6963185	70.29
2000-2004	6	0.00020	0.00020	0.5	99041	20	99031	6864132	69.31
2000-2004	7	0.00019	0.00019	0.5	99021	18	99012	6765101	68.32
2000-2004	8	0.00015	0.00015	0.5	99003	15	98995	6666089	67.33
2000-2004	9	0.00022	0.00022	0.5	98988	21	98977	6567094	66.34
2000-2004	10	0.00015	0.00015	0.5	98966	15	98959	6468117	65.36
2000-2004	11	0.00026	0.00026	0.5	98951	25	98939	6369158	64.37
2000-2004	12	0.00028	0.00028	0.5	98926	28	98912	6270219	63.38
2000-2004	13	0.00035	0.00035	0.5	98898	35	98881	6171307	62.40
2000-2004	14	0.00037	0.00037	0.5	98864	36	98845	6072426	61.42
2000-2004	15	0.00066	0.00066	0.5	98827	65	98794	5973581	60.44
2000-2004	16	0.00081	0.00081	0.5	98762	80	98722	5874786	59.48
2000-2004	17	0.00104	0.00104	0.5	98682	102	98631	5776064	58.53
2000-2004	18	0.00160	0.00160	0.5	98580	158	98501	5677434	57.59
2000-2004	19	0.00172	0.00172	0.5	98422	169	98338	5578933	56.68
2000-2004	20	0.00166	0.00166	0.5	98253	163	98171	5480595	55.78
2000-2004	21	0.00188	0.00188	0.5	98090	184	97998	5382424	54.87
2000-2004	22	0.00179	0.00179	0.5	97906	175	97818	5284426	53.97
2000-2004	23	0.00159	0.00159	0.5	97731	156	97653	5186608	53.07
2000-2004	24	0.00159	0.00159	0.5	97575	155	97498	5088955	52.15
2000-2004	25	0.00145	0.00145	0.5	97420	142	97349	4991457	51.24
2000-2004	26	0.00168	0.00168	0.5	97278	164	97197	4894108	50.31
2000-2004	27	0.00155	0.00155	0.5	97115	151	97039	4796911	49.39
2000-2004	28	0.00146	0.00146	0.5	96964	141	96894	4699872	48.47
2000-2004	29	0.00151	0.00151	0.5	96823	146	96750	4602978	47.54
2000-2004	30	0.00163	0.00163	0.5	96676	157	96598	4506229	46.61
2000-2004	31	0.00170	0.00170	0.5	96519	164	96437	4409631	45.69
2000-2004	32	0.00173	0.00173	0.5	96355	167	96272	4313194	44.76
2000-2004	33	0.00183	0.00183	0.5	96188	176	96100	4216923	43.84
2000-2004	34	0.00209	0.00209	0.5	96012	200	95912	4120822	42.92
2000-2004	35	0.00215	0.00214	0.5	95812	205	95709	4024910	42.01
2000-2004	36	0.00226	0.00226	0.5	95607	216	95499	3929201	41.10
2000-2004	37	0.00255	0.00255	0.5	95391	243	95269	3833702	40.19
2000-2004	38	0.00247	0.00247	0.5	95148	235	95030	3738433	39.29
2000-2004	39	0.00264	0.00263	0.5	94913	250	94787	3643403	38.39
2000-2004	40	0.00297	0.00296	0.5	94662	280	94522	3548616	37.49
2000-2004	41	0.00340	0.00340	0.5	94382	321	94222	3454093	36.60
2000-2004	42	0.00341	0.00341	0.5	94061	320	93901	3359872	35.72
2000-2004	43	0.00378	0.00377	0.5	93741	353	93564	3265970	34.84
2000-2004	44	0.00406	0.00405	0.5	93388	378	93199	3172406	33.97
2000-2004	45	0.00435	0.00434	0.5	93010	403	92808	3079207	33.11
2000-2004	46	0.00492	0.00491	0.5	92606	455	92379	2986400	32.25
2000-2004	47	0.00523	0.00522	0.5	92151	481	91911	2894021	31.41
2000-2004	48	0.00568	0.00566	0.5	91671	519	91411	2802110	30.57
2000-2004	49	0.00604	0.00602	0.5	91151	549	90877	2710699	29.74
2000-2004	50	0.00624	0.00622	0.5	90603	564	90321	2619821	28.92
2000-2004	51	0.00615	0.00613	0.5	90039	552	89763	2529500	28.09
2000-2004	52	0.00669	0.00667	0.5	89487	597	89189	2439737	27.26
2000-2004	53	0.00712	0.00709	0.5	88890	630	88575	2350549	26.44
2000-2004	54	0.00754	0.00751	0.5	88260	663	87928	2261974	25.63
2000-2004	55	0.00784	0.00781	0.5	87597	684	87255	2174045	24.82
2000-2004	56	0.00883	0.00879	0.5	86913	764	86531	2086790	24.01
2000-2004	57	0.00916	0.00912	0.5	86149	786	85756	2000259	23.22
2000-2004	58	0.01005	0.01000	0.5	85363	853	84936	1914503	22.43
2000-2004	59	0.01122	0.01115	0.5	84510	943	84038	1829567	21.65
2000-2004	60	0.01147	0.01140	0.5	83567	953	83091	1745528	20.89
2000-2004	61	0.01261	0.01253	0.5	82614	1035	82096	1662438	20.12
2000-2004	62	0.01376	0.01366	0.5	81579	1115	81021	1580342	19.37
2000-2004	63	0.01448	0.01437	0.5	80464	1156	79886	1499320	18.63
2000-2004	64	0.01589	0.01576	0.5	79308	1250	78682	1419434	17.90
2000-2004	65	0.01638	0.01625	0.5	78057	1268	77423	1340752	17.18
2000-2004	66	0.01894	0.01876	0.5	76789	1441	76069	1263329	16.45
2000-2004	67	0.01967	0.01948	0.5	75349	1467	74615	1187260	15.76
2000-2004	68	0.02138	0.02116	0.5	73881	1563	73100	1112645	15.06
2000-2004	69	0.02325	0.02299	0.5	72318	1662	71487	1039545	14.37
2000-2004	70	0.02522	0.02491	0.5	70656	1760	69776	968059	13.70
2000-2004	71	0.02576	0.02544	0.5	68896	1752	68020	898283	13.04
2000-2004	72	0.03035	0.02990	0.5	67143	2007	66140	830263	12.37
2000-2004	73	0.03278	0.03225	0.5	65136	2101	64086	764124	11.73
2000-2004	74	0.03519	0.03458	0.5	63035	2180	61945	700038	11.11
2000-2004	75	0.03865	0.03792	0.5	60856	2307	59702	638093	10.49
2000-2004	76	0.04161	0.04076	0.5	58548	2386	57355	578391	9.88
2000-2004	77	0.04550	0.04449	0.5	56162	2498	54913	521036	9.28
2000-2004	78	0.05313	0.05176	0.5	53663	2778	52275	466123	8.69
2000-2004	79	0.05636	0.05482	0.5	50886	2789	49491	413849	8.13
2000-2004	80	0.06994	0.06758	0.5	48096	3250	46471	364357	7.58
2000-2004	81	0.07554	0.07279	0.5	44846	3264	43214	317886	7.09
2000-2004	82	0.08813	0.08441	0.5	41582	3510	39827	274672	6.61
2000-2004	83	0.09879	0.09414	0.5	38072	3584	36280	234845	6.17
2000-2004	84	0.10917	0.10352	0.5	34488	3570	32703	198566	5.76
2000-2004	85	0.12183	0.11484	0.5	30917	3550	29142	165863	5.36
2000-2004	86	0.13574	0.12711	0.5	27367	3479	25628	136721	5.00
2000-2004	87	0.15096	0.14036	0.5	23888	3353	22212	111093	4.65
2000-2004	88	0.16755	0.15460	0.5	20535	3175	18948	88881	4.33
2000-2004	89	0.18557	0.16981	0.5	17361	2948	15887	69934	4.03
2000-2004	90	0.20505	0.18598	0.5	14413	2680	13072	54047	3.75
2000-2004	91	0.22600	0.20306	0.5	11732	2382	10541	40975	3.49
2000-2004	92	0.24843	0.22098	0.5	9350	2066	8317	30434	3.25
2000-2004	93	0.27230	0.23967	0.5	7284	1746	6411	22117	3.04
2000-2004	94	0.29756	0.25902	0.5	5538	1434	4821	15706	2.84
2000-2004	95	0.32412	0.27892	0.5	4104	1145	3531	10885	2.65
2000-2004	96	0.35186	0.29921	0.5	2959	885	2516	7354	2.49
2000-2004	97	0.38063	0.31977	0.5	2074	663	1742	4838	2.33
2000-2004	98	0.41027	0.34044	0.5	1411	480	1170	3095	2.19
2000-2004	99	0.44058	0.36104	0.5	930	336	762	1925	2.07
2000-2004	100	0.47133	0.38144	0.5	594	227	481	1163	1.96
2000-2004	101	0.50231	0.40148	0.5	368	148	294	682	1.85
2000-2004	102	0.53327	0.42101	0.5	220	93	174	388	1.76
2000-2004	103	0.56397	0.43992	0.5	127	56	99	214	1.68
2000-2004	104	0.59419	0.45809	0.5	71	33	55	115	1.60
2000-2004	105	0.62371	0.47544	0.5	39	18	29	59	1.54
2000-2004	106	0.65235	0.49190	0.5	20	10	15	30	1.48
2000-2004	107	0.67992	0.50742	0.5	10	5	8	15	1.43
2000-2004	108	0.70629	0.52196	0.5	5	3	4	7	1.38
2000-2004	109	0.73134	0.53552	0.5	2	1	2	3	1.35
2000-2004	110+	0.75500	1.00000	1.32	1	1	1	1	1.32
2005-2009	0	0.00759	0.00754	0.07	100000	754	99295	7569882	75.70
2005-2009	1	0.00064	0.00064	0.5	99246	64	99214	7470586	75.27
2005-2009	2	0.00036	0.00036	0.5	99183	35	99165	7371372	74.32
2005-2009	3	0.00028	0.00028	0.5	99147	27	99134	7272207	73.35
2005-2009	4	0.00023	0.00023	0.5	99120	23	99108	7173074	72.37
2005-2009	5	0.00018	0.00018	0.5	99097	18	99088	7073965	71.38
2005-2009	6	0.00015	0.00015	0.5	99079	15	99071	6974877	70.40
2005-2009	7	0.00017	0.00017	0.5	99064	17	99055	6875806	69.41
2005-2009	8	0.00013	0.00013	0.5	99046	13	99040	6776751	68.42
2005-2009	9	0.00016	0.00016	0.5	99034	16	99026	6677711	67.43
2005-2009	10	0.00019	0.00019	0.5	99018	19	99008	6578685	66.44
2005-2009	11	0.00012	0.00012	0.5	98999	12	98993	6479676	65.45
2005-2009	12	0.00017	0.00017	0.5	98987	17	98978	6380683	64.46
2005-2009	13	0.00022	0.00022	0.5	98970	22	98959	6281705	63.47
2005-2009	14	0.00037	0.00037	0.5	98948	36	98930	6182746	62.48
2005-2009	15	0.00056	0.00056	0.5	98912	55	98884	6083816	61.51
2005-2009	16	0.00072	0.00072	0.5	98856	71	98821	5984932	60.54
2005-2009	17	0.00099	0.00098	0.5	98785	97	98737	5886111	59.58
2005-2009	18	0.00144	0.00144	0.5	98688	142	98617	5787374	58.64
2005-2009	19	0.00161	0.00160	0.5	98546	158	98467	5688757	57.73
2005-2009	20	0.00176	0.00176	0.5	98388	173	98302	5590290	56.82
2005-2009	21	0.00175	0.00175	0.5	98215	172	98129	5491989	55.92
2005-2009	22	0.00180	0.00180	0.5	98043	176	97955	5393859	55.01
2005-2009	23	0.00153	0.00153	0.5	97867	149	97793	5295904	54.11
2005-2009	24	0.00166	0.00166	0.5	97718	162	97637	5198111	53.20
2005-2009	25	0.00155	0.00155	0.5	97555	152	97480	5100475	52.28
2005-2009	26	0.00156	0.00155	0.5	97404	151	97328	5002995	51.36
2005-2009	27	0.00168	0.00168	0.5	97252	163	97171	4905667	50.44
2005-2009	28	0.00159	0.00159	0.5	97089	154	97012	4808496	49.53
2005-2009	29	0.00176	0.00176	0.5	96935	170	96850	4711484	48.60
2005-2009	30	0.00161	0.00161	0.5	96764	156	96687	4614635	47.69
2005-2009	31	0.00179	0.00179	0.5	96609	173	96522	4517948	46.77
2005-2009	32	0.00166	0.00166	0.5	96436	160	96356	4421426	45.85
2005-2009	33	0.00183	0.00182	0.5	96276	176	96188	4325070	44.92
2005-2009	34	0.00184	0.00184	0.5	96101	177	96012	4228881	44.00
2005-2009	35	0.00207	0.00207	0.5	95924	198	95825	4132869	43.08
2005-2009	36	0.00194	0.00194	0.5	95726	186	95633	4037044	42.17
2005-2009	37	0.00207	0.00207	0.5	95540	198	95441	3941411	41.25
2005-2009	38	0.00219	0.00219	0.5	95342	208	95238	3845971	40.34
2005-2009	39	0.00250	0.00250	0.5	95133	237	95015	3750733	39.43
2005-2009	40	0.00278	0.00277	0.5	94896	263	94764	3655718	38.52
2005-2009	41	0.00276	0.00276	0.5	94633	261	94503	3560954	37.63
2005-2009	42	0.00315	0.00315	0.5	94372	297	94224	3466451	36.73
2005-2009	43	0.00331	0.00330	0.5	94075	311	93920	3372227	35.85
2005-2009	44	0.00340	0.00339	0.5	93764	318	93605	3278308	34.96
2005-2009	45	0.00385	0.00385	0.5	93446	359	93266	3184702	34.08
2005-2009	46	0.00384	0.00383	0.5	93087	357	92908	3091436	33.21
2005-2009	47	0.00451	0.00450	0.5	92730	417	92521	2998528	32.34
2005-2009	48	0.00492	0.00491	0.5	92313	453	92086	2906006	31.48
2005-2009	49	0.00541	0.00539	0.5	91860	496	91612	2813920	30.63
2005-2009	50	0.00608	0.00607	0.5	91364	554	91087	2722308	29.80
2005-2009	51	0.00619	0.00617	0.5	90810	561	90530	2631220	28.97
2005-2009	52	0.00697	0.00695	0.5	90250	627	89936	2540690	28.15
2005-2009	53	0.00725	0.00723	0.5	89623	648	89299	2450754	27.35
2005-2009	54	0.00780	0.00777	0.5	88975	691	88629	2361456	26.54
2005-2009	55	0.00819	0.00816	0.5	88284	720	87924	2272826	25.74
2005-2009	56	0.00856	0.00852	0.5	87564	746	87191	2184902	24.95
2005-2009	57	0.00895	0.00891	0.5	86818	774	86431	2097712	24.16
2005-2009	58	0.00949	0.00945	0.5	86044	813	85637	2011281	23.38
2005-2009	59	0.01021	0.01016	0.5	85231	866	84798	1925644	22.59
2005-2009	60	0.01090	0.01084	0.5	84365	915	83908	1840846	21.82
2005-2009	61	0.01181	0.01174	0.5	83451	980	82961	1756938	21.05
2005-2009	62	0.01227	0.01220	0.5	82471	1006	81968	1673977	20.30
2005-2009	63	0.01286	0.01278	0.5	81465	1041	80944	1592009	19.54
2005-2009	64	0.01505	0.01494	0.5	80424	1201	79823	1511065	18.79
2005-2009	65	0.01593	0.01580	0.5	79223	1252	78597	1431242	18.07
2005-2009	66	0.01661	0.01648	0.5	77970	1285	77328	1352645	17.35
2005-2009	67	0.01710	0.01696	0.5	76686	1300	76036	1275317	16.63
2005-2009	68	0.01762	0.01747	0.5	75385	1317	74727	1199282	15.91
2005-2009	69	0.02052	0.02031	0.5	74069	1504	73317	1124555	15.18
2005-2009	70	0.02208	0.02184	0.5	72565	1585	71772	1051238	14.49
2005-2009	71	0.02350	0.02323	0.5	70980	1649	70155	979466	13.80
2005-2009	72	0.02604	0.02571	0.5	69331	1782	68440	909310	13.12
2005-2009	73	0.02843	0.02804	0.5	67549	1894	66602	840870	12.45
2005-2009	74	0.03103	0.03056	0.5	65655	2006	64652	774269	11.79
2005-2009	75	0.03444	0.03385	0.5	63648	2155	62571	709617	11.15
2005-2009	76	0.03611	0.03547	0.5	61494	2181	60403	647046	10.52
2005-2009	77	0.04101	0.04019	0.5	59312	2384	58121	586643	9.89
2005-2009	78	0.04513	0.04413	0.5	56929	2513	55673	528522	9.28
2005-2009	79	0.04840	0.04726	0.5	54416	2572	53131	472850	8.69
2005-2009	80	0.05683	0.05526	0.5	51845	2865	50412	419719	8.10
2005-2009	81	0.06647	0.06433	0.5	48980	3151	47404	369307	7.54
2005-2009	82	0.07832	0.07537	0.5	45829	3454	44102	321903	7.02
2005-2009	83	0.08656	0.08297	0.5	42375	3516	40617	277801	6.56
2005-2009	84	0.09537	0.09103	0.5	38859	3537	37090	237184	6.10
2005-2009	85	0.11052	0.10473	0.5	35322	3699	33472	200094	5.66
2005-2009	86	0.12195	0.11494	0.5	31622	3635	29805	166622	5.27
2005-2009	87	0.13687	0.12811	0.5	27988	3585	26195	136817	4.89
2005-2009	88	0.15331	0.14239	0.5	24402	3475	22665	110622	4.53
2005-2009	89	0.17132	0.15781	0.5	20928	3302	19276	87957	4.20
2005-2009	90	0.19098	0.17433	0.5	17625	3073	16089	68681	3.90
2005-2009	91	0.21231	0.19194	0.5	14552	2793	13156	52592	3.61
2005-2009	92	0.23533	0.21056	0.5	11759	2476	10521	39436	3.35
2005-2009	93	0.26003	0.23011	0.5	9283	2136	8215	28915	3.11
2005-2009	94	0.28634	0.25048	0.5	7147	1790	6252	20700	2.90
2005-2009	95	0.31419	0.27153	0.5	5357	1455	4630	14448	2.70
2005-2009	96	0.34344	0.29311	0.5	3902	1144	3330	9818	2.52
2005-2009	97	0.37393	0.31503	0.5	2759	869	2324	6487	2.35
2005-2009	98	0.40546	0.33712	0.5	1889	637	1571	4163	2.20
2005-2009	99	0.43778	0.35917	0.5	1253	450	1028	2592	2.07
2005-2009	100	0.47065	0.38099	0.5	803	306	650	1565	1.95
2005-2009	101	0.50377	0.40241	0.5	497	200	397	915	1.84
2005-2009	102	0.53685	0.42324	0.5	297	126	234	518	1.75
2005-2009	103	0.56962	0.44335	0.5	171	76	133	284	1.66
2005-2009	104	0.60178	0.46259	0.5	95	44	73	151	1.58
2005-2009	105	0.63309	0.48087	0.5	51	25	39	78	1.51
2005-2009	106	0.66332	0.49811	0.5	27	13	20	39	1.45
2005-2009	107	0.69227	0.51426	0.5	13	7	10	19	1.40
2005-2009	108	0.71977	0.52929	0.5	6	3	5	9	1.36
2005-2009	109	0.74573	0.54319	0.5	3	2	2	4	1.32
2005-2009	110+	0.77004	1.00000	1.3	1	1	2	2	1.30
2010-2014	0	0.00628	0.00624	0.06	100000	624	99415	7698322	76.98
2010-2014	1	0.00065	0.00065	0.5	99376	65	99344	7598907	76.47
2010-2014	2	0.00037	0.00037	0.5	99311	37	99293	7499563	75.52
2010-2014	3	0.00030	0.00030	0.5	99274	30	99260	7400271	74.54
2010-2014	4	0.00020	0.00020	0.5	99245	20	99235	7301011	73.57
2010-2014	5	0.00016	0.00016	0.5	99225	16	99217	7201776	72.58
2010-2014	6	0.00013	0.00013	0.5	99209	13	99202	7102559	71.59
2010-2014	7	0.00014	0.00014	0.5	99196	14	99189	7003357	70.60
2010-2014	8	0.00013	0.00013	0.5	99182	13	99175	6904168	69.61
2010-2014	9	0.00010	0.00010	0.5	99169	10	99164	6804993	68.62
2010-2014	10	0.00013	0.00013	0.5	99159	13	99152	6705829	67.63
2010-2014	11	0.00016	0.00016	0.5	99146	16	99138	6606676	66.64
2010-2014	12	0.00016	0.00016	0.5	99130	15	99122	6507539	65.65
2010-2014	13	0.00020	0.00020	0.5	99114	20	99104	6408417	64.66
2010-2014	14	0.00024	0.00024	0.5	99094	24	99083	6309312	63.67
2010-2014	15	0.00031	0.00031	0.5	99071	31	99055	6210230	62.68
2010-2014	16	0.00047	0.00046	0.5	99040	46	99016	6111175	61.70
2010-2014	17	0.00062	0.00062	0.5	98993	61	98963	6012158	60.73
2010-2014	18	0.00100	0.00100	0.5	98932	99	98883	5913196	59.77
2010-2014	19	0.00101	0.00101	0.5	98833	99	98783	5814313	58.83
2010-2014	20	0.00114	0.00114	0.5	98734	112	98677	5715530	57.89
2010-2014	21	0.00120	0.00120	0.5	98621	118	98562	5616852	56.95
2010-2014	22	0.00150	0.00150	0.5	98503	147	98429	5518290	56.02
2010-2014	23	0.00146	0.00146	0.5	98356	144	98284	5419861	55.10
2010-2014	24	0.00151	0.00151	0.5	98212	148	98138	5321577	54.18
2010-2014	25	0.00152	0.00152	0.5	98064	149	97990	5223439	53.27
2010-2014	26	0.00167	0.00166	0.5	97915	163	97834	5125449	52.35
2010-2014	27	0.00155	0.00155	0.5	97752	151	97676	5027616	51.43
2010-2014	28	0.00148	0.00148	0.5	97601	144	97529	4929939	50.51
2010-2014	29	0.00173	0.00173	0.5	97456	169	97372	4832411	49.59
2010-2014	30	0.00167	0.00167	0.5	97288	163	97206	4735039	48.67
2010-2014	31	0.00156	0.00156	0.5	97125	152	97049	4637832	47.75
2010-2014	32	0.00167	0.00167	0.5	96974	162	96893	4540783	46.82
2010-2014	33	0.00167	0.00167	0.5	96812	162	96731	4443890	45.90
2010-2014	34	0.00181	0.00181	0.5	96650	175	96563	4347159	44.98
2010-2014	35	0.00175	0.00174	0.5	96475	168	96391	4250596	44.06
2010-2014	36	0.00185	0.00184	0.5	96307	178	96218	4154205	43.14
2010-2014	37	0.00191	0.00191	0.5	96129	184	96037	4057987	42.21
2010-2014	38	0.00212	0.00211	0.5	95945	203	95844	3961950	41.29
2010-2014	39	0.00221	0.00221	0.5	95742	211	95637	3866106	40.38
2010-2014	40	0.00223	0.00223	0.5	95531	213	95425	3770470	39.47
2010-2014	41	0.00244	0.00244	0.5	95318	233	95202	3675045	38.56
2010-2014	42	0.00258	0.00258	0.5	95085	245	94963	3579843	37.65
2010-2014	43	0.00290	0.00290	0.5	94840	275	94703	3484881	36.74
2010-2014	44	0.00295	0.00295	0.5	94565	279	94426	3390178	35.85
2010-2014	45	0.00346	0.00345	0.5	94286	325	94124	3295752	34.95
2010-2014	46	0.00369	0.00368	0.5	93961	346	93788	3201628	34.07
2010-2014	47	0.00420	0.00419	0.5	93615	392	93419	3107840	33.20
2010-2014	48	0.00446	0.00445	0.5	93223	415	93015	3014421	32.34
2010-2014	49	0.00466	0.00464	0.5	92808	431	92592	2921406	31.48
2010-2014	50	0.00552	0.00551	0.5	92377	509	92122	2828813	30.62
2010-2014	51	0.00552	0.00550	0.5	91868	506	91615	2736691	29.79
2010-2014	52	0.00606	0.00604	0.5	91362	552	91087	2645076	28.95
2010-2014	53	0.00682	0.00680	0.5	90811	618	90502	2553989	28.12
2010-2014	54	0.00748	0.00746	0.5	90193	673	89857	2463487	27.31
2010-2014	55	0.00813	0.00810	0.5	89521	725	89158	2373630	26.51
2010-2014	56	0.00847	0.00844	0.5	88795	749	88421	2284472	25.73
2010-2014	57	0.00950	0.00945	0.5	88046	832	87630	2196051	24.94
2010-2014	58	0.00993	0.00989	0.5	87214	862	86783	2108421	24.18
2010-2014	59	0.01065	0.01059	0.5	86352	915	85894	2021639	23.41
2010-2014	60	0.01122	0.01116	0.5	85437	953	84961	1935744	22.66
2010-2014	61	0.01183	0.01176	0.5	84484	994	83987	1850784	21.91
2010-2014	62	0.01210	0.01202	0.5	83490	1004	82988	1766797	21.16
2010-2014	63	0.01299	0.01291	0.5	82486	1065	81954	1683808	20.41
2010-2014	64	0.01414	0.01404	0.5	81422	1143	80850	1601854	19.67
2010-2014	65	0.01438	0.01428	0.5	80279	1147	79705	1521004	18.95
2010-2014	66	0.01570	0.01558	0.5	79132	1233	78516	1441299	18.21
2010-2014	67	0.01669	0.01655	0.5	77899	1289	77254	1362783	17.49
2010-2014	68	0.01789	0.01773	0.5	76610	1358	75931	1285529	16.78
2010-2014	69	0.01857	0.01840	0.5	75252	1385	74559	1209598	16.07
2010-2014	70	0.02032	0.02012	0.5	73867	1486	73124	1135039	15.37
2010-2014	71	0.02197	0.02173	0.5	72381	1573	71595	1061915	14.67
2010-2014	72	0.02410	0.02381	0.5	70808	1686	69965	990320	13.99
2010-2014	73	0.02530	0.02498	0.5	69122	1727	68259	920355	13.31
2010-2014	74	0.02767	0.02729	0.5	67395	1839	66475	852096	12.64
2010-2014	75	0.03058	0.03012	0.5	65556	1974	64569	785621	11.98
2010-2014	76	0.03430	0.03372	0.5	63581	2144	62509	721052	11.34
2010-2014	77	0.03717	0.03649	0.5	61437	2242	60316	658543	10.72
2010-2014	78	0.04052	0.03971	0.5	59195	2351	58020	598227	10.11
2010-2014	79	0.04466	0.04368	0.5	56844	2483	55603	540207	9.50
2010-2014	80	0.05051	0.04927	0.5	54361	2678	53022	484604	8.91
2010-2014	81	0.05297	0.05160	0.5	51683	2667	50350	431582	8.35
2010-2014	82	0.06150	0.05966	0.5	49016	2924	47554	381232	7.78
2010-2014	83	0.06814	0.06590	0.5	46092	3037	44573	333678	7.24
2010-2014	84	0.08136	0.07818	0.5	43055	3366	41372	289105	6.71
2010-2014	85	0.08775	0.08406	0.5	39689	3336	38021	247733	6.24
2010-2014	86	0.10314	0.09808	0.5	36352	3565	34570	209712	5.77
2010-2014	87	0.11678	0.11034	0.5	32787	3618	30978	175143	5.34
2010-2014	88	0.13197	0.12380	0.5	29169	3611	27364	144165	4.94
2010-2014	89	0.14880	0.13849	0.5	25558	3540	23788	116801	4.57
2010-2014	90	0.16735	0.15443	0.5	22018	3400	20318	93013	4.22
2010-2014	91	0.18772	0.17161	0.5	18618	3195	17021	72694	3.90
2010-2014	92	0.20993	0.18999	0.5	15423	2930	13958	55674	3.61
2010-2014	93	0.23402	0.20951	0.5	12493	2617	11184	41716	3.34
2010-2014	94	0.25996	0.23006	0.5	9875	2272	8739	30532	3.09
2010-2014	95	0.28770	0.25152	0.5	7603	1912	6647	21792	2.87
2010-2014	96	0.31713	0.27373	0.5	5691	1558	4912	15145	2.66
2010-2014	97	0.34810	0.29650	0.5	4133	1225	3521	10233	2.48
2010-2014	98	0.38041	0.31962	0.5	2908	929	2443	6712	2.31
2010-2014	99	0.41381	0.34287	0.5	1978	678	1639	4269	2.16
2010-2014	100	0.44803	0.36603	0.5	1300	476	1062	2630	2.02
2010-2014	101	0.48274	0.38888	0.5	824	321	664	1568	1.90
2010-2014	102	0.51762	0.41120	0.5	504	207	400	904	1.80
2010-2014	103	0.55234	0.43281	0.5	297	128	232	504	1.70
2010-2014	104	0.58654	0.45353	0.5	168	76	130	272	1.61
2010-2014	105	0.61994	0.47325	0.5	92	44	70	142	1.54
2010-2014	106	0.65223	0.49184	0.5	48	24	37	71	1.47
2010-2014	107	0.68319	0.50923	0.5	25	13	18	35	1.42
2010-2014	108	0.71260	0.52540	0.5	12	6	9	17	1.37
2010-2014	109	0.74032	0.54032	0.5	6	3	4	8	1.33
2010-2014	110+	0.76624	1.00000	1.31	3	3	3	3	1.31
2015-2017	0	0.00580	0.00576	0.06	100000	576	99458	7690805	76.91
2015-2017	1	0.00060	0.00060	0.5	99424	60	99394	7591347	76.35
2015-2017	2	0.00036	0.00036	0.5	99364	35	99346	7491953	75.40
2015-2017	3	0.00024	0.00024	0.5	99329	23	99317	7392607	74.43
2015-2017	4	0.00018	0.00018	0.5	99305	18	99296	7293290	73.44
2015-2017	5	0.00011	0.00011	0.5	99288	11	99282	7193993	72.46
2015-2017	6	0.00017	0.00017	0.5	99277	17	99268	7094711	71.46
2015-2017	7	0.00014	0.00014	0.5	99260	14	99253	6995443	70.48
2015-2017	8	0.00009	0.00009	0.5	99246	9	99241	6896190	69.49
2015-2017	9	0.00013	0.00013	0.5	99237	13	99230	6796949	68.49
2015-2017	10	0.00012	0.00012	0.5	99223	12	99218	6697719	67.50
2015-2017	11	0.00012	0.00012	0.5	99212	12	99206	6598501	66.51
2015-2017	12	0.00014	0.00014	0.5	99200	14	99193	6499295	65.52
2015-2017	13	0.00017	0.00017	0.5	99186	17	99177	6400103	64.53
2015-2017	14	0.00021	0.00021	0.5	99169	21	99158	6300925	63.54
2015-2017	15	0.00035	0.00035	0.5	99148	34	99130	6201767	62.55
2015-2017	16	0.00049	0.00049	0.5	99113	48	99089	6102637	61.57
2015-2017	17	0.00070	0.00070	0.5	99065	69	99030	6003548	60.60
2015-2017	18	0.00113	0.00113	0.5	98996	112	98940	5904517	59.64
2015-2017	19	0.00098	0.00098	0.5	98884	97	98836	5805578	58.71
2015-2017	20	0.00127	0.00127	0.5	98787	125	98725	5706742	57.77
2015-2017	21	0.00139	0.00139	0.5	98662	137	98594	5608017	56.84
2015-2017	22	0.00158	0.00158	0.5	98525	155	98448	5509423	55.92
2015-2017	23	0.00139	0.00138	0.5	98370	136	98302	5410975	55.01
2015-2017	24	0.00143	0.00143	0.5	98234	140	98164	5312673	54.08
2015-2017	25	0.00153	0.00153	0.5	98093	150	98019	5214510	53.16
2015-2017	26	0.00162	0.00162	0.5	97944	158	97865	5116491	52.24
2015-2017	27	0.00185	0.00185	0.5	97785	181	97695	5018626	51.32
2015-2017	28	0.00161	0.00161	0.5	97604	157	97526	4920932	50.42
2015-2017	29	0.00197	0.00197	0.5	97447	192	97351	4823406	49.50
2015-2017	30	0.00165	0.00164	0.5	97255	160	97175	4726055	48.59
2015-2017	31	0.00200	0.00200	0.5	97095	194	96998	4628880	47.67
2015-2017	32	0.00194	0.00194	0.5	96901	188	96807	4531881	46.77
2015-2017	33	0.00222	0.00221	0.5	96713	214	96606	4435074	45.86
2015-2017	34	0.00213	0.00213	0.5	96499	206	96396	4338468	44.96
2015-2017	35	0.00199	0.00198	0.5	96293	191	96198	4242072	44.05
2015-2017	36	0.00224	0.00224	0.5	96102	215	95995	4145874	43.14
2015-2017	37	0.00194	0.00193	0.5	95887	185	95794	4049879	42.24
2015-2017	38	0.00226	0.00226	0.5	95702	216	95593	3954085	41.32
2015-2017	39	0.00232	0.00232	0.5	95485	221	95375	3858491	40.41
2015-2017	40	0.00258	0.00258	0.5	95264	245	95142	3763117	39.50
2015-2017	41	0.00268	0.00267	0.5	95019	254	94892	3667975	38.60
2015-2017	42	0.00267	0.00266	0.5	94765	253	94639	3573083	37.70
2015-2017	43	0.00277	0.00277	0.5	94513	261	94382	3478444	36.80
2015-2017	44	0.00328	0.00328	0.5	94251	309	94097	3384063	35.90
2015-2017	45	0.00386	0.00386	0.5	93942	362	93761	3289966	35.02
2015-2017	46	0.00361	0.00361	0.5	93580	338	93411	3196205	34.15
2015-2017	47	0.00422	0.00421	0.5	93242	393	93046	3102794	33.28
2015-2017	48	0.00478	0.00476	0.5	92849	442	92628	3009748	32.42
2015-2017	49	0.00512	0.00511	0.5	92407	472	92171	2917120	31.57
2015-2017	50	0.00515	0.00514	0.5	91935	472	91699	2824949	30.73
2015-2017	51	0.00564	0.00563	0.5	91462	515	91205	2733250	29.88
2015-2017	52	0.00608	0.00606	0.5	90948	551	90672	2642045	29.05
2015-2017	53	0.00693	0.00691	0.5	90396	625	90084	2551373	28.22
2015-2017	54	0.00774	0.00771	0.5	89772	692	89426	2461289	27.42
2015-2017	55	0.00796	0.00793	0.5	89080	706	88726	2371864	26.63
2015-2017	56	0.00814	0.00811	0.5	88373	717	88015	2283137	25.84
2015-2017	57	0.00926	0.00921	0.5	87656	808	87253	2195122	25.04
2015-2017	58	0.00960	0.00955	0.5	86849	830	86434	2107870	24.27
2015-2017	59	0.01088	0.01082	0.5	86019	931	85554	2021436	23.50
2015-2017	60	0.01227	0.01220	0.5	85088	1038	84570	1935882	22.75
2015-2017	61	0.01208	0.01201	0.5	84051	1009	83546	1851313	22.03
2015-2017	62	0.01353	0.01344	0.5	83041	1116	82483	1767767	21.29
2015-2017	63	0.01466	0.01456	0.5	81925	1193	81329	1685284	20.57
2015-2017	64	0.01479	0.01468	0.5	80733	1185	80140	1603955	19.87
2015-2017	65	0.01566	0.01554	0.5	79547	1236	78929	1523815	19.16
2015-2017	66	0.01700	0.01685	0.5	78311	1320	77651	1444886	18.45
2015-2017	67	0.01735	0.01720	0.5	76991	1324	76329	1367235	17.76
2015-2017	68	0.01793	0.01777	0.5	75667	1345	74994	1290906	17.06
2015-2017	69	0.01941	0.01922	0.5	74322	1428	73608	1215912	16.36
2015-2017	70	0.02061	0.02040	0.5	72893	1487	72150	1142304	15.67
2015-2017	71	0.02138	0.02115	0.5	71407	1510	70651	1070154	14.99
2015-2017	72	0.02407	0.02378	0.5	69896	1662	69065	999502	14.30
2015-2017	73	0.02632	0.02598	0.5	68234	1773	67348	930437	13.64
2015-2017	74	0.02873	0.02833	0.5	66461	1883	65520	863090	12.99
2015-2017	75	0.03090	0.03043	0.5	64579	1965	63596	797569	12.35
2015-2017	76	0.03354	0.03299	0.5	62614	2065	61581	733973	11.72
2015-2017	77	0.03515	0.03455	0.5	60548	2092	59502	672392	11.11
2015-2017	78	0.03941	0.03865	0.5	58456	2259	57327	612890	10.48
2015-2017	79	0.04251	0.04163	0.5	56197	2339	55027	555564	9.89
2015-2017	80	0.04785	0.04673	0.5	53858	2517	52599	500536	9.29
2015-2017	81	0.05357	0.05218	0.5	51341	2679	50002	447937	8.72
2015-2017	82	0.05900	0.05731	0.5	48662	2789	47268	397936	8.18
2015-2017	83	0.06424	0.06224	0.5	45873	2855	44446	350668	7.64
2015-2017	84	0.07355	0.07095	0.5	43018	3052	41492	306222	7.12
2015-2017	85	0.08307	0.07976	0.5	39966	3188	38372	264730	6.62
2015-2017	86	0.09504	0.09072	0.5	36778	3337	35110	226358	6.15
2015-2017	87	0.10708	0.10164	0.5	33442	3399	31742	191248	5.72
2015-2017	88	0.12045	0.11361	0.5	30043	3413	28336	159506	5.31
2015-2017	89	0.13524	0.12668	0.5	26629	3373	24943	131170	4.93
2015-2017	90	0.15154	0.14086	0.5	23256	3276	21618	106227	4.57
2015-2017	91	0.16941	0.15618	0.5	19980	3120	18420	84609	4.23
2015-2017	92	0.18891	0.17261	0.5	16860	2910	15405	66189	3.93
2015-2017	93	0.21010	0.19013	0.5	13950	2652	12624	50784	3.64
2015-2017	94	0.23298	0.20867	0.5	11297	2357	10119	38161	3.38
2015-2017	95	0.25754	0.22816	0.5	8940	2040	7920	28042	3.14
2015-2017	96	0.28373	0.24848	0.5	6900	1715	6043	20122	2.92
2015-2017	97	0.31146	0.26949	0.5	5186	1398	4487	14079	2.71
2015-2017	98	0.34062	0.29105	0.5	3788	1103	3237	9592	2.53
2015-2017	99	0.37104	0.31297	0.5	2686	841	2265	6355	2.37
2015-2017	100	0.40251	0.33508	0.5	1845	618	1536	4090	2.22
2015-2017	101	0.43481	0.35716	0.5	1227	438	1008	2554	2.08
2015-2017	102	0.46767	0.37904	0.5	789	299	639	1546	1.96
2015-2017	103	0.50082	0.40052	0.5	490	196	392	907	1.85
2015-2017	104	0.53395	0.42144	0.5	294	124	232	515	1.75
2015-2017	105	0.56679	0.44164	0.5	170	75	132	283	1.67
2015-2017	106	0.59906	0.46098	0.5	95	44	73	151	1.59
2015-2017	107	0.63049	0.47937	0.5	51	25	39	78	1.52
2015-2017	108	0.66085	0.49672	0.5	27	13	20	39	1.47
2015-2017	109	0.68994	0.51298	0.5	13	7	10	19	1.42
2015-2017	110+	0.71760	1.00000	1.39	7	7	9	9	1.39
