AL: Alabama, Lifetables (period 1x10), Males Last modified: 3 Dec 2019, MPv5 (May07) 

Year     	Age	mx	qx	ax	lx	dx	Lx	Tx	ex
1960-1969	0	0.03407	0.03310	0.14	100000	3310	97142	6468601	64.69
1960-1969	1	0.00231	0.00231	0.5	96690	224	96578	6371459	65.90
1960-1969	2	0.00141	0.00141	0.5	96467	136	96399	6274880	65.05
1960-1969	3	0.00107	0.00107	0.5	96331	103	96280	6178481	64.14
1960-1969	4	0.00081	0.00081	0.5	96228	78	96190	6082202	63.21
1960-1969	5	0.00071	0.00071	0.5	96151	68	96117	5986012	62.26
1960-1969	6	0.00065	0.00065	0.5	96083	62	96052	5889896	61.30
1960-1969	7	0.00065	0.00065	0.5	96020	62	95989	5793844	60.34
1960-1969	8	0.00062	0.00062	0.5	95958	59	95929	5697855	59.38
1960-1969	9	0.00053	0.00053	0.5	95899	51	95874	5601926	58.41
1960-1969	10	0.00055	0.00055	0.5	95848	53	95822	5506052	57.45
1960-1969	11	0.00052	0.00052	0.5	95795	50	95770	5410230	56.48
1960-1969	12	0.00060	0.00060	0.5	95745	57	95717	5314460	55.51
1960-1969	13	0.00076	0.00076	0.5	95688	72	95652	5218744	54.54
1960-1969	14	0.00088	0.00088	0.5	95615	84	95573	5123092	53.58
1960-1969	15	0.00126	0.00126	0.5	95532	120	95471	5027519	52.63
1960-1969	16	0.00164	0.00164	0.5	95411	156	95333	4932047	51.69
1960-1969	17	0.00189	0.00189	0.5	95255	180	95165	4836714	50.78
1960-1969	18	0.00227	0.00227	0.5	95075	216	94967	4741549	49.87
1960-1969	19	0.00215	0.00215	0.5	94859	204	94757	4646582	48.98
1960-1969	20	0.00222	0.00221	0.5	94655	210	94550	4551826	48.09
1960-1969	21	0.00245	0.00245	0.5	94445	231	94330	4457276	47.19
1960-1969	22	0.00263	0.00262	0.5	94214	247	94090	4362946	46.31
1960-1969	23	0.00257	0.00256	0.5	93967	241	93847	4268856	45.43
1960-1969	24	0.00250	0.00250	0.5	93726	234	93609	4175009	44.54
1960-1969	25	0.00260	0.00260	0.5	93492	243	93370	4081400	43.66
1960-1969	26	0.00244	0.00244	0.5	93249	227	93135	3988030	42.77
1960-1969	27	0.00259	0.00259	0.5	93021	241	92901	3894895	41.87
1960-1969	28	0.00260	0.00260	0.5	92781	241	92660	3801994	40.98
1960-1969	29	0.00286	0.00286	0.5	92540	265	92407	3709334	40.08
1960-1969	30	0.00262	0.00262	0.5	92275	242	92154	3616927	39.20
1960-1969	31	0.00279	0.00278	0.5	92033	256	91905	3524773	38.30
1960-1969	32	0.00298	0.00297	0.5	91777	273	91641	3432868	37.40
1960-1969	33	0.00312	0.00311	0.5	91504	285	91362	3341227	36.51
1960-1969	34	0.00353	0.00352	0.5	91219	321	91059	3249865	35.63
1960-1969	35	0.00371	0.00371	0.5	90898	337	90729	3158807	34.75
1960-1969	36	0.00367	0.00366	0.5	90561	332	90395	3068077	33.88
1960-1969	37	0.00415	0.00414	0.5	90229	374	90043	2977682	33.00
1960-1969	38	0.00446	0.00445	0.5	89856	400	89656	2887639	32.14
1960-1969	39	0.00484	0.00482	0.5	89456	432	89240	2797983	31.28
1960-1969	40	0.00529	0.00528	0.5	89024	470	88789	2708743	30.43
1960-1969	41	0.00579	0.00577	0.5	88554	511	88299	2619954	29.59
1960-1969	42	0.00612	0.00610	0.5	88043	537	87774	2531655	28.75
1960-1969	43	0.00693	0.00690	0.5	87506	604	87204	2443881	27.93
1960-1969	44	0.00726	0.00724	0.5	86901	629	86587	2356677	27.12
1960-1969	45	0.00788	0.00785	0.5	86273	678	85934	2270090	26.31
1960-1969	46	0.00841	0.00838	0.5	85595	717	85236	2184157	25.52
1960-1969	47	0.00919	0.00915	0.5	84878	776	84490	2098920	24.73
1960-1969	48	0.00975	0.00970	0.5	84101	816	83693	2014431	23.95
1960-1969	49	0.01069	0.01064	0.5	83285	886	82842	1930737	23.18
1960-1969	50	0.01207	0.01200	0.5	82399	989	81905	1847895	22.43
1960-1969	51	0.01256	0.01248	0.5	81411	1016	80903	1765990	21.69
1960-1969	52	0.01462	0.01452	0.5	80395	1167	79811	1685087	20.96
1960-1969	53	0.01541	0.01529	0.5	79227	1211	78622	1605276	20.26
1960-1969	54	0.01602	0.01590	0.5	78016	1240	77396	1526655	19.57
1960-1969	55	0.01806	0.01790	0.5	76776	1374	76088	1449259	18.88
1960-1969	56	0.01936	0.01918	0.5	75401	1446	74678	1373171	18.21
1960-1969	57	0.01993	0.01973	0.5	73955	1459	73226	1298492	17.56
1960-1969	58	0.02213	0.02189	0.5	72496	1587	71703	1225267	16.90
1960-1969	59	0.02428	0.02399	0.5	70909	1701	70059	1153564	16.27
1960-1969	60	0.02545	0.02513	0.5	69209	1739	68339	1083505	15.66
1960-1969	61	0.02606	0.02572	0.5	67470	1736	66602	1015166	15.05
1960-1969	62	0.03058	0.03012	0.5	65734	1980	64744	948564	14.43
1960-1969	63	0.03157	0.03108	0.5	63754	1982	62763	883820	13.86
1960-1969	64	0.03478	0.03419	0.5	61772	2112	60716	821057	13.29
1960-1969	65	0.04129	0.04046	0.5	59661	2414	58454	760341	12.74
1960-1969	66	0.03990	0.03912	0.5	57247	2240	56127	701887	12.26
1960-1969	67	0.04537	0.04437	0.5	55007	2441	53787	645760	11.74
1960-1969	68	0.04836	0.04722	0.5	52567	2482	51326	591973	11.26
1960-1969	69	0.04879	0.04763	0.5	50085	2386	48892	540647	10.79
1960-1969	70	0.05436	0.05292	0.5	47699	2524	46437	491755	10.31
1960-1969	71	0.05366	0.05226	0.5	45175	2361	43994	445318	9.86
1960-1969	72	0.06488	0.06284	0.5	42814	2691	41469	401324	9.37
1960-1969	73	0.06713	0.06495	0.5	40123	2606	38820	359856	8.97
1960-1969	74	0.07114	0.06870	0.5	37517	2577	36228	321035	8.56
1960-1969	75	0.07826	0.07531	0.5	34940	2631	33624	284807	8.15
1960-1969	76	0.08107	0.07791	0.5	32308	2517	31050	251183	7.77
1960-1969	77	0.08226	0.07901	0.5	29791	2354	28614	220133	7.39
1960-1969	78	0.09321	0.08906	0.5	27437	2443	26216	191519	6.98
1960-1969	79	0.09748	0.09295	0.5	24994	2323	23832	165303	6.61
1960-1969	80	0.11192	0.10598	0.5	22671	2403	21469	141471	6.24
1960-1969	81	0.11121	0.10535	0.5	20268	2135	19200	120001	5.92
1960-1969	82	0.12705	0.11946	0.5	18133	2166	17050	100801	5.56
1960-1969	83	0.14355	0.13394	0.5	15967	2139	14897	83751	5.25
1960-1969	84	0.15968	0.14787	0.5	13828	2045	12806	68854	4.98
1960-1969	85	0.17146	0.15792	0.5	11783	1861	10853	56049	4.76
1960-1969	86	0.18041	0.16549	0.5	9922	1642	9101	45196	4.55
1960-1969	87	0.19548	0.17807	0.5	8280	1475	7543	36094	4.36
1960-1969	88	0.19909	0.18107	0.5	6806	1232	6190	28551	4.20
1960-1969	89	0.21251	0.19210	0.5	5574	1071	5038	22362	4.01
1960-1969	90	0.21851	0.19699	0.5	4503	887	4059	17323	3.85
1960-1969	91	0.23185	0.20776	0.5	3616	751	3240	13264	3.67
1960-1969	92	0.24574	0.21885	0.5	2865	627	2551	10024	3.50
1960-1969	93	0.26019	0.23024	0.5	2238	515	1980	7473	3.34
1960-1969	94	0.27518	0.24190	0.5	1722	417	1514	5493	3.19
1960-1969	95	0.29069	0.25380	0.5	1306	331	1140	3978	3.05
1960-1969	96	0.30671	0.26593	0.5	974	259	845	2838	2.91
1960-1969	97	0.32320	0.27824	0.5	715	199	616	1993	2.79
1960-1969	98	0.34015	0.29071	0.5	516	150	441	1378	2.67
1960-1969	99	0.35752	0.30330	0.5	366	111	311	936	2.56
1960-1969	100	0.37527	0.31598	0.5	255	81	215	626	2.45
1960-1969	101	0.39336	0.32871	0.5	175	57	146	411	2.36
1960-1969	102	0.41175	0.34145	0.5	117	40	97	265	2.26
1960-1969	103	0.43039	0.35417	0.5	77	27	63	168	2.18
1960-1969	104	0.44922	0.36683	0.5	50	18	41	105	2.10
1960-1969	105	0.46821	0.37939	0.5	32	12	26	64	2.03
1960-1969	106	0.48728	0.39182	0.5	20	8	16	38	1.96
1960-1969	107	0.50640	0.40408	0.5	12	5	10	23	1.90
1960-1969	108	0.52549	0.41615	0.5	7	3	6	13	1.84
1960-1969	109	0.54452	0.42799	0.5	4	2	3	7	1.80
1960-1969	110+	0.56341	1.00000	1.77	2	2	4	4	1.77
1970-1979	0	0.02330	0.02283	0.11	100000	2283	97963	6627843	66.28
1970-1979	1	0.00142	0.00142	0.5	97717	139	97648	6529880	66.82
1970-1979	2	0.00097	0.00097	0.5	97578	95	97531	6432232	65.92
1970-1979	3	0.00071	0.00071	0.5	97483	69	97449	6334702	64.98
1970-1979	4	0.00068	0.00068	0.5	97414	67	97381	6237253	64.03
1970-1979	5	0.00059	0.00059	0.5	97347	58	97319	6139872	63.07
1970-1979	6	0.00052	0.00052	0.5	97290	51	97264	6042554	62.11
1970-1979	7	0.00055	0.00055	0.5	97239	53	97213	5945289	61.14
1970-1979	8	0.00047	0.00047	0.5	97186	45	97164	5848077	60.17
1970-1979	9	0.00042	0.00042	0.5	97141	41	97120	5750913	59.20
1970-1979	10	0.00045	0.00045	0.5	97100	44	97078	5653793	58.23
1970-1979	11	0.00045	0.00045	0.5	97056	43	97034	5556715	57.25
1970-1979	12	0.00053	0.00053	0.5	97012	52	96986	5459681	56.28
1970-1979	13	0.00073	0.00073	0.5	96961	70	96925	5362695	55.31
1970-1979	14	0.00091	0.00091	0.5	96890	88	96846	5265769	54.35
1970-1979	15	0.00107	0.00107	0.5	96802	104	96750	5168923	53.40
1970-1979	16	0.00153	0.00153	0.5	96698	148	96624	5072173	52.45
1970-1979	17	0.00192	0.00192	0.5	96550	185	96457	4975549	51.53
1970-1979	18	0.00216	0.00216	0.5	96365	208	96261	4879092	50.63
1970-1979	19	0.00220	0.00220	0.5	96157	211	96052	4782831	49.74
1970-1979	20	0.00225	0.00225	0.5	95946	215	95838	4686779	48.85
1970-1979	21	0.00238	0.00238	0.5	95731	228	95616	4590941	47.96
1970-1979	22	0.00261	0.00261	0.5	95502	249	95378	4495325	47.07
1970-1979	23	0.00266	0.00265	0.5	95253	253	95127	4399947	46.19
1970-1979	24	0.00242	0.00242	0.5	95000	230	94885	4304820	45.31
1970-1979	25	0.00257	0.00257	0.5	94770	243	94649	4209935	44.42
1970-1979	26	0.00257	0.00257	0.5	94527	243	94406	4115286	43.54
1970-1979	27	0.00252	0.00252	0.5	94285	237	94166	4020880	42.65
1970-1979	28	0.00267	0.00266	0.5	94047	250	93922	3926714	41.75
1970-1979	29	0.00245	0.00245	0.5	93797	230	93682	3832792	40.86
1970-1979	30	0.00272	0.00271	0.5	93567	254	93440	3739110	39.96
1970-1979	31	0.00272	0.00272	0.5	93313	254	93186	3645670	39.07
1970-1979	32	0.00294	0.00294	0.5	93059	273	92923	3552483	38.17
1970-1979	33	0.00283	0.00282	0.5	92786	262	92655	3459561	37.29
1970-1979	34	0.00298	0.00298	0.5	92524	275	92387	3366905	36.39
1970-1979	35	0.00322	0.00322	0.5	92249	297	92101	3274519	35.50
1970-1979	36	0.00337	0.00337	0.5	91952	310	91797	3182418	34.61
1970-1979	37	0.00386	0.00385	0.5	91642	353	91466	3090621	33.72
1970-1979	38	0.00419	0.00418	0.5	91290	381	91099	2999155	32.85
1970-1979	39	0.00459	0.00458	0.5	90908	416	90700	2908056	31.99
1970-1979	40	0.00475	0.00474	0.5	90492	428	90278	2817356	31.13
1970-1979	41	0.00540	0.00538	0.5	90063	485	89821	2727078	30.28
1970-1979	42	0.00599	0.00597	0.5	89579	535	89311	2637257	29.44
1970-1979	43	0.00599	0.00597	0.5	89044	532	88778	2547946	28.61
1970-1979	44	0.00675	0.00673	0.5	88512	595	88214	2459168	27.78
1970-1979	45	0.00720	0.00718	0.5	87917	631	87601	2370954	26.97
1970-1979	46	0.00788	0.00785	0.5	87286	685	86943	2283352	26.16
1970-1979	47	0.00837	0.00834	0.5	86601	722	86240	2196409	25.36
1970-1979	48	0.00932	0.00928	0.5	85879	797	85481	2110169	24.57
1970-1979	49	0.01003	0.00998	0.5	85082	849	84658	2024689	23.80
1970-1979	50	0.01069	0.01064	0.5	84233	896	83785	1940031	23.03
1970-1979	51	0.01196	0.01189	0.5	83337	991	82842	1856246	22.27
1970-1979	52	0.01332	0.01323	0.5	82346	1089	81802	1773404	21.54
1970-1979	53	0.01409	0.01399	0.5	81257	1137	80688	1691602	20.82
1970-1979	54	0.01559	0.01547	0.5	80120	1239	79500	1610914	20.11
1970-1979	55	0.01698	0.01684	0.5	78881	1328	78217	1531414	19.41
1970-1979	56	0.01823	0.01807	0.5	77553	1401	76852	1453197	18.74
1970-1979	57	0.01933	0.01914	0.5	76151	1458	75423	1376345	18.07
1970-1979	58	0.02028	0.02007	0.5	74694	1499	73944	1300923	17.42
1970-1979	59	0.02155	0.02132	0.5	73194	1560	72414	1226978	16.76
1970-1979	60	0.02463	0.02433	0.5	71634	1743	70763	1154564	16.12
1970-1979	61	0.02604	0.02571	0.5	69891	1797	68993	1083802	15.51
1970-1979	62	0.03026	0.02981	0.5	68095	2030	67080	1014809	14.90
1970-1979	63	0.03001	0.02957	0.5	66065	1953	65088	947729	14.35
1970-1979	64	0.03298	0.03245	0.5	64111	2080	63071	882641	13.77
1970-1979	65	0.03657	0.03591	0.5	62031	2228	60917	819569	13.21
1970-1979	66	0.03817	0.03745	0.5	59804	2240	58684	758652	12.69
1970-1979	67	0.03965	0.03888	0.5	57564	2238	56445	699968	12.16
1970-1979	68	0.04332	0.04240	0.5	55326	2346	54153	643523	11.63
1970-1979	69	0.04510	0.04410	0.5	52980	2337	51812	589370	11.12
1970-1979	70	0.05026	0.04903	0.5	50643	2483	49402	537559	10.61
1970-1979	71	0.05214	0.05082	0.5	48160	2447	46937	488157	10.14
1970-1979	72	0.05879	0.05711	0.5	45713	2611	44408	441220	9.65
1970-1979	73	0.06282	0.06091	0.5	43102	2625	41790	396812	9.21
1970-1979	74	0.06775	0.06553	0.5	40477	2652	39151	355022	8.77
1970-1979	75	0.07144	0.06898	0.5	37825	2609	36520	315871	8.35
1970-1979	76	0.07593	0.07316	0.5	35216	2576	33928	279351	7.93
1970-1979	77	0.08363	0.08027	0.5	32640	2620	31330	245424	7.52
1970-1979	78	0.09067	0.08673	0.5	30020	2604	28718	214094	7.13
1970-1979	79	0.09328	0.08913	0.5	27416	2443	26194	185376	6.76
1970-1979	80	0.10898	0.10335	0.5	24972	2581	23682	159182	6.37
1970-1979	81	0.11296	0.10692	0.5	22392	2394	21194	135500	6.05
1970-1979	82	0.12548	0.11807	0.5	19997	2361	18817	114306	5.72
1970-1979	83	0.13844	0.12947	0.5	17636	2283	16495	95489	5.41
1970-1979	84	0.15262	0.14180	0.5	15353	2177	14264	78994	5.15
1970-1979	85	0.16155	0.14947	0.5	13176	1969	12191	64730	4.91
1970-1979	86	0.17133	0.15781	0.5	11206	1768	10322	52539	4.69
1970-1979	87	0.18087	0.16587	0.5	9438	1565	8655	42217	4.47
1970-1979	88	0.19337	0.17632	0.5	7872	1388	7178	33562	4.26
1970-1979	89	0.20274	0.18408	0.5	6484	1194	5888	26383	4.07
1970-1979	90	0.21572	0.19471	0.5	5291	1030	4776	20496	3.87
1970-1979	91	0.22928	0.20570	0.5	4261	876	3822	15720	3.69
1970-1979	92	0.24343	0.21702	0.5	3384	734	3017	11898	3.52
1970-1979	93	0.25817	0.22865	0.5	2650	606	2347	8881	3.35
1970-1979	94	0.27347	0.24057	0.5	2044	492	1798	6534	3.20
1970-1979	95	0.28933	0.25276	0.5	1552	392	1356	4736	3.05
1970-1979	96	0.30571	0.26518	0.5	1160	308	1006	3380	2.91
1970-1979	97	0.32261	0.27780	0.5	852	237	734	2374	2.79
1970-1979	98	0.33998	0.29059	0.5	616	179	526	1640	2.66
1970-1979	99	0.35780	0.30350	0.5	437	133	370	1114	2.55
1970-1979	100	0.37601	0.31651	0.5	304	96	256	743	2.44
1970-1979	101	0.39458	0.32956	0.5	208	69	174	487	2.35
1970-1979	102	0.41347	0.34263	0.5	139	48	115	314	2.25
1970-1979	103	0.43261	0.35567	0.5	92	33	75	198	2.17
1970-1979	104	0.45195	0.36865	0.5	59	22	48	123	2.08
1970-1979	105	0.47144	0.38151	0.5	37	14	30	75	2.01
1970-1979	106	0.49102	0.39423	0.5	23	9	19	45	1.94
1970-1979	107	0.51062	0.40677	0.5	14	6	11	26	1.88
1970-1979	108	0.53019	0.41909	0.5	8	3	7	15	1.83
1970-1979	109	0.54967	0.43117	0.5	5	2	4	9	1.78
1970-1979	110+	0.56900	1.00000	1.76	3	3	5	5	1.76
1980-1989	0	0.01473	0.01453	0.08	100000	1453	98670	6917109	69.17
1980-1989	1	0.00104	0.00104	0.5	98547	103	98495	6818439	69.19
1980-1989	2	0.00067	0.00067	0.5	98444	66	98411	6719944	68.26
1980-1989	3	0.00060	0.00060	0.5	98378	59	98349	6621532	67.31
1980-1989	4	0.00044	0.00044	0.5	98319	43	98298	6523184	66.35
1980-1989	5	0.00034	0.00034	0.5	98276	34	98259	6424886	65.38
1980-1989	6	0.00037	0.00037	0.5	98242	37	98224	6326627	64.40
1980-1989	7	0.00035	0.00035	0.5	98206	35	98188	6228403	63.42
1980-1989	8	0.00035	0.00035	0.5	98171	34	98154	6130215	62.44
1980-1989	9	0.00031	0.00031	0.5	98137	30	98121	6032061	61.47
1980-1989	10	0.00031	0.00031	0.5	98106	31	98091	5933940	60.48
1980-1989	11	0.00035	0.00035	0.5	98076	34	98058	5835849	59.50
1980-1989	12	0.00043	0.00043	0.5	98041	42	98020	5737790	58.52
1980-1989	13	0.00052	0.00052	0.5	97999	51	97974	5639770	57.55
1980-1989	14	0.00063	0.00063	0.5	97949	62	97918	5541796	56.58
1980-1989	15	0.00086	0.00086	0.5	97887	85	97845	5443878	55.61
1980-1989	16	0.00122	0.00122	0.5	97802	120	97743	5346033	54.66
1980-1989	17	0.00134	0.00134	0.5	97683	131	97617	5248291	53.73
1980-1989	18	0.00159	0.00159	0.5	97552	155	97474	5150674	52.80
1980-1989	19	0.00166	0.00166	0.5	97397	162	97316	5053199	51.88
1980-1989	20	0.00191	0.00191	0.5	97235	185	97142	4955884	50.97
1980-1989	21	0.00196	0.00196	0.5	97050	190	96955	4858741	50.06
1980-1989	22	0.00185	0.00185	0.5	96859	179	96770	4761787	49.16
1980-1989	23	0.00202	0.00202	0.5	96680	195	96582	4665017	48.25
1980-1989	24	0.00202	0.00202	0.5	96485	195	96387	4568435	47.35
1980-1989	25	0.00201	0.00201	0.5	96290	193	96193	4472047	46.44
1980-1989	26	0.00201	0.00201	0.5	96097	193	96000	4375854	45.54
1980-1989	27	0.00209	0.00209	0.5	95903	200	95803	4279854	44.63
1980-1989	28	0.00219	0.00219	0.5	95703	210	95598	4184051	43.72
1980-1989	29	0.00207	0.00207	0.5	95494	198	95395	4088452	42.81
1980-1989	30	0.00222	0.00222	0.5	95296	211	95190	3993057	41.90
1980-1989	31	0.00246	0.00246	0.5	95085	234	94968	3897867	40.99
1980-1989	32	0.00248	0.00247	0.5	94851	235	94734	3802899	40.09
1980-1989	33	0.00236	0.00236	0.5	94616	223	94505	3708165	39.19
1980-1989	34	0.00246	0.00246	0.5	94394	232	94277	3613660	38.28
1980-1989	35	0.00252	0.00252	0.5	94161	237	94043	3519383	37.38
1980-1989	36	0.00268	0.00268	0.5	93924	251	93798	3425340	36.47
1980-1989	37	0.00280	0.00280	0.5	93673	262	93542	3331541	35.57
1980-1989	38	0.00339	0.00338	0.5	93411	316	93253	3238000	34.66
1980-1989	39	0.00307	0.00307	0.5	93095	286	92952	3144747	33.78
1980-1989	40	0.00345	0.00344	0.5	92809	320	92649	3051795	32.88
1980-1989	41	0.00380	0.00380	0.5	92490	351	92314	2959145	31.99
1980-1989	42	0.00425	0.00424	0.5	92139	391	91943	2866831	31.11
1980-1989	43	0.00440	0.00439	0.5	91748	403	91546	2774888	30.24
1980-1989	44	0.00486	0.00484	0.5	91345	443	91123	2683342	29.38
1980-1989	45	0.00507	0.00506	0.5	90902	460	90672	2592218	28.52
1980-1989	46	0.00595	0.00593	0.5	90442	537	90174	2501546	27.66
1980-1989	47	0.00610	0.00608	0.5	89906	547	89632	2411372	26.82
1980-1989	48	0.00747	0.00744	0.5	89359	665	89026	2321740	25.98
1980-1989	49	0.00760	0.00757	0.5	88694	672	88358	2232714	25.17
1980-1989	50	0.00844	0.00841	0.5	88022	740	87652	2144356	24.36
1980-1989	51	0.00964	0.00959	0.5	87282	837	86864	2056704	23.56
1980-1989	52	0.01065	0.01060	0.5	86445	916	85987	1969840	22.79
1980-1989	53	0.01131	0.01124	0.5	85529	962	85048	1883852	22.03
1980-1989	54	0.01197	0.01190	0.5	84568	1006	84064	1798804	21.27
1980-1989	55	0.01377	0.01368	0.5	83561	1143	82990	1714740	20.52
1980-1989	56	0.01470	0.01460	0.5	82418	1203	81817	1631750	19.80
1980-1989	57	0.01595	0.01583	0.5	81215	1285	80573	1549933	19.08
1980-1989	58	0.01743	0.01728	0.5	79930	1381	79239	1469361	18.38
1980-1989	59	0.01870	0.01853	0.5	78549	1455	77821	1390121	17.70
1980-1989	60	0.01981	0.01961	0.5	77093	1512	76337	1312300	17.02
1980-1989	61	0.02130	0.02108	0.5	75581	1593	74785	1235963	16.35
1980-1989	62	0.02502	0.02471	0.5	73988	1828	73074	1161178	15.69
1980-1989	63	0.02680	0.02644	0.5	72160	1908	71206	1088104	15.08
1980-1989	64	0.02800	0.02762	0.5	70252	1940	69282	1016898	14.48
1980-1989	65	0.03092	0.03044	0.5	68312	2080	67272	947617	13.87
1980-1989	66	0.03286	0.03233	0.5	66232	2141	65161	880345	13.29
1980-1989	67	0.03458	0.03399	0.5	64091	2178	63001	815184	12.72
1980-1989	68	0.03973	0.03896	0.5	61912	2412	60706	752183	12.15
1980-1989	69	0.04147	0.04063	0.5	59500	2417	58292	691476	11.62
1980-1989	70	0.04475	0.04377	0.5	57083	2498	55834	633185	11.09
1980-1989	71	0.04714	0.04605	0.5	54584	2514	53328	577351	10.58
1980-1989	72	0.05384	0.05243	0.5	52071	2730	50706	524024	10.06
1980-1989	73	0.05972	0.05798	0.5	49341	2861	47910	473318	9.59
1980-1989	74	0.06314	0.06120	0.5	46480	2845	45057	425407	9.15
1980-1989	75	0.06602	0.06391	0.5	43635	2789	42241	380350	8.72
1980-1989	76	0.07264	0.07009	0.5	40847	2863	39415	338109	8.28
1980-1989	77	0.07585	0.07308	0.5	37983	2776	36596	298694	7.86
1980-1989	78	0.08501	0.08155	0.5	35208	2871	33772	262099	7.44
1980-1989	79	0.08266	0.07937	0.5	32337	2567	31053	228327	7.06
1980-1989	80	0.10029	0.09550	0.5	29770	2843	28348	197273	6.63
1980-1989	81	0.10625	0.10089	0.5	26927	2717	25569	168925	6.27
1980-1989	82	0.12082	0.11393	0.5	24210	2758	22831	143356	5.92
1980-1989	83	0.13025	0.12229	0.5	21452	2623	20140	120525	5.62
1980-1989	84	0.14127	0.13195	0.5	18829	2484	17586	100385	5.33
1980-1989	85	0.15253	0.14172	0.5	16344	2316	15186	82799	5.07
1980-1989	86	0.16358	0.15121	0.5	14028	2121	12967	67613	4.82
1980-1989	87	0.17217	0.15853	0.5	11907	1888	10963	54646	4.59
1980-1989	88	0.18595	0.17013	0.5	10019	1705	9167	43683	4.36
1980-1989	89	0.19076	0.17415	0.5	8315	1448	7591	34516	4.15
1980-1989	90	0.20983	0.18991	0.5	6867	1304	6215	26925	3.92
1980-1989	91	0.22412	0.20153	0.5	5563	1121	5002	20711	3.72
1980-1989	92	0.23908	0.21355	0.5	4442	948	3967	15709	3.54
1980-1989	93	0.25471	0.22594	0.5	3493	789	3098	11741	3.36
1980-1989	94	0.27100	0.23867	0.5	2704	645	2381	8643	3.20
1980-1989	95	0.28794	0.25170	0.5	2059	518	1799	6262	3.04
1980-1989	96	0.30548	0.26501	0.5	1540	408	1336	4462	2.90
1980-1989	97	0.32361	0.27854	0.5	1132	315	974	3126	2.76
1980-1989	98	0.34229	0.29227	0.5	817	239	697	2152	2.63
1980-1989	99	0.36146	0.30613	0.5	578	177	490	1454	2.52
1980-1989	100	0.38109	0.32010	0.5	401	128	337	965	2.40
1980-1989	101	0.40112	0.33411	0.5	273	91	227	628	2.30
1980-1989	102	0.42148	0.34812	0.5	182	63	150	401	2.21
1980-1989	103	0.44211	0.36207	0.5	118	43	97	251	2.12
1980-1989	104	0.46294	0.37593	0.5	76	28	61	154	2.03
1980-1989	105	0.48390	0.38963	0.5	47	18	38	92	1.96
1980-1989	106	0.50492	0.40315	0.5	29	12	23	54	1.89
1980-1989	107	0.52593	0.41642	0.5	17	7	14	31	1.83
1980-1989	108	0.54684	0.42942	0.5	10	4	8	18	1.77
1980-1989	109	0.56758	0.44212	0.5	6	3	4	10	1.73
1980-1989	110+	0.58810	1.00000	1.7	3	3	5	5	1.70
1990-1999	0	0.01198	0.01185	0.08	100000	1185	98906	7030808	70.31
1990-1999	1	0.00092	0.00092	0.5	98815	91	98770	6931901	70.15
1990-1999	2	0.00062	0.00062	0.5	98724	61	98694	6833132	69.21
1990-1999	3	0.00053	0.00053	0.5	98664	52	98638	6734438	68.26
1990-1999	4	0.00038	0.00038	0.5	98611	37	98593	6635800	67.29
1990-1999	5	0.00033	0.00033	0.5	98574	32	98558	6537207	66.32
1990-1999	6	0.00034	0.00034	0.5	98542	34	98525	6438649	65.34
1990-1999	7	0.00029	0.00029	0.5	98508	29	98494	6340123	64.36
1990-1999	8	0.00024	0.00024	0.5	98479	23	98468	6241630	63.38
1990-1999	9	0.00023	0.00023	0.5	98456	23	98445	6143162	62.40
1990-1999	10	0.00028	0.00028	0.5	98433	28	98419	6044717	61.41
1990-1999	11	0.00020	0.00020	0.5	98405	20	98396	5946298	60.43
1990-1999	12	0.00034	0.00034	0.5	98386	33	98369	5847902	59.44
1990-1999	13	0.00053	0.00053	0.5	98352	52	98326	5749533	58.46
1990-1999	14	0.00065	0.00065	0.5	98301	64	98269	5651207	57.49
1990-1999	15	0.00076	0.00076	0.5	98237	74	98200	5552938	56.53
1990-1999	16	0.00134	0.00134	0.5	98162	131	98097	5454739	55.57
1990-1999	17	0.00159	0.00159	0.5	98031	155	97953	5356642	54.64
1990-1999	18	0.00199	0.00199	0.5	97876	195	97778	5258689	53.73
1990-1999	19	0.00193	0.00193	0.5	97681	189	97587	5160910	52.83
1990-1999	20	0.00186	0.00186	0.5	97492	182	97401	5063324	51.94
1990-1999	21	0.00203	0.00203	0.5	97311	197	97212	4965922	51.03
1990-1999	22	0.00209	0.00209	0.5	97113	203	97012	4868710	50.13
1990-1999	23	0.00218	0.00218	0.5	96910	211	96805	4771699	49.24
1990-1999	24	0.00208	0.00208	0.5	96699	201	96598	4674894	48.34
1990-1999	25	0.00189	0.00189	0.5	96498	182	96407	4578296	47.44
1990-1999	26	0.00190	0.00190	0.5	96315	183	96224	4481889	46.53
1990-1999	27	0.00202	0.00202	0.5	96133	194	96036	4385665	45.62
1990-1999	28	0.00233	0.00232	0.5	95938	223	95827	4289630	44.71
1990-1999	29	0.00237	0.00237	0.5	95715	227	95602	4193803	43.82
1990-1999	30	0.00230	0.00230	0.5	95489	219	95379	4098201	42.92
1990-1999	31	0.00264	0.00264	0.5	95269	252	95144	4002822	42.02
1990-1999	32	0.00251	0.00251	0.5	95018	238	94899	3907678	41.13
1990-1999	33	0.00266	0.00265	0.5	94780	252	94654	3812780	40.23
1990-1999	34	0.00269	0.00269	0.5	94528	254	94401	3718126	39.33
1990-1999	35	0.00289	0.00288	0.5	94274	272	94138	3623725	38.44
1990-1999	36	0.00302	0.00302	0.5	94002	284	93860	3529587	37.55
1990-1999	37	0.00309	0.00309	0.5	93718	289	93574	3435726	36.66
1990-1999	38	0.00332	0.00332	0.5	93429	310	93274	3342152	35.77
1990-1999	39	0.00329	0.00329	0.5	93119	306	92966	3248878	34.89
1990-1999	40	0.00359	0.00358	0.5	92813	332	92647	3155912	34.00
1990-1999	41	0.00407	0.00406	0.5	92481	376	92293	3063265	33.12
1990-1999	42	0.00413	0.00412	0.5	92105	379	91915	2970972	32.26
1990-1999	43	0.00454	0.00453	0.5	91726	416	91518	2879057	31.39
1990-1999	44	0.00452	0.00451	0.5	91310	411	91104	2787539	30.53
1990-1999	45	0.00509	0.00508	0.5	90899	461	90668	2696435	29.66
1990-1999	46	0.00546	0.00544	0.5	90437	492	90191	2605767	28.81
1990-1999	47	0.00634	0.00632	0.5	89945	569	89661	2515576	27.97
1990-1999	48	0.00655	0.00653	0.5	89376	584	89084	2425916	27.14
1990-1999	49	0.00663	0.00660	0.5	88793	586	88499	2336831	26.32
1990-1999	50	0.00753	0.00750	0.5	88206	662	87876	2248332	25.49
1990-1999	51	0.00793	0.00790	0.5	87545	692	87199	2160456	24.68
1990-1999	52	0.00897	0.00893	0.5	86853	776	86465	2073257	23.87
1990-1999	53	0.00984	0.00979	0.5	86078	843	85656	1986792	23.08
1990-1999	54	0.01040	0.01035	0.5	85235	882	84794	1901135	22.30
1990-1999	55	0.01128	0.01122	0.5	84353	946	83880	1816341	21.53
1990-1999	56	0.01203	0.01196	0.5	83407	998	82908	1732461	20.77
1990-1999	57	0.01291	0.01283	0.5	82409	1057	81881	1649553	20.02
1990-1999	58	0.01487	0.01476	0.5	81352	1201	80752	1567672	19.27
1990-1999	59	0.01595	0.01582	0.5	80152	1268	79518	1486920	18.55
1990-1999	60	0.01709	0.01694	0.5	78884	1336	78215	1407402	17.84
1990-1999	61	0.01991	0.01971	0.5	77547	1529	76783	1329187	17.14
1990-1999	62	0.02134	0.02111	0.5	76019	1605	75216	1252404	16.47
1990-1999	63	0.02330	0.02303	0.5	74414	1714	73557	1177188	15.82
1990-1999	64	0.02503	0.02472	0.5	72700	1797	71801	1103632	15.18
1990-1999	65	0.02630	0.02595	0.5	70903	1840	69982	1031830	14.55
1990-1999	66	0.02922	0.02880	0.5	69062	1989	68068	961848	13.93
1990-1999	67	0.03069	0.03023	0.5	67074	2027	66060	893780	13.33
1990-1999	68	0.03490	0.03430	0.5	65046	2231	63931	827720	12.73
1990-1999	69	0.03842	0.03769	0.5	62815	2368	61631	763790	12.16
1990-1999	70	0.03850	0.03778	0.5	60447	2283	59305	702159	11.62
1990-1999	71	0.04392	0.04298	0.5	58164	2500	56914	642853	11.05
1990-1999	72	0.04695	0.04587	0.5	55664	2553	54387	585939	10.53
1990-1999	73	0.05052	0.04928	0.5	53111	2617	51802	531552	10.01
1990-1999	74	0.05460	0.05315	0.5	50493	2683	49152	479750	9.50
1990-1999	75	0.05992	0.05818	0.5	47810	2782	46419	430599	9.01
1990-1999	76	0.06427	0.06227	0.5	45028	2804	43626	384179	8.53
1990-1999	77	0.07007	0.06770	0.5	42224	2859	40795	340553	8.07
1990-1999	78	0.07710	0.07424	0.5	39366	2923	37904	299758	7.61
1990-1999	79	0.08303	0.07972	0.5	36443	2905	34991	261853	7.19
1990-1999	80	0.09469	0.09041	0.5	33538	3032	32022	226863	6.76
1990-1999	81	0.10467	0.09947	0.5	30506	3034	28989	194841	6.39
1990-1999	82	0.11183	0.10591	0.5	27471	2910	26017	165852	6.04
1990-1999	83	0.12209	0.11506	0.5	24562	2826	23149	139836	5.69
1990-1999	84	0.13059	0.12259	0.5	21736	2665	20404	116687	5.37
1990-1999	85	0.14740	0.13728	0.5	19071	2618	17762	96283	5.05
1990-1999	86	0.16040	0.14849	0.5	16453	2443	15232	78521	4.77
1990-1999	87	0.16490	0.15234	0.5	14010	2134	12943	63290	4.52
1990-1999	88	0.18976	0.17332	0.5	11876	2058	10847	50347	4.24
1990-1999	89	0.19851	0.18059	0.5	9817	1773	8931	39500	4.02
1990-1999	90	0.21279	0.19233	0.5	8045	1547	7271	30569	3.80
1990-1999	91	0.23021	0.20645	0.5	6497	1341	5827	23298	3.59
1990-1999	92	0.24746	0.22021	0.5	5156	1135	4588	17472	3.39
1990-1999	93	0.26555	0.23443	0.5	4021	943	3549	12883	3.20
1990-1999	94	0.28447	0.24905	0.5	3078	767	2695	9334	3.03
1990-1999	95	0.30418	0.26402	0.5	2311	610	2006	6639	2.87
1990-1999	96	0.32463	0.27930	0.5	1701	475	1464	4633	2.72
1990-1999	97	0.34577	0.29481	0.5	1226	361	1045	3169	2.59
1990-1999	98	0.36755	0.31049	0.5	865	268	730	2124	2.46
1990-1999	99	0.38987	0.32627	0.5	596	195	499	1394	2.34
1990-1999	100	0.41267	0.34209	0.5	402	137	333	895	2.23
1990-1999	101	0.43585	0.35786	0.5	264	95	217	562	2.13
1990-1999	102	0.45931	0.37353	0.5	170	63	138	345	2.03
1990-1999	103	0.48295	0.38902	0.5	106	41	86	207	1.95
1990-1999	104	0.50668	0.40426	0.5	65	26	52	121	1.87
1990-1999	105	0.53037	0.41920	0.5	39	16	31	69	1.79
1990-1999	106	0.55392	0.43378	0.5	22	10	18	39	1.73
1990-1999	107	0.57723	0.44795	0.5	13	6	10	21	1.67
1990-1999	108	0.60021	0.46166	0.5	7	3	5	11	1.62
1990-1999	109	0.62275	0.47489	0.5	4	2	3	6	1.58
1990-1999	110+	0.64478	1.00000	1.55	2	2	3	3	1.55
2000-2009	0	0.01041	0.01031	0.07	100000	1031	99044	7165165	71.65
2000-2009	1	0.00073	0.00073	0.5	98969	72	98933	7066121	71.40
2000-2009	2	0.00048	0.00048	0.5	98897	48	98873	6967188	70.45
2000-2009	3	0.00040	0.00040	0.5	98849	40	98829	6868315	69.48
2000-2009	4	0.00029	0.00029	0.5	98809	29	98795	6769486	68.51
2000-2009	5	0.00021	0.00021	0.5	98780	21	98770	6670691	67.53
2000-2009	6	0.00020	0.00020	0.5	98760	20	98749	6571921	66.54
2000-2009	7	0.00021	0.00021	0.5	98739	20	98729	6473172	65.56
2000-2009	8	0.00021	0.00021	0.5	98719	21	98709	6374443	64.57
2000-2009	9	0.00020	0.00020	0.5	98698	20	98689	6275734	63.58
2000-2009	10	0.00019	0.00019	0.5	98679	19	98670	6177045	62.60
2000-2009	11	0.00022	0.00022	0.5	98660	22	98649	6078376	61.61
2000-2009	12	0.00022	0.00022	0.5	98638	22	98627	5979726	60.62
2000-2009	13	0.00028	0.00028	0.5	98617	27	98603	5881099	59.64
2000-2009	14	0.00047	0.00047	0.5	98589	46	98566	5782496	58.65
2000-2009	15	0.00056	0.00056	0.5	98543	56	98516	5683930	57.68
2000-2009	16	0.00099	0.00099	0.5	98488	97	98439	5585414	56.71
2000-2009	17	0.00111	0.00111	0.5	98391	109	98336	5486975	55.77
2000-2009	18	0.00151	0.00151	0.5	98281	148	98207	5388639	54.83
2000-2009	19	0.00188	0.00187	0.5	98133	184	98041	5290432	53.91
2000-2009	20	0.00205	0.00205	0.5	97949	201	97849	5192390	53.01
2000-2009	21	0.00211	0.00211	0.5	97748	206	97645	5094541	52.12
2000-2009	22	0.00205	0.00205	0.5	97543	200	97442	4996896	51.23
2000-2009	23	0.00205	0.00205	0.5	97342	199	97243	4899453	50.33
2000-2009	24	0.00203	0.00203	0.5	97143	197	97044	4802211	49.43
2000-2009	25	0.00213	0.00213	0.5	96946	207	96842	4705166	48.53
2000-2009	26	0.00206	0.00206	0.5	96739	199	96639	4608324	47.64
2000-2009	27	0.00214	0.00214	0.5	96539	207	96436	4511685	46.73
2000-2009	28	0.00199	0.00199	0.5	96333	192	96237	4415249	45.83
2000-2009	29	0.00211	0.00211	0.5	96141	203	96040	4319011	44.92
2000-2009	30	0.00208	0.00207	0.5	95938	199	95839	4222972	44.02
2000-2009	31	0.00218	0.00218	0.5	95739	209	95635	4127133	43.11
2000-2009	32	0.00219	0.00218	0.5	95531	209	95426	4031498	42.20
2000-2009	33	0.00224	0.00224	0.5	95322	213	95215	3936072	41.29
2000-2009	34	0.00240	0.00239	0.5	95109	228	94995	3840856	40.38
2000-2009	35	0.00238	0.00238	0.5	94881	226	94768	3745861	39.48
2000-2009	36	0.00253	0.00253	0.5	94655	239	94536	3651093	38.57
2000-2009	37	0.00289	0.00288	0.5	94416	272	94280	3556557	37.67
2000-2009	38	0.00301	0.00300	0.5	94144	283	94003	3462277	36.78
2000-2009	39	0.00322	0.00322	0.5	93861	302	93710	3368274	35.89
2000-2009	40	0.00351	0.00350	0.5	93559	328	93395	3274564	35.00
2000-2009	41	0.00368	0.00367	0.5	93231	342	93060	3181169	34.12
2000-2009	42	0.00399	0.00398	0.5	92889	370	92705	3088109	33.25
2000-2009	43	0.00446	0.00445	0.5	92520	412	92314	2995404	32.38
2000-2009	44	0.00492	0.00491	0.5	92108	452	91882	2903090	31.52
2000-2009	45	0.00510	0.00509	0.5	91656	467	91422	2811208	30.67
2000-2009	46	0.00583	0.00582	0.5	91189	531	90924	2719786	29.83
2000-2009	47	0.00613	0.00612	0.5	90658	554	90381	2628862	29.00
2000-2009	48	0.00659	0.00657	0.5	90104	592	89808	2538481	28.17
2000-2009	49	0.00709	0.00707	0.5	89512	632	89196	2448673	27.36
2000-2009	50	0.00751	0.00748	0.5	88880	665	88548	2359477	26.55
2000-2009	51	0.00834	0.00830	0.5	88215	732	87849	2270929	25.74
2000-2009	52	0.00873	0.00870	0.5	87483	761	87103	2183080	24.95
2000-2009	53	0.00954	0.00949	0.5	86722	823	86310	2095978	24.17
2000-2009	54	0.01014	0.01009	0.5	85899	866	85466	2009667	23.40
2000-2009	55	0.01102	0.01096	0.5	85032	932	84566	1924201	22.63
2000-2009	56	0.01165	0.01158	0.5	84101	974	83614	1839635	21.87
2000-2009	57	0.01276	0.01268	0.5	83127	1054	82600	1756021	21.12
2000-2009	58	0.01371	0.01362	0.5	82073	1118	81514	1673421	20.39
2000-2009	59	0.01453	0.01442	0.5	80955	1168	80371	1591908	19.66
2000-2009	60	0.01511	0.01500	0.5	79787	1197	79189	1511536	18.94
2000-2009	61	0.01642	0.01629	0.5	78590	1280	77950	1432348	18.23
2000-2009	62	0.01786	0.01770	0.5	77310	1369	76626	1354397	17.52
2000-2009	63	0.02002	0.01982	0.5	75941	1505	75189	1277771	16.83
2000-2009	64	0.02156	0.02133	0.5	74436	1588	73642	1202582	16.16
2000-2009	65	0.02313	0.02287	0.5	72849	1666	72016	1128940	15.50
2000-2009	66	0.02490	0.02459	0.5	71183	1751	70308	1056924	14.85
2000-2009	67	0.02618	0.02584	0.5	69432	1794	68535	986617	14.21
2000-2009	68	0.02788	0.02750	0.5	67638	1860	66708	918082	13.57
2000-2009	69	0.03095	0.03048	0.5	65778	2005	64775	851374	12.94
2000-2009	70	0.03361	0.03305	0.5	63773	2108	62719	786599	12.33
2000-2009	71	0.03687	0.03621	0.5	61665	2233	60549	723880	11.74
2000-2009	72	0.03963	0.03886	0.5	59432	2310	58277	663331	11.16
2000-2009	73	0.04373	0.04279	0.5	57123	2444	55900	605054	10.59
2000-2009	74	0.04696	0.04588	0.5	54678	2509	53424	549154	10.04
2000-2009	75	0.05024	0.04901	0.5	52169	2557	50891	495730	9.50
2000-2009	76	0.05699	0.05541	0.5	49613	2749	48238	444839	8.97
2000-2009	77	0.06067	0.05888	0.5	46864	2759	45484	396601	8.46
2000-2009	78	0.06594	0.06384	0.5	44104	2815	42696	351117	7.96
2000-2009	79	0.07571	0.07295	0.5	41289	3012	39783	308420	7.47
2000-2009	80	0.08290	0.07961	0.5	38277	3047	36753	268638	7.02
2000-2009	81	0.09357	0.08939	0.5	35230	3149	33655	231885	6.58
2000-2009	82	0.10296	0.09792	0.5	32080	3141	30510	198229	6.18
2000-2009	83	0.11166	0.10575	0.5	28939	3060	27409	167720	5.80
2000-2009	84	0.11931	0.11260	0.5	25879	2914	24422	140311	5.42
2000-2009	85	0.13559	0.12699	0.5	22965	2916	21507	115889	5.05
2000-2009	86	0.15205	0.14131	0.5	20049	2833	18632	94383	4.71
2000-2009	87	0.16792	0.15491	0.5	17216	2667	15882	75750	4.40
2000-2009	88	0.18529	0.16958	0.5	14549	2467	13315	59868	4.12
2000-2009	89	0.20136	0.18294	0.5	12081	2210	10976	46553	3.85
2000-2009	90	0.22041	0.19853	0.5	9871	1960	8891	35577	3.60
2000-2009	91	0.24071	0.21485	0.5	7912	1700	7062	26685	3.37
2000-2009	92	0.26226	0.23185	0.5	6212	1440	5492	19624	3.16
2000-2009	93	0.28501	0.24946	0.5	4772	1190	4176	14132	2.96
2000-2009	94	0.30891	0.26758	0.5	3581	958	3102	9956	2.78
2000-2009	95	0.33387	0.28611	0.5	2623	750	2248	6854	2.61
2000-2009	96	0.35981	0.30495	0.5	1873	571	1587	4606	2.46
2000-2009	97	0.38659	0.32397	0.5	1302	422	1091	3019	2.32
2000-2009	98	0.41407	0.34305	0.5	880	302	729	1928	2.19
2000-2009	99	0.44210	0.36206	0.5	578	209	473	1199	2.07
2000-2009	100	0.47050	0.38089	0.5	369	140	299	726	1.97
2000-2009	101	0.49910	0.39942	0.5	228	91	183	427	1.87
2000-2009	102	0.52770	0.41753	0.5	137	57	108	245	1.78
2000-2009	103	0.55612	0.43513	0.5	80	35	62	136	1.71
2000-2009	104	0.58417	0.45212	0.5	45	20	35	74	1.63
2000-2009	105	0.61170	0.46843	0.5	25	12	19	39	1.57
2000-2009	106	0.63852	0.48400	0.5	13	6	10	20	1.51
2000-2009	107	0.66452	0.49879	0.5	7	3	5	10	1.46
2000-2009	108	0.68955	0.51276	0.5	3	2	3	5	1.42
2000-2009	109	0.71352	0.52590	0.5	2	1	1	2	1.38
2000-2009	110+	0.73634	1.00000	1.36	1	1	1	1	1.36
2010-2017	0	0.00931	0.00923	0.07	100000	923	99141	7255723	72.56
2010-2017	1	0.00062	0.00062	0.5	99077	61	99046	7156582	72.23
2010-2017	2	0.00040	0.00040	0.5	99016	39	98996	7057536	71.28
2010-2017	3	0.00035	0.00035	0.5	98977	34	98959	6958539	70.30
2010-2017	4	0.00021	0.00021	0.5	98942	21	98932	6859580	69.33
2010-2017	5	0.00020	0.00020	0.5	98921	20	98911	6760649	68.34
2010-2017	6	0.00020	0.00020	0.5	98901	20	98891	6661738	67.36
2010-2017	7	0.00014	0.00014	0.5	98881	14	98874	6562846	66.37
2010-2017	8	0.00025	0.00025	0.5	98867	25	98855	6463972	65.38
2010-2017	9	0.00018	0.00018	0.5	98843	18	98834	6365117	64.40
2010-2017	10	0.00020	0.00020	0.5	98825	19	98815	6266283	63.41
2010-2017	11	0.00018	0.00018	0.5	98805	18	98797	6167468	62.42
2010-2017	12	0.00022	0.00022	0.5	98788	22	98777	6068672	61.43
2010-2017	13	0.00029	0.00029	0.5	98766	29	98752	5969895	60.44
2010-2017	14	0.00027	0.00027	0.5	98737	27	98724	5871143	59.46
2010-2017	15	0.00044	0.00044	0.5	98710	43	98689	5772419	58.48
2010-2017	16	0.00064	0.00064	0.5	98667	63	98636	5673730	57.50
2010-2017	17	0.00098	0.00098	0.5	98604	96	98556	5575095	56.54
2010-2017	18	0.00126	0.00126	0.5	98508	125	98446	5476539	55.59
2010-2017	19	0.00149	0.00149	0.5	98383	146	98310	5378093	54.66
2010-2017	20	0.00166	0.00166	0.5	98237	163	98156	5279783	53.75
2010-2017	21	0.00166	0.00166	0.5	98074	162	97993	5181627	52.83
2010-2017	22	0.00175	0.00175	0.5	97912	171	97827	5083634	51.92
2010-2017	23	0.00175	0.00175	0.5	97741	171	97656	4985808	51.01
2010-2017	24	0.00195	0.00195	0.5	97570	190	97475	4888152	50.10
2010-2017	25	0.00203	0.00203	0.5	97380	197	97282	4790677	49.20
2010-2017	26	0.00218	0.00218	0.5	97183	212	97077	4693395	48.29
2010-2017	27	0.00209	0.00209	0.5	96971	203	96870	4596318	47.40
2010-2017	28	0.00225	0.00225	0.5	96768	218	96659	4499449	46.50
2010-2017	29	0.00215	0.00215	0.5	96550	208	96447	4402789	45.60
2010-2017	30	0.00247	0.00247	0.5	96343	238	96224	4306343	44.70
2010-2017	31	0.00246	0.00246	0.5	96105	236	95987	4210119	43.81
2010-2017	32	0.00255	0.00254	0.5	95869	244	95747	4114132	42.91
2010-2017	33	0.00250	0.00250	0.5	95625	239	95506	4018385	42.02
2010-2017	34	0.00267	0.00267	0.5	95386	254	95259	3922879	41.13
2010-2017	35	0.00290	0.00289	0.5	95132	275	94994	3827620	40.23
2010-2017	36	0.00300	0.00299	0.5	94856	284	94714	3732626	39.35
2010-2017	37	0.00292	0.00291	0.5	94573	275	94435	3637912	38.47
2010-2017	38	0.00313	0.00313	0.5	94297	295	94150	3543477	37.58
2010-2017	39	0.00328	0.00327	0.5	94002	307	93849	3449327	36.69
2010-2017	40	0.00343	0.00342	0.5	93695	320	93535	3355478	35.81
2010-2017	41	0.00354	0.00353	0.5	93375	330	93210	3261944	34.93
2010-2017	42	0.00369	0.00368	0.5	93045	343	92873	3168734	34.06
2010-2017	43	0.00393	0.00392	0.5	92702	363	92520	3075861	33.18
2010-2017	44	0.00446	0.00445	0.5	92339	411	92133	2983340	32.31
2010-2017	45	0.00474	0.00473	0.5	91928	435	91711	2891207	31.45
2010-2017	46	0.00522	0.00521	0.5	91493	477	91255	2799497	30.60
2010-2017	47	0.00556	0.00555	0.5	91017	505	90764	2708242	29.76
2010-2017	48	0.00610	0.00608	0.5	90512	551	90236	2617478	28.92
2010-2017	49	0.00655	0.00653	0.5	89961	587	89667	2527241	28.09
2010-2017	50	0.00702	0.00700	0.5	89374	625	89061	2437574	27.27
2010-2017	51	0.00806	0.00802	0.5	88748	712	88392	2348513	26.46
2010-2017	52	0.00880	0.00876	0.5	88036	771	87650	2260120	25.67
2010-2017	53	0.00974	0.00969	0.5	87265	845	86842	2172470	24.90
2010-2017	54	0.01008	0.01003	0.5	86419	867	85986	2085628	24.13
2010-2017	55	0.01152	0.01145	0.5	85553	980	85063	1999642	23.37
2010-2017	56	0.01203	0.01196	0.5	84573	1012	84067	1914579	22.64
2010-2017	57	0.01335	0.01326	0.5	83561	1108	83007	1830512	21.91
2010-2017	58	0.01339	0.01330	0.5	82453	1097	81904	1747505	21.19
2010-2017	59	0.01461	0.01451	0.5	81356	1180	80766	1665601	20.47
2010-2017	60	0.01579	0.01567	0.5	80176	1256	79548	1584835	19.77
2010-2017	61	0.01681	0.01667	0.5	78919	1316	78262	1505287	19.07
2010-2017	62	0.01776	0.01760	0.5	77604	1366	76921	1427026	18.39
2010-2017	63	0.01943	0.01924	0.5	76238	1467	75505	1350105	17.71
2010-2017	64	0.02011	0.01991	0.5	74771	1488	74027	1274600	17.05
2010-2017	65	0.02161	0.02138	0.5	73283	1566	72499	1200573	16.38
2010-2017	66	0.02268	0.02243	0.5	71716	1608	70912	1128074	15.73
2010-2017	67	0.02468	0.02438	0.5	70108	1709	69253	1057162	15.08
2010-2017	68	0.02628	0.02594	0.5	68399	1774	67511	987909	14.44
2010-2017	69	0.02786	0.02748	0.5	66624	1831	65709	920398	13.81
2010-2017	70	0.03036	0.02991	0.5	64793	1938	63825	854689	13.19
2010-2017	71	0.03248	0.03196	0.5	62856	2009	61851	790864	12.58
2010-2017	72	0.03565	0.03503	0.5	60847	2131	59781	729013	11.98
2010-2017	73	0.03873	0.03799	0.5	58715	2231	57600	669232	11.40
2010-2017	74	0.04283	0.04194	0.5	56485	2369	55300	611632	10.83
2010-2017	75	0.04556	0.04454	0.5	54116	2411	52911	556332	10.28
2010-2017	76	0.05010	0.04887	0.5	51705	2527	50442	503421	9.74
2010-2017	77	0.05321	0.05183	0.5	49179	2549	47904	452979	9.21
2010-2017	78	0.06023	0.05847	0.5	46629	2726	45266	405075	8.69
2010-2017	79	0.06528	0.06322	0.5	43903	2776	42515	359809	8.20
2010-2017	80	0.07127	0.06882	0.5	41127	2830	39712	317294	7.71
2010-2017	81	0.07908	0.07607	0.5	38297	2913	36840	277582	7.25
2010-2017	82	0.08679	0.08318	0.5	35384	2943	33912	240741	6.80
2010-2017	83	0.09485	0.09056	0.5	32440	2938	30972	206829	6.38
2010-2017	84	0.10472	0.09951	0.5	29503	2936	28035	175858	5.96
2010-2017	85	0.11761	0.11108	0.5	26567	2951	25092	147823	5.56
2010-2017	86	0.13019	0.12223	0.5	23616	2887	22173	122731	5.20
2010-2017	87	0.14369	0.13406	0.5	20729	2779	19340	100558	4.85
2010-2017	88	0.15553	0.14431	0.5	17950	2590	16655	81219	4.52
2010-2017	89	0.18011	0.16523	0.5	15360	2538	14091	64563	4.20
2010-2017	90	0.19454	0.17730	0.5	12822	2273	11685	50472	3.94
2010-2017	91	0.21353	0.19293	0.5	10549	2035	9531	38787	3.68
2010-2017	92	0.23384	0.20936	0.5	8514	1782	7622	29256	3.44
2010-2017	93	0.25545	0.22652	0.5	6731	1525	5969	21633	3.21
2010-2017	94	0.27833	0.24433	0.5	5206	1272	4570	15665	3.01
2010-2017	95	0.30243	0.26271	0.5	3934	1034	3418	11094	2.82
2010-2017	96	0.32767	0.28155	0.5	2901	817	2492	7677	2.65
2010-2017	97	0.35395	0.30073	0.5	2084	627	1771	5184	2.49
2010-2017	98	0.38114	0.32013	0.5	1457	467	1224	3414	2.34
2010-2017	99	0.40909	0.33962	0.5	991	336	823	2190	2.21
2010-2017	100	0.43765	0.35907	0.5	654	235	537	1367	2.09
2010-2017	101	0.46662	0.37835	0.5	419	159	340	830	1.98
2010-2017	102	0.49582	0.39732	0.5	261	104	209	490	1.88
2010-2017	103	0.52505	0.41588	0.5	157	65	124	281	1.79
2010-2017	104	0.55411	0.43390	0.5	92	40	72	157	1.71
2010-2017	105	0.58281	0.45130	0.5	52	23	40	85	1.64
2010-2017	106	0.61095	0.46799	0.5	29	13	22	45	1.57
2010-2017	107	0.63837	0.48392	0.5	15	7	11	23	1.51
2010-2017	108	0.66493	0.49902	0.5	8	4	6	11	1.46
2010-2017	109	0.69047	0.51327	0.5	4	2	3	6	1.42
2010-2017	110+	0.71491	1.00000	1.4	2	2	3	3	1.40
