AL: Alabama, Lifetables (period 1x5), Males Last modified: 3 Dec 2019, MPv5 (May07) 

Year     	Age	mx	qx	ax	lx	dx	Lx	Tx	ex
1960-1964	0	0.03569	0.03463	0.14	100000	3463	97024	6483452	64.83
1960-1964	1	0.00237	0.00237	0.5	96537	229	96422	6386427	66.16
1960-1964	2	0.00144	0.00144	0.5	96308	138	96239	6290005	65.31
1960-1964	3	0.00108	0.00108	0.5	96170	104	96118	6193766	64.40
1960-1964	4	0.00075	0.00075	0.5	96066	72	96029	6097648	63.47
1960-1964	5	0.00067	0.00067	0.5	95993	65	95961	6001619	62.52
1960-1964	6	0.00063	0.00063	0.5	95929	60	95898	5905658	61.56
1960-1964	7	0.00066	0.00066	0.5	95868	63	95836	5809760	60.60
1960-1964	8	0.00058	0.00058	0.5	95805	56	95777	5713923	59.64
1960-1964	9	0.00052	0.00052	0.5	95749	50	95724	5618147	58.68
1960-1964	10	0.00052	0.00052	0.5	95699	50	95674	5522423	57.71
1960-1964	11	0.00056	0.00056	0.5	95649	54	95622	5426749	56.74
1960-1964	12	0.00064	0.00064	0.5	95596	61	95565	5331126	55.77
1960-1964	13	0.00071	0.00071	0.5	95534	68	95500	5235561	54.80
1960-1964	14	0.00097	0.00097	0.5	95466	93	95420	5140061	53.84
1960-1964	15	0.00122	0.00122	0.5	95373	117	95315	5044641	52.89
1960-1964	16	0.00131	0.00131	0.5	95257	125	95194	4949326	51.96
1960-1964	17	0.00172	0.00172	0.5	95132	164	95050	4854131	51.03
1960-1964	18	0.00203	0.00203	0.5	94968	193	94872	4759081	50.11
1960-1964	19	0.00206	0.00205	0.5	94776	195	94678	4664209	49.21
1960-1964	20	0.00198	0.00198	0.5	94581	187	94487	4569531	48.31
1960-1964	21	0.00237	0.00236	0.5	94394	223	94282	4475044	47.41
1960-1964	22	0.00236	0.00236	0.5	94171	222	94060	4380761	46.52
1960-1964	23	0.00234	0.00234	0.5	93949	220	93839	4286701	45.63
1960-1964	24	0.00244	0.00244	0.5	93729	228	93615	4192862	44.73
1960-1964	25	0.00262	0.00261	0.5	93501	244	93379	4099247	43.84
1960-1964	26	0.00247	0.00247	0.5	93257	230	93142	4005869	42.96
1960-1964	27	0.00257	0.00257	0.5	93027	239	92907	3912727	42.06
1960-1964	28	0.00258	0.00257	0.5	92787	239	92668	3819820	41.17
1960-1964	29	0.00264	0.00264	0.5	92549	244	92427	3727152	40.27
1960-1964	30	0.00255	0.00255	0.5	92305	235	92187	3634725	39.38
1960-1964	31	0.00254	0.00254	0.5	92069	234	91953	3542538	38.48
1960-1964	32	0.00301	0.00300	0.5	91836	276	91698	3450586	37.57
1960-1964	33	0.00337	0.00336	0.5	91560	308	91406	3358888	36.69
1960-1964	34	0.00365	0.00364	0.5	91252	332	91086	3267482	35.81
1960-1964	35	0.00352	0.00351	0.5	90920	319	90761	3176395	34.94
1960-1964	36	0.00336	0.00336	0.5	90601	304	90449	3085635	34.06
1960-1964	37	0.00432	0.00431	0.5	90296	389	90102	2995186	33.17
1960-1964	38	0.00430	0.00429	0.5	89907	386	89714	2905084	32.31
1960-1964	39	0.00460	0.00459	0.5	89521	411	89316	2815370	31.45
1960-1964	40	0.00518	0.00516	0.5	89110	460	88880	2726055	30.59
1960-1964	41	0.00545	0.00543	0.5	88650	482	88409	2637175	29.75
1960-1964	42	0.00581	0.00579	0.5	88168	511	87913	2548765	28.91
1960-1964	43	0.00670	0.00667	0.5	87658	585	87365	2460852	28.07
1960-1964	44	0.00703	0.00700	0.5	87072	610	86768	2373487	27.26
1960-1964	45	0.00727	0.00724	0.5	86463	626	86150	2286720	26.45
1960-1964	46	0.00849	0.00845	0.5	85837	726	85474	2200570	25.64
1960-1964	47	0.00936	0.00932	0.5	85111	793	84714	2115096	24.85
1960-1964	48	0.01010	0.01005	0.5	84318	847	83894	2030382	24.08
1960-1964	49	0.01036	0.01030	0.5	83471	860	83041	1946488	23.32
1960-1964	50	0.01195	0.01187	0.5	82611	981	82120	1863447	22.56
1960-1964	51	0.01211	0.01204	0.5	81630	983	81138	1781327	21.82
1960-1964	52	0.01425	0.01415	0.5	80647	1141	80076	1700189	21.08
1960-1964	53	0.01516	0.01505	0.5	79506	1196	78908	1620112	20.38
1960-1964	54	0.01576	0.01564	0.5	78310	1225	77697	1541205	19.68
1960-1964	55	0.01801	0.01785	0.5	77085	1376	76397	1463507	18.99
1960-1964	56	0.01937	0.01918	0.5	75709	1452	74983	1387111	18.32
1960-1964	57	0.01863	0.01846	0.5	74257	1371	73571	1312128	17.67
1960-1964	58	0.02151	0.02128	0.5	72886	1551	72110	1238557	16.99
1960-1964	59	0.02338	0.02311	0.5	71335	1648	70510	1166447	16.35
1960-1964	60	0.02511	0.02480	0.5	69686	1728	68822	1095937	15.73
1960-1964	61	0.02564	0.02532	0.5	67958	1720	67097	1027115	15.11
1960-1964	62	0.03114	0.03066	0.5	66237	2031	65222	960018	14.49
1960-1964	63	0.03278	0.03225	0.5	64206	2071	63171	894796	13.94
1960-1964	64	0.03535	0.03473	0.5	62136	2158	61057	831625	13.38
1960-1964	65	0.04111	0.04028	0.5	59978	2416	58770	770568	12.85
1960-1964	66	0.03963	0.03886	0.5	57562	2237	56443	711799	12.37
1960-1964	67	0.04492	0.04394	0.5	55325	2431	54109	655356	11.85
1960-1964	68	0.04746	0.04636	0.5	52894	2452	51668	601246	11.37
1960-1964	69	0.04769	0.04658	0.5	50442	2349	49267	549579	10.90
1960-1964	70	0.05505	0.05358	0.5	48092	2577	46804	500312	10.40
1960-1964	71	0.05277	0.05142	0.5	45516	2340	44345	453508	9.96
1960-1964	72	0.06363	0.06167	0.5	43175	2663	41844	409163	9.48
1960-1964	73	0.06604	0.06393	0.5	40513	2590	39218	367319	9.07
1960-1964	74	0.07181	0.06932	0.5	37923	2629	36608	328101	8.65
1960-1964	75	0.07500	0.07229	0.5	35294	2551	34018	291493	8.26
1960-1964	76	0.07463	0.07195	0.5	32742	2356	31565	257475	7.86
1960-1964	77	0.07744	0.07455	0.5	30387	2265	29254	225910	7.43
1960-1964	78	0.08889	0.08511	0.5	28121	2393	26925	196656	6.99
1960-1964	79	0.09554	0.09118	0.5	25728	2346	24555	169731	6.60
1960-1964	80	0.11281	0.10679	0.5	23382	2497	22134	145176	6.21
1960-1964	81	0.11149	0.10561	0.5	20885	2206	19782	123043	5.89
1960-1964	82	0.12880	0.12100	0.5	18680	2260	17549	103261	5.53
1960-1964	83	0.14367	0.13404	0.5	16419	2201	15319	85711	5.22
1960-1964	84	0.16644	0.15365	0.5	14218	2185	13126	70392	4.95
1960-1964	85	0.17916	0.16443	0.5	12034	1979	11044	57266	4.76
1960-1964	86	0.18394	0.16845	0.5	10055	1694	9208	46222	4.60
1960-1964	87	0.19233	0.17545	0.5	8361	1467	7628	37014	4.43
1960-1964	88	0.20070	0.18240	0.5	6894	1258	6265	29386	4.26
1960-1964	89	0.19484	0.17755	0.5	5637	1001	5136	23121	4.10
1960-1964	90	0.21734	0.19604	0.5	4636	909	4182	17984	3.88
1960-1964	91	0.23021	0.20645	0.5	3727	769	3342	13803	3.70
1960-1964	92	0.24361	0.21716	0.5	2958	642	2636	10461	3.54
1960-1964	93	0.25753	0.22815	0.5	2315	528	2051	7824	3.38
1960-1964	94	0.27196	0.23940	0.5	1787	428	1573	5773	3.23
1960-1964	95	0.28688	0.25089	0.5	1359	341	1189	4200	3.09
1960-1964	96	0.30228	0.26259	0.5	1018	267	885	3011	2.96
1960-1964	97	0.31814	0.27448	0.5	751	206	648	2126	2.83
1960-1964	98	0.33443	0.28652	0.5	545	156	467	1479	2.71
1960-1964	99	0.35113	0.29869	0.5	389	116	331	1012	2.60
1960-1964	100	0.36820	0.31095	0.5	273	85	230	681	2.50
1960-1964	101	0.38561	0.32328	0.5	188	61	157	451	2.40
1960-1964	102	0.40331	0.33563	0.5	127	43	106	294	2.31
1960-1964	103	0.42127	0.34797	0.5	84	29	70	188	2.22
1960-1964	104	0.43944	0.36028	0.5	55	20	45	118	2.14
1960-1964	105	0.45778	0.37251	0.5	35	13	29	73	2.07
1960-1964	106	0.47622	0.38464	0.5	22	9	18	44	2.00
1960-1964	107	0.49474	0.39663	0.5	14	5	11	26	1.94
1960-1964	108	0.51327	0.40845	0.5	8	3	7	15	1.89
1960-1964	109	0.53176	0.42007	0.5	5	2	4	9	1.84
1960-1964	110+	0.55017	1.00000	1.82	3	3	5	5	1.82
1965-1969	0	0.03216	0.03128	0.13	100000	3128	97282	6457240	64.57
1965-1969	1	0.00225	0.00224	0.5	96872	217	96763	6359958	65.65
1965-1969	2	0.00137	0.00137	0.5	96654	132	96588	6263195	64.80
1965-1969	3	0.00105	0.00105	0.5	96522	102	96471	6166607	63.89
1965-1969	4	0.00086	0.00086	0.5	96420	83	96379	6070136	62.96
1965-1969	5	0.00074	0.00074	0.5	96337	72	96301	5973758	62.01
1965-1969	6	0.00067	0.00067	0.5	96265	64	96233	5877456	61.05
1965-1969	7	0.00063	0.00063	0.5	96201	61	96171	5781223	60.10
1965-1969	8	0.00065	0.00065	0.5	96140	62	96109	5685052	59.13
1965-1969	9	0.00054	0.00054	0.5	96078	52	96052	5588943	58.17
1965-1969	10	0.00058	0.00058	0.5	96026	56	95998	5492891	57.20
1965-1969	11	0.00049	0.00049	0.5	95970	47	95947	5396893	56.24
1965-1969	12	0.00056	0.00056	0.5	95923	54	95896	5300947	55.26
1965-1969	13	0.00080	0.00080	0.5	95870	77	95831	5205050	54.29
1965-1969	14	0.00079	0.00079	0.5	95793	75	95755	5109219	53.34
1965-1969	15	0.00130	0.00130	0.5	95718	124	95656	5013464	52.38
1965-1969	16	0.00195	0.00195	0.5	95594	186	95500	4917808	51.45
1965-1969	17	0.00205	0.00205	0.5	95407	196	95309	4822308	50.54
1965-1969	18	0.00250	0.00249	0.5	95212	237	95093	4726998	49.65
1965-1969	19	0.00224	0.00224	0.5	94974	213	94868	4631905	48.77
1965-1969	20	0.00243	0.00242	0.5	94761	230	94647	4537038	47.88
1965-1969	21	0.00252	0.00252	0.5	94532	238	94413	4442391	46.99
1965-1969	22	0.00285	0.00284	0.5	94294	268	94160	4347978	46.11
1965-1969	23	0.00276	0.00275	0.5	94026	259	93896	4253818	45.24
1965-1969	24	0.00256	0.00256	0.5	93767	240	93647	4159922	44.36
1965-1969	25	0.00259	0.00259	0.5	93527	242	93406	4066275	43.48
1965-1969	26	0.00241	0.00241	0.5	93285	225	93173	3972869	42.59
1965-1969	27	0.00261	0.00260	0.5	93061	242	92939	3879696	41.69
1965-1969	28	0.00263	0.00263	0.5	92818	244	92696	3786757	40.80
1965-1969	29	0.00308	0.00308	0.5	92575	285	92432	3694060	39.90
1965-1969	30	0.00269	0.00269	0.5	92290	248	92165	3601628	39.03
1965-1969	31	0.00304	0.00303	0.5	92041	279	91902	3509463	38.13
1965-1969	32	0.00295	0.00294	0.5	91762	270	91627	3417561	37.24
1965-1969	33	0.00286	0.00286	0.5	91492	261	91361	3325934	36.35
1965-1969	34	0.00340	0.00340	0.5	91231	310	91076	3234573	35.45
1965-1969	35	0.00392	0.00391	0.5	90921	356	90743	3143498	34.57
1965-1969	36	0.00399	0.00398	0.5	90565	361	90385	3052755	33.71
1965-1969	37	0.00396	0.00396	0.5	90204	357	90026	2962370	32.84
1965-1969	38	0.00463	0.00462	0.5	89847	415	89640	2872344	31.97
1965-1969	39	0.00508	0.00507	0.5	89432	453	89206	2782704	31.12
1965-1969	40	0.00542	0.00540	0.5	88979	481	88739	2693498	30.27
1965-1969	41	0.00614	0.00612	0.5	88498	542	88227	2604760	29.43
1965-1969	42	0.00644	0.00642	0.5	87956	565	87674	2516532	28.61
1965-1969	43	0.00716	0.00713	0.5	87392	623	87080	2428858	27.79
1965-1969	44	0.00749	0.00747	0.5	86768	648	86444	2341778	26.99
1965-1969	45	0.00848	0.00844	0.5	86121	727	85757	2255334	26.19
1965-1969	46	0.00834	0.00831	0.5	85394	709	85039	2169576	25.41
1965-1969	47	0.00902	0.00898	0.5	84684	760	84304	2084538	24.62
1965-1969	48	0.00941	0.00936	0.5	83924	786	83531	2000234	23.83
1965-1969	49	0.01103	0.01097	0.5	83138	912	82682	1916703	23.05
1965-1969	50	0.01220	0.01212	0.5	82226	997	81727	1834022	22.30
1965-1969	51	0.01303	0.01294	0.5	81229	1051	80703	1752294	21.57
1965-1969	52	0.01500	0.01489	0.5	80178	1194	79581	1671591	20.85
1965-1969	53	0.01565	0.01553	0.5	78984	1227	78370	1592011	20.16
1965-1969	54	0.01627	0.01614	0.5	77757	1255	77129	1513640	19.47
1965-1969	55	0.01811	0.01795	0.5	76502	1373	75815	1436511	18.78
1965-1969	56	0.01935	0.01917	0.5	75129	1440	74409	1360695	18.11
1965-1969	57	0.02109	0.02087	0.5	73689	1538	72920	1286287	17.46
1965-1969	58	0.02268	0.02242	0.5	72151	1618	71342	1213367	16.82
1965-1969	59	0.02508	0.02476	0.5	70533	1747	69659	1142025	16.19
1965-1969	60	0.02574	0.02541	0.5	68786	1748	67912	1072366	15.59
1965-1969	61	0.02642	0.02608	0.5	67038	1748	66164	1004454	14.98
1965-1969	62	0.03011	0.02966	0.5	65290	1937	64321	938290	14.37
1965-1969	63	0.03055	0.03009	0.5	63353	1906	62400	873969	13.80
1965-1969	64	0.03430	0.03373	0.5	61447	2072	60411	811569	13.21
1965-1969	65	0.04145	0.04060	0.5	59375	2411	58169	751158	12.65
1965-1969	66	0.04015	0.03936	0.5	56964	2242	55843	692989	12.17
1965-1969	67	0.04580	0.04477	0.5	54722	2450	53497	637146	11.64
1965-1969	68	0.04924	0.04806	0.5	52272	2512	51016	583649	11.17
1965-1969	69	0.04988	0.04867	0.5	49760	2422	48549	532633	10.70
1965-1969	70	0.05368	0.05228	0.5	47338	2475	46101	484084	10.23
1965-1969	71	0.05453	0.05308	0.5	44863	2381	43673	437983	9.76
1965-1969	72	0.06609	0.06397	0.5	42482	2718	41123	394311	9.28
1965-1969	73	0.06818	0.06593	0.5	39764	2622	38454	353187	8.88
1965-1969	74	0.07049	0.06809	0.5	37143	2529	35878	314734	8.47
1965-1969	75	0.08143	0.07825	0.5	34613	2708	33259	278856	8.06
1965-1969	76	0.08737	0.08371	0.5	31905	2671	30570	245597	7.70
1965-1969	77	0.08704	0.08341	0.5	29234	2439	28015	215027	7.36
1965-1969	78	0.09753	0.09300	0.5	26796	2492	25550	187012	6.98
1965-1969	79	0.09938	0.09468	0.5	24304	2301	23153	161462	6.64
1965-1969	80	0.11108	0.10524	0.5	22003	2315	20845	138309	6.29
1965-1969	81	0.11094	0.10511	0.5	19687	2069	18653	117464	5.97
1965-1969	82	0.12550	0.11809	0.5	17618	2080	16578	98812	5.61
1965-1969	83	0.14345	0.13385	0.5	15537	2080	14498	82234	5.29
1965-1969	84	0.15403	0.14302	0.5	13458	1925	12495	67736	5.03
1965-1969	85	0.16515	0.15255	0.5	11533	1759	10653	55241	4.79
1965-1969	86	0.17751	0.16304	0.5	9774	1594	8977	44588	4.56
1965-1969	87	0.19815	0.18029	0.5	8180	1475	7443	35611	4.35
1965-1969	88	0.19769	0.17991	0.5	6705	1206	6102	28168	4.20
1965-1969	89	0.20631	0.18702	0.5	5499	1028	4985	22066	4.01
1965-1969	90	0.21946	0.19776	0.5	4471	884	4029	17081	3.82
1965-1969	91	0.23320	0.20885	0.5	3587	749	3212	13052	3.64
1965-1969	92	0.24753	0.22027	0.5	2837	625	2525	9840	3.47
1965-1969	93	0.26244	0.23200	0.5	2212	513	1956	7316	3.31
1965-1969	94	0.27791	0.24401	0.5	1699	415	1492	5360	3.15
1965-1969	95	0.29394	0.25627	0.5	1285	329	1120	3868	3.01
1965-1969	96	0.31049	0.26877	0.5	955	257	827	2748	2.88
1965-1969	97	0.32754	0.28145	0.5	699	197	600	1921	2.75
1965-1969	98	0.34506	0.29429	0.5	502	148	428	1321	2.63
1965-1969	99	0.36301	0.30724	0.5	354	109	300	892	2.52
1965-1969	100	0.38135	0.32028	0.5	245	79	206	593	2.41
1965-1969	101	0.40003	0.33336	0.5	167	56	139	387	2.32
1965-1969	102	0.41901	0.34643	0.5	111	39	92	248	2.23
1965-1969	103	0.43824	0.35947	0.5	73	26	60	156	2.14
1965-1969	104	0.45765	0.37243	0.5	47	17	38	96	2.06
1965-1969	105	0.47719	0.38526	0.5	29	11	24	58	1.99
1965-1969	106	0.49680	0.39795	0.5	18	7	14	35	1.92
1965-1969	107	0.51642	0.41044	0.5	11	4	9	20	1.86
1965-1969	108	0.53598	0.42270	0.5	6	3	5	12	1.81
1965-1969	109	0.55544	0.43471	0.5	4	2	3	6	1.77
1965-1969	110+	0.57473	1.00000	1.74	2	2	4	4	1.74
1970-1974	0	0.02615	0.02556	0.12	100000	2556	97739	6534221	65.34
1970-1974	1	0.00157	0.00157	0.5	97444	153	97368	6436483	66.05
1970-1974	2	0.00096	0.00096	0.5	97291	94	97244	6339115	65.16
1970-1974	3	0.00068	0.00068	0.5	97197	66	97164	6241871	64.22
1970-1974	4	0.00071	0.00071	0.5	97131	69	97097	6144706	63.26
1970-1974	5	0.00058	0.00058	0.5	97063	56	97034	6047609	62.31
1970-1974	6	0.00058	0.00058	0.5	97006	56	96978	5950575	61.34
1970-1974	7	0.00064	0.00064	0.5	96950	62	96919	5853596	60.38
1970-1974	8	0.00057	0.00057	0.5	96888	56	96860	5756677	59.42
1970-1974	9	0.00049	0.00049	0.5	96832	47	96809	5659817	58.45
1970-1974	10	0.00049	0.00049	0.5	96785	47	96762	5563008	57.48
1970-1974	11	0.00054	0.00054	0.5	96738	52	96712	5466247	56.51
1970-1974	12	0.00057	0.00057	0.5	96686	55	96658	5369535	55.54
1970-1974	13	0.00077	0.00077	0.5	96631	74	96593	5272877	54.57
1970-1974	14	0.00098	0.00098	0.5	96556	95	96509	5176283	53.61
1970-1974	15	0.00120	0.00120	0.5	96462	115	96404	5079774	52.66
1970-1974	16	0.00167	0.00167	0.5	96346	161	96266	4983371	51.72
1970-1974	17	0.00215	0.00215	0.5	96185	206	96082	4887105	50.81
1970-1974	18	0.00227	0.00227	0.5	95979	218	95870	4791022	49.92
1970-1974	19	0.00221	0.00221	0.5	95761	212	95656	4695152	49.03
1970-1974	20	0.00243	0.00243	0.5	95550	232	95434	4599497	48.14
1970-1974	21	0.00267	0.00267	0.5	95318	255	95191	4504063	47.25
1970-1974	22	0.00281	0.00281	0.5	95063	267	94930	4408872	46.38
1970-1974	23	0.00278	0.00278	0.5	94797	264	94665	4313942	45.51
1970-1974	24	0.00277	0.00276	0.5	94533	261	94402	4219278	44.63
1970-1974	25	0.00270	0.00269	0.5	94272	254	94145	4124875	43.76
1970-1974	26	0.00272	0.00272	0.5	94018	255	93890	4030730	42.87
1970-1974	27	0.00262	0.00262	0.5	93763	245	93640	3936840	41.99
1970-1974	28	0.00284	0.00284	0.5	93517	265	93385	3843200	41.10
1970-1974	29	0.00269	0.00269	0.5	93252	251	93127	3749815	40.21
1970-1974	30	0.00285	0.00284	0.5	93001	264	92869	3656689	39.32
1970-1974	31	0.00285	0.00285	0.5	92737	264	92605	3563820	38.43
1970-1974	32	0.00311	0.00311	0.5	92472	287	92329	3471215	37.54
1970-1974	33	0.00319	0.00318	0.5	92185	293	92038	3378886	36.65
1970-1974	34	0.00326	0.00326	0.5	91892	300	91742	3286848	35.77
1970-1974	35	0.00357	0.00356	0.5	91592	326	91429	3195106	34.88
1970-1974	36	0.00371	0.00371	0.5	91266	338	91097	3103677	34.01
1970-1974	37	0.00431	0.00430	0.5	90928	391	90732	3012580	33.13
1970-1974	38	0.00462	0.00460	0.5	90537	417	90328	2921848	32.27
1970-1974	39	0.00493	0.00491	0.5	90120	443	89898	2831519	31.42
1970-1974	40	0.00498	0.00497	0.5	89677	446	89454	2741621	30.57
1970-1974	41	0.00560	0.00559	0.5	89231	499	88982	2652167	29.72
1970-1974	42	0.00655	0.00653	0.5	88733	580	88443	2563185	28.89
1970-1974	43	0.00605	0.00603	0.5	88153	532	87887	2474742	28.07
1970-1974	44	0.00735	0.00732	0.5	87621	641	87301	2386855	27.24
1970-1974	45	0.00768	0.00765	0.5	86980	665	86647	2299554	26.44
1970-1974	46	0.00848	0.00844	0.5	86315	729	85950	2212907	25.64
1970-1974	47	0.00893	0.00889	0.5	85586	761	85206	2126956	24.85
1970-1974	48	0.01012	0.01007	0.5	84825	854	84398	2041751	24.07
1970-1974	49	0.01083	0.01077	0.5	83971	904	83519	1957352	23.31
1970-1974	50	0.01144	0.01137	0.5	83067	945	82594	1873834	22.56
1970-1974	51	0.01217	0.01210	0.5	82122	994	81625	1791239	21.81
1970-1974	52	0.01359	0.01350	0.5	81129	1095	80581	1709614	21.07
1970-1974	53	0.01486	0.01475	0.5	80034	1181	79443	1629033	20.35
1970-1974	54	0.01649	0.01635	0.5	78853	1289	78208	1549590	19.65
1970-1974	55	0.01845	0.01828	0.5	77563	1418	76854	1471382	18.97
1970-1974	56	0.01868	0.01851	0.5	76145	1409	75441	1394527	18.31
1970-1974	57	0.02041	0.02021	0.5	74736	1510	73981	1319086	17.65
1970-1974	58	0.02141	0.02118	0.5	73226	1551	72451	1245105	17.00
1970-1974	59	0.02220	0.02195	0.5	71675	1574	70888	1172655	16.36
1970-1974	60	0.02637	0.02603	0.5	70102	1825	69189	1101766	15.72
1970-1974	61	0.02716	0.02679	0.5	68277	1829	67362	1032577	15.12
1970-1974	62	0.03247	0.03195	0.5	66447	2123	65386	965215	14.53
1970-1974	63	0.03152	0.03104	0.5	64325	1996	63326	899829	13.99
1970-1974	64	0.03482	0.03422	0.5	62328	2133	61262	836503	13.42
1970-1974	65	0.03796	0.03725	0.5	60195	2242	59074	775241	12.88
1970-1974	66	0.04018	0.03939	0.5	57953	2283	56812	716167	12.36
1970-1974	67	0.04188	0.04102	0.5	55670	2283	54528	659355	11.84
1970-1974	68	0.04398	0.04304	0.5	53387	2298	52238	604827	11.33
1970-1974	69	0.04648	0.04543	0.5	51089	2321	49929	552589	10.82
1970-1974	70	0.05300	0.05163	0.5	48768	2518	47509	502660	10.31
1970-1974	71	0.05451	0.05306	0.5	46250	2454	45023	455151	9.84
1970-1974	72	0.06254	0.06065	0.5	43796	2656	42468	410128	9.36
1970-1974	73	0.06758	0.06538	0.5	41140	2690	39795	367660	8.94
1970-1974	74	0.07168	0.06920	0.5	38450	2661	37120	327865	8.53
1970-1974	75	0.07459	0.07191	0.5	35789	2574	34503	290745	8.12
1970-1974	76	0.07919	0.07617	0.5	33216	2530	31951	256242	7.71
1970-1974	77	0.08714	0.08350	0.5	30686	2562	29405	224291	7.31
1970-1974	78	0.09830	0.09370	0.5	28123	2635	26806	194887	6.93
1970-1974	79	0.09851	0.09389	0.5	25488	2393	24292	168081	6.59
1970-1974	80	0.11383	0.10770	0.5	23095	2487	21852	143789	6.23
1970-1974	81	0.11654	0.11013	0.5	20608	2269	19473	121938	5.92
1970-1974	82	0.12789	0.12020	0.5	18339	2204	17236	102464	5.59
1970-1974	83	0.14091	0.13164	0.5	16134	2124	15072	85228	5.28
1970-1974	84	0.16264	0.15041	0.5	14010	2107	12957	70156	5.01
1970-1974	85	0.16423	0.15177	0.5	11903	1807	11000	57199	4.81
1970-1974	86	0.17876	0.16409	0.5	10097	1657	9268	46199	4.58
1970-1974	87	0.18585	0.17005	0.5	8440	1435	7722	36931	4.38
1970-1974	88	0.20063	0.18234	0.5	7005	1277	6366	29209	4.17
1970-1974	89	0.21698	0.19575	0.5	5727	1121	5167	22843	3.99
1970-1974	90	0.21940	0.19771	0.5	4606	911	4151	17676	3.84
1970-1974	91	0.23270	0.20845	0.5	3696	770	3310	13525	3.66
1970-1974	92	0.24656	0.21950	0.5	2925	642	2604	10214	3.49
1970-1974	93	0.26097	0.23084	0.5	2283	527	2020	7610	3.33
1970-1974	94	0.27590	0.24246	0.5	1756	426	1543	5591	3.18
1970-1974	95	0.29136	0.25431	0.5	1330	338	1161	4047	3.04
1970-1974	96	0.30731	0.26638	0.5	992	264	860	2886	2.91
1970-1974	97	0.32374	0.27864	0.5	728	203	626	2026	2.78
1970-1974	98	0.34061	0.29105	0.5	525	153	449	1400	2.67
1970-1974	99	0.35790	0.30358	0.5	372	113	316	951	2.56
1970-1974	100	0.37557	0.31619	0.5	259	82	218	636	2.45
1970-1974	101	0.39357	0.32886	0.5	177	58	148	417	2.36
1970-1974	102	0.41187	0.34154	0.5	119	41	99	269	2.26
1970-1974	103	0.43041	0.35419	0.5	78	28	64	171	2.18
1970-1974	104	0.44916	0.36678	0.5	51	19	41	106	2.10
1970-1974	105	0.46804	0.37928	0.5	32	12	26	65	2.03
1970-1974	106	0.48702	0.39165	0.5	20	8	16	39	1.96
1970-1974	107	0.50604	0.40385	0.5	12	5	10	23	1.90
1970-1974	108	0.52504	0.41586	0.5	7	3	6	13	1.85
1970-1974	109	0.54396	0.42765	0.5	4	2	3	8	1.80
1970-1974	110+	0.56276	1.00000	1.78	2	2	4	4	1.78
1975-1979	0	0.02032	0.01995	0.1	100000	1995	98203	6718889	67.19
1975-1979	1	0.00126	0.00126	0.5	98005	124	97943	6620686	67.55
1975-1979	2	0.00098	0.00098	0.5	97881	96	97833	6522743	66.64
1975-1979	3	0.00075	0.00075	0.5	97785	73	97749	6424909	65.70
1975-1979	4	0.00066	0.00066	0.5	97712	64	97680	6327161	64.75
1975-1979	5	0.00060	0.00060	0.5	97648	59	97618	6229481	63.80
1975-1979	6	0.00046	0.00046	0.5	97589	45	97566	6131862	62.83
1975-1979	7	0.00045	0.00045	0.5	97544	44	97522	6034296	61.86
1975-1979	8	0.00035	0.00035	0.5	97500	34	97483	5936774	60.89
1975-1979	9	0.00035	0.00035	0.5	97466	35	97449	5839290	59.91
1975-1979	10	0.00042	0.00042	0.5	97432	41	97411	5741841	58.93
1975-1979	11	0.00034	0.00034	0.5	97391	33	97375	5644430	57.96
1975-1979	12	0.00050	0.00050	0.5	97358	48	97334	5547055	56.98
1975-1979	13	0.00068	0.00068	0.5	97309	66	97276	5449722	56.00
1975-1979	14	0.00084	0.00084	0.5	97243	82	97202	5352445	55.04
1975-1979	15	0.00096	0.00096	0.5	97161	93	97115	5255243	54.09
1975-1979	16	0.00140	0.00140	0.5	97068	136	97001	5158128	53.14
1975-1979	17	0.00171	0.00171	0.5	96933	165	96850	5061127	52.21
1975-1979	18	0.00205	0.00205	0.5	96768	199	96668	4964277	51.30
1975-1979	19	0.00219	0.00218	0.5	96569	211	96464	4867609	50.41
1975-1979	20	0.00209	0.00208	0.5	96358	201	96258	4771145	49.51
1975-1979	21	0.00213	0.00213	0.5	96157	205	96055	4674887	48.62
1975-1979	22	0.00245	0.00245	0.5	95953	235	95835	4578832	47.72
1975-1979	23	0.00255	0.00255	0.5	95718	244	95596	4482997	46.84
1975-1979	24	0.00213	0.00213	0.5	95474	203	95372	4387401	45.95
1975-1979	25	0.00246	0.00246	0.5	95271	234	95153	4292029	45.05
1975-1979	26	0.00245	0.00244	0.5	95036	232	94920	4196875	44.16
1975-1979	27	0.00244	0.00244	0.5	94804	231	94689	4101955	43.27
1975-1979	28	0.00253	0.00253	0.5	94573	239	94454	4007266	42.37
1975-1979	29	0.00226	0.00226	0.5	94334	213	94228	3912813	41.48
1975-1979	30	0.00261	0.00261	0.5	94121	246	93998	3818585	40.57
1975-1979	31	0.00262	0.00262	0.5	93875	246	93753	3724586	39.68
1975-1979	32	0.00281	0.00280	0.5	93630	262	93499	3630834	38.78
1975-1979	33	0.00253	0.00253	0.5	93367	236	93249	3537335	37.89
1975-1979	34	0.00274	0.00274	0.5	93132	255	93004	3444086	36.98
1975-1979	35	0.00293	0.00293	0.5	92876	272	92740	3351082	36.08
1975-1979	36	0.00308	0.00308	0.5	92604	285	92462	3258342	35.19
1975-1979	37	0.00345	0.00344	0.5	92319	318	92160	3165880	34.29
1975-1979	38	0.00379	0.00379	0.5	92002	348	91827	3073719	33.41
1975-1979	39	0.00428	0.00427	0.5	91653	391	91458	2981892	32.53
1975-1979	40	0.00452	0.00451	0.5	91262	412	91056	2890434	31.67
1975-1979	41	0.00520	0.00518	0.5	90851	471	90615	2799378	30.81
1975-1979	42	0.00542	0.00541	0.5	90380	489	90135	2708763	29.97
1975-1979	43	0.00593	0.00591	0.5	89891	532	89625	2618627	29.13
1975-1979	44	0.00614	0.00612	0.5	89359	547	89086	2529002	28.30
1975-1979	45	0.00672	0.00670	0.5	88812	595	88514	2439917	27.47
1975-1979	46	0.00727	0.00725	0.5	88217	639	87897	2351402	26.65
1975-1979	47	0.00781	0.00778	0.5	87577	682	87237	2263505	25.85
1975-1979	48	0.00853	0.00849	0.5	86896	738	86527	2176268	25.04
1975-1979	49	0.00925	0.00920	0.5	86158	793	85761	2089741	24.25
1975-1979	50	0.00996	0.00991	0.5	85365	846	84942	2003980	23.48
1975-1979	51	0.01175	0.01168	0.5	84519	987	84025	1919038	22.71
1975-1979	52	0.01306	0.01297	0.5	83531	1084	82990	1835013	21.97
1975-1979	53	0.01337	0.01328	0.5	82448	1095	81900	1752023	21.25
1975-1979	54	0.01476	0.01465	0.5	81353	1192	80757	1670123	20.53
1975-1979	55	0.01562	0.01550	0.5	80161	1242	79540	1589366	19.83
1975-1979	56	0.01782	0.01766	0.5	78919	1394	78222	1509825	19.13
1975-1979	57	0.01830	0.01814	0.5	77525	1406	76822	1431603	18.47
1975-1979	58	0.01918	0.01900	0.5	76119	1446	75396	1354782	17.80
1975-1979	59	0.02090	0.02069	0.5	74673	1545	73900	1279386	17.13
1975-1979	60	0.02292	0.02266	0.5	73128	1657	72299	1205485	16.48
1975-1979	61	0.02496	0.02465	0.5	71471	1762	70590	1133186	15.86
1975-1979	62	0.02818	0.02779	0.5	69709	1937	68740	1062596	15.24
1975-1979	63	0.02863	0.02822	0.5	67772	1913	66815	993856	14.66
1975-1979	64	0.03134	0.03086	0.5	65859	2032	64843	927041	14.08
1975-1979	65	0.03531	0.03470	0.5	63827	2215	62719	862198	13.51
1975-1979	66	0.03637	0.03572	0.5	61612	2201	60512	799478	12.98
1975-1979	67	0.03767	0.03697	0.5	59411	2197	58313	738966	12.44
1975-1979	68	0.04274	0.04185	0.5	57215	2394	56018	680653	11.90
1975-1979	69	0.04387	0.04293	0.5	54821	2354	53644	624636	11.39
1975-1979	70	0.04792	0.04679	0.5	52467	2455	51239	570992	10.88
1975-1979	71	0.05014	0.04891	0.5	50012	2446	48789	519753	10.39
1975-1979	72	0.05564	0.05414	0.5	47566	2575	46278	470964	9.90
1975-1979	73	0.05884	0.05715	0.5	44991	2571	43705	424686	9.44
1975-1979	74	0.06449	0.06248	0.5	42419	2650	41094	380981	8.98
1975-1979	75	0.06881	0.06652	0.5	39769	2645	38446	339886	8.55
1975-1979	76	0.07317	0.07058	0.5	37124	2620	35814	301440	8.12
1975-1979	77	0.08056	0.07744	0.5	34503	2672	33167	265626	7.70
1975-1979	78	0.08385	0.08048	0.5	31832	2562	30551	232459	7.30
1975-1979	79	0.08854	0.08479	0.5	29270	2482	28029	201908	6.90
1975-1979	80	0.10449	0.09930	0.5	26788	2660	25458	173879	6.49
1975-1979	81	0.10959	0.10390	0.5	24128	2507	22875	148421	6.15
1975-1979	82	0.12323	0.11608	0.5	21621	2510	20366	125547	5.81
1975-1979	83	0.13613	0.12745	0.5	19111	2436	17894	105180	5.50
1975-1979	84	0.14307	0.13352	0.5	16676	2227	15562	87287	5.23
1975-1979	85	0.15898	0.14727	0.5	14449	2128	13385	71725	4.96
1975-1979	86	0.16437	0.15188	0.5	12321	1871	11385	58339	4.73
1975-1979	87	0.17624	0.16197	0.5	10450	1693	9604	46954	4.49
1975-1979	88	0.18660	0.17068	0.5	8757	1495	8010	37350	4.27
1975-1979	89	0.21425	0.19352	0.5	7263	1405	6560	29341	4.04
1975-1979	90	0.21743	0.19611	0.5	5857	1149	5283	22781	3.89
1975-1979	91	0.22616	0.20318	0.5	4708	957	4230	17498	3.72
1975-1979	92	0.24061	0.21477	0.5	3752	806	3349	13268	3.54
1975-1979	93	0.25568	0.22670	0.5	2946	668	2612	9919	3.37
1975-1979	94	0.27135	0.23893	0.5	2278	544	2006	7307	3.21
1975-1979	95	0.28762	0.25145	0.5	1734	436	1516	5301	3.06
1975-1979	96	0.30445	0.26423	0.5	1298	343	1126	3785	2.92
1975-1979	97	0.32182	0.27721	0.5	955	265	823	2658	2.78
1975-1979	98	0.33970	0.29038	0.5	690	200	590	1836	2.66
1975-1979	99	0.35805	0.30368	0.5	490	149	415	1246	2.54
1975-1979	100	0.37683	0.31708	0.5	341	108	287	830	2.44
1975-1979	101	0.39598	0.33053	0.5	233	77	194	543	2.33
1975-1979	102	0.41545	0.34400	0.5	156	54	129	349	2.24
1975-1979	103	0.43520	0.35742	0.5	102	37	84	220	2.15
1975-1979	104	0.45515	0.37077	0.5	66	24	54	136	2.07
1975-1979	105	0.47525	0.38400	0.5	41	16	33	82	1.99
1975-1979	106	0.49542	0.39706	0.5	25	10	20	49	1.92
1975-1979	107	0.51561	0.40993	0.5	15	6	12	29	1.86
1975-1979	108	0.53576	0.42256	0.5	9	4	7	16	1.81
1975-1979	109	0.55578	0.43492	0.5	5	2	4	9	1.76
1975-1979	110+	0.57563	1.00000	1.74	3	3	5	5	1.74
1980-1984	0	0.01483	0.01463	0.08	100000	1463	98661	6891764	68.92
1980-1984	1	0.00110	0.00110	0.5	98537	109	98482	6793104	68.94
1980-1984	2	0.00072	0.00072	0.5	98428	70	98393	6694622	68.02
1980-1984	3	0.00065	0.00065	0.5	98357	64	98325	6596229	67.06
1980-1984	4	0.00049	0.00049	0.5	98293	48	98269	6497904	66.11
1980-1984	5	0.00039	0.00039	0.5	98245	39	98226	6399634	65.14
1980-1984	6	0.00044	0.00044	0.5	98206	43	98185	6301409	64.16
1980-1984	7	0.00042	0.00042	0.5	98164	41	98143	6203224	63.19
1980-1984	8	0.00033	0.00033	0.5	98122	32	98106	6105081	62.22
1980-1984	9	0.00027	0.00027	0.5	98090	27	98077	6006974	61.24
1980-1984	10	0.00032	0.00032	0.5	98064	31	98048	5908897	60.26
1980-1984	11	0.00038	0.00038	0.5	98033	37	98014	5810849	59.27
1980-1984	12	0.00042	0.00042	0.5	97995	42	97974	5712835	58.30
1980-1984	13	0.00055	0.00055	0.5	97954	54	97927	5614861	57.32
1980-1984	14	0.00057	0.00057	0.5	97900	55	97872	5516934	56.35
1980-1984	15	0.00080	0.00080	0.5	97845	78	97806	5419062	55.38
1980-1984	16	0.00118	0.00117	0.5	97767	115	97709	5321256	54.43
1980-1984	17	0.00135	0.00135	0.5	97652	132	97586	5223547	53.49
1980-1984	18	0.00165	0.00165	0.5	97520	161	97440	5125961	52.56
1980-1984	19	0.00166	0.00166	0.5	97359	161	97279	5028521	51.65
1980-1984	20	0.00201	0.00201	0.5	97198	195	97101	4931242	50.73
1980-1984	21	0.00197	0.00197	0.5	97003	191	96908	4834141	49.83
1980-1984	22	0.00196	0.00196	0.5	96813	190	96718	4737233	48.93
1980-1984	23	0.00196	0.00196	0.5	96623	189	96528	4640516	48.03
1980-1984	24	0.00207	0.00207	0.5	96433	200	96334	4543988	47.12
1980-1984	25	0.00201	0.00201	0.5	96234	193	96137	4447654	46.22
1980-1984	26	0.00198	0.00198	0.5	96041	190	95946	4351517	45.31
1980-1984	27	0.00207	0.00207	0.5	95850	198	95751	4255571	44.40
1980-1984	28	0.00223	0.00222	0.5	95652	213	95546	4159820	43.49
1980-1984	29	0.00215	0.00215	0.5	95439	205	95337	4064274	42.58
1980-1984	30	0.00201	0.00201	0.5	95234	191	95138	3968938	41.68
1980-1984	31	0.00235	0.00235	0.5	95043	223	94931	3873799	40.76
1980-1984	32	0.00229	0.00229	0.5	94820	217	94711	3778868	39.85
1980-1984	33	0.00230	0.00230	0.5	94603	218	94494	3684157	38.94
1980-1984	34	0.00247	0.00246	0.5	94385	233	94269	3589663	38.03
1980-1984	35	0.00248	0.00247	0.5	94153	233	94036	3495394	37.12
1980-1984	36	0.00267	0.00267	0.5	93920	250	93794	3401358	36.22
1980-1984	37	0.00293	0.00293	0.5	93669	274	93532	3307563	35.31
1980-1984	38	0.00333	0.00333	0.5	93395	311	93240	3214031	34.41
1980-1984	39	0.00336	0.00336	0.5	93084	313	92928	3120791	33.53
1980-1984	40	0.00352	0.00352	0.5	92772	326	92609	3027863	32.64
1980-1984	41	0.00374	0.00374	0.5	92446	345	92273	2935255	31.75
1980-1984	42	0.00457	0.00456	0.5	92100	420	91890	2842982	30.87
1980-1984	43	0.00455	0.00454	0.5	91680	416	91472	2751091	30.01
1980-1984	44	0.00515	0.00513	0.5	91264	468	91030	2659619	29.14
1980-1984	45	0.00507	0.00506	0.5	90796	459	90566	2568590	28.29
1980-1984	46	0.00613	0.00611	0.5	90336	552	90061	2478024	27.43
1980-1984	47	0.00645	0.00643	0.5	89785	578	89496	2387963	26.60
1980-1984	48	0.00796	0.00793	0.5	89207	708	88853	2298467	25.77
1980-1984	49	0.00815	0.00812	0.5	88500	719	88140	2209614	24.97
1980-1984	50	0.00886	0.00883	0.5	87781	775	87393	2121474	24.17
1980-1984	51	0.01038	0.01033	0.5	87006	899	86557	2034080	23.38
1980-1984	52	0.01109	0.01103	0.5	86107	949	85633	1947523	22.62
1980-1984	53	0.01189	0.01182	0.5	85158	1007	84655	1861891	21.86
1980-1984	54	0.01289	0.01281	0.5	84151	1078	83612	1777236	21.12
1980-1984	55	0.01420	0.01410	0.5	83073	1171	82488	1693624	20.39
1980-1984	56	0.01561	0.01549	0.5	81902	1268	81268	1611136	19.67
1980-1984	57	0.01643	0.01630	0.5	80634	1314	79977	1529868	18.97
1980-1984	58	0.01801	0.01785	0.5	79319	1416	78612	1449892	18.28
1980-1984	59	0.01851	0.01834	0.5	77904	1429	77189	1371280	17.60
1980-1984	60	0.02038	0.02018	0.5	76475	1543	75703	1294091	16.92
1980-1984	61	0.02251	0.02226	0.5	74932	1668	74098	1218387	16.26
1980-1984	62	0.02521	0.02489	0.5	73264	1824	72352	1144289	15.62
1980-1984	63	0.02717	0.02680	0.5	71440	1915	70482	1071938	15.00
1980-1984	64	0.02902	0.02860	0.5	69525	1989	68531	1001455	14.40
1980-1984	65	0.03088	0.03041	0.5	67536	2054	66510	932925	13.81
1980-1984	66	0.03313	0.03259	0.5	65483	2134	64416	866415	13.23
1980-1984	67	0.03528	0.03467	0.5	63349	2196	62250	801999	12.66
1980-1984	68	0.04094	0.04012	0.5	61152	2453	59926	739749	12.10
1980-1984	69	0.04251	0.04162	0.5	58699	2443	57477	679823	11.58
1980-1984	70	0.04542	0.04441	0.5	56256	2498	55007	622346	11.06
1980-1984	71	0.04867	0.04751	0.5	53758	2554	52480	567339	10.55
1980-1984	72	0.05385	0.05243	0.5	51203	2685	49861	514859	10.06
1980-1984	73	0.06059	0.05881	0.5	48519	2853	47092	464998	9.58
1980-1984	74	0.06386	0.06189	0.5	45665	2826	44252	417906	9.15
1980-1984	75	0.06499	0.06294	0.5	42839	2696	41491	373654	8.72
1980-1984	76	0.07422	0.07157	0.5	40143	2873	38706	332163	8.27
1980-1984	77	0.07628	0.07348	0.5	37270	2738	35901	293456	7.87
1980-1984	78	0.08545	0.08194	0.5	34531	2830	33117	257556	7.46
1980-1984	79	0.08214	0.07890	0.5	31702	2501	30451	224439	7.08
1980-1984	80	0.10117	0.09630	0.5	29201	2812	27795	193988	6.64
1980-1984	81	0.10435	0.09918	0.5	26389	2617	25080	166193	6.30
1980-1984	82	0.12088	0.11399	0.5	23772	2710	22417	141113	5.94
1980-1984	83	0.13580	0.12716	0.5	21062	2678	19723	118696	5.64
1980-1984	84	0.13932	0.13025	0.5	18383	2394	17186	98974	5.38
1980-1984	85	0.14858	0.13831	0.5	15989	2211	14883	81788	5.12
1980-1984	86	0.16398	0.15155	0.5	13778	2088	12734	66904	4.86
1980-1984	87	0.17533	0.16120	0.5	11690	1884	10747	54171	4.63
1980-1984	88	0.18352	0.16809	0.5	9805	1648	8981	43423	4.43
1980-1984	89	0.19251	0.17560	0.5	8157	1432	7441	34442	4.22
1980-1984	90	0.20530	0.18619	0.5	6725	1252	6099	27001	4.02
1980-1984	91	0.21871	0.19715	0.5	5473	1079	4933	20903	3.82
1980-1984	92	0.23275	0.20848	0.5	4394	916	3936	15970	3.63
1980-1984	93	0.24739	0.22016	0.5	3478	766	3095	12034	3.46
1980-1984	94	0.26265	0.23216	0.5	2712	630	2397	8939	3.30
1980-1984	95	0.27850	0.24446	0.5	2082	509	1828	6542	3.14
1980-1984	96	0.29492	0.25702	0.5	1573	404	1371	4714	3.00
1980-1984	97	0.31189	0.26981	0.5	1169	315	1011	3343	2.86
1980-1984	98	0.32938	0.28280	0.5	854	241	733	2332	2.73
1980-1984	99	0.34736	0.29596	0.5	612	181	522	1599	2.61
1980-1984	100	0.36578	0.30923	0.5	431	133	364	1077	2.50
1980-1984	101	0.38460	0.32257	0.5	298	96	250	713	2.39
1980-1984	102	0.40378	0.33595	0.5	202	68	168	463	2.30
1980-1984	103	0.42326	0.34933	0.5	134	47	111	295	2.20
1980-1984	104	0.44297	0.36265	0.5	87	32	71	185	2.12
1980-1984	105	0.46287	0.37588	0.5	56	21	45	113	2.04
1980-1984	106	0.48289	0.38897	0.5	35	13	28	68	1.97
1980-1984	107	0.50296	0.40189	0.5	21	9	17	40	1.90
1980-1984	108	0.52302	0.41460	0.5	13	5	10	23	1.85
1980-1984	109	0.54301	0.42706	0.5	7	3	6	13	1.80
1980-1984	110+	0.56286	1.00000	1.78	4	4	8	8	1.78
1985-1989	0	0.01462	0.01443	0.08	100000	1443	98679	6941920	69.42
1985-1989	1	0.00098	0.00098	0.5	98557	96	98509	6843241	69.43
1985-1989	2	0.00062	0.00062	0.5	98461	61	98431	6744732	68.50
1985-1989	3	0.00055	0.00055	0.5	98400	54	98373	6646302	67.54
1985-1989	4	0.00039	0.00039	0.5	98346	39	98326	6547929	66.58
1985-1989	5	0.00029	0.00029	0.5	98307	29	98293	6449602	65.61
1985-1989	6	0.00031	0.00031	0.5	98278	30	98263	6351309	64.63
1985-1989	7	0.00029	0.00029	0.5	98248	28	98234	6253046	63.65
1985-1989	8	0.00038	0.00037	0.5	98220	37	98202	6154812	62.66
1985-1989	9	0.00034	0.00034	0.5	98183	34	98166	6056610	61.69
1985-1989	10	0.00031	0.00031	0.5	98150	31	98134	5958444	60.71
1985-1989	11	0.00031	0.00031	0.5	98119	31	98104	5860310	59.73
1985-1989	12	0.00043	0.00043	0.5	98088	42	98067	5762206	58.75
1985-1989	13	0.00049	0.00049	0.5	98046	48	98022	5664139	57.77
1985-1989	14	0.00070	0.00070	0.5	97998	69	97964	5566117	56.80
1985-1989	15	0.00094	0.00093	0.5	97930	92	97884	5468153	55.84
1985-1989	16	0.00128	0.00127	0.5	97838	125	97776	5370269	54.89
1985-1989	17	0.00134	0.00134	0.5	97714	131	97648	5272493	53.96
1985-1989	18	0.00152	0.00152	0.5	97583	148	97509	5174845	53.03
1985-1989	19	0.00167	0.00167	0.5	97435	162	97354	5077336	52.11
1985-1989	20	0.00180	0.00179	0.5	97272	175	97185	4979982	51.20
1985-1989	21	0.00196	0.00195	0.5	97098	190	97003	4882797	50.29
1985-1989	22	0.00174	0.00173	0.5	96908	168	96824	4785794	49.38
1985-1989	23	0.00209	0.00209	0.5	96740	202	96639	4688970	48.47
1985-1989	24	0.00197	0.00196	0.5	96538	190	96443	4592331	47.57
1985-1989	25	0.00201	0.00201	0.5	96349	193	96252	4495888	46.66
1985-1989	26	0.00204	0.00204	0.5	96155	196	96057	4399636	45.76
1985-1989	27	0.00210	0.00210	0.5	95959	202	95858	4303579	44.85
1985-1989	28	0.00216	0.00216	0.5	95757	207	95654	4207720	43.94
1985-1989	29	0.00200	0.00200	0.5	95550	191	95455	4112067	43.04
1985-1989	30	0.00241	0.00241	0.5	95360	230	95245	4016612	42.12
1985-1989	31	0.00256	0.00256	0.5	95130	243	95008	3921367	41.22
1985-1989	32	0.00265	0.00265	0.5	94887	251	94761	3826358	40.33
1985-1989	33	0.00241	0.00241	0.5	94635	228	94521	3731597	39.43
1985-1989	34	0.00246	0.00246	0.5	94408	232	94292	3637076	38.53
1985-1989	35	0.00256	0.00256	0.5	94176	241	94055	3542784	37.62
1985-1989	36	0.00269	0.00269	0.5	93935	252	93808	3448729	36.71
1985-1989	37	0.00269	0.00269	0.5	93682	252	93556	3354921	35.81
1985-1989	38	0.00343	0.00343	0.5	93430	320	93270	3261365	34.91
1985-1989	39	0.00284	0.00283	0.5	93110	264	92978	3168094	34.03
1985-1989	40	0.00339	0.00338	0.5	92846	314	92689	3075116	33.12
1985-1989	41	0.00385	0.00385	0.5	92532	356	92354	2982427	32.23
1985-1989	42	0.00398	0.00398	0.5	92176	366	91993	2890073	31.35
1985-1989	43	0.00428	0.00427	0.5	91810	392	91614	2798080	30.48
1985-1989	44	0.00461	0.00460	0.5	91418	420	91208	2706466	29.61
1985-1989	45	0.00508	0.00506	0.5	90998	461	90767	2615258	28.74
1985-1989	46	0.00579	0.00577	0.5	90537	523	90276	2524490	27.88
1985-1989	47	0.00577	0.00576	0.5	90014	518	89755	2434215	27.04
1985-1989	48	0.00699	0.00697	0.5	89496	624	89184	2344459	26.20
1985-1989	49	0.00708	0.00706	0.5	88873	627	88559	2255275	25.38
1985-1989	50	0.00803	0.00800	0.5	88245	706	87892	2166716	24.55
1985-1989	51	0.00890	0.00886	0.5	87539	776	87151	2078824	23.75
1985-1989	52	0.01021	0.01016	0.5	86763	881	86323	1991672	22.96
1985-1989	53	0.01071	0.01065	0.5	85882	915	85425	1905350	22.19
1985-1989	54	0.01102	0.01096	0.5	84968	931	84502	1819925	21.42
1985-1989	55	0.01334	0.01325	0.5	84036	1113	83480	1735423	20.65
1985-1989	56	0.01378	0.01368	0.5	82923	1135	82356	1651943	19.92
1985-1989	57	0.01547	0.01535	0.5	81789	1256	81161	1569587	19.19
1985-1989	58	0.01684	0.01670	0.5	80533	1345	79861	1488426	18.48
1985-1989	59	0.01889	0.01871	0.5	79188	1482	78447	1408566	17.79
1985-1989	60	0.01923	0.01904	0.5	77706	1480	76966	1330118	17.12
1985-1989	61	0.02011	0.01990	0.5	76227	1517	75468	1253152	16.44
1985-1989	62	0.02484	0.02453	0.5	74709	1833	73793	1177684	15.76
1985-1989	63	0.02645	0.02611	0.5	72877	1903	71925	1103891	15.15
1985-1989	64	0.02705	0.02669	0.5	70974	1894	70027	1031966	14.54
1985-1989	65	0.03095	0.03048	0.5	69079	2105	68027	961939	13.93
1985-1989	66	0.03261	0.03209	0.5	66974	2149	65900	893912	13.35
1985-1989	67	0.03390	0.03334	0.5	64825	2161	63745	828013	12.77
1985-1989	68	0.03858	0.03785	0.5	62664	2372	61478	764268	12.20
1985-1989	69	0.04043	0.03963	0.5	60292	2390	59097	702790	11.66
1985-1989	70	0.04409	0.04314	0.5	57902	2498	56654	643693	11.12
1985-1989	71	0.04568	0.04466	0.5	55405	2474	54168	587039	10.60
1985-1989	72	0.05383	0.05242	0.5	52931	2774	51543	532872	10.07
1985-1989	73	0.05889	0.05721	0.5	50156	2869	48721	481328	9.60
1985-1989	74	0.06246	0.06057	0.5	47287	2864	45855	432607	9.15
1985-1989	75	0.06695	0.06478	0.5	44423	2878	42984	386752	8.71
1985-1989	76	0.07124	0.06879	0.5	41545	2858	40116	343768	8.27
1985-1989	77	0.07547	0.07273	0.5	38687	2814	37280	303652	7.85
1985-1989	78	0.08463	0.08120	0.5	35874	2913	34417	266372	7.43
1985-1989	79	0.08312	0.07980	0.5	32961	2630	31646	231954	7.04
1985-1989	80	0.09953	0.09481	0.5	30330	2876	28893	200309	6.60
1985-1989	81	0.10785	0.10233	0.5	27455	2810	26050	171416	6.24
1985-1989	82	0.12076	0.11388	0.5	24645	2807	23242	145366	5.90
1985-1989	83	0.12566	0.11823	0.5	21839	2582	20548	122124	5.59
1985-1989	84	0.14288	0.13335	0.5	19256	2568	17973	101577	5.27
1985-1989	85	0.15579	0.14453	0.5	16689	2412	15483	83604	5.01
1985-1989	86	0.16324	0.15092	0.5	14277	2155	13199	68122	4.77
1985-1989	87	0.16946	0.15622	0.5	12122	1894	11175	54923	4.53
1985-1989	88	0.18805	0.17189	0.5	10228	1758	9349	43747	4.28
1985-1989	89	0.19761	0.17984	0.5	8470	1523	7708	34398	4.06
1985-1989	90	0.21386	0.19320	0.5	6947	1342	6276	26690	3.84
1985-1989	91	0.22893	0.20541	0.5	5605	1151	5029	20414	3.64
1985-1989	92	0.24472	0.21804	0.5	4453	971	3968	15385	3.45
1985-1989	93	0.26124	0.23106	0.5	3482	805	3080	11417	3.28
1985-1989	94	0.27846	0.24443	0.5	2678	655	2350	8337	3.11
1985-1989	95	0.29636	0.25812	0.5	2023	522	1762	5987	2.96
1985-1989	96	0.31491	0.27207	0.5	1501	408	1297	4224	2.81
1985-1989	97	0.33407	0.28626	0.5	1093	313	936	2928	2.68
1985-1989	98	0.35380	0.30062	0.5	780	234	663	1991	2.55
1985-1989	99	0.37403	0.31510	0.5	545	172	459	1329	2.44
1985-1989	100	0.39471	0.32965	0.5	374	123	312	869	2.33
1985-1989	101	0.41578	0.34422	0.5	250	86	207	557	2.23
1985-1989	102	0.43716	0.35875	0.5	164	59	135	350	2.13
1985-1989	103	0.45878	0.37318	0.5	105	39	86	215	2.04
1985-1989	104	0.48055	0.38746	0.5	66	26	53	130	1.96
1985-1989	105	0.50240	0.40153	0.5	40	16	32	76	1.89
1985-1989	106	0.52424	0.41536	0.5	24	10	19	44	1.82
1985-1989	107	0.54598	0.42890	0.5	14	6	11	25	1.76
1985-1989	108	0.56755	0.44210	0.5	8	4	6	14	1.71
1985-1989	109	0.58887	0.45493	0.5	5	2	3	8	1.67
1985-1989	110+	0.60986	1.00000	1.64	2	2	4	4	1.64
1990-1994	0	0.01227	0.01214	0.08	100000	1214	98881	6999563	70.00
1990-1994	1	0.00086	0.00086	0.5	98786	85	98744	6900682	69.85
1990-1994	2	0.00067	0.00067	0.5	98701	66	98668	6801939	68.91
1990-1994	3	0.00062	0.00061	0.5	98635	61	98605	6703270	67.96
1990-1994	4	0.00039	0.00039	0.5	98575	38	98556	6604665	67.00
1990-1994	5	0.00036	0.00036	0.5	98536	35	98519	6506110	66.03
1990-1994	6	0.00027	0.00027	0.5	98501	27	98488	6407591	65.05
1990-1994	7	0.00030	0.00030	0.5	98474	29	98460	6309103	64.07
1990-1994	8	0.00026	0.00026	0.5	98445	25	98432	6210644	63.09
1990-1994	9	0.00021	0.00021	0.5	98420	21	98409	6112211	62.10
1990-1994	10	0.00028	0.00028	0.5	98399	28	98385	6013802	61.12
1990-1994	11	0.00026	0.00026	0.5	98371	26	98358	5915418	60.13
1990-1994	12	0.00024	0.00024	0.5	98345	24	98333	5817060	59.15
1990-1994	13	0.00059	0.00059	0.5	98321	58	98292	5718727	58.16
1990-1994	14	0.00072	0.00072	0.5	98262	71	98227	5620436	57.20
1990-1994	15	0.00094	0.00094	0.5	98191	92	98145	5522209	56.24
1990-1994	16	0.00145	0.00145	0.5	98099	142	98028	5424064	55.29
1990-1994	17	0.00153	0.00153	0.5	97957	150	97882	5326036	54.37
1990-1994	18	0.00210	0.00210	0.5	97807	205	97704	5228154	53.45
1990-1994	19	0.00212	0.00212	0.5	97602	207	97498	5130450	52.57
1990-1994	20	0.00199	0.00199	0.5	97394	194	97298	5032952	51.68
1990-1994	21	0.00197	0.00197	0.5	97201	192	97105	4935654	50.78
1990-1994	22	0.00206	0.00206	0.5	97009	200	96909	4838549	49.88
1990-1994	23	0.00221	0.00221	0.5	96809	214	96702	4741640	48.98
1990-1994	24	0.00219	0.00219	0.5	96595	211	96490	4644937	48.09
1990-1994	25	0.00175	0.00174	0.5	96384	168	96300	4548448	47.19
1990-1994	26	0.00186	0.00186	0.5	96216	179	96126	4452148	46.27
1990-1994	27	0.00220	0.00220	0.5	96037	211	95932	4356022	45.36
1990-1994	28	0.00262	0.00262	0.5	95826	251	95701	4260090	44.46
1990-1994	29	0.00245	0.00245	0.5	95575	234	95458	4164389	43.57
1990-1994	30	0.00241	0.00241	0.5	95341	230	95226	4068931	42.68
1990-1994	31	0.00274	0.00274	0.5	95111	260	94981	3973705	41.78
1990-1994	32	0.00272	0.00272	0.5	94851	258	94722	3878724	40.89
1990-1994	33	0.00276	0.00275	0.5	94594	261	94463	3784001	40.00
1990-1994	34	0.00275	0.00275	0.5	94333	259	94204	3689538	39.11
1990-1994	35	0.00303	0.00303	0.5	94074	285	93932	3595334	38.22
1990-1994	36	0.00299	0.00299	0.5	93789	280	93649	3501402	37.33
1990-1994	37	0.00288	0.00288	0.5	93509	269	93375	3407753	36.44
1990-1994	38	0.00348	0.00348	0.5	93240	324	93078	3314379	35.55
1990-1994	39	0.00334	0.00333	0.5	92916	310	92761	3221301	34.67
1990-1994	40	0.00357	0.00357	0.5	92606	330	92441	3128540	33.78
1990-1994	41	0.00385	0.00384	0.5	92276	355	92098	3036099	32.90
1990-1994	42	0.00427	0.00426	0.5	91921	392	91725	2944000	32.03
1990-1994	43	0.00434	0.00433	0.5	91529	397	91331	2852275	31.16
1990-1994	44	0.00449	0.00448	0.5	91133	408	90929	2760944	30.30
1990-1994	45	0.00513	0.00512	0.5	90724	465	90492	2670015	29.43
1990-1994	46	0.00527	0.00526	0.5	90260	475	90022	2579523	28.58
1990-1994	47	0.00672	0.00669	0.5	89785	601	89485	2489501	27.73
1990-1994	48	0.00673	0.00671	0.5	89184	598	88885	2400016	26.91
1990-1994	49	0.00685	0.00682	0.5	88586	604	88284	2311131	26.09
1990-1994	50	0.00792	0.00789	0.5	87981	694	87634	2222848	25.27
1990-1994	51	0.00777	0.00774	0.5	87287	676	86949	2135214	24.46
1990-1994	52	0.00929	0.00924	0.5	86611	801	86211	2048264	23.65
1990-1994	53	0.01018	0.01013	0.5	85811	869	85376	1962053	22.86
1990-1994	54	0.01048	0.01043	0.5	84941	886	84499	1876677	22.09
1990-1994	55	0.01135	0.01128	0.5	84056	948	83582	1792179	21.32
1990-1994	56	0.01282	0.01274	0.5	83107	1059	82578	1708597	20.56
1990-1994	57	0.01360	0.01351	0.5	82048	1108	81494	1626020	19.82
1990-1994	58	0.01541	0.01529	0.5	80940	1237	80321	1544525	19.08
1990-1994	59	0.01639	0.01625	0.5	79703	1295	79055	1464204	18.37
1990-1994	60	0.01758	0.01743	0.5	78407	1366	77724	1385149	17.67
1990-1994	61	0.02025	0.02005	0.5	77041	1544	76268	1307425	16.97
1990-1994	62	0.02232	0.02207	0.5	75496	1666	74663	1231157	16.31
1990-1994	63	0.02427	0.02398	0.5	73830	1770	72945	1156494	15.66
1990-1994	64	0.02642	0.02607	0.5	72060	1879	71120	1083549	15.04
1990-1994	65	0.02621	0.02588	0.5	70181	1816	69273	1012429	14.43
1990-1994	66	0.03036	0.02991	0.5	68365	2045	67342	943156	13.80
1990-1994	67	0.03167	0.03117	0.5	66320	2067	65286	875814	13.21
1990-1994	68	0.03621	0.03556	0.5	64253	2285	63110	810528	12.61
1990-1994	69	0.03911	0.03836	0.5	61968	2377	60779	747417	12.06
1990-1994	70	0.03966	0.03888	0.5	59591	2317	58432	686638	11.52
1990-1994	71	0.04483	0.04385	0.5	57273	2511	56018	628206	10.97
1990-1994	72	0.04798	0.04686	0.5	54762	2566	53479	572189	10.45
1990-1994	73	0.05292	0.05155	0.5	52196	2691	50850	518710	9.94
1990-1994	74	0.05586	0.05435	0.5	49505	2690	48160	467859	9.45
1990-1994	75	0.06116	0.05934	0.5	46815	2778	45426	419699	8.97
1990-1994	76	0.06522	0.06316	0.5	44037	2781	42646	374274	8.50
1990-1994	77	0.07232	0.06980	0.5	41255	2880	39815	331628	8.04
1990-1994	78	0.07774	0.07483	0.5	38376	2872	36940	291813	7.60
1990-1994	79	0.08638	0.08281	0.5	35504	2940	34034	254873	7.18
1990-1994	80	0.09742	0.09290	0.5	32564	3025	31052	220839	6.78
1990-1994	81	0.10615	0.10080	0.5	29539	2977	28050	189787	6.42
1990-1994	82	0.11193	0.10600	0.5	26562	2815	25154	161737	6.09
1990-1994	83	0.12127	0.11434	0.5	23746	2715	22388	136583	5.75
1990-1994	84	0.13065	0.12263	0.5	21031	2579	19741	114195	5.43
1990-1994	85	0.14590	0.13598	0.5	18452	2509	17197	94453	5.12
1990-1994	86	0.16074	0.14879	0.5	15943	2372	14757	77256	4.85
1990-1994	87	0.16148	0.14942	0.5	13571	2028	12557	62499	4.61
1990-1994	88	0.18864	0.17238	0.5	11543	1990	10548	49943	4.33
1990-1994	89	0.19118	0.17450	0.5	9553	1667	8720	39395	4.12
1990-1994	90	0.21014	0.19016	0.5	7886	1500	7136	30675	3.89
1990-1994	91	0.22430	0.20168	0.5	6386	1288	5742	23539	3.69
1990-1994	92	0.24037	0.21458	0.5	5098	1094	4551	17796	3.49
1990-1994	93	0.25721	0.22790	0.5	4004	913	3548	13245	3.31
1990-1994	94	0.27481	0.24161	0.5	3092	747	2718	9697	3.14
1990-1994	95	0.29314	0.25567	0.5	2345	599	2045	6978	2.98
1990-1994	96	0.31216	0.27002	0.5	1745	471	1510	4933	2.83
1990-1994	97	0.33184	0.28462	0.5	1274	363	1093	3424	2.69
1990-1994	98	0.35212	0.29941	0.5	911	273	775	2331	2.56
1990-1994	99	0.37296	0.31434	0.5	639	201	538	1556	2.44
1990-1994	100	0.39427	0.32934	0.5	438	144	366	1018	2.32
1990-1994	101	0.41599	0.34437	0.5	294	101	243	652	2.22
1990-1994	102	0.43805	0.35934	0.5	193	69	158	409	2.12
1990-1994	103	0.46035	0.37422	0.5	123	46	100	251	2.03
1990-1994	104	0.48281	0.38892	0.5	77	30	62	151	1.95
1990-1994	105	0.50535	0.40341	0.5	47	19	38	89	1.88
1990-1994	106	0.52786	0.41763	0.5	28	12	22	51	1.81
1990-1994	107	0.55025	0.43153	0.5	16	7	13	29	1.75
1990-1994	108	0.57245	0.44506	0.5	9	4	7	16	1.69
1990-1994	109	0.59436	0.45819	0.5	5	2	4	9	1.65
1990-1994	110+	0.61590	1.00000	1.62	3	3	5	5	1.62
1995-1999	0	0.01168	0.01155	0.08	100000	1155	98933	7061112	70.61
1995-1999	1	0.00097	0.00097	0.5	98845	96	98796	6962180	70.44
1995-1999	2	0.00057	0.00057	0.5	98748	56	98721	6863383	69.50
1995-1999	3	0.00044	0.00044	0.5	98693	44	98671	6764663	68.54
1995-1999	4	0.00036	0.00036	0.5	98649	36	98631	6665992	67.57
1995-1999	5	0.00030	0.00030	0.5	98613	30	98598	6567361	66.60
1995-1999	6	0.00041	0.00041	0.5	98583	40	98563	6468763	65.62
1995-1999	7	0.00029	0.00029	0.5	98543	29	98529	6370200	64.64
1995-1999	8	0.00022	0.00022	0.5	98515	22	98504	6271671	63.66
1995-1999	9	0.00024	0.00024	0.5	98493	24	98481	6173167	62.68
1995-1999	10	0.00028	0.00028	0.5	98469	28	98455	6074686	61.69
1995-1999	11	0.00014	0.00014	0.5	98441	14	98434	5976231	60.71
1995-1999	12	0.00043	0.00043	0.5	98427	42	98406	5877798	59.72
1995-1999	13	0.00046	0.00046	0.5	98385	45	98362	5779392	58.74
1995-1999	14	0.00058	0.00058	0.5	98339	57	98311	5681029	57.77
1995-1999	15	0.00058	0.00058	0.5	98282	57	98254	5582719	56.80
1995-1999	16	0.00123	0.00123	0.5	98225	121	98165	5484465	55.84
1995-1999	17	0.00164	0.00164	0.5	98104	161	98023	5386300	54.90
1995-1999	18	0.00189	0.00189	0.5	97943	185	97851	5288277	53.99
1995-1999	19	0.00174	0.00174	0.5	97758	170	97673	5190426	53.09
1995-1999	20	0.00173	0.00173	0.5	97589	169	97504	5092753	52.19
1995-1999	21	0.00209	0.00209	0.5	97420	204	97318	4995249	51.28
1995-1999	22	0.00213	0.00212	0.5	97216	206	97113	4897931	50.38
1995-1999	23	0.00215	0.00215	0.5	97010	209	96905	4800818	49.49
1995-1999	24	0.00197	0.00197	0.5	96801	191	96705	4703913	48.59
1995-1999	25	0.00203	0.00202	0.5	96610	196	96512	4607208	47.69
1995-1999	26	0.00194	0.00194	0.5	96414	187	96321	4510695	46.78
1995-1999	27	0.00185	0.00185	0.5	96228	178	96139	4414374	45.87
1995-1999	28	0.00204	0.00203	0.5	96050	195	95952	4318236	44.96
1995-1999	29	0.00228	0.00227	0.5	95854	218	95745	4222284	44.05
1995-1999	30	0.00218	0.00218	0.5	95636	208	95532	4126538	43.15
1995-1999	31	0.00254	0.00254	0.5	95428	242	95307	4031006	42.24
1995-1999	32	0.00228	0.00228	0.5	95186	217	95077	3935699	41.35
1995-1999	33	0.00255	0.00255	0.5	94968	242	94847	3840622	40.44
1995-1999	34	0.00263	0.00263	0.5	94726	249	94602	3745775	39.54
1995-1999	35	0.00274	0.00274	0.5	94477	259	94348	3651173	38.65
1995-1999	36	0.00306	0.00305	0.5	94219	288	94075	3556825	37.75
1995-1999	37	0.00329	0.00329	0.5	93931	309	93777	3462751	36.86
1995-1999	38	0.00318	0.00318	0.5	93622	297	93474	3368974	35.98
1995-1999	39	0.00325	0.00325	0.5	93325	303	93174	3275500	35.10
1995-1999	40	0.00360	0.00359	0.5	93022	334	92855	3182327	34.21
1995-1999	41	0.00427	0.00426	0.5	92688	395	92491	3089472	33.33
1995-1999	42	0.00400	0.00399	0.5	92293	368	92109	2996981	32.47
1995-1999	43	0.00472	0.00471	0.5	91925	433	91709	2904872	31.60
1995-1999	44	0.00454	0.00453	0.5	91492	414	91285	2813163	30.75
1995-1999	45	0.00505	0.00504	0.5	91078	459	90848	2721878	29.89
1995-1999	46	0.00562	0.00560	0.5	90619	508	90365	2631030	29.03
1995-1999	47	0.00603	0.00601	0.5	90111	542	89840	2540665	28.19
1995-1999	48	0.00641	0.00639	0.5	89569	572	89283	2450825	27.36
1995-1999	49	0.00645	0.00643	0.5	88997	572	88711	2361541	26.54
1995-1999	50	0.00721	0.00719	0.5	88425	636	88107	2272830	25.70
1995-1999	51	0.00806	0.00802	0.5	87789	704	87437	2184723	24.89
1995-1999	52	0.00871	0.00868	0.5	87085	756	86707	2097286	24.08
1995-1999	53	0.00955	0.00950	0.5	86329	820	85919	2010579	23.29
1995-1999	54	0.01033	0.01028	0.5	85509	879	85070	1924659	22.51
1995-1999	55	0.01122	0.01116	0.5	84630	944	84158	1839590	21.74
1995-1999	56	0.01133	0.01127	0.5	83686	943	83214	1755432	20.98
1995-1999	57	0.01227	0.01220	0.5	82743	1009	82238	1672218	20.21
1995-1999	58	0.01438	0.01428	0.5	81734	1167	81150	1589980	19.45
1995-1999	59	0.01554	0.01542	0.5	80567	1242	79945	1508829	18.73
1995-1999	60	0.01664	0.01650	0.5	79324	1309	78670	1428884	18.01
1995-1999	61	0.01958	0.01939	0.5	78016	1513	77259	1350214	17.31
1995-1999	62	0.02039	0.02018	0.5	76503	1544	75731	1272955	16.64
1995-1999	63	0.02233	0.02208	0.5	74959	1655	74131	1197224	15.97
1995-1999	64	0.02363	0.02335	0.5	73304	1712	72448	1123092	15.32
1995-1999	65	0.02638	0.02603	0.5	71592	1864	70660	1050645	14.68
1995-1999	66	0.02810	0.02771	0.5	69728	1932	68762	979985	14.05
1995-1999	67	0.02976	0.02932	0.5	67796	1988	66802	911223	13.44
1995-1999	68	0.03366	0.03311	0.5	65808	2179	64718	844421	12.83
1995-1999	69	0.03775	0.03705	0.5	63629	2357	62450	779703	12.25
1995-1999	70	0.03737	0.03668	0.5	61272	2248	60148	717252	11.71
1995-1999	71	0.04303	0.04212	0.5	59024	2486	57781	657104	11.13
1995-1999	72	0.04597	0.04493	0.5	56538	2540	55268	599323	10.60
1995-1999	73	0.04837	0.04723	0.5	53997	2550	52722	544056	10.08
1995-1999	74	0.05347	0.05208	0.5	51447	2679	50107	491334	9.55
1995-1999	75	0.05882	0.05714	0.5	48767	2787	47374	441227	9.05
1995-1999	76	0.06343	0.06148	0.5	45981	2827	44567	393853	8.57
1995-1999	77	0.06803	0.06580	0.5	43154	2839	41734	349285	8.09
1995-1999	78	0.07652	0.07370	0.5	40315	2971	38829	307551	7.63
1995-1999	79	0.07986	0.07679	0.5	37344	2868	35910	268722	7.20
1995-1999	80	0.09210	0.08805	0.5	34476	3036	32958	232812	6.75
1995-1999	81	0.10328	0.09821	0.5	31440	3088	29896	199854	6.36
1995-1999	82	0.11174	0.10583	0.5	28353	3001	26852	169957	5.99
1995-1999	83	0.12283	0.11572	0.5	25352	2934	23885	143105	5.64
1995-1999	84	0.13054	0.12255	0.5	22418	2747	21045	119220	5.32
1995-1999	85	0.14872	0.13843	0.5	19671	2723	18309	98175	4.99
1995-1999	86	0.16010	0.14823	0.5	16948	2512	15692	79866	4.71
1995-1999	87	0.16786	0.15486	0.5	14436	2236	13318	64174	4.45
1995-1999	88	0.19071	0.17411	0.5	12200	2124	11138	50856	4.17
1995-1999	89	0.20467	0.18567	0.5	10076	1871	9141	39718	3.94
1995-1999	90	0.21506	0.19418	0.5	8205	1593	7409	30577	3.73
1995-1999	91	0.23534	0.21056	0.5	6612	1392	5916	23168	3.50
1995-1999	92	0.25363	0.22509	0.5	5220	1175	4632	17252	3.31
1995-1999	93	0.27284	0.24008	0.5	4045	971	3559	12620	3.12
1995-1999	94	0.29293	0.25550	0.5	3074	785	2681	9061	2.95
1995-1999	95	0.31386	0.27128	0.5	2288	621	1978	6380	2.79
1995-1999	96	0.33557	0.28736	0.5	1668	479	1428	4402	2.64
1995-1999	97	0.35801	0.30365	0.5	1188	361	1008	2974	2.50
1995-1999	98	0.38108	0.32009	0.5	828	265	695	1966	2.38
1995-1999	99	0.40471	0.33659	0.5	563	189	468	1271	2.26
1995-1999	100	0.42878	0.35308	0.5	373	132	307	803	2.15
1995-1999	101	0.45319	0.36947	0.5	241	89	197	495	2.05
1995-1999	102	0.47784	0.38569	0.5	152	59	123	298	1.96
1995-1999	103	0.50259	0.40166	0.5	94	38	75	175	1.88
1995-1999	104	0.52733	0.41730	0.5	56	23	44	101	1.80
1995-1999	105	0.55193	0.43256	0.5	33	14	26	56	1.73
1995-1999	106	0.57629	0.44738	0.5	19	8	14	31	1.67
1995-1999	107	0.60028	0.46170	0.5	10	5	8	16	1.61
1995-1999	108	0.62379	0.47549	0.5	6	3	4	9	1.56
1995-1999	109	0.64674	0.48871	0.5	3	1	2	4	1.52
1995-1999	110+	0.66903	1.00000	1.49	1	1	2	2	1.49
2000-2004	0	0.01051	0.01041	0.07	100000	1041	99036	7138502	71.39
2000-2004	1	0.00069	0.00069	0.5	98959	68	98925	7039467	71.13
2000-2004	2	0.00054	0.00054	0.5	98891	53	98865	6940541	70.18
2000-2004	3	0.00039	0.00039	0.5	98838	39	98819	6841677	69.22
2000-2004	4	0.00034	0.00034	0.5	98800	34	98782	6742858	68.25
2000-2004	5	0.00026	0.00026	0.5	98765	25	98753	6644075	67.27
2000-2004	6	0.00022	0.00022	0.5	98740	21	98729	6545323	66.29
2000-2004	7	0.00019	0.00019	0.5	98719	19	98709	6446593	65.30
2000-2004	8	0.00022	0.00022	0.5	98700	22	98689	6347884	64.32
2000-2004	9	0.00021	0.00021	0.5	98678	21	98667	6249195	63.33
2000-2004	10	0.00021	0.00021	0.5	98657	20	98647	6150528	62.34
2000-2004	11	0.00024	0.00024	0.5	98637	24	98625	6051881	61.36
2000-2004	12	0.00024	0.00024	0.5	98613	24	98601	5953256	60.37
2000-2004	13	0.00030	0.00030	0.5	98589	29	98574	5854655	59.38
2000-2004	14	0.00057	0.00057	0.5	98559	57	98531	5756081	58.40
2000-2004	15	0.00057	0.00057	0.5	98503	56	98475	5657550	57.44
2000-2004	16	0.00107	0.00107	0.5	98447	105	98394	5559075	56.47
2000-2004	17	0.00120	0.00120	0.5	98341	118	98282	5460681	55.53
2000-2004	18	0.00150	0.00150	0.5	98224	147	98150	5362399	54.59
2000-2004	19	0.00213	0.00213	0.5	98077	209	97972	5264248	53.67
2000-2004	20	0.00182	0.00181	0.5	97868	178	97779	5166276	52.79
2000-2004	21	0.00194	0.00194	0.5	97690	190	97595	5068498	51.88
2000-2004	22	0.00192	0.00192	0.5	97500	187	97407	4970902	50.98
2000-2004	23	0.00200	0.00200	0.5	97314	195	97216	4873495	50.08
2000-2004	24	0.00208	0.00208	0.5	97119	202	97018	4776279	49.18
2000-2004	25	0.00197	0.00196	0.5	96917	190	96822	4679261	48.28
2000-2004	26	0.00212	0.00212	0.5	96727	205	96625	4582439	47.38
2000-2004	27	0.00201	0.00200	0.5	96522	193	96425	4485814	46.47
2000-2004	28	0.00166	0.00166	0.5	96329	160	96249	4389389	45.57
2000-2004	29	0.00200	0.00200	0.5	96169	192	96073	4293140	44.64
2000-2004	30	0.00193	0.00193	0.5	95977	185	95884	4197067	43.73
2000-2004	31	0.00202	0.00202	0.5	95792	193	95695	4101182	42.81
2000-2004	32	0.00213	0.00213	0.5	95598	204	95497	4005487	41.90
2000-2004	33	0.00207	0.00207	0.5	95395	198	95296	3909991	40.99
2000-2004	34	0.00231	0.00231	0.5	95197	220	95087	3814695	40.07
2000-2004	35	0.00240	0.00240	0.5	94977	228	94863	3719607	39.16
2000-2004	36	0.00258	0.00258	0.5	94750	244	94627	3624744	38.26
2000-2004	37	0.00290	0.00289	0.5	94505	273	94369	3530116	37.35
2000-2004	38	0.00306	0.00306	0.5	94232	288	94088	3435748	36.46
2000-2004	39	0.00323	0.00322	0.5	93944	303	93793	3341660	35.57
2000-2004	40	0.00363	0.00362	0.5	93641	339	93472	3247867	34.68
2000-2004	41	0.00377	0.00377	0.5	93302	352	93126	3154396	33.81
2000-2004	42	0.00396	0.00395	0.5	92950	367	92767	3061270	32.93
2000-2004	43	0.00453	0.00452	0.5	92583	419	92374	2968503	32.06
2000-2004	44	0.00512	0.00510	0.5	92165	470	91929	2876129	31.21
2000-2004	45	0.00507	0.00505	0.5	91694	463	91463	2784200	30.36
2000-2004	46	0.00592	0.00590	0.5	91231	538	90962	2692737	29.52
2000-2004	47	0.00592	0.00590	0.5	90692	535	90425	2601776	28.69
2000-2004	48	0.00675	0.00673	0.5	90157	607	89854	2511351	27.86
2000-2004	49	0.00693	0.00690	0.5	89550	618	89241	2421497	27.04
2000-2004	50	0.00729	0.00726	0.5	88932	646	88609	2332256	26.23
2000-2004	51	0.00824	0.00820	0.5	88286	724	87924	2243646	25.41
2000-2004	52	0.00824	0.00820	0.5	87562	718	87203	2155722	24.62
2000-2004	53	0.00939	0.00935	0.5	86844	812	86438	2068519	23.82
2000-2004	54	0.01049	0.01043	0.5	86032	898	85583	1982081	23.04
2000-2004	55	0.01109	0.01103	0.5	85134	939	84665	1896498	22.28
2000-2004	56	0.01150	0.01143	0.5	84195	962	83714	1811833	21.52
2000-2004	57	0.01265	0.01257	0.5	83233	1046	82710	1728119	20.76
2000-2004	58	0.01414	0.01404	0.5	82187	1154	81610	1645409	20.02
2000-2004	59	0.01467	0.01456	0.5	81033	1180	80443	1563798	19.30
2000-2004	60	0.01543	0.01532	0.5	79853	1223	79242	1483355	18.58
2000-2004	61	0.01666	0.01653	0.5	78630	1299	77981	1404113	17.86
2000-2004	62	0.01826	0.01809	0.5	77331	1399	76631	1326133	17.15
2000-2004	63	0.02024	0.02004	0.5	75932	1522	75171	1249501	16.46
2000-2004	64	0.02226	0.02202	0.5	74410	1638	73591	1174331	15.78
2000-2004	65	0.02332	0.02305	0.5	72772	1677	71933	1100740	15.13
2000-2004	66	0.02562	0.02530	0.5	71094	1799	70195	1028807	14.47
2000-2004	67	0.02857	0.02817	0.5	69295	1952	68320	958612	13.83
2000-2004	68	0.02899	0.02857	0.5	67344	1924	66382	890293	13.22
2000-2004	69	0.03385	0.03329	0.5	65419	2178	64331	823911	12.59
2000-2004	70	0.03470	0.03411	0.5	63242	2157	62163	759581	12.01
2000-2004	71	0.03895	0.03821	0.5	61085	2334	59918	697417	11.42
2000-2004	72	0.04233	0.04145	0.5	58751	2435	57533	637499	10.85
2000-2004	73	0.04520	0.04420	0.5	56316	2489	55071	579966	10.30
2000-2004	74	0.04988	0.04867	0.5	53826	2620	52516	524895	9.75
2000-2004	75	0.05350	0.05211	0.5	51207	2668	49872	472379	9.22
2000-2004	76	0.06038	0.05861	0.5	48538	2845	47116	422506	8.70
2000-2004	77	0.06372	0.06175	0.5	45693	2822	44283	375390	8.22
2000-2004	78	0.06870	0.06642	0.5	42872	2847	41448	331108	7.72
2000-2004	79	0.08226	0.07901	0.5	40024	3162	38443	289660	7.24
2000-2004	80	0.08628	0.08271	0.5	36862	3049	35338	251217	6.82
2000-2004	81	0.10041	0.09561	0.5	33813	3233	32197	215879	6.38
2000-2004	82	0.11078	0.10497	0.5	30580	3210	28975	183683	6.01
2000-2004	83	0.11838	0.11177	0.5	27370	3059	25841	154708	5.65
2000-2004	84	0.12857	0.12081	0.5	24311	2937	22843	128867	5.30
2000-2004	85	0.14066	0.13141	0.5	21374	2809	19970	106024	4.96
2000-2004	86	0.15377	0.14279	0.5	18565	2651	17240	86054	4.64
2000-2004	87	0.17390	0.15999	0.5	15914	2546	14641	68815	4.32
2000-2004	88	0.18980	0.17335	0.5	13368	2317	12210	54173	4.05
2000-2004	89	0.20376	0.18492	0.5	11051	2044	10029	41964	3.80
2000-2004	90	0.22669	0.20361	0.5	9007	1834	8090	31935	3.55
2000-2004	91	0.24676	0.21966	0.5	7173	1576	6385	23844	3.32
2000-2004	92	0.26800	0.23633	0.5	5598	1323	4936	17459	3.12
2000-2004	93	0.29036	0.25355	0.5	4275	1084	3733	12523	2.93
2000-2004	94	0.31378	0.27123	0.5	3191	865	2758	8790	2.75
2000-2004	95	0.33820	0.28928	0.5	2325	673	1989	6032	2.59
2000-2004	96	0.36351	0.30760	0.5	1653	508	1399	4043	2.45
2000-2004	97	0.38959	0.32608	0.5	1144	373	958	2644	2.31
2000-2004	98	0.41633	0.34460	0.5	771	266	638	1686	2.19
2000-2004	99	0.44357	0.36305	0.5	505	184	414	1048	2.07
2000-2004	100	0.47115	0.38132	0.5	322	123	261	634	1.97
2000-2004	101	0.49890	0.39930	0.5	199	80	159	374	1.88
2000-2004	102	0.52667	0.41689	0.5	120	50	95	214	1.79
2000-2004	103	0.55427	0.43399	0.5	70	30	55	119	1.71
2000-2004	104	0.58154	0.45054	0.5	39	18	31	65	1.64
2000-2004	105	0.60832	0.46644	0.5	22	10	17	34	1.58
2000-2004	106	0.63446	0.48166	0.5	12	6	9	18	1.52
2000-2004	107	0.65983	0.49615	0.5	6	3	5	9	1.47
2000-2004	108	0.68432	0.50987	0.5	3	2	2	4	1.43
2000-2004	109	0.70783	0.52280	0.5	1	1	1	2	1.39
2000-2004	110+	0.73028	1.00000	1.37	1	1	1	1	1.37
2005-2009	0	0.01032	0.01023	0.07	100000	1023	99052	7190799	71.91
2005-2009	1	0.00076	0.00076	0.5	98977	75	98940	7091748	71.65
2005-2009	2	0.00043	0.00043	0.5	98902	42	98881	6992808	70.70
2005-2009	3	0.00041	0.00041	0.5	98860	41	98839	6893927	69.73
2005-2009	4	0.00024	0.00024	0.5	98819	24	98807	6795087	68.76
2005-2009	5	0.00017	0.00017	0.5	98795	17	98787	6696280	67.78
2005-2009	6	0.00019	0.00019	0.5	98778	19	98769	6597494	66.79
2005-2009	7	0.00022	0.00022	0.5	98759	22	98749	6498725	65.80
2005-2009	8	0.00019	0.00019	0.5	98738	19	98728	6399976	64.82
2005-2009	9	0.00018	0.00018	0.5	98719	18	98710	6301248	63.83
2005-2009	10	0.00017	0.00017	0.5	98700	17	98692	6202539	62.84
2005-2009	11	0.00021	0.00021	0.5	98683	20	98673	6103847	61.85
2005-2009	12	0.00019	0.00019	0.5	98663	19	98653	6005173	60.87
2005-2009	13	0.00025	0.00025	0.5	98644	25	98631	5906520	59.88
2005-2009	14	0.00036	0.00036	0.5	98619	35	98601	5807888	58.89
2005-2009	15	0.00056	0.00056	0.5	98584	55	98556	5709287	57.91
2005-2009	16	0.00090	0.00090	0.5	98529	89	98484	5610731	56.95
2005-2009	17	0.00103	0.00103	0.5	98440	102	98389	5512247	56.00
2005-2009	18	0.00152	0.00152	0.5	98338	149	98263	5413858	55.05
2005-2009	19	0.00163	0.00163	0.5	98189	160	98109	5315595	54.14
2005-2009	20	0.00228	0.00228	0.5	98029	224	97917	5217486	53.22
2005-2009	21	0.00227	0.00227	0.5	97805	222	97694	5119569	52.34
2005-2009	22	0.00219	0.00219	0.5	97583	213	97476	5021875	51.46
2005-2009	23	0.00209	0.00209	0.5	97370	204	97268	4924399	50.57
2005-2009	24	0.00199	0.00199	0.5	97166	193	97069	4827131	49.68
2005-2009	25	0.00229	0.00229	0.5	96973	222	96862	4730061	48.78
2005-2009	26	0.00201	0.00201	0.5	96751	195	96654	4633200	47.89
2005-2009	27	0.00227	0.00227	0.5	96556	219	96447	4536546	46.98
2005-2009	28	0.00231	0.00231	0.5	96338	223	96226	4440099	46.09
2005-2009	29	0.00223	0.00223	0.5	96115	214	96008	4343873	45.19
2005-2009	30	0.00223	0.00222	0.5	95901	213	95794	4247865	44.29
2005-2009	31	0.00236	0.00235	0.5	95688	225	95575	4152070	43.39
2005-2009	32	0.00224	0.00224	0.5	95462	214	95355	4056495	42.49
2005-2009	33	0.00241	0.00241	0.5	95248	229	95134	3961140	41.59
2005-2009	34	0.00248	0.00248	0.5	95019	235	94901	3866006	40.69
2005-2009	35	0.00236	0.00236	0.5	94784	224	94672	3771105	39.79
2005-2009	36	0.00248	0.00248	0.5	94560	234	94443	3676433	38.88
2005-2009	37	0.00287	0.00287	0.5	94326	271	94190	3581990	37.97
2005-2009	38	0.00295	0.00295	0.5	94055	277	93916	3487800	37.08
2005-2009	39	0.00322	0.00322	0.5	93778	302	93627	3393883	36.19
2005-2009	40	0.00338	0.00337	0.5	93476	315	93319	3300256	35.31
2005-2009	41	0.00357	0.00356	0.5	93161	332	92995	3206938	34.42
2005-2009	42	0.00401	0.00401	0.5	92829	372	92643	3113943	33.54
2005-2009	43	0.00439	0.00438	0.5	92457	405	92255	3021299	32.68
2005-2009	44	0.00473	0.00472	0.5	92052	434	91835	2929044	31.82
2005-2009	45	0.00514	0.00513	0.5	91618	470	91383	2837209	30.97
2005-2009	46	0.00575	0.00574	0.5	91148	523	90887	2745826	30.12
2005-2009	47	0.00634	0.00632	0.5	90625	573	90339	2654939	29.30
2005-2009	48	0.00644	0.00641	0.5	90053	578	89764	2564600	28.48
2005-2009	49	0.00724	0.00721	0.5	89475	646	89152	2474836	27.66
2005-2009	50	0.00770	0.00767	0.5	88830	682	88489	2385684	26.86
2005-2009	51	0.00842	0.00839	0.5	88148	739	87778	2297195	26.06
2005-2009	52	0.00919	0.00915	0.5	87408	800	87009	2209417	25.28
2005-2009	53	0.00967	0.00963	0.5	86609	834	86192	2122409	24.51
2005-2009	54	0.00982	0.00977	0.5	85775	838	85356	2036217	23.74
2005-2009	55	0.01096	0.01090	0.5	84937	926	84474	1950861	22.97
2005-2009	56	0.01177	0.01171	0.5	84011	983	83519	1866387	22.22
2005-2009	57	0.01285	0.01277	0.5	83028	1060	82498	1782868	21.47
2005-2009	58	0.01338	0.01329	0.5	81967	1090	81423	1700370	20.74
2005-2009	59	0.01442	0.01432	0.5	80878	1158	80299	1618948	20.02
2005-2009	60	0.01486	0.01475	0.5	79720	1176	79132	1538649	19.30
2005-2009	61	0.01623	0.01610	0.5	78544	1264	77912	1459517	18.58
2005-2009	62	0.01754	0.01739	0.5	77280	1344	76608	1381605	17.88
2005-2009	63	0.01983	0.01964	0.5	75936	1491	75190	1304997	17.19
2005-2009	64	0.02096	0.02074	0.5	74445	1544	73673	1229806	16.52
2005-2009	65	0.02297	0.02271	0.5	72901	1655	72073	1156133	15.86
2005-2009	66	0.02427	0.02398	0.5	71245	1709	70391	1084060	15.22
2005-2009	67	0.02406	0.02377	0.5	69537	1653	68710	1013669	14.58
2005-2009	68	0.02689	0.02653	0.5	67884	1801	66983	944959	13.92
2005-2009	69	0.02831	0.02791	0.5	66083	1845	65160	877976	13.29
2005-2009	70	0.03259	0.03207	0.5	64238	2060	63208	812815	12.65
2005-2009	71	0.03497	0.03436	0.5	62178	2137	61110	749607	12.06
2005-2009	72	0.03709	0.03641	0.5	60041	2186	58948	688497	11.47
2005-2009	73	0.04233	0.04145	0.5	57855	2398	56656	629549	10.88
2005-2009	74	0.04418	0.04323	0.5	55457	2397	54258	572893	10.33
2005-2009	75	0.04709	0.04600	0.5	53060	2441	51839	518634	9.77
2005-2009	76	0.05378	0.05237	0.5	50619	2651	49293	466795	9.22
2005-2009	77	0.05779	0.05617	0.5	47968	2694	46621	417502	8.70
2005-2009	78	0.06336	0.06142	0.5	45274	2781	43883	370881	8.19
2005-2009	79	0.06965	0.06731	0.5	42493	2860	41063	326997	7.70
2005-2009	80	0.07981	0.07675	0.5	39633	3042	38112	285935	7.21
2005-2009	81	0.08740	0.08374	0.5	36591	3064	35059	247822	6.77
2005-2009	82	0.09606	0.09166	0.5	33527	3073	31990	212763	6.35
2005-2009	83	0.10586	0.10054	0.5	30454	3062	28923	180773	5.94
2005-2009	84	0.11157	0.10567	0.5	27392	2895	25945	151850	5.54
2005-2009	85	0.13141	0.12331	0.5	24498	3021	22987	125905	5.14
2005-2009	86	0.15061	0.14006	0.5	21477	3008	19973	102918	4.79
2005-2009	87	0.16280	0.15055	0.5	18469	2780	17079	82945	4.49
2005-2009	88	0.18136	0.16629	0.5	15688	2609	14384	65866	4.20
2005-2009	89	0.19255	0.17564	0.5	13080	2297	11931	51482	3.94
2005-2009	90	0.21072	0.19063	0.5	10782	2055	9755	39552	3.67
2005-2009	91	0.23552	0.21071	0.5	8727	1839	7807	29797	3.41
2005-2009	92	0.25738	0.22804	0.5	6888	1571	6103	21990	3.19
2005-2009	93	0.28054	0.24603	0.5	5317	1308	4663	15887	2.99
2005-2009	94	0.30491	0.26458	0.5	4009	1061	3479	11224	2.80
2005-2009	95	0.33044	0.28359	0.5	2948	836	2530	7745	2.63
2005-2009	96	0.35700	0.30293	0.5	2112	640	1792	5215	2.47
2005-2009	97	0.38448	0.32248	0.5	1472	475	1235	3422	2.32
2005-2009	98	0.41271	0.34211	0.5	998	341	827	2187	2.19
2005-2009	99	0.44152	0.36168	0.5	656	237	538	1360	2.07
2005-2009	100	0.47074	0.38105	0.5	419	160	339	823	1.96
2005-2009	101	0.50015	0.40010	0.5	259	104	207	484	1.87
2005-2009	102	0.52957	0.41870	0.5	156	65	123	276	1.78
2005-2009	103	0.55878	0.43676	0.5	90	39	71	153	1.70
2005-2009	104	0.58759	0.45416	0.5	51	23	39	83	1.62
2005-2009	105	0.61581	0.47084	0.5	28	13	21	43	1.56
2005-2009	106	0.64328	0.48673	0.5	15	7	11	22	1.50
2005-2009	107	0.66983	0.50178	0.5	8	4	6	11	1.45
2005-2009	108	0.69535	0.51596	0.5	4	2	3	5	1.40
2005-2009	109	0.71971	0.52926	0.5	2	1	1	2	1.37
2005-2009	110+	0.74285	1.00000	1.35	1	1	1	1	1.35
2010-2014	0	0.00945	0.00937	0.07	100000	937	99129	7262348	72.62
2010-2014	1	0.00056	0.00056	0.5	99063	56	99035	7163219	72.31
2010-2014	2	0.00045	0.00045	0.5	99007	45	98985	7064184	71.35
2010-2014	3	0.00032	0.00032	0.5	98962	31	98947	6965200	70.38
2010-2014	4	0.00025	0.00025	0.5	98931	25	98918	6866253	69.40
2010-2014	5	0.00023	0.00023	0.5	98906	23	98894	6767335	68.42
2010-2014	6	0.00022	0.00022	0.5	98883	22	98872	6668440	67.44
2010-2014	7	0.00018	0.00018	0.5	98862	18	98853	6569568	66.45
2010-2014	8	0.00028	0.00028	0.5	98844	28	98830	6470715	65.46
2010-2014	9	0.00020	0.00020	0.5	98816	19	98806	6371886	64.48
2010-2014	10	0.00016	0.00016	0.5	98796	16	98788	6273079	63.50
2010-2014	11	0.00021	0.00021	0.5	98780	20	98770	6174291	62.51
2010-2014	12	0.00021	0.00021	0.5	98760	21	98749	6075521	61.52
2010-2014	13	0.00034	0.00034	0.5	98739	33	98722	5976771	60.53
2010-2014	14	0.00029	0.00029	0.5	98706	28	98692	5878049	59.55
2010-2014	15	0.00041	0.00041	0.5	98677	41	98657	5779358	58.57
2010-2014	16	0.00061	0.00061	0.5	98637	60	98607	5680701	57.59
2010-2014	17	0.00103	0.00103	0.5	98576	102	98526	5582094	56.63
2010-2014	18	0.00114	0.00113	0.5	98475	112	98419	5483568	55.68
2010-2014	19	0.00137	0.00137	0.5	98363	135	98296	5385149	54.75
2010-2014	20	0.00156	0.00156	0.5	98228	153	98152	5286854	53.82
2010-2014	21	0.00160	0.00160	0.5	98075	157	97997	5188702	52.91
2010-2014	22	0.00166	0.00166	0.5	97918	162	97837	5090705	51.99
2010-2014	23	0.00166	0.00166	0.5	97756	162	97675	4992868	51.07
2010-2014	24	0.00190	0.00190	0.5	97594	185	97501	4895193	50.16
2010-2014	25	0.00197	0.00196	0.5	97409	191	97313	4797691	49.25
2010-2014	26	0.00211	0.00210	0.5	97217	205	97115	4700378	48.35
2010-2014	27	0.00193	0.00192	0.5	97013	187	96919	4603263	47.45
2010-2014	28	0.00220	0.00219	0.5	96826	213	96720	4506344	46.54
2010-2014	29	0.00200	0.00200	0.5	96614	193	96517	4409624	45.64
2010-2014	30	0.00238	0.00237	0.5	96421	229	96306	4313107	44.73
2010-2014	31	0.00225	0.00225	0.5	96192	216	96084	4216801	43.84
2010-2014	32	0.00239	0.00239	0.5	95976	229	95861	4120717	42.94
2010-2014	33	0.00252	0.00252	0.5	95747	241	95626	4024856	42.04
2010-2014	34	0.00266	0.00265	0.5	95506	253	95379	3929230	41.14
2010-2014	35	0.00268	0.00267	0.5	95252	255	95125	3833851	40.25
2010-2014	36	0.00272	0.00271	0.5	94998	258	94869	3738726	39.36
2010-2014	37	0.00278	0.00277	0.5	94740	263	94609	3643857	38.46
2010-2014	38	0.00292	0.00291	0.5	94477	275	94340	3549248	37.57
2010-2014	39	0.00322	0.00322	0.5	94202	303	94051	3454908	36.68
2010-2014	40	0.00324	0.00324	0.5	93899	304	93747	3360858	35.79
2010-2014	41	0.00336	0.00335	0.5	93595	314	93438	3267111	34.91
2010-2014	42	0.00370	0.00369	0.5	93281	344	93109	3173672	34.02
2010-2014	43	0.00359	0.00358	0.5	92937	333	92771	3080563	33.15
2010-2014	44	0.00438	0.00437	0.5	92604	405	92402	2987793	32.26
2010-2014	45	0.00464	0.00463	0.5	92199	427	91986	2895391	31.40
2010-2014	46	0.00509	0.00508	0.5	91772	466	91539	2803405	30.55
2010-2014	47	0.00578	0.00577	0.5	91306	526	91043	2711866	29.70
2010-2014	48	0.00615	0.00613	0.5	90779	557	90501	2620824	28.87
2010-2014	49	0.00654	0.00652	0.5	90223	588	89929	2530323	28.05
2010-2014	50	0.00692	0.00689	0.5	89635	618	89326	2440394	27.23
2010-2014	51	0.00793	0.00790	0.5	89017	703	88666	2351068	26.41
2010-2014	52	0.00878	0.00874	0.5	88314	772	87928	2262402	25.62
2010-2014	53	0.00985	0.00980	0.5	87543	858	87114	2174474	24.84
2010-2014	54	0.01003	0.00998	0.5	86685	865	86252	2087360	24.08
2010-2014	55	0.01173	0.01167	0.5	85819	1001	85319	2001108	23.32
2010-2014	56	0.01182	0.01175	0.5	84818	996	84320	1915789	22.59
2010-2014	57	0.01334	0.01325	0.5	83822	1111	83267	1831469	21.85
2010-2014	58	0.01334	0.01325	0.5	82711	1096	82163	1748202	21.14
2010-2014	59	0.01430	0.01420	0.5	81615	1159	81035	1666039	20.41
2010-2014	60	0.01572	0.01559	0.5	80456	1255	79829	1585004	19.70
2010-2014	61	0.01660	0.01647	0.5	79201	1304	78549	1505175	19.00
2010-2014	62	0.01685	0.01671	0.5	77897	1302	77246	1426626	18.31
2010-2014	63	0.01874	0.01857	0.5	76595	1422	75884	1349379	17.62
2010-2014	64	0.01979	0.01960	0.5	75173	1473	74437	1273495	16.94
2010-2014	65	0.02164	0.02141	0.5	73700	1578	72911	1199059	16.27
2010-2014	66	0.02247	0.02222	0.5	72122	1603	71321	1126148	15.61
2010-2014	67	0.02486	0.02455	0.5	70519	1731	69654	1054827	14.96
2010-2014	68	0.02652	0.02617	0.5	68788	1800	67888	985173	14.32
2010-2014	69	0.02876	0.02835	0.5	66988	1899	66038	917286	13.69
2010-2014	70	0.03078	0.03032	0.5	65088	1973	64102	851248	13.08
2010-2014	71	0.03229	0.03178	0.5	63115	2006	62112	787146	12.47
2010-2014	72	0.03642	0.03577	0.5	61109	2186	60016	725034	11.86
2010-2014	73	0.03849	0.03776	0.5	58923	2225	57811	665017	11.29
2010-2014	74	0.04236	0.04148	0.5	56698	2352	55523	607207	10.71
2010-2014	75	0.04620	0.04516	0.5	54347	2454	53119	551684	10.15
2010-2014	76	0.05064	0.04939	0.5	51892	2563	50611	498565	9.61
2010-2014	77	0.05416	0.05273	0.5	49330	2601	48029	447954	9.08
2010-2014	78	0.06152	0.05968	0.5	46728	2789	45334	399925	8.56
2010-2014	79	0.06682	0.06466	0.5	43940	2841	42519	354591	8.07
2010-2014	80	0.07235	0.06982	0.5	41098	2870	39664	312072	7.59
2010-2014	81	0.07881	0.07582	0.5	38229	2899	36780	272408	7.13
2010-2014	82	0.08755	0.08388	0.5	35330	2963	33849	235628	6.67
2010-2014	83	0.09999	0.09523	0.5	32367	3082	30826	201780	6.23
2010-2014	84	0.10667	0.10127	0.5	29285	2966	27802	170954	5.84
2010-2014	85	0.12179	0.11480	0.5	26319	3021	24808	143152	5.44
2010-2014	86	0.13168	0.12355	0.5	23298	2878	21858	118344	5.08
2010-2014	87	0.14617	0.13622	0.5	20419	2781	19029	96485	4.73
2010-2014	88	0.16299	0.15071	0.5	17638	2658	16309	77457	4.39
2010-2014	89	0.18532	0.16960	0.5	14980	2541	13709	61148	4.08
2010-2014	90	0.20785	0.18829	0.5	12439	2342	11268	47439	3.81
2010-2014	91	0.22030	0.19844	0.5	10097	2004	9095	36171	3.58
2010-2014	92	0.24145	0.21544	0.5	8093	1744	7222	27075	3.35
2010-2014	93	0.26394	0.23317	0.5	6350	1481	5609	19854	3.13
2010-2014	94	0.28773	0.25154	0.5	4869	1225	4257	14244	2.93
2010-2014	95	0.31276	0.27046	0.5	3644	986	3152	9988	2.74
2010-2014	96	0.33892	0.28981	0.5	2659	771	2273	6836	2.57
2010-2014	97	0.36611	0.30946	0.5	1888	584	1596	4563	2.42
2010-2014	98	0.39418	0.32928	0.5	1304	429	1089	2967	2.28
2010-2014	99	0.42297	0.34913	0.5	875	305	722	1877	2.15
2010-2014	100	0.45229	0.36887	0.5	569	210	464	1156	2.03
2010-2014	101	0.48194	0.38836	0.5	359	140	289	691	1.92
2010-2014	102	0.51172	0.40747	0.5	220	90	175	402	1.83
2010-2014	103	0.54142	0.42608	0.5	130	55	102	227	1.74
2010-2014	104	0.57083	0.44408	0.5	75	33	58	124	1.66
2010-2014	105	0.59974	0.46139	0.5	42	19	32	66	1.59
2010-2014	106	0.62798	0.47792	0.5	22	11	17	34	1.53
2010-2014	107	0.65537	0.49362	0.5	12	6	9	17	1.48
2010-2014	108	0.68176	0.50844	0.5	6	3	4	8	1.43
2010-2014	109	0.70704	0.52237	0.5	3	2	2	4	1.39
2010-2014	110+	0.73110	1.00000	1.37	1	1	2	2	1.37
2015-2017	0	0.00908	0.00900	0.07	100000	900	99162	7243062	72.43
2015-2017	1	0.00070	0.00070	0.5	99100	70	99065	7143899	72.09
2015-2017	2	0.00030	0.00030	0.5	99030	30	99016	7044834	71.14
2015-2017	3	0.00040	0.00040	0.5	99001	40	98981	6945819	70.16
2015-2017	4	0.00014	0.00014	0.5	98961	14	98954	6846838	69.19
2015-2017	5	0.00015	0.00015	0.5	98947	15	98939	6747884	68.20
2015-2017	6	0.00016	0.00016	0.5	98931	16	98923	6648945	67.21
2015-2017	7	0.00009	0.00009	0.5	98915	9	98911	6550022	66.22
2015-2017	8	0.00019	0.00019	0.5	98907	19	98897	6451111	65.22
2015-2017	9	0.00015	0.00015	0.5	98888	15	98880	6352213	64.24
2015-2017	10	0.00025	0.00025	0.5	98873	25	98861	6253333	63.25
2015-2017	11	0.00014	0.00014	0.5	98848	14	98841	6154473	62.26
2015-2017	12	0.00022	0.00022	0.5	98834	22	98823	6055631	61.27
2015-2017	13	0.00021	0.00021	0.5	98812	21	98802	5956808	60.28
2015-2017	14	0.00025	0.00025	0.5	98791	25	98779	5858007	59.30
2015-2017	15	0.00048	0.00048	0.5	98766	48	98743	5759228	58.31
2015-2017	16	0.00069	0.00069	0.5	98719	68	98685	5660485	57.34
2015-2017	17	0.00088	0.00088	0.5	98651	87	98607	5561800	56.38
2015-2017	18	0.00149	0.00149	0.5	98564	147	98490	5463193	55.43
2015-2017	19	0.00169	0.00169	0.5	98417	166	98334	5364703	54.51
2015-2017	20	0.00184	0.00184	0.5	98251	180	98160	5266369	53.60
2015-2017	21	0.00176	0.00175	0.5	98070	172	97984	5168208	52.70
2015-2017	22	0.00191	0.00190	0.5	97898	186	97805	5070224	51.79
2015-2017	23	0.00190	0.00189	0.5	97712	185	97619	4972419	50.89
2015-2017	24	0.00202	0.00202	0.5	97527	197	97428	4874800	49.98
2015-2017	25	0.00212	0.00212	0.5	97330	206	97226	4777372	49.08
2015-2017	26	0.00230	0.00230	0.5	97123	223	97012	4680145	48.19
2015-2017	27	0.00235	0.00235	0.5	96900	228	96786	4583134	47.30
2015-2017	28	0.00235	0.00234	0.5	96673	227	96559	4486347	46.41
2015-2017	29	0.00241	0.00240	0.5	96446	232	96330	4389788	45.52
2015-2017	30	0.00263	0.00262	0.5	96214	252	96088	4293458	44.62
2015-2017	31	0.00282	0.00282	0.5	95962	270	95827	4197370	43.74
2015-2017	32	0.00282	0.00281	0.5	95692	269	95557	4101543	42.86
2015-2017	33	0.00247	0.00247	0.5	95422	236	95305	4005986	41.98
2015-2017	34	0.00269	0.00269	0.5	95187	256	95059	3910682	41.08
2015-2017	35	0.00325	0.00325	0.5	94931	308	94776	3815623	40.19
2015-2017	36	0.00344	0.00344	0.5	94622	325	94460	3720847	39.32
2015-2017	37	0.00314	0.00314	0.5	94297	296	94149	3626387	38.46
2015-2017	38	0.00350	0.00349	0.5	94001	328	93837	3532238	37.58
2015-2017	39	0.00337	0.00336	0.5	93673	315	93516	3438401	36.71
2015-2017	40	0.00376	0.00376	0.5	93358	351	93183	3344885	35.83
2015-2017	41	0.00387	0.00386	0.5	93008	359	92828	3251702	34.96
2015-2017	42	0.00367	0.00366	0.5	92648	339	92479	3158874	34.10
2015-2017	43	0.00453	0.00452	0.5	92309	417	92100	3066396	33.22
2015-2017	44	0.00459	0.00458	0.5	91892	421	91682	2974295	32.37
2015-2017	45	0.00490	0.00488	0.5	91471	447	91248	2882613	31.51
2015-2017	46	0.00544	0.00542	0.5	91025	494	90778	2791365	30.67
2015-2017	47	0.00518	0.00516	0.5	90531	467	90297	2700588	29.83
2015-2017	48	0.00601	0.00599	0.5	90063	540	89793	2610291	28.98
2015-2017	49	0.00658	0.00656	0.5	89524	587	89230	2520497	28.15
2015-2017	50	0.00722	0.00719	0.5	88937	640	88617	2431267	27.34
2015-2017	51	0.00828	0.00825	0.5	88297	728	87933	2342650	26.53
2015-2017	52	0.00884	0.00880	0.5	87569	771	87183	2254717	25.75
2015-2017	53	0.00955	0.00950	0.5	86798	825	86386	2167534	24.97
2015-2017	54	0.01016	0.01011	0.5	85973	869	85539	2081149	24.21
2015-2017	55	0.01116	0.01110	0.5	85104	945	84632	1995610	23.45
2015-2017	56	0.01239	0.01231	0.5	84159	1036	83641	1910978	22.71
2015-2017	57	0.01338	0.01329	0.5	83123	1104	82571	1827337	21.98
2015-2017	58	0.01346	0.01337	0.5	82019	1097	81470	1744766	21.27
2015-2017	59	0.01510	0.01499	0.5	80922	1213	80315	1663296	20.55
2015-2017	60	0.01591	0.01578	0.5	79709	1258	79080	1582980	19.86
2015-2017	61	0.01713	0.01699	0.5	78451	1333	77785	1503901	19.17
2015-2017	62	0.01918	0.01900	0.5	77118	1465	76386	1426116	18.49
2015-2017	63	0.02053	0.02032	0.5	75653	1537	74884	1349730	17.84
2015-2017	64	0.02061	0.02040	0.5	74116	1512	73360	1274846	17.20
2015-2017	65	0.02156	0.02133	0.5	72604	1548	71830	1201486	16.55
2015-2017	66	0.02299	0.02273	0.5	71056	1615	70248	1129656	15.90
2015-2017	67	0.02443	0.02413	0.5	69441	1676	68603	1059408	15.26
2015-2017	68	0.02597	0.02564	0.5	67765	1737	66896	990805	14.62
2015-2017	69	0.02664	0.02629	0.5	66028	1736	65160	923909	13.99
2015-2017	70	0.02976	0.02932	0.5	64292	1885	63349	858749	13.36
2015-2017	71	0.03277	0.03224	0.5	62407	2012	61401	795400	12.75
2015-2017	72	0.03454	0.03396	0.5	60395	2051	59369	733999	12.15
2015-2017	73	0.03906	0.03832	0.5	58344	2235	57226	674629	11.56
2015-2017	74	0.04352	0.04259	0.5	56109	2390	54914	617403	11.00
2015-2017	75	0.04461	0.04363	0.5	53719	2344	52547	562489	10.47
2015-2017	76	0.04929	0.04810	0.5	51375	2471	50139	509942	9.93
2015-2017	77	0.05179	0.05048	0.5	48904	2469	47669	459803	9.40
2015-2017	78	0.05829	0.05664	0.5	46435	2630	45120	412133	8.88
2015-2017	79	0.06296	0.06104	0.5	43805	2674	42468	367013	8.38
2015-2017	80	0.06961	0.06727	0.5	41131	2767	39748	324545	7.89
2015-2017	81	0.07948	0.07644	0.5	38364	2933	36898	284797	7.42
2015-2017	82	0.08563	0.08211	0.5	35432	2909	33977	247900	7.00
2015-2017	83	0.08702	0.08339	0.5	32522	2712	31166	213923	6.58
2015-2017	84	0.10177	0.09684	0.5	29810	2887	28367	182756	6.13
2015-2017	85	0.11136	0.10548	0.5	26923	2840	25503	154390	5.73
2015-2017	86	0.12796	0.12026	0.5	24083	2896	22635	128886	5.35
2015-2017	87	0.14004	0.13088	0.5	21187	2773	19801	106251	5.01
2015-2017	88	0.14475	0.13498	0.5	18414	2486	17171	86450	4.69
2015-2017	89	0.17267	0.15895	0.5	15929	2532	14663	69279	4.35
2015-2017	90	0.18707	0.17107	0.5	13397	2292	12251	54616	4.08
2015-2017	91	0.20420	0.18528	0.5	11105	2058	10076	42366	3.82
2015-2017	92	0.22340	0.20096	0.5	9047	1818	8138	32289	3.57
2015-2017	93	0.24386	0.21736	0.5	7229	1571	6444	24151	3.34
2015-2017	94	0.26555	0.23443	0.5	5658	1326	4995	17707	3.13
2015-2017	95	0.28844	0.25208	0.5	4332	1092	3786	12713	2.93
2015-2017	96	0.31245	0.27023	0.5	3240	875	2802	8927	2.76
2015-2017	97	0.33752	0.28879	0.5	2364	683	2023	6125	2.59
2015-2017	98	0.36354	0.30762	0.5	1681	517	1423	4102	2.44
2015-2017	99	0.39038	0.32662	0.5	1164	380	974	2679	2.30
2015-2017	100	0.41790	0.34567	0.5	784	271	648	1705	2.18
2015-2017	101	0.44594	0.36464	0.5	513	187	419	1057	2.06
2015-2017	102	0.47433	0.38340	0.5	326	125	263	637	1.96
2015-2017	103	0.50289	0.40185	0.5	201	81	161	374	1.86
2015-2017	104	0.53142	0.41986	0.5	120	50	95	213	1.77
2015-2017	105	0.55976	0.43735	0.5	70	30	54	118	1.70
2015-2017	106	0.58771	0.45423	0.5	39	18	30	64	1.63
2015-2017	107	0.61510	0.47042	0.5	21	10	16	34	1.57
2015-2017	108	0.64179	0.48587	0.5	11	6	9	17	1.51
2015-2017	109	0.66762	0.50054	0.5	6	3	4	9	1.47
2015-2017	110+	0.69249	1.00000	1.44	3	3	4	4	1.44
