KY: Kentucky, Lifetables (period 5x1), Both sexes Last modified: 3 Dec 2019, MPv5 (May07) 

Year	Age	mx	qx	ax	lx	dx	Lx	Tx	ex
1959	0	0.02905	0.02834	0.13	100000	2834	97531	6979111	69.79
1959	1-4	0.00109	0.00433	1.48	97166	421	387604	6881580	70.82
1959	5-9	0.00048	0.00242	2.43	96746	234	483127	6493976	67.12
1959	10-14	0.00046	0.00228	2.73	96511	220	482058	6010848	62.28
1959	15-19	0.00128	0.00637	2.63	96292	613	480005	5528790	57.42
1959	20-24	0.00150	0.00747	2.43	95678	715	476553	5048786	52.77
1959	25-29	0.00160	0.00796	2.6	94964	756	473003	4572232	48.15
1959	30-34	0.00188	0.00936	2.71	94208	882	469018	4099229	43.51
1959	35-39	0.00271	0.01347	2.75	93326	1257	463806	3630211	38.90
1959	40-44	0.00395	0.01956	2.61	92069	1801	456036	3166405	34.39
1959	45-49	0.00593	0.02925	2.67	90268	2640	445192	2710370	30.03
1959	50-54	0.00874	0.04284	2.68	87628	3754	429429	2265178	25.85
1959	55-59	0.01297	0.06298	2.71	83874	5283	407295	1835749	21.89
1959	60-64	0.01929	0.09227	2.65	78591	7252	375899	1428454	18.18
1959	65-69	0.02910	0.13589	2.57	71340	9695	333121	1052555	14.75
1959	70-74	0.04453	0.20114	2.6	61645	12400	278483	719434	11.67
1959	75-79	0.06962	0.29809	2.59	49246	14680	210853	440950	8.95
1959	80-84	0.11009	0.43084	2.48	34566	14892	135279	230097	6.66
1959	85-89	0.17577	0.60209	2.39	19674	11845	67393	94818	4.82
1959	90-94	0.26339	0.74462	2.08	7828	5829	22131	27425	3.50
1959	95-99	0.36311	0.85449	1.9	1999	1708	4705	5294	2.65
1959	100-104	0.48567	0.92631	1.66	291	269	555	590	2.03
1959	105-109	0.61094	0.96336	1.45	21	21	34	35	1.63
1959	110+	0.70861	1.00000	1.41	1	1	1	1	1.41
1960	0	0.02885	0.02814	0.13	100000	2814	97546	6957231	69.57
1960	1-4	0.00120	0.00479	1.53	97186	466	387593	6859685	70.58
1960	5-9	0.00048	0.00241	2.31	96721	233	482976	6472092	66.92
1960	10-14	0.00051	0.00256	2.8	96488	247	481896	5989116	62.07
1960	15-19	0.00105	0.00523	2.74	96241	503	480068	5507221	57.22
1960	20-24	0.00123	0.00613	2.38	95738	587	477150	5027153	52.51
1960	25-29	0.00155	0.00773	2.29	95151	735	473761	4550003	47.82
1960	30-34	0.00175	0.00874	2.69	94416	825	470175	4076241	43.17
1960	35-39	0.00273	0.01355	2.75	93591	1268	465105	3606067	38.53
1960	40-44	0.00390	0.01932	2.7	92324	1784	457516	3140962	34.02
1960	45-49	0.00622	0.03067	2.69	90540	2776	446272	2683446	29.64
1960	50-54	0.00948	0.04638	2.71	87763	4070	429513	2237174	25.49
1960	55-59	0.01369	0.06636	2.68	83693	5554	405576	1807661	21.60
1960	60-64	0.02007	0.09583	2.64	78139	7488	373043	1402085	17.94
1960	65-69	0.02983	0.13929	2.62	70652	9841	329872	1029043	14.57
1960	70-74	0.04578	0.20603	2.58	60811	12529	273692	699171	11.50
1960	75-79	0.07354	0.31186	2.57	48282	15057	204751	425479	8.81
1960	80-84	0.11173	0.43580	2.48	33224	14479	129595	220728	6.64
1960	85-89	0.17485	0.59303	2.29	18745	11117	63578	91134	4.86
1960	90-94	0.25366	0.73384	2.13	7629	5598	22070	27556	3.61
1960	95-99	0.35533	0.84769	1.92	2030	1721	4844	5486	2.70
1960	100-104	0.47380	0.92100	1.68	309	285	601	642	2.08
1960	105-109	0.59643	0.96013	1.47	24	23	39	41	1.67
1960	110+	0.69320	1.00000	1.44	1	1	1	1	1.44
1961	0	0.02847	0.02778	0.13	100000	2778	97575	6995921	69.96
1961	1-4	0.00113	0.00450	1.57	97222	438	387824	6898346	70.95
1961	5-9	0.00049	0.00245	2.22	96784	237	483261	6510523	67.27
1961	10-14	0.00050	0.00251	2.71	96547	242	482179	6027262	62.43
1961	15-19	0.00098	0.00489	2.68	96304	471	480430	5545083	57.58
1961	20-24	0.00138	0.00686	2.62	95834	657	477603	5064653	52.85
1961	25-29	0.00139	0.00694	2.6	95176	661	474298	4587050	48.20
1961	30-34	0.00181	0.00900	2.68	94516	851	470601	4112752	43.51
1961	35-39	0.00252	0.01251	2.62	93665	1172	465538	3642152	38.89
1961	40-44	0.00423	0.02097	2.72	92493	1940	458047	3176614	34.34
1961	45-49	0.00609	0.03001	2.65	90553	2718	446367	2718566	30.02
1961	50-54	0.00888	0.04350	2.62	87836	3821	430100	2272199	25.87
1961	55-59	0.01279	0.06209	2.65	84015	5217	407797	1842100	21.93
1961	60-64	0.01955	0.09338	2.6	78798	7358	376364	1434303	18.20
1961	65-69	0.02966	0.13825	2.55	71440	9877	333042	1057938	14.81
1961	70-74	0.04368	0.19741	2.57	61563	12153	278251	724896	11.77
1961	75-79	0.06861	0.29442	2.59	49410	14547	212026	446645	9.04
1961	80-84	0.11075	0.43406	2.51	34863	15132	136635	234620	6.73
1961	85-89	0.16943	0.58324	2.33	19730	11508	67919	97984	4.97
1961	90-94	0.25028	0.72806	2.13	8223	5987	23920	30065	3.66
1961	95-99	0.34874	0.84195	1.93	2236	1883	5399	6144	2.75
1961	100-104	0.46557	0.91721	1.7	353	324	696	746	2.11
1961	105-109	0.58729	0.95798	1.48	29	28	48	50	1.69
1961	110+	0.68384	1.00000	1.46	1	1	2	2	1.46
1962	0	0.02723	0.02660	0.12	100000	2660	97669	6979811	69.80
1962	1-4	0.00111	0.00442	1.52	97340	430	388293	6882142	70.70
1962	5-9	0.00047	0.00236	2.22	96910	229	483915	6493849	67.01
1962	10-14	0.00056	0.00278	2.69	96681	268	482786	6009935	62.16
1962	15-19	0.00107	0.00534	2.79	96413	515	480926	5527148	57.33
1962	20-24	0.00135	0.00673	2.72	95898	646	478019	5046223	52.62
1962	25-29	0.00147	0.00733	2.52	95253	698	474532	4568203	47.96
1962	30-34	0.00179	0.00890	2.68	94555	841	470826	4093671	43.29
1962	35-39	0.00267	0.01327	2.61	93714	1244	465601	3622845	38.66
1962	40-44	0.00409	0.02025	2.73	92470	1873	458096	3157244	34.14
1962	45-49	0.00615	0.03034	2.68	90597	2748	446601	2699147	29.79
1962	50-54	0.00937	0.04582	2.64	87849	4025	429760	2252546	25.64
1962	55-59	0.01366	0.06612	2.61	83823	5543	405857	1822787	21.75
1962	60-64	0.01999	0.09554	2.68	78281	7479	374059	1416929	18.10
1962	65-69	0.03034	0.14132	2.58	70802	10006	329762	1042870	14.73
1962	70-74	0.04356	0.19718	2.6	60796	11988	275194	713109	11.73
1962	75-79	0.06784	0.29198	2.61	48808	14251	210050	437914	8.97
1962	80-84	0.11198	0.43644	2.47	34557	15082	134688	227864	6.59
1962	85-89	0.18030	0.60652	2.3	19475	11812	65514	93176	4.78
1962	90-94	0.25306	0.73494	2.15	7663	5632	22255	27662	3.61
1962	95-99	0.36117	0.85272	1.91	2031	1732	4796	5406	2.66
1962	100-104	0.48204	0.92470	1.67	299	277	574	611	2.04
1962	105-109	0.60640	0.96239	1.45	23	22	36	37	1.64
1962	110+	0.70391	1.00000	1.42	1	1	1	1	1.42
1963	0	0.02809	0.02742	0.13	100000	2742	97604	6954870	69.55
1963	1-4	0.00109	0.00435	1.44	97258	423	387951	6857265	70.51
1963	5-9	0.00048	0.00242	2.33	96835	234	483550	6469315	66.81
1963	10-14	0.00042	0.00211	2.63	96601	204	482519	5985765	61.96
1963	15-19	0.00108	0.00537	2.8	96397	518	480846	5503246	57.09
1963	20-24	0.00133	0.00662	2.52	95879	634	477823	5022400	52.38
1963	25-29	0.00145	0.00724	2.53	95245	690	474521	4544577	47.71
1963	30-34	0.00176	0.00877	2.68	94555	829	470853	4070056	43.04
1963	35-39	0.00285	0.01414	2.65	93726	1326	465518	3599203	38.40
1963	40-44	0.00378	0.01874	2.63	92400	1732	457894	3133685	33.91
1963	45-49	0.00587	0.02898	2.74	90668	2628	447399	2675791	29.51
1963	50-54	0.00933	0.04570	2.71	88040	4023	430987	2228392	25.31
1963	55-59	0.01448	0.06997	2.61	84017	5878	406009	1797405	21.39
1963	60-64	0.01989	0.09494	2.62	78139	7418	373056	1391395	17.81
1963	65-69	0.03078	0.14306	2.54	70720	10117	328716	1018340	14.40
1963	70-74	0.04813	0.21542	2.57	60604	13055	271261	689624	11.38
1963	75-79	0.06912	0.29425	2.48	47549	13991	202415	418363	8.80
1963	80-84	0.11740	0.45394	2.5	33557	15233	129756	215948	6.44
1963	85-89	0.18139	0.60441	2.24	18324	11075	61060	86192	4.70
1963	90-94	0.26628	0.75195	2.11	7249	5451	20470	25132	3.47
1963	95-99	0.37192	0.86121	1.88	1798	1549	4164	4662	2.59
1963	100-104	0.49363	0.92940	1.65	250	232	470	498	2.00
1963	105-109	0.61738	0.96461	1.44	18	17	28	28	1.61
1963	110+	0.71368	1.00000	1.4	1	1	1	1	1.40
1964	0	0.02605	0.02547	0.12	100000	2547	97760	7002126	70.02
1964	1-4	0.00110	0.00440	1.61	97453	429	388789	6904366	70.85
1964	5-9	0.00049	0.00244	2.34	97024	237	484489	6515577	67.15
1964	10-14	0.00043	0.00217	2.68	96787	210	483449	6031088	62.31
1964	15-19	0.00106	0.00531	2.79	96577	513	481751	5547639	57.44
1964	20-24	0.00136	0.00678	2.62	96064	651	478770	5065888	52.73
1964	25-29	0.00150	0.00745	2.57	95413	711	475339	4587118	48.08
1964	30-34	0.00204	0.01016	2.58	94702	963	471178	4111779	43.42
1964	35-39	0.00269	0.01336	2.63	93740	1253	465732	3640601	38.84
1964	40-44	0.00393	0.01948	2.65	92487	1801	458198	3174869	34.33
1964	45-49	0.00608	0.02997	2.68	90686	2718	447115	2716671	29.96
1964	50-54	0.00892	0.04369	2.6	87968	3843	430617	2269556	25.80
1964	55-59	0.01347	0.06529	2.64	84125	5492	407659	1838939	21.86
1964	60-64	0.01972	0.09421	2.65	78632	7408	375732	1431280	18.20
1964	65-69	0.03017	0.14070	2.61	71224	10021	332164	1055548	14.82
1964	70-74	0.04629	0.20829	2.6	61203	12748	275380	723384	11.82
1964	75-79	0.06416	0.27629	2.49	48455	13388	208647	448003	9.25
1964	80-84	0.10717	0.42191	2.48	35067	14795	138057	239356	6.83
1964	85-89	0.16711	0.57684	2.32	20272	11694	69974	101299	5.00
1964	90-94	0.25186	0.72842	2.11	8578	6248	24809	31325	3.65
1964	95-99	0.34189	0.83582	1.94	2330	1947	5695	6516	2.80
1964	100-104	0.45745	0.91333	1.71	382	349	764	821	2.15
1964	105-109	0.57871	0.95589	1.5	33	32	55	57	1.72
1964	110+	0.67538	1.00000	1.48	1	1	2	2	1.48
1965	0	0.02461	0.02408	0.12	100000	2408	97872	7018974	70.19
1965	1-4	0.00094	0.00374	1.64	97592	365	389509	6921102	70.92
1965	5-9	0.00051	0.00255	2.35	97227	247	485481	6531593	67.18
1965	10-14	0.00035	0.00174	2.61	96980	168	484496	6046113	62.34
1965	15-19	0.00098	0.00487	2.79	96811	472	483014	5561616	57.45
1965	20-24	0.00133	0.00661	2.6	96340	637	480168	5078602	52.72
1965	25-29	0.00144	0.00719	2.55	95703	688	476825	4598434	48.05
1965	30-34	0.00178	0.00886	2.62	95015	842	473067	4121609	43.38
1965	35-39	0.00276	0.01370	2.59	94173	1290	467754	3648541	38.74
1965	40-44	0.00410	0.02030	2.66	92883	1886	459999	3180788	34.25
1965	45-49	0.00632	0.03115	2.73	90997	2834	448541	2720789	29.90
1965	50-54	0.00936	0.04581	2.69	88163	4039	431477	2272249	25.77
1965	55-59	0.01312	0.06363	2.64	84124	5353	408005	1840772	21.88
1965	60-64	0.01949	0.09310	2.6	78771	7334	376226	1432767	18.19
1965	65-69	0.02934	0.13703	2.6	71437	9789	333658	1056541	14.79
1965	70-74	0.04495	0.20263	2.57	61648	12492	277892	722883	11.73
1965	75-79	0.06825	0.29168	2.51	49157	14338	210094	444991	9.05
1965	80-84	0.10880	0.42648	2.47	34819	14850	136485	234897	6.75
1965	85-89	0.17017	0.58621	2.35	19969	11706	68789	98411	4.93
1965	90-94	0.25441	0.73757	2.15	8263	6095	23955	29622	3.58
1965	95-99	0.36829	0.85899	1.89	2168	1863	5058	5667	2.61
1965	100-104	0.49471	0.93020	1.65	306	284	575	609	1.99
1965	105-109	0.62271	0.96582	1.43	21	21	33	34	1.60
1965	110+	0.72121	1.00000	1.39	1	1	1	1	1.39
1966	0	0.02480	0.02426	0.12	100000	2426	97858	7006581	70.07
1966	1-4	0.00101	0.00404	1.71	97574	394	389390	6908723	70.81
1966	5-9	0.00052	0.00259	2.27	97179	251	485210	6519333	67.09
1966	10-14	0.00043	0.00217	2.75	96928	210	484166	6034123	62.25
1966	15-19	0.00139	0.00694	2.8	96717	672	482110	5549956	57.38
1966	20-24	0.00129	0.00645	2.4	96046	619	478617	5067846	52.76
1966	25-29	0.00147	0.00730	2.7	95427	697	475528	4589229	48.09
1966	30-34	0.00177	0.00881	2.78	94730	835	471801	4113701	43.43
1966	35-39	0.00264	0.01310	2.65	93895	1230	466581	3641899	38.79
1966	40-44	0.00384	0.01903	2.71	92665	1764	459284	3175318	34.27
1966	45-49	0.00609	0.03003	2.66	90902	2729	448122	2716034	29.88
1966	50-54	0.00904	0.04426	2.61	88172	3903	431535	2267912	25.72
1966	55-59	0.01337	0.06484	2.67	84269	5464	408605	1836377	21.79
1966	60-64	0.01992	0.09500	2.57	78805	7487	375845	1427772	18.12
1966	65-69	0.02990	0.13934	2.56	71319	9938	332336	1051928	14.75
1966	70-74	0.04480	0.20231	2.61	61381	12418	277190	719591	11.72
1966	75-79	0.06854	0.29329	2.54	48963	14360	209526	442401	9.04
1966	80-84	0.10925	0.42828	2.48	34603	14820	135655	232876	6.73
1966	85-89	0.17122	0.58391	2.28	19783	11552	67468	97221	4.91
1966	90-94	0.25333	0.73417	2.14	8232	6043	23856	29753	3.61
1966	95-99	0.35622	0.84860	1.92	2188	1857	5213	5897	2.70
1966	100-104	0.47598	0.92204	1.68	331	305	642	685	2.07
1966	105-109	0.59946	0.96083	1.46	26	25	41	43	1.66
1966	110+	0.69652	1.00000	1.44	1	1	1	1	1.44
1967	0	0.02430	0.02379	0.12	100000	2379	97897	7006625	70.07
1967	1-4	0.00085	0.00341	1.66	97621	333	389705	6908728	70.77
1967	5-9	0.00048	0.00241	2.39	97288	235	485828	6519023	67.01
1967	10-14	0.00045	0.00226	2.75	97053	219	484773	6033196	62.16
1967	15-19	0.00126	0.00627	2.75	96834	607	482801	5548423	57.30
1967	20-24	0.00136	0.00678	2.64	96227	652	479592	5065622	52.64
1967	25-29	0.00138	0.00690	2.56	95575	659	476263	4586029	47.98
1967	30-34	0.00179	0.00893	2.74	94915	847	472659	4109766	43.30
1967	35-39	0.00236	0.01172	2.84	94068	1102	467956	3637107	38.66
1967	40-44	0.00449	0.02223	2.71	92965	2067	460094	3169151	34.09
1967	45-49	0.00648	0.03194	2.73	90899	2903	447891	2709058	29.80
1967	50-54	0.00962	0.04703	2.69	87996	4139	430415	2261167	25.70
1967	55-59	0.01397	0.06760	2.63	83857	5668	405828	1830751	21.83
1967	60-64	0.01949	0.09319	2.65	78189	7287	373842	1424924	18.22
1967	65-69	0.02894	0.13533	2.61	70902	9595	331548	1051082	14.82
1967	70-74	0.04496	0.20302	2.61	61307	12447	276815	719534	11.74
1967	75-79	0.06796	0.29079	2.52	48860	14208	209077	442719	9.06
1967	80-84	0.10955	0.42906	2.47	34652	14868	135718	233642	6.74
1967	85-89	0.17042	0.58714	2.35	19784	11616	68163	97924	4.95
1967	90-94	0.25028	0.73042	2.15	8168	5966	23838	29761	3.64
1967	95-99	0.35677	0.84931	1.92	2202	1870	5242	5923	2.69
1967	100-104	0.47896	0.92354	1.67	332	306	640	682	2.05
1967	105-109	0.60500	0.96216	1.46	25	24	40	42	1.64
1967	110+	0.70370	1.00000	1.42	1	1	1	1	1.42
1968	0	0.02257	0.02212	0.11	100000	2212	98033	6984786	69.85
1968	1-4	0.00088	0.00350	1.57	97788	342	390319	6886753	70.43
1968	5-9	0.00046	0.00231	2.38	97445	225	486638	6496434	66.67
1968	10-14	0.00049	0.00242	2.86	97220	236	485597	6009797	61.82
1968	15-19	0.00120	0.00601	2.79	96985	583	483639	5524199	56.96
1968	20-24	0.00148	0.00739	2.48	96402	713	480216	5040560	52.29
1968	25-29	0.00164	0.00817	2.59	95689	782	476559	4560344	47.66
1968	30-34	0.00198	0.00984	2.64	94907	934	472331	4083785	43.03
1968	35-39	0.00256	0.01272	2.68	93973	1195	467097	3611455	38.43
1968	40-44	0.00406	0.02010	2.68	92778	1865	459558	3144358	33.89
1968	45-49	0.00650	0.03200	2.65	90914	2909	447722	2684799	29.53
1968	50-54	0.00957	0.04681	2.63	88004	4119	430260	2237077	25.42
1968	55-59	0.01382	0.06687	2.56	83885	5609	405754	1806816	21.54
1968	60-64	0.02049	0.09766	2.62	78276	7645	373155	1401063	17.90
1968	65-69	0.03056	0.14230	2.59	70631	10051	328888	1027908	14.55
1968	70-74	0.04515	0.20366	2.6	60581	12338	273286	699020	11.54
1968	75-79	0.07107	0.30167	2.5	48243	14554	204789	425734	8.82
1968	80-84	0.11462	0.44590	2.51	33689	15022	131059	220945	6.56
1968	85-89	0.17776	0.60559	2.37	18667	11305	63596	89885	4.82
1968	90-94	0.25607	0.73868	2.14	7363	5439	21238	26289	3.57
1968	95-99	0.36657	0.85732	1.9	1924	1649	4500	5051	2.63
1968	100-104	0.49040	0.92835	1.65	275	255	520	551	2.01
1968	105-109	0.61710	0.96469	1.44	20	19	31	32	1.61
1968	110+	0.71568	1.00000	1.4	1	1	1	1	1.40
1969	0	0.02180	0.02139	0.11	100000	2139	98094	6998944	69.99
1969	1-4	0.00092	0.00366	1.82	97861	358	390664	6900850	70.52
1969	5-9	0.00043	0.00214	2.36	97503	208	486967	6510186	66.77
1969	10-14	0.00046	0.00227	2.83	97295	221	485995	6023220	61.91
1969	15-19	0.00122	0.00606	2.83	97074	588	484095	5537224	57.04
1969	20-24	0.00164	0.00816	2.47	96485	787	480438	5053129	52.37
1969	25-29	0.00165	0.00824	2.64	95698	788	476629	4572691	47.78
1969	30-34	0.00179	0.00893	2.61	94910	847	472526	4096062	43.16
1969	35-39	0.00274	0.01359	2.75	94062	1279	467431	3623536	38.52
1969	40-44	0.00438	0.02168	2.69	92784	2011	459277	3156106	34.02
1969	45-49	0.00662	0.03257	2.61	90772	2957	446801	2696829	29.71
1969	50-54	0.00915	0.04480	2.68	87816	3934	429952	2250027	25.62
1969	55-59	0.01386	0.06711	2.63	83881	5630	406073	1820075	21.70
1969	60-64	0.02071	0.09869	2.63	78252	7723	372972	1414002	18.07
1969	65-69	0.02973	0.13891	2.64	70529	9797	329544	1041030	14.76
1969	70-74	0.04488	0.20288	2.64	60731	12321	274564	711486	11.72
1969	75-79	0.07059	0.30076	2.54	48410	14560	206257	436922	9.03
1969	80-84	0.10499	0.41603	2.51	33850	14083	134138	230666	6.81
1969	85-89	0.17401	0.59346	2.32	19768	11731	67416	96527	4.88
1969	90-94	0.25074	0.73420	2.18	8036	5900	23532	29111	3.62
1969	95-99	0.36813	0.85936	1.9	2136	1836	4986	5580	2.61
1969	100-104	0.49905	0.93224	1.64	300	280	561	593	1.97
1969	105-109	0.63160	0.96769	1.42	20	20	31	32	1.58
1969	110+	0.73297	1.00000	1.36	1	1	1	1	1.36
1970	0	0.02070	0.02032	0.11	100000	2032	98183	7000547	70.01
1970	1-4	0.00093	0.00370	1.66	97968	362	391024	6902364	70.46
1970	5-9	0.00047	0.00233	2.27	97606	227	487409	6511340	66.71
1970	10-14	0.00046	0.00231	2.77	97378	225	486389	6023931	61.86
1970	15-19	0.00119	0.00595	2.86	97153	578	484532	5537542	57.00
1970	20-24	0.00153	0.00761	2.51	96575	735	481050	5053010	52.32
1970	25-29	0.00157	0.00783	2.57	95841	751	477381	4571960	47.70
1970	30-34	0.00207	0.01030	2.64	95090	980	473143	4094578	43.06
1970	35-39	0.00280	0.01393	2.64	94111	1311	467454	3621436	38.48
1970	40-44	0.00422	0.02089	2.75	92799	1939	459627	3153982	33.99
1970	45-49	0.00635	0.03127	2.65	90860	2841	447634	2694355	29.65
1970	50-54	0.00980	0.04790	2.62	88019	4216	430072	2246721	25.53
1970	55-59	0.01462	0.07064	2.63	83802	5920	405009	1816649	21.68
1970	60-64	0.02071	0.09871	2.64	77883	7688	371266	1411640	18.13
1970	65-69	0.03030	0.14115	2.58	70195	9908	327019	1040374	14.82
1970	70-74	0.04384	0.19852	2.62	60287	11968	273006	713354	11.83
1970	75-79	0.06832	0.29265	2.55	48319	14141	206966	440349	9.11
1970	80-84	0.10741	0.42179	2.46	34178	14416	134215	233382	6.83
1970	85-89	0.16701	0.57817	2.34	19762	11426	68415	99167	5.02
1970	90-94	0.24789	0.72329	2.12	8336	6030	24324	30752	3.69
1970	95-99	0.34335	0.83710	1.94	2307	1931	5624	6428	2.79
1970	100-104	0.45870	0.91390	1.71	376	343	749	804	2.14
1970	105-109	0.57948	0.95605	1.5	32	31	53	55	1.71
1970	110+	0.67568	1.00000	1.48	1	1	2	2	1.48
1971	0	0.01951	0.01917	0.1	100000	1917	98279	7034342	70.34
1971	1-4	0.00093	0.00373	1.55	98083	365	391435	6936063	70.72
1971	5-9	0.00046	0.00229	2.3	97717	224	487981	6544628	66.98
1971	10-14	0.00042	0.00209	2.63	97493	204	486982	6056647	62.12
1971	15-19	0.00115	0.00573	2.78	97289	557	485212	5569665	57.25
1971	20-24	0.00156	0.00775	2.56	96732	750	481828	5084453	52.56
1971	25-29	0.00166	0.00826	2.59	95982	793	478000	4602625	47.95
1971	30-34	0.00175	0.00869	2.65	95189	827	474000	4124625	43.33
1971	35-39	0.00270	0.01341	2.65	94362	1265	468832	3650625	38.69
1971	40-44	0.00422	0.02088	2.71	93097	1944	461032	3181792	34.18
1971	45-49	0.00617	0.03042	2.67	91153	2773	449295	2720761	29.85
1971	50-54	0.00907	0.04442	2.67	88380	3926	432761	2271465	25.70
1971	55-59	0.01349	0.06532	2.61	84454	5517	409108	1838704	21.77
1971	60-64	0.02038	0.09716	2.61	78937	7670	376373	1429596	18.11
1971	65-69	0.02879	0.13438	2.53	71267	9577	332668	1053222	14.78
1971	70-74	0.04522	0.20396	2.6	61691	12582	278253	720555	11.68
1971	75-79	0.06912	0.29535	2.54	49109	14504	209839	442302	9.01
1971	80-84	0.10971	0.43071	2.51	34604	14905	135857	232463	6.72
1971	85-89	0.17174	0.58970	2.34	19700	11617	67644	96606	4.90
1971	90-94	0.25550	0.74232	2.18	8083	6000	23484	28962	3.58
1971	95-99	0.36577	0.85682	1.9	2083	1785	4879	5478	2.63
1971	100-104	0.49050	0.92844	1.65	298	277	564	599	2.01
1971	105-109	0.61760	0.96479	1.44	21	21	33	34	1.61
1971	110+	0.71609	1.00000	1.4	1	1	1	1	1.40
1972	0	0.01726	0.01699	0.1	100000	1699	98465	7045528	70.46
1972	1-4	0.00104	0.00417	1.8	98301	410	392302	6947063	70.67
1972	5-9	0.00048	0.00239	2.36	97891	234	488839	6554761	66.96
1972	10-14	0.00043	0.00215	2.48	97657	210	487759	6065923	62.11
1972	15-19	0.00118	0.00587	2.82	97448	572	485992	5578163	57.24
1972	20-24	0.00127	0.00631	2.43	96876	611	482807	5092171	52.56
1972	25-29	0.00142	0.00709	2.49	96264	683	479611	4609365	47.88
1972	30-34	0.00179	0.00891	2.66	95582	851	475918	4129754	43.21
1972	35-39	0.00272	0.01349	2.62	94731	1278	470615	3653836	38.57
1972	40-44	0.00390	0.01932	2.74	93453	1806	463187	3183221	34.06
1972	45-49	0.00645	0.03179	2.75	91647	2914	451671	2720033	29.68
1972	50-54	0.00938	0.04584	2.59	88733	4068	433857	2268363	25.56
1972	55-59	0.01362	0.06599	2.64	84666	5587	410125	1834506	21.67
1972	60-64	0.02111	0.10064	2.69	79078	7959	377013	1424381	18.01
1972	65-69	0.03049	0.14190	2.56	71120	10092	330975	1047368	14.73
1972	70-74	0.04533	0.20422	2.57	61028	12463	274911	716393	11.74
1972	75-79	0.07052	0.30178	2.61	48565	14656	207824	441483	9.09
1972	80-84	0.10558	0.41694	2.48	33909	14138	133904	233659	6.89
1972	85-89	0.16266	0.56949	2.37	19771	11259	69218	99755	5.05
1972	90-94	0.25639	0.73529	2.1	8512	6259	24410	30537	3.59
1972	95-99	0.35244	0.84571	1.93	2253	1905	5407	6127	2.72
1972	100-104	0.47453	0.92165	1.68	348	320	675	720	2.07
1972	105-109	0.60086	0.96128	1.46	27	26	44	45	1.66
1972	110+	0.70008	1.00000	1.43	1	1	2	2	1.43
1973	0	0.01702	0.01676	0.1	100000	1676	98484	7045122	70.45
1973	1-4	0.00076	0.00303	1.74	98324	298	392620	6946638	70.65
1973	5-9	0.00051	0.00256	2.09	98026	251	489397	6554018	66.86
1973	10-14	0.00045	0.00226	2.68	97774	221	488359	6064621	62.03
1973	15-19	0.00121	0.00603	2.72	97553	588	486428	5576263	57.16
1973	20-24	0.00145	0.00721	2.41	96965	699	483012	5089835	52.49
1973	25-29	0.00167	0.00832	2.61	96266	801	479412	4606823	47.86
1973	30-34	0.00196	0.00977	2.55	95465	933	475044	4127411	43.23
1973	35-39	0.00250	0.01241	2.67	94532	1173	469931	3652367	38.64
1973	40-44	0.00384	0.01905	2.61	93359	1778	462536	3182436	34.09
1973	45-49	0.00681	0.03351	2.65	91581	3069	450697	2719900	29.70
1973	50-54	0.00966	0.04724	2.63	88512	4181	432638	2269203	25.64
1973	55-59	0.01360	0.06591	2.66	84331	5558	408638	1836565	21.78
1973	60-64	0.02103	0.10006	2.59	78773	7882	374869	1427927	18.13
1973	65-69	0.02956	0.13810	2.62	70891	9790	331163	1053058	14.85
1973	70-74	0.04442	0.20048	2.57	61102	12250	275756	721895	11.81
1973	75-79	0.06854	0.29396	2.58	48852	14361	209522	446139	9.13
1973	80-84	0.10734	0.42256	2.48	34491	14574	135781	236617	6.86
1973	85-89	0.16482	0.57110	2.31	19917	11375	69010	100836	5.06
1973	90-94	0.24450	0.72023	2.15	8542	6152	25163	31826	3.73
1973	95-99	0.34306	0.83690	1.94	2390	2000	5830	6664	2.79
1973	100-104	0.45894	0.91407	1.71	390	356	776	834	2.14
1973	105-109	0.58029	0.95627	1.49	33	32	55	57	1.71
1973	110+	0.67671	1.00000	1.48	1	1	2	2	1.48
1974	0	0.01716	0.01690	0.1	100000	1690	98472	7116853	71.17
1974	1-4	0.00071	0.00282	1.85	98310	278	392643	7018381	71.39
1974	5-9	0.00038	0.00190	2.33	98032	186	489665	6625738	67.59
1974	10-14	0.00041	0.00204	2.74	97846	200	488780	6136072	62.71
1974	15-19	0.00104	0.00519	2.77	97646	507	487102	5647292	57.83
1974	20-24	0.00116	0.00581	2.56	97140	564	484321	5160190	53.12
1974	25-29	0.00132	0.00657	2.51	96575	634	481297	4675869	48.42
1974	30-34	0.00161	0.00802	2.68	95941	769	477917	4194572	43.72
1974	35-39	0.00250	0.01243	2.65	95172	1183	473075	3716654	39.05
1974	40-44	0.00383	0.01897	2.67	93989	1783	465783	3243579	34.51
1974	45-49	0.00592	0.02919	2.66	92205	2691	454742	2777796	30.13
1974	50-54	0.00921	0.04506	2.6	89514	4033	437889	2323054	25.95
1974	55-59	0.01331	0.06455	2.65	85481	5518	414454	1885165	22.05
1974	60-64	0.02082	0.09912	2.59	79963	7926	380723	1470712	18.39
1974	65-69	0.02889	0.13502	2.58	72037	9727	336648	1089989	15.13
1974	70-74	0.04293	0.19485	2.63	62310	12141	282784	753341	12.09
1974	75-79	0.06380	0.27581	2.55	50169	13837	216897	470557	9.38
1974	80-84	0.10442	0.41481	2.52	36332	15071	144332	253660	6.98
1974	85-89	0.16121	0.56635	2.37	21261	12041	74691	109328	5.14
1974	90-94	0.24134	0.71588	2.16	9220	6600	27349	34637	3.76
1974	95-99	0.34363	0.83778	1.94	2620	2195	6386	7288	2.78
1974	100-104	0.46273	0.91614	1.7	425	389	841	902	2.12
1974	105-109	0.58723	0.95810	1.48	36	34	58	60	1.69
1974	110+	0.68575	1.00000	1.46	1	1	2	2	1.46
1975	0	0.01614	0.01591	0.09	100000	1591	98557	7148600	71.49
1975	1-4	0.00062	0.00249	1.48	98409	245	393021	7050043	71.64
1975	5-9	0.00035	0.00176	2.3	98164	173	490356	6657023	67.82
1975	10-14	0.00041	0.00204	2.59	97992	200	489477	6166667	62.93
1975	15-19	0.00114	0.00570	2.76	97792	558	487709	5677190	58.05
1975	20-24	0.00134	0.00667	2.57	97234	649	484593	5189480	53.37
1975	25-29	0.00141	0.00701	2.52	96585	677	481247	4704887	48.71
1975	30-34	0.00157	0.00781	2.65	95909	749	477785	4223640	44.04
1975	35-39	0.00233	0.01156	2.67	95160	1100	473241	3745855	39.36
1975	40-44	0.00359	0.01781	2.64	94060	1675	466341	3272614	34.79
1975	45-49	0.00599	0.02951	2.6	92385	2726	455389	2806273	30.38
1975	50-54	0.00949	0.04638	2.6	89659	4158	438326	2350884	26.22
1975	55-59	0.01334	0.06465	2.63	85500	5527	414425	1912558	22.37
1975	60-64	0.01898	0.09074	2.59	79973	7257	382407	1498133	18.73
1975	65-69	0.02784	0.13051	2.6	72716	9490	340853	1115726	15.34
1975	70-74	0.04249	0.19249	2.56	63226	12171	286466	774873	12.26
1975	75-79	0.06301	0.27315	2.57	51056	13946	221323	488407	9.57
1975	80-84	0.09991	0.39960	2.5	37110	14829	148417	267084	7.20
1975	85-89	0.15494	0.54952	2.36	22281	12244	79021	118667	5.33
1975	90-94	0.22707	0.69312	2.19	10037	6957	30638	39646	3.95
1975	95-99	0.32502	0.81986	1.98	3080	2525	7770	9008	2.92
1975	100-104	0.43846	0.90369	1.75	555	501	1144	1238	2.23
1975	105-109	0.55964	0.95094	1.53	53	51	91	95	1.77
1975	110+	0.65734	1.00000	1.52	3	3	4	4	1.52
1976	0	0.01508	0.01488	0.09	100000	1488	98647	7218587	72.19
1976	1-4	0.00065	0.00260	1.77	98512	256	393479	7119940	72.27
1976	5-9	0.00037	0.00183	1.99	98256	179	490740	6726461	68.46
1976	10-14	0.00030	0.00148	2.7	98077	145	490050	6235721	63.58
1976	15-19	0.00107	0.00536	2.72	97932	524	488463	5745671	58.67
1976	20-24	0.00129	0.00643	2.53	97407	626	485490	5257208	53.97
1976	25-29	0.00115	0.00574	2.64	96782	555	482600	4771717	49.30
1976	30-34	0.00146	0.00726	2.76	96227	699	479564	4289117	44.57
1976	35-39	0.00234	0.01163	2.69	95528	1111	475070	3809553	39.88
1976	40-44	0.00349	0.01729	2.7	94417	1633	468331	3334483	35.32
1976	45-49	0.00583	0.02873	2.64	92785	2666	457635	2866153	30.89
1976	50-54	0.00858	0.04207	2.66	90119	3791	441720	2408517	26.73
1976	55-59	0.01303	0.06321	2.64	86328	5456	418754	1966798	22.78
1976	60-64	0.01864	0.08920	2.59	80871	7213	387002	1548044	19.14
1976	65-69	0.02641	0.12425	2.62	73658	9152	346513	1161042	15.76
1976	70-74	0.03835	0.17567	2.61	64506	11332	295464	814528	12.63
1976	75-79	0.06158	0.26731	2.53	53174	14214	230813	519064	9.76
1976	80-84	0.09794	0.39237	2.47	38960	15286	156079	288252	7.40
1976	85-89	0.14470	0.52370	2.36	23673	12398	85676	132173	5.58
1976	90-94	0.21600	0.67800	2.25	11276	7645	35393	46497	4.12
1976	95-99	0.30907	0.80305	2.01	3631	2916	9434	11105	3.06
1976	100-104	0.41736	0.89143	1.79	715	637	1527	1671	2.34
1976	105-109	0.53497	0.94348	1.57	78	73	137	144	1.85
1976	110+	0.63080	1.00000	1.59	4	4	7	7	1.59
1977	0	0.01511	0.01491	0.09	100000	1491	98644	7195784	71.96
1977	1-4	0.00071	0.00283	1.55	98509	279	393356	7097140	72.05
1977	5-9	0.00040	0.00198	2.4	98231	194	490648	6703783	68.25
1977	10-14	0.00042	0.00207	2.91	98036	203	489758	6213136	63.38
1977	15-19	0.00110	0.00550	2.81	97833	538	487990	5723378	58.50
1977	20-24	0.00132	0.00660	2.49	97295	642	484864	5235387	53.81
1977	25-29	0.00132	0.00658	2.56	96654	636	481714	4750523	49.15
1977	30-34	0.00150	0.00749	2.53	96018	719	478312	4268809	44.46
1977	35-39	0.00233	0.01157	2.61	95298	1103	473862	3790497	39.78
1977	40-44	0.00320	0.01590	2.65	94196	1498	467466	3316635	35.21
1977	45-49	0.00559	0.02758	2.63	92698	2557	457423	2849170	30.74
1977	50-54	0.00870	0.04264	2.63	90141	3844	441607	2391747	26.53
1977	55-59	0.01294	0.06279	2.63	86298	5419	418660	1950140	22.60
1977	60-64	0.01997	0.09534	2.64	80879	7711	386181	1531480	18.94
1977	65-69	0.02750	0.12907	2.62	73168	9444	343388	1145299	15.65
1977	70-74	0.03984	0.18159	2.57	63724	11572	290482	801911	12.58
1977	75-79	0.06008	0.26189	2.55	52153	13658	227317	511429	9.81
1977	80-84	0.09664	0.38835	2.47	38494	14949	154695	284113	7.38
1977	85-89	0.14807	0.53422	2.39	23545	12578	84950	129418	5.50
1977	90-94	0.21867	0.68106	2.23	10967	7469	34158	44467	4.05
1977	95-99	0.32202	0.81704	1.99	3498	2858	8875	10310	2.95
1977	100-104	0.43625	0.90261	1.75	640	578	1324	1435	2.24
1977	105-109	0.55842	0.95066	1.53	62	59	106	111	1.78
1977	110+	0.65699	1.00000	1.52	3	3	5	5	1.52
1978	0	0.01282	0.01267	0.08	100000	1267	98840	7247681	72.48
1978	1-4	0.00063	0.00252	1.58	98733	249	394331	7148841	72.41
1978	5-9	0.00036	0.00178	2.4	98484	175	491966	6754510	68.58
1978	10-14	0.00035	0.00173	2.77	98309	170	491167	6262544	63.70
1978	15-19	0.00106	0.00529	2.72	98139	519	489510	5771377	58.81
1978	20-24	0.00132	0.00656	2.39	97620	641	486428	5281868	54.11
1978	25-29	0.00119	0.00593	2.47	96979	575	483438	4795440	49.45
1978	30-34	0.00137	0.00683	2.74	96404	658	480529	4312002	44.73
1978	35-39	0.00208	0.01036	2.6	95745	992	476348	3831473	40.02
1978	40-44	0.00336	0.01667	2.68	94753	1580	470108	3355125	35.41
1978	45-49	0.00529	0.02614	2.62	93174	2436	460066	2885017	30.96
1978	50-54	0.00818	0.04012	2.69	90738	3641	445265	2424951	26.72
1978	55-59	0.01288	0.06248	2.64	87097	5442	422641	1979686	22.73
1978	60-64	0.01847	0.08855	2.67	81655	7230	391466	1557045	19.07
1978	65-69	0.02727	0.12803	2.62	74425	9529	349430	1165578	15.66
1978	70-74	0.04001	0.18238	2.58	64896	11836	295793	816149	12.58
1978	75-79	0.05983	0.26114	2.57	53061	13856	231589	520356	9.81
1978	80-84	0.09575	0.38696	2.52	39204	15171	158440	288767	7.37
1978	85-89	0.14842	0.53139	2.33	24034	12771	86050	130327	5.42
1978	90-94	0.22903	0.69548	2.18	11262	7833	34199	44276	3.93
1978	95-99	0.32288	0.81823	1.99	3430	2806	8691	10077	2.94
1978	100-104	0.44011	0.90498	1.75	623	564	1282	1386	2.22
1978	105-109	0.56573	0.95285	1.52	59	56	100	104	1.75
1978	110+	0.66695	1.00000	1.5	3	3	4	4	1.50
1979	0	0.01179	0.01166	0.08	100000	1166	98929	7298775	72.99
1979	1-4	0.00062	0.00247	1.56	98834	245	394739	7199846	72.85
1979	5-9	0.00037	0.00185	2.47	98590	182	492487	6805107	69.02
1979	10-14	0.00038	0.00189	2.71	98407	186	491610	6312620	64.15
1979	15-19	0.00103	0.00512	2.87	98221	503	490032	5821010	59.26
1979	20-24	0.00120	0.00596	2.38	97718	583	487062	5330977	54.55
1979	25-29	0.00134	0.00666	2.44	97136	647	484019	4843915	49.87
1979	30-34	0.00140	0.00699	2.56	96488	674	480798	4359896	45.19
1979	35-39	0.00200	0.00997	2.72	95814	955	476895	3879098	40.49
1979	40-44	0.00317	0.01576	2.7	94859	1495	470862	3402204	35.87
1979	45-49	0.00518	0.02560	2.69	93364	2390	461293	2931342	31.40
1979	50-54	0.00820	0.04023	2.71	90974	3660	446484	2470049	27.15
1979	55-59	0.01232	0.05987	2.63	87314	5228	424192	2023565	23.18
1979	60-64	0.01806	0.08654	2.6	82087	7104	393370	1599373	19.48
1979	65-69	0.02684	0.12605	2.59	74983	9452	352092	1206003	16.08
1979	70-74	0.03791	0.17365	2.59	65531	11380	300210	853911	13.03
1979	75-79	0.05637	0.24791	2.57	54151	13424	238129	553701	10.23
1979	80-84	0.08872	0.36419	2.54	40727	14833	167184	315571	7.75
1979	85-89	0.14033	0.51377	2.39	25894	13304	94802	148387	5.73
1979	90-94	0.20728	0.65937	2.24	12591	8302	40051	53586	4.26
1979	95-99	0.29762	0.79086	2.04	4289	3392	11397	13535	3.16
1979	100-104	0.40821	0.88625	1.81	897	795	1947	2138	2.38
1979	105-109	0.52999	0.94223	1.58	102	96	181	191	1.87
1979	110+	0.63010	1.00000	1.59	6	6	9	9	1.59
1980	0	0.01299	0.01284	0.08	100000	1284	98824	7283196	72.83
1980	1-4	0.00062	0.00249	1.56	98716	246	394264	7184372	72.78
1980	5-9	0.00026	0.00130	2.15	98470	128	491985	6790108	68.96
1980	10-14	0.00031	0.00155	2.84	98342	152	491381	6298123	64.04
1980	15-19	0.00104	0.00519	2.84	98190	510	489852	5806741	59.14
1980	20-24	0.00134	0.00670	2.45	97680	654	486730	5316890	54.43
1980	25-29	0.00125	0.00622	2.59	97026	604	483677	4830160	49.78
1980	30-34	0.00122	0.00610	2.5	96422	588	480639	4346483	45.08
1980	35-39	0.00188	0.00936	2.66	95834	897	477068	3865845	40.34
1980	40-44	0.00320	0.01588	2.73	94937	1508	471255	3388777	35.70
1980	45-49	0.00505	0.02496	2.69	93429	2332	461764	2917522	31.23
1980	50-54	0.00812	0.03982	2.66	91097	3628	446993	2455758	26.96
1980	55-59	0.01225	0.05955	2.63	87470	5208	425018	2008765	22.97
1980	60-64	0.01819	0.08711	2.58	82261	7165	393952	1583747	19.25
1980	65-69	0.02631	0.12371	2.6	75096	9290	353137	1189795	15.84
1980	70-74	0.04009	0.18280	2.59	65806	12029	300033	836658	12.71
1980	75-79	0.05856	0.25564	2.52	53777	13748	234751	536625	9.98
1980	80-84	0.09142	0.37309	2.54	40029	14934	163357	301874	7.54
1980	85-89	0.14503	0.52181	2.31	25095	13095	90290	138517	5.52
1980	90-94	0.22189	0.68280	2.18	12000	8194	36927	48228	4.02
1980	95-99	0.31859	0.81442	2	3806	3100	9730	11301	2.97
1980	100-104	0.43975	0.90528	1.75	706	639	1454	1571	2.22
1980	105-109	0.57052	0.95440	1.51	67	64	112	116	1.74
1980	110+	0.67586	1.00000	1.48	3	3	5	5	1.48
1981	0	0.01197	0.01184	0.08	100000	1184	98912	7328956	73.29
1981	1-4	0.00063	0.00251	1.6	98816	248	394669	7230044	73.17
1981	5-9	0.00025	0.00124	2.14	98568	122	492492	6835374	69.35
1981	10-14	0.00030	0.00152	2.67	98446	150	491881	6342882	64.43
1981	15-19	0.00093	0.00464	2.79	98296	456	490474	5851001	59.52
1981	20-24	0.00115	0.00571	2.63	97840	559	487876	5360527	54.79
1981	25-29	0.00119	0.00592	2.35	97281	576	484878	4872651	50.09
1981	30-34	0.00133	0.00665	2.58	96705	643	481971	4387773	45.37
1981	35-39	0.00183	0.00913	2.61	96062	877	478214	3905803	40.66
1981	40-44	0.00285	0.01413	2.63	95186	1345	472746	3427589	36.01
1981	45-49	0.00494	0.02441	2.66	93840	2290	463834	2954842	31.49
1981	50-54	0.00761	0.03737	2.68	91550	3421	449815	2491008	27.21
1981	55-59	0.01226	0.05956	2.65	88129	5249	428288	2041193	23.16
1981	60-64	0.01793	0.08597	2.62	82880	7126	397427	1612905	19.46
1981	65-69	0.02649	0.12456	2.6	75754	9436	356140	1215478	16.04
1981	70-74	0.03805	0.17390	2.53	66319	11533	303107	859338	12.96
1981	75-79	0.05727	0.25049	2.5	54786	13723	239609	556231	10.15
1981	80-84	0.09116	0.36999	2.46	41063	15193	166658	316622	7.71
1981	85-89	0.13840	0.50887	2.4	25870	13165	95122	149964	5.80
1981	90-94	0.20354	0.65323	2.26	12705	8300	40775	54843	4.32
1981	95-99	0.29361	0.78615	2.05	4406	3464	11797	14067	3.19
1981	100-104	0.40332	0.88317	1.82	942	832	2063	2271	2.41
1981	105-109	0.52551	0.94084	1.59	110	104	197	207	1.88
1981	110+	0.62661	1.00000	1.6	7	7	10	10	1.60
1982	0	0.01200	0.01187	0.08	100000	1187	98910	7354505	73.55
1982	1-4	0.00063	0.00250	1.53	98813	247	394641	7255595	73.43
1982	5-9	0.00028	0.00141	2.45	98566	139	492473	6860954	69.61
1982	10-14	0.00028	0.00140	2.76	98426	138	491822	6368480	64.70
1982	15-19	0.00097	0.00482	2.83	98288	474	490411	5876658	59.79
1982	20-24	0.00126	0.00630	2.48	97814	617	487519	5386246	55.07
1982	25-29	0.00111	0.00552	2.61	97198	537	484704	4898728	50.40
1982	30-34	0.00131	0.00653	2.56	96661	631	481766	4414023	45.67
1982	35-39	0.00193	0.00962	2.61	96030	924	477942	3932257	40.95
1982	40-44	0.00281	0.01396	2.65	95106	1328	472407	3454316	36.32
1982	45-49	0.00467	0.02308	2.7	93778	2164	463912	2981909	31.80
1982	50-54	0.00780	0.03829	2.67	91614	3508	449889	2517997	27.48
1982	55-59	0.01157	0.05629	2.6	88106	4959	428639	2068108	23.47
1982	60-64	0.01756	0.08425	2.61	83147	7005	398960	1639469	19.72
1982	65-69	0.02535	0.11937	2.57	76142	9089	358596	1240510	16.29
1982	70-74	0.03765	0.17237	2.56	67053	11558	307009	881913	13.15
1982	75-79	0.05482	0.24157	2.54	55495	13406	244538	574905	10.36
1982	80-84	0.08927	0.36438	2.48	42089	15336	171798	330366	7.85
1982	85-89	0.13322	0.49139	2.33	26753	13146	98678	158568	5.93
1982	90-94	0.19935	0.64702	2.29	13607	8804	44163	59891	4.40
1982	95-99	0.28523	0.77596	2.06	4803	3727	13066	15728	3.27
1982	100-104	0.39205	0.87547	1.84	1076	942	2403	2662	2.47
1982	105-109	0.51206	0.93611	1.61	134	125	245	259	1.93
1982	110+	0.61198	1.00000	1.63	9	9	14	14	1.63
1983	0	0.01148	0.01136	0.08	100000	1136	98955	7342204	73.42
1983	1-4	0.00055	0.00220	1.7	98864	218	394954	7243249	73.26
1983	5-9	0.00024	0.00120	2.39	98646	118	492923	6848294	69.42
1983	10-14	0.00029	0.00146	2.76	98528	144	492318	6355372	64.50
1983	15-19	0.00106	0.00528	2.88	98384	520	490820	5863054	59.59
1983	20-24	0.00111	0.00555	2.57	97865	543	488005	5372234	54.89
1983	25-29	0.00109	0.00541	2.48	97321	527	485279	4884229	50.19
1983	30-34	0.00132	0.00656	2.71	96794	635	482518	4398950	45.45
1983	35-39	0.00171	0.00852	2.69	96160	819	478910	3916431	40.73
1983	40-44	0.00284	0.01411	2.66	95341	1346	473554	3437521	36.06
1983	45-49	0.00475	0.02349	2.74	93995	2208	464993	2963967	31.53
1983	50-54	0.00739	0.03629	2.63	91787	3331	451030	2498974	27.23
1983	55-59	0.01176	0.05726	2.7	88457	5065	430627	2047944	23.15
1983	60-64	0.01846	0.08842	2.62	83391	7373	399404	1617317	19.39
1983	65-69	0.02638	0.12397	2.57	76018	9424	357211	1217914	16.02
1983	70-74	0.03851	0.17602	2.56	66594	11722	304357	860702	12.92
1983	75-79	0.05761	0.25192	2.51	54872	13824	239955	556345	10.14
1983	80-84	0.09101	0.37155	2.53	41049	15251	167572	316390	7.71
1983	85-89	0.13850	0.50786	2.38	25797	13101	94596	148818	5.77
1983	90-94	0.20615	0.65756	2.25	12696	8348	40496	54222	4.27
1983	95-99	0.29722	0.79060	2.04	4348	3437	11564	13726	3.16
1983	100-104	0.40971	0.88748	1.81	910	808	1972	2162	2.37
1983	105-109	0.53458	0.94392	1.57	102	97	181	190	1.85
1983	110+	0.63757	1.00000	1.57	6	6	9	9	1.57
1984	0	0.01152	0.01140	0.08	100000	1140	98952	7382229	73.82
1984	1-4	0.00051	0.00204	1.76	98860	201	394989	7283278	73.67
1984	5-9	0.00023	0.00116	2.33	98659	115	492988	6888289	69.82
1984	10-14	0.00025	0.00124	2.85	98544	122	492458	6395301	64.90
1984	15-19	0.00087	0.00436	2.99	98422	430	491246	5902844	59.97
1984	20-24	0.00106	0.00530	2.51	97993	520	488670	5411597	55.22
1984	25-29	0.00104	0.00521	2.58	97473	508	486137	4922927	50.51
1984	30-34	0.00120	0.00598	2.51	96965	580	483380	4436790	45.76
1984	35-39	0.00171	0.00852	2.59	96385	821	479949	3953410	41.02
1984	40-44	0.00261	0.01297	2.74	95564	1239	475018	3473461	36.35
1984	45-49	0.00452	0.02239	2.71	94325	2112	466780	2998443	31.79
1984	50-54	0.00769	0.03775	2.65	92213	3481	452880	2531663	27.45
1984	55-59	0.01118	0.05451	2.71	88732	4837	432586	2078783	23.43
1984	60-64	0.01824	0.08739	2.6	83895	7332	401890	1646196	19.62
1984	65-69	0.02610	0.12276	2.59	76563	9399	360164	1244307	16.25
1984	70-74	0.03813	0.17429	2.54	67164	11706	307007	884142	13.16
1984	75-79	0.05467	0.24112	2.55	55458	13372	244574	577135	10.41
1984	80-84	0.08692	0.35715	2.51	42086	15031	172932	332561	7.90
1984	85-89	0.13365	0.49610	2.4	27055	13422	100423	159629	5.90
1984	90-94	0.20225	0.64957	2.25	13633	8856	43785	59206	4.34
1984	95-99	0.28954	0.78172	2.06	4777	3735	12899	15421	3.23
1984	100-104	0.40159	0.88239	1.82	1043	920	2291	2522	2.42
1984	105-109	0.52703	0.94157	1.59	123	115	219	230	1.88
1984	110+	0.63097	1.00000	1.58	7	7	11	11	1.58
1985	0	0.01136	0.01124	0.08	100000	1124	98966	7371432	73.71
1985	1-4	0.00043	0.00173	1.39	98876	171	395055	7272466	73.55
1985	5-9	0.00022	0.00110	2.32	98704	109	493229	6877411	69.68
1985	10-14	0.00025	0.00127	2.72	98595	125	492692	6384181	64.75
1985	15-19	0.00085	0.00422	2.77	98471	416	491427	5891489	59.83
1985	20-24	0.00102	0.00509	2.59	98055	499	489071	5400062	55.07
1985	25-29	0.00096	0.00481	2.47	97556	469	486593	4910991	50.34
1985	30-34	0.00119	0.00593	2.59	97087	576	484051	4424398	45.57
1985	35-39	0.00168	0.00836	2.58	96512	807	480607	3940347	40.83
1985	40-44	0.00268	0.01333	2.74	95705	1276	475637	3459739	36.15
1985	45-49	0.00422	0.02087	2.68	94429	1971	467560	2984102	31.60
1985	50-54	0.00751	0.03690	2.62	92457	3412	454179	2516542	27.22
1985	55-59	0.01177	0.05725	2.65	89046	5098	433259	2062363	23.16
1985	60-64	0.01749	0.08394	2.59	83947	7046	402786	1629105	19.41
1985	65-69	0.02731	0.12805	2.56	76901	9847	360516	1226319	15.95
1985	70-74	0.03876	0.17710	2.57	67054	11875	306404	865803	12.91
1985	75-79	0.05713	0.25019	2.52	55179	13805	241645	559400	10.14
1985	80-84	0.09125	0.37267	2.54	41374	15419	168982	317754	7.68
1985	85-89	0.13680	0.50470	2.4	25955	13099	95755	148773	5.73
1985	90-94	0.21484	0.67684	2.27	12856	8701	40501	53017	4.12
1985	95-99	0.31337	0.80888	2.01	4154	3360	10723	12517	3.01
1985	100-104	0.43243	0.90116	1.76	794	716	1655	1793	2.26
1985	105-109	0.56128	0.95187	1.53	78	75	133	139	1.77
1985	110+	0.66557	1.00000	1.5	4	4	6	6	1.50
1986	0	0.00990	0.00981	0.08	100000	981	99093	7376988	73.77
1986	1-4	0.00047	0.00186	1.51	99019	185	395617	7277895	73.50
1986	5-9	0.00027	0.00137	2.3	98834	136	493806	6882278	69.63
1986	10-14	0.00026	0.00128	2.96	98699	127	493235	6388473	64.73
1986	15-19	0.00093	0.00466	2.8	98572	459	491847	5895237	59.81
1986	20-24	0.00115	0.00573	2.5	98113	562	489160	5403390	55.07
1986	25-29	0.00113	0.00565	2.44	97551	552	486344	4914230	50.38
1986	30-34	0.00141	0.00704	2.59	96999	682	483355	4427886	45.65
1986	35-39	0.00181	0.00901	2.68	96317	868	479568	3944531	40.95
1986	40-44	0.00264	0.01314	2.74	95449	1254	474416	3464963	36.30
1986	45-49	0.00438	0.02167	2.68	94195	2041	466233	2990548	31.75
1986	50-54	0.00758	0.03725	2.67	92154	3432	452773	2524314	27.39
1986	55-59	0.01128	0.05495	2.66	88722	4875	432190	2071541	23.35
1986	60-64	0.01790	0.08581	2.59	83846	7195	401889	1639351	19.55
1986	65-69	0.02585	0.12157	2.56	76651	9318	360529	1237462	16.14
1986	70-74	0.03836	0.17557	2.59	67333	11822	308176	876934	13.02
1986	75-79	0.05682	0.24921	2.54	55511	13834	243489	568757	10.25
1986	80-84	0.08822	0.36124	2.49	41677	15055	170661	325268	7.80
1986	85-89	0.13675	0.50264	2.37	26622	13381	97855	154607	5.81
1986	90-94	0.20575	0.65630	2.24	13240	8690	42234	56752	4.29
1986	95-99	0.29386	0.78651	2.05	4551	3579	12180	14518	3.19
1986	100-104	0.40390	0.88354	1.82	972	858	2125	2338	2.41
1986	105-109	0.52604	0.94100	1.59	113	106	202	213	1.88
1986	110+	0.62695	1.00000	1.6	7	7	11	11	1.60
1987	0	0.00988	0.00979	0.08	100000	979	99096	7398963	73.99
1987	1-4	0.00054	0.00218	1.79	99021	216	395608	7299867	73.72
1987	5-9	0.00025	0.00125	2.52	98806	124	493722	6904259	69.88
1987	10-14	0.00027	0.00137	3.08	98682	136	493149	6410537	64.96
1987	15-19	0.00089	0.00446	2.75	98546	440	491744	5917388	60.05
1987	20-24	0.00123	0.00611	2.45	98106	599	489002	5425644	55.30
1987	25-29	0.00128	0.00636	2.49	97507	620	485979	4936642	50.63
1987	30-34	0.00127	0.00633	2.51	96887	613	482910	4450663	45.94
1987	35-39	0.00169	0.00841	2.68	96274	810	479492	3967753	41.21
1987	40-44	0.00262	0.01304	2.61	95464	1245	474349	3488261	36.54
1987	45-49	0.00426	0.02110	2.63	94219	1988	466393	3013912	31.99
1987	50-54	0.00717	0.03528	2.69	92232	3253	453648	2547519	27.62
1987	55-59	0.01145	0.05576	2.65	88978	4961	433228	2093871	23.53
1987	60-64	0.01700	0.08168	2.6	84017	6862	403632	1660643	19.77
1987	65-69	0.02615	0.12290	2.56	77154	9482	362597	1257011	16.29
1987	70-74	0.03661	0.16804	2.56	67672	11371	310602	894414	13.22
1987	75-79	0.05505	0.24240	2.54	56301	13647	247889	583812	10.37
1987	80-84	0.08671	0.35657	2.51	42654	15209	175391	335923	7.88
1987	85-89	0.13480	0.49993	2.42	27445	13721	101787	160532	5.85
1987	90-94	0.20485	0.65614	2.26	13724	9005	43958	58745	4.28
1987	95-99	0.29945	0.79362	2.04	4719	3745	12507	14786	3.13
1987	100-104	0.41609	0.89177	1.8	974	869	2087	2279	2.34
1987	105-109	0.54484	0.94726	1.56	105	100	183	192	1.82
1987	110+	0.65016	1.00000	1.54	6	6	9	9	1.54
1988	0	0.01084	0.01073	0.08	100000	1073	99011	7386853	73.87
1988	1-4	0.00051	0.00202	1.82	98927	200	395272	7287842	73.67
1988	5-9	0.00020	0.00101	2.15	98727	100	493350	6892570	69.81
1988	10-14	0.00037	0.00185	2.98	98627	182	492768	6399220	64.88
1988	15-19	0.00090	0.00451	2.79	98445	444	491246	5906451	60.00
1988	20-24	0.00106	0.00530	2.47	98001	519	488693	5415206	55.26
1988	25-29	0.00115	0.00573	2.48	97482	559	486005	4926513	50.54
1988	30-34	0.00131	0.00655	2.59	96924	634	483087	4440509	45.81
1988	35-39	0.00180	0.00894	2.53	96289	861	479317	3957421	41.10
1988	40-44	0.00245	0.01219	2.63	95428	1163	474386	3478105	36.45
1988	45-49	0.00409	0.02028	2.69	94265	1911	466913	3003718	31.86
1988	50-54	0.00685	0.03373	2.72	92354	3115	454678	2536805	27.47
1988	55-59	0.01159	0.05643	2.69	89239	5036	434544	2082127	23.33
1988	60-64	0.01730	0.08310	2.63	84203	6998	404460	1647583	19.57
1988	65-69	0.02709	0.12718	2.6	77205	9819	362428	1243123	16.10
1988	70-74	0.03704	0.17015	2.61	67386	11466	309561	880695	13.07
1988	75-79	0.05693	0.24969	2.54	55920	13963	245279	571135	10.21
1988	80-84	0.08753	0.35872	2.49	41958	15051	171958	325855	7.77
1988	85-89	0.13786	0.50622	2.38	26907	13621	98800	153897	5.72
1988	90-94	0.21296	0.67432	2.28	13286	8959	42068	55098	4.15
1988	95-99	0.31334	0.80911	2.01	4327	3501	11173	13029	3.01
1988	100-104	0.43471	0.90266	1.76	826	746	1715	1856	2.25
1988	105-109	0.56622	0.95333	1.52	80	77	135	141	1.75
1988	110+	0.67238	1.00000	1.49	4	4	6	6	1.49
1989	0	0.01011	0.01002	0.08	100000	1002	99074	7405124	74.05
1989	1-4	0.00051	0.00205	1.75	98998	203	395536	7306050	73.80
1989	5-9	0.00025	0.00125	2.21	98795	124	493631	6910514	69.95
1989	10-14	0.00028	0.00140	2.74	98671	138	493045	6416883	65.03
1989	15-19	0.00092	0.00458	2.87	98533	451	491704	5923839	60.12
1989	20-24	0.00105	0.00523	2.7	98082	513	489229	5432134	55.38
1989	25-29	0.00116	0.00579	2.52	97569	565	486443	4942905	50.66
1989	30-34	0.00138	0.00690	2.64	97004	669	483444	4456463	45.94
1989	35-39	0.00168	0.00839	2.7	96335	808	479815	3973018	41.24
1989	40-44	0.00262	0.01303	2.67	95527	1244	474734	3493203	36.57
1989	45-49	0.00434	0.02146	2.7	94283	2024	466751	3018469	32.02
1989	50-54	0.00711	0.03495	2.7	92259	3225	453873	2551718	27.66
1989	55-59	0.01090	0.05315	2.64	89034	4732	434020	2097845	23.56
1989	60-64	0.01707	0.08210	2.68	84302	6922	405486	1663825	19.74
1989	65-69	0.02558	0.12045	2.58	77380	9321	364339	1258339	16.26
1989	70-74	0.03840	0.17594	2.62	68060	11974	311811	894000	13.14
1989	75-79	0.05631	0.24707	2.52	56085	13857	246083	582189	10.38
1989	80-84	0.08438	0.34832	2.5	42228	14709	174320	336107	7.96
1989	85-89	0.13238	0.49208	2.39	27519	13542	102293	161787	5.88
1989	90-94	0.20676	0.65846	2.24	13978	9204	44515	59494	4.26
1989	95-99	0.29906	0.79313	2.04	4774	3786	12661	14979	3.14
1989	100-104	0.41488	0.89091	1.8	988	880	2121	2318	2.35
1989	105-109	0.54213	0.94635	1.56	108	102	188	197	1.83
1989	110+	0.64623	1.00000	1.55	6	6	9	9	1.55
1990	0	0.00912	0.00905	0.07	100000	905	99162	7444086	74.44
1990	1-4	0.00047	0.00187	1.74	99095	186	395962	7344924	74.12
1990	5-9	0.00025	0.00126	2.06	98909	125	494180	6948962	70.26
1990	10-14	0.00022	0.00110	2.83	98784	109	493686	6454782	65.34
1990	15-19	0.00096	0.00477	2.68	98676	470	492284	5961096	60.41
1990	20-24	0.00113	0.00564	2.62	98205	554	489707	5468812	55.69
1990	25-29	0.00122	0.00608	2.6	97651	594	486828	4979105	50.99
1990	30-34	0.00141	0.00700	2.63	97057	680	483671	4492277	46.28
1990	35-39	0.00175	0.00870	2.72	96377	839	479973	4008606	41.59
1990	40-44	0.00243	0.01208	2.67	95538	1154	475007	3528633	36.93
1990	45-49	0.00380	0.01883	2.73	94384	1777	467882	3053626	32.35
1990	50-54	0.00663	0.03262	2.65	92607	3021	455924	2585745	27.92
1990	55-59	0.01077	0.05257	2.71	89586	4710	437133	2129820	23.77
1990	60-64	0.01652	0.07950	2.64	84876	6748	408472	1692687	19.94
1990	65-69	0.02495	0.11759	2.57	78129	9187	368285	1284215	16.44
1990	70-74	0.03730	0.17122	2.61	68942	11804	316481	915930	13.29
1990	75-79	0.05503	0.24235	2.54	57137	13847	251657	599450	10.49
1990	80-84	0.08490	0.35061	2.52	43290	15178	178767	347792	8.03
1990	85-89	0.12841	0.48289	2.43	28112	13575	105715	169025	6.01
1990	90-94	0.19940	0.64612	2.28	14537	9393	47104	63310	4.36
1990	95-99	0.29742	0.79149	2.05	5144	4072	13690	16206	3.15
1990	100-104	0.41502	0.89125	1.8	1073	956	2304	2516	2.35
1990	105-109	0.54499	0.94739	1.56	117	111	203	212	1.82
1990	110+	0.65149	1.00000	1.53	6	6	9	9	1.53
1991	0	0.00943	0.00935	0.07	100000	935	99135	7446207	74.46
1991	1-4	0.00058	0.00231	1.69	99065	229	395733	7347072	74.16
1991	5-9	0.00027	0.00137	2.56	98837	135	493855	6951339	70.33
1991	10-14	0.00031	0.00157	2.76	98702	155	493160	6457484	65.42
1991	15-19	0.00086	0.00429	2.71	98546	423	491764	5964324	60.52
1991	20-24	0.00114	0.00567	2.28	98124	556	489106	5472560	55.77
1991	25-29	0.00114	0.00571	2.38	97568	557	486383	4983454	51.08
1991	30-34	0.00141	0.00705	2.61	97011	684	483419	4497071	46.36
1991	35-39	0.00177	0.00879	2.6	96327	847	479604	4013652	41.67
1991	40-44	0.00244	0.01212	2.6	95481	1158	474621	3534049	37.01
1991	45-49	0.00407	0.02017	2.76	94323	1902	467346	3059428	32.44
1991	50-54	0.00633	0.03121	2.74	92421	2884	455592	2592082	28.05
1991	55-59	0.01081	0.05270	2.66	89536	4718	436625	2136490	23.86
1991	60-64	0.01624	0.07816	2.59	84818	6629	408095	1699865	20.04
1991	65-69	0.02497	0.11780	2.61	78189	9210	368888	1291770	16.52
1991	70-74	0.03675	0.16872	2.58	68978	11638	316704	922881	13.38
1991	75-79	0.05314	0.23467	2.51	57341	13456	253239	606178	10.57
1991	80-84	0.08474	0.34989	2.51	43884	15355	181193	352939	8.04
1991	85-89	0.12915	0.48525	2.44	28530	13844	107194	171745	6.02
1991	90-94	0.19751	0.64077	2.26	14686	9410	47645	64551	4.40
1991	95-99	0.29173	0.78462	2.06	5275	4139	14189	16906	3.20
1991	100-104	0.40629	0.88562	1.82	1136	1006	2477	2718	2.39
1991	105-109	0.53385	0.94387	1.58	130	123	230	241	1.86
1991	110+	0.63903	1.00000	1.56	7	7	11	11	1.56
1992	0	0.00874	0.00867	0.07	100000	867	99196	7483777	74.84
1992	1-4	0.00047	0.00190	1.64	99133	188	396089	7384581	74.49
1992	5-9	0.00025	0.00122	2.5	98945	121	494422	6988493	70.63
1992	10-14	0.00027	0.00137	2.88	98824	136	493831	6494071	65.71
1992	15-19	0.00094	0.00471	2.66	98688	464	492351	6000240	60.80
1992	20-24	0.00106	0.00531	2.36	98224	521	489739	5507888	56.07
1992	25-29	0.00107	0.00534	2.54	97702	521	487231	5018149	51.36
1992	30-34	0.00122	0.00609	2.67	97181	592	484521	4530918	46.62
1992	35-39	0.00185	0.00923	2.61	96588	892	480809	4046397	41.89
1992	40-44	0.00264	0.01313	2.63	95697	1257	475501	3565588	37.26
1992	45-49	0.00372	0.01845	2.76	94440	1742	468305	3090087	32.72
1992	50-54	0.00656	0.03231	2.65	92698	2995	456446	2621782	28.28
1992	55-59	0.01004	0.04906	2.7	89703	4400	438386	2165336	24.14
1992	60-64	0.01641	0.07893	2.59	85303	6733	410256	1726950	20.24
1992	65-69	0.02438	0.11518	2.61	78570	9050	371254	1316694	16.76
1992	70-74	0.03540	0.16296	2.57	69521	11329	320046	945440	13.60
1992	75-79	0.05182	0.23012	2.57	58192	13391	258398	625394	10.75
1992	80-84	0.08138	0.33796	2.49	44801	15141	186045	366996	8.19
1992	85-89	0.12393	0.47089	2.45	29660	13966	112695	180952	6.10
1992	90-94	0.19992	0.64661	2.27	15693	10147	50756	68257	4.35
1992	95-99	0.29672	0.79086	2.05	5546	4386	14782	17501	3.16
1992	100-104	0.41513	0.89137	1.8	1160	1034	2491	2720	2.34
1992	105-109	0.54541	0.94752	1.56	126	119	219	229	1.82
1992	110+	0.65187	1.00000	1.53	7	7	10	10	1.53
1993	0	0.00830	0.00823	0.07	100000	823	99235	7451591	74.52
1993	1-4	0.00043	0.00172	1.69	99177	170	396313	7352356	74.13
1993	5-9	0.00022	0.00110	2.78	99006	109	494789	6956043	70.26
1993	10-14	0.00025	0.00125	2.84	98897	124	494219	6461254	65.33
1993	15-19	0.00099	0.00495	2.81	98774	489	492799	5967035	60.41
1993	20-24	0.00099	0.00492	2.62	98285	484	490275	5474236	55.70
1993	25-29	0.00106	0.00529	2.71	97801	517	487822	4983961	50.96
1993	30-34	0.00144	0.00715	2.52	97284	696	484699	4496139	46.22
1993	35-39	0.00180	0.00897	2.68	96588	866	480928	4011441	41.53
1993	40-44	0.00260	0.01294	2.63	95722	1239	475675	3530513	36.88
1993	45-49	0.00420	0.02079	2.67	94483	1964	467833	3054838	32.33
1993	50-54	0.00621	0.03062	2.64	92519	2833	455907	2587005	27.96
1993	55-59	0.01066	0.05198	2.62	89686	4662	437325	2131098	23.76
1993	60-64	0.01706	0.08197	2.61	85024	6970	408430	1693773	19.92
1993	65-69	0.02457	0.11607	2.62	78055	9060	368686	1285343	16.47
1993	70-74	0.03694	0.16960	2.59	68995	11701	316731	916657	13.29
1993	75-79	0.05447	0.24067	2.58	57293	13789	253162	599926	10.47
1993	80-84	0.08402	0.34696	2.49	43504	15094	179646	346763	7.97
1993	85-89	0.13401	0.49716	2.41	28410	14125	105403	167117	5.88
1993	90-94	0.20036	0.64866	2.28	14286	9266	46250	61715	4.32
1993	95-99	0.30474	0.80024	2.03	5019	4017	13180	15465	3.08
1993	100-104	0.42795	0.89928	1.78	1003	902	2107	2285	2.28
1993	105-109	0.56313	0.95275	1.53	101	96	171	178	1.76
1993	110+	0.67275	1.00000	1.49	5	5	7	7	1.49
1994	0	0.00817	0.00811	0.07	100000	811	99247	7464613	74.65
1994	1-4	0.00045	0.00178	1.8	99189	177	396368	7365366	74.26
1994	5-9	0.00020	0.00098	2.04	99012	97	494776	6968998	70.39
1994	10-14	0.00021	0.00107	3.13	98916	106	494381	6474222	65.45
1994	15-19	0.00084	0.00417	2.8	98810	412	493142	5979841	60.52
1994	20-24	0.00100	0.00500	2.55	98398	492	490783	5486699	55.76
1994	25-29	0.00105	0.00521	2.45	97906	511	488228	4995917	51.03
1994	30-34	0.00152	0.00758	2.54	97396	738	485160	4507688	46.28
1994	35-39	0.00190	0.00943	2.6	96658	912	481103	4022528	41.62
1994	40-44	0.00242	0.01204	2.63	95746	1153	475999	3541425	36.99
1994	45-49	0.00394	0.01952	2.71	94592	1846	468738	3065426	32.41
1994	50-54	0.00643	0.03169	2.73	92746	2939	457046	2596688	28.00
1994	55-59	0.01065	0.05198	2.73	89807	4668	438453	2139642	23.82
1994	60-64	0.01644	0.07907	2.61	85139	6732	409612	1701189	19.98
1994	65-69	0.02442	0.11535	2.6	78407	9044	370367	1291577	16.47
1994	70-74	0.03674	0.16879	2.6	69363	11708	318672	921210	13.28
1994	75-79	0.05414	0.23873	2.53	57655	13764	254239	602538	10.45
1994	80-84	0.08518	0.35207	2.54	43892	15453	181406	348298	7.94
1994	85-89	0.13218	0.49086	2.38	28439	13960	105611	166892	5.87
1994	90-94	0.20787	0.66558	2.3	14479	9637	46361	61281	4.23
1994	95-99	0.30513	0.80025	2.03	4842	3875	12699	14920	3.08
1994	100-104	0.42469	0.89700	1.78	967	868	2043	2221	2.30
1994	105-109	0.55521	0.95032	1.54	100	95	171	178	1.79
1994	110+	0.66130	1.00000	1.51	5	5	7	7	1.51
1995	0	0.00781	0.00775	0.07	100000	775	99279	7478599	74.79
1995	1-4	0.00048	0.00191	1.81	99225	189	396484	7379320	74.37
1995	5-9	0.00017	0.00083	2.5	99035	82	494971	6982836	70.51
1995	10-14	0.00025	0.00127	3.08	98953	126	494524	6487865	65.57
1995	15-19	0.00089	0.00445	2.64	98827	440	493098	5993341	60.64
1995	20-24	0.00095	0.00476	2.42	98388	469	490730	5500243	55.90
1995	25-29	0.00111	0.00555	2.57	97919	544	488272	5009513	51.16
1995	30-34	0.00156	0.00775	2.61	97376	755	485071	4521241	46.43
1995	35-39	0.00181	0.00899	2.64	96621	869	481051	4036170	41.77
1995	40-44	0.00263	0.01306	2.74	95752	1251	475928	3555119	37.13
1995	45-49	0.00402	0.01994	2.69	94501	1884	468151	3079191	32.58
1995	50-54	0.00638	0.03143	2.67	92617	2911	456308	2611039	28.19
1995	55-59	0.01024	0.05001	2.66	89706	4486	438029	2154731	24.02
1995	60-64	0.01578	0.07605	2.64	85220	6481	410799	1716702	20.14
1995	65-69	0.02373	0.11224	2.6	78739	8838	372514	1305903	16.59
1995	70-74	0.03669	0.16844	2.57	69901	11774	320891	933389	13.35
1995	75-79	0.05456	0.24075	2.56	58127	13994	256504	612498	10.54
1995	80-84	0.08279	0.34326	2.51	44133	15149	182989	355994	8.07
1995	85-89	0.12959	0.48709	2.45	28984	14118	108946	173005	5.97
1995	90-94	0.20163	0.64957	2.26	14866	9657	47892	64059	4.31
1995	95-99	0.30243	0.79748	2.04	5209	4154	13737	16167	3.10
1995	100-104	0.42322	0.89632	1.78	1055	946	2234	2430	2.30
1995	105-109	0.55540	0.95047	1.54	109	104	187	195	1.79
1995	110+	0.66284	1.00000	1.51	5	5	8	8	1.51
1996	0	0.00770	0.00765	0.07	100000	765	99289	7498112	74.98
1996	1-4	0.00036	0.00145	1.58	99235	144	396592	7398823	74.56
1996	5-9	0.00025	0.00122	2.53	99091	121	495155	7002231	70.66
1996	10-14	0.00021	0.00103	2.85	98970	102	494630	6507076	65.75
1996	15-19	0.00091	0.00456	2.81	98868	451	493352	6012446	60.81
1996	20-24	0.00086	0.00430	2.55	98417	423	491049	5519094	56.08
1996	25-29	0.00111	0.00555	2.58	97994	544	488656	5028044	51.31
1996	30-34	0.00135	0.00674	2.65	97451	656	485709	4539388	46.58
1996	35-39	0.00180	0.00895	2.69	96794	866	481968	4053679	41.88
1996	40-44	0.00255	0.01269	2.63	95928	1217	476751	3571710	37.23
1996	45-49	0.00390	0.01931	2.66	94711	1829	469265	3094959	32.68
1996	50-54	0.00622	0.03064	2.68	92882	2846	457813	2625694	28.27
1996	55-59	0.01004	0.04904	2.63	90035	4415	439711	2167881	24.08
1996	60-64	0.01673	0.08050	2.66	85620	6892	411981	1728171	20.18
1996	65-69	0.02329	0.11035	2.63	78728	8688	373084	1316190	16.72
1996	70-74	0.03605	0.16594	2.61	70040	11622	322416	943106	13.47
1996	75-79	0.05247	0.23275	2.58	58418	13597	259149	620689	10.62
1996	80-84	0.08242	0.34320	2.56	44821	15383	186629	361541	8.07
1996	85-89	0.13123	0.49009	2.42	29439	14428	109942	174912	5.94
1996	90-94	0.20008	0.64710	2.27	15011	9714	48549	64970	4.33
1996	95-99	0.30251	0.79791	2.04	5297	4227	13973	16421	3.10
1996	100-104	0.42636	0.89848	1.78	1071	962	2256	2448	2.29
1996	105-109	0.56240	0.95261	1.53	109	104	184	192	1.76
1996	110+	0.67279	1.00000	1.49	5	5	8	8	1.49
1997	0	0.00748	0.00743	0.07	100000	743	99309	7502980	75.03
1997	1-4	0.00037	0.00147	1.69	99257	146	396693	7403671	74.59
1997	5-9	0.00027	0.00136	2.37	99112	135	495203	7006978	70.70
1997	10-14	0.00024	0.00118	2.61	98976	117	494603	6511775	65.79
1997	15-19	0.00086	0.00431	2.97	98860	426	493432	6017172	60.87
1997	20-24	0.00101	0.00504	2.58	98434	496	490969	5523739	56.12
1997	25-29	0.00105	0.00523	2.45	97938	512	488382	5032770	51.39
1997	30-34	0.00130	0.00650	2.64	97426	633	485632	4544388	46.64
1997	35-39	0.00180	0.00898	2.61	96792	869	481886	4058756	41.93
1997	40-44	0.00237	0.01179	2.64	95923	1131	476940	3576869	37.29
1997	45-49	0.00378	0.01873	2.69	94792	1776	469858	3099929	32.70
1997	50-54	0.00642	0.03162	2.69	93016	2941	458287	2630072	28.28
1997	55-59	0.00946	0.04627	2.68	90075	4168	440720	2171785	24.11
1997	60-64	0.01571	0.07583	2.71	85907	6514	414616	1731065	20.15
1997	65-69	0.02352	0.11128	2.59	79393	8835	375645	1316449	16.58
1997	70-74	0.03637	0.16715	2.58	70558	11794	324297	940804	13.33
1997	75-79	0.05324	0.23545	2.55	58764	13836	259882	616508	10.49
1997	80-84	0.08390	0.34751	2.53	44928	15613	186088	356626	7.94
1997	85-89	0.13386	0.49756	2.42	29315	14586	108963	170537	5.82
1997	90-94	0.20903	0.66165	2.23	14729	9746	46624	61575	4.18
1997	95-99	0.31434	0.81068	2.01	4984	4040	12853	14951	3.00
1997	100-104	0.43953	0.90555	1.75	944	854	1944	2098	2.22
1997	105-109	0.57413	0.95551	1.51	89	85	148	154	1.73
1997	110+	0.68202	1.00000	1.47	4	4	6	6	1.47
1998	0	0.00784	0.00778	0.07	100000	778	99277	7528321	75.28
1998	1-4	0.00039	0.00158	1.6	99222	157	396512	7429044	74.87
1998	5-9	0.00020	0.00101	2.31	99065	100	495059	7032533	70.99
1998	10-14	0.00022	0.00108	2.74	98966	106	494588	6537474	66.06
1998	15-19	0.00078	0.00387	2.88	98859	383	493486	6042886	61.13
1998	20-24	0.00093	0.00464	2.61	98476	457	491291	5549401	56.35
1998	25-29	0.00106	0.00528	2.51	98020	517	488810	5058110	51.60
1998	30-34	0.00133	0.00662	2.61	97502	646	485965	4569300	46.86
1998	35-39	0.00177	0.00883	2.66	96857	855	482286	4083335	42.16
1998	40-44	0.00253	0.01256	2.7	96002	1206	477232	3601049	37.51
1998	45-49	0.00370	0.01832	2.64	94796	1737	469873	3123817	32.95
1998	50-54	0.00574	0.02832	2.67	93059	2635	459164	2653944	28.52
1998	55-59	0.00947	0.04634	2.7	90424	4190	442482	2194779	24.27
1998	60-64	0.01468	0.07096	2.67	86233	6119	416938	1752297	20.32
1998	65-69	0.02335	0.11051	2.58	80114	8854	379126	1335360	16.67
1998	70-74	0.03590	0.16529	2.61	71260	11779	328107	956234	13.42
1998	75-79	0.05248	0.23274	2.57	59482	13844	263768	628128	10.56
1998	80-84	0.08226	0.34220	2.55	45638	15617	189854	364359	7.98
1998	85-89	0.13252	0.49384	2.42	30021	14825	111869	174505	5.81
1998	90-94	0.21295	0.67312	2.27	15196	10228	48033	62636	4.12
1998	95-99	0.32098	0.81848	2.01	4967	4065	12666	14603	2.94
1998	100-104	0.45567	0.91456	1.73	902	825	1810	1937	2.15
1998	105-109	0.59976	0.96194	1.47	77	74	124	128	1.66
1998	110+	0.71332	1.00000	1.4	3	3	4	4	1.40
1999	0	0.00778	0.00772	0.07	100000	772	99282	7509605	75.10
1999	1-4	0.00028	0.00111	1.58	99228	110	396644	7410324	74.68
1999	5-9	0.00019	0.00097	2.34	99118	96	495332	7013679	70.76
1999	10-14	0.00024	0.00120	2.74	99022	119	494839	6518347	65.83
1999	15-19	0.00079	0.00394	2.92	98903	390	493703	6023508	60.90
1999	20-24	0.00081	0.00406	2.51	98513	400	491569	5529805	56.13
1999	25-29	0.00098	0.00491	2.56	98113	482	489387	5038237	51.35
1999	30-34	0.00129	0.00644	2.62	97631	629	486658	4548850	46.59
1999	35-39	0.00174	0.00865	2.64	97003	839	483034	4062192	41.88
1999	40-44	0.00259	0.01286	2.58	96163	1236	477827	3579158	37.22
1999	45-49	0.00378	0.01872	2.67	94927	1777	470502	3101330	32.67
1999	50-54	0.00593	0.02925	2.68	93151	2724	459433	2630828	28.24
1999	55-59	0.00988	0.04831	2.7	90426	4369	442083	2171395	24.01
1999	60-64	0.01541	0.07436	2.65	86058	6400	415224	1729312	20.09
1999	65-69	0.02340	0.11079	2.61	79658	8826	377226	1314088	16.50
1999	70-74	0.03514	0.16216	2.62	70833	11486	326850	936862	13.23
1999	75-79	0.05473	0.24167	2.58	59346	14342	262048	610011	10.28
1999	80-84	0.08588	0.35430	2.53	45004	15945	185664	347963	7.73
1999	85-89	0.13855	0.51061	2.43	29059	14838	107094	162299	5.59
1999	90-94	0.23066	0.70330	2.23	14221	10002	43363	55205	3.88
1999	95-99	0.33860	0.83553	1.97	4219	3525	10412	11842	2.81
1999	100-104	0.47644	0.92399	1.69	694	641	1346	1430	2.06
1999	105-109	0.62033	0.96608	1.44	53	51	82	85	1.60
1999	110+	0.73168	1.00000	1.37	2	2	2	2	1.37
2000	0	0.00752	0.00747	0.07	100000	747	99305	7508050	75.08
2000	1-4	0.00035	0.00141	1.5	99253	140	396662	7408746	74.65
2000	5-9	0.00016	0.00079	2.61	99113	78	495378	7012083	70.75
2000	10-14	0.00022	0.00111	3.02	99035	110	494958	6516705	65.80
2000	15-19	0.00081	0.00406	2.91	98925	401	493789	6021747	60.87
2000	20-24	0.00108	0.00538	2.62	98524	530	491357	5527957	56.11
2000	25-29	0.00116	0.00577	2.59	97994	565	488609	5036600	51.40
2000	30-34	0.00127	0.00635	2.66	97429	619	485697	4547991	46.68
2000	35-39	0.00175	0.00870	2.81	96810	842	482210	4062295	41.96
2000	40-44	0.00277	0.01378	2.68	95968	1323	476768	3580085	37.30
2000	45-49	0.00390	0.01934	2.65	94646	1830	468927	3103316	32.79
2000	50-54	0.00589	0.02906	2.64	92816	2697	457699	2634389	28.38
2000	55-59	0.00931	0.04556	2.66	90118	4106	440993	2176690	24.15
2000	60-64	0.01501	0.07247	2.64	86012	6233	415368	1735698	20.18
2000	65-69	0.02335	0.11057	2.61	79779	8821	377786	1320330	16.55
2000	70-74	0.03488	0.16089	2.59	70958	11417	327327	942544	13.28
2000	75-79	0.05427	0.23917	2.52	59541	14241	262428	615217	10.33
2000	80-84	0.08428	0.34850	2.52	45301	15787	187330	352789	7.79
2000	85-89	0.13919	0.51266	2.43	29513	15130	108706	165459	5.61
2000	90-94	0.22385	0.69340	2.26	14383	9973	44553	56754	3.95
2000	95-99	0.34396	0.84077	1.96	4410	3708	10779	12200	2.77
2000	100-104	0.48579	0.92815	1.67	702	652	1342	1421	2.02
2000	105-109	0.63240	0.96843	1.42	50	49	77	79	1.57
2000	110+	0.74447	1.00000	1.34	2	2	2	2	1.34
2001	0	0.00603	0.00599	0.07	100000	599	99440	7512220	75.12
2001	1-4	0.00038	0.00154	1.57	99401	153	397232	7412780	74.57
2001	5-9	0.00021	0.00105	2.49	99248	105	495978	7015549	70.69
2001	10-14	0.00023	0.00117	2.49	99144	116	495427	6519570	65.76
2001	15-19	0.00071	0.00356	2.89	99028	352	494396	6024143	60.83
2001	20-24	0.00104	0.00517	2.49	98675	510	492096	5529746	56.04
2001	25-29	0.00118	0.00587	2.52	98165	576	489395	5037650	51.32
2001	30-34	0.00136	0.00677	2.65	97589	661	486391	4548255	46.61
2001	35-39	0.00191	0.00950	2.61	96928	921	482440	4061864	41.91
2001	40-44	0.00287	0.01424	2.62	96007	1367	476778	3579424	37.28
2001	45-49	0.00413	0.02043	2.63	94639	1933	468618	3102646	32.78
2001	50-54	0.00608	0.02998	2.66	92706	2779	457029	2634028	28.41
2001	55-59	0.00977	0.04774	2.66	89926	4293	439574	2176999	24.21
2001	60-64	0.01469	0.07095	2.62	85633	6075	413688	1737425	20.29
2001	65-69	0.02305	0.10932	2.64	79558	8697	377266	1323736	16.64
2001	70-74	0.03426	0.15824	2.59	70861	11213	327316	946470	13.36
2001	75-79	0.05258	0.23316	2.57	59648	13908	264510	619155	10.38
2001	80-84	0.08582	0.35416	2.53	45740	16199	188752	354645	7.75
2001	85-89	0.13954	0.51294	2.42	29541	15152	108589	165893	5.62
2001	90-94	0.22168	0.68879	2.25	14388	9910	44707	57304	3.98
2001	95-99	0.33764	0.83470	1.97	4478	3738	11070	12597	2.81
2001	100-104	0.47588	0.92380	1.69	740	684	1437	1527	2.06
2001	105-109	0.62032	0.96610	1.44	56	54	88	90	1.60
2001	110+	0.73202	1.00000	1.37	2	2	3	3	1.37
2002	0	0.00731	0.00726	0.07	100000	726	99324	7491494	74.91
2002	1-4	0.00034	0.00137	1.41	99274	136	396744	7392170	74.46
2002	5-9	0.00015	0.00076	2.06	99138	75	495469	6995426	70.56
2002	10-14	0.00021	0.00104	3.11	99063	103	495120	6499956	65.61
2002	15-19	0.00083	0.00416	2.89	98960	412	493931	6004836	60.68
2002	20-24	0.00106	0.00530	2.47	98548	523	491420	5510905	55.92
2002	25-29	0.00119	0.00595	2.56	98026	583	488707	5019485	51.21
2002	30-34	0.00152	0.00759	2.58	97443	740	485420	4530778	46.50
2002	35-39	0.00191	0.00953	2.71	96703	922	481402	4045358	41.83
2002	40-44	0.00298	0.01480	2.6	95781	1418	475497	3563957	37.21
2002	45-49	0.00410	0.02029	2.69	94363	1915	467396	3088460	32.73
2002	50-54	0.00598	0.02951	2.7	92449	2728	455975	2621064	28.35
2002	55-59	0.00971	0.04743	2.61	89720	4255	438451	2165089	24.13
2002	60-64	0.01513	0.07306	2.68	85465	6244	412819	1726639	20.20
2002	65-69	0.02339	0.11082	2.64	79221	8779	375355	1313820	16.58
2002	70-74	0.03434	0.15857	2.59	70442	11170	325267	938465	13.32
2002	75-79	0.05267	0.23360	2.58	59272	13846	262900	613198	10.35
2002	80-84	0.08591	0.35403	2.52	45426	16082	187202	350298	7.71
2002	85-89	0.14005	0.51481	2.43	29344	15106	107868	163096	5.56
2002	90-94	0.23158	0.70935	2.27	14237	10099	43609	55227	3.88
2002	95-99	0.33871	0.83533	1.97	4138	3457	10206	11618	2.81
2002	100-104	0.47373	0.92253	1.69	681	629	1327	1412	2.07
2002	105-109	0.61411	0.96470	1.45	53	51	83	86	1.62
2002	110+	0.72309	1.00000	1.38	2	2	3	3	1.38
2003	0	0.00703	0.00698	0.07	100000	698	99349	7510966	75.11
2003	1-4	0.00039	0.00157	1.55	99302	156	396824	7411617	74.64
2003	5-9	0.00015	0.00076	2.53	99146	75	495542	7014793	70.75
2003	10-14	0.00024	0.00122	2.79	99071	120	495088	6519250	65.80
2003	15-19	0.00074	0.00368	2.82	98950	365	493955	6024162	60.88
2003	20-24	0.00118	0.00587	2.49	98586	578	491474	5530208	56.10
2003	25-29	0.00142	0.00709	2.52	98007	695	488316	5038733	51.41
2003	30-34	0.00152	0.00756	2.53	97313	736	484749	4550418	46.76
2003	35-39	0.00201	0.00998	2.63	96577	964	480599	4065669	42.10
2003	40-44	0.00301	0.01495	2.64	95613	1430	474698	3585070	37.50
2003	45-49	0.00424	0.02100	2.6	94184	1978	466174	3110372	33.02
2003	50-54	0.00585	0.02885	2.58	92206	2660	454589	2644198	28.68
2003	55-59	0.00930	0.04552	2.68	89545	4076	438259	2189609	24.45
2003	60-64	0.01487	0.07186	2.67	85469	6142	413041	1751350	20.49
2003	65-69	0.02172	0.10322	2.6	79327	8188	377023	1338309	16.87
2003	70-74	0.03331	0.15432	2.62	71139	10979	329595	961286	13.51
2003	75-79	0.05215	0.23129	2.56	60161	13915	266835	631691	10.50
2003	80-84	0.08218	0.34197	2.55	46246	15815	192439	364856	7.89
2003	85-89	0.13632	0.50395	2.41	30431	15336	112501	172416	5.67
2003	90-94	0.22213	0.68922	2.25	15095	10404	46838	59916	3.97
2003	95-99	0.34091	0.83819	1.97	4691	3932	11534	13077	2.79
2003	100-104	0.48345	0.92727	1.68	759	704	1456	1543	2.03
2003	105-109	0.63093	0.96819	1.42	55	53	85	87	1.58
2003	110+	0.74364	1.00000	1.34	2	2	2	2	1.34
2004	0	0.00688	0.00684	0.07	100000	684	99362	7558934	75.59
2004	1-4	0.00038	0.00150	1.52	99316	149	396894	7459571	75.11
2004	5-9	0.00015	0.00076	2.51	99167	75	495649	7062677	71.22
2004	10-14	0.00021	0.00106	3.04	99092	105	495255	6567028	66.27
2004	15-19	0.00094	0.00468	3.01	98987	463	494016	6071773	61.34
2004	20-24	0.00115	0.00572	2.47	98524	563	491196	5577756	56.61
2004	25-29	0.00142	0.00706	2.39	97961	691	488001	5086560	51.92
2004	30-34	0.00148	0.00739	2.6	97270	718	484627	4598559	47.28
2004	35-39	0.00200	0.00994	2.73	96551	960	480573	4113932	42.61
2004	40-44	0.00287	0.01426	2.63	95591	1364	474727	3633359	38.01
2004	45-49	0.00434	0.02147	2.65	94228	2023	466390	3158631	33.52
2004	50-54	0.00595	0.02935	2.6	92204	2706	454534	2692241	29.20
2004	55-59	0.00888	0.04350	2.68	89498	3893	438447	2237707	25.00
2004	60-64	0.01359	0.06582	2.64	85604	5635	414724	1799260	21.02
2004	65-69	0.02111	0.10037	2.56	79970	8026	380261	1384536	17.31
2004	70-74	0.03206	0.14877	2.58	71943	10703	333844	1004275	13.96
2004	75-79	0.04891	0.21868	2.58	61240	13392	273833	670431	10.95
2004	80-84	0.07533	0.31776	2.54	47848	15204	201836	396598	8.29
2004	85-89	0.12700	0.47906	2.44	32644	15639	123143	194762	5.97
2004	90-94	0.20685	0.66296	2.29	17006	11274	54502	71619	4.21
2004	95-99	0.31507	0.81266	2.02	5731	4658	14783	17116	2.99
2004	100-104	0.45012	0.91190	1.74	1074	979	2175	2333	2.17
2004	105-109	0.59451	0.96079	1.48	95	91	153	158	1.67
2004	110+	0.70840	1.00000	1.41	4	4	5	5	1.41
2005	0	0.00675	0.00671	0.07	100000	671	99374	7545003	75.45
2005	1-4	0.00041	0.00162	1.47	99329	161	396908	7445629	74.96
2005	5-9	0.00015	0.00077	2.13	99168	77	495618	7048720	71.08
2005	10-14	0.00021	0.00106	2.72	99091	105	495216	6553102	66.13
2005	15-19	0.00082	0.00408	3.04	98986	404	494138	6057886	61.20
2005	20-24	0.00115	0.00574	2.41	98582	566	491447	5563748	56.44
2005	25-29	0.00136	0.00678	2.57	98017	665	488466	5072301	51.75
2005	30-34	0.00148	0.00740	2.55	97352	720	484997	4583835	47.09
2005	35-39	0.00193	0.00961	2.7	96632	929	481023	4098838	42.42
2005	40-44	0.00305	0.01515	2.76	95703	1450	475264	3617815	37.80
2005	45-49	0.00420	0.02081	2.64	94253	1961	466639	3142552	33.34
2005	50-54	0.00614	0.03024	2.66	92291	2791	454920	2675913	28.99
2005	55-59	0.00869	0.04257	2.63	89500	3810	438466	2220993	24.82
2005	60-64	0.01435	0.06941	2.66	85690	5947	414514	1782527	20.80
2005	65-69	0.02086	0.09936	2.63	79743	7923	379910	1368013	17.16
2005	70-74	0.03258	0.15095	2.57	71820	10841	332733	988103	13.76
2005	75-79	0.04927	0.21996	2.56	60978	13413	272218	655370	10.75
2005	80-84	0.07929	0.33104	2.51	47566	15746	198584	383152	8.06
2005	85-89	0.13280	0.49477	2.42	31820	15744	118554	184568	5.80
2005	90-94	0.21389	0.67204	2.24	16076	10804	50511	66014	4.11
2005	95-99	0.32102	0.81845	2.01	5272	4315	13442	15503	2.94
2005	100-104	0.45471	0.91393	1.73	957	875	1924	2061	2.15
2005	105-109	0.59688	0.96120	1.47	82	79	133	137	1.67
2005	110+	0.70882	1.00000	1.41	3	3	5	5	1.41
2006	0	0.00775	0.00770	0.07	100000	770	99284	7559482	75.59
2006	1-4	0.00034	0.00138	1.84	99230	137	396627	7460197	75.18
2006	5-9	0.00016	0.00082	2.27	99094	81	495248	7063571	71.28
2006	10-14	0.00015	0.00077	2.77	99013	76	494894	6568323	66.34
2006	15-19	0.00073	0.00364	3	98937	360	493963	6073429	61.39
2006	20-24	0.00121	0.00602	2.43	98577	593	491359	5579466	56.60
2006	25-29	0.00146	0.00727	2.54	97983	712	488166	5088107	51.93
2006	30-34	0.00175	0.00869	2.53	97272	845	484269	4599941	47.29
2006	35-39	0.00204	0.01017	2.68	96426	980	479862	4115672	42.68
2006	40-44	0.00292	0.01451	2.64	95446	1385	473968	3635811	38.09
2006	45-49	0.00431	0.02132	2.61	94061	2006	465520	3161842	33.61
2006	50-54	0.00602	0.02965	2.63	92056	2730	453818	2696322	29.29
2006	55-59	0.00866	0.04244	2.67	89326	3791	437798	2242504	25.10
2006	60-64	0.01326	0.06431	2.68	85535	5500	414896	1804706	21.10
2006	65-69	0.02111	0.10047	2.61	80034	8041	380935	1389810	17.37
2006	70-74	0.03065	0.14287	2.63	71993	10286	335565	1008874	14.01
2006	75-79	0.04758	0.21339	2.59	61707	13168	276755	673309	10.91
2006	80-84	0.07778	0.32713	2.57	48540	15879	204148	396554	8.17
2006	85-89	0.12851	0.48408	2.45	32661	15811	123032	192406	5.89
2006	90-94	0.21306	0.67176	2.25	16850	11319	53129	69374	4.12
2006	95-99	0.32123	0.81895	2.01	5531	4530	14101	16246	2.94
2006	100-104	0.45718	0.91531	1.72	1001	917	2005	2145	2.14
2006	105-109	0.60142	0.96228	1.47	85	82	136	140	1.65
2006	110+	0.71452	1.00000	1.4	3	3	4	4	1.40
2007	0	0.00689	0.00684	0.07	100000	684	99362	7589053	75.89
2007	1-4	0.00029	0.00116	1.62	99316	115	396988	7489691	75.41
2007	5-9	0.00014	0.00070	2.25	99200	70	495810	7092704	71.50
2007	10-14	0.00023	0.00115	2.53	99131	114	495373	6596893	66.55
2007	15-19	0.00071	0.00353	2.96	99017	350	494371	6101520	61.62
2007	20-24	0.00109	0.00543	2.75	98667	536	492129	5607149	56.83
2007	25-29	0.00148	0.00737	2.65	98132	723	488956	5115020	52.12
2007	30-34	0.00150	0.00749	2.43	97409	730	485165	4626063	47.49
2007	35-39	0.00194	0.00965	2.59	96679	932	481146	4140898	42.83
2007	40-44	0.00308	0.01528	2.62	95747	1463	475254	3659752	38.22
2007	45-49	0.00403	0.01997	2.64	94283	1883	466966	3184498	33.78
2007	50-54	0.00615	0.03031	2.57	92400	2800	455205	2717532	29.41
2007	55-59	0.00887	0.04345	2.65	89600	3893	438832	2262327	25.25
2007	60-64	0.01316	0.06387	2.68	85707	5474	415846	1823495	21.28
2007	65-69	0.02058	0.09806	2.61	80232	7868	382386	1407649	17.54
2007	70-74	0.03045	0.14205	2.64	72364	10280	337567	1025263	14.17
2007	75-79	0.04645	0.20908	2.62	62085	12981	279472	687696	11.08
2007	80-84	0.07590	0.32041	2.57	49104	15734	207306	408224	8.31
2007	85-89	0.12378	0.46990	2.44	33371	15681	126684	200918	6.02
2007	90-94	0.20716	0.66100	2.26	17690	11693	56444	74233	4.20
2007	95-99	0.31742	0.81524	2.02	5997	4889	15402	17790	2.97
2007	100-104	0.45415	0.91399	1.73	1108	1013	2230	2388	2.16
2007	105-109	0.59981	0.96200	1.47	95	92	153	158	1.66
2007	110+	0.71417	1.00000	1.4	4	4	5	5	1.40
2008	0	0.00698	0.00693	0.07	100000	693	99354	7584943	75.85
2008	1-4	0.00030	0.00122	1.67	99307	121	396947	7485589	75.38
2008	5-9	0.00016	0.00081	2.59	99186	80	495739	7088643	71.47
2008	10-14	0.00021	0.00106	2.99	99106	105	495321	6592904	66.52
2008	15-19	0.00061	0.00303	2.7	99001	300	494316	6097583	61.59
2008	20-24	0.00099	0.00494	2.54	98701	487	492307	5603267	56.77
2008	25-29	0.00125	0.00625	2.58	98214	614	489588	5110960	52.04
2008	30-34	0.00158	0.00784	2.41	97600	766	486020	4621373	47.35
2008	35-39	0.00190	0.00945	2.61	96835	915	481989	4135353	42.71
2008	40-44	0.00292	0.01452	2.73	95920	1393	476436	3653364	38.09
2008	45-49	0.00444	0.02196	2.59	94527	2075	467641	3176928	33.61
2008	50-54	0.00635	0.03127	2.56	92451	2891	455192	2709288	29.31
2008	55-59	0.00855	0.04188	2.63	89560	3751	438927	2254096	25.17
2008	60-64	0.01327	0.06431	2.61	85809	5519	415845	1815169	21.15
2008	65-69	0.02074	0.09887	2.65	80290	7938	382815	1399324	17.43
2008	70-74	0.03073	0.14318	2.62	72352	10359	337112	1016508	14.05
2008	75-79	0.04715	0.21158	2.58	61993	13117	278192	679396	10.96
2008	80-84	0.07656	0.32274	2.57	48876	15774	206042	401205	8.21
2008	85-89	0.12702	0.48045	2.47	33102	15904	125206	195162	5.90
2008	90-94	0.21591	0.68078	2.29	17198	11708	54226	69957	4.07
2008	95-99	0.33024	0.82834	1.99	5490	4548	13770	15731	2.87
2008	100-104	0.47165	0.92225	1.7	942	869	1843	1960	2.08
2008	105-109	0.61912	0.96598	1.44	73	71	114	118	1.61
2008	110+	0.73272	1.00000	1.36	2	2	3	3	1.36
2009	0	0.00703	0.00698	0.07	100000	698	99349	7582232	75.82
2009	1-4	0.00034	0.00136	1.88	99302	136	396920	7482883	75.35
2009	5-9	0.00015	0.00073	2.79	99166	72	495672	7085963	71.46
2009	10-14	0.00018	0.00092	2.6	99094	91	495252	6590291	66.51
2009	15-19	0.00060	0.00298	3	99003	295	494427	6095039	61.56
2009	20-24	0.00109	0.00544	2.57	98709	537	492236	5600612	56.74
2009	25-29	0.00132	0.00658	2.61	98171	646	489309	5108376	52.04
2009	30-34	0.00159	0.00792	2.56	97525	772	485743	4619067	47.36
2009	35-39	0.00206	0.01027	2.59	96753	993	481370	4133324	42.72
2009	40-44	0.00299	0.01483	2.71	95759	1420	475543	3651954	38.14
2009	45-49	0.00447	0.02212	2.63	94340	2086	466762	3176410	33.67
2009	50-54	0.00677	0.03332	2.64	92253	3074	454025	2709648	29.37
2009	55-59	0.00920	0.04502	2.61	89179	4015	436299	2255623	25.29
2009	60-64	0.01364	0.06612	2.71	85164	5631	412932	1819323	21.36
2009	65-69	0.02038	0.09717	2.6	79534	7728	379113	1406391	17.68
2009	70-74	0.03066	0.14282	2.61	71806	10256	334483	1027278	14.31
2009	75-79	0.04554	0.20531	2.6	61550	12637	277480	692794	11.26
2009	80-84	0.07241	0.30757	2.55	48914	15044	207756	415314	8.49
2009	85-89	0.12130	0.46423	2.47	33869	15723	129627	207559	6.13
2009	90-94	0.20012	0.64759	2.28	18146	11751	58720	77932	4.29
2009	95-99	0.31249	0.81048	2.03	6395	5183	16586	19212	3.00
2009	100-104	0.45137	0.91292	1.74	1212	1106	2451	2626	2.17
2009	105-109	0.60003	0.96220	1.47	106	102	169	175	1.66
2009	110+	0.71668	1.00000	1.4	4	4	6	6	1.40
2010	0	0.00683	0.00679	0.07	100000	679	99367	7586282	75.86
2010	1-4	0.00033	0.00131	1.7	99321	130	396987	7486915	75.38
2010	5-9	0.00017	0.00083	2.67	99192	83	495766	7089928	71.48
2010	10-14	0.00019	0.00093	2.83	99109	93	495344	6594163	66.53
2010	15-19	0.00060	0.00302	2.78	99016	299	494417	6098819	61.59
2010	20-24	0.00096	0.00481	2.55	98717	475	492427	5604401	56.77
2010	25-29	0.00131	0.00654	2.53	98243	642	489631	5111974	52.03
2010	30-34	0.00179	0.00889	2.56	97601	868	485884	4622343	47.36
2010	35-39	0.00212	0.01056	2.65	96733	1022	481261	4136459	42.76
2010	40-44	0.00276	0.01372	2.64	95711	1313	475461	3655197	38.19
2010	45-49	0.00470	0.02324	2.59	94398	2194	466701	3179736	33.68
2010	50-54	0.00664	0.03267	2.59	92205	3012	453774	2713035	29.42
2010	55-59	0.00916	0.04484	2.6	89192	3999	436362	2259260	25.33
2010	60-64	0.01298	0.06300	2.65	85193	5367	413338	1822899	21.40
2010	65-69	0.02031	0.09688	2.62	79826	7733	380717	1409561	17.66
2010	70-74	0.03022	0.14098	2.63	72093	10164	336363	1028843	14.27
2010	75-79	0.04689	0.21006	2.52	61929	13009	277446	692480	11.18
2010	80-84	0.07183	0.30578	2.57	48920	14959	208254	415034	8.48
2010	85-89	0.12267	0.46629	2.43	33961	15836	129097	206780	6.09
2010	90-94	0.20239	0.65543	2.31	18125	11880	58699	77683	4.29
2010	95-99	0.30847	0.80588	2.04	6246	5033	16316	18984	3.04
2010	100-104	0.44405	0.90899	1.75	1212	1102	2482	2668	2.20
2010	105-109	0.58992	0.95985	1.49	110	106	180	186	1.68
2010	110+	0.70534	1.00000	1.42	4	4	6	6	1.42
2011	0	0.00635	0.00631	0.07	100000	631	99410	7594941	75.95
2011	1-4	0.00039	0.00157	1.44	99369	156	397076	7495531	75.43
2011	5-9	0.00011	0.00056	2.29	99213	56	495912	7098455	71.55
2011	10-14	0.00015	0.00077	2.96	99157	77	495628	6602543	66.59
2011	15-19	0.00051	0.00252	3.2	99080	250	494950	6106915	61.64
2011	20-24	0.00101	0.00503	2.67	98830	497	492992	5611965	56.78
2011	25-29	0.00131	0.00653	2.63	98334	642	490150	5118973	52.06
2011	30-34	0.00182	0.00904	2.54	97692	883	486288	4628824	47.38
2011	35-39	0.00226	0.01122	2.61	96808	1086	481445	4142535	42.79
2011	40-44	0.00288	0.01428	2.67	95723	1367	475430	3661090	38.25
2011	45-49	0.00462	0.02287	2.65	94356	2158	466718	3185660	33.76
2011	50-54	0.00687	0.03380	2.63	92198	3116	453600	2718941	29.49
2011	55-59	0.00905	0.04429	2.57	89082	3945	435818	2265341	25.43
2011	60-64	0.01283	0.06229	2.66	85137	5303	413289	1829522	21.49
2011	65-69	0.01968	0.09405	2.65	79833	7509	381549	1416233	17.74
2011	70-74	0.03021	0.14081	2.59	72325	10184	337076	1034684	14.31
2011	75-79	0.04583	0.20621	2.58	62141	12814	279632	697607	11.23
2011	80-84	0.07184	0.30539	2.55	49327	15064	209695	417976	8.47
2011	85-89	0.12336	0.47035	2.48	34263	16116	130636	208281	6.08
2011	90-94	0.20306	0.65608	2.3	18147	11906	58634	77644	4.28
2011	95-99	0.30780	0.80504	2.04	6241	5024	16324	19011	3.05
2011	100-104	0.44238	0.90804	1.75	1217	1105	2498	2687	2.21
2011	105-109	0.58721	0.95917	1.49	112	107	183	189	1.69
2011	110+	0.70195	1.00000	1.42	5	5	7	7	1.42
2012	0	0.00720	0.00715	0.07	100000	715	99333	7579914	75.80
2012	1-4	0.00030	0.00120	1.88	99285	119	396885	7480581	75.34
2012	5-9	0.00016	0.00079	2.53	99165	78	495633	7083696	71.43
2012	10-14	0.00018	0.00089	2.65	99087	89	495226	6588064	66.49
2012	15-19	0.00060	0.00299	2.95	98998	296	494385	6092838	61.54
2012	20-24	0.00109	0.00543	2.54	98702	536	492192	5598453	56.72
2012	25-29	0.00129	0.00643	2.6	98166	631	489315	5106261	52.02
2012	30-34	0.00185	0.00919	2.45	97535	896	485390	4616946	47.34
2012	35-39	0.00224	0.01115	2.58	96639	1077	480589	4131557	42.75
2012	40-44	0.00296	0.01471	2.59	95561	1405	474424	3650968	38.21
2012	45-49	0.00459	0.02270	2.68	94156	2138	465818	3176544	33.74
2012	50-54	0.00688	0.03383	2.58	92018	3113	452551	2710726	29.46
2012	55-59	0.00961	0.04699	2.62	88905	4178	434576	2258175	25.40
2012	60-64	0.01324	0.06415	2.59	84727	5435	410552	1823598	21.52
2012	65-69	0.01977	0.09441	2.63	79292	7486	378711	1413046	17.82
2012	70-74	0.02934	0.13700	2.59	71806	9838	335315	1034336	14.40
2012	75-79	0.04546	0.20492	2.6	61969	12698	279317	699021	11.28
2012	80-84	0.07117	0.30350	2.58	49270	14954	210097	419704	8.52
2012	85-89	0.12308	0.47110	2.51	34316	16167	131352	209607	6.11
2012	90-94	0.19877	0.64472	2.28	18150	11702	58870	78255	4.31
2012	95-99	0.31221	0.81025	2.03	6448	5225	16735	19385	3.01
2012	100-104	0.45152	0.91303	1.74	1224	1117	2474	2650	2.17
2012	105-109	0.60055	0.96232	1.47	106	102	171	176	1.65
2012	110+	0.71737	1.00000	1.39	4	4	6	6	1.39
2013	0	0.00639	0.00635	0.07	100000	635	99407	7618028	76.18
2013	1-4	0.00027	0.00107	1.72	99365	106	397216	7518621	75.67
2013	5-9	0.00012	0.00060	2.21	99259	59	496127	7121405	71.75
2013	10-14	0.00017	0.00086	2.81	99199	85	495811	6625278	66.79
2013	15-19	0.00045	0.00223	3.47	99114	221	495235	6129467	61.84
2013	20-24	0.00091	0.00453	2.59	98894	448	493387	5634232	56.97
2013	25-29	0.00133	0.00663	2.66	98446	652	490700	5140845	52.22
2013	30-34	0.00169	0.00841	2.67	97793	823	487046	4650145	47.55
2013	35-39	0.00212	0.01055	2.58	96971	1023	482380	4163099	42.93
2013	40-44	0.00279	0.01387	2.56	95948	1331	476497	3680719	38.36
2013	45-49	0.00430	0.02127	2.71	94617	2013	468486	3204222	33.87
2013	50-54	0.00667	0.03282	2.63	92605	3039	455820	2735736	29.54
2013	55-59	0.00963	0.04705	2.57	89566	4214	437576	2279915	25.46
2013	60-64	0.01318	0.06389	2.61	85351	5453	413738	1842340	21.59
2013	65-69	0.01925	0.09202	2.61	79898	7352	381893	1428602	17.88
2013	70-74	0.02953	0.13787	2.6	72546	10002	338713	1046709	14.43
2013	75-79	0.04527	0.20401	2.58	62544	12760	281857	707996	11.32
2013	80-84	0.07224	0.30686	2.55	49784	15277	211460	426139	8.56
2013	85-89	0.11736	0.45306	2.49	34507	15634	133219	214679	6.22
2013	90-94	0.19990	0.64764	2.28	18873	12223	61145	81460	4.32
2013	95-99	0.30664	0.80395	2.04	6650	5347	17436	20315	3.05
2013	100-104	0.44230	0.90813	1.76	1304	1184	2677	2879	2.21
2013	105-109	0.58847	0.95953	1.49	120	115	195	202	1.69
2013	110+	0.70418	1.00000	1.42	5	5	7	7	1.42
2014	0	0.00716	0.00711	0.07	100000	711	99338	7586456	75.86
2014	1-4	0.00024	0.00098	1.87	99289	97	396949	7487119	75.41
2014	5-9	0.00017	0.00087	2.25	99192	86	495723	7090169	71.48
2014	10-14	0.00016	0.00082	2.93	99106	82	495361	6594447	66.54
2014	15-19	0.00051	0.00256	3	99024	254	494614	6099086	61.59
2014	20-24	0.00099	0.00493	2.44	98771	487	492610	5604471	56.74
2014	25-29	0.00132	0.00659	2.6	98284	647	489865	5111862	52.01
2014	30-34	0.00175	0.00869	2.59	97636	849	486140	4621997	47.34
2014	35-39	0.00229	0.01137	2.67	96788	1101	481369	4135857	42.73
2014	40-44	0.00316	0.01570	2.67	95687	1502	474930	3654488	38.19
2014	45-49	0.00455	0.02253	2.76	94185	2122	466180	3179558	33.76
2014	50-54	0.00705	0.03465	2.63	92062	3190	452749	2713378	29.47
2014	55-59	0.00976	0.04765	2.56	88872	4234	434016	2260629	25.44
2014	60-64	0.01359	0.06580	2.6	84638	5569	409796	1826613	21.58
2014	65-69	0.01941	0.09287	2.67	79069	7343	378265	1416817	17.92
2014	70-74	0.03007	0.14033	2.63	71726	10065	334726	1038552	14.48
2014	75-79	0.04583	0.20647	2.61	61661	12731	277816	703826	11.41
2014	80-84	0.06908	0.29475	2.51	48930	14422	208777	426010	8.71
2014	85-89	0.11705	0.45083	2.45	34508	15557	132912	217233	6.30
2014	90-94	0.19203	0.63272	2.31	18951	11990	62441	84320	4.45
2014	95-99	0.29650	0.79250	2.06	6960	5516	18603	21879	3.14
2014	100-104	0.42962	0.90129	1.78	1444	1302	3030	3276	2.27
2014	105-109	0.57526	0.95640	1.51	143	136	237	246	1.73
2014	110+	0.69193	1.00000	1.45	6	6	9	9	1.45
2015	0	0.00675	0.00671	0.07	100000	671	99374	7551725	75.52
2015	1-4	0.00031	0.00125	1.79	99329	124	397043	7452351	75.03
2015	5-9	0.00014	0.00068	2.16	99205	67	495834	7055308	71.12
2015	10-14	0.00020	0.00099	2.57	99138	98	495450	6559474	66.17
2015	15-19	0.00059	0.00293	3.18	99040	290	494672	6064023	61.23
2015	20-24	0.00103	0.00514	2.57	98750	508	492515	5569351	56.40
2015	25-29	0.00160	0.00796	2.57	98242	782	489310	5076837	51.68
2015	30-34	0.00199	0.00993	2.68	97460	967	485054	4587527	47.07
2015	35-39	0.00236	0.01173	2.62	96493	1132	479767	4102472	42.52
2015	40-44	0.00313	0.01552	2.59	95361	1480	473235	3622705	37.99
2015	45-49	0.00480	0.02375	2.67	93881	2230	464217	3149470	33.55
2015	50-54	0.00715	0.03516	2.66	91651	3222	450728	2685254	29.30
2015	55-59	0.01038	0.05063	2.62	88428	4477	431491	2234526	25.27
2015	60-64	0.01401	0.06782	2.64	83951	5693	406337	1803035	21.48
2015	65-69	0.01964	0.09376	2.59	78258	7338	373597	1396697	17.85
2015	70-74	0.03034	0.14151	2.63	70921	10036	330774	1023100	14.43
2015	75-79	0.04627	0.20838	2.62	60885	12687	274209	692327	11.37
2015	80-84	0.06992	0.29809	2.53	48198	14367	205491	418117	8.68
2015	85-89	0.11692	0.45088	2.46	33830	15253	130465	212626	6.29
2015	90-94	0.19260	0.63170	2.28	18577	11735	60928	82161	4.42
2015	95-99	0.30109	0.79771	2.05	6842	5458	18127	21233	3.10
2015	100-104	0.43473	0.90400	1.77	1384	1251	2878	3106	2.24
2015	105-109	0.57946	0.95735	1.5	133	127	220	228	1.71
2015	110+	0.69471	1.00000	1.44	6	6	8	8	1.44
2016	0	0.00670	0.00666	0.07	100000	666	99379	7520996	75.21
2016	1-4	0.00031	0.00123	1.55	99334	122	397039	7421617	74.71
2016	5-9	0.00014	0.00072	2.37	99213	71	495876	7024579	70.80
2016	10-14	0.00021	0.00104	2.98	99142	103	495499	6528702	65.85
2016	15-19	0.00069	0.00347	3.01	99038	343	494508	6033204	60.92
2016	20-24	0.00117	0.00583	2.64	98695	575	492119	5538695	56.12
2016	25-29	0.00161	0.00803	2.75	98120	788	488826	5046577	51.43
2016	30-34	0.00206	0.01024	2.65	97332	997	484316	4557751	46.83
2016	35-39	0.00282	0.01399	2.56	96335	1348	478390	4073435	42.28
2016	40-44	0.00354	0.01757	2.63	94987	1669	470974	3595045	37.85
2016	45-49	0.00485	0.02396	2.69	93317	2236	461426	3124071	33.48
2016	50-54	0.00731	0.03590	2.6	91082	3269	447551	2662645	29.23
2016	55-59	0.01058	0.05158	2.57	87812	4529	428076	2215095	25.23
2016	60-64	0.01412	0.06828	2.59	83283	5687	402693	1787019	21.46
2016	65-69	0.01988	0.09500	2.66	77596	7372	370754	1384325	17.84
2016	70-74	0.03042	0.14182	2.62	70225	9959	327376	1013571	14.43
2016	75-79	0.04542	0.20464	2.58	60265	12332	271493	686195	11.39
2016	80-84	0.07202	0.30609	2.55	47933	14672	203722	414702	8.65
2016	85-89	0.11366	0.44304	2.51	33261	14736	129649	210980	6.34
2016	90-94	0.19683	0.64159	2.29	18525	11885	60383	81332	4.39
2016	95-99	0.29543	0.79100	2.06	6640	5252	17777	20948	3.16
2016	100-104	0.42624	0.89917	1.79	1388	1248	2927	3171	2.29
2016	105-109	0.56950	0.95484	1.52	140	134	235	244	1.74
2016	110+	0.68466	1.00000	1.46	6	6	9	9	1.46
2017	0	0.00651	0.00647	0.07	100000	647	99396	7532214	75.32
2017	1-4	0.00025	0.00099	1.61	99353	99	397176	7432818	74.81
2017	5-9	0.00015	0.00074	2.71	99254	73	496104	7035642	70.88
2017	10-14	0.00018	0.00091	2.85	99181	91	495710	6539538	65.94
2017	15-19	0.00065	0.00322	2.9	99090	319	494781	6043828	60.99
2017	20-24	0.00104	0.00518	2.6	98771	511	492626	5549047	56.18
2017	25-29	0.00169	0.00840	2.56	98260	826	489286	5056421	51.46
2017	30-34	0.00226	0.01126	2.63	97434	1097	484572	4567135	46.87
2017	35-39	0.00289	0.01435	2.58	96337	1382	478340	4082564	42.38
2017	40-44	0.00347	0.01719	2.58	94955	1632	470818	3604224	37.96
2017	45-49	0.00479	0.02366	2.65	93323	2208	461418	3133406	33.58
2017	50-54	0.00735	0.03614	2.63	91115	3293	447757	2671988	29.33
2017	55-59	0.01071	0.05224	2.63	87822	4588	428233	2224231	25.33
2017	60-64	0.01369	0.06627	2.57	83234	5516	402782	1795998	21.58
2017	65-69	0.01931	0.09223	2.57	77718	7168	371152	1393215	17.93
2017	70-74	0.02995	0.13969	2.59	70549	9855	329009	1022063	14.49
2017	75-79	0.04687	0.21077	2.61	60694	12792	272927	693054	11.42
2017	80-84	0.06969	0.29670	2.5	47902	14212	203950	420127	8.77
2017	85-89	0.11286	0.43962	2.49	33690	14811	131232	216177	6.42
2017	90-94	0.18984	0.62730	2.3	18879	11843	62382	84945	4.50
2017	95-99	0.28977	0.78437	2.08	7036	5519	19047	22563	3.21
2017	100-104	0.41973	0.89546	1.8	1517	1359	3237	3516	2.32
2017	105-109	0.56322	0.95325	1.53	159	151	268	279	1.76
2017	110+	0.67919	1.00000	1.47	7	7	11	11	1.47
