KY: Kentucky, Lifetables (period 1x5), Males Last modified: 3 Dec 2019, MPv5 (May07) 

Year     	Age	mx	qx	ax	lx	dx	Lx	Tx	ex
1960-1964	0	0.03061	0.02982	0.13	100000	2982	97397	6646521	66.47
1960-1964	1	0.00213	0.00213	0.5	97018	206	96915	6549124	67.50
1960-1964	2	0.00114	0.00114	0.5	96812	111	96756	6452209	66.65
1960-1964	3	0.00085	0.00085	0.5	96701	82	96660	6355452	65.72
1960-1964	4	0.00075	0.00075	0.5	96619	72	96583	6258792	64.78
1960-1964	5	0.00067	0.00067	0.5	96547	64	96515	6162209	63.83
1960-1964	6	0.00075	0.00075	0.5	96483	72	96446	6065694	62.87
1960-1964	7	0.00045	0.00045	0.5	96410	44	96389	5969248	61.91
1960-1964	8	0.00050	0.00050	0.5	96367	48	96343	5872859	60.94
1960-1964	9	0.00042	0.00042	0.5	96319	40	96299	5776517	59.97
1960-1964	10	0.00049	0.00049	0.5	96279	47	96255	5680218	59.00
1960-1964	11	0.00049	0.00049	0.5	96232	47	96208	5583963	58.03
1960-1964	12	0.00050	0.00050	0.5	96184	48	96160	5487755	57.05
1960-1964	13	0.00072	0.00072	0.5	96136	69	96102	5391595	56.08
1960-1964	14	0.00083	0.00083	0.5	96067	79	96027	5295493	55.12
1960-1964	15	0.00092	0.00092	0.5	95988	88	95944	5199466	54.17
1960-1964	16	0.00145	0.00145	0.5	95899	139	95830	5103522	53.22
1960-1964	17	0.00165	0.00165	0.5	95761	158	95682	5007692	52.29
1960-1964	18	0.00173	0.00173	0.5	95602	165	95520	4912011	51.38
1960-1964	19	0.00186	0.00186	0.5	95437	178	95348	4816491	50.47
1960-1964	20	0.00172	0.00172	0.5	95259	163	95178	4721143	49.56
1960-1964	21	0.00189	0.00189	0.5	95096	180	95006	4625965	48.65
1960-1964	22	0.00200	0.00200	0.5	94916	190	94821	4530959	47.74
1960-1964	23	0.00215	0.00215	0.5	94726	204	94624	4436138	46.83
1960-1964	24	0.00200	0.00200	0.5	94522	189	94428	4341514	45.93
1960-1964	25	0.00213	0.00212	0.5	94333	200	94233	4247086	45.02
1960-1964	26	0.00209	0.00209	0.5	94133	197	94034	4152853	44.12
1960-1964	27	0.00188	0.00188	0.5	93936	177	93847	4058819	43.21
1960-1964	28	0.00230	0.00230	0.5	93759	216	93651	3964971	42.29
1960-1964	29	0.00195	0.00194	0.5	93543	182	93453	3871320	41.39
1960-1964	30	0.00222	0.00222	0.5	93362	207	93258	3777867	40.46
1960-1964	31	0.00225	0.00224	0.5	93154	209	93050	3684609	39.55
1960-1964	32	0.00243	0.00243	0.5	92945	225	92832	3591560	38.64
1960-1964	33	0.00250	0.00250	0.5	92720	232	92604	3498727	37.73
1960-1964	34	0.00277	0.00277	0.5	92488	256	92360	3406123	36.83
1960-1964	35	0.00301	0.00301	0.5	92232	278	92093	3313763	35.93
1960-1964	36	0.00327	0.00327	0.5	91955	301	91804	3221670	35.04
1960-1964	37	0.00325	0.00324	0.5	91654	297	91505	3129866	34.15
1960-1964	38	0.00377	0.00376	0.5	91357	344	91185	3038360	33.26
1960-1964	39	0.00419	0.00418	0.5	91013	381	90823	2947175	32.38
1960-1964	40	0.00429	0.00428	0.5	90632	388	90438	2856353	31.52
1960-1964	41	0.00420	0.00419	0.5	90244	378	90055	2765914	30.65
1960-1964	42	0.00523	0.00522	0.5	89865	469	89631	2675860	29.78
1960-1964	43	0.00552	0.00551	0.5	89397	492	89151	2586229	28.93
1960-1964	44	0.00651	0.00649	0.5	88905	577	88616	2497078	28.09
1960-1964	45	0.00682	0.00680	0.5	88327	600	88027	2408462	27.27
1960-1964	46	0.00718	0.00715	0.5	87727	627	87413	2320435	26.45
1960-1964	47	0.00806	0.00803	0.5	87100	699	86750	2233022	25.64
1960-1964	48	0.00894	0.00890	0.5	86400	769	86016	2146272	24.84
1960-1964	49	0.00955	0.00951	0.5	85632	814	85225	2060256	24.06
1960-1964	50	0.01043	0.01038	0.5	84818	880	84377	1975031	23.29
1960-1964	51	0.01118	0.01112	0.5	83937	933	83471	1890654	22.52
1960-1964	52	0.01325	0.01316	0.5	83004	1092	82458	1807183	21.77
1960-1964	53	0.01324	0.01315	0.5	81912	1077	81373	1724725	21.06
1960-1964	54	0.01472	0.01461	0.5	80835	1181	80244	1643352	20.33
1960-1964	55	0.01679	0.01665	0.5	79654	1326	78990	1563108	19.62
1960-1964	56	0.01604	0.01592	0.5	78327	1247	77704	1484118	18.95
1960-1964	57	0.01797	0.01781	0.5	77081	1373	76394	1406414	18.25
1960-1964	58	0.02024	0.02003	0.5	75708	1517	74950	1330019	17.57
1960-1964	59	0.02135	0.02113	0.5	74191	1567	73408	1255070	16.92
1960-1964	60	0.02245	0.02220	0.5	72624	1612	71818	1181662	16.27
1960-1964	61	0.02293	0.02267	0.5	71012	1610	70207	1109844	15.63
1960-1964	62	0.02777	0.02739	0.5	69402	1901	68451	1039637	14.98
1960-1964	63	0.02949	0.02906	0.5	67501	1962	66520	971186	14.39
1960-1964	64	0.03133	0.03085	0.5	65539	2022	64528	904666	13.80
1960-1964	65	0.03449	0.03390	0.5	63517	2153	62441	840138	13.23
1960-1964	66	0.03556	0.03494	0.5	61364	2144	60292	777697	12.67
1960-1964	67	0.03983	0.03905	0.5	59220	2313	58064	717405	12.11
1960-1964	68	0.04235	0.04147	0.5	56907	2360	55727	659342	11.59
1960-1964	69	0.04402	0.04307	0.5	54547	2349	53373	603614	11.07
1960-1964	70	0.05000	0.04878	0.5	52198	2546	50925	550242	10.54
1960-1964	71	0.05030	0.04906	0.5	49652	2436	48434	499317	10.06
1960-1964	72	0.06032	0.05855	0.5	47216	2765	45833	450883	9.55
1960-1964	73	0.06268	0.06078	0.5	44451	2702	43100	405050	9.11
1960-1964	74	0.06528	0.06322	0.5	41749	2639	40430	361950	8.67
1960-1964	75	0.06942	0.06709	0.5	39110	2624	37798	321520	8.22
1960-1964	76	0.07375	0.07113	0.5	36486	2595	35189	283722	7.78
1960-1964	77	0.08023	0.07714	0.5	33891	2614	32584	248533	7.33
1960-1964	78	0.08450	0.08107	0.5	31277	2536	30009	215949	6.90
1960-1964	79	0.09660	0.09215	0.5	28741	2648	27417	185940	6.47
1960-1964	80	0.10941	0.10373	0.5	26093	2707	24740	158523	6.08
1960-1964	81	0.11358	0.10748	0.5	23386	2513	22129	133783	5.72
1960-1964	82	0.12782	0.12014	0.5	20873	2508	19619	111654	5.35
1960-1964	83	0.15161	0.14093	0.5	18365	2588	17071	92035	5.01
1960-1964	84	0.15765	0.14614	0.5	15777	2306	14624	74964	4.75
1960-1964	85	0.17099	0.15752	0.5	13471	2122	12410	60339	4.48
1960-1964	86	0.18711	0.17110	0.5	11349	1942	10378	47929	4.22
1960-1964	87	0.20044	0.18219	0.5	9407	1714	8551	37551	3.99
1960-1964	88	0.21884	0.19726	0.5	7694	1518	6935	29000	3.77
1960-1964	89	0.22817	0.20481	0.5	6176	1265	5544	22065	3.57
1960-1964	90	0.25833	0.22878	0.5	4911	1124	4349	16522	3.36
1960-1964	91	0.26413	0.23332	0.5	3788	884	3346	12172	3.21
1960-1964	92	0.28320	0.24807	0.5	2904	720	2544	8827	3.04
1960-1964	93	0.30307	0.26319	0.5	2183	575	1896	6283	2.88
1960-1964	94	0.32371	0.27862	0.5	1609	448	1385	4387	2.73
1960-1964	95	0.34506	0.29429	0.5	1161	342	990	3002	2.59
1960-1964	96	0.36706	0.31014	0.5	819	254	692	2013	2.46
1960-1964	97	0.38962	0.32609	0.5	565	184	473	1320	2.34
1960-1964	98	0.41266	0.34208	0.5	381	130	316	848	2.23
1960-1964	99	0.43610	0.35803	0.5	251	90	206	532	2.12
1960-1964	100	0.45982	0.37386	0.5	161	60	131	326	2.03
1960-1964	101	0.48372	0.38952	0.5	101	39	81	196	1.94
1960-1964	102	0.50771	0.40492	0.5	61	25	49	114	1.86
1960-1964	103	0.53165	0.42000	0.5	37	15	29	65	1.79
1960-1964	104	0.55545	0.43472	0.5	21	9	17	36	1.72
1960-1964	105	0.57900	0.44901	0.5	12	5	9	20	1.66
1960-1964	106	0.60220	0.46284	0.5	7	3	5	11	1.60
1960-1964	107	0.62494	0.47616	0.5	4	2	3	6	1.55
1960-1964	108	0.64715	0.48894	0.5	2	1	1	3	1.51
1960-1964	109	0.66874	0.50116	0.5	1	0	1	1	1.47
1960-1964	110+	0.68964	1.00000	1.45	0	0	1	1	1.45
1965-1969	0	0.02662	0.02601	0.12	100000	2601	97702	6633021	66.33
1965-1969	1	0.00139	0.00139	0.5	97399	135	97331	6535319	67.10
1965-1969	2	0.00091	0.00091	0.5	97264	89	97219	6437988	66.19
1965-1969	3	0.00072	0.00072	0.5	97175	70	97140	6340768	65.25
1965-1969	4	0.00069	0.00069	0.5	97105	67	97072	6243628	64.30
1965-1969	5	0.00067	0.00067	0.5	97039	65	97006	6146556	63.34
1965-1969	6	0.00057	0.00057	0.5	96973	55	96946	6049550	62.38
1965-1969	7	0.00063	0.00063	0.5	96918	61	96888	5952604	61.42
1965-1969	8	0.00056	0.00056	0.5	96857	54	96830	5855716	60.46
1965-1969	9	0.00053	0.00053	0.5	96804	51	96778	5758886	59.49
1965-1969	10	0.00042	0.00042	0.5	96753	40	96732	5662108	58.52
1965-1969	11	0.00044	0.00044	0.5	96712	42	96691	5565375	57.55
1965-1969	12	0.00045	0.00045	0.5	96670	44	96648	5468684	56.57
1965-1969	13	0.00058	0.00058	0.5	96626	56	96598	5372036	55.60
1965-1969	14	0.00075	0.00075	0.5	96570	72	96534	5275438	54.63
1965-1969	15	0.00092	0.00092	0.5	96498	89	96454	5178904	53.67
1965-1969	16	0.00141	0.00141	0.5	96409	136	96341	5082450	52.72
1965-1969	17	0.00183	0.00182	0.5	96273	176	96185	4986109	51.79
1965-1969	18	0.00216	0.00215	0.5	96097	207	95994	4889924	50.89
1965-1969	19	0.00230	0.00230	0.5	95890	220	95780	4793930	49.99
1965-1969	20	0.00204	0.00203	0.5	95670	195	95573	4698149	49.11
1965-1969	21	0.00208	0.00207	0.5	95475	198	95376	4602576	48.21
1965-1969	22	0.00235	0.00235	0.5	95278	224	95166	4507200	47.31
1965-1969	23	0.00203	0.00203	0.5	95054	193	94958	4412034	46.42
1965-1969	24	0.00200	0.00200	0.5	94861	190	94767	4317077	45.51
1965-1969	25	0.00191	0.00191	0.5	94672	181	94581	4222310	44.60
1965-1969	26	0.00205	0.00205	0.5	94491	193	94394	4127729	43.68
1965-1969	27	0.00201	0.00201	0.5	94297	189	94203	4033335	42.77
1965-1969	28	0.00246	0.00246	0.5	94108	231	93992	3939132	41.86
1965-1969	29	0.00241	0.00241	0.5	93877	226	93764	3845140	40.96
1965-1969	30	0.00218	0.00218	0.5	93651	204	93549	3751376	40.06
1965-1969	31	0.00231	0.00231	0.5	93447	216	93339	3657827	39.14
1965-1969	32	0.00220	0.00220	0.5	93231	205	93129	3564488	38.23
1965-1969	33	0.00295	0.00295	0.5	93026	274	92889	3471359	37.32
1965-1969	34	0.00303	0.00302	0.5	92752	280	92612	3378470	36.42
1965-1969	35	0.00304	0.00304	0.5	92472	281	92332	3285858	35.53
1965-1969	36	0.00294	0.00293	0.5	92191	271	92056	3193526	34.64
1965-1969	37	0.00328	0.00327	0.5	91921	301	91770	3101470	33.74
1965-1969	38	0.00363	0.00362	0.5	91620	332	91454	3009700	32.85
1965-1969	39	0.00417	0.00416	0.5	91288	380	91098	2918246	31.97
1965-1969	40	0.00456	0.00455	0.5	90908	414	90701	2827148	31.10
1965-1969	41	0.00469	0.00468	0.5	90494	424	90283	2736446	30.24
1965-1969	42	0.00567	0.00565	0.5	90071	509	89816	2646164	29.38
1965-1969	43	0.00601	0.00599	0.5	89561	536	89293	2556348	28.54
1965-1969	44	0.00648	0.00646	0.5	89025	575	88738	2467055	27.71
1965-1969	45	0.00722	0.00719	0.5	88450	636	88132	2378317	26.89
1965-1969	46	0.00790	0.00787	0.5	87814	691	87469	2290185	26.08
1965-1969	47	0.00824	0.00820	0.5	87123	715	86766	2202716	25.28
1965-1969	48	0.00920	0.00916	0.5	86408	792	86013	2115951	24.49
1965-1969	49	0.01025	0.01020	0.5	85617	873	85180	2029938	23.71
1965-1969	50	0.01063	0.01058	0.5	84744	896	84295	1944758	22.95
1965-1969	51	0.01189	0.01182	0.5	83847	991	83352	1860462	22.19
1965-1969	52	0.01279	0.01271	0.5	82856	1053	82330	1777110	21.45
1965-1969	53	0.01442	0.01432	0.5	81803	1172	81218	1694780	20.72
1965-1969	54	0.01543	0.01531	0.5	80632	1235	80015	1613563	20.01
1965-1969	55	0.01619	0.01606	0.5	79397	1275	78760	1533548	19.31
1965-1969	56	0.01747	0.01732	0.5	78122	1353	77446	1454789	18.62
1965-1969	57	0.01841	0.01824	0.5	76769	1400	76069	1377343	17.94
1965-1969	58	0.02008	0.01988	0.5	75369	1498	74620	1301274	17.27
1965-1969	59	0.02230	0.02206	0.5	73870	1629	73056	1226654	16.61
1965-1969	60	0.02348	0.02320	0.5	72241	1676	71403	1153599	15.97
1965-1969	61	0.02547	0.02515	0.5	70565	1775	69678	1082196	15.34
1965-1969	62	0.02916	0.02874	0.5	68790	1977	67802	1012518	14.72
1965-1969	63	0.03013	0.02968	0.5	66813	1983	65822	944716	14.14
1965-1969	64	0.03256	0.03204	0.5	64830	2077	63792	878894	13.56
1965-1969	65	0.03445	0.03387	0.5	62754	2125	61691	815102	12.99
1965-1969	66	0.03767	0.03697	0.5	60628	2241	59507	753411	12.43
1965-1969	67	0.04196	0.04109	0.5	58387	2399	57187	693904	11.88
1965-1969	68	0.04475	0.04377	0.5	55987	2451	54762	636717	11.37
1965-1969	69	0.04589	0.04486	0.5	53537	2401	52336	581955	10.87
1965-1969	70	0.04860	0.04745	0.5	51135	2426	49922	529619	10.36
1965-1969	71	0.05345	0.05206	0.5	48709	2536	47441	479697	9.85
1965-1969	72	0.05987	0.05813	0.5	46173	2684	44831	432257	9.36
1965-1969	73	0.06549	0.06342	0.5	43489	2758	42110	387426	8.91
1965-1969	74	0.06977	0.06742	0.5	40731	2746	39358	345316	8.48
1965-1969	75	0.07516	0.07244	0.5	37985	2752	36609	305957	8.05
1965-1969	76	0.08013	0.07704	0.5	35234	2715	33876	269348	7.64
1965-1969	77	0.08469	0.08125	0.5	32519	2642	31198	235472	7.24
1965-1969	78	0.09474	0.09045	0.5	29877	2702	28526	204274	6.84
1965-1969	79	0.09788	0.09331	0.5	27175	2536	25907	175748	6.47
1965-1969	80	0.11261	0.10661	0.5	24639	2627	23326	149841	6.08
1965-1969	81	0.11649	0.11008	0.5	22012	2423	20801	126516	5.75
1965-1969	82	0.13199	0.12382	0.5	19589	2425	18376	105715	5.40
1965-1969	83	0.14283	0.13331	0.5	17164	2288	16020	87338	5.09
1965-1969	84	0.15780	0.14626	0.5	14876	2176	13788	71319	4.79
1965-1969	85	0.17089	0.15744	0.5	12700	1999	11700	57531	4.53
1965-1969	86	0.18079	0.16580	0.5	10701	1774	9813	45831	4.28
1965-1969	87	0.19483	0.17753	0.5	8926	1585	8134	36017	4.03
1965-1969	88	0.20919	0.18938	0.5	7342	1390	6646	27883	3.80
1965-1969	89	0.23681	0.21174	0.5	5951	1260	5321	21237	3.57
1965-1969	90	0.25383	0.22524	0.5	4691	1057	4163	15916	3.39
1965-1969	91	0.26264	0.23216	0.5	3635	844	3213	11753	3.23
1965-1969	92	0.28138	0.24668	0.5	2791	688	2447	8540	3.06
1965-1969	93	0.30091	0.26156	0.5	2102	550	1827	6094	2.90
1965-1969	94	0.32119	0.27674	0.5	1552	430	1338	4266	2.75
1965-1969	95	0.34216	0.29218	0.5	1123	328	959	2929	2.61
1965-1969	96	0.36377	0.30779	0.5	795	245	672	1970	2.48
1965-1969	97	0.38595	0.32352	0.5	550	178	461	1297	2.36
1965-1969	98	0.40861	0.33929	0.5	372	126	309	836	2.25
1965-1969	99	0.43166	0.35503	0.5	246	87	202	527	2.14
1965-1969	100	0.45502	0.37068	0.5	159	59	129	325	2.05
1965-1969	101	0.47857	0.38617	0.5	100	39	81	196	1.96
1965-1969	102	0.50222	0.40142	0.5	61	25	49	115	1.88
1965-1969	103	0.52586	0.41638	0.5	37	15	29	66	1.81
1965-1969	104	0.54938	0.43099	0.5	21	9	17	37	1.74
1965-1969	105	0.57269	0.44521	0.5	12	5	9	20	1.68
1965-1969	106	0.59568	0.45898	0.5	7	3	5	11	1.62
1965-1969	107	0.61825	0.47226	0.5	4	2	3	6	1.57
1965-1969	108	0.64033	0.48504	0.5	2	1	1	3	1.52
1965-1969	109	0.66182	0.49727	0.5	1	0	1	1	1.49
1965-1969	110+	0.68267	1.00000	1.46	0	0	1	1	1.46
1970-1974	0	0.02075	0.02037	0.1	100000	2037	98168	6655763	66.56
1970-1974	1	0.00133	0.00133	0.5	97963	130	97897	6557595	66.94
1970-1974	2	0.00100	0.00100	0.5	97832	98	97783	6459698	66.03
1970-1974	3	0.00082	0.00082	0.5	97734	80	97694	6361914	65.09
1970-1974	4	0.00065	0.00065	0.5	97654	64	97623	6264220	64.15
1970-1974	5	0.00061	0.00061	0.5	97591	60	97561	6166597	63.19
1970-1974	6	0.00062	0.00062	0.5	97531	61	97501	6069036	62.23
1970-1974	7	0.00050	0.00050	0.5	97470	49	97446	5971536	61.27
1970-1974	8	0.00049	0.00049	0.5	97422	47	97398	5874090	60.30
1970-1974	9	0.00038	0.00038	0.5	97374	37	97356	5776692	59.32
1970-1974	10	0.00058	0.00058	0.5	97337	56	97309	5679336	58.35
1970-1974	11	0.00044	0.00044	0.5	97281	43	97259	5582027	57.38
1970-1974	12	0.00047	0.00047	0.5	97238	45	97215	5484768	56.41
1970-1974	13	0.00060	0.00060	0.5	97193	58	97164	5387552	55.43
1970-1974	14	0.00070	0.00070	0.5	97135	68	97101	5290389	54.46
1970-1974	15	0.00097	0.00097	0.5	97067	94	97020	5193288	53.50
1970-1974	16	0.00141	0.00141	0.5	96973	136	96905	5096268	52.55
1970-1974	17	0.00188	0.00188	0.5	96836	182	96745	4999363	51.63
1970-1974	18	0.00199	0.00199	0.5	96654	192	96558	4902618	50.72
1970-1974	19	0.00205	0.00205	0.5	96462	198	96363	4806060	49.82
1970-1974	20	0.00204	0.00203	0.5	96264	196	96166	4709696	48.92
1970-1974	21	0.00214	0.00214	0.5	96068	206	95966	4613530	48.02
1970-1974	22	0.00220	0.00219	0.5	95863	210	95758	4517564	47.13
1970-1974	23	0.00201	0.00201	0.5	95653	192	95557	4421807	46.23
1970-1974	24	0.00215	0.00215	0.5	95461	205	95358	4326250	45.32
1970-1974	25	0.00211	0.00211	0.5	95255	201	95155	4230892	44.42
1970-1974	26	0.00222	0.00222	0.5	95055	211	94949	4135737	43.51
1970-1974	27	0.00225	0.00225	0.5	94843	214	94737	4040788	42.60
1970-1974	28	0.00203	0.00203	0.5	94630	192	94534	3946051	41.70
1970-1974	29	0.00244	0.00243	0.5	94438	230	94323	3851518	40.78
1970-1974	30	0.00237	0.00237	0.5	94208	223	94096	3757195	39.88
1970-1974	31	0.00220	0.00220	0.5	93985	207	93882	3663098	38.98
1970-1974	32	0.00265	0.00264	0.5	93778	248	93654	3569217	38.06
1970-1974	33	0.00265	0.00265	0.5	93531	248	93407	3475562	37.16
1970-1974	34	0.00278	0.00278	0.5	93283	259	93153	3382155	36.26
1970-1974	35	0.00297	0.00297	0.5	93024	276	92886	3289002	35.36
1970-1974	36	0.00340	0.00339	0.5	92748	314	92591	3196116	34.46
1970-1974	37	0.00359	0.00358	0.5	92434	331	92268	3103525	33.58
1970-1974	38	0.00379	0.00379	0.5	92102	349	91928	3011257	32.69
1970-1974	39	0.00390	0.00389	0.5	91754	357	91575	2919329	31.82
1970-1974	40	0.00448	0.00447	0.5	91396	408	91192	2827754	30.94
1970-1974	41	0.00467	0.00466	0.5	90988	424	90776	2736562	30.08
1970-1974	42	0.00519	0.00518	0.5	90564	469	90329	2645786	29.21
1970-1974	43	0.00584	0.00582	0.5	90095	524	89833	2555456	28.36
1970-1974	44	0.00653	0.00651	0.5	89571	583	89279	2465623	27.53
1970-1974	45	0.00701	0.00698	0.5	88988	621	88677	2376344	26.70
1970-1974	46	0.00760	0.00757	0.5	88366	669	88032	2287667	25.89
1970-1974	47	0.00831	0.00828	0.5	87697	726	87335	2199635	25.08
1970-1974	48	0.00927	0.00923	0.5	86972	803	86570	2112301	24.29
1970-1974	49	0.01064	0.01059	0.5	86169	912	85713	2025730	23.51
1970-1974	50	0.01098	0.01092	0.5	85257	931	84791	1940018	22.75
1970-1974	51	0.01180	0.01173	0.5	84326	989	83832	1855226	22.00
1970-1974	52	0.01285	0.01277	0.5	83337	1064	82805	1771394	21.26
1970-1974	53	0.01446	0.01436	0.5	82273	1181	81682	1688589	20.52
1970-1974	54	0.01503	0.01492	0.5	81092	1210	80487	1606907	19.82
1970-1974	55	0.01573	0.01561	0.5	79882	1247	79259	1526420	19.11
1970-1974	56	0.01842	0.01825	0.5	78635	1435	77918	1447161	18.40
1970-1974	57	0.01982	0.01963	0.5	77200	1515	76442	1369243	17.74
1970-1974	58	0.02106	0.02084	0.5	75685	1578	74896	1292801	17.08
1970-1974	59	0.02230	0.02206	0.5	74107	1635	73290	1217905	16.43
1970-1974	60	0.02502	0.02471	0.5	72473	1791	71577	1144615	15.79
1970-1974	61	0.02770	0.02732	0.5	70682	1931	69716	1073038	15.18
1970-1974	62	0.03054	0.03008	0.5	68751	2068	67717	1003321	14.59
1970-1974	63	0.03106	0.03058	0.5	66683	2039	65663	935605	14.03
1970-1974	64	0.03495	0.03435	0.5	64643	2220	63533	869942	13.46
1970-1974	65	0.03550	0.03488	0.5	62423	2177	61335	806408	12.92
1970-1974	66	0.03924	0.03849	0.5	60246	2319	59087	745074	12.37
1970-1974	67	0.04134	0.04051	0.5	57927	2346	56754	685987	11.84
1970-1974	68	0.04451	0.04354	0.5	55581	2420	54371	629233	11.32
1970-1974	69	0.04639	0.04534	0.5	53161	2410	51956	574862	10.81
1970-1974	70	0.04986	0.04864	0.5	50751	2469	49516	522906	10.30
1970-1974	71	0.05294	0.05157	0.5	48282	2490	47037	473390	9.80
1970-1974	72	0.06012	0.05837	0.5	45792	2673	44455	426353	9.31
1970-1974	73	0.06439	0.06238	0.5	43119	2690	41774	381898	8.86
1970-1974	74	0.07155	0.06908	0.5	40429	2793	39033	340124	8.41
1970-1974	75	0.07201	0.06951	0.5	37636	2616	36328	301091	8.00
1970-1974	76	0.08399	0.08060	0.5	35020	2823	33609	264763	7.56
1970-1974	77	0.08942	0.08559	0.5	32197	2756	30819	231154	7.18
1970-1974	78	0.09566	0.09129	0.5	29442	2688	28098	200335	6.80
1970-1974	79	0.10594	0.10061	0.5	26754	2692	25408	172237	6.44
1970-1974	80	0.10808	0.10254	0.5	24062	2467	22828	146830	6.10
1970-1974	81	0.11738	0.11087	0.5	21595	2394	20398	124001	5.74
1970-1974	82	0.13050	0.12250	0.5	19200	2352	18024	103604	5.40
1970-1974	83	0.14771	0.13755	0.5	16848	2318	15690	85579	5.08
1970-1974	84	0.15621	0.14489	0.5	14531	2105	13478	69890	4.81
1970-1974	85	0.16540	0.15277	0.5	12425	1898	11476	56412	4.54
1970-1974	86	0.18170	0.16657	0.5	10527	1754	9650	44935	4.27
1970-1974	87	0.19750	0.17975	0.5	8774	1577	7985	35285	4.02
1970-1974	88	0.21199	0.19168	0.5	7197	1379	6507	27300	3.79
1970-1974	89	0.23364	0.20920	0.5	5817	1217	5209	20793	3.57
1970-1974	90	0.25838	0.22882	0.5	4600	1053	4074	15584	3.39
1970-1974	91	0.26150	0.23126	0.5	3548	820	3137	11510	3.24
1970-1974	92	0.28020	0.24577	0.5	2727	670	2392	8373	3.07
1970-1974	93	0.29969	0.26064	0.5	2057	536	1789	5981	2.91
1970-1974	94	0.31994	0.27582	0.5	1521	419	1311	4192	2.76
1970-1974	95	0.34090	0.29125	0.5	1101	321	941	2881	2.62
1970-1974	96	0.36249	0.30687	0.5	781	240	661	1940	2.49
1970-1974	97	0.38465	0.32261	0.5	541	175	454	1279	2.36
1970-1974	98	0.40730	0.33839	0.5	366	124	304	826	2.25
1970-1974	99	0.43036	0.35415	0.5	242	86	200	521	2.15
1970-1974	100	0.45372	0.36982	0.5	157	58	128	322	2.05
1970-1974	101	0.47728	0.38533	0.5	99	38	80	194	1.97
1970-1974	102	0.50095	0.40061	0.5	61	24	49	114	1.88
1970-1974	103	0.52461	0.41560	0.5	36	15	29	66	1.81
1970-1974	104	0.54816	0.43024	0.5	21	9	17	37	1.74
1970-1974	105	0.57150	0.44449	0.5	12	5	9	20	1.68
1970-1974	106	0.59452	0.45829	0.5	7	3	5	11	1.62
1970-1974	107	0.61714	0.47161	0.5	4	2	3	6	1.57
1970-1974	108	0.63926	0.48442	0.5	2	1	1	3	1.53
1970-1974	109	0.66080	0.49669	0.5	1	0	1	1	1.49
1970-1974	110+	0.68170	1.00000	1.47	0	0	1	1	1.47
1975-1979	0	0.01585	0.01563	0.09	100000	1563	98574	6820349	68.20
1975-1979	1	0.00122	0.00122	0.5	98437	120	98377	6721775	68.28
1975-1979	2	0.00076	0.00076	0.5	98317	75	98280	6623398	67.37
1975-1979	3	0.00062	0.00062	0.5	98243	61	98212	6525118	66.42
1975-1979	4	0.00040	0.00040	0.5	98182	39	98162	6426905	65.46
1975-1979	5	0.00048	0.00048	0.5	98143	47	98119	6328743	64.49
1975-1979	6	0.00052	0.00052	0.5	98096	51	98070	6230624	63.52
1975-1979	7	0.00044	0.00044	0.5	98045	43	98023	6132554	62.55
1975-1979	8	0.00037	0.00037	0.5	98001	36	97983	6034531	61.58
1975-1979	9	0.00043	0.00043	0.5	97965	43	97944	5936548	60.60
1975-1979	10	0.00046	0.00046	0.5	97922	45	97900	5838604	59.62
1975-1979	11	0.00032	0.00032	0.5	97877	32	97861	5740705	58.65
1975-1979	12	0.00044	0.00044	0.5	97846	43	97824	5642843	57.67
1975-1979	13	0.00050	0.00050	0.5	97803	49	97778	5545019	56.70
1975-1979	14	0.00064	0.00064	0.5	97754	63	97722	5447241	55.72
1975-1979	15	0.00103	0.00103	0.5	97691	100	97641	5349519	54.76
1975-1979	16	0.00139	0.00138	0.5	97591	135	97523	5251878	53.82
1975-1979	17	0.00149	0.00149	0.5	97455	145	97383	5154355	52.89
1975-1979	18	0.00187	0.00187	0.5	97311	182	97220	5056972	51.97
1975-1979	19	0.00200	0.00199	0.5	97129	194	97032	4959752	51.06
1975-1979	20	0.00198	0.00198	0.5	96935	192	96839	4862720	50.16
1975-1979	21	0.00201	0.00201	0.5	96743	194	96646	4765881	49.26
1975-1979	22	0.00208	0.00207	0.5	96549	200	96449	4669235	48.36
1975-1979	23	0.00193	0.00193	0.5	96349	186	96256	4572786	47.46
1975-1979	24	0.00176	0.00176	0.5	96163	169	96078	4476530	46.55
1975-1979	25	0.00192	0.00192	0.5	95994	184	95902	4380452	45.63
1975-1979	26	0.00193	0.00193	0.5	95810	185	95717	4284550	44.72
1975-1979	27	0.00191	0.00191	0.5	95625	183	95533	4188833	43.80
1975-1979	28	0.00197	0.00197	0.5	95442	188	95348	4093300	42.89
1975-1979	29	0.00180	0.00180	0.5	95254	171	95169	3997952	41.97
1975-1979	30	0.00181	0.00181	0.5	95083	172	94997	3902783	41.05
1975-1979	31	0.00190	0.00190	0.5	94911	180	94821	3807786	40.12
1975-1979	32	0.00197	0.00196	0.5	94731	186	94638	3712965	39.19
1975-1979	33	0.00200	0.00200	0.5	94545	189	94450	3618327	38.27
1975-1979	34	0.00255	0.00254	0.5	94356	240	94236	3523877	37.35
1975-1979	35	0.00262	0.00261	0.5	94116	246	93993	3429641	36.44
1975-1979	36	0.00266	0.00266	0.5	93870	249	93745	3335648	35.53
1975-1979	37	0.00302	0.00301	0.5	93620	282	93479	3241903	34.63
1975-1979	38	0.00318	0.00318	0.5	93338	297	93190	3148424	33.73
1975-1979	39	0.00373	0.00372	0.5	93042	346	92868	3055233	32.84
1975-1979	40	0.00379	0.00378	0.5	92695	351	92520	2962365	31.96
1975-1979	41	0.00391	0.00390	0.5	92345	360	92165	2869845	31.08
1975-1979	42	0.00434	0.00433	0.5	91985	399	91785	2777680	30.20
1975-1979	43	0.00474	0.00473	0.5	91586	434	91369	2685895	29.33
1975-1979	44	0.00536	0.00534	0.5	91153	487	90909	2594525	28.46
1975-1979	45	0.00658	0.00656	0.5	90665	595	90368	2503616	27.61
1975-1979	46	0.00662	0.00660	0.5	90071	594	89773	2413248	26.79
1975-1979	47	0.00740	0.00737	0.5	89476	660	89146	2323475	25.97
1975-1979	48	0.00771	0.00768	0.5	88817	682	88476	2234328	25.16
1975-1979	49	0.00920	0.00915	0.5	88134	807	87731	2145853	24.35
1975-1979	50	0.00970	0.00965	0.5	87328	843	86906	2058122	23.57
1975-1979	51	0.01087	0.01081	0.5	86485	935	86017	1971216	22.79
1975-1979	52	0.01209	0.01202	0.5	85550	1028	85036	1885198	22.04
1975-1979	53	0.01390	0.01380	0.5	84522	1167	83938	1800162	21.30
1975-1979	54	0.01350	0.01341	0.5	83355	1117	82796	1716224	20.59
1975-1979	55	0.01526	0.01514	0.5	82238	1245	81615	1633427	19.86
1975-1979	56	0.01674	0.01660	0.5	80992	1345	80320	1551812	19.16
1975-1979	57	0.01815	0.01799	0.5	79648	1433	78931	1471492	18.48
1975-1979	58	0.01944	0.01925	0.5	78215	1506	77462	1392561	17.80
1975-1979	59	0.02109	0.02087	0.5	76709	1601	75909	1315099	17.14
1975-1979	60	0.02201	0.02177	0.5	75108	1635	74291	1239190	16.50
1975-1979	61	0.02447	0.02418	0.5	73473	1777	72585	1164900	15.85
1975-1979	62	0.02724	0.02688	0.5	71697	1927	70733	1092315	15.24
1975-1979	63	0.02847	0.02807	0.5	69770	1959	68790	1021582	14.64
1975-1979	64	0.03082	0.03036	0.5	67811	2059	66782	952791	14.05
1975-1979	65	0.03305	0.03252	0.5	65753	2138	64683	886010	13.47
1975-1979	66	0.03543	0.03482	0.5	63614	2215	62507	821326	12.91
1975-1979	67	0.03819	0.03747	0.5	61400	2301	60249	758819	12.36
1975-1979	68	0.04155	0.04070	0.5	59099	2406	57896	698570	11.82
1975-1979	69	0.04577	0.04475	0.5	56693	2537	55425	640674	11.30
1975-1979	70	0.04663	0.04557	0.5	54156	2468	52922	585249	10.81
1975-1979	71	0.05113	0.04986	0.5	51688	2577	50400	532327	10.30
1975-1979	72	0.05699	0.05541	0.5	49112	2721	47751	481927	9.81
1975-1979	73	0.05950	0.05778	0.5	46390	2680	45050	434176	9.36
1975-1979	74	0.06474	0.06271	0.5	43710	2741	42339	389126	8.90
1975-1979	75	0.06819	0.06594	0.5	40969	2701	39618	346787	8.46
1975-1979	76	0.07373	0.07111	0.5	38267	2721	36907	307169	8.03
1975-1979	77	0.08043	0.07732	0.5	35546	2748	34172	270262	7.60
1975-1979	78	0.08692	0.08330	0.5	32798	2732	31432	236090	7.20
1975-1979	79	0.09251	0.08842	0.5	30066	2658	28736	204658	6.81
1975-1979	80	0.10791	0.10238	0.5	27407	2806	26004	175922	6.42
1975-1979	81	0.10875	0.10314	0.5	24601	2537	23333	149917	6.09
1975-1979	82	0.11921	0.11250	0.5	22064	2482	20823	126585	5.74
1975-1979	83	0.12815	0.12043	0.5	19582	2358	18403	105762	5.40
1975-1979	84	0.15051	0.13998	0.5	17223	2411	16018	87359	5.07
1975-1979	85	0.15466	0.14356	0.5	14813	2126	13749	71341	4.82
1975-1979	86	0.17104	0.15756	0.5	12686	1999	11687	57592	4.54
1975-1979	87	0.18295	0.16762	0.5	10687	1791	9792	45905	4.30
1975-1979	88	0.20004	0.18185	0.5	8896	1618	8087	36114	4.06
1975-1979	89	0.21234	0.19196	0.5	7278	1397	6580	28027	3.85
1975-1979	90	0.22614	0.20317	0.5	5881	1195	5284	21447	3.65
1975-1979	91	0.23749	0.21228	0.5	4686	995	4189	16164	3.45
1975-1979	92	0.26204	0.23169	0.5	3691	855	3264	11975	3.24
1975-1979	93	0.28054	0.24603	0.5	2836	698	2487	8711	3.07
1975-1979	94	0.29981	0.26073	0.5	2138	558	1860	6224	2.91
1975-1979	95	0.31981	0.27572	0.5	1581	436	1363	4364	2.76
1975-1979	96	0.34050	0.29097	0.5	1145	333	978	3001	2.62
1975-1979	97	0.36182	0.30639	0.5	812	249	687	2023	2.49
1975-1979	98	0.38370	0.32193	0.5	563	181	472	1336	2.37
1975-1979	99	0.40605	0.33753	0.5	382	129	317	863	2.26
1975-1979	100	0.42880	0.35310	0.5	253	89	208	546	2.16
1975-1979	101	0.45186	0.36859	0.5	164	60	133	338	2.06
1975-1979	102	0.47513	0.38392	0.5	103	40	83	204	1.97
1975-1979	103	0.49850	0.39904	0.5	64	25	51	121	1.89
1975-1979	104	0.52188	0.41388	0.5	38	16	30	70	1.82
1975-1979	105	0.54517	0.42840	0.5	22	10	18	39	1.75
1975-1979	106	0.56826	0.44252	0.5	13	6	10	22	1.69
1975-1979	107	0.59106	0.45623	0.5	7	3	6	12	1.63
1975-1979	108	0.61347	0.46947	0.5	4	2	3	6	1.59
1975-1979	109	0.63541	0.48221	0.5	2	1	2	3	1.55
1975-1979	110+	0.65680	1.00000	1.52	1	1	2	2	1.52
1980-1984	0	0.01347	0.01330	0.08	100000	1330	98778	6946310	69.46
1980-1984	1	0.00092	0.00092	0.5	98670	91	98624	6847533	69.40
1980-1984	2	0.00066	0.00066	0.5	98579	65	98546	6748909	68.46
1980-1984	3	0.00057	0.00057	0.5	98514	56	98486	6650362	67.51
1980-1984	4	0.00046	0.00046	0.5	98457	45	98435	6551877	66.55
1980-1984	5	0.00034	0.00034	0.5	98412	34	98395	6453442	65.58
1980-1984	6	0.00030	0.00030	0.5	98378	30	98363	6355047	64.60
1980-1984	7	0.00030	0.00030	0.5	98348	29	98334	6256683	63.62
1980-1984	8	0.00026	0.00026	0.5	98319	25	98306	6158350	62.64
1980-1984	9	0.00024	0.00024	0.5	98294	23	98282	6060043	61.65
1980-1984	10	0.00031	0.00031	0.5	98271	31	98255	5961761	60.67
1980-1984	11	0.00035	0.00035	0.5	98240	34	98223	5863506	59.69
1980-1984	12	0.00029	0.00029	0.5	98205	29	98191	5765284	58.71
1980-1984	13	0.00042	0.00042	0.5	98177	41	98156	5667093	57.72
1980-1984	14	0.00055	0.00055	0.5	98135	54	98108	5568937	56.75
1980-1984	15	0.00071	0.00071	0.5	98081	69	98046	5470829	55.78
1980-1984	16	0.00114	0.00114	0.5	98012	111	97956	5372783	54.82
1980-1984	17	0.00155	0.00155	0.5	97900	151	97824	5274827	53.88
1980-1984	18	0.00175	0.00175	0.5	97749	171	97663	5177002	52.96
1980-1984	19	0.00179	0.00178	0.5	97578	174	97491	5079339	52.05
1980-1984	20	0.00173	0.00173	0.5	97404	169	97319	4981848	51.15
1980-1984	21	0.00166	0.00166	0.5	97235	161	97154	4884529	50.23
1980-1984	22	0.00193	0.00193	0.5	97074	188	96980	4787375	49.32
1980-1984	23	0.00198	0.00198	0.5	96886	192	96790	4690395	48.41
1980-1984	24	0.00179	0.00179	0.5	96694	173	96607	4593605	47.51
1980-1984	25	0.00180	0.00180	0.5	96521	174	96434	4496998	46.59
1980-1984	26	0.00171	0.00171	0.5	96347	165	96265	4400564	45.67
1980-1984	27	0.00163	0.00163	0.5	96182	157	96104	4304299	44.75
1980-1984	28	0.00189	0.00189	0.5	96026	181	95935	4208195	43.82
1980-1984	29	0.00173	0.00173	0.5	95845	166	95762	4112260	42.91
1980-1984	30	0.00175	0.00175	0.5	95679	167	95595	4016498	41.98
1980-1984	31	0.00171	0.00171	0.5	95511	163	95430	3920903	41.05
1980-1984	32	0.00186	0.00185	0.5	95348	177	95260	3825474	40.12
1980-1984	33	0.00195	0.00195	0.5	95171	185	95079	3730214	39.19
1980-1984	34	0.00190	0.00190	0.5	94986	180	94896	3635135	38.27
1980-1984	35	0.00229	0.00229	0.5	94806	217	94697	3540239	37.34
1980-1984	36	0.00227	0.00227	0.5	94589	215	94482	3445542	36.43
1980-1984	37	0.00217	0.00216	0.5	94375	204	94272	3351060	35.51
1980-1984	38	0.00278	0.00278	0.5	94170	261	94040	3256788	34.58
1980-1984	39	0.00277	0.00276	0.5	93909	259	93779	3162748	33.68
1980-1984	40	0.00296	0.00295	0.5	93650	276	93511	3068969	32.77
1980-1984	41	0.00334	0.00334	0.5	93373	312	93217	2975458	31.87
1980-1984	42	0.00383	0.00383	0.5	93062	356	92884	2882240	30.97
1980-1984	43	0.00427	0.00426	0.5	92705	395	92508	2789357	30.09
1980-1984	44	0.00432	0.00431	0.5	92310	398	92111	2696849	29.22
1980-1984	45	0.00507	0.00506	0.5	91912	465	91680	2604738	28.34
1980-1984	46	0.00536	0.00535	0.5	91448	489	91203	2513058	27.48
1980-1984	47	0.00619	0.00617	0.5	90959	561	90678	2421854	26.63
1980-1984	48	0.00692	0.00690	0.5	90397	624	90086	2331176	25.79
1980-1984	49	0.00798	0.00795	0.5	89774	714	89417	2241091	24.96
1980-1984	50	0.00851	0.00848	0.5	89060	755	88682	2151674	24.16
1980-1984	51	0.00952	0.00947	0.5	88305	836	87887	2062992	23.36
1980-1984	52	0.01090	0.01084	0.5	87469	948	86994	1975105	22.58
1980-1984	53	0.01152	0.01146	0.5	86520	991	86024	1888110	21.82
1980-1984	54	0.01206	0.01199	0.5	85529	1026	85016	1802086	21.07
1980-1984	55	0.01378	0.01368	0.5	84503	1156	83925	1717070	20.32
1980-1984	56	0.01410	0.01400	0.5	83347	1167	82764	1633145	19.59
1980-1984	57	0.01567	0.01555	0.5	82180	1278	81541	1550381	18.87
1980-1984	58	0.01877	0.01859	0.5	80902	1504	80150	1468840	18.16
1980-1984	59	0.01949	0.01930	0.5	79398	1532	78632	1388690	17.49
1980-1984	60	0.02130	0.02107	0.5	77866	1641	77045	1310058	16.82
1980-1984	61	0.02348	0.02321	0.5	76225	1769	75340	1233013	16.18
1980-1984	62	0.02631	0.02597	0.5	74456	1934	73489	1157672	15.55
1980-1984	63	0.02746	0.02709	0.5	72522	1965	71540	1084184	14.95
1980-1984	64	0.02687	0.02651	0.5	70557	1871	69622	1012644	14.35
1980-1984	65	0.03123	0.03075	0.5	68687	2112	67631	943022	13.73
1980-1984	66	0.03467	0.03408	0.5	66575	2269	65440	875391	13.15
1980-1984	67	0.03652	0.03587	0.5	64306	2307	63153	809951	12.60
1980-1984	68	0.04102	0.04020	0.5	61999	2492	60753	746798	12.05
1980-1984	69	0.04224	0.04136	0.5	59507	2461	58276	686045	11.53
1980-1984	70	0.04854	0.04739	0.5	57046	2703	55694	627768	11.00
1980-1984	71	0.05053	0.04928	0.5	54342	2678	53003	572074	10.53
1980-1984	72	0.05274	0.05139	0.5	51664	2655	50337	519071	10.05
1980-1984	73	0.05937	0.05766	0.5	49009	2826	47596	468734	9.56
1980-1984	74	0.05906	0.05736	0.5	46184	2649	44859	421138	9.12
1980-1984	75	0.06752	0.06531	0.5	43534	2843	42113	376279	8.64
1980-1984	76	0.07297	0.07040	0.5	40691	2865	39259	334166	8.21
1980-1984	77	0.07785	0.07493	0.5	37826	2834	36409	294907	7.80
1980-1984	78	0.08319	0.07987	0.5	34992	2795	33595	258498	7.39
1980-1984	79	0.08684	0.08323	0.5	32197	2680	30857	224903	6.99
1980-1984	80	0.10542	0.10014	0.5	29517	2956	28040	194046	6.57
1980-1984	81	0.10779	0.10228	0.5	26562	2717	25203	166007	6.25
1980-1984	82	0.12064	0.11378	0.5	23845	2713	22488	140803	5.90
1980-1984	83	0.12785	0.12017	0.5	21132	2539	19862	118315	5.60
1980-1984	84	0.14382	0.13417	0.5	18592	2495	17345	98453	5.30
1980-1984	85	0.14865	0.13836	0.5	16098	2227	14984	81108	5.04
1980-1984	86	0.17024	0.15689	0.5	13870	2176	12782	66124	4.77
1980-1984	87	0.17188	0.15828	0.5	11694	1851	10769	53341	4.56
1980-1984	88	0.18265	0.16736	0.5	9843	1647	9020	42572	4.32
1980-1984	89	0.19537	0.17798	0.5	8196	1459	7467	33553	4.09
1980-1984	90	0.21028	0.19028	0.5	6737	1282	6096	26086	3.87
1980-1984	91	0.21650	0.19535	0.5	5455	1066	4922	19990	3.66
1980-1984	92	0.24666	0.21958	0.5	4390	964	3908	15067	3.43
1980-1984	93	0.26328	0.23266	0.5	3426	797	3027	11160	3.26
1980-1984	94	0.28061	0.24608	0.5	2629	647	2305	8132	3.09
1980-1984	95	0.29861	0.25982	0.5	1982	515	1724	5827	2.94
1980-1984	96	0.31726	0.27383	0.5	1467	402	1266	4103	2.80
1980-1984	97	0.33652	0.28805	0.5	1065	307	912	2837	2.66
1980-1984	98	0.35633	0.30245	0.5	758	229	644	1925	2.54
1980-1984	99	0.37665	0.31696	0.5	529	168	445	1281	2.42
1980-1984	100	0.39741	0.33153	0.5	361	120	301	836	2.31
1980-1984	101	0.41855	0.34612	0.5	242	84	200	535	2.21
1980-1984	102	0.43999	0.36065	0.5	158	57	129	335	2.12
1980-1984	103	0.46166	0.37508	0.5	101	38	82	205	2.03
1980-1984	104	0.48347	0.38935	0.5	63	25	51	123	1.95
1980-1984	105	0.50535	0.40342	0.5	39	16	31	72	1.88
1980-1984	106	0.52721	0.41722	0.5	23	10	18	42	1.81
1980-1984	107	0.54896	0.43073	0.5	13	6	11	23	1.75
1980-1984	108	0.57053	0.44390	0.5	8	3	6	13	1.70
1980-1984	109	0.59183	0.45669	0.5	4	2	3	7	1.66
1980-1984	110+	0.61279	1.00000	1.63	2	2	4	4	1.63
1985-1989	0	0.01188	0.01175	0.08	100000	1175	98915	7014477	70.14
1985-1989	1	0.00069	0.00069	0.5	98825	68	98790	6915562	69.98
1985-1989	2	0.00065	0.00065	0.5	98756	64	98724	6816772	69.03
1985-1989	3	0.00048	0.00048	0.5	98692	48	98668	6718048	68.07
1985-1989	4	0.00038	0.00038	0.5	98644	38	98626	6619380	67.10
1985-1989	5	0.00033	0.00033	0.5	98607	32	98591	6520754	66.13
1985-1989	6	0.00030	0.00030	0.5	98575	29	98560	6422163	65.15
1985-1989	7	0.00026	0.00026	0.5	98545	25	98533	6323603	64.17
1985-1989	8	0.00029	0.00029	0.5	98520	29	98506	6225071	63.19
1985-1989	9	0.00026	0.00026	0.5	98491	25	98479	6126565	62.20
1985-1989	10	0.00026	0.00026	0.5	98466	25	98453	6028086	61.22
1985-1989	11	0.00019	0.00019	0.5	98441	18	98432	5929633	60.24
1985-1989	12	0.00034	0.00034	0.5	98422	33	98406	5831201	59.25
1985-1989	13	0.00041	0.00041	0.5	98389	40	98369	5732796	58.27
1985-1989	14	0.00052	0.00052	0.5	98349	51	98323	5634427	57.29
1985-1989	15	0.00066	0.00066	0.5	98298	65	98266	5536103	56.32
1985-1989	16	0.00107	0.00107	0.5	98233	105	98181	5437837	55.36
1985-1989	17	0.00142	0.00142	0.5	98128	139	98059	5339657	54.42
1985-1989	18	0.00161	0.00161	0.5	97989	157	97910	5241598	53.49
1985-1989	19	0.00156	0.00156	0.5	97832	152	97756	5143688	52.58
1985-1989	20	0.00164	0.00164	0.5	97679	160	97600	5045932	51.66
1985-1989	21	0.00153	0.00153	0.5	97520	149	97445	4948333	50.74
1985-1989	22	0.00175	0.00175	0.5	97370	170	97285	4850888	49.82
1985-1989	23	0.00172	0.00172	0.5	97200	168	97117	4753602	48.91
1985-1989	24	0.00167	0.00167	0.5	97033	162	96952	4656486	47.99
1985-1989	25	0.00178	0.00177	0.5	96871	172	96785	4559534	47.07
1985-1989	26	0.00162	0.00162	0.5	96699	157	96621	4462749	46.15
1985-1989	27	0.00168	0.00168	0.5	96542	162	96461	4366128	45.23
1985-1989	28	0.00179	0.00179	0.5	96381	173	96294	4269667	44.30
1985-1989	29	0.00155	0.00155	0.5	96208	149	96134	4173373	43.38
1985-1989	30	0.00162	0.00161	0.5	96059	155	95982	4077239	42.45
1985-1989	31	0.00182	0.00181	0.5	95904	174	95817	3981257	41.51
1985-1989	32	0.00200	0.00200	0.5	95730	192	95635	3885440	40.59
1985-1989	33	0.00185	0.00185	0.5	95539	177	95450	3789805	39.67
1985-1989	34	0.00197	0.00197	0.5	95362	188	95268	3694355	38.74
1985-1989	35	0.00212	0.00212	0.5	95174	201	95073	3599087	37.82
1985-1989	36	0.00214	0.00214	0.5	94973	203	94871	3504014	36.90
1985-1989	37	0.00217	0.00216	0.5	94770	205	94667	3409143	35.97
1985-1989	38	0.00272	0.00272	0.5	94564	257	94436	3314476	35.05
1985-1989	39	0.00251	0.00251	0.5	94308	237	94189	3220040	34.14
1985-1989	40	0.00276	0.00276	0.5	94071	260	93941	3125851	33.23
1985-1989	41	0.00314	0.00314	0.5	93811	294	93664	3031910	32.32
1985-1989	42	0.00335	0.00334	0.5	93517	312	93361	2938245	31.42
1985-1989	43	0.00393	0.00392	0.5	93205	365	93022	2844884	30.52
1985-1989	44	0.00426	0.00425	0.5	92840	395	92642	2751862	29.64
1985-1989	45	0.00434	0.00433	0.5	92445	401	92245	2659219	28.77
1985-1989	46	0.00501	0.00500	0.5	92044	460	91814	2566975	27.89
1985-1989	47	0.00541	0.00540	0.5	91584	495	91337	2475161	27.03
1985-1989	48	0.00669	0.00667	0.5	91090	607	90786	2383823	26.17
1985-1989	49	0.00634	0.00632	0.5	90483	572	90196	2293037	25.34
1985-1989	50	0.00786	0.00783	0.5	89910	704	89559	2202841	24.50
1985-1989	51	0.00857	0.00853	0.5	89207	761	88826	2113282	23.69
1985-1989	52	0.00934	0.00929	0.5	88445	822	88034	2024456	22.89
1985-1989	53	0.01072	0.01067	0.5	87624	935	87156	1936422	22.10
1985-1989	54	0.01171	0.01164	0.5	86689	1009	86184	1849265	21.33
1985-1989	55	0.01210	0.01202	0.5	85680	1030	85164	1763081	20.58
1985-1989	56	0.01405	0.01395	0.5	84649	1181	84059	1677917	19.82
1985-1989	57	0.01475	0.01464	0.5	83468	1222	82857	1593858	19.10
1985-1989	58	0.01739	0.01724	0.5	82246	1418	81537	1511001	18.37
1985-1989	59	0.01830	0.01814	0.5	80828	1466	80095	1429464	17.69
1985-1989	60	0.02041	0.02021	0.5	79362	1604	78560	1349369	17.00
1985-1989	61	0.02142	0.02119	0.5	77758	1648	76935	1270809	16.34
1985-1989	62	0.02320	0.02294	0.5	76111	1746	75238	1193874	15.69
1985-1989	63	0.02501	0.02470	0.5	74365	1837	73447	1118636	15.04
1985-1989	64	0.02750	0.02713	0.5	72528	1967	71545	1045190	14.41
1985-1989	65	0.03167	0.03117	0.5	70561	2200	69461	973645	13.80
1985-1989	66	0.03417	0.03359	0.5	68361	2297	67213	904184	13.23
1985-1989	67	0.03617	0.03553	0.5	66065	2347	64891	836971	12.67
1985-1989	68	0.03905	0.03830	0.5	63717	2441	62497	772080	12.12
1985-1989	69	0.04048	0.03968	0.5	61277	2431	60061	709583	11.58
1985-1989	70	0.04582	0.04479	0.5	58845	2636	57527	649522	11.04
1985-1989	71	0.04832	0.04718	0.5	56210	2652	54883	591995	10.53
1985-1989	72	0.05190	0.05058	0.5	53557	2709	52203	537111	10.03
1985-1989	73	0.05908	0.05738	0.5	50848	2918	49389	484909	9.54
1985-1989	74	0.06248	0.06059	0.5	47930	2904	46478	435519	9.09
1985-1989	75	0.06741	0.06522	0.5	45026	2936	43558	389041	8.64
1985-1989	76	0.07462	0.07194	0.5	42090	3028	40576	345483	8.21
1985-1989	77	0.07712	0.07425	0.5	39062	2900	37612	304907	7.81
1985-1989	78	0.08403	0.08064	0.5	36162	2916	34704	267295	7.39
1985-1989	79	0.09022	0.08633	0.5	33246	2870	31811	232591	7.00
1985-1989	80	0.10032	0.09553	0.5	30376	2902	28925	200780	6.61
1985-1989	81	0.10931	0.10364	0.5	27474	2847	26050	171855	6.26
1985-1989	82	0.10985	0.10413	0.5	24627	2564	23344	145805	5.92
1985-1989	83	0.12737	0.11975	0.5	22062	2642	20741	122461	5.55
1985-1989	84	0.14025	0.13106	0.5	19420	2545	18148	101720	5.24
1985-1989	85	0.14548	0.13562	0.5	16875	2289	15731	83572	4.95
1985-1989	86	0.16444	0.15195	0.5	14586	2216	13478	67841	4.65
1985-1989	87	0.17906	0.16435	0.5	12370	2033	11354	54363	4.39
1985-1989	88	0.18816	0.17198	0.5	10337	1778	9448	43009	4.16
1985-1989	89	0.20268	0.18403	0.5	8559	1575	7772	33561	3.92
1985-1989	90	0.21124	0.19106	0.5	6984	1334	6317	25790	3.69
1985-1989	91	0.25067	0.22275	0.5	5650	1258	5020	19473	3.45
1985-1989	92	0.25635	0.22722	0.5	4391	998	3892	14452	3.29
1985-1989	93	0.27505	0.24180	0.5	3393	821	2983	10560	3.11
1985-1989	94	0.29458	0.25676	0.5	2573	661	2243	7577	2.94
1985-1989	95	0.31489	0.27206	0.5	1912	520	1652	5334	2.79
1985-1989	96	0.33594	0.28763	0.5	1392	400	1192	3682	2.65
1985-1989	97	0.35766	0.30340	0.5	992	301	841	2490	2.51
1985-1989	98	0.37998	0.31931	0.5	691	221	580	1649	2.39
1985-1989	99	0.40281	0.33529	0.5	470	158	391	1068	2.27
1985-1989	100	0.42608	0.35125	0.5	313	110	258	677	2.17
1985-1989	101	0.44968	0.36714	0.5	203	74	166	419	2.07
1985-1989	102	0.47351	0.38287	0.5	128	49	104	254	1.98
1985-1989	103	0.49746	0.39837	0.5	79	32	63	150	1.90
1985-1989	104	0.52142	0.41359	0.5	48	20	38	87	1.82
1985-1989	105	0.54529	0.42847	0.5	28	12	22	49	1.75
1985-1989	106	0.56894	0.44294	0.5	16	7	12	27	1.69
1985-1989	107	0.59229	0.45696	0.5	9	4	7	14	1.63
1985-1989	108	0.61523	0.47050	0.5	5	2	4	8	1.58
1985-1989	109	0.63766	0.48351	0.5	3	1	2	4	1.54
1985-1989	110+	0.65952	1.00000	1.52	1	1	2	2	1.52
1990-1994	0	0.00981	0.00972	0.07	100000	972	99097	7103772	71.04
1990-1994	1	0.00072	0.00072	0.5	99028	72	98992	7004674	70.73
1990-1994	2	0.00053	0.00053	0.5	98956	53	98930	6905683	69.79
1990-1994	3	0.00051	0.00051	0.5	98903	50	98878	6806753	68.82
1990-1994	4	0.00036	0.00036	0.5	98853	36	98835	6707875	67.86
1990-1994	5	0.00024	0.00024	0.5	98817	24	98805	6609040	66.88
1990-1994	6	0.00027	0.00027	0.5	98793	27	98780	6510235	65.90
1990-1994	7	0.00032	0.00032	0.5	98766	32	98750	6411455	64.92
1990-1994	8	0.00028	0.00028	0.5	98734	27	98720	6312705	63.94
1990-1994	9	0.00018	0.00018	0.5	98707	18	98698	6213985	62.95
1990-1994	10	0.00022	0.00022	0.5	98689	22	98678	6115287	61.97
1990-1994	11	0.00030	0.00030	0.5	98667	30	98652	6016609	60.98
1990-1994	12	0.00024	0.00024	0.5	98638	24	98626	5917956	60.00
1990-1994	13	0.00032	0.00032	0.5	98614	31	98598	5819331	59.01
1990-1994	14	0.00050	0.00050	0.5	98582	50	98557	5720733	58.03
1990-1994	15	0.00086	0.00086	0.5	98532	85	98490	5622176	57.06
1990-1994	16	0.00119	0.00119	0.5	98448	117	98389	5523686	56.11
1990-1994	17	0.00129	0.00129	0.5	98331	127	98268	5425297	55.17
1990-1994	18	0.00173	0.00173	0.5	98204	170	98119	5327029	54.24
1990-1994	19	0.00136	0.00136	0.5	98035	133	97968	5228910	53.34
1990-1994	20	0.00143	0.00143	0.5	97902	140	97832	5130941	52.41
1990-1994	21	0.00169	0.00168	0.5	97762	165	97680	5033110	51.48
1990-1994	22	0.00157	0.00156	0.5	97597	153	97521	4935430	50.57
1990-1994	23	0.00153	0.00153	0.5	97445	149	97370	4837909	49.65
1990-1994	24	0.00157	0.00157	0.5	97295	153	97219	4740539	48.72
1990-1994	25	0.00145	0.00145	0.5	97143	140	97072	4643320	47.80
1990-1994	26	0.00158	0.00158	0.5	97002	153	96926	4546247	46.87
1990-1994	27	0.00163	0.00162	0.5	96849	157	96771	4449321	45.94
1990-1994	28	0.00184	0.00183	0.5	96692	177	96603	4352551	45.01
1990-1994	29	0.00151	0.00151	0.5	96515	146	96442	4255948	44.10
1990-1994	30	0.00169	0.00169	0.5	96369	163	96287	4159506	43.16
1990-1994	31	0.00195	0.00195	0.5	96206	188	96112	4063219	42.23
1990-1994	32	0.00201	0.00200	0.5	96018	192	95922	3967107	41.32
1990-1994	33	0.00223	0.00223	0.5	95826	214	95719	3871185	40.40
1990-1994	34	0.00208	0.00208	0.5	95612	199	95513	3775466	39.49
1990-1994	35	0.00212	0.00211	0.5	95413	202	95312	3679954	38.57
1990-1994	36	0.00238	0.00238	0.5	95211	226	95098	3584641	37.65
1990-1994	37	0.00255	0.00255	0.5	94985	242	94864	3489543	36.74
1990-1994	38	0.00270	0.00270	0.5	94743	256	94616	3394679	35.83
1990-1994	39	0.00277	0.00276	0.5	94488	261	94357	3300063	34.93
1990-1994	40	0.00288	0.00287	0.5	94226	271	94091	3205706	34.02
1990-1994	41	0.00324	0.00323	0.5	93956	304	93804	3111615	33.12
1990-1994	42	0.00334	0.00334	0.5	93652	312	93496	3017812	32.22
1990-1994	43	0.00360	0.00360	0.5	93340	336	93172	2924316	31.33
1990-1994	44	0.00383	0.00382	0.5	93004	355	92826	2831144	30.44
1990-1994	45	0.00386	0.00385	0.5	92649	357	92470	2738318	29.56
1990-1994	46	0.00448	0.00447	0.5	92292	413	92085	2645848	28.67
1990-1994	47	0.00480	0.00479	0.5	91879	440	91659	2553762	27.79
1990-1994	48	0.00592	0.00590	0.5	91439	539	91169	2462104	26.93
1990-1994	49	0.00633	0.00631	0.5	90899	573	90613	2370934	26.08
1990-1994	50	0.00635	0.00633	0.5	90326	572	90040	2280322	25.25
1990-1994	51	0.00761	0.00759	0.5	89754	681	89414	2190282	24.40
1990-1994	52	0.00847	0.00843	0.5	89073	751	88698	2100868	23.59
1990-1994	53	0.00887	0.00883	0.5	88322	780	87932	2012170	22.78
1990-1994	54	0.00986	0.00981	0.5	87543	859	87113	1924238	21.98
1990-1994	55	0.01143	0.01137	0.5	86684	985	86191	1837125	21.19
1990-1994	56	0.01220	0.01213	0.5	85699	1040	85179	1750933	20.43
1990-1994	57	0.01287	0.01279	0.5	84659	1083	84118	1665755	19.68
1990-1994	58	0.01577	0.01565	0.5	83576	1308	82922	1581637	18.92
1990-1994	59	0.01732	0.01717	0.5	82268	1413	81562	1498714	18.22
1990-1994	60	0.01835	0.01818	0.5	80856	1470	80121	1417152	17.53
1990-1994	61	0.01970	0.01950	0.5	79386	1548	78611	1337032	16.84
1990-1994	62	0.02333	0.02306	0.5	77837	1795	76940	1258420	16.17
1990-1994	63	0.02311	0.02284	0.5	76042	1737	75174	1181481	15.54
1990-1994	64	0.02423	0.02394	0.5	74305	1779	73416	1106307	14.89
1990-1994	65	0.02781	0.02743	0.5	72526	1990	71531	1032891	14.24
1990-1994	66	0.03026	0.02981	0.5	70537	2102	69485	961360	13.63
1990-1994	67	0.03262	0.03210	0.5	68434	2196	67336	891875	13.03
1990-1994	68	0.03709	0.03642	0.5	66238	2412	65032	824539	12.45
1990-1994	69	0.03853	0.03781	0.5	63826	2413	62619	759507	11.90
1990-1994	70	0.04216	0.04129	0.5	61413	2536	60145	696888	11.35
1990-1994	71	0.04411	0.04315	0.5	58877	2541	57606	636743	10.81
1990-1994	72	0.04984	0.04863	0.5	56336	2740	54966	579137	10.28
1990-1994	73	0.05409	0.05266	0.5	53596	2822	52185	524171	9.78
1990-1994	74	0.05764	0.05602	0.5	50774	2845	49352	471986	9.30
1990-1994	75	0.06551	0.06343	0.5	47929	3040	46409	422634	8.82
1990-1994	76	0.06662	0.06447	0.5	44889	2894	43442	376225	8.38
1990-1994	77	0.07667	0.07384	0.5	41995	3101	40444	332783	7.92
1990-1994	78	0.07950	0.07646	0.5	38894	2974	37407	292338	7.52
1990-1994	79	0.08719	0.08355	0.5	35920	3001	34420	254931	7.10
1990-1994	80	0.09735	0.09283	0.5	32919	3056	31391	220512	6.70
1990-1994	81	0.10312	0.09807	0.5	29863	2929	28399	189120	6.33
1990-1994	82	0.11201	0.10607	0.5	26935	2857	25506	160721	5.97
1990-1994	83	0.12678	0.11922	0.5	24078	2871	22642	135215	5.62
1990-1994	84	0.13311	0.12480	0.5	21207	2647	19884	112573	5.31
1990-1994	85	0.14744	0.13731	0.5	18561	2549	17286	92689	4.99
1990-1994	86	0.15714	0.14569	0.5	16012	2333	14845	75403	4.71
1990-1994	87	0.17743	0.16297	0.5	13679	2229	12564	60557	4.43
1990-1994	88	0.18084	0.16584	0.5	11450	1899	10500	47993	4.19
1990-1994	89	0.20743	0.18793	0.5	9551	1795	8653	37492	3.93
1990-1994	90	0.21675	0.19555	0.5	7756	1517	6998	28839	3.72
1990-1994	91	0.23091	0.20701	0.5	6239	1292	5593	21841	3.50
1990-1994	92	0.25590	0.22687	0.5	4948	1122	4386	16248	3.28
1990-1994	93	0.27513	0.24186	0.5	3825	925	3363	11861	3.10
1990-1994	94	0.29523	0.25726	0.5	2900	746	2527	8499	2.93
1990-1994	95	0.31616	0.27300	0.5	2154	588	1860	5972	2.77
1990-1994	96	0.33786	0.28904	0.5	1566	453	1340	4112	2.63
1990-1994	97	0.36027	0.30528	0.5	1113	340	943	2772	2.49
1990-1994	98	0.38331	0.32166	0.5	773	249	649	1829	2.36
1990-1994	99	0.40688	0.33809	0.5	525	177	436	1180	2.25
1990-1994	100	0.43088	0.35451	0.5	347	123	286	744	2.14
1990-1994	101	0.45522	0.37082	0.5	224	83	183	458	2.04
1990-1994	102	0.47977	0.38695	0.5	141	55	114	275	1.95
1990-1994	103	0.50442	0.40282	0.5	86	35	69	162	1.87
1990-1994	104	0.52905	0.41838	0.5	52	22	41	93	1.79
1990-1994	105	0.55354	0.43354	0.5	30	13	24	52	1.72
1990-1994	106	0.57777	0.44827	0.5	17	8	13	28	1.66
1990-1994	107	0.60163	0.46250	0.5	9	4	7	15	1.61
1990-1994	108	0.62502	0.47620	0.5	5	2	4	8	1.56
1990-1994	109	0.64784	0.48933	0.5	3	1	2	4	1.52
1990-1994	110+	0.67000	1.00000	1.49	1	1	2	2	1.49
1995-1999	0	0.00868	0.00861	0.07	100000	861	99197	7177351	71.77
1995-1999	1	0.00069	0.00069	0.5	99139	68	99104	7078153	71.40
1995-1999	2	0.00038	0.00038	0.5	99070	38	99051	6979049	70.45
1995-1999	3	0.00037	0.00037	0.5	99033	37	99014	6879998	69.47
1995-1999	4	0.00034	0.00034	0.5	98996	33	98979	6780983	68.50
1995-1999	5	0.00026	0.00026	0.5	98962	26	98949	6682004	67.52
1995-1999	6	0.00025	0.00025	0.5	98936	25	98924	6583055	66.54
1995-1999	7	0.00026	0.00026	0.5	98912	26	98898	6484131	65.55
1995-1999	8	0.00026	0.00026	0.5	98885	26	98873	6385233	64.57
1995-1999	9	0.00022	0.00022	0.5	98860	22	98849	6286360	63.59
1995-1999	10	0.00023	0.00023	0.5	98838	23	98827	6187511	62.60
1995-1999	11	0.00019	0.00019	0.5	98815	19	98806	6088685	61.62
1995-1999	12	0.00020	0.00020	0.5	98797	20	98787	5989879	60.63
1995-1999	13	0.00035	0.00035	0.5	98777	34	98760	5891092	59.64
1995-1999	14	0.00038	0.00038	0.5	98743	38	98724	5792332	58.66
1995-1999	15	0.00061	0.00061	0.5	98705	60	98675	5693608	57.68
1995-1999	16	0.00096	0.00096	0.5	98645	95	98597	5594933	56.72
1995-1999	17	0.00127	0.00127	0.5	98550	125	98487	5496335	55.77
1995-1999	18	0.00164	0.00164	0.5	98425	162	98344	5397848	54.84
1995-1999	19	0.00158	0.00158	0.5	98263	155	98186	5299504	53.93
1995-1999	20	0.00127	0.00127	0.5	98108	124	98046	5201318	53.02
1995-1999	21	0.00147	0.00147	0.5	97984	144	97912	5103272	52.08
1995-1999	22	0.00132	0.00132	0.5	97840	129	97776	5005359	51.16
1995-1999	23	0.00118	0.00118	0.5	97711	115	97653	4907584	50.23
1995-1999	24	0.00151	0.00151	0.5	97596	147	97522	4809930	49.28
1995-1999	25	0.00138	0.00138	0.5	97449	135	97381	4712408	48.36
1995-1999	26	0.00152	0.00152	0.5	97314	148	97240	4615026	47.42
1995-1999	27	0.00167	0.00167	0.5	97166	162	97085	4517786	46.50
1995-1999	28	0.00144	0.00144	0.5	97004	140	96934	4420701	45.57
1995-1999	29	0.00151	0.00151	0.5	96864	146	96791	4323766	44.64
1995-1999	30	0.00165	0.00165	0.5	96718	160	96638	4226975	43.70
1995-1999	31	0.00185	0.00185	0.5	96558	179	96469	4130337	42.78
1995-1999	32	0.00221	0.00220	0.5	96380	212	96273	4033868	41.85
1995-1999	33	0.00196	0.00196	0.5	96167	188	96073	3937595	40.95
1995-1999	34	0.00189	0.00189	0.5	95979	181	95889	3841521	40.02
1995-1999	35	0.00214	0.00213	0.5	95798	204	95696	3745633	39.10
1995-1999	36	0.00233	0.00233	0.5	95593	223	95482	3649937	38.18
1995-1999	37	0.00245	0.00245	0.5	95371	233	95254	3554455	37.27
1995-1999	38	0.00260	0.00259	0.5	95137	247	95014	3459201	36.36
1995-1999	39	0.00282	0.00281	0.5	94890	267	94757	3364188	35.45
1995-1999	40	0.00274	0.00274	0.5	94623	259	94494	3269431	34.55
1995-1999	41	0.00322	0.00322	0.5	94364	303	94212	3174937	33.65
1995-1999	42	0.00334	0.00333	0.5	94061	313	93904	3080725	32.75
1995-1999	43	0.00360	0.00359	0.5	93747	337	93579	2986821	31.86
1995-1999	44	0.00386	0.00385	0.5	93411	360	93231	2893242	30.97
1995-1999	45	0.00386	0.00385	0.5	93051	358	92872	2800011	30.09
1995-1999	46	0.00485	0.00484	0.5	92693	449	92468	2707139	29.21
1995-1999	47	0.00487	0.00486	0.5	92244	448	92020	2614671	28.35
1995-1999	48	0.00559	0.00558	0.5	91796	512	91540	2522651	27.48
1995-1999	49	0.00558	0.00557	0.5	91284	508	91030	2431111	26.63
1995-1999	50	0.00595	0.00593	0.5	90776	538	90507	2340081	25.78
1995-1999	51	0.00743	0.00740	0.5	90238	668	89904	2249574	24.93
1995-1999	52	0.00834	0.00831	0.5	89569	744	89198	2159671	24.11
1995-1999	53	0.00860	0.00857	0.5	88826	761	88445	2070473	23.31
1995-1999	54	0.00910	0.00906	0.5	88065	798	87666	1982028	22.51
1995-1999	55	0.00990	0.00986	0.5	87267	860	86837	1894362	21.71
1995-1999	56	0.01077	0.01071	0.5	86407	925	85944	1807525	20.92
1995-1999	57	0.01301	0.01293	0.5	85482	1105	84929	1721581	20.14
1995-1999	58	0.01359	0.01350	0.5	84376	1139	83807	1636652	19.40
1995-1999	59	0.01500	0.01489	0.5	83237	1239	82618	1552845	18.66
1995-1999	60	0.01607	0.01594	0.5	81998	1307	81344	1470228	17.93
1995-1999	61	0.01921	0.01902	0.5	80691	1535	79923	1388883	17.21
1995-1999	62	0.02027	0.02007	0.5	79156	1588	78362	1308960	16.54
1995-1999	63	0.02245	0.02220	0.5	77567	1722	76707	1230598	15.86
1995-1999	64	0.02349	0.02321	0.5	75846	1761	74965	1153891	15.21
1995-1999	65	0.02583	0.02550	0.5	74085	1889	73140	1078926	14.56
1995-1999	66	0.02797	0.02758	0.5	72196	1991	71200	1005786	13.93
1995-1999	67	0.02967	0.02924	0.5	70205	2053	69178	934586	13.31
1995-1999	68	0.03351	0.03296	0.5	68152	2246	67029	865407	12.70
1995-1999	69	0.03596	0.03533	0.5	65906	2328	64742	798378	12.11
1995-1999	70	0.03874	0.03800	0.5	63578	2416	62370	733636	11.54
1995-1999	71	0.04469	0.04372	0.5	61162	2674	59825	671266	10.98
1995-1999	72	0.04848	0.04733	0.5	58488	2768	57104	611442	10.45
1995-1999	73	0.05189	0.05058	0.5	55720	2818	54310	554338	9.95
1995-1999	74	0.05505	0.05358	0.5	52901	2834	51484	500028	9.45
1995-1999	75	0.06041	0.05864	0.5	50067	2936	48599	448543	8.96
1995-1999	76	0.06253	0.06064	0.5	47131	2858	45702	399944	8.49
1995-1999	77	0.07016	0.06778	0.5	44273	3001	42773	354242	8.00
1995-1999	78	0.07688	0.07403	0.5	41272	3055	39744	311470	7.55
1995-1999	79	0.08706	0.08343	0.5	38217	3188	36623	271725	7.11
1995-1999	80	0.09028	0.08638	0.5	35028	3026	33515	235103	6.71
1995-1999	81	0.10098	0.09613	0.5	32003	3076	30464	201587	6.30
1995-1999	82	0.11380	0.10767	0.5	28926	3114	27369	171123	5.92
1995-1999	83	0.12095	0.11405	0.5	25812	2944	24340	143754	5.57
1995-1999	84	0.13582	0.12719	0.5	22868	2908	21414	119414	5.22
1995-1999	85	0.14270	0.13320	0.5	19959	2659	18630	98000	4.91
1995-1999	86	0.15994	0.14810	0.5	17301	2562	16020	79370	4.59
1995-1999	87	0.17773	0.16323	0.5	14739	2406	13536	63350	4.30
1995-1999	88	0.18825	0.17205	0.5	12333	2122	11272	49815	4.04
1995-1999	89	0.20864	0.18893	0.5	10211	1929	9246	38543	3.77
1995-1999	90	0.22399	0.20143	0.5	8282	1668	7448	29296	3.54
1995-1999	91	0.25399	0.22537	0.5	6614	1491	5868	21849	3.30
1995-1999	92	0.26904	0.23714	0.5	5123	1215	4516	15980	3.12
1995-1999	93	0.29091	0.25397	0.5	3908	993	3412	11465	2.93
1995-1999	94	0.31378	0.27123	0.5	2916	791	2520	8053	2.76
1995-1999	95	0.33760	0.28885	0.5	2125	614	1818	5532	2.60
1995-1999	96	0.36228	0.30672	0.5	1511	463	1279	3714	2.46
1995-1999	97	0.38770	0.32475	0.5	1048	340	878	2435	2.32
1995-1999	98	0.41374	0.34282	0.5	707	243	586	1558	2.20
1995-1999	99	0.44028	0.36085	0.5	465	168	381	971	2.09
1995-1999	100	0.46717	0.37871	0.5	297	113	241	590	1.99
1995-1999	101	0.49425	0.39631	0.5	185	73	148	350	1.89
1995-1999	102	0.52136	0.41355	0.5	111	46	88	202	1.81
1995-1999	103	0.54834	0.43035	0.5	65	28	51	113	1.73
1995-1999	104	0.57505	0.44663	0.5	37	17	29	62	1.66
1995-1999	105	0.60132	0.46232	0.5	21	10	16	33	1.60
1995-1999	106	0.62702	0.47736	0.5	11	5	8	17	1.54
1995-1999	107	0.65203	0.49172	0.5	6	3	4	9	1.49
1995-1999	108	0.67622	0.50535	0.5	3	1	2	4	1.44
1995-1999	109	0.69951	0.51825	0.5	1	1	1	2	1.41
1995-1999	110+	0.72181	1.00000	1.39	1	1	1	1	1.39
2000-2004	0	0.00785	0.00779	0.07	100000	779	99273	7227179	72.27
2000-2004	1	0.00067	0.00067	0.5	99221	66	99188	7127906	71.84
2000-2004	2	0.00042	0.00042	0.5	99155	41	99134	7028718	70.89
2000-2004	3	0.00031	0.00031	0.5	99114	31	99098	6929584	69.92
2000-2004	4	0.00022	0.00022	0.5	99083	22	99072	6830486	68.94
2000-2004	5	0.00012	0.00012	0.5	99061	12	99055	6731414	67.95
2000-2004	6	0.00022	0.00022	0.5	99049	21	99038	6632359	66.96
2000-2004	7	0.00015	0.00015	0.5	99027	15	99020	6533321	65.98
2000-2004	8	0.00018	0.00018	0.5	99012	17	99004	6434302	64.98
2000-2004	9	0.00019	0.00019	0.5	98995	19	98986	6335298	64.00
2000-2004	10	0.00021	0.00021	0.5	98976	21	98966	6236312	63.01
2000-2004	11	0.00026	0.00026	0.5	98955	26	98943	6137347	62.02
2000-2004	12	0.00018	0.00018	0.5	98930	18	98921	6038404	61.04
2000-2004	13	0.00029	0.00029	0.5	98912	29	98898	5939483	60.05
2000-2004	14	0.00039	0.00039	0.5	98883	39	98864	5840585	59.07
2000-2004	15	0.00050	0.00050	0.5	98844	49	98820	5741721	58.09
2000-2004	16	0.00086	0.00086	0.5	98795	84	98753	5642902	57.12
2000-2004	17	0.00119	0.00118	0.5	98711	117	98652	5544148	56.17
2000-2004	18	0.00133	0.00133	0.5	98594	131	98528	5445496	55.23
2000-2004	19	0.00159	0.00159	0.5	98463	157	98384	5346968	54.30
2000-2004	20	0.00160	0.00160	0.5	98306	157	98227	5248584	53.39
2000-2004	21	0.00168	0.00168	0.5	98149	164	98067	5150356	52.47
2000-2004	22	0.00137	0.00137	0.5	97984	135	97917	5052290	51.56
2000-2004	23	0.00153	0.00153	0.5	97850	149	97775	4954373	50.63
2000-2004	24	0.00173	0.00173	0.5	97700	169	97616	4856598	49.71
2000-2004	25	0.00170	0.00170	0.5	97532	166	97449	4758982	48.79
2000-2004	26	0.00192	0.00192	0.5	97366	187	97272	4661533	47.88
2000-2004	27	0.00167	0.00167	0.5	97179	163	97097	4564261	46.97
2000-2004	28	0.00182	0.00182	0.5	97016	176	96928	4467164	46.05
2000-2004	29	0.00167	0.00167	0.5	96840	162	96759	4370236	45.13
2000-2004	30	0.00170	0.00169	0.5	96678	164	96596	4273477	44.20
2000-2004	31	0.00178	0.00178	0.5	96514	172	96428	4176881	43.28
2000-2004	32	0.00173	0.00172	0.5	96342	166	96259	4080453	42.35
2000-2004	33	0.00197	0.00197	0.5	96176	190	96081	3984193	41.43
2000-2004	34	0.00220	0.00220	0.5	95987	211	95881	3888112	40.51
2000-2004	35	0.00213	0.00212	0.5	95775	203	95674	3792231	39.60
2000-2004	36	0.00217	0.00217	0.5	95572	207	95468	3696557	38.68
2000-2004	37	0.00236	0.00236	0.5	95365	225	95253	3601089	37.76
2000-2004	38	0.00268	0.00267	0.5	95140	254	95013	3505836	36.85
2000-2004	39	0.00299	0.00299	0.5	94886	283	94744	3410823	35.95
2000-2004	40	0.00327	0.00327	0.5	94603	309	94448	3316079	35.05
2000-2004	41	0.00355	0.00355	0.5	94294	334	94126	3221630	34.17
2000-2004	42	0.00363	0.00363	0.5	93959	341	93789	3127504	33.29
2000-2004	43	0.00407	0.00407	0.5	93618	381	93428	3033715	32.41
2000-2004	44	0.00425	0.00425	0.5	93238	396	93040	2940287	31.54
2000-2004	45	0.00457	0.00456	0.5	92842	424	92630	2847247	30.67
2000-2004	46	0.00509	0.00507	0.5	92418	469	92184	2754617	29.81
2000-2004	47	0.00516	0.00515	0.5	91950	473	91713	2662433	28.96
2000-2004	48	0.00589	0.00587	0.5	91476	537	91208	2570720	28.10
2000-2004	49	0.00620	0.00618	0.5	90939	562	90658	2479513	27.27
2000-2004	50	0.00684	0.00682	0.5	90377	616	90069	2388855	26.43
2000-2004	51	0.00670	0.00667	0.5	89761	599	89461	2298786	25.61
2000-2004	52	0.00752	0.00749	0.5	89162	668	88828	2209325	24.78
2000-2004	53	0.00828	0.00825	0.5	88494	730	88129	2120497	23.96
2000-2004	54	0.00845	0.00841	0.5	87764	738	87394	2032369	23.16
2000-2004	55	0.00988	0.00983	0.5	87025	856	86597	1944975	22.35
2000-2004	56	0.01066	0.01060	0.5	86169	914	85712	1858377	21.57
2000-2004	57	0.01154	0.01147	0.5	85256	978	84767	1772665	20.79
2000-2004	58	0.01299	0.01291	0.5	84278	1088	83734	1687898	20.03
2000-2004	59	0.01448	0.01437	0.5	83190	1196	82592	1604164	19.28
2000-2004	60	0.01493	0.01482	0.5	81994	1215	81387	1521572	18.56
2000-2004	61	0.01559	0.01547	0.5	80779	1250	80155	1440185	17.83
2000-2004	62	0.01822	0.01806	0.5	79530	1436	78812	1360030	17.10
2000-2004	63	0.02019	0.01999	0.5	78094	1561	77313	1281219	16.41
2000-2004	64	0.02151	0.02128	0.5	76533	1629	75718	1203905	15.73
2000-2004	65	0.02388	0.02360	0.5	74904	1768	74020	1128187	15.06
2000-2004	66	0.02583	0.02551	0.5	73136	1865	72204	1054167	14.41
2000-2004	67	0.02784	0.02746	0.5	71271	1957	70293	981963	13.78
2000-2004	68	0.03031	0.02986	0.5	69314	2070	68280	911670	13.15
2000-2004	69	0.03358	0.03303	0.5	67245	2221	66134	843391	12.54
2000-2004	70	0.03765	0.03696	0.5	65024	2403	63822	777257	11.95
2000-2004	71	0.03840	0.03768	0.5	62621	2360	61441	713434	11.39
2000-2004	72	0.04278	0.04189	0.5	60261	2524	58999	651994	10.82
2000-2004	73	0.04664	0.04558	0.5	57737	2632	56421	592995	10.27
2000-2004	74	0.05011	0.04889	0.5	55105	2694	53758	536574	9.74
2000-2004	75	0.05791	0.05628	0.5	52411	2950	50936	482815	9.21
2000-2004	76	0.06047	0.05870	0.5	49461	2903	48010	431879	8.73
2000-2004	77	0.06457	0.06255	0.5	46558	2912	45102	383869	8.24
2000-2004	78	0.07005	0.06768	0.5	43646	2954	42169	338767	7.76
2000-2004	79	0.07893	0.07593	0.5	40692	3090	39147	296598	7.29
2000-2004	80	0.08898	0.08519	0.5	37602	3203	36000	257451	6.85
2000-2004	81	0.09145	0.08745	0.5	34399	3008	32895	221451	6.44
2000-2004	82	0.10328	0.09821	0.5	31391	3083	29849	188556	6.01
2000-2004	83	0.11716	0.11068	0.5	28308	3133	26741	158707	5.61
2000-2004	84	0.12694	0.11936	0.5	25175	3005	23672	131966	5.24
2000-2004	85	0.13848	0.12951	0.5	22170	2871	20734	108293	4.88
2000-2004	86	0.15879	0.14711	0.5	19299	2839	17879	87559	4.54
2000-2004	87	0.18307	0.16772	0.5	16460	2761	15079	69680	4.23
2000-2004	88	0.18502	0.16935	0.5	13699	2320	12539	54600	3.99
2000-2004	89	0.20721	0.18776	0.5	11379	2137	10311	42061	3.70
2000-2004	90	0.23052	0.20670	0.5	9243	1910	8287	31750	3.44
2000-2004	91	0.25956	0.22974	0.5	7332	1685	6490	23463	3.20
2000-2004	92	0.27588	0.24244	0.5	5648	1369	4963	16973	3.01
2000-2004	93	0.30320	0.26329	0.5	4278	1126	3715	12010	2.81
2000-2004	94	0.32905	0.28256	0.5	3152	891	2707	8294	2.63
2000-2004	95	0.35597	0.30218	0.5	2261	683	1920	5588	2.47
2000-2004	96	0.38383	0.32203	0.5	1578	508	1324	3668	2.32
2000-2004	97	0.41248	0.34196	0.5	1070	366	887	2344	2.19
2000-2004	98	0.44174	0.36182	0.5	704	255	577	1457	2.07
2000-2004	99	0.47140	0.38148	0.5	449	171	364	881	1.96
2000-2004	100	0.50127	0.40081	0.5	278	111	222	517	1.86
2000-2004	101	0.53112	0.41967	0.5	167	70	132	295	1.77
2000-2004	102	0.56076	0.43796	0.5	97	42	75	163	1.69
2000-2004	103	0.58997	0.45558	0.5	54	25	42	88	1.62
2000-2004	104	0.61856	0.47244	0.5	30	14	23	46	1.55
2000-2004	105	0.64635	0.48848	0.5	16	8	12	23	1.49
2000-2004	106	0.67319	0.50366	0.5	8	4	6	11	1.44
2000-2004	107	0.69893	0.51793	0.5	4	2	3	6	1.39
2000-2004	108	0.72349	0.53129	0.5	2	1	1	3	1.35
2000-2004	109	0.74676	0.54374	0.5	1	0	1	1	1.32
2000-2004	110+	0.76870	1.00000	1.3	0	0	1	1	1.30
2005-2009	0	0.00790	0.00785	0.07	100000	785	99267	7295428	72.95
2005-2009	1	0.00043	0.00043	0.5	99215	43	99194	7196161	72.53
2005-2009	2	0.00036	0.00036	0.5	99172	36	99155	7096967	71.56
2005-2009	3	0.00034	0.00034	0.5	99137	34	99120	6997812	70.59
2005-2009	4	0.00025	0.00025	0.5	99103	25	99091	6898692	69.61
2005-2009	5	0.00018	0.00018	0.5	99078	18	99069	6799602	68.63
2005-2009	6	0.00021	0.00021	0.5	99060	21	99050	6700533	67.64
2005-2009	7	0.00015	0.00015	0.5	99039	15	99032	6601483	66.66
2005-2009	8	0.00021	0.00021	0.5	99025	21	99014	6502451	65.66
2005-2009	9	0.00013	0.00013	0.5	99004	13	98997	6403437	64.68
2005-2009	10	0.00014	0.00014	0.5	98991	14	98984	6304440	63.69
2005-2009	11	0.00029	0.00028	0.5	98977	28	98963	6205456	62.70
2005-2009	12	0.00018	0.00018	0.5	98949	18	98940	6106493	61.71
2005-2009	13	0.00022	0.00022	0.5	98931	22	98920	6007553	60.72
2005-2009	14	0.00035	0.00035	0.5	98909	35	98892	5908632	59.74
2005-2009	15	0.00043	0.00043	0.5	98875	43	98853	5809740	58.76
2005-2009	16	0.00084	0.00084	0.5	98832	83	98790	5710887	57.78
2005-2009	17	0.00094	0.00094	0.5	98749	93	98702	5612097	56.83
2005-2009	18	0.00124	0.00123	0.5	98656	122	98595	5513394	55.89
2005-2009	19	0.00139	0.00139	0.5	98534	137	98466	5414799	54.95
2005-2009	20	0.00145	0.00145	0.5	98397	143	98326	5316334	54.03
2005-2009	21	0.00177	0.00177	0.5	98255	174	98167	5218008	53.11
2005-2009	22	0.00154	0.00154	0.5	98080	151	98005	5119840	52.20
2005-2009	23	0.00168	0.00168	0.5	97929	164	97847	5021836	51.28
2005-2009	24	0.00159	0.00159	0.5	97765	156	97687	4923989	50.37
2005-2009	25	0.00195	0.00195	0.5	97609	190	97514	4826302	49.45
2005-2009	26	0.00192	0.00191	0.5	97419	186	97326	4728788	48.54
2005-2009	27	0.00173	0.00173	0.5	97232	168	97148	4631462	47.63
2005-2009	28	0.00193	0.00193	0.5	97064	187	96970	4534314	46.71
2005-2009	29	0.00220	0.00219	0.5	96877	213	96770	4437344	45.80
2005-2009	30	0.00218	0.00218	0.5	96664	211	96559	4340574	44.90
2005-2009	31	0.00226	0.00226	0.5	96453	218	96344	4244015	44.00
2005-2009	32	0.00205	0.00205	0.5	96236	197	96137	4147671	43.10
2005-2009	33	0.00218	0.00218	0.5	96038	209	95934	4051534	42.19
2005-2009	34	0.00213	0.00212	0.5	95829	204	95727	3955600	41.28
2005-2009	35	0.00225	0.00224	0.5	95625	215	95518	3859873	40.36
2005-2009	36	0.00254	0.00254	0.5	95411	242	95290	3764355	39.45
2005-2009	37	0.00254	0.00254	0.5	95169	242	95048	3669065	38.55
2005-2009	38	0.00266	0.00265	0.5	94927	252	94801	3574017	37.65
2005-2009	39	0.00300	0.00300	0.5	94676	284	94534	3479216	36.75
2005-2009	40	0.00305	0.00305	0.5	94392	288	94248	3384682	35.86
2005-2009	41	0.00342	0.00341	0.5	94104	321	93943	3290434	34.97
2005-2009	42	0.00376	0.00375	0.5	93783	352	93607	3196491	34.08
2005-2009	43	0.00404	0.00404	0.5	93431	377	93243	3102884	33.21
2005-2009	44	0.00440	0.00439	0.5	93054	409	92850	3009641	32.34
2005-2009	45	0.00464	0.00463	0.5	92645	429	92431	2916791	31.48
2005-2009	46	0.00535	0.00533	0.5	92217	492	91971	2824360	30.63
2005-2009	47	0.00517	0.00516	0.5	91725	473	91488	2732390	29.79
2005-2009	48	0.00589	0.00587	0.5	91252	536	90983	2640901	28.94
2005-2009	49	0.00623	0.00621	0.5	90715	563	90434	2549918	28.11
2005-2009	50	0.00674	0.00672	0.5	90152	606	89849	2459484	27.28
2005-2009	51	0.00783	0.00780	0.5	89546	698	89197	2369635	26.46
2005-2009	52	0.00778	0.00775	0.5	88848	689	88504	2280437	25.67
2005-2009	53	0.00849	0.00846	0.5	88159	746	87787	2191934	24.86
2005-2009	54	0.00902	0.00898	0.5	87414	785	87021	2104147	24.07
2005-2009	55	0.01000	0.00995	0.5	86629	862	86198	2017126	23.28
2005-2009	56	0.01002	0.00997	0.5	85767	855	85339	1930928	22.51
2005-2009	57	0.01069	0.01063	0.5	84912	903	84461	1845589	21.74
2005-2009	58	0.01175	0.01168	0.5	84009	981	83519	1761128	20.96
2005-2009	59	0.01270	0.01262	0.5	83028	1048	82504	1677609	20.21
2005-2009	60	0.01410	0.01401	0.5	81980	1148	81406	1595105	19.46
2005-2009	61	0.01412	0.01402	0.5	80832	1134	80265	1513699	18.73
2005-2009	62	0.01670	0.01657	0.5	79698	1320	79038	1433434	17.99
2005-2009	63	0.01801	0.01785	0.5	78378	1399	77679	1354396	17.28
2005-2009	64	0.01975	0.01956	0.5	76979	1506	76227	1276717	16.59
2005-2009	65	0.02151	0.02128	0.5	75474	1606	74671	1200490	15.91
2005-2009	66	0.02265	0.02240	0.5	73868	1654	73041	1125820	15.24
2005-2009	67	0.02567	0.02534	0.5	72213	1830	71299	1052779	14.58
2005-2009	68	0.02687	0.02651	0.5	70384	1866	69451	981481	13.94
2005-2009	69	0.02977	0.02934	0.5	68518	2010	67513	912030	13.31
2005-2009	70	0.03239	0.03187	0.5	66508	2120	65448	844517	12.70
2005-2009	71	0.03397	0.03340	0.5	64388	2151	63312	779070	12.10
2005-2009	72	0.03800	0.03729	0.5	62237	2321	61076	715757	11.50
2005-2009	73	0.04201	0.04114	0.5	59916	2465	58683	654681	10.93
2005-2009	74	0.04483	0.04385	0.5	57451	2519	56191	595998	10.37
2005-2009	75	0.05018	0.04895	0.5	54932	2689	53587	539806	9.83
2005-2009	76	0.05239	0.05105	0.5	52243	2667	50909	486219	9.31
2005-2009	77	0.05766	0.05605	0.5	49575	2779	48186	435310	8.78
2005-2009	78	0.06270	0.06080	0.5	46797	2845	45374	387124	8.27
2005-2009	79	0.07131	0.06885	0.5	43952	3026	42439	341750	7.78
2005-2009	80	0.07518	0.07245	0.5	40926	2965	39443	299311	7.31
2005-2009	81	0.08468	0.08124	0.5	37961	3084	36419	259868	6.85
2005-2009	82	0.09196	0.08791	0.5	34877	3066	33343	223449	6.41
2005-2009	83	0.10366	0.09855	0.5	31810	3135	30243	190106	5.98
2005-2009	84	0.11519	0.10891	0.5	28676	3123	27114	159863	5.57
2005-2009	85	0.12588	0.11843	0.5	25552	3026	24039	132749	5.20
2005-2009	86	0.14603	0.13609	0.5	22526	3066	20994	108710	4.83
2005-2009	87	0.15590	0.14463	0.5	19461	2815	18053	87716	4.51
2005-2009	88	0.17593	0.16171	0.5	16646	2692	15300	69663	4.18
2005-2009	89	0.18756	0.17148	0.5	13954	2393	12758	54362	3.90
2005-2009	90	0.21873	0.19717	0.5	11561	2280	10422	41604	3.60
2005-2009	91	0.24000	0.21428	0.5	9282	1989	8287	31183	3.36
2005-2009	92	0.26968	0.23764	0.5	7293	1733	6426	22895	3.14
2005-2009	93	0.28205	0.24719	0.5	5560	1374	4873	16469	2.96
2005-2009	94	0.30739	0.26644	0.5	4186	1115	3628	11596	2.77
2005-2009	95	0.33396	0.28618	0.5	3070	879	2631	7968	2.60
2005-2009	96	0.36163	0.30625	0.5	2192	671	1856	5337	2.44
2005-2009	97	0.39024	0.32653	0.5	1520	496	1272	3481	2.29
2005-2009	98	0.41963	0.34686	0.5	1024	355	846	2209	2.16
2005-2009	99	0.44961	0.36708	0.5	669	246	546	1362	2.04
2005-2009	100	0.47995	0.38706	0.5	423	164	341	816	1.93
2005-2009	101	0.51044	0.40665	0.5	259	106	207	475	1.83
2005-2009	102	0.54085	0.42573	0.5	154	66	121	268	1.74
2005-2009	103	0.57096	0.44416	0.5	88	39	69	147	1.66
2005-2009	104	0.60056	0.46187	0.5	49	23	38	78	1.59
2005-2009	105	0.62944	0.47876	0.5	26	13	20	40	1.53
2005-2009	106	0.65742	0.49478	0.5	14	7	10	20	1.47
2005-2009	107	0.68435	0.50988	0.5	7	4	5	10	1.42
2005-2009	108	0.71010	0.52404	0.5	3	2	3	5	1.38
2005-2009	109	0.73456	0.53724	0.5	2	1	1	2	1.34
2005-2009	110+	0.75766	1.00000	1.32	1	1	1	1	1.32
2010-2014	0	0.00765	0.00759	0.07	100000	759	99291	7333515	73.34
2010-2014	1	0.00039	0.00039	0.5	99241	38	99222	7234225	72.90
2010-2014	2	0.00034	0.00034	0.5	99202	33	99186	7135003	71.92
2010-2014	3	0.00032	0.00032	0.5	99169	32	99153	7035818	70.95
2010-2014	4	0.00028	0.00028	0.5	99137	28	99123	6936665	69.97
2010-2014	5	0.00019	0.00019	0.5	99109	19	99100	6837542	68.99
2010-2014	6	0.00014	0.00014	0.5	99090	14	99083	6738442	68.00
2010-2014	7	0.00012	0.00012	0.5	99076	12	99070	6639359	67.01
2010-2014	8	0.00014	0.00014	0.5	99064	14	99057	6540289	66.02
2010-2014	9	0.00015	0.00015	0.5	99049	15	99042	6441232	65.03
2010-2014	10	0.00013	0.00013	0.5	99034	13	99028	6342191	64.04
2010-2014	11	0.00016	0.00016	0.5	99021	16	99013	6243163	63.05
2010-2014	12	0.00014	0.00014	0.5	99005	14	98998	6144150	62.06
2010-2014	13	0.00027	0.00027	0.5	98991	27	98977	6045152	61.07
2010-2014	14	0.00027	0.00027	0.5	98964	27	98950	5946174	60.08
2010-2014	15	0.00032	0.00032	0.5	98937	32	98921	5847224	59.10
2010-2014	16	0.00049	0.00049	0.5	98905	48	98881	5748303	58.12
2010-2014	17	0.00059	0.00059	0.5	98856	58	98827	5649422	57.15
2010-2014	18	0.00096	0.00096	0.5	98798	94	98751	5550595	56.18
2010-2014	19	0.00114	0.00114	0.5	98704	113	98647	5451844	55.23
2010-2014	20	0.00125	0.00125	0.5	98591	123	98529	5353197	54.30
2010-2014	21	0.00142	0.00142	0.5	98468	140	98398	5254668	53.36
2010-2014	22	0.00135	0.00135	0.5	98328	133	98261	5156270	52.44
2010-2014	23	0.00136	0.00136	0.5	98194	134	98128	5058009	51.51
2010-2014	24	0.00148	0.00148	0.5	98061	145	97988	4959882	50.58
2010-2014	25	0.00155	0.00155	0.5	97916	151	97840	4861893	49.65
2010-2014	26	0.00175	0.00175	0.5	97764	171	97679	4764053	48.73
2010-2014	27	0.00179	0.00179	0.5	97593	175	97506	4666375	47.81
2010-2014	28	0.00199	0.00198	0.5	97418	193	97322	4568869	46.90
2010-2014	29	0.00199	0.00199	0.5	97225	193	97128	4471547	45.99
2010-2014	30	0.00208	0.00208	0.5	97032	201	96931	4374419	45.08
2010-2014	31	0.00227	0.00227	0.5	96830	220	96720	4277488	44.18
2010-2014	32	0.00215	0.00215	0.5	96611	207	96507	4180768	43.27
2010-2014	33	0.00245	0.00244	0.5	96403	236	96286	4084261	42.37
2010-2014	34	0.00243	0.00243	0.5	96168	233	96051	3987975	41.47
2010-2014	35	0.00239	0.00239	0.5	95934	229	95820	3891924	40.57
2010-2014	36	0.00261	0.00261	0.5	95705	250	95581	3796104	39.66
2010-2014	37	0.00267	0.00267	0.5	95456	255	95328	3700524	38.77
2010-2014	38	0.00293	0.00293	0.5	95201	279	95061	3605195	37.87
2010-2014	39	0.00301	0.00301	0.5	94922	285	94779	3510134	36.98
2010-2014	40	0.00312	0.00311	0.5	94637	295	94489	3415355	36.09
2010-2014	41	0.00343	0.00342	0.5	94342	323	94181	3320865	35.20
2010-2014	42	0.00372	0.00371	0.5	94019	349	93845	3226684	34.32
2010-2014	43	0.00377	0.00377	0.5	93670	353	93494	3132840	33.45
2010-2014	44	0.00408	0.00407	0.5	93317	380	93127	3039346	32.57
2010-2014	45	0.00460	0.00459	0.5	92938	427	92724	2946219	31.70
2010-2014	46	0.00506	0.00505	0.5	92511	467	92277	2853495	30.84
2010-2014	47	0.00566	0.00565	0.5	92044	520	91784	2761217	30.00
2010-2014	48	0.00601	0.00600	0.5	91524	549	91250	2669433	29.17
2010-2014	49	0.00673	0.00670	0.5	90975	610	90671	2578183	28.34
2010-2014	50	0.00736	0.00733	0.5	90366	663	90034	2487513	27.53
2010-2014	51	0.00803	0.00799	0.5	89703	717	89345	2397478	26.73
2010-2014	52	0.00836	0.00832	0.5	88986	740	88616	2308133	25.94
2010-2014	53	0.00922	0.00918	0.5	88246	810	87841	2219517	25.15
2010-2014	54	0.00928	0.00924	0.5	87436	808	87032	2131677	24.38
2010-2014	55	0.01033	0.01028	0.5	86628	890	86183	2044645	23.60
2010-2014	56	0.01140	0.01134	0.5	85738	972	85252	1958462	22.84
2010-2014	57	0.01198	0.01191	0.5	84766	1009	84261	1873210	22.10
2010-2014	58	0.01249	0.01241	0.5	83756	1039	83237	1788949	21.36
2010-2014	59	0.01318	0.01309	0.5	82717	1083	82176	1705712	20.62
2010-2014	60	0.01455	0.01445	0.5	81634	1179	81044	1623536	19.89
2010-2014	61	0.01477	0.01467	0.5	80455	1180	79865	1542492	19.17
2010-2014	62	0.01607	0.01594	0.5	79275	1264	78643	1462627	18.45
2010-2014	63	0.01768	0.01752	0.5	78011	1367	77327	1383984	17.74
2010-2014	64	0.01830	0.01813	0.5	76644	1390	75949	1306657	17.05
2010-2014	65	0.01994	0.01974	0.5	75254	1486	74511	1230708	16.35
2010-2014	66	0.02182	0.02158	0.5	73768	1592	72972	1156196	15.67
2010-2014	67	0.02357	0.02330	0.5	72177	1681	71336	1083224	15.01
2010-2014	68	0.02573	0.02540	0.5	70495	1791	69600	1011888	14.35
2010-2014	69	0.02854	0.02814	0.5	68704	1933	67738	942288	13.72
2010-2014	70	0.03078	0.03032	0.5	66771	2024	65759	874550	13.10
2010-2014	71	0.03216	0.03165	0.5	64747	2049	63723	808791	12.49
2010-2014	72	0.03703	0.03636	0.5	62698	2280	61558	745068	11.88
2010-2014	73	0.03911	0.03836	0.5	60419	2318	59260	683510	11.31
2010-2014	74	0.04298	0.04207	0.5	58101	2445	56879	624250	10.74
2010-2014	75	0.04676	0.04569	0.5	55656	2543	54385	567372	10.19
2010-2014	76	0.05173	0.05042	0.5	53113	2678	51774	512987	9.66
2010-2014	77	0.05604	0.05451	0.5	50435	2749	49060	461213	9.14
2010-2014	78	0.05978	0.05805	0.5	47686	2768	46302	412152	8.64
2010-2014	79	0.06687	0.06471	0.5	44918	2907	43465	365850	8.14
2010-2014	80	0.06866	0.06638	0.5	42011	2789	40617	322386	7.67
2010-2014	81	0.07765	0.07475	0.5	39223	2932	37757	281769	7.18
2010-2014	82	0.08718	0.08354	0.5	36291	3032	34775	244012	6.72
2010-2014	83	0.09910	0.09442	0.5	33259	3140	31689	209238	6.29
2010-2014	84	0.10428	0.09911	0.5	30119	2985	28626	177549	5.90
2010-2014	85	0.11404	0.10789	0.5	27133	2927	25670	148923	5.49
2010-2014	86	0.13267	0.12442	0.5	24206	3012	22700	123253	5.09
2010-2014	87	0.14627	0.13630	0.5	21194	2889	19750	100553	4.74
2010-2014	88	0.16553	0.15287	0.5	18305	2798	16906	80804	4.41
2010-2014	89	0.17504	0.16095	0.5	15507	2496	14259	63897	4.12
2010-2014	90	0.20478	0.18576	0.5	13011	2417	11803	49638	3.82
2010-2014	91	0.21718	0.19590	0.5	10594	2075	9557	37836	3.57
2010-2014	92	0.24253	0.21630	0.5	8519	1843	7597	28279	3.32
2010-2014	93	0.26577	0.23460	0.5	6676	1566	5893	20682	3.10
2010-2014	94	0.29039	0.25357	0.5	5110	1296	4462	14789	2.89
2010-2014	95	0.31630	0.27311	0.5	3814	1042	3293	10327	2.71
2010-2014	96	0.34341	0.29308	0.5	2773	813	2366	7033	2.54
2010-2014	97	0.37157	0.31336	0.5	1960	614	1653	4667	2.38
2010-2014	98	0.40064	0.33378	0.5	1346	449	1121	3014	2.24
2010-2014	99	0.43043	0.35420	0.5	897	318	738	1893	2.11
2010-2014	100	0.46072	0.37446	0.5	579	217	471	1155	1.99
2010-2014	101	0.49131	0.39442	0.5	362	143	291	685	1.89
2010-2014	102	0.52196	0.41393	0.5	219	91	174	394	1.80
2010-2014	103	0.55245	0.43288	0.5	129	56	101	220	1.71
2010-2014	104	0.58255	0.45114	0.5	73	33	56	119	1.63
2010-2014	105	0.61205	0.46864	0.5	40	19	31	63	1.56
2010-2014	106	0.64075	0.48528	0.5	21	10	16	32	1.50
2010-2014	107	0.66847	0.50102	0.5	11	5	8	16	1.45
2010-2014	108	0.69508	0.51581	0.5	5	3	4	8	1.40
2010-2014	109	0.72044	0.52965	0.5	3	1	2	4	1.37
2010-2014	110+	0.74447	1.00000	1.34	1	1	2	2	1.34
2015-2017	0	0.00715	0.00710	0.06	100000	710	99335	7271446	72.71
2015-2017	1	0.00048	0.00048	0.5	99290	48	99266	7172110	72.23
2015-2017	2	0.00032	0.00032	0.5	99242	31	99226	7072845	71.27
2015-2017	3	0.00025	0.00025	0.5	99211	24	99198	6973618	70.29
2015-2017	4	0.00019	0.00019	0.5	99186	19	99177	6874420	69.31
2015-2017	5	0.00018	0.00018	0.5	99168	18	99159	6775243	68.32
2015-2017	6	0.00015	0.00015	0.5	99150	15	99142	6676084	67.33
2015-2017	7	0.00012	0.00012	0.5	99135	12	99129	6576942	66.34
2015-2017	8	0.00016	0.00016	0.5	99123	16	99115	6477813	65.35
2015-2017	9	0.00015	0.00015	0.5	99107	15	99100	6378697	64.36
2015-2017	10	0.00023	0.00023	0.5	99092	23	99081	6279598	63.37
2015-2017	11	0.00021	0.00021	0.5	99070	21	99059	6180517	62.39
2015-2017	12	0.00016	0.00016	0.5	99049	16	99041	6081457	61.40
2015-2017	13	0.00017	0.00017	0.5	99033	17	99025	5982416	60.41
2015-2017	14	0.00041	0.00041	0.5	99016	41	98996	5883391	59.42
2015-2017	15	0.00047	0.00047	0.5	98975	46	98952	5784396	58.44
2015-2017	16	0.00051	0.00051	0.5	98929	50	98904	5685444	57.47
2015-2017	17	0.00092	0.00092	0.5	98879	91	98833	5586540	56.50
2015-2017	18	0.00118	0.00118	0.5	98788	117	98730	5487706	55.55
2015-2017	19	0.00137	0.00137	0.5	98671	135	98604	5388977	54.62
2015-2017	20	0.00121	0.00121	0.5	98536	119	98477	5290373	53.69
2015-2017	21	0.00159	0.00158	0.5	98418	156	98340	5191896	52.75
2015-2017	22	0.00144	0.00144	0.5	98262	142	98191	5093556	51.84
2015-2017	23	0.00158	0.00158	0.5	98120	155	98043	4995365	50.91
2015-2017	24	0.00180	0.00180	0.5	97965	176	97877	4897322	49.99
2015-2017	25	0.00193	0.00193	0.5	97789	188	97695	4799445	49.08
2015-2017	26	0.00208	0.00208	0.5	97600	203	97499	4701751	48.17
2015-2017	27	0.00229	0.00229	0.5	97397	223	97286	4604252	47.27
2015-2017	28	0.00245	0.00244	0.5	97174	237	97056	4506966	46.38
2015-2017	29	0.00239	0.00239	0.5	96937	232	96821	4409910	45.49
2015-2017	30	0.00227	0.00226	0.5	96705	219	96596	4313089	44.60
2015-2017	31	0.00233	0.00233	0.5	96486	225	96374	4216493	43.70
2015-2017	32	0.00291	0.00290	0.5	96262	279	96122	4120119	42.80
2015-2017	33	0.00268	0.00268	0.5	95982	257	95854	4023997	41.92
2015-2017	34	0.00328	0.00327	0.5	95725	313	95569	3928144	41.04
2015-2017	35	0.00306	0.00306	0.5	95412	292	95266	3832575	40.17
2015-2017	36	0.00342	0.00341	0.5	95120	325	94958	3737309	39.29
2015-2017	37	0.00328	0.00327	0.5	94795	310	94640	3642351	38.42
2015-2017	38	0.00331	0.00330	0.5	94485	312	94329	3547711	37.55
2015-2017	39	0.00364	0.00363	0.5	94173	342	94002	3453382	36.67
2015-2017	40	0.00400	0.00399	0.5	93831	374	93644	3359380	35.80
2015-2017	41	0.00383	0.00382	0.5	93457	357	93278	3265736	34.94
2015-2017	42	0.00452	0.00451	0.5	93100	419	92890	3172457	34.08
2015-2017	43	0.00425	0.00424	0.5	92681	393	92484	3079567	33.23
2015-2017	44	0.00450	0.00449	0.5	92287	414	92080	2987083	32.37
2015-2017	45	0.00478	0.00477	0.5	91873	438	91654	2895003	31.51
2015-2017	46	0.00518	0.00517	0.5	91435	473	91199	2803349	30.66
2015-2017	47	0.00600	0.00598	0.5	90962	544	90690	2712150	29.82
2015-2017	48	0.00604	0.00602	0.5	90418	544	90146	2621460	28.99
2015-2017	49	0.00697	0.00694	0.5	89874	624	89562	2531314	28.17
2015-2017	50	0.00748	0.00745	0.5	89250	665	88918	2441751	27.36
2015-2017	51	0.00807	0.00803	0.5	88585	712	88230	2352834	26.56
2015-2017	52	0.00907	0.00903	0.5	87874	794	87477	2264604	25.77
2015-2017	53	0.00925	0.00921	0.5	87080	802	86679	2177127	25.00
2015-2017	54	0.01040	0.01034	0.5	86278	892	85832	2090448	24.23
2015-2017	55	0.01151	0.01144	0.5	85386	977	84897	2004616	23.48
2015-2017	56	0.01253	0.01246	0.5	84409	1051	83883	1919719	22.74
2015-2017	57	0.01340	0.01331	0.5	83358	1109	82803	1835835	22.02
2015-2017	58	0.01432	0.01422	0.5	82248	1169	81663	1753033	21.31
2015-2017	59	0.01441	0.01431	0.5	81079	1160	80499	1671369	20.61
2015-2017	60	0.01527	0.01515	0.5	79919	1211	79313	1590871	19.91
2015-2017	61	0.01641	0.01627	0.5	78708	1281	78067	1511558	19.20
2015-2017	62	0.01754	0.01739	0.5	77427	1347	76753	1433490	18.51
2015-2017	63	0.01898	0.01881	0.5	76080	1431	75365	1356737	17.83
2015-2017	64	0.01970	0.01951	0.5	74649	1457	73921	1281372	17.17
2015-2017	65	0.02077	0.02056	0.5	73193	1505	72441	1207451	16.50
2015-2017	66	0.02286	0.02261	0.5	71688	1621	70878	1135011	15.83
2015-2017	67	0.02375	0.02347	0.5	70068	1645	69245	1064133	15.19
2015-2017	68	0.02581	0.02548	0.5	68423	1743	67552	994887	14.54
2015-2017	69	0.02675	0.02640	0.5	66680	1760	65800	927336	13.91
2015-2017	70	0.03129	0.03081	0.5	64920	2000	63920	861536	13.27
2015-2017	71	0.03198	0.03147	0.5	62920	1980	61930	797616	12.68
2015-2017	72	0.03636	0.03571	0.5	60940	2176	59851	735686	12.07
2015-2017	73	0.03839	0.03766	0.5	58763	2213	57657	675835	11.50
2015-2017	74	0.04349	0.04256	0.5	56550	2407	55347	618178	10.93
2015-2017	75	0.04522	0.04422	0.5	54143	2394	52946	562832	10.40
2015-2017	76	0.05041	0.04917	0.5	51749	2544	50477	509885	9.85
2015-2017	77	0.05479	0.05333	0.5	49205	2624	47892	459409	9.34
2015-2017	78	0.05907	0.05738	0.5	46580	2673	45244	411516	8.83
2015-2017	79	0.06569	0.06360	0.5	43908	2793	42511	366272	8.34
2015-2017	80	0.07146	0.06899	0.5	41115	2837	39697	323761	7.87
2015-2017	81	0.07716	0.07429	0.5	38278	2844	36856	284065	7.42
2015-2017	82	0.08286	0.07956	0.5	35435	2819	34025	247208	6.98
2015-2017	83	0.08804	0.08433	0.5	32615	2750	31240	213183	6.54
2015-2017	84	0.10207	0.09712	0.5	29865	2900	28415	181943	6.09
2015-2017	85	0.10799	0.10246	0.5	26965	2763	25583	153528	5.69
2015-2017	86	0.12789	0.12020	0.5	24202	2909	22747	127945	5.29
2015-2017	87	0.13613	0.12745	0.5	21293	2714	19936	105197	4.94
2015-2017	88	0.15221	0.14144	0.5	18579	2628	17265	85261	4.59
2015-2017	89	0.17128	0.15777	0.5	15951	2517	14693	67996	4.26
2015-2017	90	0.19834	0.18045	0.5	13435	2424	12222	53304	3.97
2015-2017	91	0.20013	0.18193	0.5	11010	2003	10009	41081	3.73
2015-2017	92	0.23132	0.20734	0.5	9007	1868	8073	31072	3.45
2015-2017	93	0.25339	0.22490	0.5	7140	1606	6337	22999	3.22
2015-2017	94	0.27680	0.24315	0.5	5534	1346	4861	16662	3.01
2015-2017	95	0.30151	0.26201	0.5	4188	1097	3640	11801	2.82
2015-2017	96	0.32742	0.28136	0.5	3091	870	2656	8161	2.64
2015-2017	97	0.35443	0.30107	0.5	2221	669	1887	5505	2.48
2015-2017	98	0.38240	0.32102	0.5	1553	498	1303	3618	2.33
2015-2017	99	0.41117	0.34105	0.5	1054	360	874	2315	2.20
2015-2017	100	0.44056	0.36103	0.5	695	251	569	1441	2.07
2015-2017	101	0.47037	0.38081	0.5	444	169	359	871	1.96
2015-2017	102	0.50040	0.40026	0.5	275	110	220	512	1.86
2015-2017	103	0.53042	0.41924	0.5	165	69	130	292	1.77
2015-2017	104	0.56023	0.43764	0.5	96	42	75	162	1.69
2015-2017	105	0.58961	0.45536	0.5	54	25	42	87	1.62
2015-2017	106	0.61836	0.47233	0.5	29	14	22	46	1.55
2015-2017	107	0.64630	0.48846	0.5	15	8	12	23	1.50
2015-2017	108	0.67328	0.50371	0.5	8	4	6	11	1.45
2015-2017	109	0.69916	0.51806	0.5	4	2	3	6	1.41
2015-2017	110+	0.72384	1.00000	1.38	2	2	3	3	1.38
