IL: Illinois, Lifetables (period 5x5), Females Last modified: 3 Dec 2019, MPv5 (May07) 

Year     	Age	mx	qx	ax	lx	dx	Lx	Tx	ex
1960-1964	0	0.02136	0.02096	0.11	100000	2096	98140	7318101	73.18
1960-1964	1-4	0.00089	0.00355	1.57	97904	347	390770	7219961	73.75
1960-1964	5-9	0.00037	0.00183	2.16	97557	178	487278	6829191	70.00
1960-1964	10-14	0.00032	0.00159	2.6	97379	155	486521	6341913	65.13
1960-1964	15-19	0.00054	0.00269	2.76	97224	261	485532	5855392	60.23
1960-1964	20-24	0.00070	0.00349	2.55	96962	338	483983	5369859	55.38
1960-1964	25-29	0.00088	0.00438	2.61	96624	423	482107	4885876	50.57
1960-1964	30-34	0.00126	0.00626	2.64	96201	602	479581	4403769	45.78
1960-1964	35-39	0.00194	0.00966	2.6	95599	923	475779	3924189	41.05
1960-1964	40-44	0.00286	0.01418	2.64	94675	1343	470202	3448410	36.42
1960-1964	45-49	0.00442	0.02186	2.66	93333	2040	461884	2978208	31.91
1960-1964	50-54	0.00668	0.03289	2.64	91293	3003	449374	2516324	27.56
1960-1964	55-59	0.00971	0.04748	2.64	88290	4192	431545	2066950	23.41
1960-1964	60-64	0.01494	0.07216	2.64	84098	6069	406186	1635405	19.45
1960-1964	65-69	0.02362	0.11184	2.63	78029	8727	369425	1229219	15.75
1960-1964	70-74	0.03841	0.17602	2.63	69303	12199	317583	859794	12.41
1960-1964	75-79	0.06070	0.26432	2.56	57104	15094	248639	542211	9.50
1960-1964	80-84	0.10207	0.40620	2.49	42011	17065	167180	293572	6.99
1960-1964	85-89	0.16417	0.57146	2.34	24946	14256	86834	126392	5.07
1960-1964	90-94	0.24527	0.72281	2.16	10690	7727	31504	39558	3.70
1960-1964	95-99	0.35248	0.84600	1.93	2963	2507	7112	8054	2.72
1960-1964	100-104	0.47646	0.92262	1.68	456	421	884	942	2.06
1960-1964	105-109	0.60410	0.96203	1.46	35	34	56	58	1.65
1960-1964	110+	0.70386	1.00000	1.42	1	1	2	2	1.42
1965-1969	0	0.02143	0.02103	0.11	100000	2103	98135	7337791	73.38
1965-1969	1-4	0.00083	0.00332	1.6	97897	325	390807	7239656	73.95
1965-1969	5-9	0.00034	0.00171	2.24	97572	166	487402	6848849	70.19
1965-1969	10-14	0.00029	0.00145	2.69	97406	141	486703	6361448	65.31
1965-1969	15-19	0.00062	0.00309	2.7	97265	300	485634	5874745	60.40
1965-1969	20-24	0.00075	0.00374	2.56	96965	363	483936	5389111	55.58
1965-1969	25-29	0.00089	0.00446	2.58	96602	431	481966	4905175	50.78
1965-1969	30-34	0.00135	0.00673	2.64	96171	647	479329	4423209	45.99
1965-1969	35-39	0.00201	0.00999	2.68	95524	954	475403	3943881	41.29
1965-1969	40-44	0.00301	0.01493	2.67	94569	1412	469559	3468478	36.68
1965-1969	45-49	0.00454	0.02246	2.62	93158	2092	460807	2998918	32.19
1965-1969	50-54	0.00655	0.03227	2.65	91066	2939	448416	2538111	27.87
1965-1969	55-59	0.00948	0.04635	2.63	88127	4085	430967	2089695	23.71
1965-1969	60-64	0.01430	0.06914	2.61	84042	5810	406317	1658729	19.74
1965-1969	65-69	0.02270	0.10772	2.63	78232	8427	371191	1252412	16.01
1965-1969	70-74	0.03646	0.16780	2.63	69805	11713	321261	881221	12.62
1965-1969	75-79	0.05945	0.25963	2.56	58092	15082	253682	559960	9.64
1965-1969	80-84	0.09919	0.39740	2.5	43010	17092	172310	306278	7.12
1965-1969	85-89	0.15899	0.55944	2.35	25918	14500	91200	133969	5.17
1965-1969	90-94	0.24181	0.71933	2.18	11418	8213	33966	42769	3.75
1965-1969	95-99	0.34822	0.84249	1.94	3205	2700	7754	8802	2.75
1965-1969	100-104	0.47310	0.92127	1.69	505	465	983	1049	2.08
1965-1969	105-109	0.60213	0.96168	1.46	40	38	63	66	1.65
1965-1969	110+	0.70308	1.00000	1.42	2	2	2	2	1.42
1970-1974	0	0.01832	0.01802	0.1	100000	1802	98386	7440495	74.40
1970-1974	1-4	0.00072	0.00287	1.6	98198	282	392115	7342109	74.77
1970-1974	5-9	0.00032	0.00158	2.35	97916	154	489172	6949994	70.98
1970-1974	10-14	0.00030	0.00152	2.63	97762	148	488458	6460822	66.09
1970-1974	15-19	0.00062	0.00307	2.73	97614	300	487387	5972364	61.18
1970-1974	20-24	0.00075	0.00372	2.46	97313	362	485648	5484977	56.36
1970-1974	25-29	0.00084	0.00421	2.57	96952	408	483767	4999329	51.57
1970-1974	30-34	0.00121	0.00602	2.69	96544	581	481377	4515562	46.77
1970-1974	35-39	0.00181	0.00899	2.69	95962	863	477821	4034185	42.04
1970-1974	40-44	0.00286	0.01423	2.7	95099	1353	472381	3556364	37.40
1970-1974	45-49	0.00426	0.02107	2.64	93746	1975	464066	3083983	32.90
1970-1974	50-54	0.00610	0.03005	2.64	91771	2757	452359	2619916	28.55
1970-1974	55-59	0.00911	0.04457	2.62	89014	3968	435611	2167557	24.35
1970-1974	60-64	0.01357	0.06576	2.64	85046	5592	412045	1731947	20.36
1970-1974	65-69	0.02075	0.09886	2.62	79454	7855	378598	1319902	16.61
1970-1974	70-74	0.03337	0.15462	2.63	71599	11071	331777	941304	13.15
1970-1974	75-79	0.05578	0.24573	2.58	60528	14873	266651	609527	10.07
1970-1974	80-84	0.09105	0.37164	2.53	45654	16967	186357	342876	7.51
1970-1974	85-89	0.14712	0.53104	2.38	28687	15234	103548	156518	5.46
1970-1974	90-94	0.22773	0.69659	2.21	13453	9371	41150	52971	3.94
1970-1974	95-99	0.32785	0.82375	1.98	4082	3362	10256	11821	2.90
1970-1974	100-104	0.45045	0.91068	1.73	719	655	1454	1565	2.17
1970-1974	105-109	0.57993	0.95662	1.5	64	61	106	110	1.71
1970-1974	110+	0.68277	1.00000	1.46	3	3	4	4	1.46
1975-1979	0	0.01485	0.01465	0.09	100000	1465	98673	7634890	76.35
1975-1979	1-4	0.00063	0.00251	1.63	98535	248	393551	7536217	76.48
1975-1979	5-9	0.00026	0.00131	2.38	98287	129	491095	7142666	72.67
1975-1979	10-14	0.00024	0.00118	2.74	98158	116	490526	6651570	67.76
1975-1979	15-19	0.00059	0.00295	2.77	98042	289	489562	6161044	62.84
1975-1979	20-24	0.00067	0.00332	2.48	97752	325	487944	5671482	58.02
1975-1979	25-29	0.00072	0.00359	2.61	97427	350	486301	5183538	53.20
1975-1979	30-34	0.00093	0.00462	2.6	97078	448	484313	4697237	48.39
1975-1979	35-39	0.00143	0.00715	2.64	96630	691	481517	4212923	43.60
1975-1979	40-44	0.00234	0.01161	2.63	95939	1114	477059	3731406	38.89
1975-1979	45-49	0.00352	0.01744	2.67	94825	1654	470269	3254347	34.32
1975-1979	50-54	0.00546	0.02694	2.64	93171	2510	459934	2784078	29.88
1975-1979	55-59	0.00801	0.03929	2.66	90661	3562	444973	2324144	25.64
1975-1979	60-64	0.01202	0.05843	2.62	87099	5089	423379	1879171	21.58
1975-1979	65-69	0.01812	0.08688	2.63	82010	7125	393190	1455792	17.75
1975-1979	70-74	0.02846	0.13332	2.64	74884	9984	350833	1062603	14.19
1975-1979	75-79	0.04610	0.20753	2.6	64900	13468	292138	711770	10.97
1975-1979	80-84	0.07916	0.33153	2.55	51432	17051	215393	419632	8.16
1975-1979	85-89	0.13004	0.48712	2.43	34381	16747	128786	204239	5.94
1975-1979	90-94	0.20380	0.65312	2.25	17633	11517	56509	75453	4.28
1975-1979	95-99	0.30305	0.79835	2.04	6117	4883	16113	18943	3.10
1975-1979	100-104	0.42496	0.89735	1.78	1233	1107	2604	2830	2.29
1975-1979	105-109	0.55711	0.95090	1.54	127	120	216	225	1.78
1975-1979	110+	0.66367	1.00000	1.51	6	6	9	9	1.51
1980-1984	0	0.01210	0.01197	0.09	100000	1197	98907	7741838	77.42
1980-1984	1-4	0.00048	0.00191	1.62	98803	188	394765	7642930	77.35
1980-1984	5-9	0.00023	0.00114	2.24	98615	113	492764	7248166	73.50
1980-1984	10-14	0.00022	0.00110	2.73	98502	109	492264	6755402	68.58
1980-1984	15-19	0.00046	0.00230	2.72	98394	226	491452	6263138	63.65
1980-1984	20-24	0.00054	0.00271	2.53	98167	267	490179	5771685	58.79
1980-1984	25-29	0.00063	0.00316	2.61	97901	309	488764	5281506	53.95
1980-1984	30-34	0.00078	0.00387	2.65	97591	378	487069	4792742	49.11
1980-1984	35-39	0.00118	0.00587	2.73	97214	571	484773	4305673	44.29
1980-1984	40-44	0.00199	0.00990	2.7	96643	957	481010	3820900	39.54
1980-1984	45-49	0.00315	0.01564	2.68	95686	1497	474958	3339890	34.90
1980-1984	50-54	0.00506	0.02502	2.64	94190	2357	465380	2864932	30.42
1980-1984	55-59	0.00761	0.03737	2.66	91833	3432	451123	2399552	26.13
1980-1984	60-64	0.01167	0.05677	2.64	88401	5018	430153	1948429	22.04
1980-1984	65-69	0.01739	0.08351	2.62	83383	6963	400356	1518276	18.21
1980-1984	70-74	0.02718	0.12764	2.62	76419	9754	358897	1117920	14.63
1980-1984	75-79	0.04295	0.19462	2.59	66665	12974	302057	759023	11.39
1980-1984	80-84	0.07346	0.31156	2.56	53691	16728	227704	456966	8.51
1980-1984	85-89	0.12135	0.46328	2.45	36963	17124	141111	229262	6.20
1980-1984	90-94	0.19437	0.63723	2.3	19839	12642	65041	88151	4.44
1980-1984	95-99	0.29027	0.78388	2.07	7197	5642	19436	23110	3.21
1980-1984	100-104	0.41155	0.88956	1.81	1555	1384	3362	3674	2.36
1980-1984	105-109	0.54490	0.94753	1.56	172	163	299	313	1.82
1980-1984	110+	0.65330	1.00000	1.53	9	9	14	14	1.53
1985-1989	0	0.01090	0.01080	0.08	100000	1080	99011	7785339	77.85
1985-1989	1-4	0.00046	0.00184	1.47	98920	182	395221	7686328	77.70
1985-1989	5-9	0.00019	0.00094	2.39	98738	93	493447	7291108	73.84
1985-1989	10-14	0.00019	0.00097	2.68	98645	95	493004	6797661	68.91
1985-1989	15-19	0.00044	0.00218	2.68	98550	215	492249	6304657	63.97
1985-1989	20-24	0.00053	0.00266	2.56	98334	261	491034	5812408	59.11
1985-1989	25-29	0.00062	0.00312	2.58	98073	306	489625	5321373	54.26
1985-1989	30-34	0.00081	0.00404	2.61	97768	395	487893	4831748	49.42
1985-1989	35-39	0.00119	0.00596	2.68	97373	580	485516	4343855	44.61
1985-1989	40-44	0.00180	0.00896	2.69	96793	868	481955	3858339	39.86
1985-1989	45-49	0.00290	0.01440	2.68	95925	1382	476424	3376384	35.20
1985-1989	50-54	0.00491	0.02428	2.69	94543	2295	467422	2899960	30.67
1985-1989	55-59	0.00743	0.03650	2.65	92248	3367	453332	2432538	26.37
1985-1989	60-64	0.01161	0.05652	2.64	88881	5024	432553	1979206	22.27
1985-1989	65-69	0.01707	0.08199	2.61	83858	6875	402842	1546653	18.44
1985-1989	70-74	0.02664	0.12530	2.63	76982	9646	362031	1143812	14.86
1985-1989	75-79	0.04143	0.18848	2.61	67336	12691	306344	781780	11.61
1985-1989	80-84	0.06996	0.29884	2.56	54645	16330	233420	475436	8.70
1985-1989	85-89	0.11693	0.45075	2.46	38315	17270	147697	242016	6.32
1985-1989	90-94	0.19143	0.63053	2.29	21044	13269	69317	94319	4.48
1985-1989	95-99	0.28937	0.78329	2.07	7775	6090	21046	25002	3.22
1985-1989	100-104	0.41418	0.89155	1.81	1685	1502	3627	3956	2.35
1985-1989	105-109	0.55139	0.94963	1.55	183	174	315	329	1.80
1985-1989	110+	0.66255	1.00000	1.51	9	9	14	14	1.51
1990-1994	0	0.00948	0.00939	0.08	100000	939	99135	7848236	78.48
1990-1994	1-4	0.00042	0.00167	1.59	99061	166	395843	7749100	78.23
1990-1994	5-9	0.00018	0.00092	2.45	98895	91	494244	7353257	74.35
1990-1994	10-14	0.00018	0.00092	2.89	98804	91	493830	6859013	69.42
1990-1994	15-19	0.00047	0.00236	2.62	98714	233	493014	6365183	64.48
1990-1994	20-24	0.00050	0.00248	2.54	98481	244	491804	5872169	59.63
1990-1994	25-29	0.00061	0.00306	2.61	98237	300	490466	5380365	54.77
1990-1994	30-34	0.00082	0.00408	2.61	97936	399	488725	4889899	49.93
1990-1994	35-39	0.00119	0.00593	2.6	97537	579	486297	4401174	45.12
1990-1994	40-44	0.00179	0.00892	2.66	96958	865	482768	3914877	40.38
1990-1994	45-49	0.00277	0.01375	2.72	96093	1321	477448	3432109	35.72
1990-1994	50-54	0.00442	0.02186	2.68	94772	2071	469058	2954661	31.18
1990-1994	55-59	0.00709	0.03486	2.67	92701	3232	455987	2485602	26.81
1990-1994	60-64	0.01089	0.05310	2.64	89469	4751	436148	2029616	22.69
1990-1994	65-69	0.01676	0.08057	2.63	84718	6826	407382	1593468	18.81
1990-1994	70-74	0.02536	0.11955	2.61	77892	9312	367250	1186086	15.23
1990-1994	75-79	0.03893	0.17803	2.6	68580	12209	313596	818836	11.94
1990-1994	80-84	0.06743	0.28962	2.57	56371	16326	242116	505240	8.96
1990-1994	85-89	0.11095	0.43367	2.48	40045	17367	156522	263124	6.57
1990-1994	90-94	0.17904	0.60619	2.34	22679	13748	76785	106602	4.70
1990-1994	95-99	0.27681	0.76766	2.1	8931	6856	24768	29817	3.34
1990-1994	100-104	0.39822	0.88134	1.84	2075	1829	4592	5049	2.43
1990-1994	105-109	0.53374	0.94433	1.58	246	233	436	457	1.86
1990-1994	110+	0.64478	1.00000	1.55	14	14	21	21	1.55
1995-1999	0	0.00829	0.00822	0.08	100000	822	99240	7896828	78.97
1995-1999	1-4	0.00033	0.00130	1.56	99178	129	396397	7797587	78.62
1995-1999	5-9	0.00015	0.00077	2.36	99049	76	495044	7401191	74.72
1995-1999	10-14	0.00018	0.00092	2.71	98973	91	494657	6906147	69.78
1995-1999	15-19	0.00043	0.00217	2.62	98882	214	493900	6411490	64.84
1995-1999	20-24	0.00046	0.00231	2.47	98668	228	492763	5917590	59.97
1995-1999	25-29	0.00058	0.00288	2.52	98440	283	491496	5424827	55.11
1995-1999	30-34	0.00077	0.00383	2.67	98156	376	489906	4933331	50.26
1995-1999	35-39	0.00117	0.00586	2.68	97781	573	487574	4443425	45.44
1995-1999	40-44	0.00171	0.00853	2.62	97208	830	484069	3955851	40.69
1995-1999	45-49	0.00259	0.01285	2.68	96378	1238	479016	3471782	36.02
1995-1999	50-54	0.00399	0.01975	2.67	95140	1879	471314	2992766	31.46
1995-1999	55-59	0.00650	0.03202	2.66	93261	2986	459306	2521452	27.04
1995-1999	60-64	0.01050	0.05124	2.68	90274	4626	440628	2062145	22.84
1995-1999	65-69	0.01591	0.07668	2.66	85649	6567	412865	1621517	18.93
1995-1999	70-74	0.02472	0.11669	2.61	79081	9228	373307	1208653	15.28
1995-1999	75-79	0.03830	0.17549	2.62	69853	12258	320033	835345	11.96
1995-1999	80-84	0.06655	0.28658	2.58	57595	16505	248019	515313	8.95
1995-1999	85-89	0.11105	0.43436	2.49	41090	17848	160718	267294	6.51
1995-1999	90-94	0.18429	0.61670	2.32	23242	14333	77775	106576	4.59
1995-1999	95-99	0.28706	0.78107	2.08	8908	6958	24239	28800	3.23
1995-1999	100-104	0.41566	0.89289	1.81	1950	1741	4190	4561	2.34
1995-1999	105-109	0.55725	0.95152	1.54	209	199	357	372	1.78
1995-1999	110+	0.67158	1.00000	1.49	10	10	15	15	1.49
2000-2004	0	0.00737	0.00732	0.07	100000	732	99322	7955313	79.55
2000-2004	1-4	0.00027	0.00108	1.57	99268	108	396811	7855992	79.14
2000-2004	5-9	0.00012	0.00061	2.44	99161	61	495647	7459180	75.22
2000-2004	10-14	0.00013	0.00067	2.58	99100	66	495340	6963533	70.27
2000-2004	15-19	0.00037	0.00185	2.76	99034	183	494759	6468193	65.31
2000-2004	20-24	0.00044	0.00221	2.45	98851	219	493695	5973435	60.43
2000-2004	25-29	0.00047	0.00237	2.66	98632	234	492612	5479739	55.56
2000-2004	30-34	0.00070	0.00351	2.61	98398	346	491163	4987127	50.68
2000-2004	35-39	0.00108	0.00538	2.7	98052	528	489049	4495963	45.85
2000-2004	40-44	0.00168	0.00835	2.66	97525	814	485720	4006915	41.09
2000-2004	45-49	0.00262	0.01302	2.63	96711	1259	480567	3521195	36.41
2000-2004	50-54	0.00373	0.01848	2.64	95452	1764	473095	3040628	31.86
2000-2004	55-59	0.00601	0.02964	2.7	93688	2777	462039	2567532	27.41
2000-2004	60-64	0.00957	0.04681	2.66	90911	4256	444613	2105493	23.16
2000-2004	65-69	0.01515	0.07313	2.64	86655	6337	418344	1660880	19.17
2000-2004	70-74	0.02344	0.11101	2.63	80318	8916	380443	1242536	15.47
2000-2004	75-79	0.03648	0.16767	2.59	71402	11972	328205	862093	12.07
2000-2004	80-84	0.06377	0.27645	2.6	59430	16429	257647	533889	8.98
2000-2004	85-89	0.11154	0.43615	2.5	43001	18755	168146	276242	6.42
2000-2004	90-94	0.19029	0.63022	2.32	24246	15280	80298	108096	4.46
2000-2004	95-99	0.30087	0.79820	2.06	8966	7156	23786	27798	3.10
2000-2004	100-104	0.44016	0.90743	1.76	1809	1642	3730	4012	2.22
2000-2004	105-109	0.59035	0.96013	1.49	167	161	272	282	1.68
2000-2004	110+	0.70856	1.00000	1.41	7	7	9	9	1.41
2005-2009	0	0.00658	0.00654	0.07	100000	654	99393	8055120	80.55
2005-2009	1-4	0.00022	0.00088	1.61	99346	87	397176	7955727	80.08
2005-2009	5-9	0.00012	0.00058	2.46	99259	58	496146	7558551	76.15
2005-2009	10-14	0.00012	0.00060	2.72	99201	60	495867	7062405	71.19
2005-2009	15-19	0.00031	0.00154	2.9	99141	152	495384	6566538	66.23
2005-2009	20-24	0.00042	0.00208	2.44	98988	206	494415	6071154	61.33
2005-2009	25-29	0.00050	0.00249	2.54	98783	246	493308	5576738	56.45
2005-2009	30-34	0.00061	0.00302	2.67	98537	298	491990	5083430	51.59
2005-2009	35-39	0.00091	0.00454	2.65	98239	446	490148	4591440	46.74
2005-2009	40-44	0.00154	0.00769	2.65	97793	752	487202	4101293	41.94
2005-2009	45-49	0.00249	0.01239	2.66	97041	1203	482392	3614091	37.24
2005-2009	50-54	0.00370	0.01833	2.62	95839	1757	475006	3131699	32.68
2005-2009	55-59	0.00544	0.02686	2.67	94082	2527	464512	2656693	28.24
2005-2009	60-64	0.00861	0.04222	2.68	91555	3865	448824	2192181	23.94
2005-2009	65-69	0.01320	0.06403	2.65	87690	5615	425245	1743358	19.88
2005-2009	70-74	0.02140	0.10184	2.63	82075	8359	390538	1318113	16.06
2005-2009	75-79	0.03379	0.15645	2.63	73716	11533	341291	927575	12.58
2005-2009	80-84	0.05752	0.25276	2.61	62183	15718	273278	586284	9.43
2005-2009	85-89	0.10204	0.40769	2.54	46466	18943	185644	313006	6.74
2005-2009	90-94	0.18005	0.60940	2.35	27522	16772	93150	127362	4.63
2005-2009	95-99	0.29114	0.78766	2.09	10750	8468	29085	34212	3.18
2005-2009	100-104	0.43380	0.90457	1.78	2283	2065	4760	5127	2.25
2005-2009	105-109	0.58915	0.96013	1.49	218	209	355	367	1.69
2005-2009	110+	0.71150	1.00000	1.41	9	9	12	12	1.41
2010-2014	0	0.00603	0.00600	0.07	100000	600	99442	8150775	81.51
2010-2014	1-4	0.00021	0.00083	1.65	99400	82	397408	8051333	81.00
2010-2014	5-9	0.00010	0.00050	2.38	99318	50	496459	7653924	77.06
2010-2014	10-14	0.00011	0.00055	2.67	99268	54	496213	7157465	72.10
2010-2014	15-19	0.00027	0.00135	2.75	99214	134	495766	6661252	67.14
2010-2014	20-24	0.00040	0.00201	2.53	99079	199	494904	6165486	62.23
2010-2014	25-29	0.00049	0.00245	2.66	98880	242	493835	5670582	57.35
2010-2014	30-34	0.00061	0.00305	2.62	98638	300	492476	5176747	52.48
2010-2014	35-39	0.00088	0.00441	2.64	98338	433	490667	4684271	47.63
2010-2014	40-44	0.00131	0.00653	2.69	97904	639	488045	4193604	42.83
2010-2014	45-49	0.00217	0.01081	2.7	97265	1052	483911	3705560	38.10
2010-2014	50-54	0.00354	0.01756	2.65	96213	1689	477095	3221648	33.48
2010-2014	55-59	0.00512	0.02532	2.65	94524	2393	466996	2744553	29.04
2010-2014	60-64	0.00761	0.03741	2.68	92131	3447	452668	2277558	24.72
2010-2014	65-69	0.01217	0.05917	2.67	88684	5248	431205	1824890	20.58
2010-2014	70-74	0.01925	0.09210	2.66	83437	7684	399213	1393685	16.70
2010-2014	75-79	0.03131	0.14576	2.63	75752	11042	352613	994471	13.13
2010-2014	80-84	0.05220	0.23210	2.61	64711	15019	287713	641859	9.92
2010-2014	85-89	0.09256	0.37708	2.54	49691	18737	202436	354146	7.13
2010-2014	90-94	0.16640	0.58032	2.39	30954	17963	107952	151710	4.90
2010-2014	95-99	0.27168	0.76350	2.13	12991	9918	36508	43758	3.37
2010-2014	100-104	0.41084	0.89146	1.83	3072	2739	6666	7250	2.36
2010-2014	105-109	0.56639	0.95474	1.53	333	318	562	584	1.75
2010-2014	110+	0.69132	1.00000	1.45	15	15	22	22	1.45
2015-2017	0	0.00536	0.00533	0.07	100000	533	99503	8164486	81.64
2015-2017	1-4	0.00016	0.00066	1.54	99467	65	397706	8064983	81.08
2015-2017	5-9	0.00010	0.00051	2.46	99401	51	496878	7667277	77.13
2015-2017	10-14	0.00012	0.00058	2.73	99351	58	496622	7170399	72.17
2015-2017	15-19	0.00031	0.00155	2.78	99293	154	496124	6673776	67.21
2015-2017	20-24	0.00047	0.00236	2.5	99140	234	495113	6177652	62.31
2015-2017	25-29	0.00057	0.00283	2.58	98905	280	493851	5682539	57.45
2015-2017	30-34	0.00078	0.00391	2.59	98626	385	492201	5188688	52.61
2015-2017	35-39	0.00096	0.00478	2.58	98240	470	490063	4696487	47.81
2015-2017	40-44	0.00139	0.00692	2.72	97770	676	487310	4206424	43.02
2015-2017	45-49	0.00223	0.01109	2.63	97094	1077	482922	3719114	38.30
2015-2017	50-54	0.00344	0.01708	2.66	96017	1640	476257	3236192	33.70
2015-2017	55-59	0.00527	0.02602	2.63	94378	2456	466072	2759935	29.24
2015-2017	60-64	0.00776	0.03810	2.63	91922	3502	451321	2293863	24.95
2015-2017	65-69	0.01177	0.05727	2.64	88420	5064	430163	1842542	20.84
2015-2017	70-74	0.01868	0.08946	2.66	83355	7457	399304	1412379	16.94
2015-2017	75-79	0.03078	0.14347	2.64	75898	10889	353771	1013075	13.35
2015-2017	80-84	0.05120	0.22802	2.6	65009	14823	289502	659303	10.14
2015-2017	85-89	0.08762	0.36106	2.57	50185	18120	206807	369801	7.37
2015-2017	90-94	0.15820	0.56109	2.41	32066	17992	113728	162994	5.08
2015-2017	95-99	0.25935	0.74650	2.16	14074	10506	40509	49266	3.50
2015-2017	100-104	0.39345	0.88004	1.86	3568	3140	7980	8756	2.45
2015-2017	105-109	0.54600	0.94911	1.56	428	406	744	776	1.81
2015-2017	110+	0.67053	1.00000	1.49	22	22	32	32	1.49
