ID: Idaho, Lifetables (period 1x10), Females Last modified: 3 Dec 2019, MPv5 (May07) 

Year     	Age	mx	qx	ax	lx	dx	Lx	Tx	ex
1960-1969	0	0.01864	0.01833	0.11	100000	1833	98359	7565505	75.66
1960-1969	1	0.00164	0.00164	0.5	98167	161	98086	7467145	76.07
1960-1969	2	0.00097	0.00097	0.5	98005	95	97958	7369059	75.19
1960-1969	3	0.00063	0.00063	0.5	97910	62	97879	7271102	74.26
1960-1969	4	0.00045	0.00045	0.5	97849	44	97827	7173222	73.31
1960-1969	5	0.00038	0.00038	0.5	97805	37	97786	7075396	72.34
1960-1969	6	0.00038	0.00038	0.5	97768	38	97749	6977609	71.37
1960-1969	7	0.00042	0.00042	0.5	97730	41	97710	6879860	70.40
1960-1969	8	0.00032	0.00032	0.5	97689	31	97673	6782150	69.43
1960-1969	9	0.00032	0.00032	0.5	97658	32	97642	6684477	68.45
1960-1969	10	0.00035	0.00035	0.5	97626	35	97609	6586835	67.47
1960-1969	11	0.00033	0.00033	0.5	97591	32	97575	6489226	66.49
1960-1969	12	0.00023	0.00023	0.5	97559	22	97548	6391651	65.52
1960-1969	13	0.00030	0.00030	0.5	97537	29	97522	6294103	64.53
1960-1969	14	0.00047	0.00046	0.5	97508	45	97485	6196581	63.55
1960-1969	15	0.00048	0.00048	0.5	97462	47	97439	6099096	62.58
1960-1969	16	0.00079	0.00079	0.5	97415	77	97377	6001657	61.61
1960-1969	17	0.00067	0.00067	0.5	97338	65	97305	5904280	60.66
1960-1969	18	0.00079	0.00079	0.5	97273	77	97234	5806975	59.70
1960-1969	19	0.00095	0.00095	0.5	97196	92	97150	5709741	58.74
1960-1969	20	0.00085	0.00085	0.5	97104	83	97062	5612591	57.80
1960-1969	21	0.00090	0.00090	0.5	97021	88	96977	5515528	56.85
1960-1969	22	0.00091	0.00091	0.5	96933	89	96889	5418551	55.90
1960-1969	23	0.00052	0.00052	0.5	96845	50	96820	5321662	54.95
1960-1969	24	0.00086	0.00086	0.5	96795	83	96753	5224842	53.98
1960-1969	25	0.00062	0.00062	0.5	96712	60	96682	5128089	53.02
1960-1969	26	0.00094	0.00094	0.5	96651	91	96606	5031407	52.06
1960-1969	27	0.00084	0.00084	0.5	96561	81	96521	4934801	51.11
1960-1969	28	0.00070	0.00070	0.5	96480	67	96446	4838281	50.15
1960-1969	29	0.00091	0.00091	0.5	96413	88	96369	4741834	49.18
1960-1969	30	0.00087	0.00087	0.5	96325	83	96283	4645465	48.23
1960-1969	31	0.00089	0.00089	0.5	96242	86	96198	4549182	47.27
1960-1969	32	0.00089	0.00089	0.5	96155	86	96113	4452984	46.31
1960-1969	33	0.00120	0.00120	0.5	96070	115	96012	4356871	45.35
1960-1969	34	0.00124	0.00124	0.5	95955	119	95895	4260858	44.40
1960-1969	35	0.00113	0.00113	0.5	95836	108	95782	4164963	43.46
1960-1969	36	0.00135	0.00135	0.5	95728	129	95663	4069181	42.51
1960-1969	37	0.00156	0.00156	0.5	95599	149	95524	3973518	41.56
1960-1969	38	0.00170	0.00170	0.5	95450	162	95369	3877994	40.63
1960-1969	39	0.00173	0.00173	0.5	95288	165	95205	3782625	39.70
1960-1969	40	0.00187	0.00187	0.5	95123	178	95034	3687420	38.76
1960-1969	41	0.00227	0.00227	0.5	94945	216	94837	3592386	37.84
1960-1969	42	0.00170	0.00170	0.5	94729	161	94649	3497549	36.92
1960-1969	43	0.00248	0.00248	0.5	94568	235	94451	3402901	35.98
1960-1969	44	0.00256	0.00256	0.5	94333	242	94213	3308450	35.07
1960-1969	45	0.00302	0.00302	0.5	94092	284	93950	3214237	34.16
1960-1969	46	0.00253	0.00253	0.5	93808	237	93689	3120287	33.26
1960-1969	47	0.00377	0.00376	0.5	93571	352	93395	3026598	32.35
1960-1969	48	0.00363	0.00362	0.5	93219	337	93050	2933203	31.47
1960-1969	49	0.00382	0.00381	0.5	92882	354	92705	2840152	30.58
1960-1969	50	0.00420	0.00419	0.5	92527	388	92333	2747448	29.69
1960-1969	51	0.00446	0.00445	0.5	92139	410	91934	2655115	28.82
1960-1969	52	0.00495	0.00494	0.5	91729	453	91503	2563180	27.94
1960-1969	53	0.00493	0.00491	0.5	91276	449	91052	2471678	27.08
1960-1969	54	0.00653	0.00651	0.5	90828	591	90532	2380625	26.21
1960-1969	55	0.00564	0.00562	0.5	90236	507	89983	2290093	25.38
1960-1969	56	0.00685	0.00683	0.5	89729	613	89423	2200111	24.52
1960-1969	57	0.00792	0.00789	0.5	89116	703	88765	2110688	23.68
1960-1969	58	0.00802	0.00799	0.5	88413	706	88060	2021923	22.87
1960-1969	59	0.00926	0.00922	0.5	87707	808	87302	1933863	22.05
1960-1969	60	0.00860	0.00856	0.5	86898	744	86526	1846561	21.25
1960-1969	61	0.01020	0.01015	0.5	86154	874	85717	1760035	20.43
1960-1969	62	0.00980	0.00975	0.5	85280	832	84864	1674318	19.63
1960-1969	63	0.01191	0.01184	0.5	84448	1000	83948	1589454	18.82
1960-1969	64	0.01181	0.01174	0.5	83448	980	82959	1505505	18.04
1960-1969	65	0.01424	0.01414	0.5	82469	1166	81886	1422547	17.25
1960-1969	66	0.01589	0.01577	0.5	81303	1282	80662	1340661	16.49
1960-1969	67	0.01616	0.01603	0.5	80021	1283	79380	1259999	15.75
1960-1969	68	0.01891	0.01873	0.5	78739	1475	78001	1180619	14.99
1960-1969	69	0.02381	0.02353	0.5	77264	1818	76354	1102618	14.27
1960-1969	70	0.02316	0.02290	0.5	75445	1727	74582	1026263	13.60
1960-1969	71	0.02667	0.02632	0.5	73718	1940	72748	951682	12.91
1960-1969	72	0.02960	0.02917	0.5	71778	2094	70731	878934	12.25
1960-1969	73	0.03271	0.03218	0.5	69684	2243	68562	808203	11.60
1960-1969	74	0.03495	0.03435	0.5	67441	2317	66283	739641	10.97
1960-1969	75	0.04441	0.04345	0.5	65124	2829	63710	673358	10.34
1960-1969	76	0.04619	0.04515	0.5	62295	2812	60889	609649	9.79
1960-1969	77	0.04492	0.04393	0.5	59482	2613	58176	548760	9.23
1960-1969	78	0.05625	0.05472	0.5	56869	3112	55313	490584	8.63
1960-1969	79	0.06248	0.06059	0.5	53758	3257	52129	435271	8.10
1960-1969	80	0.07238	0.06985	0.5	50500	3528	48736	383142	7.59
1960-1969	81	0.08048	0.07737	0.5	46973	3634	45156	334405	7.12
1960-1969	82	0.08940	0.08557	0.5	43339	3709	41484	289250	6.67
1960-1969	83	0.09919	0.09451	0.5	39630	3745	37757	247766	6.25
1960-1969	84	0.10994	0.10421	0.5	35885	3739	34015	210008	5.85
1960-1969	85	0.12168	0.11470	0.5	32145	3687	30302	175993	5.47
1960-1969	86	0.13450	0.12602	0.5	28458	3586	26665	145692	5.12
1960-1969	87	0.14843	0.13818	0.5	24872	3437	23153	119027	4.79
1960-1969	88	0.16354	0.15118	0.5	21435	3240	19815	95873	4.47
1960-1969	89	0.17986	0.16502	0.5	18195	3002	16693	76059	4.18
1960-1969	90	0.19742	0.17968	0.5	15192	2730	13827	59365	3.91
1960-1969	91	0.21624	0.19515	0.5	12462	2432	11246	45538	3.65
1960-1969	92	0.23634	0.21136	0.5	10030	2120	8970	34292	3.42
1960-1969	93	0.25768	0.22827	0.5	7910	1806	7008	25321	3.20
1960-1969	94	0.28025	0.24580	0.5	6105	1501	5354	18314	3.00
1960-1969	95	0.30398	0.26387	0.5	4604	1215	3997	12959	2.81
1960-1969	96	0.32880	0.28238	0.5	3389	957	2911	8963	2.64
1960-1969	97	0.35462	0.30121	0.5	2432	733	2066	6052	2.49
1960-1969	98	0.38131	0.32026	0.5	1700	544	1427	3986	2.35
1960-1969	99	0.40875	0.33938	0.5	1155	392	959	2559	2.21
1960-1969	100	0.43676	0.35847	0.5	763	274	626	1599	2.10
1960-1969	101	0.46518	0.37740	0.5	490	185	397	973	1.99
1960-1969	102	0.49382	0.39604	0.5	305	121	244	576	1.89
1960-1969	103	0.52251	0.41428	0.5	184	76	146	331	1.80
1960-1969	104	0.55105	0.43202	0.5	108	47	85	185	1.72
1960-1969	105	0.57926	0.44917	0.5	61	28	47	101	1.65
1960-1969	106	0.60696	0.46565	0.5	34	16	26	53	1.58
1960-1969	107	0.63399	0.48139	0.5	18	9	14	27	1.52
1960-1969	108	0.66020	0.49635	0.5	9	5	7	14	1.47
1960-1969	109	0.68547	0.51050	0.5	5	2	4	7	1.43
1960-1969	110+	0.70968	1.00000	1.41	2	2	3	3	1.41
1970-1979	0	0.01228	0.01214	0.09	100000	1214	98892	7762053	77.62
1970-1979	1	0.00108	0.00108	0.5	98786	107	98732	7663161	77.57
1970-1979	2	0.00080	0.00080	0.5	98679	79	98639	7564429	76.66
1970-1979	3	0.00051	0.00051	0.5	98600	50	98575	7465789	75.72
1970-1979	4	0.00035	0.00035	0.5	98550	34	98533	7367215	74.76
1970-1979	5	0.00037	0.00037	0.5	98515	37	98497	7268682	73.78
1970-1979	6	0.00051	0.00051	0.5	98479	50	98454	7170185	72.81
1970-1979	7	0.00026	0.00026	0.5	98429	25	98416	7071731	71.85
1970-1979	8	0.00037	0.00037	0.5	98404	37	98385	6973315	70.86
1970-1979	9	0.00030	0.00030	0.5	98367	30	98352	6874930	69.89
1970-1979	10	0.00030	0.00030	0.5	98337	30	98322	6776578	68.91
1970-1979	11	0.00024	0.00024	0.5	98307	24	98295	6678255	67.93
1970-1979	12	0.00025	0.00025	0.5	98283	25	98271	6579960	66.95
1970-1979	13	0.00040	0.00040	0.5	98259	39	98239	6481689	65.97
1970-1979	14	0.00036	0.00036	0.5	98220	36	98202	6383449	64.99
1970-1979	15	0.00071	0.00070	0.5	98184	69	98150	6285247	64.01
1970-1979	16	0.00061	0.00061	0.5	98115	60	98085	6187098	63.06
1970-1979	17	0.00074	0.00074	0.5	98055	72	98019	6089013	62.10
1970-1979	18	0.00066	0.00066	0.5	97983	65	97951	5990993	61.14
1970-1979	19	0.00079	0.00079	0.5	97918	77	97880	5893043	60.18
1970-1979	20	0.00076	0.00076	0.5	97841	75	97804	5795163	59.23
1970-1979	21	0.00081	0.00081	0.5	97767	79	97727	5697359	58.28
1970-1979	22	0.00070	0.00070	0.5	97688	69	97653	5599632	57.32
1970-1979	23	0.00064	0.00064	0.5	97619	62	97588	5501979	56.36
1970-1979	24	0.00093	0.00093	0.5	97557	91	97511	5404391	55.40
1970-1979	25	0.00077	0.00077	0.5	97466	75	97428	5306880	54.45
1970-1979	26	0.00078	0.00078	0.5	97391	76	97353	5209452	53.49
1970-1979	27	0.00092	0.00092	0.5	97315	90	97270	5112099	52.53
1970-1979	28	0.00074	0.00074	0.5	97225	72	97189	5014829	51.58
1970-1979	29	0.00068	0.00068	0.5	97153	67	97119	4917640	50.62
1970-1979	30	0.00090	0.00090	0.5	97086	87	97043	4820521	49.65
1970-1979	31	0.00079	0.00079	0.5	96999	77	96961	4723478	48.70
1970-1979	32	0.00090	0.00090	0.5	96922	87	96879	4626518	47.73
1970-1979	33	0.00124	0.00124	0.5	96835	120	96775	4529639	46.78
1970-1979	34	0.00097	0.00097	0.5	96715	94	96668	4432864	45.83
1970-1979	35	0.00113	0.00113	0.5	96621	109	96567	4336196	44.88
1970-1979	36	0.00134	0.00134	0.5	96512	129	96448	4239629	43.93
1970-1979	37	0.00157	0.00157	0.5	96383	151	96307	4143182	42.99
1970-1979	38	0.00140	0.00140	0.5	96232	135	96165	4046874	42.05
1970-1979	39	0.00140	0.00140	0.5	96097	135	96030	3950710	41.11
1970-1979	40	0.00196	0.00195	0.5	95963	188	95869	3854680	40.17
1970-1979	41	0.00205	0.00205	0.5	95775	196	95677	3758811	39.25
1970-1979	42	0.00158	0.00158	0.5	95579	151	95504	3663134	38.33
1970-1979	43	0.00186	0.00186	0.5	95428	177	95340	3567630	37.39
1970-1979	44	0.00242	0.00241	0.5	95251	230	95136	3472291	36.45
1970-1979	45	0.00263	0.00263	0.5	95021	249	94896	3377155	35.54
1970-1979	46	0.00257	0.00257	0.5	94772	243	94650	3282258	34.63
1970-1979	47	0.00297	0.00297	0.5	94528	281	94388	3187608	33.72
1970-1979	48	0.00334	0.00334	0.5	94248	315	94090	3093220	32.82
1970-1979	49	0.00348	0.00347	0.5	93933	326	93770	2999130	31.93
1970-1979	50	0.00349	0.00348	0.5	93607	326	93444	2905360	31.04
1970-1979	51	0.00359	0.00358	0.5	93281	334	93114	2811916	30.14
1970-1979	52	0.00478	0.00477	0.5	92947	443	92725	2718802	29.25
1970-1979	53	0.00491	0.00490	0.5	92504	454	92277	2626077	28.39
1970-1979	54	0.00582	0.00581	0.5	92050	535	91783	2533800	27.53
1970-1979	55	0.00645	0.00643	0.5	91516	589	91221	2442017	26.68
1970-1979	56	0.00702	0.00699	0.5	90927	636	90609	2350795	25.85
1970-1979	57	0.00703	0.00700	0.5	90291	632	89975	2260186	25.03
1970-1979	58	0.00799	0.00796	0.5	89659	713	89302	2170211	24.21
1970-1979	59	0.00856	0.00853	0.5	88946	758	88566	2080909	23.40
1970-1979	60	0.00854	0.00851	0.5	88187	750	87812	1992343	22.59
1970-1979	61	0.00911	0.00907	0.5	87437	793	87040	1904531	21.78
1970-1979	62	0.00925	0.00921	0.5	86644	798	86245	1817491	20.98
1970-1979	63	0.01137	0.01130	0.5	85846	970	85361	1731246	20.17
1970-1979	64	0.01229	0.01221	0.5	84876	1037	84357	1645885	19.39
1970-1979	65	0.01312	0.01304	0.5	83839	1093	83293	1561528	18.63
1970-1979	66	0.01358	0.01349	0.5	82746	1116	82188	1478235	17.86
1970-1979	67	0.01604	0.01591	0.5	81630	1299	80981	1396047	17.10
1970-1979	68	0.01629	0.01615	0.5	80331	1298	79682	1315066	16.37
1970-1979	69	0.01836	0.01819	0.5	79034	1438	78315	1235384	15.63
1970-1979	70	0.02024	0.02004	0.5	77596	1555	76819	1157069	14.91
1970-1979	71	0.02260	0.02235	0.5	76041	1700	75191	1080250	14.21
1970-1979	72	0.02557	0.02525	0.5	74341	1877	73403	1005059	13.52
1970-1979	73	0.02790	0.02751	0.5	72465	1994	71468	931656	12.86
1970-1979	74	0.03002	0.02957	0.5	70471	2084	69429	860189	12.21
1970-1979	75	0.03142	0.03094	0.5	68387	2116	67329	790760	11.56
1970-1979	76	0.04058	0.03977	0.5	66271	2636	64953	723431	10.92
1970-1979	77	0.04081	0.03999	0.5	63636	2545	62363	658477	10.35
1970-1979	78	0.04464	0.04366	0.5	61091	2667	59757	596114	9.76
1970-1979	79	0.05367	0.05227	0.5	58423	3054	56896	536357	9.18
1970-1979	80	0.05678	0.05521	0.5	55370	3057	53841	479461	8.66
1970-1979	81	0.06340	0.06145	0.5	52313	3215	50705	425620	8.14
1970-1979	82	0.07073	0.06831	0.5	49098	3354	47421	374914	7.64
1970-1979	83	0.07884	0.07585	0.5	45744	3470	44009	327493	7.16
1970-1979	84	0.08779	0.08410	0.5	42274	3555	40497	283484	6.71
1970-1979	85	0.09765	0.09311	0.5	38719	3605	36917	242987	6.28
1970-1979	86	0.10849	0.10291	0.5	35114	3614	33307	206071	5.87
1970-1979	87	0.12037	0.11354	0.5	31500	3576	29712	172763	5.48
1970-1979	88	0.13336	0.12502	0.5	27924	3491	26178	143051	5.12
1970-1979	89	0.14751	0.13738	0.5	24433	3357	22755	116873	4.78
1970-1979	90	0.16288	0.15061	0.5	21076	3174	19489	94118	4.47
1970-1979	91	0.17952	0.16473	0.5	17902	2949	16427	74629	4.17
1970-1979	92	0.19745	0.17971	0.5	14953	2687	13609	58201	3.89
1970-1979	93	0.21670	0.19552	0.5	12266	2398	11067	44592	3.64
1970-1979	94	0.23728	0.21211	0.5	9868	2093	8821	33525	3.40
1970-1979	95	0.25916	0.22943	0.5	7775	1784	6883	24704	3.18
1970-1979	96	0.28231	0.24739	0.5	5991	1482	5250	17822	2.97
1970-1979	97	0.30668	0.26591	0.5	4509	1199	3909	12572	2.79
1970-1979	98	0.33217	0.28486	0.5	3310	943	2838	8662	2.62
1970-1979	99	0.35869	0.30414	0.5	2367	720	2007	5824	2.46
1970-1979	100	0.38610	0.32363	0.5	1647	533	1381	3817	2.32
1970-1979	101	0.41426	0.34317	0.5	1114	382	923	2436	2.19
1970-1979	102	0.44298	0.36266	0.5	732	265	599	1513	2.07
1970-1979	103	0.47209	0.38194	0.5	466	178	377	914	1.96
1970-1979	104	0.50139	0.40089	0.5	288	116	230	537	1.86
1970-1979	105	0.53068	0.41940	0.5	173	72	136	307	1.78
1970-1979	106	0.55977	0.43736	0.5	100	44	78	170	1.70
1970-1979	107	0.58844	0.45467	0.5	56	26	44	92	1.63
1970-1979	108	0.61653	0.47126	0.5	31	14	24	48	1.57
1970-1979	109	0.64387	0.48706	0.5	16	8	12	25	1.52
1970-1979	110+	0.67029	1.00000	1.49	8	8	12	12	1.49
1980-1989	0	0.00819	0.00813	0.08	100000	813	99249	7945689	79.46
1980-1989	1	0.00106	0.00106	0.5	99187	106	99135	7846440	79.11
1980-1989	2	0.00052	0.00052	0.5	99082	51	99056	7747306	78.19
1980-1989	3	0.00031	0.00031	0.5	99031	31	99015	7648249	77.23
1980-1989	4	0.00026	0.00026	0.5	99000	25	98987	7549234	76.26
1980-1989	5	0.00017	0.00017	0.5	98974	17	98966	7450247	75.27
1980-1989	6	0.00018	0.00018	0.5	98958	18	98949	7351281	74.29
1980-1989	7	0.00025	0.00025	0.5	98940	25	98928	7252332	73.30
1980-1989	8	0.00020	0.00020	0.5	98915	20	98905	7153404	72.32
1980-1989	9	0.00023	0.00023	0.5	98895	23	98884	7054499	71.33
1980-1989	10	0.00024	0.00024	0.5	98872	24	98860	6955616	70.35
1980-1989	11	0.00029	0.00029	0.5	98848	29	98834	6856756	69.37
1980-1989	12	0.00018	0.00018	0.5	98819	17	98811	6757922	68.39
1980-1989	13	0.00029	0.00029	0.5	98802	29	98787	6659111	67.40
1980-1989	14	0.00046	0.00046	0.5	98773	46	98750	6560324	66.42
1980-1989	15	0.00042	0.00042	0.5	98727	41	98707	6461573	65.45
1980-1989	16	0.00066	0.00066	0.5	98686	65	98653	6362867	64.48
1980-1989	17	0.00059	0.00059	0.5	98621	58	98592	6264213	63.52
1980-1989	18	0.00054	0.00054	0.5	98563	54	98536	6165621	62.56
1980-1989	19	0.00055	0.00055	0.5	98509	54	98482	6067085	61.59
1980-1989	20	0.00067	0.00067	0.5	98455	66	98422	5968603	60.62
1980-1989	21	0.00078	0.00078	0.5	98389	77	98350	5870181	59.66
1980-1989	22	0.00065	0.00065	0.5	98312	64	98280	5771831	58.71
1980-1989	23	0.00065	0.00065	0.5	98248	64	98216	5673551	57.75
1980-1989	24	0.00049	0.00049	0.5	98184	48	98160	5575335	56.78
1980-1989	25	0.00053	0.00053	0.5	98135	52	98109	5477176	55.81
1980-1989	26	0.00063	0.00063	0.5	98083	62	98052	5379066	54.84
1980-1989	27	0.00056	0.00056	0.5	98021	55	97993	5281014	53.88
1980-1989	28	0.00065	0.00065	0.5	97966	63	97934	5183021	52.91
1980-1989	29	0.00063	0.00063	0.5	97902	62	97872	5085087	51.94
1980-1989	30	0.00060	0.00060	0.5	97841	59	97811	4987215	50.97
1980-1989	31	0.00052	0.00052	0.5	97782	51	97756	4889404	50.00
1980-1989	32	0.00085	0.00085	0.5	97731	83	97689	4791648	49.03
1980-1989	33	0.00072	0.00072	0.5	97648	70	97613	4693958	48.07
1980-1989	34	0.00070	0.00070	0.5	97578	68	97544	4596345	47.10
1980-1989	35	0.00069	0.00069	0.5	97510	67	97476	4498801	46.14
1980-1989	36	0.00105	0.00105	0.5	97443	102	97392	4401325	45.17
1980-1989	37	0.00081	0.00081	0.5	97341	79	97301	4303933	44.22
1980-1989	38	0.00121	0.00121	0.5	97262	118	97203	4206632	43.25
1980-1989	39	0.00094	0.00093	0.5	97144	91	97099	4109429	42.30
1980-1989	40	0.00125	0.00125	0.5	97053	121	96993	4012331	41.34
1980-1989	41	0.00142	0.00142	0.5	96932	138	96863	3915338	40.39
1980-1989	42	0.00151	0.00151	0.5	96795	146	96722	3818475	39.45
1980-1989	43	0.00160	0.00160	0.5	96649	154	96571	3721753	38.51
1980-1989	44	0.00160	0.00160	0.5	96494	154	96417	3625182	37.57
1980-1989	45	0.00183	0.00183	0.5	96340	176	96252	3528764	36.63
1980-1989	46	0.00200	0.00200	0.5	96163	192	96067	3432513	35.69
1980-1989	47	0.00239	0.00239	0.5	95971	229	95857	3336446	34.77
1980-1989	48	0.00309	0.00308	0.5	95742	295	95595	3240589	33.85
1980-1989	49	0.00282	0.00282	0.5	95447	269	95313	3144994	32.95
1980-1989	50	0.00282	0.00282	0.5	95178	268	95044	3049682	32.04
1980-1989	51	0.00370	0.00370	0.5	94910	351	94734	2954637	31.13
1980-1989	52	0.00374	0.00374	0.5	94559	353	94382	2859903	30.24
1980-1989	53	0.00385	0.00384	0.5	94206	362	94025	2765521	29.36
1980-1989	54	0.00447	0.00446	0.5	93843	419	93634	2671496	28.47
1980-1989	55	0.00452	0.00451	0.5	93425	421	93214	2577862	27.59
1980-1989	56	0.00575	0.00573	0.5	93003	533	92737	2484648	26.72
1980-1989	57	0.00516	0.00515	0.5	92470	476	92232	2391911	25.87
1980-1989	58	0.00702	0.00700	0.5	91994	644	91672	2299679	25.00
1980-1989	59	0.00709	0.00707	0.5	91350	645	91027	2208007	24.17
1980-1989	60	0.00754	0.00751	0.5	90704	681	90364	2116980	23.34
1980-1989	61	0.00787	0.00784	0.5	90023	706	89670	2026616	22.51
1980-1989	62	0.00967	0.00963	0.5	89318	860	88888	1936945	21.69
1980-1989	63	0.01060	0.01055	0.5	88458	933	87991	1848058	20.89
1980-1989	64	0.01081	0.01075	0.5	87525	941	87054	1760066	20.11
1980-1989	65	0.01284	0.01276	0.5	86584	1105	86031	1673012	19.32
1980-1989	66	0.01387	0.01378	0.5	85479	1178	84890	1586981	18.57
1980-1989	67	0.01383	0.01373	0.5	84301	1158	83722	1502091	17.82
1980-1989	68	0.01757	0.01742	0.5	83143	1448	82419	1418370	17.06
1980-1989	69	0.01907	0.01889	0.5	81695	1543	80924	1335950	16.35
1980-1989	70	0.01857	0.01840	0.5	80152	1474	79415	1255027	15.66
1980-1989	71	0.01876	0.01858	0.5	78678	1462	77947	1175612	14.94
1980-1989	72	0.02270	0.02245	0.5	77216	1733	76349	1097665	14.22
1980-1989	73	0.02551	0.02518	0.5	75482	1901	74532	1021316	13.53
1980-1989	74	0.02877	0.02836	0.5	73581	2087	72538	946785	12.87
1980-1989	75	0.02933	0.02890	0.5	71494	2066	70461	874247	12.23
1980-1989	76	0.03358	0.03302	0.5	69428	2293	68282	803786	11.58
1980-1989	77	0.03710	0.03643	0.5	67135	2445	65913	735504	10.96
1980-1989	78	0.03885	0.03811	0.5	64690	2465	63457	669591	10.35
1980-1989	79	0.04613	0.04509	0.5	62225	2806	60822	606134	9.74
1980-1989	80	0.04911	0.04793	0.5	59419	2848	57995	545312	9.18
1980-1989	81	0.05523	0.05375	0.5	56571	3040	55051	487317	8.61
1980-1989	82	0.06207	0.06020	0.5	53530	3222	51919	432267	8.08
1980-1989	83	0.06969	0.06734	0.5	50308	3388	48614	380347	7.56
1980-1989	84	0.07816	0.07522	0.5	46920	3529	45156	331733	7.07
1980-1989	85	0.08757	0.08390	0.5	43391	3640	41571	286578	6.60
1980-1989	86	0.09800	0.09342	0.5	39750	3713	37894	245007	6.16
1980-1989	87	0.10951	0.10383	0.5	36037	3742	34166	207113	5.75
1980-1989	88	0.12220	0.11516	0.5	32295	3719	30436	172947	5.36
1980-1989	89	0.13613	0.12745	0.5	28576	3642	26755	142511	4.99
1980-1989	90	0.15137	0.14072	0.5	24934	3509	23180	115756	4.64
1980-1989	91	0.16799	0.15497	0.5	21425	3320	19765	92576	4.32
1980-1989	92	0.18603	0.17020	0.5	18105	3082	16564	72811	4.02
1980-1989	93	0.20554	0.18638	0.5	15024	2800	13623	56247	3.74
1980-1989	94	0.22652	0.20347	0.5	12223	2487	10980	42623	3.49
1980-1989	95	0.24897	0.22140	0.5	9736	2156	8658	31644	3.25
1980-1989	96	0.27285	0.24010	0.5	7581	1820	6671	22985	3.03
1980-1989	97	0.29813	0.25945	0.5	5761	1495	5013	16315	2.83
1980-1989	98	0.32469	0.27934	0.5	4266	1192	3670	11301	2.65
1980-1989	99	0.35244	0.29964	0.5	3074	921	2614	7631	2.48
1980-1989	100	0.38122	0.32019	0.5	2153	689	1808	5017	2.33
1980-1989	101	0.41085	0.34084	0.5	1464	499	1214	3209	2.19
1980-1989	102	0.44115	0.36143	0.5	965	349	790	1995	2.07
1980-1989	103	0.47189	0.38181	0.5	616	235	498	1204	1.95
1980-1989	104	0.50285	0.40182	0.5	381	153	304	706	1.85
1980-1989	105	0.53379	0.42134	0.5	228	96	180	401	1.76
1980-1989	106	0.56447	0.44022	0.5	132	58	103	222	1.68
1980-1989	107	0.59466	0.45837	0.5	74	34	57	119	1.61
1980-1989	108	0.62415	0.47570	0.5	40	19	30	62	1.55
1980-1989	109	0.65275	0.49213	0.5	21	10	16	31	1.50
1980-1989	110+	0.68029	1.00000	1.47	11	11	16	16	1.47
1990-1999	0	0.00667	0.00663	0.07	100000	663	99385	8034312	80.34
1990-1999	1	0.00066	0.00066	0.5	99337	65	99305	7934928	79.88
1990-1999	2	0.00038	0.00038	0.5	99272	38	99253	7835623	78.93
1990-1999	3	0.00021	0.00021	0.5	99234	21	99224	7736370	77.96
1990-1999	4	0.00021	0.00021	0.5	99214	20	99203	7637146	76.98
1990-1999	5	0.00026	0.00026	0.5	99193	26	99180	7537943	75.99
1990-1999	6	0.00015	0.00015	0.5	99167	15	99160	7438762	75.01
1990-1999	7	0.00020	0.00020	0.5	99153	20	99143	7339602	74.02
1990-1999	8	0.00018	0.00018	0.5	99133	18	99124	7240460	73.04
1990-1999	9	0.00020	0.00020	0.5	99115	20	99105	7141336	72.05
1990-1999	10	0.00020	0.00020	0.5	99095	19	99086	7042230	71.07
1990-1999	11	0.00013	0.00013	0.5	99076	13	99069	6943145	70.08
1990-1999	12	0.00024	0.00024	0.5	99063	23	99051	6844075	69.09
1990-1999	13	0.00026	0.00026	0.5	99039	26	99026	6745024	68.10
1990-1999	14	0.00049	0.00049	0.5	99013	49	98989	6645998	67.12
1990-1999	15	0.00074	0.00074	0.5	98964	73	98928	6547009	66.16
1990-1999	16	0.00050	0.00050	0.5	98891	49	98867	6448081	65.20
1990-1999	17	0.00062	0.00062	0.5	98842	61	98812	6349214	64.24
1990-1999	18	0.00054	0.00054	0.5	98781	53	98755	6250402	63.28
1990-1999	19	0.00041	0.00041	0.5	98728	41	98708	6151647	62.31
1990-1999	20	0.00052	0.00052	0.5	98688	52	98662	6052939	61.33
1990-1999	21	0.00037	0.00037	0.5	98636	37	98617	5954278	60.37
1990-1999	22	0.00051	0.00051	0.5	98599	50	98574	5855660	59.39
1990-1999	23	0.00043	0.00043	0.5	98549	42	98528	5757086	58.42
1990-1999	24	0.00049	0.00049	0.5	98507	48	98482	5658559	57.44
1990-1999	25	0.00049	0.00049	0.5	98458	49	98434	5560076	56.47
1990-1999	26	0.00047	0.00047	0.5	98410	46	98387	5461643	55.50
1990-1999	27	0.00048	0.00048	0.5	98364	47	98340	5363256	54.52
1990-1999	28	0.00053	0.00053	0.5	98317	52	98291	5264916	53.55
1990-1999	29	0.00046	0.00046	0.5	98265	46	98242	5166625	52.58
1990-1999	30	0.00061	0.00061	0.5	98219	60	98189	5068383	51.60
1990-1999	31	0.00074	0.00074	0.5	98159	72	98123	4970194	50.63
1990-1999	32	0.00057	0.00056	0.5	98087	55	98059	4872071	49.67
1990-1999	33	0.00077	0.00077	0.5	98031	76	97993	4774012	48.70
1990-1999	34	0.00066	0.00066	0.5	97955	65	97923	4676019	47.74
1990-1999	35	0.00093	0.00093	0.5	97890	91	97845	4578096	46.77
1990-1999	36	0.00084	0.00084	0.5	97799	82	97759	4480252	45.81
1990-1999	37	0.00089	0.00088	0.5	97718	86	97674	4382493	44.85
1990-1999	38	0.00118	0.00118	0.5	97631	115	97574	4284819	43.89
1990-1999	39	0.00096	0.00096	0.5	97516	93	97469	4187245	42.94
1990-1999	40	0.00114	0.00114	0.5	97423	111	97367	4089776	41.98
1990-1999	41	0.00116	0.00116	0.5	97312	113	97256	3992408	41.03
1990-1999	42	0.00137	0.00137	0.5	97199	133	97133	3895153	40.07
1990-1999	43	0.00117	0.00117	0.5	97066	114	97010	3798020	39.13
1990-1999	44	0.00136	0.00136	0.5	96953	132	96887	3701010	38.17
1990-1999	45	0.00158	0.00157	0.5	96821	152	96744	3604123	37.22
1990-1999	46	0.00195	0.00195	0.5	96668	188	96574	3507379	36.28
1990-1999	47	0.00178	0.00178	0.5	96480	172	96394	3410805	35.35
1990-1999	48	0.00237	0.00236	0.5	96308	228	96194	3314411	34.41
1990-1999	49	0.00228	0.00228	0.5	96080	219	95971	3218217	33.50
1990-1999	50	0.00255	0.00255	0.5	95861	244	95739	3122246	32.57
1990-1999	51	0.00320	0.00320	0.5	95617	306	95464	3026507	31.65
1990-1999	52	0.00326	0.00326	0.5	95311	310	95156	2931043	30.75
1990-1999	53	0.00345	0.00344	0.5	95001	327	94837	2835887	29.85
1990-1999	54	0.00386	0.00385	0.5	94674	365	94491	2741049	28.95
1990-1999	55	0.00410	0.00409	0.5	94309	386	94116	2646558	28.06
1990-1999	56	0.00535	0.00533	0.5	93923	501	93673	2552442	27.18
1990-1999	57	0.00540	0.00538	0.5	93422	503	93171	2458769	26.32
1990-1999	58	0.00648	0.00646	0.5	92919	600	92619	2365598	25.46
1990-1999	59	0.00694	0.00691	0.5	92319	638	92000	2272979	24.62
1990-1999	60	0.00684	0.00682	0.5	91681	625	91369	2180978	23.79
1990-1999	61	0.00815	0.00811	0.5	91056	739	90687	2089610	22.95
1990-1999	62	0.00924	0.00920	0.5	90317	831	89902	1998923	22.13
1990-1999	63	0.00961	0.00957	0.5	89487	856	89059	1909021	21.33
1990-1999	64	0.01088	0.01082	0.5	88631	959	88151	1819962	20.53
1990-1999	65	0.01245	0.01237	0.5	87672	1085	87129	1731811	19.75
1990-1999	66	0.01230	0.01223	0.5	86587	1059	86057	1644682	18.99
1990-1999	67	0.01442	0.01432	0.5	85528	1225	84916	1558624	18.22
1990-1999	68	0.01571	0.01559	0.5	84303	1314	83646	1473709	17.48
1990-1999	69	0.01622	0.01609	0.5	82989	1335	82322	1390062	16.75
1990-1999	70	0.01703	0.01689	0.5	81654	1379	80965	1307741	16.02
1990-1999	71	0.02067	0.02046	0.5	80275	1642	79454	1226776	15.28
1990-1999	72	0.02197	0.02173	0.5	78633	1709	77778	1147322	14.59
1990-1999	73	0.02388	0.02360	0.5	76924	1815	76016	1069544	13.90
1990-1999	74	0.02801	0.02763	0.5	75109	2075	74071	993528	13.23
1990-1999	75	0.02919	0.02877	0.5	73034	2102	71983	919457	12.59
1990-1999	76	0.03105	0.03058	0.5	70932	2169	69848	847474	11.95
1990-1999	77	0.03511	0.03450	0.5	68763	2372	67577	777626	11.31
1990-1999	78	0.03789	0.03719	0.5	66391	2469	65156	710049	10.69
1990-1999	79	0.04084	0.04003	0.5	63922	2558	62643	644893	10.09
1990-1999	80	0.04405	0.04310	0.5	61363	2645	60041	582250	9.49
1990-1999	81	0.04992	0.04871	0.5	58718	2860	57288	522209	8.89
1990-1999	82	0.05653	0.05498	0.5	55858	3071	54323	464921	8.32
1990-1999	83	0.06396	0.06197	0.5	52787	3271	51152	410598	7.78
1990-1999	84	0.07228	0.06976	0.5	49516	3454	47789	359446	7.26
1990-1999	85	0.08159	0.07839	0.5	46062	3611	44256	311658	6.77
1990-1999	86	0.09198	0.08794	0.5	42451	3733	40584	267401	6.30
1990-1999	87	0.10355	0.09845	0.5	38718	3812	36812	226817	5.86
1990-1999	88	0.11639	0.10999	0.5	34906	3839	32986	190005	5.44
1990-1999	89	0.13058	0.12258	0.5	31067	3808	29163	157019	5.05
1990-1999	90	0.14622	0.13626	0.5	27259	3714	25402	127856	4.69
1990-1999	91	0.16338	0.15104	0.5	23545	3556	21766	102454	4.35
1990-1999	92	0.18212	0.16692	0.5	19988	3337	18320	80688	4.04
1990-1999	93	0.20250	0.18388	0.5	16652	3062	15121	62368	3.75
1990-1999	94	0.22453	0.20187	0.5	13590	2743	12218	47247	3.48
1990-1999	95	0.24821	0.22080	0.5	10847	2395	9649	35029	3.23
1990-1999	96	0.27350	0.24060	0.5	8452	2033	7435	25380	3.00
1990-1999	97	0.30035	0.26113	0.5	6418	1676	5580	17945	2.80
1990-1999	98	0.32863	0.28225	0.5	4742	1338	4073	12365	2.61
1990-1999	99	0.35822	0.30380	0.5	3404	1034	2887	8292	2.44
1990-1999	100	0.38892	0.32561	0.5	2370	772	1984	5405	2.28
1990-1999	101	0.42054	0.34748	0.5	1598	555	1320	3421	2.14
1990-1999	102	0.45282	0.36922	0.5	1043	385	850	2101	2.01
1990-1999	103	0.48550	0.39067	0.5	658	257	529	1251	1.90
1990-1999	104	0.51831	0.41163	0.5	401	165	318	721	1.80
1990-1999	105	0.55095	0.43196	0.5	236	102	185	403	1.71
1990-1999	106	0.58317	0.45152	0.5	134	60	104	218	1.63
1990-1999	107	0.61469	0.47018	0.5	73	35	56	115	1.56
1990-1999	108	0.64528	0.48787	0.5	39	19	29	58	1.50
1990-1999	109	0.67472	0.50452	0.5	20	10	15	29	1.45
1990-1999	110+	0.70285	1.00000	1.42	10	10	14	14	1.42
2000-2009	0	0.00585	0.00582	0.07	100000	582	99459	8086573	80.87
2000-2009	1	0.00045	0.00045	0.5	99418	45	99396	7987115	80.34
2000-2009	2	0.00036	0.00036	0.5	99374	35	99356	7887719	79.37
2000-2009	3	0.00020	0.00020	0.5	99338	20	99328	7788363	78.40
2000-2009	4	0.00019	0.00019	0.5	99318	19	99309	7689035	77.42
2000-2009	5	0.00011	0.00011	0.5	99299	11	99294	7589726	76.43
2000-2009	6	0.00019	0.00019	0.5	99288	19	99278	7490432	75.44
2000-2009	7	0.00014	0.00014	0.5	99269	14	99262	7391154	74.46
2000-2009	8	0.00010	0.00010	0.5	99255	10	99250	7291892	73.47
2000-2009	9	0.00012	0.00012	0.5	99245	12	99239	7192642	72.47
2000-2009	10	0.00015	0.00015	0.5	99233	15	99225	7093403	71.48
2000-2009	11	0.00018	0.00018	0.5	99218	18	99209	6994178	70.49
2000-2009	12	0.00009	0.00009	0.5	99200	9	99195	6894969	69.51
2000-2009	13	0.00019	0.00019	0.5	99191	19	99181	6795774	68.51
2000-2009	14	0.00021	0.00021	0.5	99172	21	99162	6696592	67.52
2000-2009	15	0.00028	0.00028	0.5	99151	27	99137	6597431	66.54
2000-2009	16	0.00050	0.00050	0.5	99123	49	99099	6498293	65.56
2000-2009	17	0.00039	0.00039	0.5	99074	39	99055	6399195	64.59
2000-2009	18	0.00037	0.00037	0.5	99035	37	99017	6300140	63.62
2000-2009	19	0.00044	0.00044	0.5	98999	44	98977	6201123	62.64
2000-2009	20	0.00045	0.00045	0.5	98955	45	98932	6102146	61.67
2000-2009	21	0.00048	0.00048	0.5	98910	48	98886	6003214	60.69
2000-2009	22	0.00051	0.00051	0.5	98862	50	98837	5904328	59.72
2000-2009	23	0.00040	0.00040	0.5	98812	40	98793	5805490	58.75
2000-2009	24	0.00039	0.00039	0.5	98773	39	98753	5706698	57.78
2000-2009	25	0.00063	0.00063	0.5	98734	63	98703	5607945	56.80
2000-2009	26	0.00055	0.00055	0.5	98671	54	98644	5509242	55.83
2000-2009	27	0.00045	0.00045	0.5	98617	44	98595	5410598	54.86
2000-2009	28	0.00039	0.00039	0.5	98573	38	98554	5312002	53.89
2000-2009	29	0.00052	0.00052	0.5	98535	51	98509	5213448	52.91
2000-2009	30	0.00067	0.00067	0.5	98483	66	98450	5114939	51.94
2000-2009	31	0.00053	0.00053	0.5	98418	53	98391	5016489	50.97
2000-2009	32	0.00070	0.00070	0.5	98365	69	98330	4918098	50.00
2000-2009	33	0.00073	0.00073	0.5	98296	72	98260	4819767	49.03
2000-2009	34	0.00079	0.00078	0.5	98224	77	98186	4721507	48.07
2000-2009	35	0.00070	0.00070	0.5	98147	69	98113	4623321	47.11
2000-2009	36	0.00077	0.00077	0.5	98078	75	98041	4525209	46.14
2000-2009	37	0.00115	0.00114	0.5	98003	112	97947	4427168	45.17
2000-2009	38	0.00106	0.00106	0.5	97891	104	97839	4329221	44.22
2000-2009	39	0.00120	0.00120	0.5	97787	117	97729	4231381	43.27
2000-2009	40	0.00127	0.00127	0.5	97670	124	97609	4133652	42.32
2000-2009	41	0.00133	0.00133	0.5	97547	130	97482	4036044	41.38
2000-2009	42	0.00146	0.00146	0.5	97417	142	97346	3938562	40.43
2000-2009	43	0.00185	0.00185	0.5	97275	180	97185	3841216	39.49
2000-2009	44	0.00196	0.00196	0.5	97095	190	97000	3744031	38.56
2000-2009	45	0.00184	0.00183	0.5	96905	178	96816	3647031	37.64
2000-2009	46	0.00200	0.00200	0.5	96727	193	96630	3550215	36.70
2000-2009	47	0.00243	0.00243	0.5	96534	234	96417	3453585	35.78
2000-2009	48	0.00229	0.00229	0.5	96299	220	96189	3357168	34.86
2000-2009	49	0.00260	0.00260	0.5	96079	250	95954	3260979	33.94
2000-2009	50	0.00247	0.00247	0.5	95829	236	95711	3165025	33.03
2000-2009	51	0.00313	0.00312	0.5	95593	298	95444	3069313	32.11
2000-2009	52	0.00302	0.00302	0.5	95295	287	95151	2973870	31.21
2000-2009	53	0.00393	0.00393	0.5	95007	373	94821	2878719	30.30
2000-2009	54	0.00344	0.00343	0.5	94634	325	94472	2783898	29.42
2000-2009	55	0.00411	0.00410	0.5	94309	387	94116	2689426	28.52
2000-2009	56	0.00414	0.00413	0.5	93922	388	93728	2595311	27.63
2000-2009	57	0.00508	0.00506	0.5	93534	473	93298	2501582	26.75
2000-2009	58	0.00532	0.00531	0.5	93061	494	92814	2408285	25.88
2000-2009	59	0.00534	0.00533	0.5	92567	493	92320	2315471	25.01
2000-2009	60	0.00677	0.00675	0.5	92074	621	91763	2223151	24.15
2000-2009	61	0.00701	0.00699	0.5	91452	639	91133	2131388	23.31
2000-2009	62	0.00756	0.00753	0.5	90813	684	90471	2040255	22.47
2000-2009	63	0.00794	0.00791	0.5	90130	713	89773	1949784	21.63
2000-2009	64	0.00996	0.00991	0.5	89417	886	88974	1860010	20.80
2000-2009	65	0.01068	0.01062	0.5	88531	941	88061	1771036	20.00
2000-2009	66	0.01170	0.01163	0.5	87590	1019	87081	1682976	19.21
2000-2009	67	0.01181	0.01174	0.5	86571	1017	86063	1595895	18.43
2000-2009	68	0.01303	0.01294	0.5	85555	1107	85001	1509832	17.65
2000-2009	69	0.01461	0.01450	0.5	84448	1225	83835	1424831	16.87
2000-2009	70	0.01784	0.01768	0.5	83223	1472	82487	1340996	16.11
2000-2009	71	0.01856	0.01839	0.5	81751	1503	81000	1258509	15.39
2000-2009	72	0.02128	0.02106	0.5	80248	1690	79403	1177509	14.67
2000-2009	73	0.02191	0.02167	0.5	78558	1702	77707	1098106	13.98
2000-2009	74	0.02458	0.02428	0.5	76856	1866	75923	1020399	13.28
2000-2009	75	0.02840	0.02801	0.5	74990	2100	73939	944476	12.59
2000-2009	76	0.03150	0.03101	0.5	72889	2260	71759	870536	11.94
2000-2009	77	0.03496	0.03436	0.5	70629	2427	69416	798777	11.31
2000-2009	78	0.03693	0.03626	0.5	68202	2473	66966	729362	10.69
2000-2009	79	0.04085	0.04003	0.5	65729	2631	64414	662396	10.08
2000-2009	80	0.04277	0.04187	0.5	63098	2642	61777	597982	9.48
2000-2009	81	0.04871	0.04755	0.5	60456	2875	59019	536205	8.87
2000-2009	82	0.05544	0.05395	0.5	57581	3106	56028	477187	8.29
2000-2009	83	0.06304	0.06111	0.5	54475	3329	52811	421158	7.73
2000-2009	84	0.07159	0.06912	0.5	51146	3535	49379	368348	7.20
2000-2009	85	0.08121	0.07804	0.5	47611	3716	45753	318969	6.70
2000-2009	86	0.09199	0.08794	0.5	43895	3860	41965	273216	6.22
2000-2009	87	0.10404	0.09890	0.5	40035	3959	38055	231251	5.78
2000-2009	88	0.11746	0.11095	0.5	36076	4003	34074	193195	5.36
2000-2009	89	0.13237	0.12415	0.5	32073	3982	30082	159121	4.96
2000-2009	90	0.14884	0.13853	0.5	28091	3891	26146	129039	4.59
2000-2009	91	0.16697	0.15410	0.5	24200	3729	22335	102893	4.25
2000-2009	92	0.18682	0.17086	0.5	20471	3498	18722	80558	3.94
2000-2009	93	0.20844	0.18877	0.5	16973	3204	15371	61836	3.64
2000-2009	94	0.23185	0.20776	0.5	13769	2861	12339	46465	3.37
2000-2009	95	0.25703	0.22776	0.5	10908	2485	9666	34126	3.13
2000-2009	96	0.28394	0.24864	0.5	8424	2095	7377	24460	2.90
2000-2009	97	0.31248	0.27026	0.5	6329	1711	5474	17083	2.70
2000-2009	98	0.34252	0.29244	0.5	4619	1351	3943	11609	2.51
2000-2009	99	0.37388	0.31499	0.5	3268	1029	2753	7666	2.35
2000-2009	100	0.40633	0.33772	0.5	2239	756	1861	4912	2.19
2000-2009	101	0.43962	0.36040	0.5	1483	534	1215	3052	2.06
2000-2009	102	0.47347	0.38284	0.5	948	363	767	1836	1.94
2000-2009	103	0.50755	0.40482	0.5	585	237	467	1070	1.83
2000-2009	104	0.54157	0.42617	0.5	348	148	274	603	1.73
2000-2009	105	0.57521	0.44673	0.5	200	89	155	329	1.64
2000-2009	106	0.60816	0.46635	0.5	111	52	85	173	1.57
2000-2009	107	0.64016	0.48494	0.5	59	29	45	89	1.50
2000-2009	108	0.67096	0.50241	0.5	30	15	23	44	1.45
2000-2009	109	0.70035	0.51871	0.5	15	8	11	21	1.40
2000-2009	110+	0.72818	1.00000	1.37	7	7	10	10	1.37
2010-2017	0	0.00449	0.00447	0.07	100000	447	99582	8143360	81.43
2010-2017	1	0.00034	0.00034	0.5	99553	34	99536	8043777	80.80
2010-2017	2	0.00020	0.00020	0.5	99519	20	99509	7944241	79.83
2010-2017	3	0.00016	0.00016	0.5	99500	16	99491	7844732	78.84
2010-2017	4	0.00014	0.00014	0.5	99483	14	99476	7745240	77.85
2010-2017	5	0.00010	0.00010	0.5	99470	9	99465	7645764	76.87
2010-2017	6	0.00013	0.00013	0.5	99460	13	99454	7546299	75.87
2010-2017	7	0.00010	0.00010	0.5	99448	10	99442	7446845	74.88
2010-2017	8	0.00010	0.00010	0.5	99437	10	99432	7347403	73.89
2010-2017	9	0.00008	0.00008	0.5	99427	8	99423	7247971	72.90
2010-2017	10	0.00011	0.00011	0.5	99419	11	99413	7148548	71.90
2010-2017	11	0.00011	0.00011	0.5	99407	11	99402	7049135	70.91
2010-2017	12	0.00009	0.00009	0.5	99396	9	99391	6949734	69.92
2010-2017	13	0.00012	0.00012	0.5	99387	12	99381	6850343	68.93
2010-2017	14	0.00025	0.00025	0.5	99375	24	99363	6750962	67.93
2010-2017	15	0.00019	0.00019	0.5	99351	19	99341	6651599	66.95
2010-2017	16	0.00036	0.00036	0.5	99331	35	99314	6552258	65.96
2010-2017	17	0.00035	0.00035	0.5	99296	34	99279	6452944	64.99
2010-2017	18	0.00050	0.00050	0.5	99262	49	99237	6353665	64.01
2010-2017	19	0.00048	0.00048	0.5	99213	48	99189	6254428	63.04
2010-2017	20	0.00046	0.00046	0.5	99165	45	99142	6155240	62.07
2010-2017	21	0.00059	0.00059	0.5	99119	59	99090	6056098	61.10
2010-2017	22	0.00041	0.00041	0.5	99061	41	99040	5957008	60.14
2010-2017	23	0.00051	0.00051	0.5	99020	50	98994	5857968	59.16
2010-2017	24	0.00061	0.00061	0.5	98969	60	98939	5758973	58.19
2010-2017	25	0.00041	0.00041	0.5	98909	40	98889	5660034	57.22
2010-2017	26	0.00049	0.00049	0.5	98869	48	98845	5561145	56.25
2010-2017	27	0.00047	0.00047	0.5	98821	47	98797	5462300	55.27
2010-2017	28	0.00061	0.00061	0.5	98774	60	98744	5363502	54.30
2010-2017	29	0.00068	0.00068	0.5	98714	67	98680	5264758	53.33
2010-2017	30	0.00058	0.00058	0.5	98647	57	98618	5166078	52.37
2010-2017	31	0.00080	0.00080	0.5	98590	79	98550	5067460	51.40
2010-2017	32	0.00083	0.00083	0.5	98511	81	98470	4968909	50.44
2010-2017	33	0.00094	0.00094	0.5	98429	93	98383	4870439	49.48
2010-2017	34	0.00083	0.00082	0.5	98337	81	98296	4772056	48.53
2010-2017	35	0.00076	0.00076	0.5	98256	74	98219	4673760	47.57
2010-2017	36	0.00113	0.00112	0.5	98181	110	98126	4575541	46.60
2010-2017	37	0.00115	0.00115	0.5	98071	112	98015	4477415	45.65
2010-2017	38	0.00122	0.00122	0.5	97959	120	97899	4379400	44.71
2010-2017	39	0.00132	0.00132	0.5	97839	129	97774	4281502	43.76
2010-2017	40	0.00141	0.00140	0.5	97709	137	97641	4183728	42.82
2010-2017	41	0.00137	0.00137	0.5	97572	133	97506	4086087	41.88
2010-2017	42	0.00138	0.00138	0.5	97439	134	97372	3988581	40.93
2010-2017	43	0.00153	0.00153	0.5	97305	149	97230	3891209	39.99
2010-2017	44	0.00173	0.00172	0.5	97156	167	97072	3793979	39.05
2010-2017	45	0.00178	0.00177	0.5	96989	172	96903	3696907	38.12
2010-2017	46	0.00238	0.00238	0.5	96817	231	96701	3600004	37.18
2010-2017	47	0.00219	0.00219	0.5	96586	212	96480	3503303	36.27
2010-2017	48	0.00262	0.00261	0.5	96374	252	96249	3406823	35.35
2010-2017	49	0.00267	0.00266	0.5	96123	256	95994	3310574	34.44
2010-2017	50	0.00293	0.00292	0.5	95866	280	95726	3214580	33.53
2010-2017	51	0.00313	0.00312	0.5	95586	299	95437	3118853	32.63
2010-2017	52	0.00327	0.00327	0.5	95288	311	95132	3023416	31.73
2010-2017	53	0.00363	0.00362	0.5	94976	344	94804	2928284	30.83
2010-2017	54	0.00392	0.00392	0.5	94632	371	94447	2833480	29.94
2010-2017	55	0.00433	0.00432	0.5	94261	407	94058	2739034	29.06
2010-2017	56	0.00447	0.00446	0.5	93854	418	93645	2644976	28.18
2010-2017	57	0.00537	0.00535	0.5	93436	500	93185	2551331	27.31
2010-2017	58	0.00527	0.00526	0.5	92935	489	92691	2458146	26.45
2010-2017	59	0.00509	0.00507	0.5	92446	469	92212	2365455	25.59
2010-2017	60	0.00650	0.00648	0.5	91978	596	91680	2273243	24.72
2010-2017	61	0.00666	0.00663	0.5	91382	606	91079	2181563	23.87
2010-2017	62	0.00692	0.00689	0.5	90776	626	90463	2090484	23.03
2010-2017	63	0.00773	0.00770	0.5	90150	694	89803	2000021	22.19
2010-2017	64	0.00827	0.00823	0.5	89456	736	89088	1910218	21.35
2010-2017	65	0.00920	0.00916	0.5	88720	813	88314	1821130	20.53
2010-2017	66	0.01031	0.01025	0.5	87907	901	87456	1732817	19.71
2010-2017	67	0.01098	0.01092	0.5	87006	950	86531	1645360	18.91
2010-2017	68	0.01156	0.01150	0.5	86056	989	85561	1558829	18.11
2010-2017	69	0.01302	0.01293	0.5	85067	1100	84517	1473268	17.32
2010-2017	70	0.01496	0.01485	0.5	83967	1247	83343	1388751	16.54
2010-2017	71	0.01613	0.01601	0.5	82720	1324	82058	1305408	15.78
2010-2017	72	0.01802	0.01786	0.5	81396	1454	80669	1223351	15.03
2010-2017	73	0.02063	0.02042	0.5	79942	1632	79126	1142682	14.29
2010-2017	74	0.02151	0.02128	0.5	78310	1666	77477	1063556	13.58
2010-2017	75	0.02454	0.02425	0.5	76643	1858	75714	986079	12.87
2010-2017	76	0.02719	0.02682	0.5	74785	2006	73782	910365	12.17
2010-2017	77	0.03211	0.03160	0.5	72779	2300	71629	836583	11.49
2010-2017	78	0.03561	0.03499	0.5	70479	2466	69246	764954	10.85
2010-2017	79	0.03993	0.03914	0.5	68013	2662	66682	695707	10.23
2010-2017	80	0.03994	0.03916	0.5	65351	2559	64071	629025	9.63
2010-2017	81	0.04577	0.04475	0.5	62792	2810	61387	564954	9.00
2010-2017	82	0.05241	0.05107	0.5	59982	3063	58450	503567	8.40
2010-2017	83	0.05995	0.05820	0.5	56918	3313	55262	445117	7.82
2010-2017	84	0.06849	0.06623	0.5	53605	3550	51830	389855	7.27
2010-2017	85	0.07815	0.07522	0.5	50055	3765	48173	338025	6.75
2010-2017	86	0.08905	0.08525	0.5	46290	3946	44317	289852	6.26
2010-2017	87	0.10129	0.09641	0.5	42344	4082	40303	245535	5.80
2010-2017	88	0.11501	0.10875	0.5	38262	4161	36181	205232	5.36
2010-2017	89	0.13031	0.12234	0.5	34101	4172	32015	169051	4.96
2010-2017	90	0.14731	0.13721	0.5	29929	4106	27876	137036	4.58
2010-2017	91	0.16611	0.15337	0.5	25822	3960	23842	109160	4.23
2010-2017	92	0.18678	0.17082	0.5	21862	3735	19995	85318	3.90
2010-2017	93	0.20937	0.18953	0.5	18127	3436	16410	65324	3.60
2010-2017	94	0.23391	0.20942	0.5	14692	3077	13153	48914	3.33
2010-2017	95	0.26038	0.23039	0.5	11615	2676	10277	35761	3.08
2010-2017	96	0.28872	0.25230	0.5	8939	2255	7811	25484	2.85
2010-2017	97	0.31881	0.27498	0.5	6684	1838	5765	17673	2.64
2010-2017	98	0.35050	0.29823	0.5	4846	1445	4123	11908	2.46
2010-2017	99	0.38355	0.32183	0.5	3401	1094	2853	7785	2.29
2010-2017	100	0.41773	0.34555	0.5	2306	797	1908	4931	2.14
2010-2017	101	0.45270	0.36915	0.5	1509	557	1231	3023	2.00
2010-2017	102	0.48816	0.39239	0.5	952	374	765	1793	1.88
2010-2017	103	0.52373	0.41504	0.5	579	240	458	1027	1.78
2010-2017	104	0.55906	0.43693	0.5	338	148	264	569	1.68
2010-2017	105	0.59381	0.45787	0.5	191	87	147	304	1.60
2010-2017	106	0.62764	0.47772	0.5	103	49	79	157	1.52
2010-2017	107	0.66027	0.49639	0.5	54	27	41	79	1.46
2010-2017	108	0.69144	0.51381	0.5	27	14	20	38	1.41
2010-2017	109	0.72096	0.52993	0.5	13	7	10	18	1.36
2010-2017	110+	0.74868	1.00000	1.34	6	6	8	8	1.34
