MS: Mississippi, Lifetables (period 5x1), Males Last modified: 3 Dec 2019, MPv5 (May07) 

Year	Age	mx	qx	ax	lx	dx	Lx	Tx	ex
1959	0	0.04523	0.04358	0.17	100000	4358	96367	6476401	64.76
1959	1-4	0.00174	0.00695	1.63	95642	665	380993	6380034	66.71
1959	5-9	0.00061	0.00304	2.5	94977	289	474160	5999041	63.16
1959	10-14	0.00081	0.00404	2.81	94688	383	472603	5524881	58.35
1959	15-19	0.00187	0.00932	2.98	94305	879	469753	5052278	53.57
1959	20-24	0.00300	0.01488	2.43	93426	1390	463564	4582525	49.05
1959	25-29	0.00280	0.01390	2.71	92036	1279	457249	4118962	44.75
1959	30-34	0.00268	0.01331	2.49	90757	1208	450757	3661712	40.35
1959	35-39	0.00468	0.02317	2.8	89548	2075	443168	3210955	35.86
1959	40-44	0.00553	0.02731	2.61	87474	2389	431664	2767788	31.64
1959	45-49	0.00780	0.03827	2.61	85085	3256	417658	2336124	27.46
1959	50-54	0.01327	0.06441	2.71	81829	5270	397074	1918466	23.44
1959	55-59	0.01939	0.09270	2.63	76558	7097	365968	1521392	19.87
1959	60-64	0.02512	0.11826	2.53	69461	8215	327051	1155424	16.63
1959	65-69	0.03942	0.18009	2.61	61246	11030	279824	828373	13.53
1959	70-74	0.05554	0.24308	2.44	50216	12207	219780	548548	10.92
1959	75-79	0.08407	0.34661	2.47	38010	13175	156704	328769	8.65
1959	80-84	0.11706	0.44588	2.33	24835	11074	94599	172065	6.93
1959	85-89	0.15845	0.55178	2.25	13762	7593	47924	77467	5.63
1959	90-94	0.18941	0.61945	2.21	6168	3821	20173	29543	4.79
1959	95-99	0.23428	0.69890	2.11	2347	1641	7003	9370	3.99
1959	100-104	0.28591	0.77053	2.01	707	545	1905	2367	3.35
1959	105-109	0.34369	0.83117	1.89	162	135	392	462	2.85
1959	110+	0.39027	1.00000	2.56	27	27	70	70	2.56
1960	0	0.04867	0.04680	0.18	100000	4680	96142	6443455	64.43
1960	1-4	0.00187	0.00744	1.53	95320	709	379527	6347312	66.59
1960	5-9	0.00076	0.00378	2.27	94611	357	472080	5967785	63.08
1960	10-14	0.00074	0.00371	2.57	94254	350	470418	5495706	58.31
1960	15-19	0.00155	0.00771	2.95	93904	724	468036	5025288	53.52
1960	20-24	0.00239	0.01188	2.5	93180	1107	463140	4557252	48.91
1960	25-29	0.00270	0.01343	2.61	92074	1237	457408	4094112	44.47
1960	30-34	0.00269	0.01338	2.63	90837	1216	451305	3636705	40.04
1960	35-39	0.00372	0.01845	2.9	89621	1654	444626	3185399	35.54
1960	40-44	0.00620	0.03051	2.54	87967	2684	433247	2740774	31.16
1960	45-49	0.00897	0.04392	2.6	85283	3746	417432	2307526	27.06
1960	50-54	0.01281	0.06216	2.65	81537	5068	395757	1890094	23.18
1960	55-59	0.01955	0.09347	2.66	76469	7147	365583	1494337	19.54
1960	60-64	0.02629	0.12379	2.65	69321	8581	326467	1128754	16.28
1960	65-69	0.03919	0.17852	2.51	60740	10844	276669	802287	13.21
1960	70-74	0.06069	0.26343	2.5	49896	13144	216598	525618	10.53
1960	75-79	0.08294	0.34209	2.44	36752	12572	151581	309020	8.41
1960	80-84	0.12199	0.46342	2.41	24180	11205	91854	157440	6.51
1960	85-89	0.17963	0.59643	2.18	12974	7738	43079	65585	5.05
1960	90-94	0.21295	0.66438	2.17	5236	3479	16336	22506	4.30
1960	95-99	0.26915	0.75045	2.05	1757	1319	4900	6170	3.51
1960	100-104	0.33373	0.82308	1.92	439	361	1082	1270	2.90
1960	105-109	0.40511	0.87952	1.78	78	68	168	189	2.43
1960	110+	0.46346	1.00000	2.16	9	9	20	20	2.16
1961	0	0.04394	0.04238	0.16	100000	4238	96452	6518932	65.19
1961	1-4	0.00171	0.00679	1.61	95762	651	381491	6422480	67.07
1961	5-9	0.00058	0.00289	2.48	95111	275	474862	6040988	63.52
1961	10-14	0.00078	0.00387	2.9	94836	367	473408	5566126	58.69
1961	15-19	0.00139	0.00694	2.67	94469	655	470816	5092718	53.91
1961	20-24	0.00243	0.01210	2.53	93814	1135	466261	4621902	49.27
1961	25-29	0.00271	0.01347	2.73	92679	1249	460564	4155641	44.84
1961	30-34	0.00263	0.01306	2.71	91430	1194	454416	3695077	40.41
1961	35-39	0.00406	0.02008	2.49	90236	1812	446623	3240661	35.91
1961	40-44	0.00519	0.02562	2.58	88424	2266	436627	2794039	31.60
1961	45-49	0.00894	0.04377	2.57	86158	3771	421620	2357412	27.36
1961	50-54	0.01327	0.06435	2.68	82387	5302	399629	1935791	23.50
1961	55-59	0.01777	0.08535	2.69	77085	6579	370200	1536162	19.93
1961	60-64	0.02777	0.13034	2.65	70506	9190	330901	1165962	16.54
1961	65-69	0.03687	0.16891	2.52	61316	10357	280896	835061	13.62
1961	70-74	0.05661	0.24797	2.5	50959	12636	223214	554166	10.87
1961	75-79	0.08038	0.33502	2.52	38323	12839	159716	330952	8.64
1961	80-84	0.11534	0.44467	2.43	25484	11332	98245	171236	6.72
1961	85-89	0.17431	0.58860	2.24	14152	8330	47789	72991	5.16
1961	90-94	0.20976	0.65946	2.19	5822	3839	18304	25201	4.33
1961	95-99	0.27085	0.75350	2.06	1983	1494	5516	6898	3.48
1961	100-104	0.34181	0.83137	1.91	489	406	1189	1382	2.83
1961	105-109	0.42052	0.88985	1.76	82	73	174	193	2.34
1961	110+	0.48528	1.00000	2.06	9	9	19	19	2.06
1962	0	0.04455	0.04295	0.16	100000	4295	96412	6441198	64.41
1962	1-4	0.00159	0.00635	1.46	95705	608	381278	6344786	66.30
1962	5-9	0.00057	0.00286	2.46	95097	272	474794	5963509	62.71
1962	10-14	0.00076	0.00379	2.96	94825	359	473392	5488714	57.88
1962	15-19	0.00148	0.00736	2.73	94466	695	470753	5015322	53.09
1962	20-24	0.00222	0.01102	2.53	93771	1033	466307	4544569	48.46
1962	25-29	0.00252	0.01254	2.45	92738	1163	460724	4078262	43.98
1962	30-34	0.00356	0.01767	2.63	91575	1618	454041	3617538	39.50
1962	35-39	0.00420	0.02078	2.54	89957	1869	445180	3163497	35.17
1962	40-44	0.00547	0.02700	2.71	88087	2378	434983	2718317	30.86
1962	45-49	0.00960	0.04693	2.59	85709	4022	418866	2283334	26.64
1962	50-54	0.01310	0.06356	2.7	81687	5192	396469	1864467	22.82
1962	55-59	0.01945	0.09305	2.67	76495	7118	365898	1467998	19.19
1962	60-64	0.02981	0.13952	2.71	69377	9680	324726	1102099	15.89
1962	65-69	0.04072	0.18452	2.46	59697	11015	270487	777373	13.02
1962	70-74	0.06214	0.27002	2.58	48682	13145	211553	506886	10.41
1962	75-79	0.08125	0.33685	2.46	35537	11970	147331	295333	8.31
1962	80-84	0.12976	0.48509	2.4	23566	11432	88097	148001	6.28
1962	85-89	0.18391	0.61063	2.25	12134	7410	40289	59904	4.94
1962	90-94	0.22183	0.67968	2.15	4725	3211	14477	19614	4.15
1962	95-99	0.27957	0.76386	2.03	1513	1156	4135	5138	3.39
1962	100-104	0.34549	0.83389	1.9	357	298	863	1003	2.81
1962	105-109	0.41785	0.88756	1.76	59	53	126	140	2.36
1962	110+	0.47698	1.00000	2.1	7	7	14	14	2.10
1963	0	0.04816	0.04632	0.17	100000	4632	96175	6368322	63.68
1963	1-4	0.00193	0.00769	1.49	95368	733	379636	6272147	65.77
1963	5-9	0.00069	0.00343	2.1	94635	325	472234	5892511	62.27
1963	10-14	0.00074	0.00372	2.9	94310	351	470816	5420277	57.47
1963	15-19	0.00149	0.00744	2.58	93960	699	468107	4949462	52.68
1963	20-24	0.00247	0.01227	2.65	93261	1145	463608	4481355	48.05
1963	25-29	0.00260	0.01294	2.57	92116	1192	457687	4017747	43.62
1963	30-34	0.00302	0.01499	2.41	90924	1363	451095	3560060	39.15
1963	35-39	0.00491	0.02425	2.59	89561	2172	442578	3108966	34.71
1963	40-44	0.00681	0.03350	2.69	87389	2928	430187	2666388	30.51
1963	45-49	0.00794	0.03896	2.62	84461	3290	414476	2236201	26.48
1963	50-54	0.01481	0.07153	2.6	81171	5806	391940	1821725	22.44
1963	55-59	0.02005	0.09557	2.56	75365	7202	359283	1429786	18.97
1963	60-64	0.02856	0.13374	2.62	68162	9116	319157	1070503	15.71
1963	65-69	0.04345	0.19563	2.46	59047	11551	265875	751346	12.72
1963	70-74	0.06194	0.26899	2.56	47495	12776	206266	485472	10.22
1963	75-79	0.08153	0.33769	2.46	34719	11724	143803	279206	8.04
1963	80-84	0.13800	0.50696	2.38	22995	11658	84474	135403	5.89
1963	85-89	0.20560	0.64897	2.16	11337	7358	35786	50929	4.49
1963	90-94	0.24703	0.71464	2.05	3980	2844	11513	15142	3.80
1963	95-99	0.29902	0.78716	1.99	1136	894	2990	3629	3.20
1963	100-104	0.36792	0.85285	1.86	242	206	560	640	2.65
1963	105-109	0.44263	0.90179	1.71	36	32	72	79	2.23
1963	110+	0.50362	1.00000	1.99	3	3	7	7	1.99
1964	0	0.04479	0.04318	0.17	100000	4318	96396	6423398	64.23
1964	1-4	0.00191	0.00761	1.48	95682	728	380895	6327002	66.13
1964	5-9	0.00076	0.00378	2.59	94954	359	473904	5946107	62.62
1964	10-14	0.00068	0.00339	2.79	94595	320	472267	5472203	57.85
1964	15-19	0.00189	0.00943	2.76	94275	889	469380	4999936	53.04
1964	20-24	0.00227	0.01128	2.42	93385	1053	464210	4530556	48.51
1964	25-29	0.00248	0.01234	2.62	92332	1139	458953	4066345	44.04
1964	30-34	0.00343	0.01699	2.5	91193	1550	452088	3607392	39.56
1964	35-39	0.00447	0.02210	2.71	89643	1981	443680	3155304	35.20
1964	40-44	0.00646	0.03181	2.58	87662	2789	431551	2711624	30.93
1964	45-49	0.00900	0.04406	2.65	84873	3739	415563	2280073	26.86
1964	50-54	0.01280	0.06213	2.63	81134	5041	393736	1864510	22.98
1964	55-59	0.01985	0.09470	2.59	76093	7206	363102	1470774	19.33
1964	60-64	0.02766	0.12981	2.63	68887	8942	323284	1107672	16.08
1964	65-69	0.04411	0.19837	2.47	59944	11891	269590	784388	13.09
1964	70-74	0.05746	0.25276	2.62	48053	12146	211360	514798	10.71
1964	75-79	0.07998	0.33055	2.38	35908	11869	148398	303439	8.45
1964	80-84	0.12430	0.47383	2.49	24038	11390	91635	155041	6.45
1964	85-89	0.18378	0.60841	2.22	12648	7695	41872	63406	5.01
1964	90-94	0.21064	0.66002	2.17	4953	3269	15520	21533	4.35
1964	95-99	0.26444	0.74384	2.06	1684	1253	4737	6014	3.57
1964	100-104	0.32615	0.81546	1.93	431	352	1078	1277	2.96
1964	105-109	0.39443	0.87209	1.8	80	69	176	199	2.50
1964	110+	0.45010	1.00000	2.22	10	10	23	23	2.22
1965	0	0.04551	0.04385	0.17	100000	4385	96348	6436949	64.37
1965	1-4	0.00187	0.00745	1.52	95615	713	380689	6340601	66.31
1965	5-9	0.00073	0.00366	2.3	94902	347	473575	5959912	62.80
1965	10-14	0.00077	0.00382	2.8	94555	361	471981	5486337	58.02
1965	15-19	0.00167	0.00831	2.85	94194	783	469288	5014356	53.23
1965	20-24	0.00240	0.01194	2.53	93411	1115	464299	4545068	48.66
1965	25-29	0.00250	0.01243	2.53	92296	1147	458646	4080769	44.21
1965	30-34	0.00305	0.01516	2.5	91149	1381	452295	3622123	39.74
1965	35-39	0.00395	0.01953	2.46	89768	1754	444383	3169828	35.31
1965	40-44	0.00659	0.03241	2.55	88014	2853	433073	2725445	30.97
1965	45-49	0.00864	0.04232	2.61	85161	3604	417191	2292372	26.92
1965	50-54	0.01302	0.06319	2.65	81557	5153	395671	1875180	22.99
1965	55-59	0.01881	0.08992	2.56	76404	6870	365265	1479509	19.36
1965	60-64	0.02744	0.12893	2.67	69534	8965	326746	1114244	16.02
1965	65-69	0.04469	0.20121	2.53	60569	12187	272720	787498	13.00
1965	70-74	0.05673	0.24930	2.57	48382	12062	212614	514778	10.64
1965	75-79	0.08584	0.35082	2.4	36321	12742	148440	302163	8.32
1965	80-84	0.12097	0.45930	2.38	23578	10830	89523	153723	6.52
1965	85-89	0.17909	0.59823	2.23	12749	7627	42586	64200	5.04
1965	90-94	0.21664	0.67134	2.17	5122	3439	15873	21614	4.22
1965	95-99	0.27739	0.76169	2.04	1683	1282	4623	5741	3.41
1965	100-104	0.34742	0.83616	1.9	401	335	966	1118	2.79
1965	105-109	0.42465	0.89210	1.75	66	59	138	153	2.32
1965	110+	0.48804	1.00000	2.05	7	7	15	15	2.05
1966	0	0.04260	0.04112	0.16	100000	4112	96543	6400856	64.01
1966	1-4	0.00178	0.00709	1.63	95888	680	381938	6304314	65.75
1966	5-9	0.00073	0.00363	2.25	95207	346	475087	5922376	62.20
1966	10-14	0.00074	0.00372	2.76	94862	352	473520	5447289	57.42
1966	15-19	0.00184	0.00916	2.92	94509	865	470749	4973769	52.63
1966	20-24	0.00267	0.01325	2.43	93644	1241	465036	4503020	48.09
1966	25-29	0.00242	0.01203	2.5	92403	1111	459239	4037984	43.70
1966	30-34	0.00373	0.01847	2.5	91292	1686	452243	3578745	39.20
1966	35-39	0.00432	0.02136	2.58	89606	1914	443396	3126502	34.89
1966	40-44	0.00607	0.02992	2.7	87691	2624	432433	2683107	30.60
1966	45-49	0.00911	0.04460	2.62	85068	3794	416292	2250673	26.46
1966	50-54	0.01392	0.06729	2.54	81273	5468	392917	1834381	22.57
1966	55-59	0.02083	0.09938	2.69	75805	7534	361627	1441464	19.02
1966	60-64	0.02770	0.12970	2.55	68271	8855	319683	1079837	15.82
1966	65-69	0.04563	0.20547	2.58	59416	12208	267560	760154	12.79
1966	70-74	0.05949	0.25987	2.57	47208	12268	206224	492594	10.43
1966	75-79	0.08754	0.35705	2.42	34940	12475	142513	286370	8.20
1966	80-84	0.12472	0.47117	2.41	22464	10584	84867	143857	6.40
1966	85-89	0.17466	0.58666	2.2	11880	6970	39904	58990	4.97
1966	90-94	0.24141	0.70261	2.03	4910	3450	14291	19086	3.89
1966	95-99	0.28915	0.77647	2.02	1460	1134	3921	4795	3.28
1966	100-104	0.36303	0.84966	1.87	326	277	764	873	2.67
1966	105-109	0.44393	0.90310	1.72	49	44	100	109	2.22
1966	110+	0.51035	1.00000	1.96	5	5	9	9	1.96
1967	0	0.04029	0.03896	0.15	100000	3896	96701	6414171	64.14
1967	1-4	0.00162	0.00644	1.52	96104	619	382880	6317470	65.74
1967	5-9	0.00071	0.00353	2.28	95485	337	476510	5934590	62.15
1967	10-14	0.00083	0.00415	2.82	95148	395	474880	5458079	57.36
1967	15-19	0.00187	0.00932	3.09	94753	883	472079	4983200	52.59
1967	20-24	0.00282	0.01397	2.25	93870	1312	465745	4511120	48.06
1967	25-29	0.00290	0.01439	2.4	92558	1332	459330	4045375	43.71
1967	30-34	0.00312	0.01550	2.67	91226	1414	452838	3586045	39.31
1967	35-39	0.00460	0.02275	2.64	89813	2043	444251	3133207	34.89
1967	40-44	0.00658	0.03237	2.56	87770	2841	431918	2688956	30.64
1967	45-49	0.00995	0.04860	2.58	84929	4128	414666	2257038	26.58
1967	50-54	0.01428	0.06897	2.52	80801	5573	390200	1842372	22.80
1967	55-59	0.01889	0.09046	2.68	75228	6805	360326	1452173	19.30
1967	60-64	0.02669	0.12552	2.63	68423	8589	321758	1091847	15.96
1967	65-69	0.04365	0.19711	2.54	59834	11794	270201	770089	12.87
1967	70-74	0.06043	0.26288	2.53	48041	12629	208997	499889	10.41
1967	75-79	0.08694	0.35749	2.52	35412	12659	145605	290892	8.21
1967	80-84	0.12072	0.46075	2.43	22752	10483	86838	145287	6.39
1967	85-89	0.19131	0.61908	2.15	12269	7596	39704	58449	4.76
1967	90-94	0.22892	0.69258	2.15	4674	3237	14140	18745	4.01
1967	95-99	0.29665	0.78563	2.01	1437	1129	3805	4605	3.21
1967	100-104	0.37446	0.85902	1.85	308	265	707	800	2.60
1967	105-109	0.45931	0.91119	1.69	43	40	86	93	2.15
1967	110+	0.52898	1.00000	1.89	4	4	7	7	1.89
1968	0	0.04076	0.03940	0.15	100000	3940	96668	6375725	63.76
1968	1-4	0.00157	0.00626	1.61	96060	602	382802	6279057	65.37
1968	5-9	0.00072	0.00360	2.34	95458	343	476377	5896256	61.77
1968	10-14	0.00075	0.00373	3.21	95115	355	474938	5419878	56.98
1968	15-19	0.00202	0.01004	2.66	94760	952	471576	4944941	52.18
1968	20-24	0.00269	0.01336	2.37	93808	1253	465746	4473365	47.69
1968	25-29	0.00306	0.01519	2.53	92555	1406	459297	4007620	43.30
1968	30-34	0.00315	0.01565	2.56	91149	1427	452265	3548322	38.93
1968	35-39	0.00406	0.02014	2.77	89723	1807	444589	3096057	34.51
1968	40-44	0.00589	0.02906	2.62	87916	2555	433502	2651468	30.16
1968	45-49	0.00956	0.04672	2.58	85361	3988	417136	2217966	25.98
1968	50-54	0.01450	0.07007	2.6	81373	5702	393197	1800830	22.13
1968	55-59	0.02035	0.09705	2.61	75671	7344	360798	1407634	18.60
1968	60-64	0.03050	0.14180	2.53	68327	9689	317721	1046836	15.32
1968	65-69	0.04284	0.19352	2.51	58638	11348	264910	729115	12.43
1968	70-74	0.06655	0.28489	2.48	47290	13472	202434	464205	9.82
1968	75-79	0.09423	0.38092	2.49	33818	12882	136713	261771	7.74
1968	80-84	0.13810	0.50801	2.4	20936	10636	77017	125058	5.97
1968	85-89	0.19350	0.63223	2.26	10300	6512	33654	48041	4.66
1968	90-94	0.24457	0.71674	2.11	3788	2715	11102	14386	3.80
1968	95-99	0.31274	0.80304	1.97	1073	862	2755	3284	3.06
1968	100-104	0.38993	0.87009	1.82	211	184	472	529	2.50
1968	105-109	0.47305	0.91741	1.66	27	25	53	57	2.09
1968	110+	0.54101	1.00000	1.85	2	2	4	4	1.85
1969	0	0.03708	0.03594	0.14	100000	3594	96925	6366769	63.67
1969	1-4	0.00157	0.00624	1.56	96406	602	384153	6269843	65.04
1969	5-9	0.00075	0.00375	2.35	95804	359	478066	5885690	61.43
1969	10-14	0.00081	0.00406	2.5	95445	388	476253	5407625	56.66
1969	15-19	0.00206	0.01026	2.93	95057	975	473265	4931371	51.88
1969	20-24	0.00285	0.01416	2.43	94082	1332	466985	4458107	47.39
1969	25-29	0.00344	0.01706	2.46	92750	1583	459727	3991122	43.03
1969	30-34	0.00308	0.01528	2.51	91167	1393	452371	3531395	38.74
1969	35-39	0.00472	0.02335	2.7	89774	2096	444039	3079024	34.30
1969	40-44	0.00660	0.03250	2.6	87677	2850	431550	2634985	30.05
1969	45-49	0.01039	0.05069	2.61	84828	4300	413875	2203435	25.98
1969	50-54	0.01492	0.07212	2.71	80528	5807	389338	1789560	22.22
1969	55-59	0.02094	0.09966	2.58	74720	7447	355598	1400223	18.74
1969	60-64	0.03109	0.14454	2.57	67274	9724	312752	1044625	15.53
1969	65-69	0.04437	0.19968	2.5	57550	11492	259002	731873	12.72
1969	70-74	0.06334	0.27402	2.54	46058	12621	199252	472871	10.27
1969	75-79	0.08754	0.35835	2.47	33437	11982	136879	273619	8.18
1969	80-84	0.12855	0.48287	2.42	21455	10360	80591	136740	6.37
1969	85-89	0.17661	0.59233	2.22	11095	6572	37212	56149	5.06
1969	90-94	0.21956	0.67588	2.16	4523	3057	13924	18937	4.19
1969	95-99	0.27723	0.76096	2.04	1466	1116	4024	5013	3.42
1969	100-104	0.34320	0.83189	1.9	350	292	849	989	2.82
1969	105-109	0.41576	0.88632	1.76	59	52	126	140	2.37
1969	110+	0.47508	1.00000	2.1	7	7	14	14	2.10
1970	0	0.03440	0.03341	0.14	100000	3341	97118	6416948	64.17
1970	1-4	0.00150	0.00597	1.67	96659	577	385291	6319830	65.38
1970	5-9	0.00060	0.00300	2.2	96082	288	479605	5934539	61.77
1970	10-14	0.00073	0.00366	2.9	95794	351	478235	5454934	56.94
1970	15-19	0.00211	0.01052	2.78	95443	1004	474981	4976699	52.14
1970	20-24	0.00291	0.01446	2.59	94439	1366	468908	4501718	47.67
1970	25-29	0.00337	0.01671	2.52	93073	1555	461511	4032810	43.33
1970	30-34	0.00335	0.01659	2.6	91518	1519	453939	3571299	39.02
1970	35-39	0.00452	0.02237	2.6	89999	2013	445155	3117360	34.64
1970	40-44	0.00661	0.03254	2.66	87986	2863	433216	2672205	30.37
1970	45-49	0.00979	0.04785	2.62	85123	4073	415904	2238988	26.30
1970	50-54	0.01502	0.07260	2.7	81049	5884	391702	1823085	22.49
1970	55-59	0.02012	0.09594	2.59	75165	7211	358481	1431383	19.04
1970	60-64	0.03031	0.14121	2.59	67954	9596	316628	1072902	15.79
1970	65-69	0.04083	0.18578	2.58	58358	10842	265530	756273	12.96
1970	70-74	0.06334	0.27403	2.54	47517	13021	205569	490744	10.33
1970	75-79	0.08932	0.36590	2.53	34496	12622	141315	285175	8.27
1970	80-84	0.12123	0.46137	2.41	21874	10092	83245	143860	6.58
1970	85-89	0.17392	0.59203	2.3	11782	6975	40106	60615	5.14
1970	90-94	0.21385	0.66646	2.17	4807	3203	14980	20509	4.27
1970	95-99	0.27393	0.75723	2.05	1603	1214	4432	5529	3.45
1970	100-104	0.34330	0.83247	1.91	389	324	944	1097	2.82
1970	105-109	0.41999	0.88931	1.76	65	58	138	153	2.35
1970	110+	0.48294	1.00000	2.07	7	7	15	15	2.07
1971	0	0.03320	0.03228	0.13	100000	3228	97205	6456056	64.56
1971	1-4	0.00115	0.00458	1.6	96772	443	386025	6358851	65.71
1971	5-9	0.00079	0.00395	2.12	96330	380	480552	5972825	62.00
1971	10-14	0.00075	0.00376	2.7	95949	361	478916	5492274	57.24
1971	15-19	0.00205	0.01022	2.76	95588	977	475757	5013358	52.45
1971	20-24	0.00295	0.01468	2.73	94612	1388	469913	4537601	47.96
1971	25-29	0.00303	0.01505	2.52	93223	1403	462639	4067688	43.63
1971	30-34	0.00340	0.01688	2.73	91821	1550	455590	3605049	39.26
1971	35-39	0.00427	0.02114	2.66	90271	1908	446893	3149458	34.89
1971	40-44	0.00662	0.03257	2.57	88363	2878	434823	2702565	30.58
1971	45-49	0.00945	0.04619	2.61	85485	3949	417977	2267742	26.53
1971	50-54	0.01375	0.06655	2.57	81536	5426	394476	1849765	22.69
1971	55-59	0.01990	0.09513	2.7	76110	7241	363907	1455289	19.12
1971	60-64	0.02943	0.13751	2.61	68870	9470	321734	1091383	15.85
1971	65-69	0.04118	0.18706	2.56	59399	11111	269836	769649	12.96
1971	70-74	0.06065	0.26455	2.59	48288	12775	210625	499812	10.35
1971	75-79	0.08867	0.36255	2.49	35514	12876	145212	289188	8.14
1971	80-84	0.12459	0.46934	2.37	22638	10625	85282	143975	6.36
1971	85-89	0.18207	0.60926	2.29	12013	7319	40198	58694	4.89
1971	90-94	0.23620	0.69821	2.07	4694	3277	13875	18496	3.94
1971	95-99	0.29124	0.77903	2.02	1417	1104	3789	4620	3.26
1971	100-104	0.36604	0.85216	1.86	313	267	729	831	2.65
1971	105-109	0.44784	0.90521	1.71	46	42	94	102	2.21
1971	110+	0.51500	1.00000	1.94	4	4	9	9	1.94
1972	0	0.02883	0.02812	0.12	100000	2812	97533	6456715	64.57
1972	1-4	0.00126	0.00502	1.75	97188	488	387655	6359183	65.43
1972	5-9	0.00059	0.00292	2.56	96700	283	482812	5971528	61.75
1972	10-14	0.00080	0.00399	2.96	96418	384	481305	5488715	56.93
1972	15-19	0.00200	0.00996	2.56	96034	957	477831	5007411	52.14
1972	20-24	0.00298	0.01479	2.62	95077	1407	472033	4529580	47.64
1972	25-29	0.00359	0.01781	2.71	93670	1669	464525	4057547	43.32
1972	30-34	0.00314	0.01559	2.64	92002	1435	456627	3593022	39.05
1972	35-39	0.00404	0.02004	2.74	90567	1815	448735	3136396	34.63
1972	40-44	0.00616	0.03034	2.64	88752	2693	437409	2687660	30.28
1972	45-49	0.01017	0.04965	2.63	86059	4272	420175	2250251	26.15
1972	50-54	0.01466	0.07092	2.71	81787	5801	395671	1830075	22.38
1972	55-59	0.02059	0.09818	2.65	75986	7461	362382	1434405	18.88
1972	60-64	0.03311	0.15359	2.65	68525	10525	317895	1072023	15.64
1972	65-69	0.03804	0.17421	2.59	58000	10104	265640	754127	13.00
1972	70-74	0.06298	0.27278	2.55	47896	13065	207435	488487	10.20
1972	75-79	0.08795	0.35695	2.36	34831	12433	141363	281053	8.07
1972	80-84	0.12773	0.47796	2.37	22398	10706	83812	139690	6.24
1972	85-89	0.18801	0.61850	2.23	11693	7232	38466	55878	4.78
1972	90-94	0.24049	0.70203	2.04	4461	3132	13022	17413	3.90
1972	95-99	0.28768	0.77427	2.02	1329	1029	3577	4391	3.30
1972	100-104	0.35805	0.84516	1.88	300	254	708	814	2.71
1972	105-109	0.43506	0.89795	1.73	46	42	96	105	2.27
1972	110+	0.49814	1.00000	2.01	5	5	10	10	2.01
1973	0	0.03019	0.02941	0.13	100000	2941	97430	6478195	64.78
1973	1-4	0.00148	0.00588	1.57	97059	571	386848	6380765	65.74
1973	5-9	0.00066	0.00328	2.24	96488	317	481568	5993917	62.12
1973	10-14	0.00085	0.00422	2.79	96171	406	479961	5512349	57.32
1973	15-19	0.00196	0.00975	2.82	95766	934	476793	5032388	52.55
1973	20-24	0.00270	0.01340	2.52	94832	1271	471009	4555595	48.04
1973	25-29	0.00303	0.01502	2.73	93562	1405	464613	4084586	43.66
1973	30-34	0.00303	0.01506	2.67	92156	1388	457542	3619973	39.28
1973	35-39	0.00462	0.02284	2.59	90769	2073	448840	3162431	34.84
1973	40-44	0.00619	0.03050	2.66	88696	2705	437142	2713592	30.59
1973	45-49	0.00956	0.04668	2.52	85991	4014	420012	2276449	26.47
1973	50-54	0.01373	0.06643	2.55	81977	5445	396561	1856437	22.65
1973	55-59	0.01992	0.09509	2.61	76532	7277	365266	1459876	19.08
1973	60-64	0.03085	0.14371	2.62	69254	9953	322580	1094610	15.81
1973	65-69	0.03924	0.17841	2.46	59302	10580	269652	772030	13.02
1973	70-74	0.06368	0.27527	2.54	48722	13411	210596	502378	10.31
1973	75-79	0.08371	0.34461	2.44	35310	12168	145355	291783	8.26
1973	80-84	0.12636	0.47786	2.45	23142	11059	87517	146428	6.33
1973	85-89	0.17831	0.59118	2.15	12083	7143	40063	58911	4.88
1973	90-94	0.24484	0.71344	2.08	4940	3524	14395	18848	3.82
1973	95-99	0.30270	0.79267	2	1416	1122	3707	4454	3.15
1973	100-104	0.38291	0.86553	1.83	293	254	663	746	2.54
1973	105-109	0.47002	0.91641	1.67	39	36	77	83	2.10
1973	110+	0.54151	1.00000	1.85	3	3	6	6	1.85
1974	0	0.02667	0.02605	0.12	100000	2605	97698	6592012	65.92
1974	1-4	0.00102	0.00406	1.4	97395	395	388550	6494314	66.68
1974	5-9	0.00068	0.00340	2.51	96999	330	484174	6105763	62.95
1974	10-14	0.00067	0.00336	2.77	96669	325	482623	5621589	58.15
1974	15-19	0.00178	0.00889	2.7	96345	856	479750	5138966	53.34
1974	20-24	0.00226	0.01122	2.62	95488	1072	474890	4659217	48.79
1974	25-29	0.00239	0.01186	2.52	94417	1120	469308	4184327	44.32
1974	30-34	0.00324	0.01611	2.74	93297	1503	463096	3715019	39.82
1974	35-39	0.00375	0.01859	2.57	91794	1706	454826	3251923	35.43
1974	40-44	0.00649	0.03196	2.63	90088	2880	443606	2797097	31.05
1974	45-49	0.00914	0.04475	2.67	87208	3902	426932	2353491	26.99
1974	50-54	0.01354	0.06561	2.67	83306	5466	403812	1926559	23.13
1974	55-59	0.01825	0.08750	2.64	77840	6811	373150	1522747	19.56
1974	60-64	0.02841	0.13319	2.66	71029	9461	332972	1149598	16.18
1974	65-69	0.03917	0.17848	2.52	61569	10989	280571	816625	13.26
1974	70-74	0.05998	0.26179	2.57	50580	13241	220768	536055	10.60
1974	75-79	0.07980	0.33455	2.59	37339	12492	156528	315286	8.44
1974	80-84	0.12542	0.47426	2.43	24847	11784	93958	158759	6.39
1974	85-89	0.18127	0.60379	2.24	13063	7887	43511	64801	4.96
1974	90-94	0.22286	0.68244	2.16	5176	3532	15849	21289	4.11
1974	95-99	0.28665	0.77334	2.02	1644	1271	4434	5441	3.31
1974	100-104	0.35928	0.84648	1.88	373	315	878	1006	2.70
1974	105-109	0.43893	0.90032	1.72	57	51	117	129	2.25
1974	110+	0.50430	1.00000	1.98	6	6	11	11	1.98
1975	0	0.02564	0.02507	0.11	100000	2507	97779	6627506	66.28
1975	1-4	0.00103	0.00412	1.57	97493	402	388999	6529727	66.98
1975	5-9	0.00054	0.00272	2.67	97092	264	484844	6140728	63.25
1975	10-14	0.00064	0.00321	2.51	96828	311	483362	5655884	58.41
1975	15-19	0.00157	0.00780	2.76	96516	753	480892	5172523	53.59
1975	20-24	0.00207	0.01030	2.34	95763	986	476190	4691631	48.99
1975	25-29	0.00280	0.01392	2.35	94777	1319	470386	4215440	44.48
1975	30-34	0.00304	0.01512	2.71	93458	1413	464061	3745054	40.07
1975	35-39	0.00378	0.01871	2.68	92045	1723	456231	3280994	35.65
1975	40-44	0.00598	0.02947	2.58	90322	2662	445172	2824763	31.27
1975	45-49	0.00879	0.04306	2.64	87660	3775	429406	2379591	27.15
1975	50-54	0.01307	0.06331	2.53	83886	5311	406317	1950185	23.25
1975	55-59	0.01929	0.09219	2.61	78575	7244	375538	1543868	19.65
1975	60-64	0.02709	0.12706	2.57	71331	9063	334609	1168329	16.38
1975	65-69	0.03846	0.17583	2.56	62268	10948	284662	833720	13.39
1975	70-74	0.05861	0.25656	2.57	51319	13166	224655	549058	10.70
1975	75-79	0.08088	0.33801	2.57	38153	12896	159451	324403	8.50
1975	80-84	0.12253	0.46608	2.43	25257	11772	96077	164951	6.53
1975	85-89	0.17384	0.58979	2.27	13485	7953	45750	68874	5.11
1975	90-94	0.21848	0.67509	2.17	5532	3734	17093	23124	4.18
1975	95-99	0.28216	0.76796	2.03	1797	1380	4892	6031	3.36
1975	100-104	0.35502	0.84301	1.89	417	352	990	1139	2.73
1975	105-109	0.43521	0.89836	1.73	65	59	135	148	2.27
1975	110+	0.50111	1.00000	2	7	7	13	13	2.00
1976	0	0.02506	0.02451	0.11	100000	2451	97824	6653898	66.54
1976	1-4	0.00102	0.00408	1.61	97549	398	389246	6556074	67.21
1976	5-9	0.00049	0.00245	2.72	97151	238	485212	6166828	63.48
1976	10-14	0.00053	0.00264	2.89	96913	256	484024	5681616	58.63
1976	15-19	0.00164	0.00816	2.78	96657	789	481534	5197592	53.77
1976	20-24	0.00214	0.01066	2.71	95868	1022	476995	4716058	49.19
1976	25-29	0.00251	0.01245	2.46	94846	1181	471232	4239064	44.69
1976	30-34	0.00254	0.01263	2.6	93665	1183	465482	3767832	40.23
1976	35-39	0.00392	0.01942	2.68	92482	1796	458248	3302350	35.71
1976	40-44	0.00577	0.02846	2.51	90686	2581	446998	2844102	31.36
1976	45-49	0.00803	0.03941	2.71	88104	3472	432574	2397104	27.21
1976	50-54	0.01369	0.06638	2.73	84632	5618	410416	1964529	23.21
1976	55-59	0.01901	0.09108	2.7	79014	7197	378509	1554114	19.67
1976	60-64	0.02818	0.13192	2.58	71818	9474	336147	1175605	16.37
1976	65-69	0.03764	0.17247	2.58	62343	10752	285695	839458	13.47
1976	70-74	0.05607	0.24618	2.53	51591	12701	226536	553764	10.73
1976	75-79	0.08254	0.34057	2.43	38890	13245	160466	327228	8.41
1976	80-84	0.12234	0.46388	2.4	25646	11896	97240	166762	6.50
1976	85-89	0.17837	0.59760	2.24	13749	8217	46065	69521	5.06
1976	90-94	0.21579	0.66968	2.17	5533	3705	17170	23456	4.24
1976	95-99	0.27499	0.75842	2.04	1828	1386	5040	6286	3.44
1976	100-104	0.34312	0.83213	1.91	442	367	1071	1245	2.82
1976	105-109	0.41830	0.88814	1.76	74	66	157	175	2.36
1976	110+	0.47994	1.00000	2.08	8	8	17	17	2.08
1977	0	0.02097	0.02058	0.1	100000	2058	98150	6705299	67.05
1977	1-4	0.00092	0.00366	1.42	97942	358	390843	6607149	67.46
1977	5-9	0.00055	0.00276	2.16	97584	270	487153	6216306	63.70
1977	10-14	0.00070	0.00348	2.69	97314	338	485789	5729153	58.87
1977	15-19	0.00177	0.00881	2.79	96976	855	482991	5243364	54.07
1977	20-24	0.00226	0.01126	2.61	96121	1082	478016	4760373	49.52
1977	25-29	0.00254	0.01260	2.5	95039	1197	472202	4282358	45.06
1977	30-34	0.00236	0.01174	2.72	93841	1101	466694	3810156	40.60
1977	35-39	0.00364	0.01805	2.66	92740	1674	459790	3343462	36.05
1977	40-44	0.00596	0.02940	2.69	91066	2677	449149	2883672	31.67
1977	45-49	0.00824	0.04042	2.7	88389	3572	433737	2434523	27.54
1977	50-54	0.01256	0.06093	2.58	84817	5168	411556	2000786	23.59
1977	55-59	0.01889	0.09043	2.64	79648	7202	381234	1589230	19.95
1977	60-64	0.02636	0.12402	2.62	72446	8985	340882	1207996	16.67
1977	65-69	0.03761	0.17242	2.59	63461	10942	290897	867114	13.66
1977	70-74	0.05446	0.24030	2.55	52519	12621	231721	576217	10.97
1977	75-79	0.07597	0.32018	2.55	39899	12775	168149	344496	8.63
1977	80-84	0.12070	0.45868	2.38	27124	12441	103072	176347	6.50
1977	85-89	0.17721	0.59673	2.26	14683	8762	49443	73275	4.99
1977	90-94	0.22734	0.69038	2.16	5921	4088	17981	23832	4.02
1977	95-99	0.29762	0.78714	2.01	1833	1443	4849	5851	3.19
1977	100-104	0.37873	0.86262	1.84	390	337	889	1002	2.57
1977	105-109	0.46720	0.91524	1.68	54	49	105	113	2.12
1977	110+	0.53993	1.00000	1.85	5	5	8	8	1.85
1978	0	0.02069	0.02031	0.1	100000	2031	98173	6700046	67.00
1978	1-4	0.00104	0.00413	1.38	97969	405	390815	6601872	67.39
1978	5-9	0.00048	0.00238	2.45	97564	232	487229	6211057	63.66
1978	10-14	0.00054	0.00267	2.48	97332	260	486003	5723828	58.81
1978	15-19	0.00159	0.00792	3.01	97072	769	483828	5237824	53.96
1978	20-24	0.00251	0.01247	2.36	96303	1201	478349	4753997	49.37
1978	25-29	0.00276	0.01372	2.63	95102	1305	472411	4275647	44.96
1978	30-34	0.00249	0.01238	2.58	93797	1161	466169	3803236	40.55
1978	35-39	0.00380	0.01887	2.78	92636	1748	459300	3337066	36.02
1978	40-44	0.00557	0.02747	2.62	90888	2497	448503	2877767	31.66
1978	45-49	0.00804	0.03945	2.62	88392	3487	433648	2429264	27.48
1978	50-54	0.01276	0.06196	2.67	84905	5261	412250	1995616	23.50
1978	55-59	0.01922	0.09204	2.7	79644	7330	381338	1583366	19.88
1978	60-64	0.02569	0.12110	2.63	72314	8757	340811	1202028	16.62
1978	65-69	0.03772	0.17285	2.59	63557	10986	291262	861217	13.55
1978	70-74	0.05374	0.23804	2.6	52571	12514	232861	569954	10.84
1978	75-79	0.08086	0.33353	2.38	40057	13360	165229	337094	8.42
1978	80-84	0.12504	0.47288	2.42	26696	12624	100962	171865	6.44
1978	85-89	0.17803	0.59859	2.26	14072	8424	47316	70903	5.04
1978	90-94	0.21938	0.67603	2.16	5649	3819	17407	23587	4.18
1978	95-99	0.28050	0.76559	2.03	1830	1401	4995	6180	3.38
1978	100-104	0.35080	0.83910	1.89	429	360	1026	1185	2.76
1978	105-109	0.42815	0.89413	1.74	69	62	144	159	2.30
1978	110+	0.49161	1.00000	2.03	7	7	15	15	2.03
1979	0	0.02076	0.02038	0.1	100000	2038	98167	6744172	67.44
1979	1-4	0.00106	0.00422	1.68	97962	413	390887	6646005	67.84
1979	5-9	0.00049	0.00245	2.35	97549	239	487110	6255118	64.12
1979	10-14	0.00053	0.00266	2.65	97310	259	485941	5768008	59.27
1979	15-19	0.00167	0.00830	2.82	97051	805	483499	5282067	54.43
1979	20-24	0.00249	0.01237	2.61	96245	1190	478383	4798568	49.86
1979	25-29	0.00261	0.01299	2.56	95055	1234	472268	4320184	45.45
1979	30-34	0.00270	0.01342	2.57	93821	1259	466049	3847917	41.01
1979	35-39	0.00393	0.01947	2.45	92562	1803	458218	3381868	36.54
1979	40-44	0.00519	0.02567	2.76	90759	2330	448574	2923650	32.21
1979	45-49	0.00760	0.03734	2.73	88429	3302	434664	2475076	27.99
1979	50-54	0.01131	0.05509	2.64	85127	4690	414588	2040412	23.97
1979	55-59	0.01866	0.08931	2.59	80437	7184	384890	1625824	20.21
1979	60-64	0.02534	0.11954	2.64	73253	8757	345560	1240934	16.94
1979	65-69	0.03833	0.17517	2.55	64496	11298	294785	895374	13.88
1979	70-74	0.05341	0.23595	2.53	53198	12552	235002	600588	11.29
1979	75-79	0.07283	0.30805	2.5	40646	12521	171913	365586	8.99
1979	80-84	0.11900	0.45573	2.43	28125	12817	107712	193673	6.89
1979	85-89	0.15370	0.54406	2.32	15308	8328	54184	85961	5.62
1979	90-94	0.19912	0.63905	2.2	6979	4460	22400	31777	4.55
1979	95-99	0.25204	0.72667	2.09	2519	1831	7263	9377	3.72
1979	100-104	0.31334	0.80257	1.96	689	553	1764	2114	3.07
1979	105-109	0.38181	0.86324	1.83	136	117	307	350	2.57
1979	110+	0.43775	1.00000	2.28	19	19	42	42	2.28
1980	0	0.02058	0.02021	0.1	100000	2021	98182	6745843	67.46
1980	1-4	0.00086	0.00345	1.63	97979	338	391116	6647661	67.85
1980	5-9	0.00053	0.00264	2.79	97641	258	487636	6256546	64.08
1980	10-14	0.00059	0.00297	2.75	97383	289	486266	5768910	59.24
1980	15-19	0.00158	0.00787	2.89	97094	764	483859	5282644	54.41
1980	20-24	0.00274	0.01359	2.64	96331	1309	478557	4798785	49.82
1980	25-29	0.00253	0.01255	2.37	95021	1192	471968	4320227	45.47
1980	30-34	0.00256	0.01274	2.5	93829	1195	466156	3848260	41.01
1980	35-39	0.00344	0.01705	2.59	92634	1579	459359	3382104	36.51
1980	40-44	0.00499	0.02463	2.51	91055	2243	449696	2922745	32.10
1980	45-49	0.00810	0.03975	2.68	88812	3530	435882	2473049	27.85
1980	50-54	0.01128	0.05496	2.69	85282	4687	415564	2037167	23.89
1980	55-59	0.01806	0.08663	2.66	80595	6982	386662	1621603	20.12
1980	60-64	0.02642	0.12413	2.57	73614	9138	345837	1234941	16.78
1980	65-69	0.03615	0.16624	2.59	64476	10718	296530	889104	13.79
1980	70-74	0.05499	0.24204	2.53	53758	13012	236626	592574	11.02
1980	75-79	0.07481	0.31380	2.43	40746	12786	170928	355948	8.74
1980	80-84	0.11348	0.43733	2.38	27960	12228	107754	185020	6.62
1980	85-89	0.17353	0.59247	2.32	15732	9321	53713	77267	4.91
1980	90-94	0.25491	0.72790	2.05	6411	4667	18307	23554	3.67
1980	95-99	0.31672	0.80940	1.98	1745	1412	4458	5246	3.01
1980	100-104	0.41202	0.88665	1.79	333	295	716	788	2.37
1980	105-109	0.51451	0.93557	1.6	38	35	69	73	1.93
1980	110+	0.59823	1.00000	1.67	2	2	4	4	1.67
1981	0	0.01717	0.01690	0.09	100000	1690	98464	6797919	67.98
1981	1-4	0.00089	0.00357	1.5	98310	351	392362	6699455	68.15
1981	5-9	0.00047	0.00236	2.51	97959	231	489220	6307093	64.39
1981	10-14	0.00053	0.00262	2.6	97728	257	488024	5817873	59.53
1981	15-19	0.00166	0.00825	2.81	97472	804	485596	5329849	54.68
1981	20-24	0.00231	0.01150	2.48	96668	1111	480536	4844253	50.11
1981	25-29	0.00250	0.01244	2.57	95556	1189	474898	4363716	45.67
1981	30-34	0.00247	0.01230	2.54	94367	1161	468975	3888818	41.21
1981	35-39	0.00336	0.01665	2.6	93207	1552	462306	3419843	36.69
1981	40-44	0.00466	0.02300	2.47	91655	2108	452931	2957538	32.27
1981	45-49	0.00779	0.03821	2.58	89546	3421	439449	2504606	27.97
1981	50-54	0.01203	0.05850	2.67	86125	5038	418881	2065157	23.98
1981	55-59	0.01831	0.08774	2.62	81087	7114	388496	1646276	20.30
1981	60-64	0.02562	0.12059	2.57	73973	8920	348174	1257780	17.00
1981	65-69	0.03540	0.16281	2.54	65053	10591	299193	909606	13.98
1981	70-74	0.05311	0.23481	2.53	54462	12788	240759	610414	11.21
1981	75-79	0.07413	0.31193	2.46	41674	12999	175352	369655	8.87
1981	80-84	0.11454	0.44319	2.45	28674	12708	110946	194303	6.78
1981	85-89	0.16601	0.57301	2.3	15966	9149	55109	83357	5.22
1981	90-94	0.21898	0.67672	2.18	6817	4613	21068	28248	4.14
1981	95-99	0.29033	0.77905	2.03	2204	1717	5914	7180	3.26
1981	100-104	0.37352	0.85904	1.86	487	418	1120	1266	2.60
1981	105-109	0.46488	0.91444	1.68	69	63	135	146	2.13
1981	110+	0.54020	1.00000	1.85	6	6	11	11	1.85
1982	0	0.01719	0.01693	0.09	100000	1693	98461	6842359	68.42
1982	1-4	0.00075	0.00298	1.48	98307	293	392491	6743898	68.60
1982	5-9	0.00044	0.00220	2.52	98015	216	489538	6351407	64.80
1982	10-14	0.00051	0.00255	2.94	97799	249	488480	5861869	59.94
1982	15-19	0.00145	0.00724	2.85	97549	707	486226	5373389	55.08
1982	20-24	0.00229	0.01140	2.61	96842	1104	481579	4887163	50.47
1982	25-29	0.00227	0.01131	2.55	95738	1083	476036	4405584	46.02
1982	30-34	0.00239	0.01186	2.49	94656	1123	470463	3929548	41.51
1982	35-39	0.00305	0.01514	2.63	93533	1416	464312	3459085	36.98
1982	40-44	0.00510	0.02520	2.67	92117	2322	455172	2994773	32.51
1982	45-49	0.00708	0.03482	2.57	89795	3127	441370	2539601	28.28
1982	50-54	0.01129	0.05508	2.77	86668	4773	422686	2098231	24.21
1982	55-59	0.01707	0.08203	2.63	81895	6718	393542	1675545	20.46
1982	60-64	0.02567	0.12075	2.55	75177	9077	353603	1282003	17.05
1982	65-69	0.03669	0.16888	2.65	66100	11163	304243	928400	14.05
1982	70-74	0.05171	0.22968	2.57	54937	12618	243998	624157	11.36
1982	75-79	0.07490	0.31620	2.54	42319	13381	178662	380159	8.98
1982	80-84	0.11412	0.44414	2.51	28938	12852	112625	201497	6.96
1982	85-89	0.15532	0.55032	2.35	16085	8852	56991	88872	5.53
1982	90-94	0.20454	0.65043	2.2	7233	4705	23002	31881	4.41
1982	95-99	0.26744	0.74937	2.07	2529	1895	7085	8879	3.51
1982	100-104	0.34085	0.83088	1.92	634	527	1545	1795	2.83
1982	105-109	0.42266	0.89145	1.76	107	96	226	250	2.33
1982	110+	0.49018	1.00000	2.04	12	12	24	24	2.04
1983	0	0.01578	0.01555	0.09	100000	1555	98580	6858497	68.58
1983	1-4	0.00095	0.00379	1.56	98445	373	392868	6759916	68.67
1983	5-9	0.00039	0.00196	2.35	98071	193	489846	6367048	64.92
1983	10-14	0.00046	0.00232	2.73	97879	227	488878	5877202	60.05
1983	15-19	0.00147	0.00733	2.83	97651	715	486707	5388324	55.18
1983	20-24	0.00197	0.00978	2.56	96936	948	482367	4901617	50.57
1983	25-29	0.00211	0.01051	2.4	95988	1009	477314	4419251	46.04
1983	30-34	0.00252	0.01250	2.46	94979	1187	471880	3941936	41.50
1983	35-39	0.00306	0.01517	2.67	93792	1423	465653	3470056	37.00
1983	40-44	0.00455	0.02253	2.63	92369	2081	456918	3004403	32.53
1983	45-49	0.00642	0.03160	2.63	90288	2853	444680	2547484	28.22
1983	50-54	0.01083	0.05276	2.6	87435	4613	426094	2102805	24.05
1983	55-59	0.01754	0.08421	2.65	82822	6974	397711	1676711	20.24
1983	60-64	0.02519	0.11882	2.61	75847	9012	357701	1279000	16.86
1983	65-69	0.03626	0.16685	2.61	66835	11151	307537	921299	13.78
1983	70-74	0.05391	0.23830	2.57	55684	13270	246139	613762	11.02
1983	75-79	0.07776	0.32570	2.51	42414	13814	177657	367623	8.67
1983	80-84	0.12199	0.46502	2.44	28600	13299	109019	189966	6.64
1983	85-89	0.16279	0.56379	2.27	15300	8626	52989	80947	5.29
1983	90-94	0.21741	0.67336	2.17	6674	4494	20672	27957	4.19
1983	95-99	0.28298	0.76934	2.03	2180	1677	5927	7286	3.34
1983	100-104	0.35880	0.84653	1.88	503	426	1186	1359	2.70
1983	105-109	0.44232	0.90252	1.72	77	70	157	172	2.23
1983	110+	0.51109	1.00000	1.96	8	8	15	15	1.96
1984	0	0.01494	0.01474	0.09	100000	1474	98651	6864473	68.64
1984	1-4	0.00071	0.00283	1.71	98526	279	393463	6765822	68.67
1984	5-9	0.00041	0.00207	2.59	98246	203	490742	6372360	64.86
1984	10-14	0.00047	0.00233	2.76	98043	229	489702	5881618	59.99
1984	15-19	0.00124	0.00619	2.89	97814	605	487796	5391916	55.12
1984	20-24	0.00195	0.00972	2.42	97209	945	483611	4904120	50.45
1984	25-29	0.00225	0.01116	2.51	96264	1075	478641	4420508	45.92
1984	30-34	0.00250	0.01245	2.62	95189	1185	473122	3941868	41.41
1984	35-39	0.00321	0.01595	2.69	94005	1499	466565	3468746	36.90
1984	40-44	0.00490	0.02424	2.77	92505	2242	457519	3002181	32.45
1984	45-49	0.00707	0.03482	2.75	90263	3143	444250	2544662	28.19
1984	50-54	0.01091	0.05313	2.53	87120	4629	424155	2100412	24.11
1984	55-59	0.01720	0.08255	2.58	82492	6809	395968	1676256	20.32
1984	60-64	0.02509	0.11849	2.66	75682	8967	357428	1280289	16.92
1984	65-69	0.03723	0.17087	2.6	66715	11399	306189	922861	13.83
1984	70-74	0.05298	0.23487	2.59	55315	12992	245242	616671	11.15
1984	75-79	0.07611	0.31864	2.45	42324	13486	177197	371430	8.78
1984	80-84	0.11589	0.44709	2.45	28837	12893	111249	194232	6.74
1984	85-89	0.16770	0.58073	2.35	15945	9259	55214	82983	5.20
1984	90-94	0.21890	0.67615	2.17	6685	4520	20650	27770	4.15
1984	95-99	0.28748	0.77540	2.03	2165	1679	5840	7120	3.29
1984	100-104	0.36844	0.85486	1.87	486	416	1128	1281	2.63
1984	105-109	0.45748	0.91071	1.7	71	64	140	152	2.16
1984	110+	0.53090	1.00000	1.88	6	6	12	12	1.88
1985	0	0.01596	0.01573	0.09	100000	1573	98565	6850061	68.50
1985	1-4	0.00091	0.00363	1.77	98427	357	392915	6751495	68.59
1985	5-9	0.00039	0.00194	2.11	98070	190	489801	6358581	64.84
1985	10-14	0.00051	0.00257	2.97	97880	252	488891	5868780	59.96
1985	15-19	0.00131	0.00656	3.15	97628	640	486959	5379889	55.11
1985	20-24	0.00206	0.01023	2.62	96988	993	482579	4892930	50.45
1985	25-29	0.00214	0.01062	2.51	95996	1020	477438	4410351	45.94
1985	30-34	0.00235	0.01170	2.72	94976	1111	472351	3932913	41.41
1985	35-39	0.00337	0.01671	2.59	93865	1568	465543	3460562	36.87
1985	40-44	0.00455	0.02252	2.86	92297	2079	457035	2995019	32.45
1985	45-49	0.00714	0.03512	2.64	90218	3168	443600	2537984	28.13
1985	50-54	0.01094	0.05334	2.66	87050	4644	424392	2094384	24.06
1985	55-59	0.01618	0.07792	2.66	82406	6421	396990	1669993	20.27
1985	60-64	0.02566	0.12084	2.6	75984	9182	357840	1273003	16.75
1985	65-69	0.03629	0.16673	2.57	66802	11138	306953	915163	13.70
1985	70-74	0.05532	0.24345	2.54	55664	13551	244941	608210	10.93
1985	75-79	0.07472	0.31452	2.49	42113	13245	177267	363269	8.63
1985	80-84	0.12361	0.46627	2.37	28868	13460	108896	186002	6.44
1985	85-89	0.17284	0.58819	2.28	15407	9063	52433	77107	5.00
1985	90-94	0.23757	0.70500	2.12	6345	4473	18829	24674	3.89
1985	95-99	0.30479	0.79541	1.99	1872	1489	4885	5845	3.12
1985	100-104	0.38861	0.87001	1.83	383	333	857	960	2.51
1985	105-109	0.47957	0.92097	1.66	50	46	96	103	2.06
1985	110+	0.55424	1.00000	1.8	4	4	7	7	1.80
1986	0	0.01416	0.01398	0.08	100000	1398	98718	6892162	68.92
1986	1-4	0.00075	0.00299	1.56	98602	295	393688	6793444	68.90
1986	5-9	0.00023	0.00117	2.73	98307	115	491275	6399756	65.10
1986	10-14	0.00054	0.00271	3.3	98193	266	490512	5908480	60.17
1986	15-19	0.00143	0.00714	2.79	97927	699	488092	5417969	55.33
1986	20-24	0.00206	0.01026	2.55	97228	997	483692	4929877	50.70
1986	25-29	0.00220	0.01092	2.68	96231	1051	478717	4446185	46.20
1986	30-34	0.00263	0.01309	2.55	95180	1246	472843	3967468	41.68
1986	35-39	0.00319	0.01582	2.56	93934	1486	466047	3494625	37.20
1986	40-44	0.00424	0.02101	2.69	92448	1942	457754	3028578	32.76
1986	45-49	0.00625	0.03079	2.65	90506	2787	445982	2570824	28.40
1986	50-54	0.01074	0.05238	2.67	87719	4595	427889	2124843	24.22
1986	55-59	0.01701	0.08172	2.59	83124	6793	399249	1696954	20.41
1986	60-64	0.02528	0.11886	2.48	76331	9073	358838	1297705	17.00
1986	65-69	0.03582	0.16468	2.55	67258	11076	309201	938867	13.96
1986	70-74	0.05166	0.22973	2.59	56182	12907	249853	629666	11.21
1986	75-79	0.07369	0.31096	2.49	43275	13457	182626	379814	8.78
1986	80-84	0.12112	0.46198	2.43	29818	13775	113736	197187	6.61
1986	85-89	0.16381	0.57275	2.37	16043	9189	56092	83451	5.20
1986	90-94	0.23157	0.69152	2.09	6854	4740	20469	27359	3.99
1986	95-99	0.29070	0.77906	2.02	2114	1647	5667	6891	3.26
1986	100-104	0.37063	0.85641	1.86	467	400	1079	1224	2.62
1986	105-109	0.45828	0.91096	1.69	67	61	133	145	2.16
1986	110+	0.53044	1.00000	1.89	6	6	11	11	1.89
1987	0	0.01467	0.01447	0.08	100000	1447	98675	6882596	68.83
1987	1-4	0.00070	0.00279	1.61	98553	275	393556	6783921	68.84
1987	5-9	0.00044	0.00219	2.36	98278	215	490824	6390365	65.02
1987	10-14	0.00051	0.00256	2.71	98063	251	489739	5899541	60.16
1987	15-19	0.00134	0.00670	2.8	97812	655	487614	5409802	55.31
1987	20-24	0.00201	0.01000	2.46	97157	971	483317	4922188	50.66
1987	25-29	0.00223	0.01107	2.47	96185	1065	478234	4438872	46.15
1987	30-34	0.00293	0.01452	2.39	95120	1381	472001	3960638	41.64
1987	35-39	0.00323	0.01600	2.51	93740	1500	464969	3488637	37.22
1987	40-44	0.00469	0.02322	2.78	92240	2141	456435	3023668	32.78
1987	45-49	0.00638	0.03140	2.55	90098	2829	443557	2567233	28.49
1987	50-54	0.01007	0.04921	2.69	87269	4294	426435	2123676	24.33
1987	55-59	0.01721	0.08262	2.57	82974	6855	398245	1697241	20.45
1987	60-64	0.02540	0.11967	2.6	76119	9109	358703	1298996	17.07
1987	65-69	0.03430	0.15840	2.59	67010	10614	309471	940293	14.03
1987	70-74	0.05164	0.22954	2.58	56396	12945	250662	630822	11.19
1987	75-79	0.07732	0.32220	2.41	43451	14000	181054	380160	8.75
1987	80-84	0.11430	0.43987	2.38	29451	12955	113337	199106	6.76
1987	85-89	0.16338	0.56554	2.28	16496	9329	57101	85769	5.20
1987	90-94	0.22953	0.69178	2.13	7167	4958	21600	28667	4.00
1987	95-99	0.29608	0.78603	2.02	2209	1736	5864	7067	3.20
1987	100-104	0.38211	0.86571	1.84	473	409	1071	1203	2.54
1987	105-109	0.47619	0.91978	1.66	63	58	123	132	2.08
1987	110+	0.55367	1.00000	1.81	5	5	9	9	1.81
1988	0	0.01424	0.01406	0.08	100000	1406	98711	6911827	69.12
1988	1-4	0.00073	0.00291	1.61	98594	287	393693	6813116	69.10
1988	5-9	0.00030	0.00149	2.38	98307	146	491154	6419423	65.30
1988	10-14	0.00045	0.00227	2.68	98161	222	490291	5928269	60.39
1988	15-19	0.00140	0.00697	2.71	97939	682	488131	5437978	55.52
1988	20-24	0.00182	0.00908	2.56	97257	883	484129	4949847	50.89
1988	25-29	0.00204	0.01015	2.63	96374	979	479549	4465719	46.34
1988	30-34	0.00261	0.01298	2.28	95395	1238	473607	3986170	41.79
1988	35-39	0.00301	0.01494	2.55	94157	1407	467347	3512563	37.31
1988	40-44	0.00419	0.02074	2.72	92751	1923	459374	3045216	32.83
1988	45-49	0.00640	0.03154	2.74	90827	2865	447663	2585843	28.47
1988	50-54	0.01053	0.05138	2.66	87962	4519	429234	2138179	24.31
1988	55-59	0.01524	0.07350	2.61	83443	6133	402542	1708945	20.48
1988	60-64	0.02461	0.11625	2.61	77310	8987	365109	1306404	16.90
1988	65-69	0.03610	0.16636	2.65	68323	11366	314852	941295	13.78
1988	70-74	0.05303	0.23500	2.58	56957	13385	252410	626443	11.00
1988	75-79	0.08121	0.33746	2.5	43572	14704	181066	374033	8.58
1988	80-84	0.11521	0.44240	2.38	28868	12771	110852	192967	6.68
1988	85-89	0.16910	0.57997	2.29	16097	9336	55209	82115	5.10
1988	90-94	0.23091	0.69272	2.11	6761	4684	20283	26905	3.98
1988	95-99	0.29746	0.78750	2.01	2078	1636	5500	6622	3.19
1988	100-104	0.38278	0.86610	1.84	441	382	999	1122	2.54
1988	105-109	0.47597	0.91961	1.66	59	54	114	123	2.08
1988	110+	0.55267	1.00000	1.81	5	5	9	9	1.81
1989	0	0.01317	0.01301	0.08	100000	1301	98803	6880716	68.81
1989	1-4	0.00068	0.00272	1.74	98699	268	394189	6781912	68.71
1989	5-9	0.00050	0.00248	2.49	98430	244	491539	6387723	64.90
1989	10-14	0.00062	0.00307	2.7	98186	302	490236	5896184	60.05
1989	15-19	0.00128	0.00641	2.88	97884	627	488090	5405948	55.23
1989	20-24	0.00208	0.01034	2.56	97257	1006	483828	4917858	50.57
1989	25-29	0.00210	0.01045	2.56	96252	1006	478804	4434030	46.07
1989	30-34	0.00272	0.01352	2.38	95245	1288	472857	3955226	41.53
1989	35-39	0.00304	0.01511	2.69	93957	1419	466508	3482369	37.06
1989	40-44	0.00498	0.02461	2.77	92538	2278	457612	3015861	32.59
1989	45-49	0.00694	0.03415	2.66	90260	3082	444098	2558248	28.34
1989	50-54	0.01075	0.05245	2.68	87178	4572	425294	2114150	24.25
1989	55-59	0.01706	0.08205	2.66	82606	6778	397198	1688856	20.44
1989	60-64	0.02394	0.11322	2.61	75828	8585	358617	1291658	17.03
1989	65-69	0.03636	0.16721	2.6	67243	11243	309205	933041	13.88
1989	70-74	0.05287	0.23387	2.54	56000	13097	247729	623836	11.14
1989	75-79	0.07590	0.31830	2.47	42903	13656	179920	376107	8.77
1989	80-84	0.11638	0.44633	2.39	29247	13054	112170	196187	6.71
1989	85-89	0.16610	0.57268	2.29	16193	9273	55831	84016	5.19
1989	90-94	0.22155	0.68515	2.22	6920	4741	21399	28186	4.07
1989	95-99	0.30483	0.79623	2	2179	1735	5691	6786	3.11
1989	100-104	0.39477	0.87498	1.82	444	388	984	1096	2.47
1989	105-109	0.49246	0.92689	1.64	56	51	104	112	2.01
1989	110+	0.57269	1.00000	1.75	4	4	7	7	1.75
1990	0	0.01538	0.01517	0.09	100000	1517	98614	6892797	68.93
1990	1-4	0.00058	0.00231	1.58	98483	227	393383	6794183	68.99
1990	5-9	0.00038	0.00189	2.51	98256	186	490817	6400800	65.14
1990	10-14	0.00050	0.00248	3.21	98070	243	489915	5909983	60.26
1990	15-19	0.00169	0.00841	2.9	97827	823	487409	5420068	55.40
1990	20-24	0.00244	0.01214	2.53	97004	1177	482111	4932659	50.85
1990	25-29	0.00262	0.01302	2.67	95827	1248	476223	4450548	46.44
1990	30-34	0.00278	0.01380	2.58	94579	1305	469733	3974325	42.02
1990	35-39	0.00307	0.01523	2.39	93273	1420	462663	3504592	37.57
1990	40-44	0.00414	0.02050	2.65	91853	1883	454832	3041929	33.12
1990	45-49	0.00665	0.03271	2.59	89970	2943	442755	2587098	28.76
1990	50-54	0.00968	0.04735	2.71	87027	4121	425688	2144343	24.64
1990	55-59	0.01513	0.07298	2.58	82906	6050	399877	1718655	20.73
1990	60-64	0.02316	0.10949	2.52	76856	8415	363397	1318778	17.16
1990	65-69	0.03609	0.16598	2.58	68440	11360	314736	955381	13.96
1990	70-74	0.05194	0.23013	2.53	57080	13136	252899	640645	11.22
1990	75-79	0.07541	0.31754	2.51	43944	13954	185038	387746	8.82
1990	80-84	0.11528	0.44365	2.4	29990	13305	115413	202708	6.76
1990	85-89	0.16393	0.57078	2.34	16685	9524	58096	87296	5.23
1990	90-94	0.22468	0.68310	2.13	7162	4892	21773	29200	4.08
1990	95-99	0.28898	0.77731	2.03	2269	1764	6105	7427	3.27
1990	100-104	0.37100	0.85697	1.86	505	433	1167	1322	2.62
1990	105-109	0.46114	0.91257	1.69	72	66	143	155	2.14
1990	110+	0.53546	1.00000	1.87	6	6	12	12	1.87
1991	0	0.01329	0.01313	0.08	100000	1313	98793	6901200	69.01
1991	1-4	0.00070	0.00278	1.5	98687	275	394059	6802407	68.93
1991	5-9	0.00041	0.00207	2.38	98412	204	491528	6408349	65.12
1991	10-14	0.00042	0.00210	2.71	98209	206	490570	5916821	60.25
1991	15-19	0.00167	0.00831	2.88	98002	814	488281	5426251	55.37
1991	20-24	0.00212	0.01052	2.38	97188	1022	483266	4937970	50.81
1991	25-29	0.00249	0.01238	2.55	96166	1191	477912	4454704	46.32
1991	30-34	0.00318	0.01579	2.56	94975	1500	471217	3976792	41.87
1991	35-39	0.00346	0.01714	2.6	93475	1602	463522	3505575	37.50
1991	40-44	0.00443	0.02194	2.58	91873	2016	454491	3042052	33.11
1991	45-49	0.00729	0.03583	2.72	89857	3220	441939	2587561	28.80
1991	50-54	0.00932	0.04565	2.73	86638	3955	424194	2145622	24.77
1991	55-59	0.01611	0.07766	2.69	82682	6422	398549	1721428	20.82
1991	60-64	0.02274	0.10772	2.55	76261	8214	361173	1322879	17.35
1991	65-69	0.03496	0.16130	2.61	68046	10976	313975	961706	14.13
1991	70-74	0.05229	0.23177	2.55	57070	13227	252979	647731	11.35
1991	75-79	0.07067	0.30011	2.49	43843	13158	186172	394752	9.00
1991	80-84	0.11514	0.44460	2.44	30685	13643	118490	208580	6.80
1991	85-89	0.16381	0.56454	2.25	17043	9621	58736	90090	5.29
1991	90-94	0.20984	0.66956	2.3	7421	4969	23680	31354	4.22
1991	95-99	0.30312	0.79443	2.01	2452	1948	6427	7675	3.13
1991	100-104	0.39354	0.87421	1.82	504	441	1120	1247	2.47
1991	105-109	0.49190	0.92672	1.64	63	59	119	128	2.01
1991	110+	0.57273	1.00000	1.75	5	5	8	8	1.75
1992	0	0.01253	0.01238	0.08	100000	1238	98859	6915504	69.16
1992	1-4	0.00073	0.00293	1.85	98762	289	394425	6816645	69.02
1992	5-9	0.00039	0.00194	2.38	98473	191	491862	6422220	65.22
1992	10-14	0.00048	0.00238	3.14	98281	234	490972	5930358	60.34
1992	15-19	0.00174	0.00865	2.92	98048	848	488477	5439386	55.48
1992	20-24	0.00235	0.01168	2.55	97200	1135	483221	4950908	50.94
1992	25-29	0.00253	0.01256	2.55	96065	1207	477363	4467688	46.51
1992	30-34	0.00315	0.01563	2.56	94858	1483	470675	3990324	42.07
1992	35-39	0.00346	0.01715	2.62	93375	1601	463065	3519649	37.69
1992	40-44	0.00457	0.02260	2.71	91773	2074	454127	3056584	33.31
1992	45-49	0.00634	0.03126	2.7	89699	2804	442035	2602457	29.01
1992	50-54	0.00946	0.04632	2.72	86895	4025	425280	2160423	24.86
1992	55-59	0.01582	0.07636	2.71	82870	6328	399877	1735143	20.94
1992	60-64	0.02342	0.11081	2.57	76543	8481	362122	1335266	17.44
1992	65-69	0.03475	0.16016	2.56	68061	10901	313688	973144	14.30
1992	70-74	0.05160	0.22945	2.59	57160	13116	254173	659456	11.54
1992	75-79	0.07011	0.29854	2.51	44045	13149	187544	405283	9.20
1992	80-84	0.10534	0.41420	2.42	30896	12797	121487	217739	7.05
1992	85-89	0.15497	0.55245	2.4	18099	9999	64518	96252	5.32
1992	90-94	0.23297	0.70014	2.15	8100	5671	24342	31734	3.92
1992	95-99	0.31158	0.80496	2	2429	1955	6275	7392	3.04
1992	100-104	0.41378	0.88854	1.79	474	421	1017	1117	2.36
1992	105-109	0.52412	0.93945	1.59	53	50	95	100	1.89
1992	110+	0.61419	1.00000	1.63	3	3	5	5	1.63
1993	0	0.01217	0.01204	0.08	100000	1204	98890	6885303	68.85
1993	1-4	0.00081	0.00325	1.66	98796	321	394436	6786413	68.69
1993	5-9	0.00034	0.00171	2.21	98475	169	491906	6391977	64.91
1993	10-14	0.00035	0.00176	3.2	98307	173	491221	5900071	60.02
1993	15-19	0.00189	0.00939	2.79	98134	922	488628	5408850	55.12
1993	20-24	0.00242	0.01200	2.43	97212	1167	483063	4920222	50.61
1993	25-29	0.00285	0.01417	2.77	96045	1361	477190	4437159	46.20
1993	30-34	0.00293	0.01452	2.51	94684	1375	469993	3959969	41.82
1993	35-39	0.00375	0.01856	2.61	93309	1732	462411	3489977	37.40
1993	40-44	0.00483	0.02388	2.57	91577	2187	452567	3027565	33.06
1993	45-49	0.00680	0.03347	2.66	89390	2992	439938	2574998	28.81
1993	50-54	0.01046	0.05108	2.76	86398	4414	422083	2135061	24.71
1993	55-59	0.01452	0.07024	2.67	81984	5758	396515	1712977	20.89
1993	60-64	0.02334	0.11058	2.62	76226	8429	361104	1316462	17.27
1993	65-69	0.03450	0.15941	2.62	67797	10807	313245	955358	14.09
1993	70-74	0.05154	0.22818	2.49	56990	13004	252320	642113	11.27
1993	75-79	0.07089	0.30200	2.55	43986	13284	187396	389792	8.86
1993	80-84	0.11619	0.44718	2.43	30702	13729	118163	202396	6.59
1993	85-89	0.17586	0.59444	2.28	16973	10089	57371	84233	4.96
1993	90-94	0.23298	0.70312	2.18	6884	4840	20774	26861	3.90
1993	95-99	0.32006	0.81292	1.97	2044	1661	5190	6087	2.98
1993	100-104	0.41655	0.88952	1.78	382	340	816	897	2.35
1993	105-109	0.52000	0.93756	1.59	42	40	76	81	1.91
1993	110+	0.60436	1.00000	1.65	3	3	4	4	1.65
1994	0	0.01193	0.01180	0.08	100000	1180	98911	6919408	69.19
1994	1-4	0.00064	0.00256	1.45	98820	253	394634	6820497	69.02
1994	5-9	0.00024	0.00122	2.48	98566	120	492530	6425863	65.19
1994	10-14	0.00045	0.00223	2.84	98446	220	491758	5933333	60.27
1994	15-19	0.00176	0.00879	2.93	98227	863	489349	5441575	55.40
1994	20-24	0.00219	0.01088	2.56	97364	1060	484231	4952227	50.86
1994	25-29	0.00303	0.01503	2.62	96304	1448	478069	4467996	46.39
1994	30-34	0.00287	0.01423	2.64	94856	1350	471090	3989927	42.06
1994	35-39	0.00365	0.01808	2.74	93506	1690	463707	3518837	37.63
1994	40-44	0.00449	0.02221	2.7	91816	2040	454399	3055130	33.27
1994	45-49	0.00719	0.03535	2.66	89776	3174	441453	2600731	28.97
1994	50-54	0.01051	0.05128	2.63	86603	4441	422502	2159279	24.93
1994	55-59	0.01574	0.07587	2.61	82162	6234	395920	1736776	21.14
1994	60-64	0.02196	0.10439	2.64	75928	7926	360931	1340856	17.66
1994	65-69	0.03168	0.14721	2.6	68001	10011	316023	979925	14.41
1994	70-74	0.05023	0.22345	2.53	57991	12958	257981	663902	11.45
1994	75-79	0.07195	0.30508	2.51	45033	13739	190948	405921	9.01
1994	80-84	0.11213	0.43500	2.42	31294	13613	121399	214973	6.87
1994	85-89	0.15925	0.56020	2.35	17681	9905	62196	93573	5.29
1994	90-94	0.22372	0.68975	2.22	7776	5364	23974	31377	4.04
1994	95-99	0.30936	0.80187	2	2413	1935	6253	7403	3.07
1994	100-104	0.40554	0.88275	1.8	478	422	1040	1149	2.40
1994	105-109	0.50965	0.93395	1.61	56	52	103	109	1.94
1994	110+	0.59490	1.00000	1.68	4	4	6	6	1.68
1995	0	0.01233	0.01219	0.08	100000	1219	98876	6907327	69.07
1995	1-4	0.00077	0.00309	1.55	98781	306	394375	6808451	68.92
1995	5-9	0.00027	0.00135	2.41	98475	133	492031	6414076	65.13
1995	10-14	0.00050	0.00249	3	98342	245	491219	5922045	60.22
1995	15-19	0.00165	0.00821	2.68	98097	805	488616	5430826	55.36
1995	20-24	0.00213	0.01057	2.57	97292	1029	483957	4942211	50.80
1995	25-29	0.00253	0.01258	2.6	96263	1211	478414	4458254	46.31
1995	30-34	0.00339	0.01680	2.59	95052	1597	471403	3979840	41.87
1995	35-39	0.00376	0.01862	2.67	93455	1740	463213	3508436	37.54
1995	40-44	0.00474	0.02342	2.58	91715	2148	453375	3045223	33.20
1995	45-49	0.00678	0.03335	2.69	89567	2987	440942	2591848	28.94
1995	50-54	0.00986	0.04821	2.65	86580	4174	423108	2150906	24.84
1995	55-59	0.01526	0.07369	2.7	82406	6073	398036	1727798	20.97
1995	60-64	0.02271	0.10765	2.58	76333	8217	361811	1329762	17.42
1995	65-69	0.03253	0.15094	2.62	68116	10282	316088	967951	14.21
1995	70-74	0.05098	0.22686	2.57	57835	13120	257340	651863	11.27
1995	75-79	0.07169	0.30345	2.47	44714	13568	189265	394523	8.82
1995	80-84	0.11666	0.44881	2.43	31146	13979	119818	205258	6.59
1995	85-89	0.17104	0.58099	2.24	17167	9974	58313	85439	4.98
1995	90-94	0.24593	0.72548	2.17	7193	5218	21219	27127	3.77
1995	95-99	0.31860	0.81133	1.98	1975	1602	5029	5907	2.99
1995	100-104	0.41414	0.88797	1.78	373	331	799	879	2.36
1995	105-109	0.51672	0.93636	1.6	42	39	76	80	1.92
1995	110+	0.60045	1.00000	1.67	3	3	4	4	1.67
1996	0	0.01221	0.01208	0.08	100000	1208	98886	6962926	69.63
1996	1-4	0.00067	0.00268	1.67	98792	265	394551	6864039	69.48
1996	5-9	0.00039	0.00194	2.64	98528	191	492186	6469488	65.66
1996	10-14	0.00044	0.00221	2.83	98336	218	491208	5977303	60.78
1996	15-19	0.00155	0.00774	2.85	98118	759	488959	5486094	55.91
1996	20-24	0.00241	0.01197	2.39	97359	1166	483749	4997136	51.33
1996	25-29	0.00220	0.01095	2.59	96194	1054	478426	4513386	46.92
1996	30-34	0.00305	0.01514	2.63	95140	1440	472286	4034960	42.41
1996	35-39	0.00341	0.01689	2.6	93700	1583	464699	3562674	38.02
1996	40-44	0.00458	0.02268	2.68	92117	2089	455731	3097976	33.63
1996	45-49	0.00615	0.03034	2.74	90028	2731	443956	2642245	29.35
1996	50-54	0.00989	0.04837	2.73	87297	4223	426911	2198289	25.18
1996	55-59	0.01429	0.06913	2.68	83074	5743	402031	1771378	21.32
1996	60-64	0.02278	0.10807	2.63	77331	8357	366889	1369347	17.71
1996	65-69	0.03039	0.14187	2.67	68974	9785	322032	1002458	14.53
1996	70-74	0.05053	0.22419	2.49	59189	13270	262635	680425	11.50
1996	75-79	0.07063	0.30004	2.49	45919	13778	195072	417790	9.10
1996	80-84	0.10980	0.42668	2.39	32141	13714	124903	222718	6.93
1996	85-89	0.15631	0.55039	2.31	18427	10142	64886	97815	5.31
1996	90-94	0.23077	0.69471	2.14	8285	5756	24942	32929	3.97
1996	95-99	0.29977	0.79093	2.01	2529	2001	6674	7987	3.16
1996	100-104	0.39176	0.87322	1.83	529	462	1179	1313	2.48
1996	105-109	0.49216	0.92700	1.64	67	62	126	135	2.01
1996	110+	0.57476	1.00000	1.74	5	5	9	9	1.74
1997	0	0.01218	0.01204	0.08	100000	1204	98889	6976913	69.77
1997	1-4	0.00053	0.00213	1.59	98796	210	394676	6878024	69.62
1997	5-9	0.00022	0.00111	2.1	98585	110	492608	6483348	65.76
1997	10-14	0.00044	0.00219	2.82	98476	215	491909	5990740	60.83
1997	15-19	0.00161	0.00803	2.99	98260	789	489715	5498831	55.96
1997	20-24	0.00222	0.01106	2.54	97472	1078	484703	5009116	51.39
1997	25-29	0.00192	0.00955	2.5	96394	920	479665	4524413	46.94
1997	30-34	0.00277	0.01376	2.56	95474	1314	474157	4044748	42.37
1997	35-39	0.00340	0.01684	2.54	94160	1585	466906	3570591	37.92
1997	40-44	0.00463	0.02291	2.69	92574	2121	457967	3103685	33.53
1997	45-49	0.00657	0.03236	2.6	90453	2927	445241	2645718	29.25
1997	50-54	0.00959	0.04693	2.72	87526	4107	428284	2200477	25.14
1997	55-59	0.01422	0.06871	2.57	83419	5732	403179	1772194	21.24
1997	60-64	0.02186	0.10402	2.67	77687	8081	369597	1369015	17.62
1997	65-69	0.03259	0.15122	2.62	69606	10526	322954	999417	14.36
1997	70-74	0.04672	0.20913	2.49	59080	12355	264431	676463	11.45
1997	75-79	0.07250	0.30757	2.54	46725	14371	198222	412032	8.82
1997	80-84	0.11443	0.44392	2.48	32353	14362	125514	213810	6.61
1997	85-89	0.17684	0.60157	2.34	17991	10823	61203	88297	4.91
1997	90-94	0.24027	0.71599	2.18	7168	5132	21360	27093	3.78
1997	95-99	0.33996	0.83321	1.94	2036	1696	4989	5733	2.82
1997	100-104	0.44792	0.90790	1.73	340	308	688	744	2.19
1997	105-109	0.56135	0.95092	1.52	31	30	53	55	1.77
1997	110+	0.65238	1.00000	1.53	2	2	2	2	1.53
1998	0	0.01172	0.01160	0.08	100000	1160	98929	6980856	69.81
1998	1-4	0.00053	0.00212	1.84	98840	209	394909	6881927	69.63
1998	5-9	0.00039	0.00192	2.68	98631	190	492716	6487018	65.77
1998	10-14	0.00052	0.00261	2.64	98441	257	491599	5994302	60.89
1998	15-19	0.00137	0.00683	2.89	98184	671	489505	5502703	56.04
1998	20-24	0.00215	0.01070	2.38	97513	1044	484832	5013198	51.41
1998	25-29	0.00210	0.01047	2.71	96469	1010	480033	4528366	46.94
1998	30-34	0.00274	0.01361	2.49	95460	1300	474031	4048333	42.41
1998	35-39	0.00343	0.01701	2.61	94160	1602	466966	3574301	37.96
1998	40-44	0.00451	0.02230	2.76	92558	2064	458171	3107335	33.57
1998	45-49	0.00643	0.03166	2.62	90494	2865	445647	2649164	29.27
1998	50-54	0.00915	0.04480	2.67	87629	3926	428992	2203517	25.15
1998	55-59	0.01462	0.07068	2.66	83703	5916	404657	1774525	21.20
1998	60-64	0.02181	0.10370	2.63	77787	8066	369854	1369868	17.61
1998	65-69	0.03264	0.15101	2.53	69721	10529	322559	1000014	14.34
1998	70-74	0.04832	0.21596	2.54	59192	12783	264538	677455	11.45
1998	75-79	0.07132	0.30420	2.59	46409	14118	197958	412917	8.90
1998	80-84	0.11104	0.43447	2.5	32291	14029	126341	214959	6.66
1998	85-89	0.17440	0.59540	2.34	18262	10873	62345	88618	4.85
1998	90-94	0.25825	0.74560	2.17	7389	5509	21332	26273	3.56
1998	95-99	0.36615	0.85695	1.9	1880	1611	4399	4941	2.63
1998	100-104	0.48914	0.92772	1.65	269	249	510	541	2.01
1998	105-109	0.61420	0.96401	1.44	19	19	31	31	1.62
1998	110+	0.71132	1.00000	1.41	1	1	1	1	1.41
1999	0	0.01164	0.01152	0.08	100000	1152	98936	6994343	69.94
1999	1-4	0.00069	0.00274	1.7	98848	271	394772	6895407	69.76
1999	5-9	0.00032	0.00159	2.47	98578	157	492491	6500636	65.94
1999	10-14	0.00049	0.00242	2.91	98421	238	491606	6008144	61.05
1999	15-19	0.00136	0.00679	2.88	98182	667	489497	5516539	56.19
1999	20-24	0.00201	0.00998	2.49	97515	973	485132	5027041	51.55
1999	25-29	0.00206	0.01024	2.63	96542	989	480371	4541909	47.05
1999	30-34	0.00244	0.01213	2.55	95554	1159	474925	4061539	42.51
1999	35-39	0.00309	0.01535	2.64	94394	1449	468548	3586614	38.00
1999	40-44	0.00475	0.02348	2.72	92946	2182	459753	3118066	33.55
1999	45-49	0.00640	0.03156	2.78	90763	2864	447465	2658313	29.29
1999	50-54	0.00964	0.04716	2.75	87899	4145	430167	2210848	25.15
1999	55-59	0.01503	0.07267	2.73	83754	6086	404925	1780681	21.26
1999	60-64	0.02081	0.09917	2.63	77668	7702	370100	1375756	17.71
1999	65-69	0.03197	0.14835	2.57	69965	10379	324628	1005656	14.37
1999	70-74	0.04812	0.21543	2.57	59586	12837	266749	681028	11.43
1999	75-79	0.07068	0.30098	2.54	46750	14071	199073	414279	8.86
1999	80-84	0.11418	0.44198	2.45	32679	14444	126503	215206	6.59
1999	85-89	0.17724	0.60425	2.37	18236	11019	62169	88703	4.86
1999	90-94	0.24811	0.72543	2.14	7217	5235	21100	26534	3.68
1999	95-99	0.34987	0.84245	1.92	1982	1669	4771	5434	2.74
1999	100-104	0.46255	0.91540	1.7	312	286	618	663	2.12
1999	105-109	0.57965	0.95588	1.49	26	25	44	45	1.71
1999	110+	0.67271	1.00000	1.49	1	1	2	2	1.49
2000	0	0.01228	0.01214	0.08	100000	1214	98881	7014795	70.15
2000	1-4	0.00072	0.00288	1.69	98786	285	394486	6915915	70.01
2000	5-9	0.00024	0.00119	2.12	98501	117	492169	6521429	66.21
2000	10-14	0.00040	0.00198	2.91	98384	195	491513	6029260	61.28
2000	15-19	0.00139	0.00693	2.74	98189	680	489405	5537747	56.40
2000	20-24	0.00192	0.00955	2.4	97509	931	485122	5048342	51.77
2000	25-29	0.00237	0.01179	2.57	96578	1139	480118	4563220	47.25
2000	30-34	0.00222	0.01103	2.4	95439	1052	474460	4083102	42.78
2000	35-39	0.00313	0.01555	2.66	94387	1468	468506	3608642	38.23
2000	40-44	0.00442	0.02188	2.59	92919	2033	459688	3140136	33.79
2000	45-49	0.00640	0.03152	2.69	90886	2865	447825	2680448	29.49
2000	50-54	0.00903	0.04416	2.54	88021	3887	430558	2232624	25.36
2000	55-59	0.01439	0.06966	2.71	84134	5860	407237	1802065	21.42
2000	60-64	0.02047	0.09771	2.68	78273	7648	373625	1394829	17.82
2000	65-69	0.03169	0.14699	2.54	70626	10381	327555	1021204	14.46
2000	70-74	0.04754	0.21261	2.52	60244	12809	269451	693649	11.51
2000	75-79	0.06960	0.29668	2.52	47435	14073	202213	424199	8.94
2000	80-84	0.11467	0.44481	2.48	33362	14840	129416	221986	6.65
2000	85-89	0.16926	0.58195	2.32	18522	10779	63683	92570	5.00
2000	90-94	0.24440	0.72585	2.2	7743	5620	22997	28886	3.73
2000	95-99	0.34543	0.83848	1.93	2123	1780	5153	5889	2.77
2000	100-104	0.45698	0.91268	1.71	343	313	685	737	2.15
2000	105-109	0.57343	0.95428	1.5	30	29	50	52	1.73
2000	110+	0.66630	1.00000	1.5	1	1	2	2	1.50
2001	0	0.01173	0.01160	0.08	100000	1160	98929	7045864	70.46
2001	1-4	0.00069	0.00277	1.64	98840	274	394713	6946935	70.28
2001	5-9	0.00030	0.00149	2.16	98566	147	492414	6552222	66.48
2001	10-14	0.00033	0.00165	2.49	98419	162	491689	6059808	61.57
2001	15-19	0.00125	0.00623	2.81	98257	612	489944	5568119	56.67
2001	20-24	0.00214	0.01066	2.64	97645	1041	485768	5078175	52.01
2001	25-29	0.00216	0.01074	2.55	96604	1037	480483	4592406	47.54
2001	30-34	0.00247	0.01228	2.48	95567	1174	474876	4111924	43.03
2001	35-39	0.00347	0.01721	2.62	94393	1625	468098	3637048	38.53
2001	40-44	0.00468	0.02313	2.61	92768	2145	458724	3168950	34.16
2001	45-49	0.00614	0.03028	2.61	90623	2744	446549	2710226	29.91
2001	50-54	0.00904	0.04426	2.67	87879	3890	430315	2263677	25.76
2001	55-59	0.01299	0.06301	2.66	83989	5292	407561	1833362	21.83
2001	60-64	0.01991	0.09502	2.61	78697	7478	375579	1425801	18.12
2001	65-69	0.03083	0.14354	2.6	71219	10223	331610	1050222	14.75
2001	70-74	0.04459	0.20086	2.53	60996	12252	274769	718612	11.78
2001	75-79	0.06576	0.28328	2.56	48744	13808	209986	443843	9.11
2001	80-84	0.11030	0.43135	2.48	34936	15070	136630	233857	6.69
2001	85-89	0.17484	0.59965	2.38	19866	11913	68135	97227	4.89
2001	90-94	0.25129	0.73026	2.13	7953	5808	23113	29092	3.66
2001	95-99	0.34360	0.83695	1.94	2145	1796	5226	5979	2.79
2001	100-104	0.45581	0.91219	1.71	350	319	700	753	2.15
2001	105-109	0.57312	0.95425	1.51	31	29	51	53	1.73
2001	110+	0.66670	1.00000	1.5	1	1	2	2	1.50
2002	0	0.01150	0.01138	0.08	100000	1138	98948	7045473	70.45
2002	1-4	0.00049	0.00197	2.05	98862	194	395069	6946525	70.26
2002	5-9	0.00030	0.00151	2.74	98668	149	493001	6551456	66.40
2002	10-14	0.00044	0.00219	2.97	98518	215	492154	6058455	61.50
2002	15-19	0.00126	0.00629	3.08	98303	618	490330	5566301	56.62
2002	20-24	0.00185	0.00920	2.52	97685	899	486197	5075971	51.96
2002	25-29	0.00204	0.01017	2.51	96786	984	481473	4589774	47.42
2002	30-34	0.00255	0.01268	2.59	95801	1215	476075	4108300	42.88
2002	35-39	0.00329	0.01632	2.62	94587	1544	469253	3632226	38.40
2002	40-44	0.00448	0.02217	2.58	93043	2063	460225	3162973	33.99
2002	45-49	0.00662	0.03259	2.63	90980	2965	447885	2702747	29.71
2002	50-54	0.00895	0.04380	2.59	88015	3855	430785	2254862	25.62
2002	55-59	0.01376	0.06656	2.58	84160	5602	407242	1824077	21.67
2002	60-64	0.02092	0.09966	2.63	78558	7829	374255	1416835	18.04
2002	65-69	0.03021	0.14066	2.55	70729	9949	329316	1042580	14.74
2002	70-74	0.04533	0.20427	2.59	60780	12416	273926	713263	11.74
2002	75-79	0.06624	0.28401	2.49	48365	13736	207365	439338	9.08
2002	80-84	0.10996	0.43040	2.48	34629	14904	135536	231973	6.70
2002	85-89	0.17182	0.58671	2.3	19724	11573	67353	96437	4.89
2002	90-94	0.25914	0.74503	2.15	8152	6073	23437	29084	3.57
2002	95-99	0.35316	0.84580	1.92	2078	1758	4978	5647	2.72
2002	100-104	0.47063	0.91949	1.69	321	295	626	670	2.09
2002	105-109	0.59200	0.95904	1.48	26	25	42	43	1.68
2002	110+	0.68772	1.00000	1.45	1	1	2	2	1.45
2003	0	0.01220	0.01206	0.08	100000	1206	98887	7071430	70.71
2003	1-4	0.00055	0.00220	1.52	98794	217	394637	6972542	70.58
2003	5-9	0.00022	0.00111	2.7	98576	109	492630	6577906	66.73
2003	10-14	0.00033	0.00163	3.07	98467	161	492024	6085276	61.80
2003	15-19	0.00115	0.00575	2.86	98306	565	490322	5593252	56.90
2003	20-24	0.00172	0.00857	2.65	97741	838	486737	5102930	52.21
2003	25-29	0.00216	0.01076	2.67	96903	1042	482082	4616193	47.64
2003	30-34	0.00262	0.01304	2.62	95860	1250	476326	4134111	43.13
2003	35-39	0.00302	0.01500	2.68	94610	1419	469764	3657785	38.66
2003	40-44	0.00437	0.02163	2.69	93192	2016	461295	3188021	34.21
2003	45-49	0.00665	0.03274	2.7	91176	2985	449008	2726726	29.91
2003	50-54	0.00954	0.04663	2.55	88191	4112	430866	2277718	25.83
2003	55-59	0.01346	0.06519	2.62	84078	5481	407364	1846852	21.97
2003	60-64	0.01994	0.09506	2.56	78597	7472	374720	1439488	18.31
2003	65-69	0.02875	0.13469	2.66	71125	9580	333163	1064768	14.97
2003	70-74	0.04315	0.19537	2.58	61546	12024	278685	731605	11.89
2003	75-79	0.06528	0.28146	2.55	49521	13938	213513	452921	9.15
2003	80-84	0.10830	0.42547	2.48	35583	15140	139790	239407	6.73
2003	85-89	0.17227	0.58757	2.3	20443	12012	69726	99618	4.87
2003	90-94	0.25894	0.74040	2.11	8432	6243	24109	29892	3.55
2003	95-99	0.36396	0.85531	1.9	2189	1872	5144	5783	2.64
2003	100-104	0.48765	0.92719	1.66	317	294	602	640	2.02
2003	105-109	0.61361	0.96394	1.44	23	22	36	37	1.62
2003	110+	0.71145	1.00000	1.41	1	1	1	1	1.41
2004	0	0.01163	0.01151	0.08	100000	1151	98937	7079363	70.79
2004	1-4	0.00055	0.00219	1.47	98849	217	394848	6980426	70.62
2004	5-9	0.00025	0.00126	2.84	98632	124	492894	6585578	66.77
2004	10-14	0.00036	0.00181	2.5	98508	179	492096	6092685	61.85
2004	15-19	0.00141	0.00703	2.78	98330	691	490114	5600589	56.96
2004	20-24	0.00180	0.00894	2.59	97639	873	486090	5110474	52.34
2004	25-29	0.00241	0.01200	2.54	96766	1161	480972	4624385	47.79
2004	30-34	0.00260	0.01292	2.57	95605	1236	475019	4143413	43.34
2004	35-39	0.00292	0.01450	2.57	94370	1368	468526	3668394	38.87
2004	40-44	0.00450	0.02225	2.59	93001	2069	460024	3199868	34.41
2004	45-49	0.00697	0.03430	2.66	90932	3119	447347	2739844	30.13
2004	50-54	0.00934	0.04569	2.67	87813	4012	429723	2292497	26.11
2004	55-59	0.01383	0.06699	2.65	83801	5614	405785	1862774	22.23
2004	60-64	0.02021	0.09639	2.6	78187	7536	372848	1456989	18.63
2004	65-69	0.02720	0.12763	2.59	70651	9017	331567	1084140	15.34
2004	70-74	0.04182	0.18959	2.54	61634	11685	279416	752573	12.21
2004	75-79	0.06118	0.26574	2.53	49949	13274	216952	473157	9.47
2004	80-84	0.10457	0.41314	2.46	36675	15152	144903	256205	6.99
2004	85-89	0.15741	0.55641	2.37	21523	11976	76080	111301	5.17
2004	90-94	0.24768	0.72691	2.16	9547	6940	28020	35221	3.69
2004	95-99	0.34642	0.84038	1.94	2607	2191	6325	7201	2.76
2004	100-104	0.46669	0.91802	1.7	416	382	819	876	2.10
2004	105-109	0.59155	0.95912	1.48	34	33	55	57	1.68
2004	110+	0.69001	1.00000	1.45	1	1	2	2	1.45
2005	0	0.01343	0.01327	0.08	100000	1327	98781	7048465	70.48
2005	1-4	0.00051	0.00205	1.5	98673	202	394187	6949684	70.43
2005	5-9	0.00029	0.00145	2.31	98471	143	491971	6555498	66.57
2005	10-14	0.00037	0.00183	2.76	98328	180	491239	6063526	61.67
2005	15-19	0.00137	0.00685	3.01	98148	672	489406	5572288	56.77
2005	20-24	0.00185	0.00921	2.43	97476	898	485076	5082882	52.14
2005	25-29	0.00216	0.01074	2.57	96579	1037	480372	4597806	47.61
2005	30-34	0.00289	0.01434	2.42	95542	1370	474172	4117434	43.10
2005	35-39	0.00320	0.01587	2.61	94171	1495	467292	3643262	38.69
2005	40-44	0.00456	0.02254	2.59	92677	2089	458351	3175970	34.27
2005	45-49	0.00698	0.03433	2.64	90587	3110	445605	2717619	30.00
2005	50-54	0.00982	0.04798	2.58	87478	4197	427252	2272014	25.97
2005	55-59	0.01375	0.06654	2.57	83280	5541	402918	1844762	22.15
2005	60-64	0.02012	0.09597	2.6	77739	7460	370782	1441845	18.55
2005	65-69	0.02687	0.12641	2.66	70279	8884	330619	1071062	15.24
2005	70-74	0.04268	0.19365	2.61	61395	11889	278543	740443	12.06
2005	75-79	0.06399	0.27665	2.55	49506	13696	214028	461900	9.33
2005	80-84	0.10462	0.41451	2.5	35810	14844	141884	247872	6.92
2005	85-89	0.16233	0.57110	2.41	20966	11974	73763	105988	5.06
2005	90-94	0.25421	0.73983	2.18	8992	6653	26171	32226	3.58
2005	95-99	0.37189	0.86243	1.89	2340	2018	5426	6055	2.59
2005	100-104	0.50426	0.93424	1.63	322	301	596	629	1.96
2005	105-109	0.63702	0.96867	1.41	21	21	32	33	1.56
2005	110+	0.73806	1.00000	1.35	1	1	1	1	1.35
2006	0	0.01327	0.01311	0.08	100000	1311	98795	7069692	70.70
2006	1-4	0.00048	0.00191	1.78	98689	188	394337	6970897	70.64
2006	5-9	0.00019	0.00096	2.07	98501	95	492226	6576560	66.77
2006	10-14	0.00032	0.00158	2.73	98406	156	491675	6084334	61.83
2006	15-19	0.00127	0.00633	2.97	98250	622	489986	5592660	56.92
2006	20-24	0.00228	0.01132	2.58	97628	1105	485464	5102674	52.27
2006	25-29	0.00243	0.01208	2.63	96523	1166	479849	4617210	47.84
2006	30-34	0.00288	0.01431	2.48	95357	1365	473338	4137361	43.39
2006	35-39	0.00310	0.01537	2.6	93992	1444	466496	3664022	38.98
2006	40-44	0.00497	0.02456	2.66	92548	2273	457429	3197527	34.55
2006	45-49	0.00684	0.03365	2.68	90275	3038	444334	2740097	30.35
2006	50-54	0.01032	0.05040	2.73	87237	4397	426186	2295764	26.32
2006	55-59	0.01334	0.06470	2.66	82840	5360	401636	1869577	22.57
2006	60-64	0.01859	0.08903	2.62	77480	6898	370971	1467941	18.95
2006	65-69	0.02690	0.12642	2.62	70582	8923	331706	1096971	15.54
2006	70-74	0.04023	0.18345	2.6	61659	11311	281191	765265	12.41
2006	75-79	0.06223	0.27050	2.58	50348	13619	218838	484073	9.61
2006	80-84	0.09546	0.38631	2.53	36729	14189	148626	265236	7.22
2006	85-89	0.15449	0.55098	2.4	22540	12419	80390	116610	5.17
2006	90-94	0.25553	0.73974	2.15	10121	7487	29300	36220	3.58
2006	95-99	0.36532	0.85790	1.91	2634	2260	6186	6920	2.63
2006	100-104	0.50213	0.93383	1.64	374	350	696	735	1.96
2006	105-109	0.63973	0.96933	1.4	25	24	38	39	1.56
2006	110+	0.74395	1.00000	1.34	1	1	1	1	1.34
2007	0	0.01108	0.01097	0.07	100000	1097	98985	7101289	71.01
2007	1-4	0.00057	0.00227	1.53	98903	225	395057	7002304	70.80
2007	5-9	0.00029	0.00144	2.48	98678	142	493032	6607248	66.96
2007	10-14	0.00039	0.00193	2.64	98536	190	492230	6114216	62.05
2007	15-19	0.00130	0.00647	3	98345	637	490453	5621986	57.17
2007	20-24	0.00222	0.01104	2.58	97709	1079	485938	5131533	52.52
2007	25-29	0.00239	0.01186	2.48	96630	1147	480259	4645595	48.08
2007	30-34	0.00260	0.01290	2.5	95484	1232	474337	4165336	43.62
2007	35-39	0.00301	0.01494	2.79	94252	1408	468148	3690999	39.16
2007	40-44	0.00500	0.02471	2.65	92843	2295	458821	3222851	34.71
2007	45-49	0.00657	0.03232	2.55	90549	2927	445561	2764030	30.53
2007	50-54	0.00985	0.04814	2.66	87622	4218	428250	2318468	26.46
2007	55-59	0.01343	0.06509	2.64	83404	5429	404199	1890218	22.66
2007	60-64	0.01882	0.09014	2.66	77975	7029	373415	1486019	19.06
2007	65-69	0.02574	0.12108	2.56	70946	8590	333740	1112604	15.68
2007	70-74	0.04021	0.18324	2.58	62356	11426	284158	778864	12.49
2007	75-79	0.05976	0.26051	2.54	50930	13268	222027	494705	9.71
2007	80-84	0.09530	0.38554	2.52	37662	14520	152358	272678	7.24
2007	85-89	0.15241	0.54584	2.4	23142	12632	82880	120320	5.20
2007	90-94	0.25892	0.75347	2.23	10510	7919	30585	37440	3.56
2007	95-99	0.36251	0.85558	1.91	2591	2217	6115	6855	2.65
2007	100-104	0.49845	0.93240	1.64	374	349	700	740	1.98
2007	105-109	0.63568	0.96861	1.41	25	25	39	40	1.57
2007	110+	0.74001	1.00000	1.35	1	1	1	1	1.35
2008	0	0.01091	0.01080	0.07	100000	1080	99001	7139207	71.39
2008	1-4	0.00050	0.00199	1.52	98920	197	395192	7040207	71.17
2008	5-9	0.00016	0.00081	2.5	98723	80	493415	6645015	67.31
2008	10-14	0.00036	0.00181	2.72	98643	178	492809	6151599	62.36
2008	15-19	0.00118	0.00587	2.73	98465	578	491014	5658790	57.47
2008	20-24	0.00204	0.01014	2.74	97886	993	487187	5167777	52.79
2008	25-29	0.00229	0.01137	2.39	96894	1101	481592	4680590	48.31
2008	30-34	0.00252	0.01249	2.34	95792	1197	475773	4198997	43.83
2008	35-39	0.00286	0.01419	2.69	94596	1342	469884	3723224	39.36
2008	40-44	0.00412	0.02040	2.76	93253	1902	462008	3253340	34.89
2008	45-49	0.00637	0.03139	2.76	91351	2867	450335	2791333	30.56
2008	50-54	0.00945	0.04622	2.66	88484	4089	432832	2340997	26.46
2008	55-59	0.01355	0.06556	2.54	84395	5533	408361	1908165	22.61
2008	60-64	0.01917	0.09175	2.66	78862	7236	377378	1499804	19.02
2008	65-69	0.02808	0.13138	2.55	71626	9410	335093	1122425	15.67
2008	70-74	0.03869	0.17714	2.62	62216	11021	284839	787333	12.65
2008	75-79	0.05937	0.25842	2.49	51195	13230	222824	502493	9.82
2008	80-84	0.09076	0.37152	2.56	37965	14105	155412	279669	7.37
2008	85-89	0.15552	0.55222	2.38	23860	13176	84721	124257	5.21
2008	90-94	0.24142	0.72019	2.2	10684	7695	31872	39537	3.70
2008	95-99	0.37502	0.86621	1.89	2990	2590	6905	7665	2.56
2008	100-104	0.51997	0.94064	1.61	400	376	724	759	1.90
2008	105-109	0.66304	0.97332	1.37	24	23	35	36	1.50
2008	110+	0.76873	1.00000	1.3	1	1	1	1	1.30
2009	0	0.01170	0.01158	0.08	100000	1158	98931	7178970	71.79
2009	1-4	0.00049	0.00197	1.64	98842	195	394907	7080040	71.63
2009	5-9	0.00023	0.00115	2.54	98647	113	492956	6685133	67.77
2009	10-14	0.00024	0.00122	2.99	98534	120	492428	6192177	62.84
2009	15-19	0.00113	0.00565	2.85	98414	556	490874	5699749	57.92
2009	20-24	0.00174	0.00865	2.46	97857	846	487138	5208875	53.23
2009	25-29	0.00210	0.01045	2.82	97011	1014	482843	4721737	48.67
2009	30-34	0.00229	0.01140	2.44	95997	1094	477181	4238893	44.16
2009	35-39	0.00271	0.01347	2.6	94903	1278	471446	3761712	39.64
2009	40-44	0.00458	0.02264	2.61	93625	2120	463047	3290267	35.14
2009	45-49	0.00640	0.03150	2.62	91505	2883	450655	2827219	30.90
2009	50-54	0.00939	0.04592	2.65	88622	4070	433545	2376564	26.82
2009	55-59	0.01314	0.06370	2.6	84553	5386	409860	1943019	22.98
2009	60-64	0.01751	0.08411	2.68	79166	6659	380360	1533159	19.37
2009	65-69	0.02581	0.12146	2.58	72508	8807	341241	1152799	15.90
2009	70-74	0.03801	0.17390	2.56	63701	11078	291461	811558	12.74
2009	75-79	0.05814	0.25453	2.56	52623	13394	230385	520097	9.88
2009	80-84	0.09108	0.37253	2.56	39229	14614	160446	289712	7.39
2009	85-89	0.15494	0.54952	2.36	24615	13527	87300	129266	5.25
2009	90-94	0.23401	0.71281	2.26	11089	7904	33777	41967	3.78
2009	95-99	0.37375	0.86521	1.9	3185	2755	7372	8190	2.57
2009	100-104	0.51822	0.94003	1.61	429	403	779	817	1.90
2009	105-109	0.66110	0.97302	1.37	26	25	38	39	1.51
2009	110+	0.76686	1.00000	1.3	1	1	1	1	1.30
2010	0	0.01033	0.01023	0.07	100000	1023	99051	7196255	71.96
2010	1-4	0.00051	0.00203	1.36	98977	201	395377	7097204	71.71
2010	5-9	0.00020	0.00100	2.69	98776	98	493653	6701827	67.85
2010	10-14	0.00023	0.00117	2.87	98678	116	493141	6208174	62.91
2010	15-19	0.00094	0.00472	2.95	98562	465	491857	5715033	57.98
2010	20-24	0.00178	0.00889	2.63	98097	872	488417	5223176	53.24
2010	25-29	0.00216	0.01074	2.59	97225	1044	483616	4734759	48.70
2010	30-34	0.00248	0.01234	2.52	96181	1187	477968	4251143	44.20
2010	35-39	0.00287	0.01427	2.64	94994	1356	471774	3773175	39.72
2010	40-44	0.00396	0.01964	2.67	93638	1839	463915	3301401	35.26
2010	45-49	0.00608	0.02996	2.55	91799	2750	452265	2837486	30.91
2010	50-54	0.00972	0.04744	2.51	89049	4225	434725	2385221	26.79
2010	55-59	0.01303	0.06317	2.61	84825	5358	411293	1950496	22.99
2010	60-64	0.01819	0.08710	2.56	79467	6921	380462	1539203	19.37
2010	65-69	0.02535	0.11950	2.6	72545	8669	341920	1158740	15.97
2010	70-74	0.03833	0.17535	2.57	63876	11201	292218	816820	12.79
2010	75-79	0.05986	0.26048	2.51	52676	13721	229240	524602	9.96
2010	80-84	0.09030	0.36838	2.5	38954	14350	158914	295363	7.58
2010	85-89	0.14299	0.52421	2.46	24604	12898	90199	136449	5.55
2010	90-94	0.22728	0.69337	2.19	11707	8117	35713	46250	3.95
2010	95-99	0.32285	0.81876	1.99	3590	2939	9103	10537	2.94
2010	100-104	0.44418	0.90745	1.74	651	590	1329	1434	2.20
2010	105-109	0.57304	0.95488	1.51	60	57	100	104	1.73
2010	110+	0.67585	1.00000	1.48	3	3	4	4	1.48
2011	0	0.01020	0.01011	0.07	100000	1011	99063	7196292	71.96
2011	1-4	0.00046	0.00184	1.7	98989	182	395538	7097230	71.70
2011	5-9	0.00014	0.00072	2.84	98807	71	493884	6701691	67.83
2011	10-14	0.00038	0.00192	2.51	98737	190	493210	6207808	62.87
2011	15-19	0.00087	0.00432	3.16	98547	426	491950	5714598	57.99
2011	20-24	0.00182	0.00908	2.77	98121	891	488620	5222648	53.23
2011	25-29	0.00205	0.01022	2.67	97230	994	483836	4734029	48.69
2011	30-34	0.00245	0.01217	2.57	96236	1171	478339	4250193	44.16
2011	35-39	0.00285	0.01416	2.52	95065	1346	471983	3771854	39.68
2011	40-44	0.00403	0.01997	2.61	93719	1871	464123	3299871	35.21
2011	45-49	0.00614	0.03025	2.61	91848	2778	452601	2835747	30.87
2011	50-54	0.00959	0.04687	2.59	89069	4175	435274	2383146	26.76
2011	55-59	0.01320	0.06401	2.63	84895	5434	411597	1947872	22.94
2011	60-64	0.01827	0.08751	2.59	79461	6953	380560	1536275	19.33
2011	65-69	0.02627	0.12353	2.59	72508	8957	340983	1155715	15.94
2011	70-74	0.03675	0.16870	2.57	63551	10721	291694	814733	12.82
2011	75-79	0.05944	0.25796	2.44	52830	13628	229265	523038	9.90
2011	80-84	0.08955	0.36615	2.51	39202	14354	160289	293774	7.49
2011	85-89	0.14801	0.53584	2.42	24848	13314	89955	133484	5.37
2011	90-94	0.24004	0.72557	2.27	11534	8368	34863	43529	3.77
2011	95-99	0.34868	0.84404	1.94	3165	2672	7662	8666	2.74
2011	100-104	0.48320	0.92637	1.67	494	457	946	1005	2.04
2011	105-109	0.62115	0.96595	1.43	36	35	57	58	1.60
2011	110+	0.72727	1.00000	1.38	1	1	2	2	1.38
2012	0	0.00962	0.00954	0.07	100000	954	99114	7228093	72.28
2012	1-4	0.00049	0.00195	1.64	99046	193	395730	7128979	71.98
2012	5-9	0.00021	0.00103	2.25	98853	102	493986	6733250	68.11
2012	10-14	0.00026	0.00132	2.71	98751	131	493458	6239263	63.18
2012	15-19	0.00077	0.00383	2.66	98621	378	492220	5745805	58.26
2012	20-24	0.00162	0.00809	2.63	98243	795	489330	5253586	53.48
2012	25-29	0.00197	0.00982	2.58	97448	957	484921	4764256	48.89
2012	30-34	0.00232	0.01155	2.61	96491	1114	479791	4279335	44.35
2012	35-39	0.00316	0.01569	2.56	95377	1496	473237	3799543	39.84
2012	40-44	0.00389	0.01928	2.63	93881	1810	465116	3326307	35.43
2012	45-49	0.00607	0.02991	2.71	92071	2754	454042	2861191	31.08
2012	50-54	0.00915	0.04478	2.65	89317	4000	437205	2407149	26.95
2012	55-59	0.01359	0.06583	2.61	85317	5617	413165	1969944	23.09
2012	60-64	0.01772	0.08501	2.61	79700	6776	382322	1556779	19.53
2012	65-69	0.02634	0.12409	2.67	72925	9049	343521	1174457	16.11
2012	70-74	0.03619	0.16652	2.6	63876	10637	293903	830937	13.01
2012	75-79	0.05804	0.25372	2.52	53239	13508	232745	537034	10.09
2012	80-84	0.08990	0.36661	2.49	39731	14566	162026	304289	7.66
2012	85-89	0.13680	0.50321	2.37	25165	12663	92568	142263	5.65
2012	90-94	0.22627	0.69211	2.2	12502	8653	38240	49695	3.97
2012	95-99	0.31786	0.81362	2	3849	3132	9853	11455	2.98
2012	100-104	0.43775	0.90400	1.75	717	649	1482	1602	2.23
2012	105-109	0.56581	0.95298	1.52	69	66	116	121	1.75
2012	110+	0.66845	1.00000	1.5	3	3	5	5	1.50
2013	0	0.01076	0.01065	0.07	100000	1065	99014	7185578	71.86
2013	1-4	0.00055	0.00220	1.73	98935	217	395246	7086564	71.63
2013	5-9	0.00022	0.00107	2.52	98718	106	493326	6691317	67.78
2013	10-14	0.00019	0.00094	2.83	98612	93	492857	6197992	62.85
2013	15-19	0.00088	0.00441	2.73	98519	435	491607	5705135	57.91
2013	20-24	0.00161	0.00803	2.69	98084	788	488600	5213528	53.15
2013	25-29	0.00191	0.00950	2.5	97296	925	484172	4724928	48.56
2013	30-34	0.00222	0.01106	2.63	96371	1066	479334	4240756	44.00
2013	35-39	0.00294	0.01460	2.49	95305	1391	473031	3761422	39.47
2013	40-44	0.00416	0.02059	2.56	93914	1934	464846	3288391	35.01
2013	45-49	0.00631	0.03107	2.65	91980	2857	453179	2823545	30.70
2013	50-54	0.00948	0.04637	2.6	89123	4132	435679	2370366	26.60
2013	55-59	0.01452	0.07012	2.58	84990	5959	410527	1934687	22.76
2013	60-64	0.01936	0.09245	2.57	79031	7306	377412	1524161	19.29
2013	65-69	0.02637	0.12420	2.66	71725	8908	337796	1146749	15.99
2013	70-74	0.03774	0.17295	2.59	62816	10864	287872	808953	12.88
2013	75-79	0.05674	0.24878	2.53	51952	12925	227778	521081	10.03
2013	80-84	0.08842	0.36376	2.56	39028	14197	160554	293303	7.52
2013	85-89	0.14763	0.53209	2.38	24831	13212	89494	132749	5.35
2013	90-94	0.24190	0.72036	2.19	11619	8370	34599	43255	3.72
2013	95-99	0.35933	0.85358	1.93	3249	2773	7718	8656	2.66
2013	100-104	0.49982	0.93329	1.64	476	444	888	938	1.97
2013	105-109	0.64152	0.96980	1.4	32	31	48	49	1.55
2013	110+	0.74846	1.00000	1.34	1	1	1	1	1.34
2014	0	0.00913	0.00905	0.07	100000	905	99158	7193573	71.94
2014	1-4	0.00045	0.00179	1.41	99095	177	395921	7094415	71.59
2014	5-9	0.00017	0.00084	2.44	98918	83	494376	6698494	67.72
2014	10-14	0.00030	0.00152	3.01	98835	150	493875	6204118	62.77
2014	15-19	0.00111	0.00553	3.05	98685	545	492359	5710243	57.86
2014	20-24	0.00174	0.00865	2.72	98139	849	488767	5217883	53.17
2014	25-29	0.00200	0.00997	2.4	97291	970	483931	4729116	48.61
2014	30-34	0.00240	0.01195	2.57	96321	1151	478806	4245186	44.07
2014	35-39	0.00288	0.01430	2.46	95170	1361	472398	3766380	39.58
2014	40-44	0.00380	0.01882	2.51	93809	1765	464653	3293981	35.11
2014	45-49	0.00577	0.02848	2.69	92043	2621	454174	2829328	30.74
2014	50-54	0.00991	0.04839	2.59	89422	4327	436663	2375154	26.56
2014	55-59	0.01504	0.07261	2.65	85095	6179	410939	1938491	22.78
2014	60-64	0.02030	0.09665	2.53	78916	7627	375777	1527551	19.36
2014	65-69	0.02552	0.12017	2.58	71289	8567	335691	1151774	16.16
2014	70-74	0.03849	0.17576	2.53	62722	11024	286400	816083	13.01
2014	75-79	0.05737	0.25063	2.48	51698	12957	225873	529683	10.25
2014	80-84	0.08461	0.34888	2.49	38741	13516	159751	303811	7.84
2014	85-89	0.13734	0.50835	2.45	25225	12823	93367	144059	5.71
2014	90-94	0.21613	0.67687	2.24	12402	8394	38839	50692	4.09
2014	95-99	0.31962	0.81603	2	4007	3270	10231	11853	2.96
2014	100-104	0.44474	0.90814	1.74	737	670	1505	1622	2.20
2014	105-109	0.57784	0.95631	1.5	68	65	112	116	1.72
2014	110+	0.68369	1.00000	1.46	3	3	4	4	1.46
2015	0	0.01014	0.01004	0.07	100000	1004	99068	7165833	71.66
2015	1-4	0.00046	0.00185	1.83	98996	183	395585	7066765	71.38
2015	5-9	0.00015	0.00076	2.58	98812	75	493881	6671180	67.51
2015	10-14	0.00034	0.00168	3.38	98738	165	493419	6177298	62.56
2015	15-19	0.00095	0.00472	2.86	98572	465	491864	5683879	57.66
2015	20-24	0.00161	0.00800	2.53	98107	785	488593	5192015	52.92
2015	25-29	0.00214	0.01066	2.68	97322	1037	484202	4703422	48.33
2015	30-34	0.00282	0.01399	2.44	96285	1347	477970	4219220	43.82
2015	35-39	0.00323	0.01600	2.57	94937	1519	470996	3741250	39.41
2015	40-44	0.00421	0.02084	2.72	93418	1947	462662	3270254	35.01
2015	45-49	0.00606	0.02989	2.69	91471	2734	451029	2807592	30.69
2015	50-54	0.00980	0.04790	2.65	88737	4250	433683	2356563	26.56
2015	55-59	0.01454	0.07034	2.69	84487	5943	408711	1922879	22.76
2015	60-64	0.01931	0.09227	2.6	78544	7247	375318	1514168	19.28
2015	65-69	0.02523	0.11886	2.56	71297	8474	335822	1138850	15.97
2015	70-74	0.03798	0.17370	2.55	62823	10912	287342	803028	12.78
2015	75-79	0.05958	0.25924	2.5	51910	13457	225853	515686	9.93
2015	80-84	0.09097	0.36872	2.43	38453	14179	155856	289833	7.54
2015	85-89	0.14190	0.51610	2.36	24275	12528	88286	133977	5.52
2015	90-94	0.23285	0.71162	2.27	11747	8359	35899	45690	3.89
2015	95-99	0.32850	0.82448	1.98	3388	2793	8502	9791	2.89
2015	100-104	0.45197	0.91151	1.73	595	542	1199	1289	2.17
2015	105-109	0.58221	0.95721	1.49	53	50	87	90	1.71
2015	110+	0.68549	1.00000	1.46	2	2	3	3	1.46
2016	0	0.00878	0.00871	0.07	100000	871	99189	7172113	71.72
2016	1-4	0.00042	0.00166	1.56	99129	165	396115	7072925	71.35
2016	5-9	0.00021	0.00106	2.71	98964	104	494583	6676810	67.47
2016	10-14	0.00033	0.00164	2.81	98860	162	493947	6182227	62.54
2016	15-19	0.00094	0.00471	3.15	98698	465	492630	5688280	57.63
2016	20-24	0.00189	0.00940	2.64	98234	923	488986	5195651	52.89
2016	25-29	0.00240	0.01191	2.48	97311	1159	483637	4706664	48.37
2016	30-34	0.00275	0.01368	2.47	96152	1315	477429	4223028	43.92
2016	35-39	0.00352	0.01745	2.71	94837	1655	470396	3745599	39.50
2016	40-44	0.00447	0.02209	2.59	93182	2059	460939	3275203	35.15
2016	45-49	0.00613	0.03022	2.63	91123	2754	449100	2814264	30.88
2016	50-54	0.00956	0.04675	2.64	88370	4132	432112	2365164	26.76
2016	55-59	0.01447	0.06993	2.6	84238	5890	407072	1933052	22.95
2016	60-64	0.01967	0.09386	2.57	78348	7354	373901	1525981	19.48
2016	65-69	0.02599	0.12217	2.56	70994	8673	333776	1152080	16.23
2016	70-74	0.03660	0.16806	2.57	62321	10474	286152	818304	13.13
2016	75-79	0.05651	0.24833	2.56	51847	12875	227856	532152	10.26
2016	80-84	0.08555	0.35350	2.54	38972	13777	161036	304296	7.81
2016	85-89	0.13530	0.50336	2.46	25195	12682	93736	143259	5.69
2016	90-94	0.22610	0.69431	2.22	12513	8688	38424	49524	3.96
2016	95-99	0.32649	0.82324	1.99	3825	3149	9645	11099	2.90
2016	100-104	0.45551	0.91377	1.72	676	618	1356	1454	2.15
2016	105-109	0.59149	0.95967	1.48	58	56	95	98	1.68
2016	110+	0.69857	1.00000	1.43	2	2	3	3	1.43
2017	0	0.01055	0.01045	0.07	100000	1045	99032	7174601	71.75
2017	1-4	0.00046	0.00183	1.58	98955	181	395383	7075570	71.50
2017	5-9	0.00024	0.00120	2.2	98774	118	493539	6680187	67.63
2017	10-14	0.00022	0.00109	2.44	98656	108	493002	6186648	62.71
2017	15-19	0.00113	0.00564	2.91	98548	555	491576	5693646	57.78
2017	20-24	0.00174	0.00864	2.39	97992	847	487755	5202069	53.09
2017	25-29	0.00235	0.01170	2.64	97146	1136	483044	4714314	48.53
2017	30-34	0.00269	0.01336	2.59	96009	1283	476953	4231270	44.07
2017	35-39	0.00347	0.01719	2.64	94727	1628	469795	3754317	39.63
2017	40-44	0.00395	0.01957	2.57	93099	1822	461065	3284521	35.28
2017	45-49	0.00587	0.02894	2.53	91277	2641	449861	2823457	30.93
2017	50-54	0.00902	0.04418	2.64	88635	3916	433952	2373595	26.78
2017	55-59	0.01476	0.07127	2.58	84719	6038	409005	1939643	22.90
2017	60-64	0.02031	0.09667	2.51	78681	7606	374486	1530638	19.45
2017	65-69	0.02592	0.12189	2.56	71075	8663	334216	1156152	16.27
2017	70-74	0.03793	0.17397	2.62	62412	10858	286242	821936	13.17
2017	75-79	0.05554	0.24504	2.6	51555	12633	227471	535694	10.39
2017	80-84	0.08616	0.35604	2.56	38922	13858	160842	308223	7.92
2017	85-89	0.13169	0.49180	2.43	25064	12326	93598	147382	5.88
2017	90-94	0.20780	0.66510	2.29	12738	8472	40769	53783	4.22
2017	95-99	0.30871	0.80417	2.02	4266	3430	11112	13014	3.05
2017	100-104	0.42859	0.89911	1.77	835	751	1752	1902	2.28
2017	105-109	0.55786	0.95092	1.53	84	80	144	150	1.78
2017	110+	0.66199	1.00000	1.51	4	4	6	6	1.51
