Div4: West North Central, Lifetables (period 1x10), Females Last modified: 3 Dec 2019, MPv5 (May07) 

Year     	Age	mx	qx	ax	lx	dx	Lx	Tx	ex
1960-1969	0	0.01869	0.01838	0.11	100000	1838	98356	7538103	75.38
1960-1969	1	0.00129	0.00129	0.5	98162	126	98099	7439747	75.79
1960-1969	2	0.00077	0.00077	0.5	98036	76	97998	7341648	74.89
1960-1969	3	0.00058	0.00058	0.5	97960	57	97932	7243650	73.94
1960-1969	4	0.00049	0.00049	0.5	97903	48	97879	7145718	72.99
1960-1969	5	0.00046	0.00046	0.5	97855	45	97833	7047839	72.02
1960-1969	6	0.00036	0.00036	0.5	97810	35	97793	6950006	71.06
1960-1969	7	0.00034	0.00034	0.5	97776	34	97759	6852213	70.08
1960-1969	8	0.00032	0.00032	0.5	97742	31	97726	6754454	69.10
1960-1969	9	0.00029	0.00029	0.5	97711	29	97696	6656728	68.13
1960-1969	10	0.00025	0.00025	0.5	97682	25	97670	6559032	67.15
1960-1969	11	0.00028	0.00028	0.5	97658	28	97644	6461362	66.16
1960-1969	12	0.00028	0.00028	0.5	97630	28	97616	6363718	65.18
1960-1969	13	0.00030	0.00030	0.5	97602	29	97588	6266102	64.20
1960-1969	14	0.00036	0.00036	0.5	97573	35	97555	6168514	63.22
1960-1969	15	0.00043	0.00043	0.5	97538	42	97517	6070959	62.24
1960-1969	16	0.00053	0.00053	0.5	97496	52	97470	5973442	61.27
1960-1969	17	0.00064	0.00064	0.5	97444	63	97413	5875972	60.30
1960-1969	18	0.00068	0.00068	0.5	97381	66	97348	5778560	59.34
1960-1969	19	0.00072	0.00072	0.5	97315	70	97280	5681211	58.38
1960-1969	20	0.00068	0.00068	0.5	97245	66	97212	5583932	57.42
1960-1969	21	0.00072	0.00072	0.5	97179	70	97144	5486720	56.46
1960-1969	22	0.00067	0.00067	0.5	97109	65	97077	5389576	55.50
1960-1969	23	0.00062	0.00062	0.5	97044	61	97014	5292499	54.54
1960-1969	24	0.00069	0.00069	0.5	96984	67	96950	5195485	53.57
1960-1969	25	0.00074	0.00074	0.5	96916	71	96881	5098535	52.61
1960-1969	26	0.00068	0.00068	0.5	96845	66	96812	5001655	51.65
1960-1969	27	0.00070	0.00070	0.5	96779	67	96745	4904843	50.68
1960-1969	28	0.00079	0.00079	0.5	96712	76	96674	4808097	49.72
1960-1969	29	0.00083	0.00083	0.5	96636	80	96596	4711424	48.75
1960-1969	30	0.00088	0.00088	0.5	96555	85	96513	4614828	47.79
1960-1969	31	0.00089	0.00089	0.5	96471	86	96428	4518315	46.84
1960-1969	32	0.00100	0.00100	0.5	96385	97	96336	4421887	45.88
1960-1969	33	0.00104	0.00104	0.5	96288	100	96238	4325551	44.92
1960-1969	34	0.00121	0.00121	0.5	96188	116	96130	4229313	43.97
1960-1969	35	0.00131	0.00131	0.5	96072	126	96009	4133182	43.02
1960-1969	36	0.00135	0.00135	0.5	95946	129	95881	4037174	42.08
1960-1969	37	0.00149	0.00149	0.5	95817	143	95745	3941292	41.13
1960-1969	38	0.00161	0.00161	0.5	95674	154	95597	3845547	40.19
1960-1969	39	0.00178	0.00178	0.5	95520	170	95435	3749951	39.26
1960-1969	40	0.00189	0.00188	0.5	95350	180	95260	3654516	38.33
1960-1969	41	0.00206	0.00206	0.5	95170	196	95072	3559256	37.40
1960-1969	42	0.00229	0.00228	0.5	94974	217	94865	3464184	36.48
1960-1969	43	0.00249	0.00249	0.5	94757	235	94639	3369319	35.56
1960-1969	44	0.00273	0.00272	0.5	94521	258	94393	3274680	34.64
1960-1969	45	0.00297	0.00296	0.5	94264	279	94124	3180288	33.74
1960-1969	46	0.00310	0.00309	0.5	93985	291	93839	3086163	32.84
1960-1969	47	0.00349	0.00348	0.5	93694	326	93531	2992324	31.94
1960-1969	48	0.00358	0.00357	0.5	93368	333	93201	2898793	31.05
1960-1969	49	0.00405	0.00404	0.5	93034	376	92847	2805592	30.16
1960-1969	50	0.00447	0.00446	0.5	92659	413	92452	2712746	29.28
1960-1969	51	0.00482	0.00481	0.5	92245	444	92023	2620294	28.41
1960-1969	52	0.00534	0.00532	0.5	91801	489	91557	2528271	27.54
1960-1969	53	0.00552	0.00550	0.5	91313	502	91061	2436714	26.69
1960-1969	54	0.00591	0.00590	0.5	90810	536	90543	2345652	25.83
1960-1969	55	0.00640	0.00638	0.5	90275	576	89987	2255110	24.98
1960-1969	56	0.00690	0.00688	0.5	89699	617	89391	2165123	24.14
1960-1969	57	0.00768	0.00765	0.5	89082	682	88741	2075732	23.30
1960-1969	58	0.00830	0.00826	0.5	88400	731	88035	1986991	22.48
1960-1969	59	0.00895	0.00891	0.5	87670	781	87279	1898956	21.66
1960-1969	60	0.00964	0.00959	0.5	86889	833	86472	1811677	20.85
1960-1969	61	0.01049	0.01044	0.5	86055	898	85606	1725205	20.05
1960-1969	62	0.01200	0.01193	0.5	85157	1016	84649	1639598	19.25
1960-1969	63	0.01258	0.01250	0.5	84141	1052	83615	1554949	18.48
1960-1969	64	0.01396	0.01387	0.5	83090	1152	82513	1471334	17.71
1960-1969	65	0.01532	0.01520	0.5	81937	1246	81315	1388820	16.95
1960-1969	66	0.01638	0.01625	0.5	80692	1311	80036	1307506	16.20
1960-1969	67	0.01871	0.01853	0.5	79381	1471	78645	1227470	15.46
1960-1969	68	0.02033	0.02012	0.5	77909	1568	77126	1148824	14.75
1960-1969	69	0.02189	0.02165	0.5	76342	1653	75515	1071699	14.04
1960-1969	70	0.02474	0.02444	0.5	74689	1826	73776	996183	13.34
1960-1969	71	0.02720	0.02684	0.5	72864	1956	71886	922407	12.66
1960-1969	72	0.03125	0.03077	0.5	70908	2182	69817	850521	11.99
1960-1969	73	0.03414	0.03357	0.5	68726	2307	67573	780704	11.36
1960-1969	74	0.03844	0.03772	0.5	66419	2505	65167	713132	10.74
1960-1969	75	0.04320	0.04229	0.5	63914	2703	62563	647965	10.14
1960-1969	76	0.04714	0.04606	0.5	61211	2819	59802	585402	9.56
1960-1969	77	0.05157	0.05028	0.5	58392	2936	56924	525601	9.00
1960-1969	78	0.05880	0.05712	0.5	55456	3168	53872	468676	8.45
1960-1969	79	0.06579	0.06369	0.5	52288	3330	50623	414804	7.93
1960-1969	80	0.07278	0.07022	0.5	48958	3438	47239	364181	7.44
1960-1969	81	0.08036	0.07725	0.5	45520	3517	43762	316942	6.96
1960-1969	82	0.09161	0.08759	0.5	42003	3679	40164	273180	6.50
1960-1969	83	0.10255	0.09755	0.5	38324	3738	36455	233017	6.08
1960-1969	84	0.11447	0.10827	0.5	34586	3745	32713	196562	5.68
1960-1969	85	0.12647	0.11895	0.5	30841	3669	29007	163848	5.31
1960-1969	86	0.13973	0.13061	0.5	27172	3549	25398	134842	4.96
1960-1969	87	0.15716	0.14571	0.5	23624	3442	21902	109444	4.63
1960-1969	88	0.16920	0.15600	0.5	20181	3148	18607	87541	4.34
1960-1969	89	0.18646	0.17056	0.5	17033	2905	15580	68934	4.05
1960-1969	90	0.21054	0.19049	0.5	14128	2691	12782	53354	3.78
1960-1969	91	0.22151	0.19942	0.5	11437	2281	10296	40571	3.55
1960-1969	92	0.24656	0.21950	0.5	9156	2010	8151	30275	3.31
1960-1969	93	0.26740	0.23586	0.5	7146	1686	6303	22124	3.10
1960-1969	94	0.29180	0.25465	0.5	5461	1391	4765	15820	2.90
1960-1969	95	0.31697	0.27360	0.5	4070	1114	3513	11055	2.72
1960-1969	96	0.34292	0.29273	0.5	2957	865	2524	7542	2.55
1960-1969	97	0.36985	0.31213	0.5	2091	653	1765	5018	2.40
1960-1969	98	0.39762	0.33168	0.5	1438	477	1200	3253	2.26
1960-1969	99	0.42606	0.35124	0.5	961	338	792	2053	2.14
1960-1969	100	0.45500	0.37067	0.5	624	231	508	1261	2.02
1960-1969	101	0.48425	0.38985	0.5	392	153	316	753	1.92
1960-1969	102	0.51360	0.40866	0.5	239	98	191	437	1.82
1960-1969	103	0.54286	0.42697	0.5	142	60	111	246	1.74
1960-1969	104	0.57183	0.44469	0.5	81	36	63	135	1.66
1960-1969	105	0.60031	0.46172	0.5	45	21	35	72	1.59
1960-1969	106	0.62814	0.47801	0.5	24	12	18	37	1.53
1960-1969	107	0.65513	0.49348	0.5	13	6	10	19	1.48
1960-1969	108	0.68116	0.50811	0.5	6	3	5	9	1.43
1960-1969	109	0.70611	0.52187	0.5	3	2	2	4	1.39
1960-1969	110+	0.72988	1.00000	1.37	2	2	2	2	1.37
1970-1979	0	0.01357	0.01340	0.09	100000	1340	98782	7737952	77.38
1970-1979	1	0.00093	0.00093	0.5	98660	92	98614	7639171	77.43
1970-1979	2	0.00063	0.00063	0.5	98568	62	98537	7540557	76.50
1970-1979	3	0.00049	0.00049	0.5	98506	49	98482	7442020	75.55
1970-1979	4	0.00041	0.00041	0.5	98458	40	98438	7343538	74.59
1970-1979	5	0.00035	0.00035	0.5	98418	34	98400	7245100	73.62
1970-1979	6	0.00031	0.00031	0.5	98383	31	98368	7146699	72.64
1970-1979	7	0.00030	0.00030	0.5	98352	29	98338	7048331	71.66
1970-1979	8	0.00024	0.00024	0.5	98323	24	98311	6949994	70.69
1970-1979	9	0.00025	0.00025	0.5	98299	24	98287	6851683	69.70
1970-1979	10	0.00023	0.00023	0.5	98274	23	98263	6753396	68.72
1970-1979	11	0.00023	0.00023	0.5	98252	23	98240	6655133	67.74
1970-1979	12	0.00025	0.00025	0.5	98229	24	98217	6556893	66.75
1970-1979	13	0.00032	0.00032	0.5	98205	31	98189	6458676	65.77
1970-1979	14	0.00034	0.00034	0.5	98173	34	98157	6360487	64.79
1970-1979	15	0.00046	0.00046	0.5	98140	45	98117	6262331	63.81
1970-1979	16	0.00055	0.00055	0.5	98095	54	98068	6164213	62.84
1970-1979	17	0.00059	0.00059	0.5	98041	58	98012	6066145	61.87
1970-1979	18	0.00069	0.00069	0.5	97983	67	97949	5968133	60.91
1970-1979	19	0.00063	0.00063	0.5	97915	62	97885	5870184	59.95
1970-1979	20	0.00061	0.00061	0.5	97854	60	97824	5772300	58.99
1970-1979	21	0.00061	0.00061	0.5	97794	60	97764	5674476	58.02
1970-1979	22	0.00060	0.00060	0.5	97734	59	97705	5576712	57.06
1970-1979	23	0.00058	0.00058	0.5	97676	57	97647	5479006	56.09
1970-1979	24	0.00060	0.00060	0.5	97619	58	97589	5381359	55.13
1970-1979	25	0.00060	0.00060	0.5	97560	59	97531	5283770	54.16
1970-1979	26	0.00061	0.00061	0.5	97502	59	97472	5186239	53.19
1970-1979	27	0.00065	0.00065	0.5	97442	63	97411	5088767	52.22
1970-1979	28	0.00068	0.00068	0.5	97379	66	97346	4991356	51.26
1970-1979	29	0.00067	0.00067	0.5	97313	66	97281	4894010	50.29
1970-1979	30	0.00074	0.00074	0.5	97248	72	97212	4796729	49.32
1970-1979	31	0.00077	0.00077	0.5	97176	75	97139	4699517	48.36
1970-1979	32	0.00087	0.00087	0.5	97101	85	97059	4602379	47.40
1970-1979	33	0.00096	0.00096	0.5	97016	93	96970	4505320	46.44
1970-1979	34	0.00100	0.00100	0.5	96923	97	96875	4408351	45.48
1970-1979	35	0.00107	0.00107	0.5	96826	104	96774	4311476	44.53
1970-1979	36	0.00116	0.00116	0.5	96722	112	96666	4214702	43.58
1970-1979	37	0.00123	0.00123	0.5	96610	118	96551	4118036	42.63
1970-1979	38	0.00142	0.00142	0.5	96492	137	96424	4021485	41.68
1970-1979	39	0.00147	0.00147	0.5	96355	142	96285	3925061	40.74
1970-1979	40	0.00163	0.00163	0.5	96214	157	96135	3828776	39.79
1970-1979	41	0.00186	0.00186	0.5	96057	178	95968	3732641	38.86
1970-1979	42	0.00207	0.00207	0.5	95879	198	95780	3636673	37.93
1970-1979	43	0.00229	0.00229	0.5	95681	219	95571	3540894	37.01
1970-1979	44	0.00243	0.00242	0.5	95462	231	95346	3445323	36.09
1970-1979	45	0.00257	0.00257	0.5	95230	245	95108	3349977	35.18
1970-1979	46	0.00289	0.00288	0.5	94986	274	94849	3254869	34.27
1970-1979	47	0.00315	0.00315	0.5	94712	298	94563	3160020	33.36
1970-1979	48	0.00329	0.00328	0.5	94414	310	94259	3065457	32.47
1970-1979	49	0.00378	0.00377	0.5	94104	355	93927	2971198	31.57
1970-1979	50	0.00391	0.00390	0.5	93749	366	93566	2877271	30.69
1970-1979	51	0.00425	0.00425	0.5	93383	396	93185	2783705	29.81
1970-1979	52	0.00450	0.00449	0.5	92987	418	92778	2690520	28.93
1970-1979	53	0.00502	0.00500	0.5	92569	463	92337	2597743	28.06
1970-1979	54	0.00549	0.00547	0.5	92105	504	91853	2505406	27.20
1970-1979	55	0.00583	0.00581	0.5	91601	533	91335	2413552	26.35
1970-1979	56	0.00652	0.00649	0.5	91069	591	90773	2322217	25.50
1970-1979	57	0.00705	0.00703	0.5	90477	636	90159	2231444	24.66
1970-1979	58	0.00768	0.00765	0.5	89841	688	89498	2141285	23.83
1970-1979	59	0.00811	0.00808	0.5	89154	720	88794	2051787	23.01
1970-1979	60	0.00900	0.00896	0.5	88434	792	88038	1962993	22.20
1970-1979	61	0.00953	0.00949	0.5	87642	831	87226	1874956	21.39
1970-1979	62	0.01067	0.01061	0.5	86810	921	86350	1787729	20.59
1970-1979	63	0.01160	0.01153	0.5	85889	990	85394	1701379	19.81
1970-1979	64	0.01253	0.01245	0.5	84899	1057	84371	1615985	19.03
1970-1979	65	0.01368	0.01358	0.5	83842	1139	83273	1531614	18.27
1970-1979	66	0.01446	0.01436	0.5	82703	1187	82110	1448342	17.51
1970-1979	67	0.01658	0.01645	0.5	81516	1341	80846	1366232	16.76
1970-1979	68	0.01766	0.01751	0.5	80175	1404	79474	1285386	16.03
1970-1979	69	0.01912	0.01894	0.5	78772	1492	78026	1205912	15.31
1970-1979	70	0.02117	0.02095	0.5	77280	1619	76470	1127887	14.59
1970-1979	71	0.02341	0.02314	0.5	75661	1751	74785	1051417	13.90
1970-1979	72	0.02606	0.02573	0.5	73910	1901	72959	976632	13.21
1970-1979	73	0.02831	0.02792	0.5	72008	2010	71003	903673	12.55
1970-1979	74	0.03146	0.03097	0.5	69998	2168	68914	832669	11.90
1970-1979	75	0.03533	0.03471	0.5	67830	2355	66653	763755	11.26
1970-1979	76	0.03935	0.03859	0.5	65475	2526	64212	697103	10.65
1970-1979	77	0.04374	0.04280	0.5	62949	2694	61602	632891	10.05
1970-1979	78	0.04839	0.04725	0.5	60254	2847	58831	571289	9.48
1970-1979	79	0.05429	0.05286	0.5	57407	3034	55890	512458	8.93
1970-1979	80	0.06079	0.05900	0.5	54373	3208	52769	456568	8.40
1970-1979	81	0.06614	0.06402	0.5	51165	3276	49527	403799	7.89
1970-1979	82	0.07450	0.07183	0.5	47889	3440	46169	354272	7.40
1970-1979	83	0.08327	0.07994	0.5	44449	3553	42673	308103	6.93
1970-1979	84	0.09256	0.08847	0.5	40896	3618	39087	265430	6.49
1970-1979	85	0.10314	0.09808	0.5	37278	3656	35450	226343	6.07
1970-1979	86	0.11539	0.10910	0.5	33622	3668	31788	190892	5.68
1970-1979	87	0.12660	0.11907	0.5	29954	3567	28171	159105	5.31
1970-1979	88	0.14141	0.13207	0.5	26387	3485	24645	130934	4.96
1970-1979	89	0.15455	0.14346	0.5	22902	3286	21260	106289	4.64
1970-1979	90	0.17183	0.15824	0.5	19617	3104	18065	85030	4.33
1970-1979	91	0.18614	0.17029	0.5	16513	2812	15107	66965	4.06
1970-1979	92	0.20329	0.18454	0.5	13701	2528	12437	51858	3.79
1970-1979	93	0.22943	0.20582	0.5	11172	2299	10023	39422	3.53
1970-1979	94	0.24700	0.21985	0.5	8873	1951	7898	29399	3.31
1970-1979	95	0.26756	0.23599	0.5	6922	1634	6105	21502	3.11
1970-1979	96	0.29085	0.25393	0.5	5289	1343	4617	15396	2.91
1970-1979	97	0.31530	0.27236	0.5	3946	1075	3408	10779	2.73
1970-1979	98	0.34082	0.29120	0.5	2871	836	2453	7371	2.57
1970-1979	99	0.36730	0.31031	0.5	2035	631	1719	4918	2.42
1970-1979	100	0.39460	0.32957	0.5	1404	463	1172	3198	2.28
1970-1979	101	0.42257	0.34886	0.5	941	328	777	2026	2.15
1970-1979	102	0.45105	0.36805	0.5	613	226	500	1249	2.04
1970-1979	103	0.47985	0.38700	0.5	387	150	312	749	1.94
1970-1979	104	0.50879	0.40561	0.5	237	96	189	437	1.84
1970-1979	105	0.53767	0.42375	0.5	141	60	111	248	1.76
1970-1979	106	0.56630	0.44134	0.5	81	36	63	137	1.68
1970-1979	107	0.59450	0.45827	0.5	45	21	35	73	1.61
1970-1979	108	0.62208	0.47449	0.5	25	12	19	38	1.56
1970-1979	109	0.64890	0.48994	0.5	13	6	10	20	1.51
1970-1979	110+	0.67480	1.00000	1.48	7	7	10	10	1.48
1980-1989	0	0.00862	0.00855	0.08	100000	855	99211	7944384	79.44
1980-1989	1	0.00074	0.00074	0.5	99145	74	99108	7845173	79.13
1980-1989	2	0.00047	0.00047	0.5	99071	47	99048	7746065	78.19
1980-1989	3	0.00034	0.00034	0.5	99025	34	99008	7647017	77.22
1980-1989	4	0.00027	0.00027	0.5	98991	27	98977	7548009	76.25
1980-1989	5	0.00023	0.00023	0.5	98964	23	98953	7449032	75.27
1980-1989	6	0.00022	0.00022	0.5	98941	22	98930	7350079	74.29
1980-1989	7	0.00016	0.00016	0.5	98919	16	98911	7251149	73.30
1980-1989	8	0.00017	0.00017	0.5	98903	17	98895	7152237	72.32
1980-1989	9	0.00019	0.00019	0.5	98886	19	98877	7053343	71.33
1980-1989	10	0.00016	0.00016	0.5	98867	15	98859	6954466	70.34
1980-1989	11	0.00014	0.00014	0.5	98852	14	98845	6855607	69.35
1980-1989	12	0.00017	0.00017	0.5	98838	16	98829	6756762	68.36
1980-1989	13	0.00020	0.00020	0.5	98821	19	98811	6657933	67.37
1980-1989	14	0.00026	0.00026	0.5	98802	26	98789	6559121	66.39
1980-1989	15	0.00034	0.00034	0.5	98776	33	98759	6460333	65.40
1980-1989	16	0.00050	0.00050	0.5	98743	49	98718	6361573	64.43
1980-1989	17	0.00051	0.00051	0.5	98694	50	98669	6262855	63.46
1980-1989	18	0.00060	0.00060	0.5	98643	59	98614	6164186	62.49
1980-1989	19	0.00052	0.00052	0.5	98584	51	98559	6065572	61.53
1980-1989	20	0.00048	0.00048	0.5	98534	47	98510	5967013	60.56
1980-1989	21	0.00050	0.00050	0.5	98486	49	98462	5868503	59.59
1980-1989	22	0.00045	0.00045	0.5	98437	45	98415	5770042	58.62
1980-1989	23	0.00045	0.00045	0.5	98392	45	98370	5671627	57.64
1980-1989	24	0.00049	0.00049	0.5	98348	49	98324	5573257	56.67
1980-1989	25	0.00048	0.00048	0.5	98299	47	98276	5474933	55.70
1980-1989	26	0.00050	0.00050	0.5	98253	49	98228	5376657	54.72
1980-1989	27	0.00050	0.00050	0.5	98203	49	98179	5278429	53.75
1980-1989	28	0.00057	0.00057	0.5	98154	56	98126	5180251	52.78
1980-1989	29	0.00057	0.00057	0.5	98098	56	98070	5082125	51.81
1980-1989	30	0.00053	0.00053	0.5	98042	52	98016	4984055	50.84
1980-1989	31	0.00060	0.00060	0.5	97990	59	97960	4886039	49.86
1980-1989	32	0.00066	0.00065	0.5	97931	64	97899	4788079	48.89
1980-1989	33	0.00068	0.00068	0.5	97867	66	97833	4690180	47.92
1980-1989	34	0.00070	0.00070	0.5	97800	68	97766	4592347	46.96
1980-1989	35	0.00082	0.00082	0.5	97732	80	97692	4494580	45.99
1980-1989	36	0.00083	0.00082	0.5	97652	81	97612	4396888	45.03
1980-1989	37	0.00090	0.00090	0.5	97571	88	97528	4299277	44.06
1980-1989	38	0.00109	0.00109	0.5	97484	106	97430	4201749	43.10
1980-1989	39	0.00110	0.00110	0.5	97377	107	97324	4104319	42.15
1980-1989	40	0.00124	0.00124	0.5	97271	121	97210	4006995	41.19
1980-1989	41	0.00136	0.00136	0.5	97150	132	97083	3909785	40.25
1980-1989	42	0.00157	0.00157	0.5	97017	152	96941	3812701	39.30
1980-1989	43	0.00167	0.00167	0.5	96865	161	96784	3715760	38.36
1980-1989	44	0.00177	0.00177	0.5	96703	171	96618	3618976	37.42
1980-1989	45	0.00194	0.00194	0.5	96532	187	96438	3522359	36.49
1980-1989	46	0.00224	0.00224	0.5	96345	216	96237	3425921	35.56
1980-1989	47	0.00245	0.00245	0.5	96129	235	96011	3329684	34.64
1980-1989	48	0.00284	0.00283	0.5	95893	272	95758	3233673	33.72
1980-1989	49	0.00296	0.00296	0.5	95622	283	95480	3137915	32.82
1980-1989	50	0.00332	0.00331	0.5	95339	316	95181	3042435	31.91
1980-1989	51	0.00371	0.00370	0.5	95023	352	94847	2947254	31.02
1980-1989	52	0.00412	0.00411	0.5	94671	389	94477	2852407	30.13
1980-1989	53	0.00445	0.00444	0.5	94282	419	94073	2757930	29.25
1980-1989	54	0.00474	0.00473	0.5	93864	444	93642	2663857	28.38
1980-1989	55	0.00533	0.00532	0.5	93420	497	93171	2570215	27.51
1980-1989	56	0.00580	0.00579	0.5	92923	538	92654	2477044	26.66
1980-1989	57	0.00616	0.00615	0.5	92385	568	92101	2384390	25.81
1980-1989	58	0.00712	0.00709	0.5	91817	651	91491	2292289	24.97
1980-1989	59	0.00749	0.00746	0.5	91166	680	90826	2200798	24.14
1980-1989	60	0.00792	0.00789	0.5	90485	714	90129	2109972	23.32
1980-1989	61	0.00896	0.00892	0.5	89772	801	89372	2019843	22.50
1980-1989	62	0.01000	0.00995	0.5	88971	886	88528	1930472	21.70
1980-1989	63	0.01060	0.01054	0.5	88086	929	87621	1841943	20.91
1980-1989	64	0.01163	0.01156	0.5	87157	1008	86653	1754322	20.13
1980-1989	65	0.01243	0.01235	0.5	86150	1064	85618	1667669	19.36
1980-1989	66	0.01355	0.01346	0.5	85086	1146	84513	1582051	18.59
1980-1989	67	0.01461	0.01451	0.5	83940	1218	83331	1497538	17.84
1980-1989	68	0.01622	0.01609	0.5	82722	1331	82057	1414207	17.10
1980-1989	69	0.01759	0.01744	0.5	81392	1419	80682	1332150	16.37
1980-1989	70	0.01925	0.01906	0.5	79972	1525	79210	1251468	15.65
1980-1989	71	0.02060	0.02039	0.5	78448	1600	77648	1172258	14.94
1980-1989	72	0.02345	0.02318	0.5	76848	1781	75958	1094610	14.24
1980-1989	73	0.02579	0.02547	0.5	75067	1912	74111	1018653	13.57
1980-1989	74	0.02727	0.02690	0.5	73155	1968	72172	944542	12.91
1980-1989	75	0.03033	0.02988	0.5	71188	2127	70124	872370	12.25
1980-1989	76	0.03317	0.03263	0.5	69061	2254	67934	802246	11.62
1980-1989	77	0.03610	0.03546	0.5	66807	2369	65623	734312	10.99
1980-1989	78	0.03976	0.03898	0.5	64438	2512	63182	668689	10.38
1980-1989	79	0.04543	0.04442	0.5	61927	2751	60551	605506	9.78
1980-1989	80	0.05064	0.04939	0.5	59176	2922	57714	544955	9.21
1980-1989	81	0.05689	0.05532	0.5	56253	3112	54697	487241	8.66
1980-1989	82	0.06252	0.06063	0.5	53141	3222	51530	432544	8.14
1980-1989	83	0.06985	0.06749	0.5	49920	3369	48235	381013	7.63
1980-1989	84	0.07700	0.07414	0.5	46550	3451	44825	332778	7.15
1980-1989	85	0.08678	0.08318	0.5	43099	3585	41307	287954	6.68
1980-1989	86	0.09828	0.09368	0.5	39514	3702	37663	246647	6.24
1980-1989	87	0.10770	0.10220	0.5	35813	3660	33983	208984	5.84
1980-1989	88	0.11975	0.11299	0.5	32153	3633	30336	175001	5.44
1980-1989	89	0.13341	0.12506	0.5	28520	3567	26737	144665	5.07
1980-1989	90	0.14861	0.13833	0.5	24953	3452	23227	117928	4.73
1980-1989	91	0.16519	0.15259	0.5	21501	3281	19861	94701	4.40
1980-1989	92	0.18147	0.16637	0.5	18221	3031	16705	74840	4.11
1980-1989	93	0.20371	0.18488	0.5	15189	2808	13785	58135	3.83
1980-1989	94	0.22169	0.19957	0.5	12381	2471	11146	44350	3.58
1980-1989	95	0.24077	0.21490	0.5	9910	2130	8845	33204	3.35
1980-1989	96	0.26331	0.23268	0.5	7780	1810	6875	24359	3.13
1980-1989	97	0.28716	0.25111	0.5	5970	1499	5221	17484	2.93
1980-1989	98	0.31227	0.27009	0.5	4471	1208	3867	12263	2.74
1980-1989	99	0.33852	0.28951	0.5	3263	945	2791	8396	2.57
1980-1989	100	0.36580	0.30924	0.5	2319	717	1960	5605	2.42
1980-1989	101	0.39398	0.32914	0.5	1602	527	1338	3645	2.28
1980-1989	102	0.42288	0.34907	0.5	1074	375	887	2307	2.15
1980-1989	103	0.45231	0.36889	0.5	699	258	570	1420	2.03
1980-1989	104	0.48209	0.38845	0.5	441	171	356	850	1.92
1980-1989	105	0.51199	0.40764	0.5	270	110	215	494	1.83
1980-1989	106	0.54180	0.42631	0.5	160	68	126	279	1.75
1980-1989	107	0.57132	0.44438	0.5	92	41	71	153	1.67
1980-1989	108	0.60034	0.46174	0.5	51	24	39	82	1.61
1980-1989	109	0.62868	0.47832	0.5	27	13	21	43	1.56
1980-1989	110+	0.65615	1.00000	1.52	14	14	22	22	1.52
1990-1999	0	0.00682	0.00677	0.07	100000	677	99371	8011299	80.11
1990-1999	1	0.00053	0.00053	0.5	99323	53	99296	7911928	79.66
1990-1999	2	0.00034	0.00034	0.5	99270	34	99252	7812632	78.70
1990-1999	3	0.00026	0.00026	0.5	99235	26	99223	7713379	77.73
1990-1999	4	0.00021	0.00021	0.5	99210	21	99200	7614157	76.75
1990-1999	5	0.00020	0.00020	0.5	99189	20	99179	7514957	75.76
1990-1999	6	0.00016	0.00016	0.5	99170	16	99162	7415778	74.78
1990-1999	7	0.00017	0.00017	0.5	99154	17	99145	7316616	73.79
1990-1999	8	0.00013	0.00013	0.5	99137	13	99130	7217471	72.80
1990-1999	9	0.00014	0.00014	0.5	99124	14	99117	7118340	71.81
1990-1999	10	0.00014	0.00014	0.5	99110	14	99103	7019223	70.82
1990-1999	11	0.00016	0.00016	0.5	99095	16	99087	6920121	69.83
1990-1999	12	0.00018	0.00018	0.5	99079	18	99070	6821034	68.84
1990-1999	13	0.00017	0.00017	0.5	99061	17	99052	6721963	67.86
1990-1999	14	0.00027	0.00027	0.5	99044	27	99030	6622911	66.87
1990-1999	15	0.00034	0.00034	0.5	99017	33	99000	6523881	65.89
1990-1999	16	0.00051	0.00051	0.5	98983	51	98958	6424881	64.91
1990-1999	17	0.00050	0.00050	0.5	98933	49	98908	6325923	63.94
1990-1999	18	0.00051	0.00051	0.5	98883	51	98858	6227015	62.97
1990-1999	19	0.00048	0.00048	0.5	98832	47	98809	6128157	62.01
1990-1999	20	0.00047	0.00047	0.5	98785	47	98762	6029348	61.04
1990-1999	21	0.00047	0.00047	0.5	98738	46	98715	5930586	60.06
1990-1999	22	0.00043	0.00043	0.5	98692	43	98671	5831871	59.09
1990-1999	23	0.00042	0.00042	0.5	98649	41	98629	5733200	58.12
1990-1999	24	0.00046	0.00046	0.5	98608	46	98585	5634572	57.14
1990-1999	25	0.00046	0.00046	0.5	98563	46	98540	5535986	56.17
1990-1999	26	0.00049	0.00049	0.5	98517	48	98493	5437447	55.19
1990-1999	27	0.00051	0.00051	0.5	98469	50	98444	5338954	54.22
1990-1999	28	0.00053	0.00053	0.5	98419	52	98393	5240510	53.25
1990-1999	29	0.00056	0.00056	0.5	98367	55	98339	5142117	52.28
1990-1999	30	0.00058	0.00058	0.5	98312	57	98283	5043778	51.30
1990-1999	31	0.00063	0.00063	0.5	98254	62	98223	4945495	50.33
1990-1999	32	0.00066	0.00066	0.5	98192	64	98160	4847272	49.37
1990-1999	33	0.00070	0.00070	0.5	98128	68	98094	4749112	48.40
1990-1999	34	0.00076	0.00076	0.5	98060	75	98022	4651018	47.43
1990-1999	35	0.00079	0.00079	0.5	97985	78	97946	4552996	46.47
1990-1999	36	0.00091	0.00091	0.5	97907	89	97863	4455050	45.50
1990-1999	37	0.00095	0.00095	0.5	97818	93	97772	4357187	44.54
1990-1999	38	0.00102	0.00102	0.5	97725	100	97675	4259416	43.59
1990-1999	39	0.00105	0.00105	0.5	97626	103	97574	4161740	42.63
1990-1999	40	0.00115	0.00115	0.5	97523	112	97467	4064166	41.67
1990-1999	41	0.00128	0.00128	0.5	97411	125	97349	3966699	40.72
1990-1999	42	0.00141	0.00141	0.5	97286	137	97217	3869350	39.77
1990-1999	43	0.00152	0.00151	0.5	97149	147	97075	3772133	38.83
1990-1999	44	0.00166	0.00166	0.5	97002	161	96921	3675058	37.89
1990-1999	45	0.00180	0.00180	0.5	96841	174	96754	3578137	36.95
1990-1999	46	0.00193	0.00193	0.5	96667	187	96573	3481383	36.01
1990-1999	47	0.00222	0.00222	0.5	96480	214	96373	3384810	35.08
1990-1999	48	0.00252	0.00252	0.5	96266	242	96145	3288437	34.16
1990-1999	49	0.00255	0.00254	0.5	96024	244	95901	3192292	33.24
1990-1999	50	0.00294	0.00293	0.5	95779	281	95639	3096391	32.33
1990-1999	51	0.00330	0.00329	0.5	95498	315	95341	3000752	31.42
1990-1999	52	0.00365	0.00364	0.5	95184	347	95010	2905411	30.52
1990-1999	53	0.00406	0.00405	0.5	94837	384	94645	2810401	29.63
1990-1999	54	0.00428	0.00427	0.5	94453	403	94251	2715756	28.75
1990-1999	55	0.00484	0.00483	0.5	94050	454	93822	2621505	27.87
1990-1999	56	0.00539	0.00538	0.5	93595	504	93343	2527683	27.01
1990-1999	57	0.00596	0.00594	0.5	93092	553	92815	2434339	26.15
1990-1999	58	0.00652	0.00650	0.5	92538	601	92238	2341524	25.30
1990-1999	59	0.00692	0.00690	0.5	91937	634	91620	2249287	24.47
1990-1999	60	0.00772	0.00769	0.5	91303	702	90952	2157667	23.63
1990-1999	61	0.00862	0.00858	0.5	90600	777	90212	2066715	22.81
1990-1999	62	0.00952	0.00948	0.5	89823	851	89397	1976504	22.00
1990-1999	63	0.01044	0.01039	0.5	88972	924	88510	1887106	21.21
1990-1999	64	0.01105	0.01099	0.5	88048	968	87564	1798597	20.43
1990-1999	65	0.01201	0.01194	0.5	87080	1040	86560	1711033	19.65
1990-1999	66	0.01319	0.01311	0.5	86040	1128	85476	1624473	18.88
1990-1999	67	0.01427	0.01416	0.5	84913	1203	84311	1538996	18.12
1990-1999	68	0.01572	0.01559	0.5	83710	1305	83057	1454685	17.38
1990-1999	69	0.01723	0.01708	0.5	82404	1407	81701	1371628	16.65
1990-1999	70	0.01830	0.01813	0.5	80997	1469	80263	1289927	15.93
1990-1999	71	0.02044	0.02023	0.5	79528	1609	78724	1209665	15.21
1990-1999	72	0.02245	0.02220	0.5	77919	1730	77054	1130941	14.51
1990-1999	73	0.02439	0.02410	0.5	76189	1836	75271	1053886	13.83
1990-1999	74	0.02651	0.02617	0.5	74353	1945	73381	978615	13.16
1990-1999	75	0.02817	0.02778	0.5	72408	2012	71402	905235	12.50
1990-1999	76	0.03138	0.03090	0.5	70396	2175	69309	833833	11.84
1990-1999	77	0.03457	0.03399	0.5	68221	2319	67062	764524	11.21
1990-1999	78	0.03771	0.03701	0.5	65903	2439	64683	697462	10.58
1990-1999	79	0.04270	0.04180	0.5	63463	2653	62137	632779	9.97
1990-1999	80	0.04783	0.04672	0.5	60810	2841	59390	570642	9.38
1990-1999	81	0.05311	0.05174	0.5	57970	2999	56470	511252	8.82
1990-1999	82	0.06027	0.05850	0.5	54970	3216	53362	454782	8.27
1990-1999	83	0.06649	0.06435	0.5	51754	3330	50089	401420	7.76
1990-1999	84	0.07428	0.07162	0.5	48424	3468	46690	351331	7.26
1990-1999	85	0.08307	0.07976	0.5	44956	3586	43163	304641	6.78
1990-1999	86	0.09362	0.08944	0.5	41370	3700	39520	261478	6.32
1990-1999	87	0.10501	0.09977	0.5	37670	3759	35791	221958	5.89
1990-1999	88	0.11628	0.10989	0.5	33912	3727	32048	186167	5.49
1990-1999	89	0.12917	0.12133	0.5	30185	3662	28354	154118	5.11
1990-1999	90	0.14467	0.13491	0.5	26523	3578	24733	125765	4.74
1990-1999	91	0.16228	0.15010	0.5	22944	3444	21222	101031	4.40
1990-1999	92	0.17933	0.16457	0.5	19500	3209	17896	79809	4.09
1990-1999	93	0.20106	0.18270	0.5	16291	2976	14803	61913	3.80
1990-1999	94	0.22486	0.20214	0.5	13315	2691	11969	47110	3.54
1990-1999	95	0.24272	0.21645	0.5	10623	2299	9474	35141	3.31
1990-1999	96	0.26645	0.23512	0.5	8324	1957	7345	25667	3.08
1990-1999	97	0.29160	0.25450	0.5	6367	1620	5557	18322	2.88
1990-1999	98	0.31811	0.27445	0.5	4746	1303	4095	12765	2.69
1990-1999	99	0.34584	0.29485	0.5	3444	1015	2936	8670	2.52
1990-1999	100	0.37466	0.31555	0.5	2428	766	2045	5734	2.36
1990-1999	101	0.40440	0.33639	0.5	1662	559	1383	3689	2.22
1990-1999	102	0.43486	0.35720	0.5	1103	394	906	2306	2.09
1990-1999	103	0.46582	0.37782	0.5	709	268	575	1400	1.97
1990-1999	104	0.49705	0.39811	0.5	441	176	353	825	1.87
1990-1999	105	0.52829	0.41791	0.5	266	111	210	472	1.78
1990-1999	106	0.55932	0.43709	0.5	155	68	121	262	1.69
1990-1999	107	0.58989	0.45554	0.5	87	40	67	141	1.62
1990-1999	108	0.61979	0.47316	0.5	47	22	36	74	1.56
1990-1999	109	0.64880	0.48988	0.5	25	12	19	38	1.51
1990-1999	110+	0.67675	1.00000	1.48	13	13	19	19	1.48
2000-2009	0	0.00578	0.00575	0.07	100000	575	99465	8075527	80.76
2000-2009	1	0.00045	0.00045	0.5	99425	45	99403	7976062	80.22
2000-2009	2	0.00028	0.00028	0.5	99380	27	99367	7876659	79.26
2000-2009	3	0.00021	0.00021	0.5	99353	20	99343	7777292	78.28
2000-2009	4	0.00015	0.00015	0.5	99332	15	99325	7677950	77.30
2000-2009	5	0.00016	0.00016	0.5	99317	16	99309	7578625	76.31
2000-2009	6	0.00013	0.00013	0.5	99301	13	99295	7479316	75.32
2000-2009	7	0.00014	0.00014	0.5	99288	14	99281	7380021	74.33
2000-2009	8	0.00012	0.00012	0.5	99274	12	99268	7280740	73.34
2000-2009	9	0.00012	0.00012	0.5	99262	12	99256	7181472	72.35
2000-2009	10	0.00014	0.00014	0.5	99250	13	99243	7082216	71.36
2000-2009	11	0.00012	0.00012	0.5	99236	12	99231	6982973	70.37
2000-2009	12	0.00012	0.00012	0.5	99225	12	99219	6883743	69.38
2000-2009	13	0.00017	0.00017	0.5	99213	17	99204	6784524	68.38
2000-2009	14	0.00022	0.00022	0.5	99196	22	99185	6685320	67.40
2000-2009	15	0.00030	0.00030	0.5	99174	30	99159	6586134	66.41
2000-2009	16	0.00044	0.00044	0.5	99144	43	99123	6486975	65.43
2000-2009	17	0.00043	0.00043	0.5	99101	42	99080	6387852	64.46
2000-2009	18	0.00045	0.00045	0.5	99059	45	99036	6288772	63.49
2000-2009	19	0.00041	0.00041	0.5	99014	40	98994	6189736	62.51
2000-2009	20	0.00040	0.00040	0.5	98974	40	98954	6090742	61.54
2000-2009	21	0.00043	0.00043	0.5	98934	43	98913	5991788	60.56
2000-2009	22	0.00043	0.00043	0.5	98891	42	98870	5892876	59.59
2000-2009	23	0.00044	0.00044	0.5	98849	44	98827	5794006	58.61
2000-2009	24	0.00048	0.00048	0.5	98805	47	98781	5695179	57.64
2000-2009	25	0.00048	0.00048	0.5	98758	48	98734	5596397	56.67
2000-2009	26	0.00046	0.00046	0.5	98710	46	98687	5497664	55.70
2000-2009	27	0.00050	0.00050	0.5	98665	49	98640	5398976	54.72
2000-2009	28	0.00054	0.00054	0.5	98615	53	98589	5300336	53.75
2000-2009	29	0.00055	0.00055	0.5	98562	54	98535	5201747	52.78
2000-2009	30	0.00060	0.00060	0.5	98508	59	98479	5103212	51.80
2000-2009	31	0.00058	0.00058	0.5	98449	57	98421	5004733	50.84
2000-2009	32	0.00067	0.00067	0.5	98392	66	98359	4906313	49.87
2000-2009	33	0.00074	0.00074	0.5	98326	73	98290	4807954	48.90
2000-2009	34	0.00078	0.00078	0.5	98253	76	98215	4709664	47.93
2000-2009	35	0.00086	0.00086	0.5	98177	84	98135	4611449	46.97
2000-2009	36	0.00086	0.00086	0.5	98093	85	98051	4513314	46.01
2000-2009	37	0.00097	0.00097	0.5	98008	95	97961	4415264	45.05
2000-2009	38	0.00107	0.00107	0.5	97913	105	97860	4317303	44.09
2000-2009	39	0.00117	0.00117	0.5	97808	115	97751	4219443	43.14
2000-2009	40	0.00129	0.00129	0.5	97693	126	97630	4121692	42.19
2000-2009	41	0.00143	0.00143	0.5	97567	139	97498	4024062	41.24
2000-2009	42	0.00153	0.00153	0.5	97428	149	97354	3926564	40.30
2000-2009	43	0.00169	0.00169	0.5	97279	165	97197	3829211	39.36
2000-2009	44	0.00183	0.00183	0.5	97115	177	97026	3732014	38.43
2000-2009	45	0.00198	0.00198	0.5	96937	192	96841	3634988	37.50
2000-2009	46	0.00214	0.00214	0.5	96745	207	96642	3538147	36.57
2000-2009	47	0.00241	0.00240	0.5	96538	232	96422	3441505	35.65
2000-2009	48	0.00253	0.00253	0.5	96306	244	96184	3345083	34.73
2000-2009	49	0.00262	0.00261	0.5	96063	251	95937	3248898	33.82
2000-2009	50	0.00283	0.00283	0.5	95812	271	95676	3152961	32.91
2000-2009	51	0.00307	0.00306	0.5	95540	293	95394	3057285	32.00
2000-2009	52	0.00340	0.00339	0.5	95248	323	95086	2961891	31.10
2000-2009	53	0.00359	0.00358	0.5	94925	340	94755	2866805	30.20
2000-2009	54	0.00389	0.00388	0.5	94585	367	94401	2772050	29.31
2000-2009	55	0.00434	0.00433	0.5	94217	408	94013	2677649	28.42
2000-2009	56	0.00461	0.00460	0.5	93809	431	93594	2583635	27.54
2000-2009	57	0.00511	0.00510	0.5	93378	476	93140	2490041	26.67
2000-2009	58	0.00559	0.00558	0.5	92902	518	92643	2396901	25.80
2000-2009	59	0.00625	0.00623	0.5	92384	575	92096	2304258	24.94
2000-2009	60	0.00694	0.00692	0.5	91809	635	91491	2212162	24.10
2000-2009	61	0.00741	0.00738	0.5	91173	673	90837	2120671	23.26
2000-2009	62	0.00838	0.00834	0.5	90501	755	90123	2029834	22.43
2000-2009	63	0.00923	0.00918	0.5	89746	824	89333	1939711	21.61
2000-2009	64	0.01015	0.01010	0.5	88921	898	88472	1850377	20.81
2000-2009	65	0.01081	0.01075	0.5	88024	947	87550	1761905	20.02
2000-2009	66	0.01202	0.01194	0.5	87077	1040	86557	1674354	19.23
2000-2009	67	0.01311	0.01302	0.5	86037	1120	85477	1587797	18.45
2000-2009	68	0.01434	0.01424	0.5	84917	1209	84312	1502321	17.69
2000-2009	69	0.01551	0.01539	0.5	83708	1289	83063	1418009	16.94
2000-2009	70	0.01723	0.01708	0.5	82419	1408	81715	1334945	16.20
2000-2009	71	0.01887	0.01869	0.5	81011	1514	80254	1253230	15.47
2000-2009	72	0.02103	0.02081	0.5	79497	1655	78669	1172976	14.76
2000-2009	73	0.02240	0.02216	0.5	77842	1725	76980	1094307	14.06
2000-2009	74	0.02487	0.02456	0.5	76117	1869	75183	1017327	13.37
2000-2009	75	0.02753	0.02715	0.5	74248	2016	73240	942144	12.69
2000-2009	76	0.02999	0.02955	0.5	72232	2134	71165	868905	12.03
2000-2009	77	0.03266	0.03213	0.5	70097	2253	68971	797740	11.38
2000-2009	78	0.03622	0.03557	0.5	67845	2414	66638	728769	10.74
2000-2009	79	0.04059	0.03978	0.5	65431	2603	64130	662131	10.12
2000-2009	80	0.04494	0.04395	0.5	62828	2761	61447	598001	9.52
2000-2009	81	0.04969	0.04848	0.5	60067	2912	58611	536554	8.93
2000-2009	82	0.05598	0.05445	0.5	57155	3112	55599	477943	8.36
2000-2009	83	0.06290	0.06098	0.5	54042	3295	52395	422345	7.82
2000-2009	84	0.07074	0.06833	0.5	50747	3467	49013	369950	7.29
2000-2009	85	0.07991	0.07684	0.5	47280	3633	45463	320936	6.79
2000-2009	86	0.09025	0.08635	0.5	43647	3769	41762	275473	6.31
2000-2009	87	0.10171	0.09679	0.5	39878	3860	37948	233711	5.86
2000-2009	88	0.11426	0.10809	0.5	36018	3893	34072	195763	5.44
2000-2009	89	0.12879	0.12100	0.5	32125	3887	30182	161691	5.03
2000-2009	90	0.14471	0.13494	0.5	28238	3811	26333	131510	4.66
2000-2009	91	0.16412	0.15168	0.5	24427	3705	22575	105177	4.31
2000-2009	92	0.18405	0.16854	0.5	20722	3493	18976	82602	3.99
2000-2009	93	0.20603	0.18679	0.5	17230	3218	15621	63626	3.69
2000-2009	94	0.23103	0.20710	0.5	14011	2902	12561	48006	3.43
2000-2009	95	0.25127	0.22323	0.5	11110	2480	9870	35445	3.19
2000-2009	96	0.27730	0.24353	0.5	8630	2102	7579	25575	2.96
2000-2009	97	0.30492	0.26458	0.5	6528	1727	5664	17997	2.76
2000-2009	98	0.33402	0.28622	0.5	4801	1374	4114	12332	2.57
2000-2009	99	0.36444	0.30827	0.5	3427	1056	2899	8218	2.40
2000-2009	100	0.39598	0.33054	0.5	2370	784	1979	5320	2.24
2000-2009	101	0.42842	0.35284	0.5	1587	560	1307	3341	2.11
2000-2009	102	0.46148	0.37496	0.5	1027	385	834	2034	1.98
2000-2009	103	0.49488	0.39672	0.5	642	255	515	1200	1.87
2000-2009	104	0.52833	0.41793	0.5	387	162	306	685	1.77
2000-2009	105	0.56153	0.43843	0.5	225	99	176	379	1.68
2000-2009	106	0.59418	0.45809	0.5	127	58	98	203	1.60
2000-2009	107	0.62603	0.47679	0.5	69	33	52	105	1.53
2000-2009	108	0.65681	0.49444	0.5	36	18	27	53	1.48
2000-2009	109	0.68634	0.51098	0.5	18	9	14	26	1.43
2000-2009	110+	0.71442	1.00000	1.4	9	9	12	12	1.40
2010-2017	0	0.00509	0.00506	0.07	100000	506	99528	8146420	81.46
2010-2017	1	0.00040	0.00040	0.5	99494	40	99474	8046893	80.88
2010-2017	2	0.00024	0.00024	0.5	99454	23	99442	7947419	79.91
2010-2017	3	0.00014	0.00014	0.5	99430	14	99423	7847977	78.93
2010-2017	4	0.00014	0.00014	0.5	99416	14	99409	7748554	77.94
2010-2017	5	0.00014	0.00014	0.5	99403	14	99396	7649144	76.95
2010-2017	6	0.00011	0.00011	0.5	99389	11	99384	7549748	75.96
2010-2017	7	0.00011	0.00011	0.5	99379	11	99373	7450364	74.97
2010-2017	8	0.00012	0.00012	0.5	99368	12	99362	7350991	73.98
2010-2017	9	0.00011	0.00011	0.5	99356	11	99351	7251629	72.99
2010-2017	10	0.00010	0.00010	0.5	99345	10	99340	7152279	71.99
2010-2017	11	0.00012	0.00012	0.5	99335	12	99329	7052938	71.00
2010-2017	12	0.00012	0.00012	0.5	99323	12	99318	6953609	70.01
2010-2017	13	0.00015	0.00015	0.5	99312	15	99304	6854292	69.02
2010-2017	14	0.00018	0.00018	0.5	99297	18	99288	6754987	68.03
2010-2017	15	0.00023	0.00023	0.5	99279	23	99268	6655699	67.04
2010-2017	16	0.00031	0.00031	0.5	99257	31	99242	6556431	66.06
2010-2017	17	0.00029	0.00029	0.5	99226	29	99212	6457189	65.08
2010-2017	18	0.00036	0.00036	0.5	99197	36	99179	6357978	64.09
2010-2017	19	0.00039	0.00039	0.5	99162	39	99142	6258798	63.12
2010-2017	20	0.00038	0.00038	0.5	99123	38	99104	6159656	62.14
2010-2017	21	0.00039	0.00039	0.5	99085	38	99065	6060552	61.17
2010-2017	22	0.00045	0.00045	0.5	99046	44	99024	5961487	60.19
2010-2017	23	0.00047	0.00047	0.5	99002	47	98979	5862463	59.22
2010-2017	24	0.00053	0.00053	0.5	98956	53	98929	5763484	58.24
2010-2017	25	0.00051	0.00051	0.5	98903	50	98878	5664555	57.27
2010-2017	26	0.00055	0.00055	0.5	98853	54	98826	5565677	56.30
2010-2017	27	0.00055	0.00055	0.5	98798	55	98771	5466852	55.33
2010-2017	28	0.00059	0.00059	0.5	98744	58	98715	5368080	54.36
2010-2017	29	0.00064	0.00064	0.5	98686	63	98655	5269366	53.40
2010-2017	30	0.00068	0.00068	0.5	98623	67	98590	5170711	52.43
2010-2017	31	0.00069	0.00069	0.5	98556	68	98522	5072122	51.46
2010-2017	32	0.00078	0.00078	0.5	98488	77	98450	4973600	50.50
2010-2017	33	0.00078	0.00078	0.5	98411	77	98373	4875150	49.54
2010-2017	34	0.00086	0.00086	0.5	98334	85	98292	4776777	48.58
2010-2017	35	0.00091	0.00091	0.5	98250	90	98205	4678485	47.62
2010-2017	36	0.00104	0.00104	0.5	98160	102	98109	4580280	46.66
2010-2017	37	0.00110	0.00110	0.5	98058	108	98004	4482171	45.71
2010-2017	38	0.00108	0.00108	0.5	97950	106	97897	4384167	44.76
2010-2017	39	0.00118	0.00118	0.5	97844	115	97786	4286271	43.81
2010-2017	40	0.00129	0.00129	0.5	97728	126	97665	4188485	42.86
2010-2017	41	0.00137	0.00137	0.5	97603	134	97536	4090819	41.91
2010-2017	42	0.00155	0.00155	0.5	97469	151	97393	3993284	40.97
2010-2017	43	0.00164	0.00164	0.5	97318	160	97238	3895891	40.03
2010-2017	44	0.00179	0.00179	0.5	97158	174	97071	3798653	39.10
2010-2017	45	0.00193	0.00193	0.5	96984	187	96890	3701582	38.17
2010-2017	46	0.00211	0.00210	0.5	96797	204	96695	3604691	37.24
2010-2017	47	0.00233	0.00233	0.5	96593	225	96481	3507996	36.32
2010-2017	48	0.00253	0.00253	0.5	96368	244	96246	3411516	35.40
2010-2017	49	0.00294	0.00294	0.5	96125	282	95984	3315269	34.49
2010-2017	50	0.00309	0.00309	0.5	95842	296	95694	3219286	33.59
2010-2017	51	0.00322	0.00322	0.5	95546	307	95393	3123591	32.69
2010-2017	52	0.00365	0.00365	0.5	95239	347	95065	3028199	31.80
2010-2017	53	0.00384	0.00383	0.5	94892	364	94710	2933133	30.91
2010-2017	54	0.00412	0.00411	0.5	94528	388	94334	2838423	30.03
2010-2017	55	0.00444	0.00443	0.5	94140	417	93931	2744090	29.15
2010-2017	56	0.00476	0.00474	0.5	93723	445	93501	2650158	28.28
2010-2017	57	0.00510	0.00509	0.5	93278	475	93041	2556658	27.41
2010-2017	58	0.00544	0.00543	0.5	92803	504	92552	2463617	26.55
2010-2017	59	0.00599	0.00597	0.5	92300	551	92024	2371065	25.69
2010-2017	60	0.00646	0.00644	0.5	91748	591	91453	2279041	24.84
2010-2017	61	0.00692	0.00690	0.5	91157	629	90843	2187588	24.00
2010-2017	62	0.00745	0.00742	0.5	90529	672	90193	2096745	23.16
2010-2017	63	0.00824	0.00821	0.5	89857	738	89488	2006553	22.33
2010-2017	64	0.00888	0.00884	0.5	89119	787	88725	1917065	21.51
2010-2017	65	0.00965	0.00960	0.5	88332	848	87907	1828340	20.70
2010-2017	66	0.01081	0.01075	0.5	87483	941	87013	1740432	19.89
2010-2017	67	0.01184	0.01177	0.5	86543	1018	86033	1653419	19.11
2010-2017	68	0.01306	0.01298	0.5	85524	1110	84969	1567386	18.33
2010-2017	69	0.01420	0.01410	0.5	84414	1191	83819	1482416	17.56
2010-2017	70	0.01568	0.01555	0.5	83224	1294	82577	1398597	16.81
2010-2017	71	0.01710	0.01695	0.5	81929	1389	81235	1316021	16.06
2010-2017	72	0.01919	0.01900	0.5	80540	1531	79775	1234786	15.33
2010-2017	73	0.02075	0.02053	0.5	79010	1622	78198	1155011	14.62
2010-2017	74	0.02286	0.02260	0.5	77387	1749	76513	1076813	13.91
2010-2017	75	0.02514	0.02482	0.5	75638	1878	74699	1000300	13.22
2010-2017	76	0.02840	0.02801	0.5	73761	2066	72728	925600	12.55
2010-2017	77	0.03040	0.02995	0.5	71695	2147	70621	852873	11.90
2010-2017	78	0.03439	0.03381	0.5	69548	2351	68372	782251	11.25
2010-2017	79	0.03757	0.03688	0.5	67197	2478	65958	713879	10.62
2010-2017	80	0.04088	0.04006	0.5	64719	2593	63422	647921	10.01
2010-2017	81	0.04551	0.04450	0.5	62126	2765	60743	584499	9.41
2010-2017	82	0.05110	0.04982	0.5	59361	2957	57882	523756	8.82
2010-2017	83	0.05649	0.05493	0.5	56404	3098	54854	465874	8.26
2010-2017	84	0.06402	0.06204	0.5	53305	3307	51652	411019	7.71
2010-2017	85	0.07145	0.06898	0.5	49998	3449	48274	359368	7.19
2010-2017	86	0.08015	0.07706	0.5	46549	3587	44755	311094	6.68
2010-2017	87	0.09185	0.08782	0.5	42962	3773	41075	266338	6.20
2010-2017	88	0.10326	0.09819	0.5	39189	3848	37265	225263	5.75
2010-2017	89	0.11632	0.10993	0.5	35341	3885	33399	187998	5.32
2010-2017	90	0.13418	0.12574	0.5	31456	3955	29478	154599	4.91
2010-2017	91	0.14941	0.13902	0.5	27501	3823	25589	125121	4.55
2010-2017	92	0.17051	0.15712	0.5	23678	3720	21818	99532	4.20
2010-2017	93	0.18954	0.17314	0.5	19957	3455	18230	77714	3.89
2010-2017	94	0.21374	0.19310	0.5	16502	3187	14909	59484	3.60
2010-2017	95	0.23467	0.21002	0.5	13316	2797	11917	44575	3.35
2010-2017	96	0.25993	0.23003	0.5	10519	2420	9309	32658	3.10
2010-2017	97	0.28689	0.25090	0.5	8099	2032	7083	23349	2.88
2010-2017	98	0.31546	0.27248	0.5	6067	1653	5241	16266	2.68
2010-2017	99	0.34550	0.29460	0.5	4414	1300	3764	11025	2.50
2010-2017	100	0.37682	0.31708	0.5	3114	987	2620	7262	2.33
2010-2017	101	0.40920	0.33970	0.5	2126	722	1765	4642	2.18
2010-2017	102	0.44239	0.36226	0.5	1404	509	1150	2877	2.05
2010-2017	103	0.47611	0.38456	0.5	895	344	723	1727	1.93
2010-2017	104	0.51004	0.40640	0.5	551	224	439	1004	1.82
2010-2017	105	0.54388	0.42760	0.5	327	140	257	565	1.73
2010-2017	106	0.57732	0.44800	0.5	187	84	145	307	1.64
2010-2017	107	0.61007	0.46747	0.5	103	48	79	162	1.57
2010-2017	108	0.64185	0.48591	0.5	55	27	42	83	1.51
2010-2017	109	0.67243	0.50324	0.5	28	14	21	41	1.46
2010-2017	110+	0.70162	1.00000	1.43	14	14	20	20	1.43
