NV: Nevada, Lifetables (period 1x10), Males Last modified: 3 Dec 2019, MPv5 (May07) 

Year     	Age	mx	qx	ax	lx	dx	Lx	Tx	ex
1960-1969	0	0.03101	0.03019	0.13	100000	3019	97368	6495453	64.95
1960-1969	1	0.00193	0.00193	0.5	96981	187	96887	6398085	65.97
1960-1969	2	0.00133	0.00133	0.5	96794	128	96730	6301197	65.10
1960-1969	3	0.00096	0.00096	0.5	96666	92	96619	6204467	64.18
1960-1969	4	0.00094	0.00094	0.5	96573	91	96528	6107848	63.25
1960-1969	5	0.00062	0.00062	0.5	96483	59	96453	6011320	62.30
1960-1969	6	0.00074	0.00074	0.5	96423	72	96387	5914867	61.34
1960-1969	7	0.00054	0.00054	0.5	96351	52	96326	5818480	60.39
1960-1969	8	0.00072	0.00072	0.5	96300	69	96265	5722154	59.42
1960-1969	9	0.00031	0.00031	0.5	96230	29	96216	5625889	58.46
1960-1969	10	0.00073	0.00073	0.5	96201	71	96166	5529674	57.48
1960-1969	11	0.00065	0.00065	0.5	96130	62	96099	5433508	56.52
1960-1969	12	0.00042	0.00042	0.5	96068	40	96048	5337409	55.56
1960-1969	13	0.00094	0.00094	0.5	96028	91	95983	5241361	54.58
1960-1969	14	0.00143	0.00143	0.5	95938	137	95869	5145378	53.63
1960-1969	15	0.00105	0.00105	0.5	95801	101	95750	5049509	52.71
1960-1969	16	0.00154	0.00154	0.5	95700	147	95626	4953759	51.76
1960-1969	17	0.00202	0.00202	0.5	95552	193	95456	4858133	50.84
1960-1969	18	0.00237	0.00237	0.5	95360	226	95247	4762677	49.94
1960-1969	19	0.00261	0.00261	0.5	95134	248	95010	4667430	49.06
1960-1969	20	0.00271	0.00271	0.5	94885	257	94757	4572421	48.19
1960-1969	21	0.00268	0.00267	0.5	94628	253	94502	4477664	47.32
1960-1969	22	0.00273	0.00272	0.5	94375	257	94247	4383162	46.44
1960-1969	23	0.00300	0.00299	0.5	94118	282	93977	4288915	45.57
1960-1969	24	0.00235	0.00235	0.5	93837	220	93726	4194937	44.70
1960-1969	25	0.00267	0.00266	0.5	93616	249	93492	4101211	43.81
1960-1969	26	0.00224	0.00224	0.5	93367	209	93262	4007719	42.92
1960-1969	27	0.00222	0.00222	0.5	93158	207	93055	3914457	42.02
1960-1969	28	0.00239	0.00239	0.5	92951	222	92840	3821402	41.11
1960-1969	29	0.00233	0.00233	0.5	92729	216	92621	3728562	40.21
1960-1969	30	0.00219	0.00219	0.5	92513	202	92412	3635941	39.30
1960-1969	31	0.00319	0.00318	0.5	92311	294	92164	3543529	38.39
1960-1969	32	0.00236	0.00236	0.5	92017	217	91908	3451365	37.51
1960-1969	33	0.00302	0.00301	0.5	91800	276	91662	3359457	36.60
1960-1969	34	0.00263	0.00263	0.5	91524	241	91403	3267795	35.70
1960-1969	35	0.00323	0.00322	0.5	91283	294	91136	3176392	34.80
1960-1969	36	0.00355	0.00355	0.5	90989	323	90827	3085256	33.91
1960-1969	37	0.00339	0.00338	0.5	90666	307	90513	2994428	33.03
1960-1969	38	0.00398	0.00397	0.5	90359	359	90180	2903916	32.14
1960-1969	39	0.00414	0.00413	0.5	90001	372	89815	2813736	31.26
1960-1969	40	0.00519	0.00518	0.5	89629	464	89397	2723921	30.39
1960-1969	41	0.00555	0.00554	0.5	89165	494	88918	2634525	29.55
1960-1969	42	0.00605	0.00603	0.5	88671	535	88404	2545607	28.71
1960-1969	43	0.00647	0.00645	0.5	88136	568	87852	2457203	27.88
1960-1969	44	0.00729	0.00726	0.5	87568	636	87250	2369351	27.06
1960-1969	45	0.00745	0.00742	0.5	86932	645	86610	2282101	26.25
1960-1969	46	0.00727	0.00724	0.5	86287	625	85975	2195491	25.44
1960-1969	47	0.00932	0.00928	0.5	85663	795	85265	2109516	24.63
1960-1969	48	0.01011	0.01006	0.5	84868	854	84441	2024251	23.85
1960-1969	49	0.01015	0.01010	0.5	84014	849	83589	1939810	23.09
1960-1969	50	0.01196	0.01189	0.5	83165	989	82670	1856221	22.32
1960-1969	51	0.01217	0.01210	0.5	82176	994	81679	1773550	21.58
1960-1969	52	0.01343	0.01334	0.5	81181	1083	80640	1691872	20.84
1960-1969	53	0.01491	0.01480	0.5	80099	1185	79506	1611232	20.12
1960-1969	54	0.01464	0.01453	0.5	78913	1147	78340	1531726	19.41
1960-1969	55	0.01914	0.01896	0.5	77767	1474	77029	1453386	18.69
1960-1969	56	0.01921	0.01903	0.5	76292	1451	75566	1376356	18.04
1960-1969	57	0.02109	0.02087	0.5	74841	1562	74060	1300790	17.38
1960-1969	58	0.02054	0.02033	0.5	73278	1489	72534	1226730	16.74
1960-1969	59	0.02408	0.02380	0.5	71789	1708	70935	1154196	16.08
1960-1969	60	0.02897	0.02856	0.5	70081	2001	69080	1083262	15.46
1960-1969	61	0.02824	0.02785	0.5	68079	1896	67131	1014182	14.90
1960-1969	62	0.02964	0.02921	0.5	66184	1933	65217	947050	14.31
1960-1969	63	0.03252	0.03200	0.5	64251	2056	63223	881833	13.72
1960-1969	64	0.04077	0.03995	0.5	62194	2485	60952	818611	13.16
1960-1969	65	0.03669	0.03603	0.5	59710	2151	58634	757659	12.69
1960-1969	66	0.04230	0.04143	0.5	57559	2384	56366	699024	12.14
1960-1969	67	0.04644	0.04538	0.5	55174	2504	53922	642658	11.65
1960-1969	68	0.04621	0.04517	0.5	52670	2379	51481	588736	11.18
1960-1969	69	0.04725	0.04616	0.5	50291	2321	49130	537255	10.68
1960-1969	70	0.05541	0.05391	0.5	47970	2586	46677	488125	10.18
1960-1969	71	0.05649	0.05494	0.5	45384	2493	44137	441448	9.73
1960-1969	72	0.06174	0.05990	0.5	42890	2569	41606	397311	9.26
1960-1969	73	0.06872	0.06644	0.5	40321	2679	38982	355705	8.82
1960-1969	74	0.08050	0.07739	0.5	37642	2913	36186	316723	8.41
1960-1969	75	0.08731	0.08366	0.5	34729	2906	33277	280537	8.08
1960-1969	76	0.08608	0.08252	0.5	31824	2626	30511	247261	7.77
1960-1969	77	0.09395	0.08973	0.5	29198	2620	27888	216750	7.42
1960-1969	78	0.10088	0.09603	0.5	26578	2552	25302	188862	7.11
1960-1969	79	0.11457	0.10836	0.5	24025	2603	22724	163561	6.81
1960-1969	80	0.09860	0.09396	0.5	21422	2013	20416	140837	6.57
1960-1969	81	0.10755	0.10206	0.5	19409	1981	18419	120422	6.20
1960-1969	82	0.11721	0.11072	0.5	17428	1930	16463	102003	5.85
1960-1969	83	0.12761	0.11996	0.5	15499	1859	14569	85540	5.52
1960-1969	84	0.13879	0.12979	0.5	13639	1770	12754	70971	5.20
1960-1969	85	0.15078	0.14021	0.5	11869	1664	11037	58217	4.90
1960-1969	86	0.16362	0.15124	0.5	10205	1543	9433	47179	4.62
1960-1969	87	0.17731	0.16287	0.5	8662	1411	7956	37746	4.36
1960-1969	88	0.19189	0.17509	0.5	7251	1270	6616	29790	4.11
1960-1969	89	0.20736	0.18788	0.5	5981	1124	5419	23174	3.87
1960-1969	90	0.22374	0.20123	0.5	4857	977	4369	17755	3.66
1960-1969	91	0.24102	0.21510	0.5	3880	835	3463	13386	3.45
1960-1969	92	0.25918	0.22945	0.5	3045	699	2696	9923	3.26
1960-1969	93	0.27822	0.24424	0.5	2347	573	2060	7227	3.08
1960-1969	94	0.29809	0.25942	0.5	1774	460	1543	5167	2.91
1960-1969	95	0.31875	0.27493	0.5	1313	361	1133	3624	2.76
1960-1969	96	0.34015	0.29070	0.5	952	277	814	2491	2.62
1960-1969	97	0.36222	0.30668	0.5	675	207	572	1677	2.48
1960-1969	98	0.38489	0.32277	0.5	468	151	393	1105	2.36
1960-1969	99	0.40807	0.33892	0.5	317	107	263	712	2.25
1960-1969	100	0.43166	0.35503	0.5	210	74	172	449	2.14
1960-1969	101	0.45557	0.37105	0.5	135	50	110	276	2.04
1960-1969	102	0.47969	0.38689	0.5	85	33	69	166	1.95
1960-1969	103	0.50390	0.40249	0.5	52	21	42	98	1.87
1960-1969	104	0.52809	0.41778	0.5	31	13	25	56	1.80
1960-1969	105	0.55216	0.43270	0.5	18	8	14	31	1.73
1960-1969	106	0.57598	0.44719	0.5	10	5	8	17	1.67
1960-1969	107	0.59945	0.46121	0.5	6	3	4	9	1.61
1960-1969	108	0.62247	0.47472	0.5	3	1	2	5	1.56
1960-1969	109	0.64496	0.48769	0.5	2	1	1	2	1.52
1960-1969	110+	0.66682	1.00000	1.5	1	1	1	1	1.50
1970-1979	0	0.02004	0.01969	0.1	100000	1969	98226	6786398	67.86
1970-1979	1	0.00139	0.00138	0.5	98031	136	97964	6688172	68.22
1970-1979	2	0.00113	0.00113	0.5	97896	110	97841	6590209	67.32
1970-1979	3	0.00076	0.00076	0.5	97785	74	97748	6492368	66.39
1970-1979	4	0.00042	0.00042	0.5	97711	41	97690	6394620	65.44
1970-1979	5	0.00044	0.00044	0.5	97670	43	97648	6296930	64.47
1970-1979	6	0.00045	0.00045	0.5	97626	44	97604	6199282	63.50
1970-1979	7	0.00054	0.00053	0.5	97582	52	97556	6101677	62.53
1970-1979	8	0.00036	0.00036	0.5	97530	35	97513	6004121	61.56
1970-1979	9	0.00040	0.00040	0.5	97495	39	97476	5906609	60.58
1970-1979	10	0.00034	0.00034	0.5	97456	33	97439	5809133	59.61
1970-1979	11	0.00041	0.00041	0.5	97423	40	97403	5711694	58.63
1970-1979	12	0.00043	0.00043	0.5	97383	42	97362	5614291	57.65
1970-1979	13	0.00069	0.00069	0.5	97341	67	97307	5516929	56.68
1970-1979	14	0.00076	0.00076	0.5	97274	74	97237	5419622	55.72
1970-1979	15	0.00118	0.00118	0.5	97200	115	97142	5322385	54.76
1970-1979	16	0.00213	0.00213	0.5	97085	207	96981	5225242	53.82
1970-1979	17	0.00195	0.00195	0.5	96878	189	96784	5128261	52.94
1970-1979	18	0.00306	0.00305	0.5	96689	295	96542	5031477	52.04
1970-1979	19	0.00308	0.00307	0.5	96394	296	96246	4934935	51.20
1970-1979	20	0.00255	0.00255	0.5	96098	245	95976	4838689	50.35
1970-1979	21	0.00250	0.00250	0.5	95853	239	95733	4742714	49.48
1970-1979	22	0.00276	0.00275	0.5	95614	263	95482	4646981	48.60
1970-1979	23	0.00233	0.00233	0.5	95351	222	95240	4551498	47.73
1970-1979	24	0.00217	0.00217	0.5	95129	206	95026	4456258	46.84
1970-1979	25	0.00275	0.00274	0.5	94923	260	94793	4361233	45.94
1970-1979	26	0.00197	0.00197	0.5	94663	186	94570	4266440	45.07
1970-1979	27	0.00214	0.00214	0.5	94476	202	94375	4171870	44.16
1970-1979	28	0.00224	0.00223	0.5	94275	211	94169	4077495	43.25
1970-1979	29	0.00253	0.00253	0.5	94064	238	93945	3983326	42.35
1970-1979	30	0.00239	0.00239	0.5	93826	224	93714	3889381	41.45
1970-1979	31	0.00239	0.00239	0.5	93602	224	93490	3795667	40.55
1970-1979	32	0.00212	0.00211	0.5	93378	197	93279	3702177	39.65
1970-1979	33	0.00247	0.00247	0.5	93180	230	93065	3608898	38.73
1970-1979	34	0.00283	0.00283	0.5	92950	263	92819	3515833	37.82
1970-1979	35	0.00325	0.00324	0.5	92687	300	92537	3423014	36.93
1970-1979	36	0.00314	0.00314	0.5	92387	290	92242	3330477	36.05
1970-1979	37	0.00291	0.00290	0.5	92097	267	91963	3238235	35.16
1970-1979	38	0.00338	0.00338	0.5	91830	310	91675	3146272	34.26
1970-1979	39	0.00350	0.00349	0.5	91520	320	91360	3054597	33.38
1970-1979	40	0.00343	0.00343	0.5	91200	313	91044	2963237	32.49
1970-1979	41	0.00408	0.00407	0.5	90888	370	90703	2872193	31.60
1970-1979	42	0.00427	0.00426	0.5	90518	386	90325	2781491	30.73
1970-1979	43	0.00486	0.00485	0.5	90132	437	89913	2691166	29.86
1970-1979	44	0.00512	0.00511	0.5	89695	458	89466	2601252	29.00
1970-1979	45	0.00588	0.00586	0.5	89237	523	88975	2511787	28.15
1970-1979	46	0.00684	0.00682	0.5	88713	605	88411	2422812	27.31
1970-1979	47	0.00724	0.00722	0.5	88109	636	87791	2334401	26.49
1970-1979	48	0.00845	0.00841	0.5	87473	736	87105	2246610	25.68
1970-1979	49	0.00808	0.00805	0.5	86737	698	86388	2159505	24.90
1970-1979	50	0.00871	0.00867	0.5	86039	746	85666	2073117	24.10
1970-1979	51	0.01004	0.00999	0.5	85293	852	84867	1987451	23.30
1970-1979	52	0.01099	0.01093	0.5	84441	923	83980	1902584	22.53
1970-1979	53	0.01107	0.01101	0.5	83518	920	83058	1818605	21.77
1970-1979	54	0.01309	0.01301	0.5	82599	1074	82061	1735546	21.01
1970-1979	55	0.01402	0.01393	0.5	81524	1135	80957	1653485	20.28
1970-1979	56	0.01532	0.01521	0.5	80389	1222	79778	1572528	19.56
1970-1979	57	0.01622	0.01609	0.5	79167	1274	78530	1492750	18.86
1970-1979	58	0.01837	0.01821	0.5	77893	1418	77184	1414221	18.16
1970-1979	59	0.01875	0.01858	0.5	76475	1421	75764	1337037	17.48
1970-1979	60	0.02157	0.02134	0.5	75054	1602	74253	1261273	16.80
1970-1979	61	0.02235	0.02210	0.5	73452	1624	72640	1187020	16.16
1970-1979	62	0.02593	0.02560	0.5	71828	1839	70909	1114380	15.51
1970-1979	63	0.02691	0.02656	0.5	69990	1859	69060	1043471	14.91
1970-1979	64	0.02814	0.02775	0.5	68131	1891	67186	974411	14.30
1970-1979	65	0.02864	0.02824	0.5	66240	1871	65305	907225	13.70
1970-1979	66	0.03443	0.03385	0.5	64370	2179	63280	841920	13.08
1970-1979	67	0.03731	0.03662	0.5	62191	2278	61052	778640	12.52
1970-1979	68	0.03828	0.03756	0.5	59913	2251	58788	717588	11.98
1970-1979	69	0.04236	0.04148	0.5	57663	2392	56467	658800	11.43
1970-1979	70	0.04795	0.04683	0.5	55271	2588	53977	602333	10.90
1970-1979	71	0.05521	0.05373	0.5	52683	2831	51267	548356	10.41
1970-1979	72	0.05628	0.05474	0.5	49852	2729	48487	497089	9.97
1970-1979	73	0.05967	0.05794	0.5	47123	2730	45758	448602	9.52
1970-1979	74	0.06943	0.06710	0.5	44393	2979	42903	402844	9.07
1970-1979	75	0.07168	0.06920	0.5	41414	2866	39981	359941	8.69
1970-1979	76	0.07447	0.07179	0.5	38548	2768	37164	319960	8.30
1970-1979	77	0.08099	0.07784	0.5	35781	2785	34388	282795	7.90
1970-1979	78	0.08602	0.08247	0.5	32995	2721	31635	248407	7.53
1970-1979	79	0.09591	0.09152	0.5	30274	2771	28889	216772	7.16
1970-1979	80	0.09382	0.08961	0.5	27504	2465	26271	187883	6.83
1970-1979	81	0.10220	0.09723	0.5	25039	2435	23822	161612	6.45
1970-1979	82	0.11124	0.10538	0.5	22604	2382	21413	137791	6.10
1970-1979	83	0.12098	0.11408	0.5	20222	2307	19069	116377	5.75
1970-1979	84	0.13144	0.12333	0.5	17915	2210	16811	97308	5.43
1970-1979	85	0.14265	0.13316	0.5	15706	2091	14660	80498	5.13
1970-1979	86	0.15466	0.14356	0.5	13615	1954	12637	65838	4.84
1970-1979	87	0.16748	0.15454	0.5	11660	1802	10759	53200	4.56
1970-1979	88	0.18113	0.16609	0.5	9858	1637	9040	42441	4.31
1970-1979	89	0.19563	0.17820	0.5	8221	1465	7488	33402	4.06
1970-1979	90	0.21100	0.19086	0.5	6756	1289	6111	25913	3.84
1970-1979	91	0.22723	0.20405	0.5	5466	1115	4909	19802	3.62
1970-1979	92	0.24432	0.21772	0.5	4351	947	3877	14893	3.42
1970-1979	93	0.26226	0.23186	0.5	3404	789	3009	11016	3.24
1970-1979	94	0.28103	0.24641	0.5	2615	644	2292	8007	3.06
1970-1979	95	0.30060	0.26132	0.5	1970	515	1713	5714	2.90
1970-1979	96	0.32092	0.27655	0.5	1455	402	1254	4001	2.75
1970-1979	97	0.34194	0.29202	0.5	1053	307	899	2747	2.61
1970-1979	98	0.36361	0.30767	0.5	745	229	631	1848	2.48
1970-1979	99	0.38584	0.32344	0.5	516	167	433	1217	2.36
1970-1979	100	0.40855	0.33925	0.5	349	118	290	785	2.25
1970-1979	101	0.43167	0.35504	0.5	231	82	190	495	2.14
1970-1979	102	0.45508	0.37073	0.5	149	55	121	305	2.05
1970-1979	103	0.47870	0.38625	0.5	94	36	76	184	1.96
1970-1979	104	0.50241	0.40154	0.5	57	23	46	108	1.88
1970-1979	105	0.52611	0.41654	0.5	34	14	27	62	1.81
1970-1979	106	0.54970	0.43119	0.5	20	9	16	35	1.74
1970-1979	107	0.57306	0.44543	0.5	11	5	9	19	1.68
1970-1979	108	0.59610	0.45923	0.5	6	3	5	10	1.63
1970-1979	109	0.61872	0.47254	0.5	3	2	3	5	1.59
1970-1979	110+	0.64085	1.00000	1.56	2	2	3	3	1.56
1980-1989	0	0.01107	0.01096	0.07	100000	1096	98986	7060332	70.60
1980-1989	1	0.00078	0.00078	0.5	98904	77	98866	6961346	70.38
1980-1989	2	0.00080	0.00080	0.5	98827	79	98788	6862480	69.44
1980-1989	3	0.00046	0.00046	0.5	98749	45	98726	6763692	68.49
1980-1989	4	0.00035	0.00035	0.5	98704	35	98686	6664965	67.52
1980-1989	5	0.00029	0.00029	0.5	98669	28	98655	6566279	66.55
1980-1989	6	0.00032	0.00032	0.5	98641	32	98625	6467624	65.57
1980-1989	7	0.00031	0.00031	0.5	98609	31	98593	6369000	64.59
1980-1989	8	0.00032	0.00032	0.5	98578	31	98562	6270406	63.61
1980-1989	9	0.00022	0.00022	0.5	98547	21	98536	6171844	62.63
1980-1989	10	0.00033	0.00033	0.5	98525	33	98509	6073307	61.64
1980-1989	11	0.00045	0.00045	0.5	98493	44	98471	5974798	60.66
1980-1989	12	0.00037	0.00037	0.5	98449	36	98431	5876328	59.69
1980-1989	13	0.00040	0.00040	0.5	98412	39	98393	5777897	58.71
1980-1989	14	0.00052	0.00052	0.5	98373	52	98348	5679504	57.73
1980-1989	15	0.00093	0.00093	0.5	98322	92	98276	5581157	56.76
1980-1989	16	0.00110	0.00110	0.5	98230	108	98176	5482881	55.82
1980-1989	17	0.00138	0.00138	0.5	98122	135	98054	5384705	54.88
1980-1989	18	0.00187	0.00186	0.5	97987	183	97895	5286651	53.95
1980-1989	19	0.00204	0.00204	0.5	97804	200	97704	5188756	53.05
1980-1989	20	0.00196	0.00196	0.5	97604	191	97508	5091052	52.16
1980-1989	21	0.00220	0.00219	0.5	97413	214	97306	4993543	51.26
1980-1989	22	0.00229	0.00229	0.5	97199	222	97088	4896237	50.37
1980-1989	23	0.00218	0.00218	0.5	96977	211	96871	4799149	49.49
1980-1989	24	0.00214	0.00214	0.5	96766	207	96662	4702278	48.59
1980-1989	25	0.00189	0.00189	0.5	96559	182	96467	4605616	47.70
1980-1989	26	0.00214	0.00214	0.5	96376	206	96273	4509148	46.79
1980-1989	27	0.00208	0.00208	0.5	96170	200	96070	4412875	45.89
1980-1989	28	0.00185	0.00185	0.5	95970	177	95881	4316805	44.98
1980-1989	29	0.00184	0.00184	0.5	95793	176	95705	4220924	44.06
1980-1989	30	0.00190	0.00190	0.5	95617	181	95526	4125219	43.14
1980-1989	31	0.00213	0.00213	0.5	95435	203	95334	4029693	42.22
1980-1989	32	0.00230	0.00230	0.5	95232	219	95123	3934359	41.31
1980-1989	33	0.00235	0.00234	0.5	95013	223	94902	3839237	40.41
1980-1989	34	0.00242	0.00242	0.5	94791	229	94676	3744334	39.50
1980-1989	35	0.00250	0.00250	0.5	94561	236	94443	3649658	38.60
1980-1989	36	0.00288	0.00287	0.5	94325	271	94189	3555215	37.69
1980-1989	37	0.00256	0.00255	0.5	94054	240	93934	3461026	36.80
1980-1989	38	0.00273	0.00273	0.5	93814	256	93686	3367092	35.89
1980-1989	39	0.00295	0.00295	0.5	93558	276	93420	3273406	34.99
1980-1989	40	0.00310	0.00309	0.5	93282	288	93138	3179986	34.09
1980-1989	41	0.00324	0.00324	0.5	92994	301	92843	3086849	33.19
1980-1989	42	0.00352	0.00352	0.5	92692	326	92529	2994006	32.30
1980-1989	43	0.00408	0.00407	0.5	92366	376	92178	2901476	31.41
1980-1989	44	0.00359	0.00358	0.5	91990	330	91825	2809298	30.54
1980-1989	45	0.00502	0.00501	0.5	91661	459	91431	2717473	29.65
1980-1989	46	0.00533	0.00531	0.5	91202	484	90959	2626042	28.79
1980-1989	47	0.00561	0.00560	0.5	90717	508	90463	2535082	27.94
1980-1989	48	0.00602	0.00600	0.5	90209	541	89939	2444619	27.10
1980-1989	49	0.00642	0.00640	0.5	89668	574	89381	2354680	26.26
1980-1989	50	0.00686	0.00684	0.5	89094	609	88789	2265299	25.43
1980-1989	51	0.00780	0.00777	0.5	88485	688	88141	2176510	24.60
1980-1989	52	0.00919	0.00915	0.5	87797	803	87395	2088369	23.79
1980-1989	53	0.00961	0.00957	0.5	86994	832	86577	2000974	23.00
1980-1989	54	0.01080	0.01074	0.5	86161	926	85698	1914397	22.22
1980-1989	55	0.01096	0.01090	0.5	85236	929	84771	1828698	21.45
1980-1989	56	0.01369	0.01359	0.5	84306	1146	83733	1743927	20.69
1980-1989	57	0.01386	0.01377	0.5	83160	1145	82588	1660194	19.96
1980-1989	58	0.01625	0.01612	0.5	82016	1322	81355	1577606	19.24
1980-1989	59	0.01652	0.01639	0.5	80694	1322	80032	1496252	18.54
1980-1989	60	0.01718	0.01703	0.5	79371	1352	78695	1416219	17.84
1980-1989	61	0.01870	0.01853	0.5	78019	1446	77296	1337524	17.14
1980-1989	62	0.02297	0.02271	0.5	76573	1739	75704	1260228	16.46
1980-1989	63	0.02457	0.02427	0.5	74835	1817	73926	1184524	15.83
1980-1989	64	0.02385	0.02357	0.5	73018	1721	72157	1110598	15.21
1980-1989	65	0.02547	0.02515	0.5	71297	1793	70400	1038440	14.57
1980-1989	66	0.02904	0.02863	0.5	69503	1990	68509	968040	13.93
1980-1989	67	0.03184	0.03134	0.5	67514	2116	66456	899532	13.32
1980-1989	68	0.03436	0.03378	0.5	65398	2209	64293	833076	12.74
1980-1989	69	0.03549	0.03487	0.5	63189	2204	62087	768783	12.17
1980-1989	70	0.04303	0.04213	0.5	60985	2569	59700	706696	11.59
1980-1989	71	0.04389	0.04294	0.5	58416	2509	57162	646996	11.08
1980-1989	72	0.04689	0.04581	0.5	55907	2561	54627	589834	10.55
1980-1989	73	0.05426	0.05282	0.5	53346	2818	51937	535207	10.03
1980-1989	74	0.05951	0.05779	0.5	50528	2920	49068	483270	9.56
1980-1989	75	0.06083	0.05903	0.5	47608	2810	46203	434202	9.12
1980-1989	76	0.07013	0.06775	0.5	44798	3035	43280	387999	8.66
1980-1989	77	0.07364	0.07102	0.5	41763	2966	40280	344719	8.25
1980-1989	78	0.08302	0.07971	0.5	38797	3092	37250	304439	7.85
1980-1989	79	0.08298	0.07967	0.5	35704	2845	34282	267189	7.48
1980-1989	80	0.08936	0.08554	0.5	32860	2811	31454	232907	7.09
1980-1989	81	0.09724	0.09273	0.5	30049	2786	28656	201453	6.70
1980-1989	82	0.10573	0.10042	0.5	27262	2738	25893	172797	6.34
1980-1989	83	0.11487	0.10863	0.5	24525	2664	23192	146904	5.99
1980-1989	84	0.12469	0.11737	0.5	21860	2566	20578	123711	5.66
1980-1989	85	0.13522	0.12665	0.5	19295	2444	18073	103134	5.35
1980-1989	86	0.14648	0.13649	0.5	16851	2300	15701	85061	5.05
1980-1989	87	0.15852	0.14688	0.5	14551	2137	13482	69360	4.77
1980-1989	88	0.17135	0.15783	0.5	12414	1959	11434	55878	4.50
1980-1989	89	0.18498	0.16932	0.5	10455	1770	9569	44444	4.25
1980-1989	90	0.19944	0.18136	0.5	8684	1575	7897	34874	4.02
1980-1989	91	0.21474	0.19392	0.5	7109	1379	6420	26977	3.79
1980-1989	92	0.23086	0.20697	0.5	5731	1186	5138	20557	3.59
1980-1989	93	0.24782	0.22050	0.5	4545	1002	4044	15419	3.39
1980-1989	94	0.26559	0.23446	0.5	3543	831	3127	11376	3.21
1980-1989	95	0.28415	0.24880	0.5	2712	675	2375	8249	3.04
1980-1989	96	0.30348	0.26350	0.5	2037	537	1769	5874	2.88
1980-1989	97	0.32353	0.27848	0.5	1500	418	1292	4105	2.74
1980-1989	98	0.34424	0.29369	0.5	1083	318	924	2814	2.60
1980-1989	99	0.36557	0.30907	0.5	765	236	646	1890	2.47
1980-1989	100	0.38743	0.32456	0.5	528	171	443	1243	2.35
1980-1989	101	0.40976	0.34008	0.5	357	121	296	801	2.24
1980-1989	102	0.43247	0.35558	0.5	235	84	194	505	2.14
1980-1989	103	0.45546	0.37098	0.5	152	56	124	311	2.05
1980-1989	104	0.47865	0.38622	0.5	95	37	77	188	1.96
1980-1989	105	0.50193	0.40123	0.5	59	24	47	110	1.89
1980-1989	106	0.52520	0.41597	0.5	35	15	28	64	1.81
1980-1989	107	0.54836	0.43036	0.5	20	9	16	36	1.75
1980-1989	108	0.57131	0.44437	0.5	12	5	9	20	1.69
1980-1989	109	0.59396	0.45796	0.5	6	3	5	11	1.65
1980-1989	110+	0.61622	1.00000	1.62	4	4	6	6	1.62
1990-1999	0	0.00799	0.00794	0.07	100000	794	99259	7207441	72.07
1990-1999	1	0.00079	0.00079	0.5	99206	78	99167	7108182	71.65
1990-1999	2	0.00067	0.00067	0.5	99128	66	99095	7009015	70.71
1990-1999	3	0.00043	0.00043	0.5	99062	43	99040	6909920	69.75
1990-1999	4	0.00025	0.00025	0.5	99019	25	99006	6810880	68.78
1990-1999	5	0.00028	0.00028	0.5	98994	28	98980	6711873	67.80
1990-1999	6	0.00021	0.00021	0.5	98966	20	98956	6612893	66.82
1990-1999	7	0.00024	0.00024	0.5	98946	24	98934	6513937	65.83
1990-1999	8	0.00024	0.00024	0.5	98922	24	98910	6415003	64.85
1990-1999	9	0.00019	0.00019	0.5	98899	18	98889	6316092	63.86
1990-1999	10	0.00016	0.00016	0.5	98880	16	98872	6217203	62.88
1990-1999	11	0.00031	0.00031	0.5	98865	31	98849	6118330	61.89
1990-1999	12	0.00029	0.00029	0.5	98834	29	98820	6019481	60.90
1990-1999	13	0.00036	0.00036	0.5	98805	36	98787	5920661	59.92
1990-1999	14	0.00046	0.00046	0.5	98769	45	98747	5821874	58.94
1990-1999	15	0.00076	0.00076	0.5	98724	75	98686	5723128	57.97
1990-1999	16	0.00091	0.00091	0.5	98649	90	98604	5624441	57.01
1990-1999	17	0.00131	0.00131	0.5	98559	129	98494	5525838	56.07
1990-1999	18	0.00187	0.00186	0.5	98429	184	98338	5427344	55.14
1990-1999	19	0.00184	0.00184	0.5	98246	180	98156	5329006	54.24
1990-1999	20	0.00173	0.00173	0.5	98065	170	97981	5230851	53.34
1990-1999	21	0.00193	0.00193	0.5	97896	189	97801	5132870	52.43
1990-1999	22	0.00185	0.00185	0.5	97707	180	97617	5035068	51.53
1990-1999	23	0.00165	0.00165	0.5	97526	161	97446	4937452	50.63
1990-1999	24	0.00168	0.00168	0.5	97365	163	97283	4840006	49.71
1990-1999	25	0.00171	0.00171	0.5	97202	166	97119	4742723	48.79
1990-1999	26	0.00155	0.00154	0.5	97035	150	96960	4645604	47.88
1990-1999	27	0.00161	0.00161	0.5	96885	156	96808	4548644	46.95
1990-1999	28	0.00176	0.00175	0.5	96730	170	96645	4451836	46.02
1990-1999	29	0.00175	0.00175	0.5	96560	169	96475	4355192	45.10
1990-1999	30	0.00185	0.00185	0.5	96391	178	96301	4258716	44.18
1990-1999	31	0.00205	0.00205	0.5	96212	197	96114	4162415	43.26
1990-1999	32	0.00220	0.00220	0.5	96015	211	95909	4066301	42.35
1990-1999	33	0.00239	0.00239	0.5	95804	229	95689	3970392	41.44
1990-1999	34	0.00225	0.00224	0.5	95575	214	95468	3874703	40.54
1990-1999	35	0.00247	0.00247	0.5	95361	235	95243	3779235	39.63
1990-1999	36	0.00266	0.00266	0.5	95125	253	94999	3683992	38.73
1990-1999	37	0.00297	0.00296	0.5	94872	281	94732	3588993	37.83
1990-1999	38	0.00292	0.00292	0.5	94591	276	94453	3494262	36.94
1990-1999	39	0.00362	0.00361	0.5	94315	340	94145	3399809	36.05
1990-1999	40	0.00331	0.00330	0.5	93975	310	93819	3305664	35.18
1990-1999	41	0.00364	0.00363	0.5	93664	340	93494	3211844	34.29
1990-1999	42	0.00392	0.00391	0.5	93324	365	93141	3118350	33.41
1990-1999	43	0.00412	0.00411	0.5	92959	382	92768	3025209	32.54
1990-1999	44	0.00400	0.00399	0.5	92577	369	92393	2932441	31.68
1990-1999	45	0.00432	0.00431	0.5	92208	397	92009	2840048	30.80
1990-1999	46	0.00467	0.00466	0.5	91811	428	91597	2748039	29.93
1990-1999	47	0.00562	0.00560	0.5	91383	512	91127	2656442	29.07
1990-1999	48	0.00543	0.00541	0.5	90871	492	90625	2565315	28.23
1990-1999	49	0.00608	0.00606	0.5	90379	548	90105	2474690	27.38
1990-1999	50	0.00625	0.00623	0.5	89831	560	89551	2384585	26.55
1990-1999	51	0.00700	0.00697	0.5	89271	623	88960	2295034	25.71
1990-1999	52	0.00794	0.00790	0.5	88648	701	88298	2206074	24.89
1990-1999	53	0.00884	0.00880	0.5	87948	774	87561	2117776	24.08
1990-1999	54	0.00961	0.00956	0.5	87174	834	86757	2030216	23.29
1990-1999	55	0.00951	0.00946	0.5	86340	817	85932	1943459	22.51
1990-1999	56	0.01075	0.01070	0.5	85523	915	85066	1857527	21.72
1990-1999	57	0.01135	0.01129	0.5	84608	955	84131	1772462	20.95
1990-1999	58	0.01316	0.01307	0.5	83653	1093	83107	1688331	20.18
1990-1999	59	0.01318	0.01309	0.5	82560	1081	82019	1605224	19.44
1990-1999	60	0.01626	0.01613	0.5	81479	1314	80822	1523205	18.69
1990-1999	61	0.01773	0.01758	0.5	80165	1409	79460	1442383	17.99
1990-1999	62	0.01945	0.01926	0.5	78756	1517	77997	1362923	17.31
1990-1999	63	0.02094	0.02073	0.5	77239	1601	76438	1284926	16.64
1990-1999	64	0.02249	0.02224	0.5	75638	1682	74797	1208488	15.98
1990-1999	65	0.02385	0.02357	0.5	73956	1743	73084	1133691	15.33
1990-1999	66	0.02516	0.02484	0.5	72213	1794	71316	1060607	14.69
1990-1999	67	0.02714	0.02678	0.5	70419	1886	69476	989290	14.05
1990-1999	68	0.03116	0.03068	0.5	68533	2103	67482	919814	13.42
1990-1999	69	0.03246	0.03194	0.5	66430	2122	65369	852333	12.83
1990-1999	70	0.03567	0.03504	0.5	64308	2254	63182	786963	12.24
1990-1999	71	0.03824	0.03753	0.5	62055	2329	60890	723782	11.66
1990-1999	72	0.04166	0.04081	0.5	59726	2438	58507	662891	11.10
1990-1999	73	0.04534	0.04434	0.5	57289	2540	56019	604384	10.55
1990-1999	74	0.05161	0.05031	0.5	54749	2754	53371	548365	10.02
1990-1999	75	0.05238	0.05104	0.5	51994	2654	50667	494994	9.52
1990-1999	76	0.05976	0.05803	0.5	49340	2863	47909	444327	9.01
1990-1999	77	0.06553	0.06345	0.5	46477	2949	45003	396418	8.53
1990-1999	78	0.07047	0.06807	0.5	43528	2963	42047	351415	8.07
1990-1999	79	0.07529	0.07255	0.5	40565	2943	39094	309368	7.63
1990-1999	80	0.08117	0.07800	0.5	37622	2935	36155	270275	7.18
1990-1999	81	0.08973	0.08588	0.5	34688	2979	33198	234120	6.75
1990-1999	82	0.09910	0.09442	0.5	31709	2994	30212	200922	6.34
1990-1999	83	0.10933	0.10366	0.5	28715	2977	27226	170710	5.95
1990-1999	84	0.12047	0.11363	0.5	25738	2925	24276	143483	5.57
1990-1999	85	0.13258	0.12434	0.5	22814	2837	21395	119208	5.23
1990-1999	86	0.14571	0.13582	0.5	19977	2713	18620	97812	4.90
1990-1999	87	0.15990	0.14806	0.5	17264	2556	15986	79192	4.59
1990-1999	88	0.17518	0.16108	0.5	14708	2369	13523	63207	4.30
1990-1999	89	0.19160	0.17485	0.5	12339	2157	11260	49683	4.03
1990-1999	90	0.20916	0.18936	0.5	10181	1928	9217	38424	3.77
1990-1999	91	0.22788	0.20457	0.5	8253	1688	7409	29206	3.54
1990-1999	92	0.24774	0.22044	0.5	6565	1447	5841	21797	3.32
1990-1999	93	0.26874	0.23691	0.5	5118	1212	4512	15956	3.12
1990-1999	94	0.29083	0.25391	0.5	3905	992	3410	11444	2.93
1990-1999	95	0.31395	0.27136	0.5	2914	791	2518	8035	2.76
1990-1999	96	0.33804	0.28916	0.5	2123	614	1816	5516	2.60
1990-1999	97	0.36300	0.30723	0.5	1509	464	1277	3700	2.45
1990-1999	98	0.38871	0.32546	0.5	1045	340	875	2423	2.32
1990-1999	99	0.41506	0.34373	0.5	705	242	584	1547	2.19
1990-1999	100	0.44191	0.36194	0.5	463	168	379	963	2.08
1990-1999	101	0.46910	0.37998	0.5	295	112	239	584	1.98
1990-1999	102	0.49648	0.39774	0.5	183	73	147	345	1.89
1990-1999	103	0.52387	0.41514	0.5	110	46	87	198	1.80
1990-1999	104	0.55113	0.43207	0.5	64	28	51	111	1.72
1990-1999	105	0.57808	0.44846	0.5	37	16	28	61	1.65
1990-1999	106	0.60457	0.46424	0.5	20	9	16	32	1.59
1990-1999	107	0.63046	0.47936	0.5	11	5	8	17	1.53
1990-1999	108	0.65563	0.49376	0.5	6	3	4	8	1.49
1990-1999	109	0.67995	0.50743	0.5	3	1	2	4	1.45
1990-1999	110+	0.70333	1.00000	1.42	1	1	2	2	1.42
2000-2009	0	0.00658	0.00654	0.06	100000	654	99387	7404487	74.04
2000-2009	1	0.00064	0.00064	0.5	99346	63	99314	7305100	73.53
2000-2009	2	0.00041	0.00041	0.5	99282	41	99262	7205786	72.58
2000-2009	3	0.00025	0.00025	0.5	99241	25	99229	7106524	71.61
2000-2009	4	0.00021	0.00021	0.5	99217	21	99206	7007295	70.63
2000-2009	5	0.00016	0.00016	0.5	99196	15	99188	6908089	69.64
2000-2009	6	0.00014	0.00014	0.5	99181	14	99173	6808900	68.65
2000-2009	7	0.00008	0.00008	0.5	99166	8	99162	6709727	67.66
2000-2009	8	0.00016	0.00016	0.5	99158	15	99150	6610565	66.67
2000-2009	9	0.00012	0.00012	0.5	99142	12	99136	6511415	65.68
2000-2009	10	0.00013	0.00013	0.5	99130	13	99124	6412279	64.69
2000-2009	11	0.00020	0.00020	0.5	99117	20	99107	6313155	63.69
2000-2009	12	0.00023	0.00023	0.5	99097	23	99085	6214048	62.71
2000-2009	13	0.00023	0.00023	0.5	99074	23	99062	6114963	61.72
2000-2009	14	0.00042	0.00042	0.5	99051	42	99030	6015901	60.74
2000-2009	15	0.00046	0.00046	0.5	99009	46	98986	5916871	59.76
2000-2009	16	0.00074	0.00074	0.5	98963	73	98927	5817884	58.79
2000-2009	17	0.00090	0.00090	0.5	98890	89	98846	5718958	57.83
2000-2009	18	0.00136	0.00136	0.5	98801	135	98733	5620112	56.88
2000-2009	19	0.00161	0.00161	0.5	98666	159	98587	5521379	55.96
2000-2009	20	0.00169	0.00169	0.5	98508	167	98424	5422792	55.05
2000-2009	21	0.00158	0.00158	0.5	98341	155	98263	5324368	54.14
2000-2009	22	0.00163	0.00163	0.5	98186	160	98105	5226104	53.23
2000-2009	23	0.00153	0.00153	0.5	98025	150	97950	5127999	52.31
2000-2009	24	0.00167	0.00167	0.5	97875	163	97793	5030049	51.39
2000-2009	25	0.00149	0.00149	0.5	97712	146	97639	4932256	50.48
2000-2009	26	0.00147	0.00147	0.5	97566	144	97494	4834617	49.55
2000-2009	27	0.00152	0.00152	0.5	97423	148	97348	4737122	48.62
2000-2009	28	0.00153	0.00153	0.5	97274	149	97200	4639774	47.70
2000-2009	29	0.00152	0.00152	0.5	97126	148	97052	4542574	46.77
2000-2009	30	0.00148	0.00148	0.5	96978	143	96907	4445522	45.84
2000-2009	31	0.00160	0.00159	0.5	96835	154	96758	4348615	44.91
2000-2009	32	0.00155	0.00155	0.5	96681	150	96606	4251858	43.98
2000-2009	33	0.00173	0.00173	0.5	96531	167	96447	4155252	43.05
2000-2009	34	0.00176	0.00176	0.5	96364	170	96279	4058804	42.12
2000-2009	35	0.00183	0.00183	0.5	96194	176	96106	3962525	41.19
2000-2009	36	0.00190	0.00189	0.5	96018	182	95927	3866419	40.27
2000-2009	37	0.00190	0.00190	0.5	95836	182	95745	3770492	39.34
2000-2009	38	0.00255	0.00255	0.5	95654	244	95533	3674747	38.42
2000-2009	39	0.00262	0.00261	0.5	95411	249	95286	3579215	37.51
2000-2009	40	0.00263	0.00263	0.5	95161	250	95036	3483929	36.61
2000-2009	41	0.00314	0.00314	0.5	94911	298	94762	3388892	35.71
2000-2009	42	0.00327	0.00327	0.5	94614	309	94459	3294130	34.82
2000-2009	43	0.00345	0.00344	0.5	94304	325	94142	3199671	33.93
2000-2009	44	0.00397	0.00396	0.5	93980	372	93794	3105529	33.04
2000-2009	45	0.00426	0.00426	0.5	93608	398	93409	3011735	32.17
2000-2009	46	0.00485	0.00484	0.5	93209	451	92984	2918326	31.31
2000-2009	47	0.00484	0.00483	0.5	92758	448	92534	2825342	30.46
2000-2009	48	0.00550	0.00548	0.5	92310	506	92057	2732808	29.60
2000-2009	49	0.00581	0.00580	0.5	91804	532	91538	2640751	28.77
2000-2009	50	0.00639	0.00637	0.5	91272	581	90981	2549213	27.93
2000-2009	51	0.00648	0.00646	0.5	90691	586	90398	2458232	27.11
2000-2009	52	0.00752	0.00749	0.5	90105	675	89767	2367834	26.28
2000-2009	53	0.00817	0.00814	0.5	89430	728	89066	2278067	25.47
2000-2009	54	0.00887	0.00883	0.5	88702	783	88310	2189001	24.68
2000-2009	55	0.00913	0.00908	0.5	87919	799	87519	2100691	23.89
2000-2009	56	0.00972	0.00968	0.5	87120	843	86699	2013171	23.11
2000-2009	57	0.01054	0.01049	0.5	86277	905	85825	1926473	22.33
2000-2009	58	0.01101	0.01095	0.5	85372	935	84905	1840648	21.56
2000-2009	59	0.01219	0.01212	0.5	84438	1023	83926	1755743	20.79
2000-2009	60	0.01324	0.01315	0.5	83414	1097	82866	1671817	20.04
2000-2009	61	0.01437	0.01427	0.5	82317	1175	81730	1588951	19.30
2000-2009	62	0.01577	0.01565	0.5	81143	1270	80508	1507221	18.57
2000-2009	63	0.01621	0.01608	0.5	79873	1284	79231	1426714	17.86
2000-2009	64	0.01700	0.01686	0.5	78589	1325	77926	1347483	17.15
2000-2009	65	0.01920	0.01901	0.5	77264	1469	76529	1269557	16.43
2000-2009	66	0.02090	0.02068	0.5	75795	1568	75011	1193028	15.74
2000-2009	67	0.02219	0.02194	0.5	74227	1629	73413	1118017	15.06
2000-2009	68	0.02241	0.02216	0.5	72598	1609	71794	1044604	14.39
2000-2009	69	0.02714	0.02678	0.5	70989	1901	70039	972811	13.70
2000-2009	70	0.02883	0.02842	0.5	69088	1963	68107	902772	13.07
2000-2009	71	0.03190	0.03140	0.5	67125	2108	66071	834666	12.43
2000-2009	72	0.03465	0.03406	0.5	65017	2215	63910	768594	11.82
2000-2009	73	0.03836	0.03764	0.5	62802	2364	61621	704685	11.22
2000-2009	74	0.03940	0.03864	0.5	60439	2335	59271	643064	10.64
2000-2009	75	0.04534	0.04433	0.5	58104	2576	56816	583793	10.05
2000-2009	76	0.05155	0.05026	0.5	55528	2791	54132	526977	9.49
2000-2009	77	0.05338	0.05200	0.5	52737	2742	51366	472845	8.97
2000-2009	78	0.05716	0.05557	0.5	49995	2778	48606	421479	8.43
2000-2009	79	0.06478	0.06274	0.5	47217	2963	45735	372873	7.90
2000-2009	80	0.07482	0.07212	0.5	44254	3192	42658	327138	7.39
2000-2009	81	0.08334	0.08000	0.5	41062	3285	39420	284480	6.93
2000-2009	82	0.09273	0.08862	0.5	37777	3348	36103	245060	6.49
2000-2009	83	0.10305	0.09800	0.5	34430	3374	32743	208956	6.07
2000-2009	84	0.11439	0.10820	0.5	31055	3360	29375	176214	5.67
2000-2009	85	0.12679	0.11923	0.5	27695	3302	26044	146838	5.30
2000-2009	86	0.14033	0.13113	0.5	24393	3199	22794	120794	4.95
2000-2009	87	0.15505	0.14389	0.5	21195	3050	19670	98000	4.62
2000-2009	88	0.17101	0.15754	0.5	18145	2859	16715	78331	4.32
2000-2009	89	0.18825	0.17206	0.5	15286	2630	13971	61615	4.03
2000-2009	90	0.20679	0.18742	0.5	12656	2372	11470	47644	3.76
2000-2009	91	0.22665	0.20358	0.5	10284	2094	9237	36174	3.52
2000-2009	92	0.24782	0.22050	0.5	8191	1806	7288	26936	3.29
2000-2009	93	0.27028	0.23810	0.5	6385	1520	5624	19649	3.08
2000-2009	94	0.29398	0.25630	0.5	4864	1247	4241	14025	2.88
2000-2009	95	0.31884	0.27500	0.5	3618	995	3120	9784	2.70
2000-2009	96	0.34479	0.29409	0.5	2623	771	2237	6663	2.54
2000-2009	97	0.37169	0.31344	0.5	1851	580	1561	4426	2.39
2000-2009	98	0.39941	0.33292	0.5	1271	423	1060	2865	2.25
2000-2009	99	0.42779	0.35241	0.5	848	299	699	1806	2.13
2000-2009	100	0.45666	0.37177	0.5	549	204	447	1107	2.02
2000-2009	101	0.48581	0.39087	0.5	345	135	278	660	1.91
2000-2009	102	0.51507	0.40959	0.5	210	86	167	382	1.82
2000-2009	103	0.54422	0.42781	0.5	124	53	98	215	1.74
2000-2009	104	0.57307	0.44544	0.5	71	32	55	118	1.66
2000-2009	105	0.60144	0.46239	0.5	39	18	30	63	1.59
2000-2009	106	0.62914	0.47859	0.5	21	10	16	32	1.53
2000-2009	107	0.65601	0.49398	0.5	11	5	8	16	1.48
2000-2009	108	0.68192	0.50853	0.5	6	3	4	8	1.43
2000-2009	109	0.70676	0.52222	0.5	3	1	2	4	1.39
2000-2009	110+	0.73042	1.00000	1.37	1	1	2	2	1.37
2010-2017	0	0.00579	0.00576	0.06	100000	576	99459	7575831	75.76
2010-2017	1	0.00051	0.00051	0.5	99424	51	99399	7476372	75.20
2010-2017	2	0.00040	0.00040	0.5	99373	40	99353	7376974	74.24
2010-2017	3	0.00021	0.00021	0.5	99333	20	99323	7277621	73.26
2010-2017	4	0.00021	0.00021	0.5	99313	21	99302	7178298	72.28
2010-2017	5	0.00016	0.00016	0.5	99292	16	99284	7078996	71.29
2010-2017	6	0.00010	0.00010	0.5	99276	10	99271	6979712	70.31
2010-2017	7	0.00018	0.00018	0.5	99266	18	99257	6880441	69.31
2010-2017	8	0.00015	0.00015	0.5	99248	15	99240	6781184	68.33
2010-2017	9	0.00018	0.00018	0.5	99233	18	99224	6681944	67.34
2010-2017	10	0.00008	0.00008	0.5	99215	8	99211	6582721	66.35
2010-2017	11	0.00012	0.00012	0.5	99207	12	99201	6483510	65.35
2010-2017	12	0.00017	0.00017	0.5	99195	17	99187	6384308	64.36
2010-2017	13	0.00019	0.00019	0.5	99178	18	99169	6285121	63.37
2010-2017	14	0.00026	0.00026	0.5	99160	26	99147	6185952	62.38
2010-2017	15	0.00037	0.00037	0.5	99134	37	99115	6086805	61.40
2010-2017	16	0.00059	0.00059	0.5	99097	58	99068	5987690	60.42
2010-2017	17	0.00073	0.00073	0.5	99039	72	99003	5888622	59.46
2010-2017	18	0.00096	0.00096	0.5	98967	95	98919	5789619	58.50
2010-2017	19	0.00125	0.00125	0.5	98871	124	98810	5690700	57.56
2010-2017	20	0.00120	0.00120	0.5	98748	118	98689	5591891	56.63
2010-2017	21	0.00135	0.00135	0.5	98630	133	98563	5493202	55.70
2010-2017	22	0.00142	0.00142	0.5	98497	140	98427	5394639	54.77
2010-2017	23	0.00163	0.00163	0.5	98357	160	98277	5296212	53.85
2010-2017	24	0.00129	0.00129	0.5	98197	127	98133	5197935	52.93
2010-2017	25	0.00139	0.00139	0.5	98070	136	98002	5099802	52.00
2010-2017	26	0.00145	0.00145	0.5	97933	142	97862	5001800	51.07
2010-2017	27	0.00141	0.00141	0.5	97791	138	97722	4903938	50.15
2010-2017	28	0.00142	0.00142	0.5	97653	139	97584	4806216	49.22
2010-2017	29	0.00152	0.00152	0.5	97515	149	97440	4708632	48.29
2010-2017	30	0.00149	0.00149	0.5	97366	145	97294	4611192	47.36
2010-2017	31	0.00171	0.00171	0.5	97221	166	97138	4513898	46.43
2010-2017	32	0.00138	0.00138	0.5	97055	134	96988	4416760	45.51
2010-2017	33	0.00164	0.00164	0.5	96921	159	96842	4319772	44.57
2010-2017	34	0.00184	0.00184	0.5	96762	178	96674	4222930	43.64
2010-2017	35	0.00185	0.00185	0.5	96585	179	96495	4126256	42.72
2010-2017	36	0.00168	0.00168	0.5	96406	162	96325	4029761	41.80
2010-2017	37	0.00205	0.00204	0.5	96244	197	96146	3933436	40.87
2010-2017	38	0.00215	0.00214	0.5	96047	206	95944	3837291	39.95
2010-2017	39	0.00206	0.00206	0.5	95841	197	95743	3741347	39.04
2010-2017	40	0.00245	0.00245	0.5	95644	234	95527	3645604	38.12
2010-2017	41	0.00250	0.00249	0.5	95410	238	95291	3550077	37.21
2010-2017	42	0.00248	0.00247	0.5	95172	235	95054	3454786	36.30
2010-2017	43	0.00294	0.00293	0.5	94937	278	94797	3359732	35.39
2010-2017	44	0.00344	0.00343	0.5	94658	325	94496	3264934	34.49
2010-2017	45	0.00348	0.00347	0.5	94334	328	94170	3170439	33.61
2010-2017	46	0.00396	0.00395	0.5	94006	371	93820	3076269	32.72
2010-2017	47	0.00401	0.00400	0.5	93635	375	93447	2982448	31.85
2010-2017	48	0.00470	0.00469	0.5	93260	437	93041	2889001	30.98
2010-2017	49	0.00506	0.00505	0.5	92823	469	92588	2795960	30.12
2010-2017	50	0.00555	0.00553	0.5	92354	511	92098	2703371	29.27
2010-2017	51	0.00596	0.00595	0.5	91843	546	91570	2611273	28.43
2010-2017	52	0.00661	0.00658	0.5	91297	601	90996	2519703	27.60
2010-2017	53	0.00718	0.00715	0.5	90696	649	90371	2428707	26.78
2010-2017	54	0.00802	0.00798	0.5	90047	719	89687	2338336	25.97
2010-2017	55	0.00866	0.00863	0.5	89328	771	88943	2248648	25.17
2010-2017	56	0.00922	0.00918	0.5	88557	813	88151	2159706	24.39
2010-2017	57	0.00987	0.00982	0.5	87744	862	87314	2071555	23.61
2010-2017	58	0.01077	0.01071	0.5	86883	931	86417	1984241	22.84
2010-2017	59	0.01180	0.01173	0.5	85952	1008	85448	1897824	22.08
2010-2017	60	0.01274	0.01266	0.5	84944	1075	84406	1812376	21.34
2010-2017	61	0.01353	0.01344	0.5	83869	1127	83305	1727970	20.60
2010-2017	62	0.01452	0.01442	0.5	82741	1193	82145	1644665	19.88
2010-2017	63	0.01509	0.01497	0.5	81548	1221	80938	1562520	19.16
2010-2017	64	0.01682	0.01668	0.5	80327	1340	79657	1481582	18.44
2010-2017	65	0.01717	0.01702	0.5	78987	1345	78315	1401925	17.75
2010-2017	66	0.01826	0.01809	0.5	77643	1405	76940	1323610	17.05
2010-2017	67	0.02045	0.02025	0.5	76238	1543	75466	1246670	16.35
2010-2017	68	0.02127	0.02104	0.5	74695	1572	73909	1171204	15.68
2010-2017	69	0.02311	0.02284	0.5	73123	1670	72288	1097295	15.01
2010-2017	70	0.02463	0.02433	0.5	71452	1738	70583	1025008	14.35
2010-2017	71	0.02547	0.02515	0.5	69714	1753	68838	954424	13.69
2010-2017	72	0.02956	0.02913	0.5	67961	1980	66971	885587	13.03
2010-2017	73	0.03281	0.03228	0.5	65981	2130	64916	818616	12.41
2010-2017	74	0.03393	0.03336	0.5	63851	2130	62786	753700	11.80
2010-2017	75	0.03793	0.03722	0.5	61721	2298	60572	690913	11.19
2010-2017	76	0.04158	0.04073	0.5	59424	2420	58213	630341	10.61
2010-2017	77	0.04599	0.04495	0.5	57003	2563	55722	572127	10.04
2010-2017	78	0.04792	0.04680	0.5	54441	2548	53167	516406	9.49
2010-2017	79	0.05469	0.05323	0.5	51893	2762	50512	463239	8.93
2010-2017	80	0.05659	0.05503	0.5	49131	2704	47779	412727	8.40
2010-2017	81	0.06382	0.06185	0.5	46427	2871	44991	364948	7.86
2010-2017	82	0.07190	0.06941	0.5	43555	3023	42044	319957	7.35
2010-2017	83	0.08092	0.07777	0.5	40532	3152	38956	277913	6.86
2010-2017	84	0.09095	0.08700	0.5	37380	3252	35754	238957	6.39
2010-2017	85	0.10210	0.09714	0.5	34128	3315	32471	203203	5.95
2010-2017	86	0.11443	0.10824	0.5	30813	3335	29145	170732	5.54
2010-2017	87	0.12805	0.12034	0.5	27478	3307	25824	141587	5.15
2010-2017	88	0.14302	0.13348	0.5	24171	3226	22558	115762	4.79
2010-2017	89	0.15943	0.14766	0.5	20945	3093	19398	93204	4.45
2010-2017	90	0.17732	0.16288	0.5	17852	2908	16398	73806	4.13
2010-2017	91	0.19676	0.17913	0.5	14944	2677	13606	57408	3.84
2010-2017	92	0.21776	0.19638	0.5	12267	2409	11063	43802	3.57
2010-2017	93	0.24033	0.21455	0.5	9858	2115	8801	32739	3.32
2010-2017	94	0.26445	0.23357	0.5	7743	1809	6839	23938	3.09
2010-2017	95	0.29007	0.25332	0.5	5935	1503	5183	17099	2.88
2010-2017	96	0.31709	0.27370	0.5	4431	1213	3825	11916	2.69
2010-2017	97	0.34541	0.29454	0.5	3218	948	2744	8092	2.51
2010-2017	98	0.37488	0.31570	0.5	2270	717	1912	5347	2.36
2010-2017	99	0.40530	0.33700	0.5	1554	524	1292	3435	2.21
2010-2017	100	0.43646	0.35827	0.5	1030	369	846	2143	2.08
2010-2017	101	0.46814	0.37934	0.5	661	251	536	1298	1.96
2010-2017	102	0.50007	0.40004	0.5	410	164	328	762	1.86
2010-2017	103	0.53200	0.42022	0.5	246	103	194	434	1.76
2010-2017	104	0.56367	0.43974	0.5	143	63	111	239	1.68
2010-2017	105	0.59484	0.45848	0.5	80	37	62	128	1.60
2010-2017	106	0.62525	0.47634	0.5	43	21	33	66	1.53
2010-2017	107	0.65471	0.49324	0.5	23	11	17	33	1.48
2010-2017	108	0.68303	0.50915	0.5	11	6	9	16	1.43
2010-2017	109	0.71005	0.52401	0.5	6	3	4	8	1.39
2010-2017	110+	0.73566	1.00000	1.36	3	3	4	4	1.36
