Reg4: , Lifetables (period 5x5), Females Last modified: 3 Dec 2019, MPv5 (May07) 

Year     	Age	mx	qx	ax	lx	dx	Lx	Tx	ex
1960-1964	0	0.02067	0.02030	0.11	100000	2030	98196	7463830	74.64
1960-1964	1-4	0.00091	0.00364	1.6	97970	356	391027	7365634	75.18
1960-1964	5-9	0.00037	0.00186	2.2	97614	181	487564	6974608	71.45
1960-1964	10-14	0.00030	0.00151	2.58	97433	147	486809	6487044	66.58
1960-1964	15-19	0.00057	0.00283	2.75	97286	276	485809	6000235	61.68
1960-1964	20-24	0.00075	0.00374	2.53	97010	363	484154	5514425	56.84
1960-1964	25-29	0.00084	0.00420	2.55	96647	406	482239	5030272	52.05
1960-1964	30-34	0.00117	0.00584	2.62	96241	562	479869	4548032	47.26
1960-1964	35-39	0.00172	0.00855	2.67	95679	818	476492	4068163	42.52
1960-1964	40-44	0.00259	0.01288	2.7	94861	1222	471490	3591672	37.86
1960-1964	45-49	0.00405	0.02007	2.66	93639	1880	463804	3120182	33.32
1960-1964	50-54	0.00601	0.02963	2.65	91760	2719	452401	2656378	28.95
1960-1964	55-59	0.00841	0.04125	2.63	89041	3673	436494	2203977	24.75
1960-1964	60-64	0.01254	0.06093	2.66	85368	5201	414692	1767483	20.70
1960-1964	65-69	0.01946	0.09302	2.63	80166	7457	383142	1352791	16.87
1960-1964	70-74	0.03187	0.14822	2.65	72709	10777	338194	969649	13.34
1960-1964	75-79	0.05322	0.23587	2.59	61932	14608	274503	631454	10.20
1960-1964	80-84	0.08895	0.36501	2.54	47324	17274	194192	356951	7.54
1960-1964	85-89	0.14825	0.53442	2.39	30050	16059	108324	162759	5.42
1960-1964	90-94	0.22939	0.69773	2.19	13991	9762	42555	54435	3.89
1960-1964	95-99	0.33890	0.83489	1.96	4229	3531	10418	11881	2.81
1960-1964	100-104	0.46874	0.91985	1.7	698	642	1370	1462	2.09
1960-1964	105-109	0.60373	0.96230	1.46	56	54	89	92	1.65
1960-1964	110+	0.70908	1.00000	1.41	2	2	3	3	1.41
1965-1969	0	0.01777	0.01749	0.1	100000	1749	98431	7514157	75.14
1965-1969	1-4	0.00082	0.00326	1.61	98251	320	392239	7415726	75.48
1965-1969	5-9	0.00035	0.00175	2.26	97931	171	489185	7023487	71.72
1965-1969	10-14	0.00030	0.00148	2.67	97760	145	488461	6534302	66.84
1965-1969	15-19	0.00061	0.00306	2.76	97615	299	487404	6045842	61.94
1965-1969	20-24	0.00075	0.00373	2.52	97316	363	485679	5558438	57.12
1965-1969	25-29	0.00088	0.00437	2.57	96953	424	483735	5072759	52.32
1965-1969	30-34	0.00117	0.00582	2.67	96529	562	481333	4589023	47.54
1965-1969	35-39	0.00170	0.00848	2.68	95967	814	477943	4107691	42.80
1965-1969	40-44	0.00263	0.01305	2.66	95153	1241	472866	3629748	38.15
1965-1969	45-49	0.00399	0.01976	2.65	93912	1856	465199	3156882	33.62
1965-1969	50-54	0.00595	0.02933	2.65	92056	2700	453925	2691683	29.24
1965-1969	55-59	0.00856	0.04192	2.63	89356	3746	437881	2237758	25.04
1965-1969	60-64	0.01231	0.05978	2.62	85609	5117	415856	1799876	21.02
1965-1969	65-69	0.01891	0.09052	2.64	80492	7286	385242	1384020	17.19
1965-1969	70-74	0.03066	0.14298	2.64	73206	10467	341330	998778	13.64
1965-1969	75-79	0.05131	0.22833	2.59	62739	14325	279193	657447	10.48
1965-1969	80-84	0.08373	0.34759	2.56	48414	16828	200981	378254	7.81
1965-1969	85-89	0.14115	0.51701	2.41	31586	16330	115692	177273	5.61
1965-1969	90-94	0.21882	0.67997	2.22	15256	10373	47406	61581	4.04
1965-1969	95-99	0.32628	0.82302	1.99	4882	4018	12315	14175	2.90
1965-1969	100-104	0.45509	0.91355	1.72	864	789	1735	1860	2.15
1965-1969	105-109	0.59087	0.95952	1.48	75	72	121	126	1.68
1965-1969	110+	0.69785	1.00000	1.43	3	3	4	4	1.43
1970-1974	0	0.01442	0.01424	0.09	100000	1424	98709	7608397	76.08
1970-1974	1-4	0.00072	0.00287	1.64	98576	283	393637	7509688	76.18
1970-1974	5-9	0.00032	0.00161	2.23	98293	159	491026	7116051	72.40
1970-1974	10-14	0.00028	0.00142	2.73	98134	139	490357	6625026	67.51
1970-1974	15-19	0.00065	0.00326	2.77	97995	320	489263	6134669	62.60
1970-1974	20-24	0.00078	0.00390	2.5	97676	381	487426	5645406	57.80
1970-1974	25-29	0.00084	0.00418	2.58	97295	407	485490	5157979	53.01
1970-1974	30-34	0.00107	0.00531	2.59	96888	515	483200	4672489	48.23
1970-1974	35-39	0.00162	0.00808	2.62	96373	779	480014	4189289	43.47
1970-1974	40-44	0.00243	0.01208	2.64	95594	1155	475251	3709274	38.80
1970-1974	45-49	0.00386	0.01911	2.64	94439	1805	467937	3234023	34.24
1970-1974	50-54	0.00561	0.02769	2.64	92635	2565	457125	2766086	29.86
1970-1974	55-59	0.00834	0.04092	2.65	90070	3685	441697	2308961	25.64
1970-1974	60-64	0.01209	0.05878	2.63	86384	5078	419904	1867264	21.62
1970-1974	65-69	0.01756	0.08425	2.62	81307	6850	390196	1447360	17.80
1970-1974	70-74	0.02825	0.13239	2.63	74456	9858	348939	1057164	14.20
1970-1974	75-79	0.04691	0.21088	2.61	64599	13623	290421	708225	10.96
1970-1974	80-84	0.07710	0.32451	2.56	50976	16542	214550	417804	8.20
1970-1974	85-89	0.13020	0.48810	2.44	34434	16807	129082	203255	5.90
1970-1974	90-94	0.20782	0.66166	2.26	17627	11663	56122	74173	4.21
1970-1974	95-99	0.31078	0.80737	2.02	5964	4815	15493	18051	3.03
1970-1974	100-104	0.43874	0.90541	1.76	1149	1040	2371	2558	2.23
1970-1974	105-109	0.57595	0.95607	1.51	109	104	180	187	1.72
1970-1974	110+	0.68522	1.00000	1.46	5	5	7	7	1.46
1975-1979	0	0.01150	0.01138	0.09	100000	1138	98959	7779122	77.79
1975-1979	1-4	0.00062	0.00248	1.56	98862	245	394850	7680162	77.69
1975-1979	5-9	0.00027	0.00135	2.33	98617	133	492730	7285312	73.87
1975-1979	10-14	0.00024	0.00118	2.67	98484	117	492149	6792582	68.97
1975-1979	15-19	0.00059	0.00296	2.71	98367	291	491172	6300433	64.05
1975-1979	20-24	0.00073	0.00363	2.53	98077	356	489506	5809262	59.23
1975-1979	25-29	0.00075	0.00375	2.55	97721	366	487708	5319756	54.44
1975-1979	30-34	0.00091	0.00453	2.62	97355	441	485722	4832048	49.63
1975-1979	35-39	0.00128	0.00637	2.65	96913	617	483118	4346326	44.85
1975-1979	40-44	0.00207	0.01032	2.68	96296	994	479178	3863208	40.12
1975-1979	45-49	0.00324	0.01606	2.66	95302	1530	472934	3384030	35.51
1975-1979	50-54	0.00495	0.02448	2.65	93772	2296	463455	2911096	31.04
1975-1979	55-59	0.00743	0.03650	2.65	91476	3339	449548	2447640	26.76
1975-1979	60-64	0.01108	0.05398	2.64	88137	4758	429461	1998092	22.67
1975-1979	65-69	0.01604	0.07729	2.64	83379	6444	401667	1568630	18.81
1975-1979	70-74	0.02474	0.11683	2.63	76935	8989	363369	1166963	15.17
1975-1979	75-79	0.04027	0.18383	2.63	67947	12491	310142	803594	11.83
1975-1979	80-84	0.06705	0.28860	2.59	55456	16005	238696	493452	8.90
1975-1979	85-89	0.11301	0.43985	2.48	39451	17353	153552	254756	6.46
1975-1979	90-94	0.18605	0.61865	2.29	22099	13671	73483	101204	4.58
1975-1979	95-99	0.28159	0.77387	2.09	8427	6522	23160	27721	3.29
1975-1979	100-104	0.40542	0.88617	1.82	1906	1689	4165	4561	2.39
1975-1979	105-109	0.54282	0.94719	1.56	217	205	379	396	1.83
1975-1979	110+	0.65478	1.00000	1.53	11	11	17	17	1.53
1980-1984	0	0.00916	0.00909	0.08	100000	909	99163	7856510	78.57
1980-1984	1-4	0.00051	0.00204	1.53	99091	202	395867	7757347	78.28
1980-1984	5-9	0.00024	0.00118	2.4	98890	116	494146	7361480	74.44
1980-1984	10-14	0.00022	0.00110	2.74	98773	108	493622	6867335	69.53
1980-1984	15-19	0.00053	0.00263	2.74	98665	260	492738	6373713	64.60
1980-1984	20-24	0.00061	0.00306	2.49	98405	301	491271	5880975	59.76
1980-1984	25-29	0.00065	0.00324	2.54	98104	318	489740	5389703	54.94
1980-1984	30-34	0.00077	0.00386	2.6	97787	377	488028	4899963	50.11
1980-1984	35-39	0.00111	0.00552	2.67	97409	538	485791	4411935	45.29
1980-1984	40-44	0.00177	0.00884	2.68	96871	856	482368	3926144	40.53
1980-1984	45-49	0.00285	0.01418	2.69	96015	1361	476929	3443776	35.87
1980-1984	50-54	0.00447	0.02211	2.66	94654	2093	468379	2966847	31.34
1980-1984	55-59	0.00699	0.03438	2.67	92561	3182	455402	2498469	26.99
1980-1984	60-64	0.01066	0.05199	2.63	89379	4647	435895	2043066	22.86
1980-1984	65-69	0.01601	0.07712	2.63	84732	6535	408161	1607172	18.97
1980-1984	70-74	0.02480	0.11712	2.63	78197	9158	369284	1199010	15.33
1980-1984	75-79	0.03878	0.17741	2.6	69039	12248	315841	829727	12.02
1980-1984	80-84	0.06548	0.28258	2.58	56790	16048	245097	513886	9.05
1980-1984	85-89	0.10987	0.43028	2.48	40742	17531	159559	268789	6.60
1980-1984	90-94	0.17896	0.60538	2.33	23212	14052	78518	109230	4.71
1980-1984	95-99	0.27525	0.76581	2.1	9160	7015	25485	30712	3.35
1980-1984	100-104	0.39754	0.88102	1.84	2145	1890	4754	5227	2.44
1980-1984	105-109	0.53428	0.94458	1.58	255	241	451	473	1.85
1980-1984	110+	0.64633	1.00000	1.55	14	14	22	22	1.55
1985-1989	0	0.00830	0.00823	0.08	100000	823	99239	7895925	78.96
1985-1989	1-4	0.00045	0.00180	1.53	99177	178	396267	7796685	78.61
1985-1989	5-9	0.00019	0.00096	2.34	98998	95	494740	7400419	74.75
1985-1989	10-14	0.00020	0.00098	2.81	98904	97	494305	6905679	69.82
1985-1989	15-19	0.00050	0.00251	2.67	98807	248	493455	6411374	64.89
1985-1989	20-24	0.00054	0.00271	2.53	98558	267	492130	5917919	60.04
1985-1989	25-29	0.00062	0.00307	2.54	98291	302	490711	5425789	55.20
1985-1989	30-34	0.00075	0.00374	2.63	97989	366	489076	4935078	50.36
1985-1989	35-39	0.00105	0.00525	2.62	97622	512	486890	4446002	45.54
1985-1989	40-44	0.00159	0.00792	2.69	97110	769	483776	3959112	40.77
1985-1989	45-49	0.00258	0.01281	2.7	96341	1234	478864	3475336	36.07
1985-1989	50-54	0.00419	0.02076	2.67	95107	1975	470941	2996472	31.51
1985-1989	55-59	0.00664	0.03271	2.67	93132	3047	458556	2525531	27.12
1985-1989	60-64	0.01043	0.05089	2.63	90085	4585	439584	2066975	22.94
1985-1989	65-69	0.01557	0.07511	2.64	85501	6422	412320	1627391	19.03
1985-1989	70-74	0.02453	0.11592	2.63	79079	9167	373707	1215071	15.37
1985-1989	75-79	0.03853	0.17637	2.6	69912	12331	319994	841364	12.03
1985-1989	80-84	0.06453	0.27914	2.58	57582	16073	249073	521370	9.05
1985-1989	85-89	0.11014	0.43168	2.5	41508	17918	162687	272297	6.56
1985-1989	90-94	0.18149	0.61137	2.33	23590	14422	79465	109611	4.65
1985-1989	95-99	0.28135	0.77399	2.09	9168	7096	25220	30145	3.29
1985-1989	100-104	0.40832	0.88834	1.82	2072	1841	4508	4925	2.38
1985-1989	105-109	0.54912	0.94922	1.55	231	220	400	418	1.81
1985-1989	110+	0.66346	1.00000	1.51	12	12	18	18	1.51
1990-1994	0	0.00677	0.00673	0.07	100000	673	99375	7971152	79.71
1990-1994	1-4	0.00038	0.00151	1.59	99327	150	396947	7871777	79.25
1990-1994	5-9	0.00017	0.00083	2.32	99177	82	495667	7474830	75.37
1990-1994	10-14	0.00019	0.00095	2.86	99095	95	495274	6979163	70.43
1990-1994	15-19	0.00045	0.00225	2.68	99001	223	494485	6483889	65.49
1990-1994	20-24	0.00049	0.00245	2.51	98777	242	493283	5989404	60.64
1990-1994	25-29	0.00055	0.00275	2.58	98535	271	492020	5496121	55.78
1990-1994	30-34	0.00073	0.00365	2.65	98264	359	490478	5004101	50.93
1990-1994	35-39	0.00105	0.00522	2.64	97905	511	488319	4513623	46.10
1990-1994	40-44	0.00153	0.00760	2.67	97394	740	485243	4025305	41.33
1990-1994	45-49	0.00241	0.01198	2.66	96653	1158	480564	3540061	36.63
1990-1994	50-54	0.00388	0.01920	2.67	95496	1834	473216	3059498	32.04
1990-1994	55-59	0.00619	0.03054	2.68	93662	2860	461683	2586282	27.61
1990-1994	60-64	0.00971	0.04748	2.63	90802	4311	443780	2124599	23.40
1990-1994	65-69	0.01487	0.07186	2.65	86491	6215	417859	1680819	19.43
1990-1994	70-74	0.02318	0.10989	2.63	80275	8821	380487	1262960	15.73
1990-1994	75-79	0.03664	0.16844	2.61	71454	12036	328483	882473	12.35
1990-1994	80-84	0.06131	0.26711	2.59	59418	15871	258852	553990	9.32
1990-1994	85-89	0.10371	0.41188	2.5	43547	17936	172955	295138	6.78
1990-1994	90-94	0.17509	0.59897	2.36	25611	15340	87611	122182	4.77
1990-1994	95-99	0.27336	0.76404	2.11	10271	7847	28706	34571	3.37
1990-1994	100-104	0.40029	0.88340	1.84	2423	2141	5348	5865	2.42
1990-1994	105-109	0.54240	0.94738	1.57	283	268	494	516	1.83
1990-1994	110+	0.65838	1.00000	1.52	15	15	23	23	1.52
1995-1999	0	0.00580	0.00577	0.07	100000	577	99463	8008220	80.08
1995-1999	1-4	0.00030	0.00121	1.57	99423	121	397399	7908757	79.55
1995-1999	5-9	0.00015	0.00074	2.42	99302	73	496323	7511358	75.64
1995-1999	10-14	0.00017	0.00084	2.78	99229	84	495960	7015035	70.70
1995-1999	15-19	0.00040	0.00199	2.69	99145	197	495271	6519075	65.75
1995-1999	20-24	0.00045	0.00223	2.47	98948	221	494182	6023804	60.88
1995-1999	25-29	0.00049	0.00243	2.57	98727	240	493052	5529622	56.01
1995-1999	30-34	0.00068	0.00342	2.68	98487	336	491654	5036569	51.14
1995-1999	35-39	0.00101	0.00506	2.68	98151	497	489604	4544915	46.31
1995-1999	40-44	0.00155	0.00770	2.66	97654	752	486511	4055311	41.53
1995-1999	45-49	0.00228	0.01135	2.67	96902	1099	481947	3568801	36.83
1995-1999	50-54	0.00359	0.01779	2.69	95803	1704	475076	3086853	32.22
1995-1999	55-59	0.00575	0.02836	2.68	94098	2668	464303	2611777	27.76
1995-1999	60-64	0.00927	0.04537	2.67	91430	4148	447476	2147474	23.49
1995-1999	65-69	0.01415	0.06846	2.64	87282	5975	422307	1699998	19.48
1995-1999	70-74	0.02267	0.10757	2.63	81307	8746	385804	1277691	15.71
1995-1999	75-79	0.03576	0.16476	2.62	72560	11955	334338	891888	12.29
1995-1999	80-84	0.06193	0.26955	2.6	60605	16336	263778	557550	9.20
1995-1999	85-89	0.10622	0.42004	2.51	44269	18595	175061	293771	6.64
1995-1999	90-94	0.18152	0.61179	2.34	25674	15707	86530	118710	4.62
1995-1999	95-99	0.28690	0.78161	2.09	9967	7790	27153	32180	3.23
1995-1999	100-104	0.42112	0.89671	1.8	2177	1952	4635	5027	2.31
1995-1999	105-109	0.56863	0.95483	1.52	225	215	378	392	1.74
1995-1999	110+	0.68679	1.00000	1.46	10	10	15	15	1.46
2000-2004	0	0.00529	0.00527	0.07	100000	527	99509	8057242	80.57
2000-2004	1-4	0.00026	0.00106	1.63	99473	105	397644	7957733	80.00
2000-2004	5-9	0.00013	0.00064	2.36	99368	64	496672	7560089	76.08
2000-2004	10-14	0.00015	0.00073	2.83	99304	73	496364	7063417	71.13
2000-2004	15-19	0.00036	0.00181	2.8	99231	179	495762	6567053	66.18
2000-2004	20-24	0.00041	0.00207	2.46	99052	205	494740	6071292	61.29
2000-2004	25-29	0.00045	0.00226	2.55	98847	224	493688	5576551	56.42
2000-2004	30-34	0.00062	0.00310	2.7	98624	306	492414	5082863	51.54
2000-2004	35-39	0.00098	0.00491	2.7	98318	482	490482	4590449	46.69
2000-2004	40-44	0.00157	0.00780	2.68	97835	764	487410	4099967	41.91
2000-2004	45-49	0.00234	0.01165	2.65	97072	1131	482705	3612557	37.22
2000-2004	50-54	0.00343	0.01702	2.66	95941	1633	475877	3129852	32.62
2000-2004	55-59	0.00529	0.02611	2.68	94308	2462	465814	2653974	28.14
2000-2004	60-64	0.00849	0.04161	2.66	91845	3822	450283	2188160	23.82
2000-2004	65-69	0.01322	0.06411	2.65	88023	5643	426841	1737877	19.74
2000-2004	70-74	0.02102	0.10016	2.65	82380	8251	392483	1311036	15.91
2000-2004	75-79	0.03427	0.15848	2.63	74129	11748	342835	918553	12.39
2000-2004	80-84	0.06033	0.26363	2.61	62381	16445	272592	575718	9.23
2000-2004	85-89	0.10620	0.42014	2.52	45935	19299	181719	303127	6.60
2000-2004	90-94	0.18425	0.61841	2.34	26636	16472	89400	121407	4.56
2000-2004	95-99	0.29508	0.79194	2.08	10164	8049	27278	32008	3.15
2000-2004	100-104	0.43593	0.90546	1.77	2115	1915	4392	4730	2.24
2000-2004	105-109	0.58872	0.95990	1.49	200	192	326	337	1.69
2000-2004	110+	0.70912	1.00000	1.41	8	8	11	11	1.41
2005-2009	0	0.00515	0.00513	0.07	100000	513	99522	8150633	81.51
2005-2009	1-4	0.00024	0.00096	1.56	99487	95	397716	8051111	80.93
2005-2009	5-9	0.00012	0.00060	2.42	99392	60	496806	7653395	77.00
2005-2009	10-14	0.00013	0.00063	2.72	99332	63	496518	7156589	72.05
2005-2009	15-19	0.00032	0.00162	2.76	99270	160	495989	6660070	67.09
2005-2009	20-24	0.00043	0.00214	2.49	99109	213	495012	6164082	62.19
2005-2009	25-29	0.00048	0.00239	2.59	98897	237	493912	5669070	57.32
2005-2009	30-34	0.00062	0.00310	2.61	98660	306	492569	5175158	52.45
2005-2009	35-39	0.00091	0.00456	2.69	98354	449	490734	4682589	47.61
2005-2009	40-44	0.00146	0.00727	2.7	97905	712	487888	4191855	42.82
2005-2009	45-49	0.00233	0.01156	2.65	97193	1124	483329	3703968	38.11
2005-2009	50-54	0.00340	0.01689	2.63	96069	1622	476504	3220639	33.52
2005-2009	55-59	0.00484	0.02392	2.65	94447	2259	466929	2744135	29.05
2005-2009	60-64	0.00747	0.03672	2.67	92188	3385	453044	2277206	24.70
2005-2009	65-69	0.01157	0.05634	2.65	88803	5003	432274	1824161	20.54
2005-2009	70-74	0.01873	0.08972	2.66	83800	7518	401424	1391887	16.61
2005-2009	75-79	0.03074	0.14330	2.64	76282	10932	355619	990463	12.98
2005-2009	80-84	0.05349	0.23728	2.62	65350	15506	289914	634844	9.71
2005-2009	85-89	0.09728	0.39258	2.54	49844	19568	201158	344930	6.92
2005-2009	90-94	0.17326	0.59460	2.36	30276	18002	103901	143772	4.75
2005-2009	95-99	0.28374	0.77909	2.11	12274	9562	33701	39871	3.25
2005-2009	100-104	0.42754	0.90142	1.79	2711	2444	5717	6170	2.28
2005-2009	105-109	0.58549	0.95944	1.5	267	256	438	453	1.70
2005-2009	110+	0.71028	1.00000	1.41	11	11	15	15	1.41
2010-2014	0	0.00448	0.00446	0.07	100000	446	99584	8247259	82.47
2010-2014	1-4	0.00020	0.00081	1.58	99554	81	398022	8147676	81.84
2010-2014	5-9	0.00009	0.00046	2.31	99474	46	497245	7749653	77.91
2010-2014	10-14	0.00011	0.00054	2.81	99428	54	497021	7252409	72.94
2010-2014	15-19	0.00025	0.00125	2.86	99374	124	496605	6755388	67.98
2010-2014	20-24	0.00040	0.00198	2.56	99250	196	495771	6258783	63.06
2010-2014	25-29	0.00048	0.00237	2.59	99054	235	494702	5763011	58.18
2010-2014	30-34	0.00062	0.00311	2.61	98819	307	493360	5268310	53.31
2010-2014	35-39	0.00086	0.00430	2.64	98511	424	491559	4774950	48.47
2010-2014	40-44	0.00133	0.00662	2.68	98088	650	488932	4283391	43.67
2010-2014	45-49	0.00212	0.01054	2.7	97438	1027	484829	3794458	38.94
2010-2014	50-54	0.00327	0.01621	2.64	96412	1563	478376	3309630	34.33
2010-2014	55-59	0.00470	0.02324	2.63	94849	2204	469011	2831254	29.85
2010-2014	60-64	0.00686	0.03375	2.65	92645	3127	455884	2362243	25.50
2010-2014	65-69	0.01036	0.05056	2.66	89518	4526	437009	1906358	21.30
2010-2014	70-74	0.01664	0.08006	2.65	84992	6805	409002	1469349	17.29
2010-2014	75-79	0.02796	0.13117	2.65	78188	10256	366828	1060347	13.56
2010-2014	80-84	0.04817	0.21626	2.64	67931	14691	304960	693520	10.21
2010-2014	85-89	0.08838	0.36384	2.57	53240	19371	219177	388560	7.30
2010-2014	90-94	0.16068	0.56651	2.4	33870	19188	119416	169383	5.00
2010-2014	95-99	0.26778	0.75891	2.15	14682	11142	41610	49967	3.40
2010-2014	100-104	0.41045	0.89170	1.83	3540	3156	7690	8356	2.36
2010-2014	105-109	0.57049	0.95602	1.52	383	366	642	667	1.74
2010-2014	110+	0.69865	1.00000	1.43	17	17	24	24	1.43
2015-2017	0	0.00425	0.00423	0.06	100000	423	99604	8267315	82.67
2015-2017	1-4	0.00019	0.00077	1.62	99577	77	398125	8167710	82.02
2015-2017	5-9	0.00009	0.00045	2.43	99500	45	497385	7769585	78.09
2015-2017	10-14	0.00011	0.00056	2.79	99455	56	497152	7272200	73.12
2015-2017	15-19	0.00027	0.00133	2.81	99399	132	496705	6775049	68.16
2015-2017	20-24	0.00042	0.00207	2.56	99267	206	495829	6278344	63.25
2015-2017	25-29	0.00052	0.00260	2.57	99061	258	494677	5782514	58.37
2015-2017	30-34	0.00070	0.00350	2.61	98803	346	493188	5287837	53.52
2015-2017	35-39	0.00095	0.00475	2.61	98457	467	491170	4794649	48.70
2015-2017	40-44	0.00131	0.00655	2.64	97990	642	488432	4303479	43.92
2015-2017	45-49	0.00206	0.01024	2.67	97348	997	484413	3815047	39.19
2015-2017	50-54	0.00325	0.01611	2.65	96351	1552	478116	3330634	34.57
2015-2017	55-59	0.00481	0.02377	2.64	94799	2253	468680	2852517	30.09
2015-2017	60-64	0.00689	0.03387	2.64	92546	3135	455318	2383837	25.76
2015-2017	65-69	0.01011	0.04937	2.66	89411	4414	436730	1928519	21.57
2015-2017	70-74	0.01614	0.07779	2.67	84996	6612	409603	1491790	17.55
2015-2017	75-79	0.02709	0.12740	2.67	78384	9986	368668	1082187	13.81
2015-2017	80-84	0.04693	0.21108	2.62	68398	14438	307674	713519	10.43
2015-2017	85-89	0.08347	0.34715	2.58	53960	18732	224411	405845	7.52
2015-2017	90-94	0.15439	0.55171	2.41	35228	19436	125887	181433	5.15
2015-2017	95-99	0.25719	0.74415	2.17	15792	11752	45694	55546	3.52
2015-2017	100-104	0.39602	0.88237	1.86	4041	3565	9003	9852	2.44
2015-2017	105-109	0.55420	0.95173	1.55	475	452	816	850	1.79
2015-2017	110+	0.68264	1.00000	1.46	23	23	34	34	1.46
