SC: South Carolina, Lifetables (period 1x10), Males Last modified: 3 Dec 2019, MPv5 (May07) 

Year     	Age	mx	qx	ax	lx	dx	Lx	Tx	ex
1960-1969	0	0.03470	0.03369	0.14	100000	3369	97096	6315438	63.15
1960-1969	1	0.00277	0.00277	0.5	96631	268	96497	6218342	64.35
1960-1969	2	0.00176	0.00176	0.5	96363	169	96278	6121845	63.53
1960-1969	3	0.00111	0.00111	0.5	96194	107	96140	6025566	62.64
1960-1969	4	0.00095	0.00095	0.5	96087	91	96041	5929426	61.71
1960-1969	5	0.00080	0.00080	0.5	95995	77	95957	5833385	60.77
1960-1969	6	0.00073	0.00073	0.5	95919	70	95884	5737428	59.82
1960-1969	7	0.00056	0.00056	0.5	95849	54	95822	5641544	58.86
1960-1969	8	0.00064	0.00064	0.5	95795	61	95765	5545722	57.89
1960-1969	9	0.00065	0.00065	0.5	95734	62	95703	5449957	56.93
1960-1969	10	0.00056	0.00056	0.5	95672	53	95646	5354254	55.96
1960-1969	11	0.00059	0.00059	0.5	95619	56	95591	5258608	55.00
1960-1969	12	0.00069	0.00069	0.5	95563	66	95530	5163017	54.03
1960-1969	13	0.00076	0.00076	0.5	95497	73	95461	5067487	53.06
1960-1969	14	0.00105	0.00105	0.5	95424	101	95374	4972026	52.10
1960-1969	15	0.00108	0.00108	0.5	95324	103	95272	4876652	51.16
1960-1969	16	0.00159	0.00159	0.5	95221	151	95145	4781380	50.21
1960-1969	17	0.00154	0.00154	0.5	95070	146	94996	4686235	49.29
1960-1969	18	0.00187	0.00187	0.5	94923	178	94834	4591238	48.37
1960-1969	19	0.00208	0.00208	0.5	94746	197	94647	4496404	47.46
1960-1969	20	0.00229	0.00229	0.5	94549	217	94441	4401756	46.56
1960-1969	21	0.00214	0.00214	0.5	94332	202	94231	4307316	45.66
1960-1969	22	0.00241	0.00240	0.5	94130	226	94017	4213084	44.76
1960-1969	23	0.00231	0.00231	0.5	93904	217	93796	4119067	43.86
1960-1969	24	0.00235	0.00235	0.5	93687	220	93577	4025272	42.97
1960-1969	25	0.00242	0.00242	0.5	93467	226	93354	3931694	42.06
1960-1969	26	0.00245	0.00244	0.5	93241	228	93127	3838340	41.17
1960-1969	27	0.00260	0.00260	0.5	93013	242	92892	3745213	40.27
1960-1969	28	0.00269	0.00269	0.5	92771	250	92647	3652321	39.37
1960-1969	29	0.00256	0.00256	0.5	92522	237	92403	3559675	38.47
1960-1969	30	0.00315	0.00315	0.5	92285	291	92140	3467271	37.57
1960-1969	31	0.00315	0.00314	0.5	91994	289	91850	3375132	36.69
1960-1969	32	0.00326	0.00325	0.5	91705	298	91556	3283282	35.80
1960-1969	33	0.00354	0.00354	0.5	91407	323	91246	3191726	34.92
1960-1969	34	0.00351	0.00351	0.5	91084	319	90924	3100480	34.04
1960-1969	35	0.00391	0.00390	0.5	90765	354	90587	3009556	33.16
1960-1969	36	0.00387	0.00386	0.5	90410	349	90236	2918969	32.29
1960-1969	37	0.00447	0.00446	0.5	90061	401	89861	2828733	31.41
1960-1969	38	0.00491	0.00489	0.5	89660	439	89440	2738872	30.55
1960-1969	39	0.00546	0.00545	0.5	89221	486	88978	2649432	29.70
1960-1969	40	0.00620	0.00618	0.5	88735	549	88461	2560454	28.86
1960-1969	41	0.00601	0.00599	0.5	88186	528	87922	2471993	28.03
1960-1969	42	0.00737	0.00734	0.5	87658	643	87336	2384071	27.20
1960-1969	43	0.00800	0.00797	0.5	87015	693	86668	2296734	26.39
1960-1969	44	0.00833	0.00830	0.5	86322	716	85964	2210066	25.60
1960-1969	45	0.00935	0.00931	0.5	85606	797	85207	2124103	24.81
1960-1969	46	0.00950	0.00946	0.5	84809	802	84408	2038895	24.04
1960-1969	47	0.01115	0.01109	0.5	84007	932	83541	1954487	23.27
1960-1969	48	0.01169	0.01162	0.5	83076	965	82593	1870946	22.52
1960-1969	49	0.01242	0.01234	0.5	82110	1013	81604	1788353	21.78
1960-1969	50	0.01496	0.01485	0.5	81097	1204	80495	1706749	21.05
1960-1969	51	0.01481	0.01470	0.5	79893	1174	79306	1626254	20.36
1960-1969	52	0.01688	0.01674	0.5	78719	1317	78060	1546949	19.65
1960-1969	53	0.01832	0.01816	0.5	77401	1405	76699	1468889	18.98
1960-1969	54	0.01922	0.01903	0.5	75996	1447	75273	1392190	18.32
1960-1969	55	0.02184	0.02161	0.5	74549	1611	73744	1316917	17.67
1960-1969	56	0.02305	0.02279	0.5	72939	1662	72107	1243173	17.04
1960-1969	57	0.02424	0.02395	0.5	71276	1707	70423	1171066	16.43
1960-1969	58	0.02600	0.02566	0.5	69569	1785	68677	1100643	15.82
1960-1969	59	0.02753	0.02716	0.5	67784	1841	66864	1031966	15.22
1960-1969	60	0.03233	0.03181	0.5	65943	2098	64894	965103	14.64
1960-1969	61	0.03278	0.03225	0.5	63845	2059	62816	900208	14.10
1960-1969	62	0.03919	0.03844	0.5	61786	2375	60599	837393	13.55
1960-1969	63	0.03795	0.03724	0.5	59411	2213	58305	776794	13.07
1960-1969	64	0.04038	0.03958	0.5	57199	2264	56067	718489	12.56
1960-1969	65	0.04925	0.04807	0.5	54935	2641	53614	662422	12.06
1960-1969	66	0.04862	0.04746	0.5	52294	2482	51053	608808	11.64
1960-1969	67	0.05457	0.05312	0.5	49812	2646	48489	557755	11.20
1960-1969	68	0.05432	0.05288	0.5	47166	2494	45919	509266	10.80
1960-1969	69	0.05599	0.05447	0.5	44672	2433	43455	463347	10.37
1960-1969	70	0.06648	0.06434	0.5	42239	2718	40880	419892	9.94
1960-1969	71	0.06080	0.05900	0.5	39521	2332	38355	379012	9.59
1960-1969	72	0.07029	0.06790	0.5	37189	2525	35927	340657	9.16
1960-1969	73	0.07029	0.06791	0.5	34664	2354	33487	304730	8.79
1960-1969	74	0.07375	0.07113	0.5	32310	2298	31161	271243	8.40
1960-1969	75	0.08134	0.07816	0.5	30012	2346	28839	240082	8.00
1960-1969	76	0.08094	0.07779	0.5	27666	2152	26590	211243	7.64
1960-1969	77	0.08275	0.07946	0.5	25514	2027	24500	184653	7.24
1960-1969	78	0.09372	0.08953	0.5	23487	2103	22435	160153	6.82
1960-1969	79	0.09474	0.09045	0.5	21384	1934	20417	137718	6.44
1960-1969	80	0.12570	0.11827	0.5	19450	2300	18299	117301	6.03
1960-1969	81	0.13102	0.12296	0.5	17149	2109	16095	99002	5.77
1960-1969	82	0.13937	0.13029	0.5	15041	1960	14061	82907	5.51
1960-1969	83	0.14817	0.13795	0.5	13081	1804	12179	68846	5.26
1960-1969	84	0.15742	0.14593	0.5	11276	1646	10454	56667	5.03
1960-1969	85	0.16713	0.15424	0.5	9631	1485	8888	46214	4.80
1960-1969	86	0.17731	0.16287	0.5	8145	1327	7482	37325	4.58
1960-1969	87	0.18798	0.17183	0.5	6819	1172	6233	29843	4.38
1960-1969	88	0.19913	0.18110	0.5	5647	1023	5136	23610	4.18
1960-1969	89	0.21078	0.19068	0.5	4624	882	4183	18475	4.00
1960-1969	90	0.22291	0.20056	0.5	3743	751	3367	14291	3.82
1960-1969	91	0.23553	0.21072	0.5	2992	630	2677	10924	3.65
1960-1969	92	0.24864	0.22115	0.5	2362	522	2100	8247	3.49
1960-1969	93	0.26223	0.23183	0.5	1839	426	1626	6147	3.34
1960-1969	94	0.27629	0.24276	0.5	1413	343	1241	4521	3.20
1960-1969	95	0.29081	0.25389	0.5	1070	272	934	3279	3.07
1960-1969	96	0.30576	0.26522	0.5	798	212	692	2345	2.94
1960-1969	97	0.32114	0.27671	0.5	587	162	505	1653	2.82
1960-1969	98	0.33691	0.28834	0.5	424	122	363	1147	2.70
1960-1969	99	0.35306	0.30009	0.5	302	91	257	784	2.60
1960-1969	100	0.36955	0.31192	0.5	211	66	178	528	2.50
1960-1969	101	0.38635	0.32380	0.5	145	47	122	349	2.40
1960-1969	102	0.40343	0.33571	0.5	98	33	82	228	2.31
1960-1969	103	0.42074	0.34761	0.5	65	23	54	146	2.23
1960-1969	104	0.43825	0.35948	0.5	43	15	35	92	2.15
1960-1969	105	0.45591	0.37128	0.5	27	10	22	57	2.08
1960-1969	106	0.47369	0.38298	0.5	17	7	14	35	2.01
1960-1969	107	0.49153	0.39456	0.5	11	4	8	21	1.95
1960-1969	108	0.50939	0.40599	0.5	6	3	5	12	1.90
1960-1969	109	0.52723	0.41724	0.5	4	2	3	7	1.86
1960-1969	110+	0.54501	1.00000	1.83	2	2	4	4	1.83
1970-1979	0	0.02340	0.02292	0.11	100000	2292	97955	6543087	65.43
1970-1979	1	0.00135	0.00135	0.5	97708	132	97642	6445132	65.96
1970-1979	2	0.00099	0.00099	0.5	97576	97	97528	6347490	65.05
1970-1979	3	0.00070	0.00070	0.5	97480	68	97446	6249962	64.12
1970-1979	4	0.00061	0.00061	0.5	97412	59	97382	6152516	63.16
1970-1979	5	0.00061	0.00061	0.5	97353	60	97323	6055134	62.20
1970-1979	6	0.00060	0.00060	0.5	97293	58	97264	5957811	61.24
1970-1979	7	0.00053	0.00053	0.5	97235	51	97210	5860546	60.27
1970-1979	8	0.00056	0.00056	0.5	97184	55	97157	5763337	59.30
1970-1979	9	0.00052	0.00052	0.5	97129	50	97104	5666180	58.34
1970-1979	10	0.00054	0.00054	0.5	97079	52	97053	5569076	57.37
1970-1979	11	0.00043	0.00043	0.5	97027	42	97006	5472023	56.40
1970-1979	12	0.00053	0.00053	0.5	96985	51	96959	5375017	55.42
1970-1979	13	0.00067	0.00067	0.5	96933	65	96901	5278058	54.45
1970-1979	14	0.00081	0.00081	0.5	96868	79	96829	5181157	53.49
1970-1979	15	0.00102	0.00102	0.5	96790	99	96740	5084328	52.53
1970-1979	16	0.00145	0.00144	0.5	96690	140	96621	4987588	51.58
1970-1979	17	0.00184	0.00184	0.5	96551	178	96462	4890967	50.66
1970-1979	18	0.00193	0.00193	0.5	96373	186	96280	4794505	49.75
1970-1979	19	0.00201	0.00201	0.5	96187	193	96090	4698225	48.84
1970-1979	20	0.00204	0.00204	0.5	95994	196	95896	4602135	47.94
1970-1979	21	0.00218	0.00217	0.5	95798	208	95694	4506239	47.04
1970-1979	22	0.00218	0.00218	0.5	95590	209	95486	4410545	46.14
1970-1979	23	0.00209	0.00209	0.5	95381	199	95282	4315059	45.24
1970-1979	24	0.00224	0.00224	0.5	95182	213	95076	4219777	44.33
1970-1979	25	0.00223	0.00222	0.5	94969	211	94864	4124701	43.43
1970-1979	26	0.00234	0.00233	0.5	94758	221	94648	4029838	42.53
1970-1979	27	0.00255	0.00254	0.5	94537	240	94417	3935190	41.63
1970-1979	28	0.00262	0.00261	0.5	94297	246	94174	3840773	40.73
1970-1979	29	0.00253	0.00253	0.5	94050	238	93931	3746599	39.84
1970-1979	30	0.00253	0.00253	0.5	93812	237	93694	3652668	38.94
1970-1979	31	0.00246	0.00245	0.5	93575	230	93460	3558974	38.03
1970-1979	32	0.00278	0.00277	0.5	93346	259	93216	3465513	37.13
1970-1979	33	0.00272	0.00272	0.5	93087	253	92960	3372297	36.23
1970-1979	34	0.00334	0.00334	0.5	92834	310	92679	3279337	35.32
1970-1979	35	0.00357	0.00356	0.5	92524	329	92359	3186658	34.44
1970-1979	36	0.00383	0.00382	0.5	92195	353	92018	3094298	33.56
1970-1979	37	0.00383	0.00383	0.5	91842	351	91666	3002280	32.69
1970-1979	38	0.00460	0.00459	0.5	91491	420	91281	2910614	31.81
1970-1979	39	0.00501	0.00500	0.5	91071	455	90843	2819333	30.96
1970-1979	40	0.00543	0.00542	0.5	90616	491	90370	2728489	30.11
1970-1979	41	0.00571	0.00569	0.5	90125	513	89868	2638119	29.27
1970-1979	42	0.00658	0.00656	0.5	89612	587	89318	2548251	28.44
1970-1979	43	0.00683	0.00681	0.5	89024	606	88721	2458933	27.62
1970-1979	44	0.00798	0.00795	0.5	88418	703	88067	2370212	26.81
1970-1979	45	0.00828	0.00825	0.5	87715	723	87354	2282145	26.02
1970-1979	46	0.00876	0.00872	0.5	86992	758	86613	2194792	25.23
1970-1979	47	0.00986	0.00981	0.5	86233	846	85811	2108179	24.45
1970-1979	48	0.01048	0.01042	0.5	85388	890	84943	2022369	23.68
1970-1979	49	0.01127	0.01121	0.5	84498	947	84024	1937426	22.93
1970-1979	50	0.01288	0.01280	0.5	83551	1069	83016	1853402	22.18
1970-1979	51	0.01353	0.01344	0.5	82481	1109	81927	1770386	21.46
1970-1979	52	0.01467	0.01457	0.5	81373	1185	80780	1688459	20.75
1970-1979	53	0.01567	0.01555	0.5	80187	1247	79564	1607679	20.05
1970-1979	54	0.01775	0.01759	0.5	78940	1389	78246	1528116	19.36
1970-1979	55	0.01850	0.01833	0.5	77552	1422	76841	1449870	18.70
1970-1979	56	0.02045	0.02024	0.5	76130	1541	75359	1373029	18.04
1970-1979	57	0.02200	0.02176	0.5	74589	1623	73777	1297669	17.40
1970-1979	58	0.02356	0.02329	0.5	72966	1699	72116	1223892	16.77
1970-1979	59	0.02620	0.02586	0.5	71267	1843	70345	1151776	16.16
1970-1979	60	0.02852	0.02812	0.5	69424	1952	68447	1081430	15.58
1970-1979	61	0.02907	0.02865	0.5	67471	1933	66505	1012983	15.01
1970-1979	62	0.03347	0.03292	0.5	65538	2158	64459	946478	14.44
1970-1979	63	0.03506	0.03446	0.5	63381	2184	62289	882019	13.92
1970-1979	64	0.03647	0.03581	0.5	61197	2192	60101	819730	13.39
1970-1979	65	0.04005	0.03927	0.5	59005	2317	57847	759629	12.87
1970-1979	66	0.04050	0.03969	0.5	56688	2250	55563	701782	12.38
1970-1979	67	0.04312	0.04221	0.5	54438	2298	53289	646219	11.87
1970-1979	68	0.04765	0.04654	0.5	52140	2427	50927	592930	11.37
1970-1979	69	0.04836	0.04722	0.5	49714	2347	48540	542003	10.90
1970-1979	70	0.05840	0.05674	0.5	47366	2688	46022	493463	10.42
1970-1979	71	0.05736	0.05576	0.5	44679	2491	43433	447440	10.01
1970-1979	72	0.06315	0.06122	0.5	42187	2583	40896	404007	9.58
1970-1979	73	0.06591	0.06381	0.5	39605	2527	38341	363111	9.17
1970-1979	74	0.07401	0.07137	0.5	37077	2646	35754	324770	8.76
1970-1979	75	0.07420	0.07155	0.5	34431	2463	33200	289016	8.39
1970-1979	76	0.07966	0.07661	0.5	31968	2449	30743	255816	8.00
1970-1979	77	0.08363	0.08027	0.5	29519	2370	28334	225073	7.62
1970-1979	78	0.08823	0.08450	0.5	27149	2294	26002	196739	7.25
1970-1979	79	0.09776	0.09320	0.5	24855	2317	23697	170736	6.87
1970-1979	80	0.11276	0.10674	0.5	22539	2406	21336	147040	6.52
1970-1979	81	0.11029	0.10453	0.5	20133	2104	19080	125704	6.24
1970-1979	82	0.12354	0.11635	0.5	18028	2098	16979	106623	5.91
1970-1979	83	0.13704	0.12825	0.5	15931	2043	14909	89644	5.63
1970-1979	84	0.14432	0.13460	0.5	13888	1869	12953	74735	5.38
1970-1979	85	0.15325	0.14234	0.5	12018	1711	11163	61782	5.14
1970-1979	86	0.16263	0.15040	0.5	10307	1550	9532	50619	4.91
1970-1979	87	0.17247	0.15878	0.5	8757	1390	8062	41087	4.69
1970-1979	88	0.18278	0.16747	0.5	7367	1234	6750	33025	4.48
1970-1979	89	0.19356	0.17648	0.5	6133	1082	5592	26275	4.28
1970-1979	90	0.20481	0.18578	0.5	5051	938	4581	20683	4.10
1970-1979	91	0.21654	0.19539	0.5	4112	803	3711	16102	3.92
1970-1979	92	0.22875	0.20527	0.5	3309	679	2969	12391	3.74
1970-1979	93	0.24144	0.21543	0.5	2630	567	2346	9422	3.58
1970-1979	94	0.25460	0.22585	0.5	2063	466	1830	7076	3.43
1970-1979	95	0.26822	0.23650	0.5	1597	378	1408	5245	3.28
1970-1979	96	0.28229	0.24738	0.5	1219	302	1069	3837	3.15
1970-1979	97	0.29680	0.25845	0.5	918	237	799	2768	3.02
1970-1979	98	0.31174	0.26970	0.5	681	184	589	1969	2.89
1970-1979	99	0.32708	0.28111	0.5	497	140	427	1380	2.78
1970-1979	100	0.34279	0.29264	0.5	357	105	305	953	2.67
1970-1979	101	0.35886	0.30427	0.5	253	77	214	648	2.56
1970-1979	102	0.37525	0.31597	0.5	176	56	148	434	2.47
1970-1979	103	0.39193	0.32771	0.5	120	39	101	286	2.38
1970-1979	104	0.40887	0.33947	0.5	81	27	67	185	2.29
1970-1979	105	0.42603	0.35122	0.5	53	19	44	118	2.21
1970-1979	106	0.44337	0.36292	0.5	35	13	28	74	2.14
1970-1979	107	0.46085	0.37454	0.5	22	8	18	46	2.08
1970-1979	108	0.47842	0.38607	0.5	14	5	11	28	2.02
1970-1979	109	0.49605	0.39747	0.5	8	3	7	17	1.97
1970-1979	110+	0.51369	1.00000	1.95	5	5	10	10	1.95
1980-1989	0	0.01580	0.01558	0.09	100000	1558	98578	6873294	68.73
1980-1989	1	0.00113	0.00113	0.5	98442	111	98387	6774716	68.82
1980-1989	2	0.00076	0.00076	0.5	98331	75	98294	6676329	67.90
1980-1989	3	0.00060	0.00060	0.5	98257	59	98227	6578035	66.95
1980-1989	4	0.00047	0.00046	0.5	98198	46	98175	6479808	65.99
1980-1989	5	0.00036	0.00036	0.5	98152	35	98135	6381633	65.02
1980-1989	6	0.00035	0.00035	0.5	98117	34	98100	6283498	64.04
1980-1989	7	0.00034	0.00034	0.5	98083	33	98066	6185398	63.06
1980-1989	8	0.00041	0.00041	0.5	98049	40	98029	6087332	62.08
1980-1989	9	0.00030	0.00030	0.5	98009	30	97994	5989303	61.11
1980-1989	10	0.00032	0.00032	0.5	97979	31	97964	5891309	60.13
1980-1989	11	0.00038	0.00038	0.5	97948	38	97929	5793346	59.15
1980-1989	12	0.00044	0.00044	0.5	97910	43	97889	5695416	58.17
1980-1989	13	0.00043	0.00043	0.5	97867	42	97846	5597528	57.20
1980-1989	14	0.00068	0.00068	0.5	97825	67	97792	5499681	56.22
1980-1989	15	0.00085	0.00085	0.5	97759	83	97717	5401889	55.26
1980-1989	16	0.00115	0.00115	0.5	97676	112	97620	5304172	54.30
1980-1989	17	0.00138	0.00138	0.5	97564	135	97496	5206552	53.37
1980-1989	18	0.00159	0.00159	0.5	97429	155	97352	5109056	52.44
1980-1989	19	0.00155	0.00155	0.5	97275	151	97199	5011704	51.52
1980-1989	20	0.00153	0.00153	0.5	97124	148	97050	4914505	50.60
1980-1989	21	0.00185	0.00184	0.5	96976	179	96886	4817455	49.68
1980-1989	22	0.00187	0.00187	0.5	96797	181	96706	4720569	48.77
1980-1989	23	0.00186	0.00185	0.5	96616	179	96527	4623862	47.86
1980-1989	24	0.00182	0.00182	0.5	96437	175	96349	4527336	46.95
1980-1989	25	0.00189	0.00189	0.5	96262	182	96171	4430986	46.03
1980-1989	26	0.00178	0.00178	0.5	96080	171	95995	4334815	45.12
1980-1989	27	0.00193	0.00193	0.5	95909	185	95817	4238820	44.20
1980-1989	28	0.00219	0.00219	0.5	95725	210	95620	4143003	43.28
1980-1989	29	0.00212	0.00212	0.5	95515	202	95414	4047383	42.37
1980-1989	30	0.00237	0.00237	0.5	95313	226	95200	3951970	41.46
1980-1989	31	0.00234	0.00234	0.5	95087	222	94975	3856770	40.56
1980-1989	32	0.00228	0.00227	0.5	94864	216	94756	3761795	39.65
1980-1989	33	0.00242	0.00241	0.5	94649	228	94534	3667038	38.74
1980-1989	34	0.00258	0.00257	0.5	94420	243	94299	3572504	37.84
1980-1989	35	0.00282	0.00281	0.5	94177	265	94045	3478205	36.93
1980-1989	36	0.00288	0.00287	0.5	93912	270	93778	3384160	36.04
1980-1989	37	0.00307	0.00307	0.5	93643	287	93499	3290383	35.14
1980-1989	38	0.00318	0.00318	0.5	93355	297	93207	3196884	34.24
1980-1989	39	0.00339	0.00339	0.5	93059	315	92901	3103677	33.35
1980-1989	40	0.00372	0.00372	0.5	92744	345	92571	3010775	32.46
1980-1989	41	0.00436	0.00436	0.5	92399	402	92198	2918204	31.58
1980-1989	42	0.00461	0.00460	0.5	91997	423	91785	2826006	30.72
1980-1989	43	0.00487	0.00486	0.5	91574	445	91351	2734221	29.86
1980-1989	44	0.00515	0.00514	0.5	91129	468	90895	2642870	29.00
1980-1989	45	0.00552	0.00550	0.5	90661	499	90411	2551975	28.15
1980-1989	46	0.00626	0.00624	0.5	90162	563	89881	2461564	27.30
1980-1989	47	0.00663	0.00661	0.5	89599	592	89303	2371683	26.47
1980-1989	48	0.00806	0.00803	0.5	89007	715	88649	2282380	25.64
1980-1989	49	0.00836	0.00832	0.5	88292	735	87925	2193731	24.85
1980-1989	50	0.00903	0.00898	0.5	87557	787	87164	2105806	24.05
1980-1989	51	0.00982	0.00977	0.5	86771	848	86347	2018642	23.26
1980-1989	52	0.01094	0.01088	0.5	85922	935	85455	1932296	22.49
1980-1989	53	0.01182	0.01175	0.5	84988	999	84489	1846840	21.73
1980-1989	54	0.01286	0.01278	0.5	83989	1073	83453	1762352	20.98
1980-1989	55	0.01458	0.01447	0.5	82916	1200	82316	1678899	20.25
1980-1989	56	0.01595	0.01582	0.5	81716	1293	81070	1596583	19.54
1980-1989	57	0.01595	0.01582	0.5	80423	1273	79787	1515514	18.84
1980-1989	58	0.01854	0.01837	0.5	79151	1454	78424	1435726	18.14
1980-1989	59	0.01943	0.01925	0.5	77697	1495	76949	1357303	17.47
1980-1989	60	0.02179	0.02155	0.5	76202	1642	75381	1280353	16.80
1980-1989	61	0.02291	0.02265	0.5	74559	1689	73715	1204973	16.16
1980-1989	62	0.02559	0.02527	0.5	72871	1842	71950	1131258	15.52
1980-1989	63	0.02692	0.02656	0.5	71029	1887	70086	1059308	14.91
1980-1989	64	0.02932	0.02889	0.5	69142	1998	68144	989222	14.31
1980-1989	65	0.03202	0.03152	0.5	67145	2116	66087	921079	13.72
1980-1989	66	0.03559	0.03497	0.5	65028	2274	63891	854992	13.15
1980-1989	67	0.03518	0.03457	0.5	62755	2170	61670	791101	12.61
1980-1989	68	0.04092	0.04010	0.5	60585	2429	59370	729431	12.04
1980-1989	69	0.04356	0.04263	0.5	58155	2479	56916	670061	11.52
1980-1989	70	0.04670	0.04563	0.5	55676	2541	54406	613145	11.01
1980-1989	71	0.04896	0.04779	0.5	53135	2539	51866	558740	10.52
1980-1989	72	0.05748	0.05587	0.5	50596	2827	49183	506874	10.02
1980-1989	73	0.05961	0.05789	0.5	47769	2765	46387	457691	9.58
1980-1989	74	0.06234	0.06045	0.5	45004	2721	43644	411305	9.14
1980-1989	75	0.06951	0.06717	0.5	42284	2840	40863	367661	8.70
1980-1989	76	0.07283	0.07027	0.5	39443	2772	38057	326798	8.29
1980-1989	77	0.07786	0.07494	0.5	36672	2748	35297	288740	7.87
1980-1989	78	0.08594	0.08240	0.5	33923	2795	32526	253443	7.47
1980-1989	79	0.08465	0.08121	0.5	31128	2528	29864	220917	7.10
1980-1989	80	0.10186	0.09692	0.5	28600	2772	27214	191053	6.68
1980-1989	81	0.10718	0.10172	0.5	25828	2627	24515	163839	6.34
1980-1989	82	0.11755	0.11103	0.5	23201	2576	21913	139324	6.01
1980-1989	83	0.12956	0.12168	0.5	20625	2510	19370	117411	5.69
1980-1989	84	0.13988	0.13074	0.5	18115	2368	16931	98041	5.41
1980-1989	85	0.14915	0.13880	0.5	15747	2186	14654	81110	5.15
1980-1989	86	0.15799	0.14642	0.5	13561	1986	12569	66456	4.90
1980-1989	87	0.16911	0.15592	0.5	11576	1805	10673	53887	4.66
1980-1989	88	0.18084	0.16585	0.5	9771	1620	8961	43214	4.42
1980-1989	89	0.19320	0.17618	0.5	8150	1436	7432	34253	4.20
1980-1989	90	0.20619	0.18692	0.5	6714	1255	6087	26821	3.99
1980-1989	91	0.21982	0.19805	0.5	5459	1081	4919	20734	3.80
1980-1989	92	0.23408	0.20956	0.5	4378	917	3919	15815	3.61
1980-1989	93	0.24898	0.22141	0.5	3461	766	3078	11896	3.44
1980-1989	94	0.26449	0.23360	0.5	2694	629	2380	8818	3.27
1980-1989	95	0.28061	0.24608	0.5	2065	508	1811	6439	3.12
1980-1989	96	0.29731	0.25883	0.5	1557	403	1355	4628	2.97
1980-1989	97	0.31457	0.27182	0.5	1154	314	997	3272	2.84
1980-1989	98	0.33237	0.28500	0.5	840	239	720	2275	2.71
1980-1989	99	0.35065	0.29834	0.5	601	179	511	1555	2.59
1980-1989	100	0.36938	0.31180	0.5	422	131	356	1044	2.48
1980-1989	101	0.38852	0.32532	0.5	290	94	243	688	2.37
1980-1989	102	0.40800	0.33887	0.5	196	66	163	445	2.27
1980-1989	103	0.42778	0.35240	0.5	129	46	107	282	2.18
1980-1989	104	0.44779	0.36587	0.5	84	31	68	176	2.10
1980-1989	105	0.46797	0.37924	0.5	53	20	43	107	2.02
1980-1989	106	0.48826	0.39245	0.5	33	13	27	64	1.95
1980-1989	107	0.50858	0.40547	0.5	20	8	16	38	1.88
1980-1989	108	0.52888	0.41827	0.5	12	5	9	22	1.83
1980-1989	109	0.54908	0.43081	0.5	7	3	5	12	1.78
1980-1989	110+	0.56913	1.00000	1.76	4	4	7	7	1.76
1990-1999	0	0.01132	0.01120	0.08	100000	1120	98964	7059062	70.59
1990-1999	1	0.00078	0.00078	0.5	98880	77	98841	6960098	70.39
1990-1999	2	0.00057	0.00057	0.5	98803	56	98775	6861256	69.44
1990-1999	3	0.00046	0.00046	0.5	98747	45	98724	6762482	68.48
1990-1999	4	0.00035	0.00035	0.5	98701	34	98684	6663758	67.51
1990-1999	5	0.00031	0.00031	0.5	98667	31	98651	6565074	66.54
1990-1999	6	0.00025	0.00025	0.5	98636	25	98624	6466422	65.56
1990-1999	7	0.00022	0.00022	0.5	98611	22	98600	6367799	64.57
1990-1999	8	0.00029	0.00029	0.5	98589	28	98575	6269198	63.59
1990-1999	9	0.00027	0.00027	0.5	98561	27	98548	6170623	62.61
1990-1999	10	0.00027	0.00027	0.5	98534	27	98521	6072075	61.62
1990-1999	11	0.00028	0.00028	0.5	98508	28	98494	5973554	60.64
1990-1999	12	0.00036	0.00036	0.5	98480	35	98463	5875060	59.66
1990-1999	13	0.00047	0.00047	0.5	98445	46	98422	5776598	58.68
1990-1999	14	0.00056	0.00056	0.5	98399	56	98371	5678175	57.71
1990-1999	15	0.00070	0.00070	0.5	98344	69	98309	5579804	56.74
1990-1999	16	0.00114	0.00114	0.5	98275	112	98219	5481495	55.78
1990-1999	17	0.00132	0.00132	0.5	98163	129	98098	5383276	54.84
1990-1999	18	0.00155	0.00155	0.5	98034	152	97958	5285177	53.91
1990-1999	19	0.00153	0.00153	0.5	97882	150	97807	5187219	52.99
1990-1999	20	0.00166	0.00166	0.5	97732	162	97651	5089412	52.08
1990-1999	21	0.00175	0.00175	0.5	97570	170	97485	4991761	51.16
1990-1999	22	0.00176	0.00176	0.5	97400	171	97314	4894276	50.25
1990-1999	23	0.00173	0.00173	0.5	97229	168	97144	4796961	49.34
1990-1999	24	0.00177	0.00177	0.5	97060	172	96974	4699817	48.42
1990-1999	25	0.00177	0.00177	0.5	96889	171	96803	4602843	47.51
1990-1999	26	0.00183	0.00182	0.5	96717	176	96629	4506040	46.59
1990-1999	27	0.00183	0.00182	0.5	96541	176	96453	4409410	45.67
1990-1999	28	0.00199	0.00199	0.5	96365	192	96269	4312958	44.76
1990-1999	29	0.00214	0.00214	0.5	96173	206	96070	4216689	43.84
1990-1999	30	0.00225	0.00224	0.5	95967	215	95860	4120619	42.94
1990-1999	31	0.00239	0.00239	0.5	95752	229	95638	4024759	42.03
1990-1999	32	0.00246	0.00246	0.5	95523	235	95406	3929121	41.13
1990-1999	33	0.00270	0.00270	0.5	95288	257	95160	3833716	40.23
1990-1999	34	0.00267	0.00266	0.5	95031	253	94905	3738556	39.34
1990-1999	35	0.00259	0.00259	0.5	94778	245	94655	3643651	38.44
1990-1999	36	0.00295	0.00295	0.5	94533	278	94393	3548996	37.54
1990-1999	37	0.00322	0.00321	0.5	94254	303	94103	3454602	36.65
1990-1999	38	0.00363	0.00363	0.5	93951	341	93781	3360500	35.77
1990-1999	39	0.00366	0.00366	0.5	93611	342	93439	3266719	34.90
1990-1999	40	0.00368	0.00368	0.5	93268	343	93097	3173279	34.02
1990-1999	41	0.00422	0.00421	0.5	92925	392	92730	3080182	33.15
1990-1999	42	0.00423	0.00422	0.5	92534	391	92339	2987453	32.28
1990-1999	43	0.00471	0.00470	0.5	92143	433	91927	2895114	31.42
1990-1999	44	0.00471	0.00470	0.5	91710	431	91495	2803187	30.57
1990-1999	45	0.00518	0.00517	0.5	91279	472	91044	2711693	29.71
1990-1999	46	0.00587	0.00585	0.5	90808	531	90542	2620649	28.86
1990-1999	47	0.00607	0.00605	0.5	90276	546	90003	2530107	28.03
1990-1999	48	0.00674	0.00672	0.5	89730	603	89428	2440104	27.19
1990-1999	49	0.00696	0.00694	0.5	89127	618	88818	2350676	26.37
1990-1999	50	0.00755	0.00752	0.5	88508	666	88176	2261858	25.56
1990-1999	51	0.00850	0.00846	0.5	87843	743	87471	2173683	24.75
1990-1999	52	0.00942	0.00938	0.5	87100	817	86691	2086212	23.95
1990-1999	53	0.00971	0.00966	0.5	86283	833	85866	1999520	23.17
1990-1999	54	0.01092	0.01086	0.5	85450	928	84986	1913654	22.40
1990-1999	55	0.01172	0.01165	0.5	84522	985	84029	1828668	21.64
1990-1999	56	0.01283	0.01275	0.5	83537	1065	83004	1744639	20.88
1990-1999	57	0.01369	0.01359	0.5	82472	1121	81911	1661634	20.15
1990-1999	58	0.01560	0.01548	0.5	81351	1259	80721	1579723	19.42
1990-1999	59	0.01544	0.01532	0.5	80092	1227	79478	1499002	18.72
1990-1999	60	0.01746	0.01731	0.5	78864	1365	78182	1419524	18.00
1990-1999	61	0.01954	0.01935	0.5	77499	1499	76750	1341342	17.31
1990-1999	62	0.02160	0.02136	0.5	76000	1624	75188	1264593	16.64
1990-1999	63	0.02324	0.02297	0.5	74376	1708	73522	1189405	15.99
1990-1999	64	0.02491	0.02460	0.5	72668	1788	71774	1115883	15.36
1990-1999	65	0.02530	0.02499	0.5	70880	1771	69995	1044109	14.73
1990-1999	66	0.02749	0.02711	0.5	69109	1874	68172	974114	14.10
1990-1999	67	0.03011	0.02966	0.5	67235	1994	66238	905942	13.47
1990-1999	68	0.03420	0.03363	0.5	65241	2194	64144	839704	12.87
1990-1999	69	0.03594	0.03530	0.5	63047	2226	61934	775560	12.30
1990-1999	70	0.03880	0.03806	0.5	60821	2315	59664	713626	11.73
1990-1999	71	0.04385	0.04291	0.5	58506	2511	57251	653962	11.18
1990-1999	72	0.04538	0.04438	0.5	55996	2485	54753	596711	10.66
1990-1999	73	0.05157	0.05027	0.5	53511	2690	52166	541958	10.13
1990-1999	74	0.05540	0.05391	0.5	50821	2740	49451	489792	9.64
1990-1999	75	0.05995	0.05820	0.5	48081	2798	46682	440341	9.16
1990-1999	76	0.06401	0.06202	0.5	45283	2808	43878	393659	8.69
1990-1999	77	0.07035	0.06796	0.5	42474	2887	41031	349781	8.24
1990-1999	78	0.07413	0.07148	0.5	39588	2830	38173	308750	7.80
1990-1999	79	0.07894	0.07594	0.5	36758	2791	35362	270577	7.36
1990-1999	80	0.09434	0.09009	0.5	33966	3060	32436	235215	6.92
1990-1999	81	0.09809	0.09351	0.5	30906	2890	29461	202778	6.56
1990-1999	82	0.10737	0.10190	0.5	28016	2855	26589	173317	6.19
1990-1999	83	0.11634	0.10994	0.5	25162	2766	23778	146728	5.83
1990-1999	84	0.12926	0.12141	0.5	22395	2719	21036	122949	5.49
1990-1999	85	0.14037	0.13117	0.5	19676	2581	18386	101914	5.18
1990-1999	86	0.15228	0.14150	0.5	17095	2419	15886	83528	4.89
1990-1999	87	0.16500	0.15242	0.5	14676	2237	13558	67642	4.61
1990-1999	88	0.17855	0.16392	0.5	12439	2039	11420	54085	4.35
1990-1999	89	0.19297	0.17599	0.5	10400	1830	9485	42665	4.10
1990-1999	90	0.20825	0.18861	0.5	8570	1616	7762	33180	3.87
1990-1999	91	0.22440	0.20176	0.5	6954	1403	6252	25418	3.66
1990-1999	92	0.24143	0.21542	0.5	5551	1196	4953	19166	3.45
1990-1999	93	0.25932	0.22955	0.5	4355	1000	3855	14213	3.26
1990-1999	94	0.27804	0.24411	0.5	3355	819	2946	10358	3.09
1990-1999	95	0.29758	0.25904	0.5	2536	657	2208	7412	2.92
1990-1999	96	0.31788	0.27428	0.5	1879	515	1621	5205	2.77
1990-1999	97	0.33890	0.28979	0.5	1364	395	1166	3583	2.63
1990-1999	98	0.36058	0.30550	0.5	969	296	821	2417	2.50
1990-1999	99	0.38283	0.32133	0.5	673	216	565	1596	2.37
1990-1999	100	0.40560	0.33721	0.5	457	154	380	1032	2.26
1990-1999	101	0.42877	0.35308	0.5	303	107	249	652	2.16
1990-1999	102	0.45226	0.36885	0.5	196	72	160	403	2.06
1990-1999	103	0.47597	0.38447	0.5	124	47	100	243	1.97
1990-1999	104	0.49978	0.39986	0.5	76	30	61	144	1.89
1990-1999	105	0.52360	0.41496	0.5	46	19	36	83	1.81
1990-1999	106	0.54730	0.42971	0.5	27	11	21	47	1.75
1990-1999	107	0.57080	0.44406	0.5	15	7	12	26	1.69
1990-1999	108	0.59398	0.45797	0.5	8	4	7	14	1.63
1990-1999	109	0.61675	0.47139	0.5	5	2	4	7	1.59
1990-1999	110+	0.63902	1.00000	1.56	2	2	4	4	1.56
2000-2009	0	0.00971	0.00962	0.07	100000	962	99106	7261700	72.62
2000-2009	1	0.00056	0.00056	0.5	99038	56	99010	7162594	72.32
2000-2009	2	0.00036	0.00036	0.5	98982	35	98964	7063584	71.36
2000-2009	3	0.00034	0.00034	0.5	98947	33	98930	6964620	70.39
2000-2009	4	0.00028	0.00028	0.5	98913	28	98899	6865690	69.41
2000-2009	5	0.00018	0.00018	0.5	98885	18	98876	6766791	68.43
2000-2009	6	0.00020	0.00020	0.5	98867	20	98857	6667915	67.44
2000-2009	7	0.00023	0.00023	0.5	98847	23	98835	6569058	66.46
2000-2009	8	0.00018	0.00018	0.5	98824	18	98814	6470223	65.47
2000-2009	9	0.00019	0.00019	0.5	98805	18	98796	6371408	64.48
2000-2009	10	0.00016	0.00016	0.5	98787	16	98779	6272612	63.50
2000-2009	11	0.00024	0.00024	0.5	98771	24	98759	6173833	62.51
2000-2009	12	0.00027	0.00027	0.5	98747	26	98734	6075074	61.52
2000-2009	13	0.00032	0.00032	0.5	98721	31	98705	5976339	60.54
2000-2009	14	0.00037	0.00037	0.5	98690	37	98671	5877634	59.56
2000-2009	15	0.00053	0.00053	0.5	98653	52	98627	5778963	58.58
2000-2009	16	0.00083	0.00083	0.5	98601	82	98560	5680336	57.61
2000-2009	17	0.00118	0.00118	0.5	98519	116	98461	5581776	56.66
2000-2009	18	0.00135	0.00135	0.5	98403	133	98337	5483315	55.72
2000-2009	19	0.00148	0.00148	0.5	98270	146	98198	5384978	54.80
2000-2009	20	0.00169	0.00169	0.5	98125	166	98042	5286780	53.88
2000-2009	21	0.00180	0.00180	0.5	97959	176	97871	5188739	52.97
2000-2009	22	0.00173	0.00173	0.5	97783	169	97698	5090868	52.06
2000-2009	23	0.00183	0.00183	0.5	97614	178	97524	4993169	51.15
2000-2009	24	0.00188	0.00187	0.5	97435	183	97344	4895645	50.25
2000-2009	25	0.00172	0.00172	0.5	97252	167	97169	4798301	49.34
2000-2009	26	0.00178	0.00178	0.5	97085	173	96999	4701133	48.42
2000-2009	27	0.00202	0.00202	0.5	96912	195	96814	4604134	47.51
2000-2009	28	0.00189	0.00189	0.5	96717	183	96625	4507320	46.60
2000-2009	29	0.00198	0.00198	0.5	96534	191	96438	4410694	45.69
2000-2009	30	0.00207	0.00207	0.5	96343	199	96243	4314256	44.78
2000-2009	31	0.00187	0.00187	0.5	96143	180	96054	4218013	43.87
2000-2009	32	0.00199	0.00199	0.5	95964	191	95868	4121960	42.95
2000-2009	33	0.00210	0.00210	0.5	95773	201	95672	4026091	42.04
2000-2009	34	0.00220	0.00220	0.5	95572	210	95466	3930419	41.13
2000-2009	35	0.00215	0.00214	0.5	95361	204	95259	3834953	40.22
2000-2009	36	0.00226	0.00226	0.5	95157	215	95049	3739694	39.30
2000-2009	37	0.00257	0.00256	0.5	94942	243	94820	3644645	38.39
2000-2009	38	0.00284	0.00284	0.5	94698	269	94564	3549825	37.49
2000-2009	39	0.00295	0.00295	0.5	94429	278	94290	3455261	36.59
2000-2009	40	0.00341	0.00340	0.5	94151	320	93991	3360971	35.70
2000-2009	41	0.00353	0.00352	0.5	93831	330	93666	3266980	34.82
2000-2009	42	0.00402	0.00401	0.5	93500	375	93313	3173314	33.94
2000-2009	43	0.00422	0.00421	0.5	93126	392	92930	3080001	33.07
2000-2009	44	0.00466	0.00465	0.5	92734	431	92518	2987072	32.21
2000-2009	45	0.00497	0.00496	0.5	92302	458	92073	2894554	31.36
2000-2009	46	0.00555	0.00554	0.5	91845	509	91590	2802480	30.51
2000-2009	47	0.00588	0.00586	0.5	91336	536	91068	2710890	29.68
2000-2009	48	0.00620	0.00618	0.5	90800	561	90520	2619822	28.85
2000-2009	49	0.00663	0.00661	0.5	90239	596	89941	2529302	28.03
2000-2009	50	0.00734	0.00731	0.5	89642	656	89315	2439362	27.21
2000-2009	51	0.00813	0.00809	0.5	88987	720	88627	2350047	26.41
2000-2009	52	0.00865	0.00861	0.5	88266	760	87886	2261421	25.62
2000-2009	53	0.00902	0.00898	0.5	87506	786	87114	2173534	24.84
2000-2009	54	0.00985	0.00980	0.5	86721	850	86296	2086421	24.06
2000-2009	55	0.01056	0.01050	0.5	85871	902	85420	2000125	23.29
2000-2009	56	0.01139	0.01132	0.5	84969	962	84488	1914705	22.53
2000-2009	57	0.01205	0.01198	0.5	84007	1006	83504	1830217	21.79
2000-2009	58	0.01263	0.01256	0.5	83001	1042	82480	1746713	21.04
2000-2009	59	0.01379	0.01369	0.5	81959	1122	81398	1664233	20.31
2000-2009	60	0.01493	0.01482	0.5	80836	1198	80238	1582836	19.58
2000-2009	61	0.01560	0.01548	0.5	79639	1233	79022	1502598	18.87
2000-2009	62	0.01707	0.01693	0.5	78406	1327	77742	1423576	18.16
2000-2009	63	0.01782	0.01767	0.5	77079	1362	76398	1345833	17.46
2000-2009	64	0.01939	0.01920	0.5	75717	1454	74990	1269435	16.77
2000-2009	65	0.02122	0.02100	0.5	74263	1559	73484	1194445	16.08
2000-2009	66	0.02270	0.02245	0.5	72704	1632	71888	1120962	15.42
2000-2009	67	0.02402	0.02374	0.5	71072	1687	70228	1049074	14.76
2000-2009	68	0.02639	0.02605	0.5	69385	1807	68481	978845	14.11
2000-2009	69	0.02837	0.02798	0.5	67578	1891	66632	910364	13.47
2000-2009	70	0.03031	0.02986	0.5	65687	1961	64707	843731	12.84
2000-2009	71	0.03379	0.03323	0.5	63726	2117	62667	779025	12.22
2000-2009	72	0.03627	0.03562	0.5	61609	2194	60511	716357	11.63
2000-2009	73	0.03982	0.03904	0.5	59414	2320	58254	655846	11.04
2000-2009	74	0.04293	0.04203	0.5	57095	2400	55895	597592	10.47
2000-2009	75	0.04898	0.04781	0.5	54695	2615	53388	541697	9.90
2000-2009	76	0.05335	0.05196	0.5	52080	2706	50727	488309	9.38
2000-2009	77	0.05712	0.05553	0.5	49374	2742	48003	437582	8.86
2000-2009	78	0.06229	0.06041	0.5	46632	2817	45224	389579	8.35
2000-2009	79	0.06877	0.06649	0.5	43815	2913	42359	344355	7.86
2000-2009	80	0.07537	0.07263	0.5	40902	2971	39417	301997	7.38
2000-2009	81	0.08419	0.08079	0.5	37931	3065	36399	262580	6.92
2000-2009	82	0.09549	0.09114	0.5	34867	3178	33278	226181	6.49
2000-2009	83	0.10102	0.09617	0.5	31689	3047	30165	192903	6.09
2000-2009	84	0.11438	0.10819	0.5	28642	3099	27092	162737	5.68
2000-2009	85	0.12680	0.11924	0.5	25543	3046	24020	135645	5.31
2000-2009	86	0.14024	0.13105	0.5	22497	2948	21023	111625	4.96
2000-2009	87	0.15486	0.14373	0.5	19549	2810	18144	90602	4.63
2000-2009	88	0.17069	0.15727	0.5	16739	2633	15423	72458	4.33
2000-2009	89	0.18778	0.17166	0.5	14107	2422	12896	57035	4.04
2000-2009	90	0.20616	0.18689	0.5	11685	2184	10593	44139	3.78
2000-2009	91	0.22583	0.20292	0.5	9501	1928	8537	33546	3.53
2000-2009	92	0.24680	0.21969	0.5	7573	1664	6741	25009	3.30
2000-2009	93	0.26904	0.23714	0.5	5909	1401	5209	18268	3.09
2000-2009	94	0.29251	0.25519	0.5	4508	1150	3933	13059	2.90
2000-2009	95	0.31714	0.27373	0.5	3358	919	2898	9126	2.72
2000-2009	96	0.34283	0.29266	0.5	2439	714	2082	6228	2.55
2000-2009	97	0.36948	0.31186	0.5	1725	538	1456	4146	2.40
2000-2009	98	0.39695	0.33121	0.5	1187	393	990	2691	2.27
2000-2009	99	0.42508	0.35057	0.5	794	278	655	1700	2.14
2000-2009	100	0.45371	0.36982	0.5	516	191	420	1045	2.03
2000-2009	101	0.48265	0.38882	0.5	325	126	262	625	1.92
2000-2009	102	0.51170	0.40745	0.5	199	81	158	364	1.83
2000-2009	103	0.54068	0.42562	0.5	118	50	93	205	1.75
2000-2009	104	0.56938	0.44321	0.5	68	30	53	113	1.67
2000-2009	105	0.59763	0.46013	0.5	38	17	29	60	1.60
2000-2009	106	0.62524	0.47633	0.5	20	10	15	31	1.54
2000-2009	107	0.65206	0.49174	0.5	11	5	8	16	1.49
2000-2009	108	0.67795	0.50632	0.5	5	3	4	8	1.44
2000-2009	109	0.70279	0.52005	0.5	3	1	2	4	1.40
2000-2009	110+	0.72648	1.00000	1.38	1	1	2	2	1.38
2010-2017	0	0.00786	0.00780	0.07	100000	780	99271	7413907	74.14
2010-2017	1	0.00060	0.00060	0.5	99220	59	99190	7314636	73.72
2010-2017	2	0.00042	0.00042	0.5	99160	42	99139	7215446	72.77
2010-2017	3	0.00033	0.00033	0.5	99118	33	99102	7116307	71.80
2010-2017	4	0.00014	0.00014	0.5	99086	13	99079	7017205	70.82
2010-2017	5	0.00020	0.00020	0.5	99072	19	99062	6918126	69.83
2010-2017	6	0.00014	0.00014	0.5	99053	14	99046	6819063	68.84
2010-2017	7	0.00015	0.00015	0.5	99039	14	99031	6720018	67.85
2010-2017	8	0.00015	0.00015	0.5	99024	14	99017	6620986	66.86
2010-2017	9	0.00012	0.00012	0.5	99010	12	99004	6521969	65.87
2010-2017	10	0.00013	0.00013	0.5	98998	13	98992	6422965	64.88
2010-2017	11	0.00018	0.00018	0.5	98985	18	98976	6323974	63.89
2010-2017	12	0.00017	0.00017	0.5	98967	17	98959	6224997	62.90
2010-2017	13	0.00021	0.00021	0.5	98950	21	98940	6126039	61.91
2010-2017	14	0.00031	0.00031	0.5	98930	31	98914	6027099	60.92
2010-2017	15	0.00041	0.00041	0.5	98899	40	98879	5928184	59.94
2010-2017	16	0.00058	0.00058	0.5	98859	57	98830	5829306	58.97
2010-2017	17	0.00095	0.00095	0.5	98801	94	98754	5730475	58.00
2010-2017	18	0.00111	0.00111	0.5	98707	109	98653	5631721	57.05
2010-2017	19	0.00113	0.00113	0.5	98598	112	98542	5533069	56.12
2010-2017	20	0.00125	0.00125	0.5	98486	123	98425	5434526	55.18
2010-2017	21	0.00156	0.00156	0.5	98363	154	98286	5336102	54.25
2010-2017	22	0.00142	0.00142	0.5	98210	139	98140	5237815	53.33
2010-2017	23	0.00182	0.00182	0.5	98071	178	97981	5139675	52.41
2010-2017	24	0.00172	0.00172	0.5	97892	168	97808	5041694	51.50
2010-2017	25	0.00175	0.00175	0.5	97724	171	97638	4943886	50.59
2010-2017	26	0.00168	0.00168	0.5	97553	164	97471	4846247	49.68
2010-2017	27	0.00177	0.00177	0.5	97389	172	97303	4748776	48.76
2010-2017	28	0.00199	0.00199	0.5	97217	194	97120	4651474	47.85
2010-2017	29	0.00198	0.00198	0.5	97023	192	96927	4554354	46.94
2010-2017	30	0.00209	0.00208	0.5	96831	202	96730	4457427	46.03
2010-2017	31	0.00214	0.00214	0.5	96629	207	96526	4360697	45.13
2010-2017	32	0.00212	0.00212	0.5	96422	204	96320	4264171	44.22
2010-2017	33	0.00229	0.00229	0.5	96218	220	96108	4167851	43.32
2010-2017	34	0.00222	0.00221	0.5	95998	213	95891	4071743	42.41
2010-2017	35	0.00240	0.00239	0.5	95785	229	95671	3975851	41.51
2010-2017	36	0.00239	0.00239	0.5	95556	228	95442	3880181	40.61
2010-2017	37	0.00262	0.00261	0.5	95328	249	95203	3784738	39.70
2010-2017	38	0.00260	0.00260	0.5	95079	247	94956	3689535	38.80
2010-2017	39	0.00290	0.00290	0.5	94832	275	94695	3594580	37.90
2010-2017	40	0.00281	0.00281	0.5	94557	265	94424	3499885	37.01
2010-2017	41	0.00303	0.00303	0.5	94292	286	94149	3405461	36.12
2010-2017	42	0.00323	0.00323	0.5	94006	303	93854	3311312	35.22
2010-2017	43	0.00369	0.00369	0.5	93703	346	93530	3217457	34.34
2010-2017	44	0.00387	0.00386	0.5	93357	360	93177	3123927	33.46
2010-2017	45	0.00423	0.00422	0.5	92997	392	92801	3030750	32.59
2010-2017	46	0.00445	0.00444	0.5	92604	411	92399	2937950	31.73
2010-2017	47	0.00524	0.00523	0.5	92193	482	91952	2845551	30.87
2010-2017	48	0.00567	0.00565	0.5	91711	518	91452	2753599	30.02
2010-2017	49	0.00621	0.00619	0.5	91193	564	90911	2662147	29.19
2010-2017	50	0.00686	0.00684	0.5	90629	620	90319	2571236	28.37
2010-2017	51	0.00760	0.00757	0.5	90009	682	89668	2480917	27.56
2010-2017	52	0.00788	0.00785	0.5	89327	701	88976	2391249	26.77
2010-2017	53	0.00906	0.00902	0.5	88626	799	88226	2302273	25.98
2010-2017	54	0.00950	0.00945	0.5	87827	830	87412	2214047	25.21
2010-2017	55	0.01073	0.01067	0.5	86997	928	86532	2126635	24.45
2010-2017	56	0.01140	0.01133	0.5	86068	975	85581	2040103	23.70
2010-2017	57	0.01200	0.01193	0.5	85093	1015	84585	1954522	22.97
2010-2017	58	0.01260	0.01252	0.5	84078	1053	83551	1869937	22.24
2010-2017	59	0.01302	0.01294	0.5	83025	1074	82488	1786386	21.52
2010-2017	60	0.01480	0.01469	0.5	81951	1204	81349	1703898	20.79
2010-2017	61	0.01531	0.01520	0.5	80747	1227	80134	1622549	20.09
2010-2017	62	0.01571	0.01559	0.5	79520	1240	78900	1542415	19.40
2010-2017	63	0.01653	0.01640	0.5	78280	1283	77639	1463515	18.70
2010-2017	64	0.01810	0.01794	0.5	76997	1381	76306	1385876	18.00
2010-2017	65	0.01898	0.01880	0.5	75616	1422	74905	1309570	17.32
2010-2017	66	0.01926	0.01908	0.5	74194	1416	73486	1234665	16.64
2010-2017	67	0.02121	0.02099	0.5	72778	1528	72015	1161179	15.95
2010-2017	68	0.02231	0.02207	0.5	71251	1572	70465	1089164	15.29
2010-2017	69	0.02427	0.02398	0.5	69679	1671	68843	1018700	14.62
2010-2017	70	0.02620	0.02587	0.5	68008	1759	67129	949856	13.97
2010-2017	71	0.02810	0.02771	0.5	66249	1836	65331	882728	13.32
2010-2017	72	0.03096	0.03049	0.5	64413	1964	63431	817397	12.69
2010-2017	73	0.03292	0.03238	0.5	62449	2022	61438	753965	12.07
2010-2017	74	0.03654	0.03589	0.5	60427	2169	59343	692527	11.46
2010-2017	75	0.03900	0.03825	0.5	58258	2228	57144	633184	10.87
2010-2017	76	0.04401	0.04307	0.5	56030	2413	54824	576040	10.28
2010-2017	77	0.04739	0.04629	0.5	53617	2482	52376	521217	9.72
2010-2017	78	0.05286	0.05149	0.5	51135	2633	49819	468841	9.17
2010-2017	79	0.05647	0.05492	0.5	48502	2664	47170	419022	8.64
2010-2017	80	0.06518	0.06312	0.5	45838	2893	44392	371852	8.11
2010-2017	81	0.06961	0.06727	0.5	42945	2889	41501	327460	7.63
2010-2017	82	0.07860	0.07563	0.5	40056	3030	38542	285959	7.14
2010-2017	83	0.08493	0.08147	0.5	37027	3017	35519	247417	6.68
2010-2017	84	0.09405	0.08983	0.5	34010	3055	32483	211899	6.23
2010-2017	85	0.10834	0.10277	0.5	30955	3181	29364	179416	5.80
2010-2017	86	0.12083	0.11395	0.5	27774	3165	26192	150052	5.40
2010-2017	87	0.13454	0.12606	0.5	24609	3102	23058	123860	5.03
2010-2017	88	0.14955	0.13915	0.5	21507	2993	20011	100802	4.69
2010-2017	89	0.16591	0.15320	0.5	18514	2836	17096	80792	4.36
2010-2017	90	0.18367	0.16822	0.5	15678	2637	14359	63696	4.06
2010-2017	91	0.20287	0.18419	0.5	13040	2402	11840	49336	3.78
2010-2017	92	0.22353	0.20106	0.5	10639	2139	9569	37497	3.52
2010-2017	93	0.24565	0.21878	0.5	8500	1860	7570	27928	3.29
2010-2017	94	0.26919	0.23726	0.5	6640	1575	5852	20358	3.07
2010-2017	95	0.29411	0.25640	0.5	5065	1299	4415	14506	2.86
2010-2017	96	0.32033	0.27610	0.5	3766	1040	3246	10090	2.68
2010-2017	97	0.34773	0.29623	0.5	2726	808	2322	6844	2.51
2010-2017	98	0.37618	0.31662	0.5	1919	607	1615	4522	2.36
2010-2017	99	0.40551	0.33715	0.5	1311	442	1090	2907	2.22
2010-2017	100	0.43553	0.35764	0.5	869	311	714	1817	2.09
2010-2017	101	0.46603	0.37796	0.5	558	211	453	1103	1.98
2010-2017	102	0.49678	0.39794	0.5	347	138	278	650	1.87
2010-2017	103	0.52756	0.41745	0.5	209	87	165	372	1.78
2010-2017	104	0.55813	0.43636	0.5	122	53	95	206	1.69
2010-2017	105	0.58827	0.45457	0.5	69	31	53	111	1.62
2010-2017	106	0.61776	0.47198	0.5	37	18	29	58	1.55
2010-2017	107	0.64641	0.48852	0.5	20	10	15	30	1.49
2010-2017	108	0.67404	0.50414	0.5	10	5	8	15	1.44
2010-2017	109	0.70052	0.51880	0.5	5	3	4	7	1.40
2010-2017	110+	0.72572	1.00000	1.38	2	2	3	3	1.38
