MT: Montana, Lifetables (period 1x5), Both sexes Last modified: 3 Dec 2019, MPv5 (May07) 

Year     	Age	mx	qx	ax	lx	dx	Lx	Tx	ex
1960-1964	0	0.02569	0.02512	0.12	100000	2512	97789	6991360	69.91
1960-1964	1	0.00188	0.00188	0.5	97488	183	97396	6893571	70.71
1960-1964	2	0.00110	0.00110	0.5	97305	107	97252	6796174	69.84
1960-1964	3	0.00086	0.00086	0.5	97198	83	97157	6698923	68.92
1960-1964	4	0.00061	0.00061	0.5	97115	59	97085	6601766	67.98
1960-1964	5	0.00063	0.00063	0.5	97056	61	97025	6504681	67.02
1960-1964	6	0.00061	0.00061	0.5	96995	59	96965	6407656	66.06
1960-1964	7	0.00037	0.00037	0.5	96935	35	96918	6310691	65.10
1960-1964	8	0.00056	0.00056	0.5	96900	55	96873	6213773	64.13
1960-1964	9	0.00031	0.00031	0.5	96845	30	96830	6116901	63.16
1960-1964	10	0.00044	0.00044	0.5	96815	43	96793	6020071	62.18
1960-1964	11	0.00042	0.00042	0.5	96772	40	96752	5923277	61.21
1960-1964	12	0.00050	0.00050	0.5	96732	48	96707	5826526	60.23
1960-1964	13	0.00065	0.00065	0.5	96683	63	96652	5729818	59.26
1960-1964	14	0.00065	0.00065	0.5	96620	63	96589	5633167	58.30
1960-1964	15	0.00060	0.00060	0.5	96557	58	96528	5536578	57.34
1960-1964	16	0.00101	0.00101	0.5	96499	97	96451	5440050	56.37
1960-1964	17	0.00143	0.00142	0.5	96402	137	96333	5343599	55.43
1960-1964	18	0.00143	0.00142	0.5	96265	137	96196	5247266	54.51
1960-1964	19	0.00177	0.00176	0.5	96128	170	96043	5151070	53.59
1960-1964	20	0.00186	0.00186	0.5	95958	179	95869	5055027	52.68
1960-1964	21	0.00209	0.00209	0.5	95779	200	95679	4959158	51.78
1960-1964	22	0.00201	0.00201	0.5	95579	192	95483	4863479	50.88
1960-1964	23	0.00188	0.00188	0.5	95387	179	95298	4767996	49.99
1960-1964	24	0.00153	0.00153	0.5	95208	145	95135	4672698	49.08
1960-1964	25	0.00204	0.00204	0.5	95063	194	94966	4577563	48.15
1960-1964	26	0.00167	0.00167	0.5	94869	158	94790	4482597	47.25
1960-1964	27	0.00144	0.00144	0.5	94711	136	94643	4387807	46.33
1960-1964	28	0.00136	0.00136	0.5	94574	129	94510	4293164	45.39
1960-1964	29	0.00152	0.00151	0.5	94445	143	94374	4198654	44.46
1960-1964	30	0.00186	0.00186	0.5	94302	175	94215	4104280	43.52
1960-1964	31	0.00185	0.00185	0.5	94127	174	94040	4010066	42.60
1960-1964	32	0.00171	0.00171	0.5	93953	161	93873	3916026	41.68
1960-1964	33	0.00199	0.00199	0.5	93792	186	93699	3822153	40.75
1960-1964	34	0.00209	0.00209	0.5	93606	196	93508	3728454	39.83
1960-1964	35	0.00228	0.00227	0.5	93410	212	93304	3634945	38.91
1960-1964	36	0.00225	0.00225	0.5	93198	209	93093	3541641	38.00
1960-1964	37	0.00229	0.00229	0.5	92989	213	92882	3448548	37.09
1960-1964	38	0.00300	0.00299	0.5	92776	278	92637	3355666	36.17
1960-1964	39	0.00297	0.00296	0.5	92498	274	92361	3263029	35.28
1960-1964	40	0.00314	0.00313	0.5	92224	289	92080	3170668	34.38
1960-1964	41	0.00319	0.00318	0.5	91935	293	91789	3078588	33.49
1960-1964	42	0.00379	0.00379	0.5	91643	347	91469	2986799	32.59
1960-1964	43	0.00426	0.00425	0.5	91296	388	91102	2895330	31.71
1960-1964	44	0.00481	0.00479	0.5	90908	436	90690	2804228	30.85
1960-1964	45	0.00423	0.00422	0.5	90472	382	90281	2713538	29.99
1960-1964	46	0.00481	0.00479	0.5	90090	432	89874	2623257	29.12
1960-1964	47	0.00575	0.00574	0.5	89658	514	89401	2533383	28.26
1960-1964	48	0.00690	0.00688	0.5	89144	613	88837	2443982	27.42
1960-1964	49	0.00658	0.00656	0.5	88531	581	88240	2355144	26.60
1960-1964	50	0.00724	0.00721	0.5	87950	634	87632	2266904	25.78
1960-1964	51	0.00855	0.00851	0.5	87315	743	86944	2179272	24.96
1960-1964	52	0.00900	0.00896	0.5	86572	776	86184	2092329	24.17
1960-1964	53	0.01046	0.01040	0.5	85796	893	85350	2006144	23.38
1960-1964	54	0.01102	0.01096	0.5	84904	930	84439	1920794	22.62
1960-1964	55	0.01165	0.01158	0.5	83974	972	83487	1836356	21.87
1960-1964	56	0.01273	0.01265	0.5	83001	1050	82476	1752868	21.12
1960-1964	57	0.01280	0.01272	0.5	81951	1042	81430	1670392	20.38
1960-1964	58	0.01289	0.01281	0.5	80909	1036	80390	1588962	19.64
1960-1964	59	0.01489	0.01478	0.5	79872	1181	79282	1508572	18.89
1960-1964	60	0.01676	0.01662	0.5	78692	1308	78038	1429290	18.16
1960-1964	61	0.01690	0.01676	0.5	77384	1297	76736	1351252	17.46
1960-1964	62	0.01934	0.01915	0.5	76087	1457	75359	1274517	16.75
1960-1964	63	0.02161	0.02138	0.5	74630	1596	73832	1199158	16.07
1960-1964	64	0.02234	0.02209	0.5	73034	1613	72228	1125326	15.41
1960-1964	65	0.02537	0.02505	0.5	71421	1789	70526	1053098	14.74
1960-1964	66	0.02618	0.02584	0.5	69632	1799	68732	982572	14.11
1960-1964	67	0.02895	0.02854	0.5	67832	1936	66865	913840	13.47
1960-1964	68	0.03091	0.03044	0.5	65897	2006	64894	846975	12.85
1960-1964	69	0.03459	0.03400	0.5	63891	2172	62805	782081	12.24
1960-1964	70	0.03978	0.03900	0.5	61719	2407	60515	719276	11.65
1960-1964	71	0.04232	0.04145	0.5	59311	2458	58082	658762	11.11
1960-1964	72	0.04798	0.04685	0.5	56853	2664	55521	600679	10.57
1960-1964	73	0.05096	0.04969	0.5	54189	2693	52843	545158	10.06
1960-1964	74	0.05431	0.05287	0.5	51496	2723	50135	492315	9.56
1960-1964	75	0.05916	0.05746	0.5	48774	2803	47372	442180	9.07
1960-1964	76	0.05630	0.05475	0.5	45971	2517	44713	394808	8.59
1960-1964	77	0.06930	0.06698	0.5	43454	2911	41999	350095	8.06
1960-1964	78	0.07664	0.07381	0.5	40543	2993	39047	308097	7.60
1960-1964	79	0.08474	0.08130	0.5	37551	3053	36024	269049	7.16
1960-1964	80	0.09291	0.08878	0.5	34498	3063	32967	233025	6.75
1960-1964	81	0.10176	0.09684	0.5	31435	3044	29913	200058	6.36
1960-1964	82	0.11137	0.10550	0.5	28391	2995	26894	170145	5.99
1960-1964	83	0.12177	0.11478	0.5	25396	2915	23939	143252	5.64
1960-1964	84	0.13300	0.12471	0.5	22481	2804	21079	119313	5.31
1960-1964	85	0.14511	0.13529	0.5	19677	2662	18346	98234	4.99
1960-1964	86	0.15813	0.14655	0.5	17015	2494	15768	79887	4.70
1960-1964	87	0.17210	0.15846	0.5	14522	2301	13371	64119	4.42
1960-1964	88	0.18704	0.17104	0.5	12221	2090	11175	50748	4.15
1960-1964	89	0.20298	0.18427	0.5	10130	1867	9197	39573	3.91
1960-1964	90	0.21992	0.19813	0.5	8264	1637	7445	30376	3.68
1960-1964	91	0.23787	0.21259	0.5	6626	1409	5922	22931	3.46
1960-1964	92	0.25683	0.22760	0.5	5218	1188	4624	17009	3.26
1960-1964	93	0.27676	0.24312	0.5	4030	980	3540	12385	3.07
1960-1964	94	0.29765	0.25909	0.5	3050	790	2655	8845	2.90
1960-1964	95	0.31944	0.27544	0.5	2260	622	1949	6190	2.74
1960-1964	96	0.34207	0.29211	0.5	1637	478	1398	4241	2.59
1960-1964	97	0.36546	0.30900	0.5	1159	358	980	2843	2.45
1960-1964	98	0.38954	0.32604	0.5	801	261	670	1863	2.33
1960-1964	99	0.41418	0.34313	0.5	540	185	447	1192	2.21
1960-1964	100	0.43929	0.36018	0.5	355	128	291	745	2.10
1960-1964	101	0.46474	0.37711	0.5	227	86	184	454	2.00
1960-1964	102	0.49039	0.39382	0.5	141	56	113	270	1.91
1960-1964	103	0.51611	0.41024	0.5	86	35	68	157	1.83
1960-1964	104	0.54177	0.42629	0.5	51	22	40	89	1.75
1960-1964	105	0.56722	0.44190	0.5	29	13	23	49	1.68
1960-1964	106	0.59235	0.45700	0.5	16	7	12	26	1.62
1960-1964	107	0.61701	0.47154	0.5	9	4	7	14	1.57
1960-1964	108	0.64110	0.48548	0.5	5	2	4	7	1.52
1960-1964	109	0.66451	0.49878	0.5	2	1	2	4	1.48
1960-1964	110+	0.68715	1.00000	1.46	1	1	2	2	1.46
1965-1969	0	0.02244	0.02200	0.11	100000	2200	98042	7036537	70.37
1965-1969	1	0.00150	0.00150	0.5	97800	147	97726	6938495	70.95
1965-1969	2	0.00121	0.00121	0.5	97653	118	97594	6840769	70.05
1965-1969	3	0.00086	0.00086	0.5	97535	84	97493	6743175	69.14
1965-1969	4	0.00070	0.00070	0.5	97451	69	97416	6645682	68.20
1965-1969	5	0.00051	0.00051	0.5	97382	50	97357	6548266	67.24
1965-1969	6	0.00052	0.00052	0.5	97332	51	97307	6450909	66.28
1965-1969	7	0.00044	0.00044	0.5	97282	43	97260	6353602	65.31
1965-1969	8	0.00041	0.00041	0.5	97239	40	97219	6256342	64.34
1965-1969	9	0.00039	0.00039	0.5	97198	38	97180	6159123	63.37
1965-1969	10	0.00033	0.00033	0.5	97161	32	97145	6061944	62.39
1965-1969	11	0.00040	0.00040	0.5	97129	38	97109	5964799	61.41
1965-1969	12	0.00039	0.00039	0.5	97090	38	97071	5867690	60.44
1965-1969	13	0.00055	0.00055	0.5	97053	54	97026	5770618	59.46
1965-1969	14	0.00075	0.00075	0.5	96999	73	96963	5673592	58.49
1965-1969	15	0.00093	0.00092	0.5	96926	90	96882	5576630	57.53
1965-1969	16	0.00133	0.00133	0.5	96837	129	96772	5479748	56.59
1965-1969	17	0.00146	0.00146	0.5	96708	141	96637	5382976	55.66
1965-1969	18	0.00213	0.00212	0.5	96566	205	96464	5286339	54.74
1965-1969	19	0.00179	0.00179	0.5	96361	173	96275	5189875	53.86
1965-1969	20	0.00221	0.00221	0.5	96189	213	96082	5093600	52.95
1965-1969	21	0.00206	0.00205	0.5	95976	197	95877	4997518	52.07
1965-1969	22	0.00177	0.00177	0.5	95779	169	95694	4901640	51.18
1965-1969	23	0.00183	0.00182	0.5	95609	174	95522	4805946	50.27
1965-1969	24	0.00186	0.00186	0.5	95435	177	95346	4710424	49.36
1965-1969	25	0.00173	0.00173	0.5	95258	165	95175	4615077	48.45
1965-1969	26	0.00148	0.00147	0.5	95093	140	95023	4519902	47.53
1965-1969	27	0.00171	0.00171	0.5	94953	162	94872	4424879	46.60
1965-1969	28	0.00157	0.00157	0.5	94791	149	94716	4330008	45.68
1965-1969	29	0.00185	0.00185	0.5	94642	175	94555	4235291	44.75
1965-1969	30	0.00177	0.00177	0.5	94467	167	94383	4140737	43.83
1965-1969	31	0.00145	0.00145	0.5	94300	136	94232	4046353	42.91
1965-1969	32	0.00208	0.00207	0.5	94163	195	94066	3952122	41.97
1965-1969	33	0.00219	0.00219	0.5	93968	206	93865	3858056	41.06
1965-1969	34	0.00205	0.00205	0.5	93762	192	93666	3764191	40.15
1965-1969	35	0.00222	0.00221	0.5	93570	207	93466	3670525	39.23
1965-1969	36	0.00251	0.00251	0.5	93363	234	93246	3577058	38.31
1965-1969	37	0.00249	0.00249	0.5	93129	232	93013	3483812	37.41
1965-1969	38	0.00254	0.00254	0.5	92897	236	92779	3390800	36.50
1965-1969	39	0.00273	0.00273	0.5	92661	253	92535	3298021	35.59
1965-1969	40	0.00352	0.00351	0.5	92409	324	92246	3205486	34.69
1965-1969	41	0.00282	0.00281	0.5	92084	259	91955	3113239	33.81
1965-1969	42	0.00421	0.00420	0.5	91825	385	91633	3021284	32.90
1965-1969	43	0.00401	0.00400	0.5	91440	366	91257	2929652	32.04
1965-1969	44	0.00394	0.00393	0.5	91074	358	90895	2838395	31.17
1965-1969	45	0.00422	0.00421	0.5	90716	382	90525	2747499	30.29
1965-1969	46	0.00536	0.00535	0.5	90334	483	90093	2656974	29.41
1965-1969	47	0.00564	0.00562	0.5	89851	505	89599	2566881	28.57
1965-1969	48	0.00579	0.00577	0.5	89346	516	89088	2477283	27.73
1965-1969	49	0.00619	0.00617	0.5	88830	548	88556	2388195	26.89
1965-1969	50	0.00729	0.00726	0.5	88281	641	87961	2299639	26.05
1965-1969	51	0.00822	0.00818	0.5	87641	717	87282	2211678	25.24
1965-1969	52	0.00907	0.00903	0.5	86923	785	86531	2124396	24.44
1965-1969	53	0.00947	0.00942	0.5	86139	812	85733	2037865	23.66
1965-1969	54	0.01089	0.01083	0.5	85327	924	84865	1952133	22.88
1965-1969	55	0.01162	0.01155	0.5	84403	975	83915	1867268	22.12
1965-1969	56	0.01138	0.01132	0.5	83427	944	82955	1783353	21.38
1965-1969	57	0.01321	0.01312	0.5	82483	1082	81942	1700398	20.62
1965-1969	58	0.01310	0.01302	0.5	81401	1060	80871	1618455	19.88
1965-1969	59	0.01680	0.01666	0.5	80341	1338	79672	1537584	19.14
1965-1969	60	0.01672	0.01658	0.5	79003	1310	78348	1457912	18.45
1965-1969	61	0.01779	0.01764	0.5	77693	1370	77008	1379564	17.76
1965-1969	62	0.01837	0.01821	0.5	76323	1390	75628	1302556	17.07
1965-1969	63	0.02308	0.02281	0.5	74933	1709	74079	1226928	16.37
1965-1969	64	0.02149	0.02126	0.5	73224	1557	72446	1152849	15.74
1965-1969	65	0.02377	0.02350	0.5	71667	1684	70825	1080404	15.08
1965-1969	66	0.02623	0.02589	0.5	69983	1812	69077	1009579	14.43
1965-1969	67	0.02962	0.02919	0.5	68171	1990	67176	940501	13.80
1965-1969	68	0.03193	0.03143	0.5	66182	2080	65142	873325	13.20
1965-1969	69	0.03418	0.03360	0.5	64102	2154	63025	808183	12.61
1965-1969	70	0.03851	0.03778	0.5	61948	2340	60778	745158	12.03
1965-1969	71	0.03747	0.03678	0.5	59608	2193	58511	684381	11.48
1965-1969	72	0.04262	0.04173	0.5	57415	2396	56217	625869	10.90
1965-1969	73	0.04779	0.04667	0.5	55019	2568	53735	569652	10.35
1965-1969	74	0.05115	0.04988	0.5	52451	2616	51143	515917	9.84
1965-1969	75	0.05124	0.04996	0.5	49835	2490	48590	464774	9.33
1965-1969	76	0.06231	0.06043	0.5	47345	2861	45915	416184	8.79
1965-1969	77	0.06701	0.06483	0.5	44484	2884	43042	370269	8.32
1965-1969	78	0.07088	0.06846	0.5	41600	2848	40176	327227	7.87
1965-1969	79	0.07774	0.07483	0.5	38752	2900	37302	287051	7.41
1965-1969	80	0.08607	0.08252	0.5	35852	2959	34373	249749	6.97
1965-1969	81	0.09488	0.09058	0.5	32894	2980	31404	215376	6.55
1965-1969	82	0.10450	0.09931	0.5	29914	2971	28429	183972	6.15
1965-1969	83	0.11498	0.10873	0.5	26943	2930	25479	155543	5.77
1965-1969	84	0.12638	0.11887	0.5	24014	2855	22587	130065	5.42
1965-1969	85	0.13876	0.12975	0.5	21159	2746	19787	107478	5.08
1965-1969	86	0.15215	0.14139	0.5	18414	2604	17112	87692	4.76
1965-1969	87	0.16661	0.15380	0.5	15810	2432	14594	70579	4.46
1965-1969	88	0.18217	0.16696	0.5	13379	2234	12262	55985	4.18
1965-1969	89	0.19887	0.18088	0.5	11145	2016	10137	43723	3.92
1965-1969	90	0.21671	0.19553	0.5	9129	1785	8237	33586	3.68
1965-1969	91	0.23572	0.21087	0.5	7344	1549	6570	25350	3.45
1965-1969	92	0.25588	0.22685	0.5	5795	1315	5138	18780	3.24
1965-1969	93	0.27717	0.24343	0.5	4481	1091	3935	13642	3.04
1965-1969	94	0.29954	0.26052	0.5	3390	883	2948	9707	2.86
1965-1969	95	0.32295	0.27805	0.5	2507	697	2158	6758	2.70
1965-1969	96	0.34732	0.29593	0.5	1810	536	1542	4600	2.54
1965-1969	97	0.37254	0.31404	0.5	1274	400	1074	3058	2.40
1965-1969	98	0.39850	0.33229	0.5	874	290	729	1984	2.27
1965-1969	99	0.42507	0.35056	0.5	584	205	481	1255	2.15
1965-1969	100	0.45211	0.36875	0.5	379	140	309	774	2.04
1965-1969	101	0.47945	0.38674	0.5	239	93	193	465	1.94
1965-1969	102	0.50694	0.40443	0.5	147	59	117	272	1.85
1965-1969	103	0.53439	0.42171	0.5	87	37	69	155	1.77
1965-1969	104	0.56165	0.43851	0.5	51	22	39	86	1.69
1965-1969	105	0.58855	0.45474	0.5	28	13	22	46	1.63
1965-1969	106	0.61494	0.47033	0.5	15	7	12	24	1.57
1965-1969	107	0.64067	0.48523	0.5	8	4	6	12	1.51
1965-1969	108	0.66561	0.49941	0.5	4	2	3	6	1.46
1965-1969	109	0.68966	0.51282	0.5	2	1	2	3	1.43
1965-1969	110+	0.71271	1.00000	1.4	1	1	1	1	1.40
1970-1974	0	0.02033	0.01997	0.11	100000	1997	98213	7113510	71.14
1970-1974	1	0.00115	0.00115	0.5	98003	113	97946	7015297	71.58
1970-1974	2	0.00108	0.00108	0.5	97890	106	97837	6917351	70.66
1970-1974	3	0.00095	0.00095	0.5	97784	93	97737	6819514	69.74
1970-1974	4	0.00081	0.00081	0.5	97691	80	97651	6721776	68.81
1970-1974	5	0.00085	0.00085	0.5	97611	83	97570	6624125	67.86
1970-1974	6	0.00046	0.00046	0.5	97528	45	97506	6526555	66.92
1970-1974	7	0.00067	0.00067	0.5	97484	65	97451	6429049	65.95
1970-1974	8	0.00031	0.00031	0.5	97418	30	97403	6331598	64.99
1970-1974	9	0.00040	0.00040	0.5	97388	39	97368	6234195	64.01
1970-1974	10	0.00035	0.00035	0.5	97349	35	97332	6136827	63.04
1970-1974	11	0.00039	0.00039	0.5	97314	38	97295	6039495	62.06
1970-1974	12	0.00052	0.00052	0.5	97277	51	97251	5942200	61.09
1970-1974	13	0.00055	0.00055	0.5	97226	53	97199	5844948	60.12
1970-1974	14	0.00052	0.00052	0.5	97173	51	97147	5747749	59.15
1970-1974	15	0.00095	0.00094	0.5	97122	92	97076	5650602	58.18
1970-1974	16	0.00155	0.00155	0.5	97030	150	96955	5553525	57.23
1970-1974	17	0.00153	0.00153	0.5	96880	148	96806	5456570	56.32
1970-1974	18	0.00180	0.00180	0.5	96732	174	96645	5359764	55.41
1970-1974	19	0.00176	0.00176	0.5	96558	170	96473	5263119	54.51
1970-1974	20	0.00201	0.00200	0.5	96388	193	96292	5166646	53.60
1970-1974	21	0.00195	0.00195	0.5	96195	188	96101	5070354	52.71
1970-1974	22	0.00197	0.00197	0.5	96007	189	95913	4974253	51.81
1970-1974	23	0.00176	0.00176	0.5	95818	169	95734	4878340	50.91
1970-1974	24	0.00184	0.00184	0.5	95650	176	95562	4782606	50.00
1970-1974	25	0.00162	0.00162	0.5	95474	155	95396	4687045	49.09
1970-1974	26	0.00169	0.00169	0.5	95319	161	95238	4591649	48.17
1970-1974	27	0.00122	0.00122	0.5	95158	116	95100	4496411	47.25
1970-1974	28	0.00166	0.00166	0.5	95042	158	94963	4401311	46.31
1970-1974	29	0.00164	0.00164	0.5	94884	156	94806	4306348	45.39
1970-1974	30	0.00171	0.00170	0.5	94728	161	94648	4211542	44.46
1970-1974	31	0.00196	0.00196	0.5	94567	185	94474	4116894	43.53
1970-1974	32	0.00180	0.00179	0.5	94382	169	94297	4022420	42.62
1970-1974	33	0.00199	0.00199	0.5	94212	188	94119	3928123	41.69
1970-1974	34	0.00183	0.00183	0.5	94025	172	93939	3834004	40.78
1970-1974	35	0.00220	0.00220	0.5	93853	206	93750	3740065	39.85
1970-1974	36	0.00245	0.00245	0.5	93647	229	93532	3646315	38.94
1970-1974	37	0.00205	0.00205	0.5	93418	191	93322	3552783	38.03
1970-1974	38	0.00299	0.00299	0.5	93227	279	93087	3459461	37.11
1970-1974	39	0.00341	0.00340	0.5	92948	316	92790	3366373	36.22
1970-1974	40	0.00301	0.00301	0.5	92632	278	92492	3273583	35.34
1970-1974	41	0.00354	0.00353	0.5	92353	326	92190	3181091	34.44
1970-1974	42	0.00396	0.00395	0.5	92027	363	91845	3088901	33.57
1970-1974	43	0.00392	0.00392	0.5	91664	359	91484	2997056	32.70
1970-1974	44	0.00446	0.00445	0.5	91304	406	91101	2905572	31.82
1970-1974	45	0.00457	0.00456	0.5	90898	414	90691	2814470	30.96
1970-1974	46	0.00456	0.00455	0.5	90484	412	90278	2723779	30.10
1970-1974	47	0.00513	0.00512	0.5	90072	461	89841	2633502	29.24
1970-1974	48	0.00599	0.00597	0.5	89611	535	89343	2543660	28.39
1970-1974	49	0.00533	0.00532	0.5	89076	474	88839	2454317	27.55
1970-1974	50	0.00638	0.00636	0.5	88602	564	88320	2365479	26.70
1970-1974	51	0.00828	0.00824	0.5	88038	726	87675	2277159	25.87
1970-1974	52	0.00813	0.00810	0.5	87312	707	86959	2189483	25.08
1970-1974	53	0.00781	0.00778	0.5	86605	673	86269	2102525	24.28
1970-1974	54	0.00994	0.00989	0.5	85932	850	85507	2016256	23.46
1970-1974	55	0.01042	0.01036	0.5	85082	882	84641	1930749	22.69
1970-1974	56	0.01129	0.01122	0.5	84200	945	83728	1846108	21.93
1970-1974	57	0.01336	0.01327	0.5	83256	1105	82703	1762380	21.17
1970-1974	58	0.01332	0.01323	0.5	82151	1087	81607	1679676	20.45
1970-1974	59	0.01334	0.01325	0.5	81064	1074	80527	1598069	19.71
1970-1974	60	0.01566	0.01553	0.5	79990	1243	79368	1517542	18.97
1970-1974	61	0.01739	0.01724	0.5	78747	1358	78068	1438174	18.26
1970-1974	62	0.01923	0.01905	0.5	77389	1474	76652	1360106	17.57
1970-1974	63	0.02024	0.02004	0.5	75915	1521	75154	1283454	16.91
1970-1974	64	0.02049	0.02029	0.5	74394	1509	73639	1208299	16.24
1970-1974	65	0.02200	0.02176	0.5	72885	1586	72092	1134660	15.57
1970-1974	66	0.02446	0.02417	0.5	71299	1723	70437	1062568	14.90
1970-1974	67	0.02675	0.02640	0.5	69576	1836	68658	992131	14.26
1970-1974	68	0.03225	0.03174	0.5	67739	2150	66664	923473	13.63
1970-1974	69	0.03391	0.03334	0.5	65589	2187	64496	856809	13.06
1970-1974	70	0.03411	0.03354	0.5	63402	2127	62339	792313	12.50
1970-1974	71	0.03679	0.03613	0.5	61276	2214	60169	729974	11.91
1970-1974	72	0.04129	0.04045	0.5	59062	2389	57868	669805	11.34
1970-1974	73	0.04679	0.04572	0.5	56673	2591	55377	611938	10.80
1970-1974	74	0.04728	0.04619	0.5	54082	2498	52833	556560	10.29
1970-1974	75	0.05284	0.05148	0.5	51584	2656	50256	503727	9.77
1970-1974	76	0.05548	0.05398	0.5	48928	2641	47608	453471	9.27
1970-1974	77	0.06287	0.06095	0.5	46287	2821	44877	405863	8.77
1970-1974	78	0.06906	0.06676	0.5	43466	2902	42015	360987	8.31
1970-1974	79	0.07504	0.07233	0.5	40564	2934	39097	318972	7.86
1970-1974	80	0.07746	0.07457	0.5	37630	2806	36227	279875	7.44
1970-1974	81	0.08541	0.08192	0.5	34824	2853	33398	243647	7.00
1970-1974	82	0.09412	0.08989	0.5	31971	2874	30534	210250	6.58
1970-1974	83	0.10365	0.09854	0.5	29097	2867	27664	179716	6.18
1970-1974	84	0.11404	0.10789	0.5	26230	2830	24815	152052	5.80
1970-1974	85	0.12537	0.11797	0.5	23400	2761	22020	127237	5.44
1970-1974	86	0.13768	0.12882	0.5	20640	2659	19310	105217	5.10
1970-1974	87	0.15104	0.14043	0.5	17981	2525	16718	85907	4.78
1970-1974	88	0.16549	0.15284	0.5	15456	2362	14275	69189	4.48
1970-1974	89	0.18108	0.16604	0.5	13093	2174	12006	54914	4.19
1970-1974	90	0.19783	0.18003	0.5	10919	1966	9936	42908	3.93
1970-1974	91	0.21579	0.19478	0.5	8954	1744	8082	32971	3.68
1970-1974	92	0.23496	0.21026	0.5	7210	1516	6452	24889	3.45
1970-1974	93	0.25535	0.22644	0.5	5694	1289	5049	18438	3.24
1970-1974	94	0.27692	0.24324	0.5	4404	1071	3869	13389	3.04
1970-1974	95	0.29966	0.26061	0.5	3333	869	2899	9520	2.86
1970-1974	96	0.32349	0.27845	0.5	2464	686	2121	6621	2.69
1970-1974	97	0.34834	0.29667	0.5	1778	528	1514	4500	2.53
1970-1974	98	0.37411	0.31516	0.5	1251	394	1054	2985	2.39
1970-1974	99	0.40068	0.33381	0.5	857	286	714	1932	2.26
1970-1974	100	0.42791	0.35249	0.5	571	201	470	1218	2.13
1970-1974	101	0.45564	0.37109	0.5	369	137	301	748	2.02
1970-1974	102	0.48369	0.38949	0.5	232	91	187	447	1.92
1970-1974	103	0.51190	0.40758	0.5	142	58	113	260	1.83
1970-1974	104	0.54007	0.42524	0.5	84	36	66	147	1.75
1970-1974	105	0.56802	0.44238	0.5	48	21	38	81	1.68
1970-1974	106	0.59557	0.45891	0.5	27	12	21	43	1.61
1970-1974	107	0.62256	0.47477	0.5	15	7	11	23	1.55
1970-1974	108	0.64883	0.48990	0.5	8	4	6	11	1.50
1970-1974	109	0.67424	0.50425	0.5	4	2	3	6	1.46
1970-1974	110+	0.69868	1.00000	1.43	2	2	3	3	1.43
1975-1979	0	0.01382	0.01365	0.09	100000	1365	98753	7332628	73.33
1975-1979	1	0.00119	0.00119	0.5	98635	117	98576	7233875	73.34
1975-1979	2	0.00084	0.00084	0.5	98518	82	98477	7135298	72.43
1975-1979	3	0.00064	0.00064	0.5	98436	63	98404	7036822	71.49
1975-1979	4	0.00074	0.00074	0.5	98372	73	98336	6938418	70.53
1975-1979	5	0.00046	0.00046	0.5	98299	45	98277	6840082	69.58
1975-1979	6	0.00047	0.00047	0.5	98255	46	98232	6741805	68.62
1975-1979	7	0.00038	0.00038	0.5	98209	38	98190	6643573	67.65
1975-1979	8	0.00030	0.00030	0.5	98171	30	98156	6545383	66.67
1975-1979	9	0.00033	0.00033	0.5	98141	33	98125	6447227	65.69
1975-1979	10	0.00041	0.00041	0.5	98109	40	98089	6349102	64.71
1975-1979	11	0.00024	0.00024	0.5	98069	24	98057	6251013	63.74
1975-1979	12	0.00052	0.00052	0.5	98045	51	98020	6152955	62.76
1975-1979	13	0.00048	0.00048	0.5	97995	47	97971	6054935	61.79
1975-1979	14	0.00067	0.00067	0.5	97948	66	97915	5956964	60.82
1975-1979	15	0.00100	0.00100	0.5	97882	97	97834	5859049	59.86
1975-1979	16	0.00139	0.00139	0.5	97785	135	97717	5761215	58.92
1975-1979	17	0.00183	0.00182	0.5	97649	178	97560	5663498	58.00
1975-1979	18	0.00190	0.00189	0.5	97471	185	97379	5565937	57.10
1975-1979	19	0.00200	0.00200	0.5	97287	194	97190	5468558	56.21
1975-1979	20	0.00172	0.00172	0.5	97093	167	97009	5371369	55.32
1975-1979	21	0.00177	0.00177	0.5	96926	172	96840	5274359	54.42
1975-1979	22	0.00156	0.00156	0.5	96754	151	96679	5177519	53.51
1975-1979	23	0.00152	0.00151	0.5	96603	146	96530	5080841	52.59
1975-1979	24	0.00155	0.00155	0.5	96457	150	96382	4984311	51.67
1975-1979	25	0.00160	0.00160	0.5	96307	154	96230	4887929	50.75
1975-1979	26	0.00140	0.00140	0.5	96153	135	96086	4791699	49.83
1975-1979	27	0.00151	0.00151	0.5	96018	145	95946	4695613	48.90
1975-1979	28	0.00145	0.00145	0.5	95873	139	95804	4599667	47.98
1975-1979	29	0.00142	0.00142	0.5	95735	135	95667	4503863	47.05
1975-1979	30	0.00134	0.00134	0.5	95599	128	95535	4408196	46.11
1975-1979	31	0.00148	0.00148	0.5	95472	141	95401	4312661	45.17
1975-1979	32	0.00130	0.00129	0.5	95331	123	95269	4217260	44.24
1975-1979	33	0.00169	0.00169	0.5	95207	161	95127	4121991	43.29
1975-1979	34	0.00147	0.00147	0.5	95046	140	94976	4026864	42.37
1975-1979	35	0.00188	0.00188	0.5	94906	178	94817	3931888	41.43
1975-1979	36	0.00163	0.00163	0.5	94728	154	94651	3837070	40.51
1975-1979	37	0.00147	0.00147	0.5	94574	139	94505	3742419	39.57
1975-1979	38	0.00214	0.00214	0.5	94436	202	94335	3647914	38.63
1975-1979	39	0.00185	0.00184	0.5	94234	174	94147	3553579	37.71
1975-1979	40	0.00199	0.00199	0.5	94060	187	93967	3459432	36.78
1975-1979	41	0.00279	0.00279	0.5	93873	262	93742	3365466	35.85
1975-1979	42	0.00314	0.00314	0.5	93611	293	93465	3271723	34.95
1975-1979	43	0.00264	0.00264	0.5	93318	246	93195	3178259	34.06
1975-1979	44	0.00362	0.00362	0.5	93072	336	92903	3085064	33.15
1975-1979	45	0.00324	0.00324	0.5	92735	300	92585	2992161	32.27
1975-1979	46	0.00449	0.00448	0.5	92435	414	92228	2899576	31.37
1975-1979	47	0.00422	0.00421	0.5	92021	388	91827	2807348	30.51
1975-1979	48	0.00493	0.00492	0.5	91633	451	91408	2715520	29.63
1975-1979	49	0.00528	0.00526	0.5	91183	480	90943	2624112	28.78
1975-1979	50	0.00566	0.00565	0.5	90703	512	90447	2533170	27.93
1975-1979	51	0.00587	0.00586	0.5	90190	528	89926	2442723	27.08
1975-1979	52	0.00644	0.00641	0.5	89662	575	89375	2352797	26.24
1975-1979	53	0.00679	0.00676	0.5	89087	603	88786	2263422	25.41
1975-1979	54	0.00836	0.00832	0.5	88484	736	88116	2174637	24.58
1975-1979	55	0.00858	0.00854	0.5	87748	749	87373	2086520	23.78
1975-1979	56	0.00901	0.00897	0.5	86999	781	86608	1999147	22.98
1975-1979	57	0.00984	0.00979	0.5	86218	844	85796	1912538	22.18
1975-1979	58	0.01223	0.01216	0.5	85374	1038	84855	1826742	21.40
1975-1979	59	0.01246	0.01238	0.5	84336	1044	83814	1741887	20.65
1975-1979	60	0.01315	0.01307	0.5	83292	1088	82748	1658073	19.91
1975-1979	61	0.01586	0.01573	0.5	82204	1293	81557	1575325	19.16
1975-1979	62	0.01735	0.01720	0.5	80910	1392	80214	1493768	18.46
1975-1979	63	0.01845	0.01828	0.5	79518	1454	78792	1413554	17.78
1975-1979	64	0.01873	0.01856	0.5	78065	1449	77340	1334763	17.10
1975-1979	65	0.02204	0.02180	0.5	76616	1670	75781	1257422	16.41
1975-1979	66	0.02257	0.02232	0.5	74946	1673	74110	1181641	15.77
1975-1979	67	0.02344	0.02317	0.5	73273	1698	72424	1107531	15.12
1975-1979	68	0.02667	0.02632	0.5	71576	1884	70634	1035107	14.46
1975-1979	69	0.02889	0.02848	0.5	69692	1985	68699	964473	13.84
1975-1979	70	0.02987	0.02943	0.5	67707	1993	66711	895774	13.23
1975-1979	71	0.03350	0.03295	0.5	65714	2165	64632	829064	12.62
1975-1979	72	0.03611	0.03547	0.5	63549	2254	62422	764432	12.03
1975-1979	73	0.03964	0.03887	0.5	61295	2382	60104	702010	11.45
1975-1979	74	0.04598	0.04495	0.5	58913	2648	57589	641906	10.90
1975-1979	75	0.04909	0.04791	0.5	56265	2696	54917	584317	10.39
1975-1979	76	0.05095	0.04968	0.5	53569	2662	52238	529400	9.88
1975-1979	77	0.05729	0.05569	0.5	50907	2835	49490	477162	9.37
1975-1979	78	0.06098	0.05917	0.5	48072	2845	46650	427672	8.90
1975-1979	79	0.06680	0.06464	0.5	45228	2924	43766	381022	8.42
1975-1979	80	0.06926	0.06695	0.5	42304	2832	40888	337256	7.97
1975-1979	81	0.07635	0.07354	0.5	39472	2903	38021	296368	7.51
1975-1979	82	0.08413	0.08073	0.5	36569	2952	35093	258347	7.06
1975-1979	83	0.09266	0.08856	0.5	33617	2977	32128	223254	6.64
1975-1979	84	0.10201	0.09706	0.5	30640	2974	29153	191126	6.24
1975-1979	85	0.11222	0.10626	0.5	27666	2940	26196	161973	5.85
1975-1979	86	0.12337	0.11621	0.5	24726	2873	23289	135777	5.49
1975-1979	87	0.13552	0.12692	0.5	21853	2774	20466	112488	5.15
1975-1979	88	0.14872	0.13843	0.5	19079	2641	17759	92022	4.82
1975-1979	89	0.16304	0.15075	0.5	16438	2478	15199	74263	4.52
1975-1979	90	0.17851	0.16388	0.5	13960	2288	12816	59064	4.23
1975-1979	91	0.19519	0.17783	0.5	11672	2076	10634	46248	3.96
1975-1979	92	0.21310	0.19258	0.5	9597	1848	8672	35613	3.71
1975-1979	93	0.23226	0.20810	0.5	7748	1612	6942	26941	3.48
1975-1979	94	0.25269	0.22434	0.5	6136	1377	5448	19999	3.26
1975-1979	95	0.27435	0.24126	0.5	4759	1148	4185	14551	3.06
1975-1979	96	0.29722	0.25877	0.5	3611	934	3144	10365	2.87
1975-1979	97	0.32124	0.27679	0.5	2677	741	2306	7221	2.70
1975-1979	98	0.34634	0.29521	0.5	1936	571	1650	4915	2.54
1975-1979	99	0.37239	0.31394	0.5	1364	428	1150	3265	2.39
1975-1979	100	0.39929	0.33284	0.5	936	312	780	2115	2.26
1975-1979	101	0.42688	0.35179	0.5	624	220	515	1335	2.14
1975-1979	102	0.45499	0.37067	0.5	405	150	330	820	2.03
1975-1979	103	0.48345	0.38934	0.5	255	99	205	490	1.92
1975-1979	104	0.51207	0.40769	0.5	156	63	124	285	1.83
1975-1979	105	0.54064	0.42559	0.5	92	39	73	161	1.75
1975-1979	106	0.56898	0.44296	0.5	53	23	41	89	1.67
1975-1979	107	0.59690	0.45970	0.5	29	14	23	47	1.61
1975-1979	108	0.62422	0.47574	0.5	16	8	12	25	1.55
1975-1979	109	0.65079	0.49101	0.5	8	4	6	13	1.51
1975-1979	110+	0.67645	1.00000	1.48	4	4	6	6	1.48
1980-1984	0	0.01016	0.01006	0.08	100000	1006	99071	7456630	74.57
1980-1984	1	0.00126	0.00126	0.5	98994	125	98931	7357560	74.32
1980-1984	2	0.00057	0.00057	0.5	98869	57	98841	7258629	73.42
1980-1984	3	0.00040	0.00040	0.5	98812	40	98792	7159788	72.46
1980-1984	4	0.00026	0.00026	0.5	98772	26	98760	7060996	71.49
1980-1984	5	0.00039	0.00039	0.5	98747	39	98728	6962236	70.51
1980-1984	6	0.00031	0.00031	0.5	98708	30	98693	6863508	69.53
1980-1984	7	0.00021	0.00021	0.5	98678	21	98667	6764815	68.55
1980-1984	8	0.00031	0.00031	0.5	98657	30	98641	6666148	67.57
1980-1984	9	0.00033	0.00033	0.5	98626	32	98610	6567507	66.59
1980-1984	10	0.00026	0.00026	0.5	98594	25	98581	6468897	65.61
1980-1984	11	0.00026	0.00026	0.5	98569	25	98556	6370315	64.63
1980-1984	12	0.00040	0.00040	0.5	98544	39	98524	6271759	63.64
1980-1984	13	0.00038	0.00038	0.5	98505	37	98486	6173235	62.67
1980-1984	14	0.00053	0.00053	0.5	98468	52	98441	6074749	61.69
1980-1984	15	0.00087	0.00087	0.5	98415	85	98373	5976307	60.73
1980-1984	16	0.00117	0.00117	0.5	98330	115	98272	5877935	59.78
1980-1984	17	0.00130	0.00130	0.5	98215	128	98151	5779662	58.85
1980-1984	18	0.00163	0.00163	0.5	98087	160	98007	5681511	57.92
1980-1984	19	0.00173	0.00173	0.5	97927	169	97842	5583504	57.02
1980-1984	20	0.00148	0.00147	0.5	97758	144	97686	5485661	56.11
1980-1984	21	0.00147	0.00147	0.5	97614	143	97542	5387976	55.20
1980-1984	22	0.00173	0.00173	0.5	97471	168	97386	5290433	54.28
1980-1984	23	0.00139	0.00139	0.5	97302	136	97234	5193047	53.37
1980-1984	24	0.00139	0.00139	0.5	97166	135	97099	5095813	52.44
1980-1984	25	0.00142	0.00142	0.5	97032	138	96963	4998714	51.52
1980-1984	26	0.00151	0.00151	0.5	96894	146	96821	4901751	50.59
1980-1984	27	0.00125	0.00125	0.5	96748	121	96688	4804930	49.66
1980-1984	28	0.00146	0.00146	0.5	96627	141	96557	4708243	48.73
1980-1984	29	0.00127	0.00127	0.5	96487	123	96425	4611686	47.80
1980-1984	30	0.00142	0.00142	0.5	96364	137	96295	4515260	46.86
1980-1984	31	0.00151	0.00150	0.5	96227	145	96154	4418965	45.92
1980-1984	32	0.00152	0.00152	0.5	96082	146	96009	4322811	44.99
1980-1984	33	0.00158	0.00157	0.5	95936	151	95860	4226802	44.06
1980-1984	34	0.00145	0.00145	0.5	95785	139	95715	4130942	43.13
1980-1984	35	0.00138	0.00138	0.5	95646	132	95580	4035227	42.19
1980-1984	36	0.00161	0.00161	0.5	95514	154	95437	3939647	41.25
1980-1984	37	0.00192	0.00192	0.5	95360	183	95269	3844210	40.31
1980-1984	38	0.00196	0.00196	0.5	95177	186	95084	3748941	39.39
1980-1984	39	0.00193	0.00192	0.5	94991	183	94899	3653857	38.47
1980-1984	40	0.00249	0.00249	0.5	94808	236	94690	3558958	37.54
1980-1984	41	0.00274	0.00274	0.5	94572	259	94442	3464268	36.63
1980-1984	42	0.00254	0.00254	0.5	94313	239	94194	3369826	35.73
1980-1984	43	0.00235	0.00235	0.5	94074	221	93964	3275632	34.82
1980-1984	44	0.00287	0.00287	0.5	93853	269	93719	3181669	33.90
1980-1984	45	0.00358	0.00357	0.5	93584	334	93417	3087950	33.00
1980-1984	46	0.00372	0.00371	0.5	93250	346	93077	2994533	32.11
1980-1984	47	0.00444	0.00444	0.5	92904	412	92698	2901456	31.23
1980-1984	48	0.00410	0.00409	0.5	92492	378	92303	2808758	30.37
1980-1984	49	0.00393	0.00393	0.5	92113	362	91933	2716456	29.49
1980-1984	50	0.00451	0.00449	0.5	91752	412	91546	2624523	28.60
1980-1984	51	0.00653	0.00651	0.5	91339	594	91042	2532977	27.73
1980-1984	52	0.00660	0.00658	0.5	90745	597	90446	2441935	26.91
1980-1984	53	0.00756	0.00753	0.5	90148	679	89808	2351489	26.08
1980-1984	54	0.00670	0.00668	0.5	89469	598	89170	2261681	25.28
1980-1984	55	0.00854	0.00851	0.5	88871	756	88493	2172511	24.45
1980-1984	56	0.00950	0.00946	0.5	88115	833	87698	2084018	23.65
1980-1984	57	0.00927	0.00923	0.5	87281	806	86878	1996320	22.87
1980-1984	58	0.01049	0.01044	0.5	86476	902	86024	1909442	22.08
1980-1984	59	0.01228	0.01220	0.5	85573	1044	85051	1823417	21.31
1980-1984	60	0.01342	0.01333	0.5	84529	1127	83965	1738366	20.57
1980-1984	61	0.01265	0.01257	0.5	83402	1049	82878	1654401	19.84
1980-1984	62	0.01557	0.01545	0.5	82353	1273	81717	1571523	19.08
1980-1984	63	0.01574	0.01562	0.5	81081	1266	80447	1489807	18.37
1980-1984	64	0.01661	0.01647	0.5	79814	1315	79157	1409359	17.66
1980-1984	65	0.01877	0.01860	0.5	78500	1460	77770	1330202	16.95
1980-1984	66	0.02021	0.02001	0.5	77040	1541	76269	1252432	16.26
1980-1984	67	0.02250	0.02225	0.5	75498	1679	74659	1176163	15.58
1980-1984	68	0.02535	0.02504	0.5	73819	1848	72895	1101505	14.92
1980-1984	69	0.02704	0.02668	0.5	71971	1920	71011	1028610	14.29
1980-1984	70	0.02862	0.02822	0.5	70051	1977	69063	957599	13.67
1980-1984	71	0.03100	0.03053	0.5	68074	2078	67035	888536	13.05
1980-1984	72	0.03663	0.03597	0.5	65996	2374	64809	821501	12.45
1980-1984	73	0.03596	0.03532	0.5	63622	2247	62498	756692	11.89
1980-1984	74	0.04085	0.04003	0.5	61375	2457	60146	694194	11.31
1980-1984	75	0.04604	0.04500	0.5	58917	2651	57592	634048	10.76
1980-1984	76	0.04849	0.04735	0.5	56266	2664	54934	576456	10.25
1980-1984	77	0.05541	0.05392	0.5	53602	2890	52157	521522	9.73
1980-1984	78	0.05704	0.05546	0.5	50712	2812	49306	469365	9.26
1980-1984	79	0.06361	0.06165	0.5	47900	2953	46423	420060	8.77
1980-1984	80	0.06597	0.06386	0.5	44946	2870	43511	373637	8.31
1980-1984	81	0.07253	0.06999	0.5	42076	2945	40604	330125	7.85
1980-1984	82	0.07970	0.07664	0.5	39131	2999	37632	289522	7.40
1980-1984	83	0.08753	0.08386	0.5	36132	3030	34617	251890	6.97
1980-1984	84	0.09607	0.09167	0.5	33102	3034	31585	217273	6.56
1980-1984	85	0.10538	0.10010	0.5	30068	3010	28563	185688	6.18
1980-1984	86	0.11550	0.10919	0.5	27058	2954	25581	157125	5.81
1980-1984	87	0.12648	0.11896	0.5	24103	2867	22670	131544	5.46
1980-1984	88	0.13837	0.12942	0.5	21236	2748	19862	108875	5.13
1980-1984	89	0.15123	0.14060	0.5	18488	2599	17188	89013	4.81
1980-1984	90	0.16510	0.15251	0.5	15888	2423	14677	71825	4.52
1980-1984	91	0.18001	0.16514	0.5	13465	2224	12353	57148	4.24
1980-1984	92	0.19600	0.17850	0.5	11242	2007	10238	44795	3.98
1980-1984	93	0.21309	0.19257	0.5	9235	1778	8346	34556	3.74
1980-1984	94	0.23130	0.20732	0.5	7457	1546	6684	26211	3.52
1980-1984	95	0.25063	0.22272	0.5	5911	1316	5252	19527	3.30
1980-1984	96	0.27106	0.23871	0.5	4594	1097	4046	14275	3.11
1980-1984	97	0.29258	0.25524	0.5	3498	893	3051	10229	2.92
1980-1984	98	0.31514	0.27224	0.5	2605	709	2250	7178	2.76
1980-1984	99	0.33867	0.28962	0.5	1896	549	1621	4927	2.60
1980-1984	100	0.36309	0.30730	0.5	1347	414	1140	3306	2.46
1980-1984	101	0.38832	0.32518	0.5	933	303	781	2166	2.32
1980-1984	102	0.41423	0.34316	0.5	629	216	521	1385	2.20
1980-1984	103	0.44069	0.36112	0.5	413	149	339	864	2.09
1980-1984	104	0.46756	0.37897	0.5	264	100	214	525	1.99
1980-1984	105	0.49468	0.39659	0.5	164	65	132	311	1.89
1980-1984	106	0.52190	0.41389	0.5	99	41	79	179	1.81
1980-1984	107	0.54905	0.43079	0.5	58	25	46	101	1.74
1980-1984	108	0.57596	0.44718	0.5	33	15	26	55	1.67
1980-1984	109	0.60248	0.46300	0.5	18	8	14	30	1.62
1980-1984	110+	0.62846	1.00000	1.59	10	10	16	16	1.59
1985-1989	0	0.00971	0.00962	0.08	100000	962	99111	7592531	75.93
1985-1989	1	0.00069	0.00069	0.5	99038	68	99004	7493421	75.66
1985-1989	2	0.00045	0.00045	0.5	98970	45	98948	7394416	74.71
1985-1989	3	0.00046	0.00046	0.5	98925	45	98903	7295469	73.75
1985-1989	4	0.00029	0.00029	0.5	98880	29	98866	7196566	72.78
1985-1989	5	0.00038	0.00038	0.5	98851	38	98832	7097700	71.80
1985-1989	6	0.00031	0.00031	0.5	98814	31	98798	6998868	70.83
1985-1989	7	0.00029	0.00029	0.5	98783	28	98769	6900069	69.85
1985-1989	8	0.00022	0.00022	0.5	98755	22	98744	6801301	68.87
1985-1989	9	0.00020	0.00020	0.5	98733	20	98723	6702557	67.89
1985-1989	10	0.00019	0.00019	0.5	98713	19	98704	6603834	66.90
1985-1989	11	0.00021	0.00021	0.5	98694	21	98684	6505130	65.91
1985-1989	12	0.00028	0.00028	0.5	98673	28	98659	6406446	64.93
1985-1989	13	0.00028	0.00028	0.5	98645	28	98631	6307787	63.94
1985-1989	14	0.00054	0.00054	0.5	98617	54	98591	6209156	62.96
1985-1989	15	0.00072	0.00072	0.5	98564	71	98528	6110565	62.00
1985-1989	16	0.00101	0.00101	0.5	98493	100	98443	6012037	61.04
1985-1989	17	0.00098	0.00098	0.5	98393	97	98345	5913594	60.10
1985-1989	18	0.00129	0.00129	0.5	98296	127	98233	5815249	59.16
1985-1989	19	0.00128	0.00128	0.5	98169	126	98106	5717017	58.24
1985-1989	20	0.00136	0.00136	0.5	98043	133	97976	5618911	57.31
1985-1989	21	0.00139	0.00139	0.5	97910	136	97842	5520934	56.39
1985-1989	22	0.00125	0.00125	0.5	97773	122	97712	5423093	55.47
1985-1989	23	0.00141	0.00141	0.5	97651	138	97583	5325380	54.53
1985-1989	24	0.00112	0.00112	0.5	97514	109	97460	5227797	53.61
1985-1989	25	0.00117	0.00117	0.5	97405	114	97348	5130338	52.67
1985-1989	26	0.00112	0.00112	0.5	97291	109	97236	5032990	51.73
1985-1989	27	0.00118	0.00118	0.5	97182	115	97124	4935754	50.79
1985-1989	28	0.00151	0.00151	0.5	97067	146	96994	4838629	49.85
1985-1989	29	0.00121	0.00121	0.5	96920	117	96862	4741636	48.92
1985-1989	30	0.00124	0.00124	0.5	96803	120	96743	4644774	47.98
1985-1989	31	0.00127	0.00127	0.5	96683	122	96622	4548031	47.04
1985-1989	32	0.00130	0.00130	0.5	96561	125	96498	4451409	46.10
1985-1989	33	0.00134	0.00134	0.5	96436	129	96371	4354910	45.16
1985-1989	34	0.00119	0.00118	0.5	96306	114	96249	4258539	44.22
1985-1989	35	0.00138	0.00138	0.5	96192	133	96126	4162290	43.27
1985-1989	36	0.00178	0.00178	0.5	96060	171	95974	4066164	42.33
1985-1989	37	0.00167	0.00167	0.5	95889	160	95809	3970189	41.40
1985-1989	38	0.00188	0.00188	0.5	95729	180	95639	3874381	40.47
1985-1989	39	0.00173	0.00173	0.5	95549	165	95467	3778742	39.55
1985-1989	40	0.00183	0.00183	0.5	95384	174	95297	3683275	38.62
1985-1989	41	0.00178	0.00178	0.5	95210	169	95126	3587977	37.68
1985-1989	42	0.00199	0.00199	0.5	95041	189	94947	3492852	36.75
1985-1989	43	0.00222	0.00221	0.5	94852	210	94747	3397905	35.82
1985-1989	44	0.00265	0.00265	0.5	94642	250	94517	3303158	34.90
1985-1989	45	0.00263	0.00263	0.5	94392	248	94268	3208641	33.99
1985-1989	46	0.00311	0.00311	0.5	94144	293	93997	3114373	33.08
1985-1989	47	0.00373	0.00372	0.5	93851	349	93677	3020376	32.18
1985-1989	48	0.00357	0.00356	0.5	93502	333	93336	2926699	31.30
1985-1989	49	0.00348	0.00347	0.5	93169	324	93007	2833363	30.41
1985-1989	50	0.00457	0.00456	0.5	92846	423	92634	2740356	29.52
1985-1989	51	0.00516	0.00514	0.5	92422	475	92185	2647722	28.65
1985-1989	52	0.00522	0.00520	0.5	91947	478	91708	2555537	27.79
1985-1989	53	0.00637	0.00635	0.5	91468	581	91178	2463830	26.94
1985-1989	54	0.00623	0.00621	0.5	90888	564	90605	2372652	26.11
1985-1989	55	0.00723	0.00720	0.5	90323	651	89998	2282046	25.27
1985-1989	56	0.00749	0.00746	0.5	89673	669	89338	2192048	24.44
1985-1989	57	0.00809	0.00805	0.5	89004	717	88645	2102710	23.62
1985-1989	58	0.00940	0.00936	0.5	88287	826	87874	2014064	22.81
1985-1989	59	0.00919	0.00915	0.5	87461	800	87060	1926191	22.02
1985-1989	60	0.01037	0.01032	0.5	86660	894	86213	1839130	21.22
1985-1989	61	0.01268	0.01260	0.5	85766	1080	85226	1752917	20.44
1985-1989	62	0.01487	0.01476	0.5	84686	1250	84061	1667691	19.69
1985-1989	63	0.01422	0.01412	0.5	83436	1178	82847	1583630	18.98
1985-1989	64	0.01542	0.01531	0.5	82258	1259	81629	1500782	18.24
1985-1989	65	0.01726	0.01711	0.5	80999	1386	80306	1419154	17.52
1985-1989	66	0.01762	0.01747	0.5	79613	1391	78918	1338847	16.82
1985-1989	67	0.01951	0.01932	0.5	78223	1511	77467	1259929	16.11
1985-1989	68	0.02452	0.02423	0.5	76711	1858	75782	1182462	15.41
1985-1989	69	0.02303	0.02276	0.5	74853	1704	74001	1106680	14.78
1985-1989	70	0.02639	0.02605	0.5	73149	1905	72196	1032679	14.12
1985-1989	71	0.02989	0.02945	0.5	71244	2098	70195	960483	13.48
1985-1989	72	0.03358	0.03302	0.5	69146	2283	68004	890288	12.88
1985-1989	73	0.03426	0.03368	0.5	66862	2252	65736	822284	12.30
1985-1989	74	0.03669	0.03603	0.5	64610	2328	63446	756547	11.71
1985-1989	75	0.04100	0.04018	0.5	62282	2502	61031	693101	11.13
1985-1989	76	0.04483	0.04384	0.5	59780	2621	58470	632070	10.57
1985-1989	77	0.04820	0.04707	0.5	57159	2690	55814	573600	10.04
1985-1989	78	0.05482	0.05336	0.5	54469	2906	53016	517786	9.51
1985-1989	79	0.05702	0.05544	0.5	51563	2859	50133	464770	9.01
1985-1989	80	0.06206	0.06020	0.5	48704	2932	47238	414637	8.51
1985-1989	81	0.06851	0.06624	0.5	45772	3032	44256	367399	8.03
1985-1989	82	0.07558	0.07283	0.5	42740	3113	41184	323143	7.56
1985-1989	83	0.08334	0.08000	0.5	39627	3170	38042	281959	7.12
1985-1989	84	0.09182	0.08779	0.5	36457	3201	34857	243917	6.69
1985-1989	85	0.10110	0.09624	0.5	33256	3200	31656	209060	6.29
1985-1989	86	0.11123	0.10537	0.5	30056	3167	28473	177404	5.90
1985-1989	87	0.12225	0.11521	0.5	26889	3098	25340	148932	5.54
1985-1989	88	0.13424	0.12580	0.5	23791	2993	22295	123592	5.19
1985-1989	89	0.14724	0.13714	0.5	20798	2852	19372	101297	4.87
1985-1989	90	0.16130	0.14926	0.5	17946	2679	16607	81925	4.57
1985-1989	91	0.17647	0.16216	0.5	15267	2476	14029	65318	4.28
1985-1989	92	0.19279	0.17584	0.5	12791	2249	11667	51289	4.01
1985-1989	93	0.21028	0.19028	0.5	10542	2006	9539	39622	3.76
1985-1989	94	0.22897	0.20545	0.5	8536	1754	7659	30083	3.52
1985-1989	95	0.24885	0.22132	0.5	6783	1501	6032	22423	3.31
1985-1989	96	0.26993	0.23783	0.5	5281	1256	4653	16391	3.10
1985-1989	97	0.29216	0.25492	0.5	4025	1026	3512	11738	2.92
1985-1989	98	0.31550	0.27251	0.5	2999	817	2591	8226	2.74
1985-1989	99	0.33989	0.29052	0.5	2182	634	1865	5635	2.58
1985-1989	100	0.36524	0.30884	0.5	1548	478	1309	3770	2.44
1985-1989	101	0.39144	0.32736	0.5	1070	350	895	2461	2.30
1985-1989	102	0.41835	0.34598	0.5	720	249	595	1566	2.18
1985-1989	103	0.44584	0.36457	0.5	471	172	385	971	2.06
1985-1989	104	0.47374	0.38302	0.5	299	115	242	586	1.96
1985-1989	105	0.50188	0.40120	0.5	185	74	148	345	1.87
1985-1989	106	0.53008	0.41902	0.5	110	46	87	197	1.78
1985-1989	107	0.55816	0.43637	0.5	64	28	50	110	1.71
1985-1989	108	0.58593	0.45317	0.5	36	16	28	60	1.65
1985-1989	109	0.61323	0.46933	0.5	20	9	15	32	1.59
1985-1989	110+	0.63989	1.00000	1.56	10	10	16	16	1.56
1990-1994	0	0.00775	0.00769	0.07	100000	769	99284	7658859	76.59
1990-1994	1	0.00060	0.00060	0.5	99231	60	99201	7559575	76.18
1990-1994	2	0.00058	0.00058	0.5	99171	57	99142	7460374	75.23
1990-1994	3	0.00043	0.00043	0.5	99113	43	99092	7361232	74.27
1990-1994	4	0.00024	0.00024	0.5	99071	24	99059	7262140	73.30
1990-1994	5	0.00019	0.00019	0.5	99047	19	99037	7163082	72.32
1990-1994	6	0.00029	0.00029	0.5	99028	29	99014	7064044	71.33
1990-1994	7	0.00011	0.00011	0.5	98999	11	98994	6965031	70.35
1990-1994	8	0.00023	0.00023	0.5	98988	23	98977	6866037	69.36
1990-1994	9	0.00019	0.00019	0.5	98966	19	98956	6767060	68.38
1990-1994	10	0.00016	0.00016	0.5	98947	15	98939	6668104	67.39
1990-1994	11	0.00028	0.00028	0.5	98932	28	98918	6569164	66.40
1990-1994	12	0.00029	0.00029	0.5	98904	29	98889	6470247	65.42
1990-1994	13	0.00031	0.00031	0.5	98875	31	98859	6371357	64.44
1990-1994	14	0.00040	0.00040	0.5	98844	39	98824	6272498	63.46
1990-1994	15	0.00068	0.00068	0.5	98805	67	98771	6173674	62.48
1990-1994	16	0.00088	0.00088	0.5	98737	87	98694	6074903	61.53
1990-1994	17	0.00112	0.00112	0.5	98651	110	98596	5976208	60.58
1990-1994	18	0.00123	0.00123	0.5	98541	121	98480	5877613	59.65
1990-1994	19	0.00151	0.00151	0.5	98419	149	98345	5779133	58.72
1990-1994	20	0.00137	0.00137	0.5	98271	134	98204	5680788	57.81
1990-1994	21	0.00106	0.00106	0.5	98136	104	98085	5582584	56.89
1990-1994	22	0.00160	0.00160	0.5	98033	157	97954	5484499	55.95
1990-1994	23	0.00147	0.00146	0.5	97876	143	97804	5386545	55.03
1990-1994	24	0.00100	0.00100	0.5	97732	97	97684	5288741	54.11
1990-1994	25	0.00134	0.00134	0.5	97635	131	97570	5191057	53.17
1990-1994	26	0.00125	0.00125	0.5	97504	122	97444	5093488	52.24
1990-1994	27	0.00141	0.00140	0.5	97383	137	97314	4996044	51.30
1990-1994	28	0.00122	0.00122	0.5	97246	119	97187	4898730	50.37
1990-1994	29	0.00120	0.00120	0.5	97127	117	97069	4801543	49.44
1990-1994	30	0.00133	0.00133	0.5	97010	129	96946	4704474	48.49
1990-1994	31	0.00134	0.00134	0.5	96882	130	96817	4607528	47.56
1990-1994	32	0.00130	0.00130	0.5	96752	126	96689	4510712	46.62
1990-1994	33	0.00130	0.00130	0.5	96626	126	96563	4414022	45.68
1990-1994	34	0.00140	0.00140	0.5	96500	135	96433	4317459	44.74
1990-1994	35	0.00138	0.00138	0.5	96366	133	96299	4221026	43.80
1990-1994	36	0.00139	0.00138	0.5	96232	133	96166	4124727	42.86
1990-1994	37	0.00145	0.00145	0.5	96099	139	96030	4028561	41.92
1990-1994	38	0.00209	0.00209	0.5	95960	200	95860	3932532	40.98
1990-1994	39	0.00150	0.00150	0.5	95759	144	95688	3836672	40.07
1990-1994	40	0.00173	0.00173	0.5	95616	166	95533	3740984	39.13
1990-1994	41	0.00178	0.00178	0.5	95450	170	95365	3645451	38.19
1990-1994	42	0.00198	0.00198	0.5	95281	189	95186	3550086	37.26
1990-1994	43	0.00200	0.00200	0.5	95092	190	94997	3454900	36.33
1990-1994	44	0.00220	0.00219	0.5	94902	208	94798	3359902	35.40
1990-1994	45	0.00238	0.00237	0.5	94694	225	94582	3265104	34.48
1990-1994	46	0.00269	0.00268	0.5	94469	253	94342	3170523	33.56
1990-1994	47	0.00264	0.00264	0.5	94216	248	94092	3076180	32.65
1990-1994	48	0.00371	0.00370	0.5	93967	348	93794	2982089	31.74
1990-1994	49	0.00395	0.00394	0.5	93620	369	93436	2888295	30.85
1990-1994	50	0.00387	0.00386	0.5	93251	360	93071	2794859	29.97
1990-1994	51	0.00481	0.00480	0.5	92891	446	92668	2701788	29.09
1990-1994	52	0.00437	0.00437	0.5	92445	404	92243	2609120	28.22
1990-1994	53	0.00505	0.00504	0.5	92042	463	91810	2516877	27.34
1990-1994	54	0.00539	0.00538	0.5	91578	493	91332	2425067	26.48
1990-1994	55	0.00636	0.00634	0.5	91086	578	90797	2333735	25.62
1990-1994	56	0.00692	0.00690	0.5	90508	624	90196	2242938	24.78
1990-1994	57	0.00824	0.00821	0.5	89883	738	89515	2152743	23.95
1990-1994	58	0.00945	0.00941	0.5	89146	839	88726	2063228	23.14
1990-1994	59	0.00872	0.00868	0.5	88307	767	87923	1974502	22.36
1990-1994	60	0.01016	0.01011	0.5	87540	885	87098	1886579	21.55
1990-1994	61	0.01097	0.01091	0.5	86655	946	86182	1799481	20.77
1990-1994	62	0.01287	0.01279	0.5	85709	1096	85161	1713299	19.99
1990-1994	63	0.01394	0.01385	0.5	84613	1171	84027	1628138	19.24
1990-1994	64	0.01377	0.01368	0.5	83442	1141	82871	1544110	18.51
1990-1994	65	0.01720	0.01705	0.5	82300	1403	81599	1461239	17.75
1990-1994	66	0.01731	0.01717	0.5	80897	1389	80203	1379640	17.05
1990-1994	67	0.02136	0.02114	0.5	79508	1681	78668	1299437	16.34
1990-1994	68	0.02285	0.02260	0.5	77828	1759	76948	1220769	15.69
1990-1994	69	0.02272	0.02246	0.5	76069	1709	75215	1143821	15.04
1990-1994	70	0.02661	0.02627	0.5	74361	1953	73384	1068606	14.37
1990-1994	71	0.03011	0.02966	0.5	72407	2148	71334	995222	13.74
1990-1994	72	0.03100	0.03053	0.5	70260	2145	69187	923888	13.15
1990-1994	73	0.03480	0.03420	0.5	68115	2330	66950	854701	12.55
1990-1994	74	0.03679	0.03613	0.5	65785	2377	64597	787751	11.97
1990-1994	75	0.03939	0.03862	0.5	63409	2449	62184	723154	11.40
1990-1994	76	0.04374	0.04280	0.5	60959	2609	59655	660970	10.84
1990-1994	77	0.04788	0.04676	0.5	58350	2728	56986	601315	10.31
1990-1994	78	0.04822	0.04709	0.5	55622	2619	54312	544329	9.79
1990-1994	79	0.05588	0.05436	0.5	53003	2881	51562	490017	9.25
1990-1994	80	0.05772	0.05610	0.5	50122	2812	48716	438455	8.75
1990-1994	81	0.06404	0.06205	0.5	47310	2936	45842	389739	8.24
1990-1994	82	0.07100	0.06856	0.5	44374	3042	42853	343898	7.75
1990-1994	83	0.07866	0.07568	0.5	41332	3128	39767	301045	7.28
1990-1994	84	0.08708	0.08345	0.5	38203	3188	36609	261277	6.84
1990-1994	85	0.09633	0.09190	0.5	35015	3218	33406	224668	6.42
1990-1994	86	0.10645	0.10107	0.5	31797	3214	30191	191262	6.01
1990-1994	87	0.11752	0.11100	0.5	28584	3173	26997	161071	5.64
1990-1994	88	0.12959	0.12171	0.5	25411	3093	23865	134074	5.28
1990-1994	89	0.14273	0.13322	0.5	22318	2973	20832	110209	4.94
1990-1994	90	0.15698	0.14556	0.5	19345	2816	17937	89378	4.62
1990-1994	91	0.17240	0.15872	0.5	16529	2624	15217	71440	4.32
1990-1994	92	0.18904	0.17271	0.5	13906	2402	12705	56223	4.04
1990-1994	93	0.20691	0.18751	0.5	11504	2157	10425	43518	3.78
1990-1994	94	0.22605	0.20310	0.5	9347	1898	8398	33093	3.54
1990-1994	95	0.24646	0.21942	0.5	7448	1634	6631	24695	3.32
1990-1994	96	0.26813	0.23643	0.5	5814	1375	5127	18064	3.11
1990-1994	97	0.29102	0.25405	0.5	4439	1128	3876	12937	2.91
1990-1994	98	0.31509	0.27220	0.5	3312	901	2861	9062	2.74
1990-1994	99	0.34025	0.29078	0.5	2410	701	2060	6201	2.57
1990-1994	100	0.36642	0.30968	0.5	1709	529	1445	4141	2.42
1990-1994	101	0.39347	0.32879	0.5	1180	388	986	2696	2.28
1990-1994	102	0.42126	0.34797	0.5	792	276	654	1710	2.16
1990-1994	103	0.44962	0.36710	0.5	516	190	422	1056	2.04
1990-1994	104	0.47839	0.38605	0.5	327	126	264	634	1.94
1990-1994	105	0.50737	0.40470	0.5	201	81	160	371	1.85
1990-1994	106	0.53637	0.42294	0.5	119	51	94	211	1.76
1990-1994	107	0.56518	0.44066	0.5	69	30	54	116	1.69
1990-1994	108	0.59362	0.45775	0.5	39	18	30	63	1.62
1990-1994	109	0.62150	0.47416	0.5	21	10	16	33	1.57
1990-1994	110+	0.64865	1.00000	1.54	11	11	17	17	1.54
1995-1999	0	0.00715	0.00710	0.07	100000	710	99338	7703935	77.04
1995-1999	1	0.00078	0.00078	0.5	99290	78	99251	7604597	76.59
1995-1999	2	0.00038	0.00038	0.5	99212	38	99193	7505346	75.65
1995-1999	3	0.00041	0.00041	0.5	99174	41	99154	7406153	74.68
1995-1999	4	0.00028	0.00028	0.5	99133	27	99120	7307000	73.71
1995-1999	5	0.00018	0.00018	0.5	99106	18	99097	7207880	72.73
1995-1999	6	0.00011	0.00011	0.5	99088	11	99083	7108783	71.74
1995-1999	7	0.00020	0.00020	0.5	99077	20	99067	7009700	70.75
1995-1999	8	0.00017	0.00017	0.5	99057	17	99048	6910633	69.76
1995-1999	9	0.00025	0.00025	0.5	99040	25	99027	6811585	68.78
1995-1999	10	0.00017	0.00017	0.5	99015	17	99007	6712557	67.79
1995-1999	11	0.00023	0.00023	0.5	98998	23	98986	6613551	66.80
1995-1999	12	0.00015	0.00015	0.5	98975	15	98967	6514564	65.82
1995-1999	13	0.00041	0.00041	0.5	98960	40	98939	6415597	64.83
1995-1999	14	0.00036	0.00036	0.5	98919	35	98902	6316658	63.86
1995-1999	15	0.00060	0.00060	0.5	98884	59	98854	6217756	62.88
1995-1999	16	0.00084	0.00084	0.5	98825	83	98783	6118902	61.92
1995-1999	17	0.00090	0.00090	0.5	98741	89	98697	6020119	60.97
1995-1999	18	0.00109	0.00109	0.5	98652	108	98599	5921422	60.02
1995-1999	19	0.00136	0.00136	0.5	98545	134	98478	5822824	59.09
1995-1999	20	0.00101	0.00101	0.5	98411	99	98361	5724346	58.17
1995-1999	21	0.00112	0.00111	0.5	98312	110	98257	5625985	57.23
1995-1999	22	0.00129	0.00129	0.5	98202	127	98139	5527728	56.29
1995-1999	23	0.00099	0.00099	0.5	98075	97	98027	5429589	55.36
1995-1999	24	0.00104	0.00104	0.5	97978	102	97927	5331562	54.42
1995-1999	25	0.00120	0.00120	0.5	97876	117	97818	5233635	53.47
1995-1999	26	0.00122	0.00122	0.5	97759	120	97699	5135817	52.54
1995-1999	27	0.00103	0.00103	0.5	97640	101	97589	5038117	51.60
1995-1999	28	0.00110	0.00110	0.5	97539	107	97485	4940528	50.65
1995-1999	29	0.00120	0.00120	0.5	97432	117	97373	4843043	49.71
1995-1999	30	0.00114	0.00114	0.5	97315	111	97259	4745670	48.77
1995-1999	31	0.00129	0.00128	0.5	97204	125	97142	4648410	47.82
1995-1999	32	0.00118	0.00118	0.5	97079	115	97022	4551269	46.88
1995-1999	33	0.00119	0.00119	0.5	96964	115	96907	4454247	45.94
1995-1999	34	0.00111	0.00111	0.5	96849	107	96796	4357340	44.99
1995-1999	35	0.00112	0.00112	0.5	96742	109	96688	4260545	44.04
1995-1999	36	0.00143	0.00143	0.5	96634	138	96565	4163857	43.09
1995-1999	37	0.00133	0.00133	0.5	96496	128	96432	4067292	42.15
1995-1999	38	0.00148	0.00148	0.5	96367	142	96296	3970861	41.21
1995-1999	39	0.00185	0.00185	0.5	96225	178	96136	3874564	40.27
1995-1999	40	0.00187	0.00187	0.5	96047	179	95957	3778428	39.34
1995-1999	41	0.00187	0.00186	0.5	95868	179	95778	3682471	38.41
1995-1999	42	0.00203	0.00202	0.5	95689	194	95592	3586693	37.48
1995-1999	43	0.00217	0.00217	0.5	95495	207	95392	3491101	36.56
1995-1999	44	0.00217	0.00217	0.5	95288	207	95185	3395709	35.64
1995-1999	45	0.00235	0.00235	0.5	95081	224	94970	3300524	34.71
1995-1999	46	0.00254	0.00254	0.5	94858	241	94737	3205555	33.79
1995-1999	47	0.00299	0.00299	0.5	94617	283	94475	3110818	32.88
1995-1999	48	0.00314	0.00314	0.5	94334	296	94186	3016342	31.98
1995-1999	49	0.00325	0.00324	0.5	94038	305	93885	2922156	31.07
1995-1999	50	0.00403	0.00402	0.5	93733	377	93544	2828271	30.17
1995-1999	51	0.00432	0.00431	0.5	93356	402	93154	2734727	29.29
1995-1999	52	0.00479	0.00478	0.5	92953	444	92731	2641572	28.42
1995-1999	53	0.00552	0.00551	0.5	92509	510	92254	2548841	27.55
1995-1999	54	0.00556	0.00554	0.5	92000	510	91745	2456587	26.70
1995-1999	55	0.00606	0.00604	0.5	91490	553	91213	2364842	25.85
1995-1999	56	0.00676	0.00674	0.5	90937	613	90630	2273629	25.00
1995-1999	57	0.00753	0.00750	0.5	90324	678	89985	2182999	24.17
1995-1999	58	0.00772	0.00769	0.5	89647	690	89302	2093013	23.35
1995-1999	59	0.00796	0.00793	0.5	88957	705	88604	2003712	22.52
1995-1999	60	0.00953	0.00948	0.5	88252	837	87833	1915108	21.70
1995-1999	61	0.01142	0.01136	0.5	87415	993	86918	1827275	20.90
1995-1999	62	0.01322	0.01313	0.5	86422	1135	85854	1740356	20.14
1995-1999	63	0.01308	0.01299	0.5	85287	1108	84733	1654502	19.40
1995-1999	64	0.01503	0.01492	0.5	84179	1256	83551	1569770	18.65
1995-1999	65	0.01614	0.01601	0.5	82923	1328	82259	1486219	17.92
1995-1999	66	0.01738	0.01723	0.5	81595	1406	80892	1403960	17.21
1995-1999	67	0.01881	0.01863	0.5	80189	1494	79442	1323068	16.50
1995-1999	68	0.02032	0.02011	0.5	78695	1583	77904	1243625	15.80
1995-1999	69	0.02312	0.02285	0.5	77112	1762	76231	1165722	15.12
1995-1999	70	0.02476	0.02446	0.5	75350	1843	74429	1089491	14.46
1995-1999	71	0.02650	0.02615	0.5	73507	1923	72546	1015062	13.81
1995-1999	72	0.02844	0.02804	0.5	71585	2007	70581	942516	13.17
1995-1999	73	0.03189	0.03139	0.5	69577	2184	68485	871935	12.53
1995-1999	74	0.03471	0.03412	0.5	67393	2300	66243	803450	11.92
1995-1999	75	0.03876	0.03802	0.5	65094	2475	63856	737206	11.33
1995-1999	76	0.04007	0.03928	0.5	62618	2460	61389	673350	10.75
1995-1999	77	0.04441	0.04344	0.5	60159	2613	58852	611962	10.17
1995-1999	78	0.05045	0.04921	0.5	57545	2832	56129	553110	9.61
1995-1999	79	0.05630	0.05476	0.5	54713	2996	53215	496980	9.08
1995-1999	80	0.06187	0.06002	0.5	51717	3104	50165	443765	8.58
1995-1999	81	0.06407	0.06208	0.5	48614	3018	47104	393599	8.10
1995-1999	82	0.07138	0.06892	0.5	45595	3143	44024	346495	7.60
1995-1999	83	0.07947	0.07643	0.5	42453	3245	40830	302471	7.12
1995-1999	84	0.08840	0.08466	0.5	39208	3319	37548	261640	6.67
1995-1999	85	0.09826	0.09366	0.5	35889	3361	34208	224092	6.24
1995-1999	86	0.10911	0.10346	0.5	32527	3365	30845	189884	5.84
1995-1999	87	0.12102	0.11412	0.5	29162	3328	27498	159039	5.45
1995-1999	88	0.13408	0.12565	0.5	25834	3246	24211	131541	5.09
1995-1999	89	0.14834	0.13809	0.5	22588	3119	21028	107330	4.75
1995-1999	90	0.16387	0.15146	0.5	19469	2949	17994	86302	4.43
1995-1999	91	0.18073	0.16575	0.5	16520	2738	15151	68308	4.13
1995-1999	92	0.19897	0.18096	0.5	13782	2494	12535	53157	3.86
1995-1999	93	0.21861	0.19707	0.5	11288	2224	10176	40622	3.60
1995-1999	94	0.23967	0.21403	0.5	9063	1940	8093	30447	3.36
1995-1999	95	0.26215	0.23177	0.5	7123	1651	6298	22353	3.14
1995-1999	96	0.28602	0.25023	0.5	5472	1369	4788	16055	2.93
1995-1999	97	0.31121	0.26931	0.5	4103	1105	3551	11267	2.75
1995-1999	98	0.33765	0.28888	0.5	2998	866	2565	7717	2.57
1995-1999	99	0.36522	0.30883	0.5	2132	658	1803	5152	2.42
1995-1999	100	0.39379	0.32901	0.5	1474	485	1231	3349	2.27
1995-1999	101	0.42318	0.34928	0.5	989	345	816	2118	2.14
1995-1999	102	0.45320	0.36948	0.5	643	238	525	1302	2.02
1995-1999	103	0.48364	0.38946	0.5	406	158	327	777	1.92
1995-1999	104	0.51427	0.40908	0.5	248	101	197	450	1.82
1995-1999	105	0.54487	0.42821	0.5	146	63	115	253	1.73
1995-1999	106	0.57519	0.44672	0.5	84	37	65	138	1.65
1995-1999	107	0.60502	0.46450	0.5	46	22	36	73	1.59
1995-1999	108	0.63414	0.48148	0.5	25	12	19	38	1.53
1995-1999	109	0.66236	0.49757	0.5	13	6	10	19	1.48
1995-1999	110+	0.68951	1.00000	1.45	6	6	9	9	1.45
2000-2004	0	0.00643	0.00639	0.07	100000	639	99403	7749864	77.50
2000-2004	1	0.00054	0.00054	0.5	99361	54	99334	7650461	77.00
2000-2004	2	0.00037	0.00037	0.5	99307	36	99289	7551127	76.04
2000-2004	3	0.00031	0.00031	0.5	99271	31	99255	7451839	75.07
2000-2004	4	0.00014	0.00014	0.5	99240	14	99233	7352583	74.09
2000-2004	5	0.00030	0.00030	0.5	99226	30	99211	7253350	73.10
2000-2004	6	0.00038	0.00038	0.5	99196	38	99177	7154140	72.12
2000-2004	7	0.00022	0.00022	0.5	99158	22	99147	7054963	71.15
2000-2004	8	0.00018	0.00018	0.5	99136	18	99127	6955816	70.16
2000-2004	9	0.00018	0.00018	0.5	99118	17	99109	6856689	69.18
2000-2004	10	0.00015	0.00015	0.5	99101	15	99093	6757580	68.19
2000-2004	11	0.00015	0.00015	0.5	99085	15	99078	6658487	67.20
2000-2004	12	0.00021	0.00021	0.5	99070	20	99060	6559409	66.21
2000-2004	13	0.00030	0.00030	0.5	99050	30	99035	6460349	65.22
2000-2004	14	0.00034	0.00034	0.5	99020	34	99003	6361314	64.24
2000-2004	15	0.00049	0.00049	0.5	98986	49	98962	6262311	63.26
2000-2004	16	0.00087	0.00086	0.5	98937	86	98895	6163349	62.30
2000-2004	17	0.00087	0.00087	0.5	98852	86	98809	6064455	61.35
2000-2004	18	0.00120	0.00119	0.5	98765	118	98706	5965646	60.40
2000-2004	19	0.00108	0.00108	0.5	98647	106	98594	5866940	59.47
2000-2004	20	0.00102	0.00102	0.5	98541	101	98491	5768345	58.54
2000-2004	21	0.00117	0.00117	0.5	98440	116	98383	5669854	57.60
2000-2004	22	0.00107	0.00107	0.5	98325	105	98272	5571472	56.66
2000-2004	23	0.00115	0.00115	0.5	98220	113	98163	5473199	55.72
2000-2004	24	0.00103	0.00103	0.5	98107	101	98056	5375036	54.79
2000-2004	25	0.00114	0.00114	0.5	98005	112	97950	5276980	53.84
2000-2004	26	0.00130	0.00130	0.5	97894	128	97830	5179030	52.90
2000-2004	27	0.00130	0.00129	0.5	97766	127	97703	5081200	51.97
2000-2004	28	0.00124	0.00124	0.5	97640	121	97579	4983497	51.04
2000-2004	29	0.00129	0.00129	0.5	97519	125	97456	4885918	50.10
2000-2004	30	0.00108	0.00108	0.5	97393	105	97340	4788462	49.17
2000-2004	31	0.00122	0.00122	0.5	97288	118	97229	4691122	48.22
2000-2004	32	0.00132	0.00132	0.5	97169	129	97105	4593893	47.28
2000-2004	33	0.00147	0.00147	0.5	97041	143	96969	4496788	46.34
2000-2004	34	0.00139	0.00139	0.5	96898	134	96831	4399818	45.41
2000-2004	35	0.00162	0.00162	0.5	96764	157	96685	4302988	44.47
2000-2004	36	0.00159	0.00159	0.5	96607	153	96530	4206302	43.54
2000-2004	37	0.00157	0.00156	0.5	96454	151	96378	4109772	42.61
2000-2004	38	0.00181	0.00181	0.5	96303	174	96216	4013394	41.67
2000-2004	39	0.00213	0.00213	0.5	96129	205	96026	3917178	40.75
2000-2004	40	0.00193	0.00193	0.5	95924	185	95831	3821152	39.84
2000-2004	41	0.00217	0.00217	0.5	95739	207	95635	3725320	38.91
2000-2004	42	0.00210	0.00210	0.5	95532	201	95431	3629685	37.99
2000-2004	43	0.00218	0.00218	0.5	95331	208	95227	3534254	37.07
2000-2004	44	0.00269	0.00268	0.5	95123	255	94996	3439026	36.15
2000-2004	45	0.00289	0.00289	0.5	94868	274	94731	3344031	35.25
2000-2004	46	0.00266	0.00266	0.5	94594	251	94469	3249299	34.35
2000-2004	47	0.00318	0.00317	0.5	94343	299	94193	3154831	33.44
2000-2004	48	0.00316	0.00316	0.5	94044	297	93895	3060637	32.54
2000-2004	49	0.00348	0.00347	0.5	93747	325	93584	2966742	31.65
2000-2004	50	0.00378	0.00377	0.5	93421	352	93245	2873158	30.75
2000-2004	51	0.00386	0.00385	0.5	93069	358	92890	2779913	29.87
2000-2004	52	0.00425	0.00424	0.5	92711	393	92514	2687024	28.98
2000-2004	53	0.00480	0.00479	0.5	92317	442	92096	2594510	28.10
2000-2004	54	0.00520	0.00519	0.5	91875	477	91637	2502413	27.24
2000-2004	55	0.00614	0.00612	0.5	91398	559	91119	2410777	26.38
2000-2004	56	0.00601	0.00600	0.5	90839	545	90566	2319658	25.54
2000-2004	57	0.00679	0.00677	0.5	90294	611	89988	2229092	24.69
2000-2004	58	0.00845	0.00841	0.5	89683	755	89305	2139103	23.85
2000-2004	59	0.00836	0.00832	0.5	88928	740	88558	2049798	23.05
2000-2004	60	0.00913	0.00909	0.5	88188	801	87787	1961240	22.24
2000-2004	61	0.00983	0.00978	0.5	87387	855	86959	1873452	21.44
2000-2004	62	0.01080	0.01075	0.5	86532	930	86067	1786493	20.65
2000-2004	63	0.01208	0.01201	0.5	85602	1028	85088	1700426	19.86
2000-2004	64	0.01308	0.01300	0.5	84574	1099	84025	1615338	19.10
2000-2004	65	0.01476	0.01465	0.5	83475	1223	82864	1531314	18.34
2000-2004	66	0.01550	0.01538	0.5	82252	1265	81620	1448450	17.61
2000-2004	67	0.01707	0.01692	0.5	80987	1370	80302	1366831	16.88
2000-2004	68	0.01843	0.01826	0.5	79617	1454	78890	1286529	16.16
2000-2004	69	0.01953	0.01934	0.5	78163	1511	77407	1207639	15.45
2000-2004	70	0.02322	0.02296	0.5	76651	1760	75771	1130232	14.75
2000-2004	71	0.02290	0.02264	0.5	74891	1695	74044	1054461	14.08
2000-2004	72	0.02603	0.02570	0.5	73196	1881	72256	980417	13.39
2000-2004	73	0.02882	0.02841	0.5	71315	2026	70302	908161	12.73
2000-2004	74	0.03345	0.03290	0.5	69289	2280	68149	837859	12.09
2000-2004	75	0.03685	0.03618	0.5	67009	2424	65797	769709	11.49
2000-2004	76	0.03774	0.03704	0.5	64585	2392	63389	703912	10.90
2000-2004	77	0.04345	0.04253	0.5	62193	2645	60870	640523	10.30
2000-2004	78	0.04590	0.04487	0.5	59548	2672	58212	579653	9.73
2000-2004	79	0.05362	0.05222	0.5	56876	2970	55391	521441	9.17
2000-2004	80	0.05376	0.05235	0.5	53906	2822	52495	466050	8.65
2000-2004	81	0.06061	0.05883	0.5	51084	3005	49581	413555	8.10
2000-2004	82	0.06829	0.06603	0.5	48079	3175	46491	363974	7.57
2000-2004	83	0.07685	0.07401	0.5	44904	3323	43242	317483	7.07
2000-2004	84	0.08640	0.08282	0.5	41581	3444	39859	274240	6.60
2000-2004	85	0.09701	0.09252	0.5	38137	3529	36373	234382	6.15
2000-2004	86	0.10878	0.10317	0.5	34608	3570	32823	198009	5.72
2000-2004	87	0.12178	0.11479	0.5	31038	3563	29257	165186	5.32
2000-2004	88	0.13612	0.12745	0.5	27475	3502	25724	135929	4.95
2000-2004	89	0.15187	0.14115	0.5	23973	3384	22281	110205	4.60
2000-2004	90	0.16909	0.15591	0.5	20590	3210	18985	87924	4.27
2000-2004	91	0.18785	0.17172	0.5	17380	2984	15887	68939	3.97
2000-2004	92	0.20819	0.18856	0.5	14395	2714	13038	53052	3.69
2000-2004	93	0.23013	0.20638	0.5	11681	2411	10475	40014	3.43
2000-2004	94	0.25366	0.22511	0.5	9270	2087	8227	29538	3.19
2000-2004	95	0.27877	0.24467	0.5	7183	1758	6305	21312	2.97
2000-2004	96	0.30537	0.26492	0.5	5426	1437	4707	15007	2.77
2000-2004	97	0.33338	0.28575	0.5	3988	1140	3419	10300	2.58
2000-2004	98	0.36266	0.30699	0.5	2849	875	2411	6881	2.42
2000-2004	99	0.39303	0.32848	0.5	1974	648	1650	4470	2.26
2000-2004	100	0.42430	0.35004	0.5	1326	464	1094	2820	2.13
2000-2004	101	0.45624	0.37149	0.5	862	320	702	1726	2.00
2000-2004	102	0.48859	0.39266	0.5	542	213	435	1025	1.89
2000-2004	103	0.52108	0.41338	0.5	329	136	261	589	1.79
2000-2004	104	0.55344	0.43349	0.5	193	84	151	328	1.70
2000-2004	105	0.58541	0.45286	0.5	109	49	85	177	1.62
2000-2004	106	0.61671	0.47136	0.5	60	28	46	93	1.55
2000-2004	107	0.64712	0.48892	0.5	32	15	24	47	1.49
2000-2004	108	0.67642	0.50547	0.5	16	8	12	23	1.44
2000-2004	109	0.70443	0.52095	0.5	8	4	6	11	1.39
2000-2004	110+	0.73102	1.00000	1.37	4	4	5	5	1.37
2005-2009	0	0.00650	0.00647	0.07	100000	647	99397	7806815	78.07
2005-2009	1	0.00050	0.00050	0.5	99353	50	99329	7707419	77.58
2005-2009	2	0.00041	0.00041	0.5	99304	41	99284	7608090	76.61
2005-2009	3	0.00032	0.00032	0.5	99263	32	99247	7508807	75.65
2005-2009	4	0.00024	0.00024	0.5	99232	24	99220	7409559	74.67
2005-2009	5	0.00017	0.00017	0.5	99208	17	99199	7310340	73.69
2005-2009	6	0.00020	0.00020	0.5	99191	20	99181	7211140	72.70
2005-2009	7	0.00014	0.00014	0.5	99171	14	99164	7111959	71.71
2005-2009	8	0.00012	0.00012	0.5	99157	12	99151	7012795	70.72
2005-2009	9	0.00020	0.00020	0.5	99145	20	99135	6913644	69.73
2005-2009	10	0.00005	0.00005	0.5	99125	5	99123	6814509	68.75
2005-2009	11	0.00013	0.00013	0.5	99121	13	99114	6715386	67.75
2005-2009	12	0.00019	0.00019	0.5	99108	19	99098	6616271	66.76
2005-2009	13	0.00037	0.00037	0.5	99089	37	99070	6517173	65.77
2005-2009	14	0.00037	0.00037	0.5	99052	36	99034	6418103	64.80
2005-2009	15	0.00042	0.00042	0.5	99015	41	98995	6319070	63.82
2005-2009	16	0.00057	0.00057	0.5	98974	56	98946	6220075	62.85
2005-2009	17	0.00068	0.00068	0.5	98918	67	98884	6121129	61.88
2005-2009	18	0.00113	0.00113	0.5	98851	112	98795	6022244	60.92
2005-2009	19	0.00110	0.00110	0.5	98739	109	98685	5923449	59.99
2005-2009	20	0.00111	0.00111	0.5	98631	109	98576	5824764	59.06
2005-2009	21	0.00121	0.00121	0.5	98521	119	98462	5726188	58.12
2005-2009	22	0.00131	0.00131	0.5	98402	129	98338	5627726	57.19
2005-2009	23	0.00118	0.00118	0.5	98274	116	98216	5529388	56.27
2005-2009	24	0.00156	0.00156	0.5	98158	153	98081	5431172	55.33
2005-2009	25	0.00119	0.00119	0.5	98005	117	97946	5333091	54.42
2005-2009	26	0.00129	0.00129	0.5	97888	126	97825	5235145	53.48
2005-2009	27	0.00126	0.00126	0.5	97762	123	97701	5137320	52.55
2005-2009	28	0.00126	0.00126	0.5	97639	123	97578	5039619	51.61
2005-2009	29	0.00138	0.00138	0.5	97516	135	97449	4942041	50.68
2005-2009	30	0.00138	0.00137	0.5	97382	134	97315	4844592	49.75
2005-2009	31	0.00127	0.00127	0.5	97248	123	97186	4747277	48.82
2005-2009	32	0.00125	0.00125	0.5	97125	121	97064	4650091	47.88
2005-2009	33	0.00149	0.00149	0.5	97003	144	96931	4553027	46.94
2005-2009	34	0.00161	0.00161	0.5	96859	156	96781	4456095	46.01
2005-2009	35	0.00164	0.00164	0.5	96703	159	96624	4359314	45.08
2005-2009	36	0.00200	0.00200	0.5	96544	193	96447	4262691	44.15
2005-2009	37	0.00170	0.00170	0.5	96351	163	96269	4166243	43.24
2005-2009	38	0.00192	0.00192	0.5	96187	185	96095	4069974	42.31
2005-2009	39	0.00198	0.00198	0.5	96002	190	95907	3973879	41.39
2005-2009	40	0.00212	0.00212	0.5	95812	203	95711	3877972	40.47
2005-2009	41	0.00191	0.00191	0.5	95610	183	95518	3782261	39.56
2005-2009	42	0.00226	0.00226	0.5	95427	216	95319	3686743	38.63
2005-2009	43	0.00244	0.00244	0.5	95211	232	95095	3591423	37.72
2005-2009	44	0.00267	0.00266	0.5	94979	253	94852	3496328	36.81
2005-2009	45	0.00302	0.00302	0.5	94726	286	94583	3401476	35.91
2005-2009	46	0.00309	0.00309	0.5	94440	292	94294	3306893	35.02
2005-2009	47	0.00354	0.00353	0.5	94148	333	93982	3212599	34.12
2005-2009	48	0.00356	0.00355	0.5	93816	333	93649	3118617	33.24
2005-2009	49	0.00377	0.00376	0.5	93483	352	93307	3024968	32.36
2005-2009	50	0.00439	0.00438	0.5	93131	408	92927	2931661	31.48
2005-2009	51	0.00453	0.00452	0.5	92723	419	92514	2838734	30.62
2005-2009	52	0.00486	0.00485	0.5	92304	448	92080	2746220	29.75
2005-2009	53	0.00492	0.00491	0.5	91856	451	91631	2654140	28.89
2005-2009	54	0.00498	0.00497	0.5	91406	454	91179	2562509	28.03
2005-2009	55	0.00607	0.00605	0.5	90952	550	90677	2471330	27.17
2005-2009	56	0.00563	0.00561	0.5	90402	507	90148	2380654	26.33
2005-2009	57	0.00643	0.00640	0.5	89894	576	89606	2290506	25.48
2005-2009	58	0.00620	0.00619	0.5	89319	552	89042	2200899	24.64
2005-2009	59	0.00790	0.00787	0.5	88766	699	88417	2111857	23.79
2005-2009	60	0.00806	0.00803	0.5	88067	707	87714	2023440	22.98
2005-2009	61	0.00871	0.00867	0.5	87360	757	86981	1935727	22.16
2005-2009	62	0.00975	0.00971	0.5	86603	841	86183	1848745	21.35
2005-2009	63	0.01099	0.01093	0.5	85762	938	85293	1762563	20.55
2005-2009	64	0.01211	0.01204	0.5	84825	1021	84314	1677269	19.77
2005-2009	65	0.01240	0.01233	0.5	83803	1033	83287	1592955	19.01
2005-2009	66	0.01424	0.01414	0.5	82770	1170	82185	1509668	18.24
2005-2009	67	0.01497	0.01486	0.5	81600	1213	80994	1427483	17.49
2005-2009	68	0.01665	0.01651	0.5	80387	1327	79724	1346490	16.75
2005-2009	69	0.01809	0.01793	0.5	79060	1418	78351	1266766	16.02
2005-2009	70	0.01996	0.01976	0.5	77642	1534	76875	1188415	15.31
2005-2009	71	0.02283	0.02257	0.5	76108	1718	75249	1111540	14.60
2005-2009	72	0.02311	0.02284	0.5	74390	1699	73540	1036291	13.93
2005-2009	73	0.02733	0.02696	0.5	72691	1960	71711	962750	13.24
2005-2009	74	0.02931	0.02889	0.5	70731	2043	69709	891040	12.60
2005-2009	75	0.03207	0.03157	0.5	68687	2168	67603	821331	11.96
2005-2009	76	0.03441	0.03383	0.5	66519	2250	65394	753727	11.33
2005-2009	77	0.03620	0.03555	0.5	64269	2285	63126	688333	10.71
2005-2009	78	0.04210	0.04123	0.5	61984	2556	60706	625207	10.09
2005-2009	79	0.04938	0.04819	0.5	59428	2864	57996	564501	9.50
2005-2009	80	0.04959	0.04839	0.5	56564	2737	55196	506505	8.95
2005-2009	81	0.05608	0.05455	0.5	53827	2936	52359	451309	8.38
2005-2009	82	0.06337	0.06143	0.5	50891	3126	49328	398950	7.84
2005-2009	83	0.07154	0.06907	0.5	47765	3299	46115	349623	7.32
2005-2009	84	0.08068	0.07755	0.5	44465	3448	42741	303508	6.83
2005-2009	85	0.09087	0.08692	0.5	41017	3565	39235	260767	6.36
2005-2009	86	0.10221	0.09724	0.5	37452	3642	35631	221532	5.92
2005-2009	87	0.11480	0.10857	0.5	33810	3671	31975	185901	5.50
2005-2009	88	0.12872	0.12094	0.5	30139	3645	28317	153926	5.11
2005-2009	89	0.14407	0.13439	0.5	26494	3561	24714	125609	4.74
2005-2009	90	0.16093	0.14894	0.5	22934	3416	21226	100895	4.40
2005-2009	91	0.17936	0.16460	0.5	19518	3213	17912	79669	4.08
2005-2009	92	0.19941	0.18133	0.5	16305	2957	14827	61758	3.79
2005-2009	93	0.22112	0.19911	0.5	13349	2658	12020	46931	3.52
2005-2009	94	0.24450	0.21786	0.5	10691	2329	9526	34911	3.27
2005-2009	95	0.26951	0.23751	0.5	8362	1986	7369	25385	3.04
2005-2009	96	0.29611	0.25793	0.5	6376	1644	5553	18016	2.83
2005-2009	97	0.32421	0.27898	0.5	4731	1320	4071	12463	2.63
2005-2009	98	0.35366	0.30052	0.5	3411	1025	2899	8391	2.46
2005-2009	99	0.38430	0.32236	0.5	2386	769	2002	5493	2.30
2005-2009	100	0.41592	0.34432	0.5	1617	557	1339	3491	2.16
2005-2009	101	0.44830	0.36621	0.5	1060	388	866	2153	2.03
2005-2009	102	0.48115	0.38785	0.5	672	261	542	1286	1.91
2005-2009	103	0.51421	0.40904	0.5	411	168	327	745	1.81
2005-2009	104	0.54719	0.42964	0.5	243	104	191	418	1.72
2005-2009	105	0.57979	0.44949	0.5	139	62	107	227	1.64
2005-2009	106	0.61175	0.46846	0.5	76	36	58	119	1.56
2005-2009	107	0.64282	0.48646	0.5	41	20	31	61	1.50
2005-2009	108	0.67276	0.50342	0.5	21	10	16	30	1.44
2005-2009	109	0.70138	0.51928	0.5	10	5	8	14	1.40
2005-2009	110+	0.72854	1.00000	1.37	5	5	7	7	1.37
2010-2014	0	0.00575	0.00572	0.06	100000	572	99465	7866934	78.67
2010-2014	1	0.00065	0.00065	0.5	99428	65	99396	7767469	78.12
2010-2014	2	0.00018	0.00018	0.5	99363	18	99355	7668073	77.17
2010-2014	3	0.00029	0.00029	0.5	99346	29	99331	7568718	76.19
2010-2014	4	0.00014	0.00014	0.5	99317	14	99310	7469387	75.21
2010-2014	5	0.00032	0.00032	0.5	99303	32	99287	7370077	74.22
2010-2014	6	0.00011	0.00011	0.5	99271	11	99266	7270790	73.24
2010-2014	7	0.00011	0.00011	0.5	99260	11	99255	7171524	72.25
2010-2014	8	0.00018	0.00018	0.5	99249	18	99240	7072269	71.26
2010-2014	9	0.00010	0.00010	0.5	99232	10	99227	6973029	70.27
2010-2014	10	0.00021	0.00021	0.5	99222	21	99211	6873802	69.28
2010-2014	11	0.00013	0.00013	0.5	99201	13	99194	6774591	68.29
2010-2014	12	0.00013	0.00013	0.5	99188	13	99181	6675396	67.30
2010-2014	13	0.00021	0.00021	0.5	99175	21	99165	6576215	66.31
2010-2014	14	0.00034	0.00034	0.5	99154	34	99137	6477050	65.32
2010-2014	15	0.00056	0.00056	0.5	99120	56	99093	6377913	64.35
2010-2014	16	0.00041	0.00041	0.5	99065	40	99045	6278820	63.38
2010-2014	17	0.00069	0.00069	0.5	99024	69	98990	6179776	62.41
2010-2014	18	0.00088	0.00087	0.5	98956	87	98913	6080786	61.45
2010-2014	19	0.00100	0.00100	0.5	98869	99	98820	5981873	60.50
2010-2014	20	0.00094	0.00094	0.5	98770	93	98724	5883053	59.56
2010-2014	21	0.00116	0.00116	0.5	98677	114	98620	5784329	58.62
2010-2014	22	0.00125	0.00124	0.5	98563	123	98502	5685709	57.69
2010-2014	23	0.00116	0.00115	0.5	98441	114	98384	5587207	56.76
2010-2014	24	0.00095	0.00095	0.5	98327	94	98280	5488823	55.82
2010-2014	25	0.00135	0.00135	0.5	98233	132	98167	5390543	54.87
2010-2014	26	0.00124	0.00123	0.5	98101	121	98041	5292375	53.95
2010-2014	27	0.00127	0.00127	0.5	97980	124	97918	5194335	53.01
2010-2014	28	0.00139	0.00139	0.5	97856	136	97788	5096417	52.08
2010-2014	29	0.00116	0.00116	0.5	97720	113	97663	4998629	51.15
2010-2014	30	0.00129	0.00129	0.5	97606	126	97543	4900966	50.21
2010-2014	31	0.00142	0.00142	0.5	97480	139	97411	4803423	49.28
2010-2014	32	0.00125	0.00125	0.5	97342	122	97281	4706012	48.35
2010-2014	33	0.00147	0.00147	0.5	97220	143	97148	4608731	47.41
2010-2014	34	0.00140	0.00140	0.5	97077	135	97009	4511583	46.47
2010-2014	35	0.00125	0.00125	0.5	96941	121	96881	4414573	45.54
2010-2014	36	0.00191	0.00190	0.5	96820	184	96728	4317693	44.60
2010-2014	37	0.00170	0.00170	0.5	96636	164	96554	4220965	43.68
2010-2014	38	0.00183	0.00182	0.5	96472	176	96384	4124411	42.75
2010-2014	39	0.00205	0.00205	0.5	96296	197	96197	4028028	41.83
2010-2014	40	0.00212	0.00212	0.5	96098	203	95997	3931831	40.91
2010-2014	41	0.00261	0.00261	0.5	95895	250	95770	3835834	40.00
2010-2014	42	0.00261	0.00261	0.5	95645	250	95520	3740064	39.10
2010-2014	43	0.00234	0.00233	0.5	95395	223	95284	3644544	38.20
2010-2014	44	0.00245	0.00245	0.5	95173	233	95056	3549259	37.29
2010-2014	45	0.00248	0.00247	0.5	94940	235	94822	3454203	36.38
2010-2014	46	0.00302	0.00301	0.5	94705	285	94562	3359381	35.47
2010-2014	47	0.00347	0.00346	0.5	94419	327	94256	3264819	34.58
2010-2014	48	0.00322	0.00321	0.5	94093	302	93941	3170563	33.70
2010-2014	49	0.00421	0.00420	0.5	93790	394	93593	3076621	32.80
2010-2014	50	0.00422	0.00421	0.5	93396	393	93200	2983028	31.94
2010-2014	51	0.00455	0.00454	0.5	93003	422	92792	2889828	31.07
2010-2014	52	0.00497	0.00496	0.5	92581	459	92351	2797036	30.21
2010-2014	53	0.00546	0.00544	0.5	92122	501	91871	2704685	29.36
2010-2014	54	0.00538	0.00536	0.5	91620	491	91375	2612814	28.52
2010-2014	55	0.00613	0.00611	0.5	91129	557	90851	2521439	27.67
2010-2014	56	0.00590	0.00588	0.5	90572	533	90306	2430589	26.84
2010-2014	57	0.00668	0.00666	0.5	90039	600	89739	2340283	25.99
2010-2014	58	0.00689	0.00687	0.5	89439	614	89132	2250544	25.16
2010-2014	59	0.00710	0.00707	0.5	88825	628	88511	2161411	24.33
2010-2014	60	0.00817	0.00814	0.5	88197	718	87838	2072900	23.50
2010-2014	61	0.00827	0.00823	0.5	87479	720	87119	1985062	22.69
2010-2014	62	0.00964	0.00959	0.5	86759	832	86343	1897943	21.88
2010-2014	63	0.01016	0.01011	0.5	85927	868	85493	1811600	21.08
2010-2014	64	0.01057	0.01052	0.5	85058	895	84611	1726107	20.29
2010-2014	65	0.01027	0.01022	0.5	84164	860	83734	1641496	19.50
2010-2014	66	0.01283	0.01275	0.5	83304	1062	82773	1557762	18.70
2010-2014	67	0.01403	0.01393	0.5	82242	1146	81669	1474989	17.93
2010-2014	68	0.01512	0.01501	0.5	81096	1217	80488	1393320	17.18
2010-2014	69	0.01723	0.01708	0.5	79879	1364	79197	1312832	16.44
2010-2014	70	0.01918	0.01900	0.5	78515	1492	77769	1233635	15.71
2010-2014	71	0.02109	0.02087	0.5	77023	1608	76219	1155866	15.01
2010-2014	72	0.02315	0.02289	0.5	75416	1726	74553	1079647	14.32
2010-2014	73	0.02479	0.02448	0.5	73690	1804	72788	1005094	13.64
2010-2014	74	0.02684	0.02648	0.5	71886	1904	70934	932306	12.97
2010-2014	75	0.02960	0.02917	0.5	69982	2041	68961	861373	12.31
2010-2014	76	0.03333	0.03278	0.5	67941	2227	66827	792411	11.66
2010-2014	77	0.03577	0.03515	0.5	65714	2310	64559	725584	11.04
2010-2014	78	0.04000	0.03921	0.5	63404	2486	62161	661025	10.43
2010-2014	79	0.04428	0.04332	0.5	60918	2639	59598	598864	9.83
2010-2014	80	0.04511	0.04412	0.5	58279	2571	56993	539266	9.25
2010-2014	81	0.05132	0.05004	0.5	55708	2787	54314	482273	8.66
2010-2014	82	0.05833	0.05668	0.5	52920	2999	51421	427959	8.09
2010-2014	83	0.06623	0.06411	0.5	49921	3200	48321	376538	7.54
2010-2014	84	0.07511	0.07239	0.5	46721	3382	45030	328217	7.03
2010-2014	85	0.08508	0.08161	0.5	43339	3537	41570	283188	6.53
2010-2014	86	0.09623	0.09181	0.5	39802	3654	37975	241618	6.07
2010-2014	87	0.10867	0.10307	0.5	36148	3726	34285	203643	5.63
2010-2014	88	0.12250	0.11543	0.5	32422	3742	30551	169358	5.22
2010-2014	89	0.13782	0.12894	0.5	28679	3698	26831	138807	4.84
2010-2014	90	0.15473	0.14362	0.5	24982	3588	23188	111977	4.48
2010-2014	91	0.17329	0.15947	0.5	21394	3412	19688	88789	4.15
2010-2014	92	0.19358	0.17650	0.5	17982	3174	16395	69101	3.84
2010-2014	93	0.21563	0.19464	0.5	14808	2882	13367	52706	3.56
2010-2014	94	0.23945	0.21385	0.5	11926	2550	10651	39339	3.30
2010-2014	95	0.26503	0.23402	0.5	9376	2194	8279	28688	3.06
2010-2014	96	0.29230	0.25502	0.5	7182	1831	6266	20410	2.84
2010-2014	97	0.32116	0.27672	0.5	5350	1480	4610	14144	2.64
2010-2014	98	0.35147	0.29894	0.5	3870	1157	3291	9534	2.46
2010-2014	99	0.38305	0.32148	0.5	2713	872	2277	6243	2.30
2010-2014	100	0.41567	0.34415	0.5	1841	633	1524	3966	2.15
2010-2014	101	0.44907	0.36673	0.5	1207	443	986	2442	2.02
2010-2014	102	0.48296	0.38902	0.5	765	297	616	1456	1.90
2010-2014	103	0.51704	0.41083	0.5	467	192	371	840	1.80
2010-2014	104	0.55098	0.43197	0.5	275	119	216	469	1.71
2010-2014	105	0.58448	0.45230	0.5	156	71	121	254	1.62
2010-2014	106	0.61724	0.47167	0.5	86	40	65	133	1.55
2010-2014	107	0.64899	0.48999	0.5	45	22	34	67	1.48
2010-2014	108	0.67951	0.50719	0.5	23	12	17	33	1.43
2010-2014	109	0.70858	0.52321	0.5	11	6	8	16	1.39
2010-2014	110+	0.73606	1.00000	1.36	5	5	7	7	1.36
2015-2017	0	0.00567	0.00564	0.06	100000	564	99472	7843088	78.43
2015-2017	1	0.00045	0.00045	0.5	99436	45	99414	7743616	77.88
2015-2017	2	0.00042	0.00042	0.5	99391	42	99370	7644202	76.91
2015-2017	3	0.00027	0.00027	0.5	99349	26	99336	7544832	75.94
2015-2017	4	0.00013	0.00013	0.5	99323	13	99316	7445496	74.96
2015-2017	5	0.00016	0.00016	0.5	99309	16	99301	7346180	73.97
2015-2017	6	0.00019	0.00019	0.5	99293	18	99284	7246879	72.98
2015-2017	7	0.00010	0.00010	0.5	99275	10	99270	7147595	72.00
2015-2017	8	0.00023	0.00023	0.5	99265	23	99253	7048325	71.01
2015-2017	9	0.00015	0.00015	0.5	99242	15	99234	6949071	70.02
2015-2017	10	0.00008	0.00008	0.5	99227	8	99223	6849837	69.03
2015-2017	11	0.00010	0.00010	0.5	99219	10	99214	6750614	68.04
2015-2017	12	0.00011	0.00011	0.5	99209	10	99203	6651400	67.04
2015-2017	13	0.00035	0.00035	0.5	99198	34	99181	6552197	66.05
2015-2017	14	0.00043	0.00043	0.5	99164	42	99143	6453016	65.07
2015-2017	15	0.00037	0.00037	0.5	99122	37	99103	6353873	64.10
2015-2017	16	0.00079	0.00079	0.5	99085	78	99046	6254770	63.13
2015-2017	17	0.00068	0.00068	0.5	99007	68	98973	6155724	62.17
2015-2017	18	0.00102	0.00102	0.5	98939	101	98889	6056751	61.22
2015-2017	19	0.00092	0.00092	0.5	98838	91	98793	5957863	60.28
2015-2017	20	0.00096	0.00096	0.5	98747	95	98700	5859070	59.33
2015-2017	21	0.00083	0.00083	0.5	98652	82	98612	5760370	58.39
2015-2017	22	0.00097	0.00097	0.5	98571	96	98523	5661758	57.44
2015-2017	23	0.00106	0.00106	0.5	98475	104	98423	5563235	56.49
2015-2017	24	0.00108	0.00107	0.5	98371	106	98318	5464812	55.55
2015-2017	25	0.00141	0.00141	0.5	98265	139	98196	5366494	54.61
2015-2017	26	0.00141	0.00141	0.5	98126	138	98057	5268299	53.69
2015-2017	27	0.00125	0.00125	0.5	97988	123	97927	5170241	52.76
2015-2017	28	0.00159	0.00159	0.5	97866	155	97788	5072314	51.83
2015-2017	29	0.00140	0.00140	0.5	97710	137	97642	4974526	50.91
2015-2017	30	0.00168	0.00168	0.5	97573	164	97491	4876884	49.98
2015-2017	31	0.00181	0.00181	0.5	97409	176	97321	4779393	49.07
2015-2017	32	0.00208	0.00208	0.5	97233	202	97132	4682072	48.15
2015-2017	33	0.00160	0.00160	0.5	97030	155	96953	4584940	47.25
2015-2017	34	0.00162	0.00162	0.5	96876	157	96797	4487987	46.33
2015-2017	35	0.00168	0.00167	0.5	96719	162	96638	4391190	45.40
2015-2017	36	0.00180	0.00180	0.5	96557	174	96470	4294552	44.48
2015-2017	37	0.00195	0.00195	0.5	96383	188	96289	4198082	43.56
2015-2017	38	0.00205	0.00205	0.5	96195	197	96096	4101793	42.64
2015-2017	39	0.00219	0.00219	0.5	95998	210	95893	4005697	41.73
2015-2017	40	0.00253	0.00253	0.5	95787	242	95666	3909804	40.82
2015-2017	41	0.00240	0.00239	0.5	95545	229	95431	3814138	39.92
2015-2017	42	0.00243	0.00243	0.5	95316	232	95201	3718707	39.01
2015-2017	43	0.00244	0.00244	0.5	95085	232	94969	3623507	38.11
2015-2017	44	0.00327	0.00326	0.5	94853	310	94698	3528538	37.20
2015-2017	45	0.00293	0.00292	0.5	94543	277	94405	3433839	36.32
2015-2017	46	0.00302	0.00302	0.5	94267	284	94125	3339434	35.43
2015-2017	47	0.00372	0.00371	0.5	93983	349	93808	3245310	34.53
2015-2017	48	0.00348	0.00347	0.5	93634	325	93471	3151501	33.66
2015-2017	49	0.00350	0.00349	0.5	93309	326	93146	3058030	32.77
2015-2017	50	0.00352	0.00352	0.5	92983	327	92819	2964885	31.89
2015-2017	51	0.00487	0.00486	0.5	92656	450	92431	2872065	31.00
2015-2017	52	0.00520	0.00518	0.5	92206	478	91967	2779635	30.15
2015-2017	53	0.00622	0.00620	0.5	91728	569	91443	2687668	29.30
2015-2017	54	0.00597	0.00595	0.5	91159	543	90888	2596224	28.48
2015-2017	55	0.00628	0.00626	0.5	90617	567	90333	2505336	27.65
2015-2017	56	0.00719	0.00716	0.5	90049	645	89727	2415003	26.82
2015-2017	57	0.00689	0.00687	0.5	89404	614	89097	2325277	26.01
2015-2017	58	0.00800	0.00797	0.5	88791	708	88437	2236179	25.18
2015-2017	59	0.00921	0.00917	0.5	88083	808	87679	2147743	24.38
2015-2017	60	0.00775	0.00772	0.5	87275	674	86938	2060064	23.60
2015-2017	61	0.00855	0.00852	0.5	86601	737	86232	1973125	22.78
2015-2017	62	0.00936	0.00932	0.5	85864	800	85463	1886893	21.98
2015-2017	63	0.01042	0.01037	0.5	85063	882	84622	1801430	21.18
2015-2017	64	0.01129	0.01123	0.5	84181	945	83709	1716807	20.39
2015-2017	65	0.01129	0.01123	0.5	83236	935	82769	1633099	19.62
2015-2017	66	0.01266	0.01258	0.5	82301	1035	81784	1550330	18.84
2015-2017	67	0.01318	0.01309	0.5	81266	1064	80734	1468546	18.07
2015-2017	68	0.01563	0.01551	0.5	80202	1244	79581	1387812	17.30
2015-2017	69	0.01536	0.01525	0.5	78959	1204	78357	1308231	16.57
2015-2017	70	0.01707	0.01692	0.5	77755	1316	77097	1229875	15.82
2015-2017	71	0.02136	0.02114	0.5	76439	1616	75631	1152778	15.08
2015-2017	72	0.02186	0.02163	0.5	74823	1618	74014	1077147	14.40
2015-2017	73	0.02362	0.02334	0.5	73205	1709	72351	1003132	13.70
2015-2017	74	0.02643	0.02609	0.5	71496	1865	70564	930782	13.02
2015-2017	75	0.02922	0.02880	0.5	69631	2005	68628	860218	12.35
2015-2017	76	0.03313	0.03259	0.5	67626	2204	66524	791589	11.71
2015-2017	77	0.03679	0.03613	0.5	65422	2363	64240	725065	11.08
2015-2017	78	0.03982	0.03904	0.5	63058	2462	61827	660825	10.48
2015-2017	79	0.04393	0.04299	0.5	60596	2605	59294	598998	9.89
2015-2017	80	0.04501	0.04402	0.5	57991	2553	56715	539704	9.31
2015-2017	81	0.05112	0.04985	0.5	55438	2764	54057	482989	8.71
2015-2017	82	0.05801	0.05638	0.5	52675	2970	51190	428932	8.14
2015-2017	83	0.06577	0.06368	0.5	49705	3165	48123	377742	7.60
2015-2017	84	0.07449	0.07181	0.5	46540	3342	44869	329620	7.08
2015-2017	85	0.08426	0.08086	0.5	43198	3493	41451	284751	6.59
2015-2017	86	0.09519	0.09087	0.5	39705	3608	37901	243300	6.13
2015-2017	87	0.10738	0.10190	0.5	36097	3678	34258	205399	5.69
2015-2017	88	0.12092	0.11403	0.5	32419	3697	30570	171141	5.28
2015-2017	89	0.13592	0.12727	0.5	28722	3655	26894	140571	4.89
2015-2017	90	0.15247	0.14167	0.5	25067	3551	23291	113676	4.53
2015-2017	91	0.17065	0.15723	0.5	21515	3383	19824	90385	4.20
2015-2017	92	0.19052	0.17395	0.5	18133	3154	16555	70561	3.89
2015-2017	93	0.21213	0.19179	0.5	14978	2873	13542	54006	3.61
2015-2017	94	0.23550	0.21069	0.5	12106	2551	10830	40464	3.34
2015-2017	95	0.26061	0.23057	0.5	9555	2203	8454	29633	3.10
2015-2017	96	0.28742	0.25130	0.5	7352	1848	6428	21180	2.88
2015-2017	97	0.31583	0.27275	0.5	5504	1501	4754	14751	2.68
2015-2017	98	0.34571	0.29476	0.5	4003	1180	3413	9998	2.50
2015-2017	99	0.37689	0.31713	0.5	2823	895	2375	6584	2.33
2015-2017	100	0.40916	0.33967	0.5	1928	655	1600	4209	2.18
2015-2017	101	0.44227	0.36218	0.5	1273	461	1042	2609	2.05
2015-2017	102	0.47593	0.38444	0.5	812	312	656	1566	1.93
2015-2017	103	0.50984	0.40627	0.5	500	203	398	910	1.82
2015-2017	104	0.54370	0.42748	0.5	297	127	233	512	1.73
2015-2017	105	0.57719	0.44792	0.5	170	76	132	279	1.64
2015-2017	106	0.61001	0.46744	0.5	94	44	72	147	1.56
2015-2017	107	0.64190	0.48594	0.5	50	24	38	75	1.50
2015-2017	108	0.67261	0.50334	0.5	26	13	19	37	1.44
2015-2017	109	0.70194	0.51958	0.5	13	7	9	18	1.40
2015-2017	110+	0.72971	1.00000	1.37	6	6	8	8	1.37
