MD: Maryland, Lifetables (period 1x5), Both sexes Last modified: 3 Dec 2019, MPv5 (May07) 

Year     	Age	mx	qx	ax	lx	dx	Lx	Tx	ex
1960-1964	0	0.02649	0.02589	0.12	100000	2589	97726	6907601	69.08
1960-1964	1	0.00157	0.00157	0.5	97411	153	97335	6809875	69.91
1960-1964	2	0.00094	0.00094	0.5	97259	91	97213	6712540	69.02
1960-1964	3	0.00079	0.00079	0.5	97168	77	97129	6615327	68.08
1960-1964	4	0.00066	0.00066	0.5	97091	64	97059	6518198	67.13
1960-1964	5	0.00062	0.00062	0.5	97027	61	96997	6421138	66.18
1960-1964	6	0.00045	0.00045	0.5	96967	44	96945	6324142	65.22
1960-1964	7	0.00047	0.00047	0.5	96923	45	96901	6227197	64.25
1960-1964	8	0.00044	0.00044	0.5	96878	42	96857	6130296	63.28
1960-1964	9	0.00038	0.00038	0.5	96836	36	96818	6033439	62.31
1960-1964	10	0.00034	0.00034	0.5	96799	33	96783	5936621	61.33
1960-1964	11	0.00033	0.00033	0.5	96767	32	96751	5839838	60.35
1960-1964	12	0.00036	0.00036	0.5	96734	35	96717	5743088	59.37
1960-1964	13	0.00046	0.00046	0.5	96699	45	96677	5646371	58.39
1960-1964	14	0.00051	0.00051	0.5	96654	49	96630	5549694	57.42
1960-1964	15	0.00052	0.00052	0.5	96605	50	96580	5453064	56.45
1960-1964	16	0.00071	0.00071	0.5	96555	68	96521	5356484	55.48
1960-1964	17	0.00078	0.00078	0.5	96487	76	96449	5259963	54.51
1960-1964	18	0.00085	0.00085	0.5	96411	82	96370	5163514	53.56
1960-1964	19	0.00100	0.00100	0.5	96329	96	96281	5067144	52.60
1960-1964	20	0.00103	0.00103	0.5	96233	99	96183	4970864	51.65
1960-1964	21	0.00119	0.00119	0.5	96134	114	96077	4874680	50.71
1960-1964	22	0.00110	0.00110	0.5	96020	105	95967	4778603	49.77
1960-1964	23	0.00107	0.00106	0.5	95914	102	95863	4682637	48.82
1960-1964	24	0.00115	0.00115	0.5	95812	110	95757	4586773	47.87
1960-1964	25	0.00124	0.00124	0.5	95702	119	95643	4491016	46.93
1960-1964	26	0.00128	0.00128	0.5	95583	123	95522	4395374	45.98
1960-1964	27	0.00110	0.00110	0.5	95460	105	95408	4299852	45.04
1960-1964	28	0.00137	0.00137	0.5	95355	131	95290	4204444	44.09
1960-1964	29	0.00144	0.00144	0.5	95224	137	95156	4109154	43.15
1960-1964	30	0.00142	0.00141	0.5	95087	135	95020	4013998	42.21
1960-1964	31	0.00153	0.00153	0.5	94953	145	94880	3918978	41.27
1960-1964	32	0.00165	0.00165	0.5	94808	156	94730	3824098	40.34
1960-1964	33	0.00180	0.00180	0.5	94652	170	94566	3729368	39.40
1960-1964	34	0.00197	0.00197	0.5	94481	186	94388	3634802	38.47
1960-1964	35	0.00212	0.00212	0.5	94295	200	94195	3540413	37.55
1960-1964	36	0.00225	0.00225	0.5	94095	211	93990	3446218	36.62
1960-1964	37	0.00246	0.00246	0.5	93884	230	93769	3352228	35.71
1960-1964	38	0.00271	0.00271	0.5	93654	253	93527	3258459	34.79
1960-1964	39	0.00314	0.00313	0.5	93400	293	93254	3164932	33.89
1960-1964	40	0.00327	0.00327	0.5	93108	304	92956	3071678	32.99
1960-1964	41	0.00359	0.00358	0.5	92804	332	92637	2978723	32.10
1960-1964	42	0.00411	0.00410	0.5	92471	379	92281	2886085	31.21
1960-1964	43	0.00418	0.00418	0.5	92092	385	91899	2793804	30.34
1960-1964	44	0.00491	0.00490	0.5	91707	449	91483	2701905	29.46
1960-1964	45	0.00500	0.00499	0.5	91258	456	91030	2610422	28.60
1960-1964	46	0.00545	0.00544	0.5	90802	494	90556	2519392	27.75
1960-1964	47	0.00659	0.00657	0.5	90309	594	90012	2428837	26.89
1960-1964	48	0.00718	0.00715	0.5	89715	642	89394	2338825	26.07
1960-1964	49	0.00760	0.00757	0.5	89073	675	88736	2249430	25.25
1960-1964	50	0.00903	0.00899	0.5	88399	795	88001	2160694	24.44
1960-1964	51	0.00900	0.00896	0.5	87604	785	87211	2072693	23.66
1960-1964	52	0.01100	0.01094	0.5	86818	950	86344	1985482	22.87
1960-1964	53	0.01088	0.01082	0.5	85869	929	85404	1899139	22.12
1960-1964	54	0.01247	0.01240	0.5	84940	1053	84413	1813734	21.35
1960-1964	55	0.01361	0.01352	0.5	83887	1134	83319	1729321	20.61
1960-1964	56	0.01424	0.01414	0.5	82752	1170	82167	1646002	19.89
1960-1964	57	0.01553	0.01541	0.5	81582	1257	80954	1563835	19.17
1960-1964	58	0.01694	0.01680	0.5	80325	1350	79650	1482881	18.46
1960-1964	59	0.01884	0.01867	0.5	78975	1474	78238	1403231	17.77
1960-1964	60	0.02127	0.02105	0.5	77501	1631	76686	1324993	17.10
1960-1964	61	0.02008	0.01988	0.5	75870	1508	75116	1248307	16.45
1960-1964	62	0.02455	0.02426	0.5	74362	1804	73460	1173191	15.78
1960-1964	63	0.02578	0.02545	0.5	72558	1847	71635	1099731	15.16
1960-1964	64	0.02829	0.02790	0.5	70711	1973	69725	1028096	14.54
1960-1964	65	0.03273	0.03220	0.5	68739	2214	67632	958371	13.94
1960-1964	66	0.03263	0.03211	0.5	66525	2136	65457	890739	13.39
1960-1964	67	0.03576	0.03514	0.5	64389	2262	63258	825282	12.82
1960-1964	68	0.03756	0.03687	0.5	62127	2290	60982	762024	12.27
1960-1964	69	0.04042	0.03962	0.5	59836	2371	58651	701042	11.72
1960-1964	70	0.04607	0.04503	0.5	57466	2588	56172	642391	11.18
1960-1964	71	0.04574	0.04472	0.5	54878	2454	53651	586219	10.68
1960-1964	72	0.05330	0.05192	0.5	52424	2722	51063	532569	10.16
1960-1964	73	0.05467	0.05322	0.5	49702	2645	48380	481505	9.69
1960-1964	74	0.06102	0.05921	0.5	47057	2786	45664	433126	9.20
1960-1964	75	0.06701	0.06484	0.5	44271	2870	42836	387462	8.75
1960-1964	76	0.07142	0.06896	0.5	41400	2855	39973	344626	8.32
1960-1964	77	0.07314	0.07056	0.5	38545	2720	37186	304653	7.90
1960-1964	78	0.07966	0.07661	0.5	35826	2745	34453	267468	7.47
1960-1964	79	0.08887	0.08509	0.5	33081	2815	31674	233014	7.04
1960-1964	80	0.09753	0.09300	0.5	30266	2815	28859	201341	6.65
1960-1964	81	0.09987	0.09512	0.5	27452	2611	26146	172482	6.28
1960-1964	82	0.11707	0.11060	0.5	24841	2747	23467	146335	5.89
1960-1964	83	0.12666	0.11911	0.5	22093	2632	20778	122868	5.56
1960-1964	84	0.13772	0.12885	0.5	19462	2508	18208	102091	5.25
1960-1964	85	0.15014	0.13966	0.5	16954	2368	15770	83883	4.95
1960-1964	86	0.16096	0.14897	0.5	14586	2173	13500	68113	4.67
1960-1964	87	0.17935	0.16459	0.5	12413	2043	11392	54613	4.40
1960-1964	88	0.18985	0.17339	0.5	10370	1798	9471	43221	4.17
1960-1964	89	0.20305	0.18433	0.5	8572	1580	7782	33750	3.94
1960-1964	90	0.21906	0.19743	0.5	6992	1380	6302	25968	3.71
1960-1964	91	0.23601	0.21110	0.5	5612	1185	5019	19666	3.50
1960-1964	92	0.25391	0.22531	0.5	4427	997	3928	14647	3.31
1960-1964	93	0.27274	0.24001	0.5	3430	823	3018	10719	3.13
1960-1964	94	0.29247	0.25516	0.5	2606	665	2274	7701	2.95
1960-1964	95	0.31308	0.27070	0.5	1941	526	1679	5427	2.80
1960-1964	96	0.33451	0.28658	0.5	1416	406	1213	3749	2.65
1960-1964	97	0.35671	0.30272	0.5	1010	306	857	2536	2.51
1960-1964	98	0.37960	0.31904	0.5	704	225	592	1678	2.38
1960-1964	99	0.40310	0.33548	0.5	480	161	399	1087	2.27
1960-1964	100	0.42711	0.35195	0.5	319	112	263	687	2.16
1960-1964	101	0.45152	0.36836	0.5	207	76	168	425	2.06
1960-1964	102	0.47623	0.38464	0.5	130	50	105	256	1.96
1960-1964	103	0.50110	0.40070	0.5	80	32	64	151	1.88
1960-1964	104	0.52602	0.41648	0.5	48	20	38	87	1.80
1960-1964	105	0.55085	0.43190	0.5	28	12	22	49	1.73
1960-1964	106	0.57548	0.44689	0.5	16	7	12	27	1.67
1960-1964	107	0.59977	0.46140	0.5	9	4	7	14	1.61
1960-1964	108	0.62363	0.47539	0.5	5	2	4	7	1.56
1960-1964	109	0.64693	0.48882	0.5	2	1	2	4	1.52
1960-1964	110+	0.66959	1.00000	1.49	1	1	2	2	1.49
1965-1969	0	0.02231	0.02188	0.11	100000	2188	98054	6951801	69.52
1965-1969	1	0.00130	0.00130	0.5	97812	127	97749	6853748	70.07
1965-1969	2	0.00084	0.00084	0.5	97685	82	97644	6755999	69.16
1965-1969	3	0.00068	0.00068	0.5	97603	66	97570	6658354	68.22
1965-1969	4	0.00063	0.00063	0.5	97537	61	97506	6560784	67.26
1965-1969	5	0.00048	0.00048	0.5	97476	47	97452	6463278	66.31
1965-1969	6	0.00045	0.00045	0.5	97429	44	97407	6365825	65.34
1965-1969	7	0.00044	0.00044	0.5	97385	43	97363	6268418	64.37
1965-1969	8	0.00038	0.00038	0.5	97342	37	97323	6171055	63.40
1965-1969	9	0.00035	0.00035	0.5	97305	34	97288	6073732	62.42
1965-1969	10	0.00035	0.00035	0.5	97271	34	97254	5976444	61.44
1965-1969	11	0.00035	0.00035	0.5	97237	34	97220	5879190	60.46
1965-1969	12	0.00036	0.00036	0.5	97202	35	97185	5781970	59.48
1965-1969	13	0.00043	0.00043	0.5	97167	41	97146	5684785	58.51
1965-1969	14	0.00053	0.00053	0.5	97126	51	97100	5587639	57.53
1965-1969	15	0.00060	0.00060	0.5	97075	59	97045	5490539	56.56
1965-1969	16	0.00072	0.00072	0.5	97016	70	96981	5393493	55.59
1965-1969	17	0.00108	0.00108	0.5	96946	105	96894	5296512	54.63
1965-1969	18	0.00118	0.00117	0.5	96842	114	96785	5199618	53.69
1965-1969	19	0.00125	0.00125	0.5	96728	121	96667	5102833	52.75
1965-1969	20	0.00116	0.00116	0.5	96607	112	96551	5006166	51.82
1965-1969	21	0.00117	0.00117	0.5	96495	113	96439	4909615	50.88
1965-1969	22	0.00127	0.00127	0.5	96382	123	96321	4813176	49.94
1965-1969	23	0.00123	0.00123	0.5	96260	118	96201	4716855	49.00
1965-1969	24	0.00131	0.00131	0.5	96141	126	96079	4620654	48.06
1965-1969	25	0.00120	0.00120	0.5	96016	115	95958	4524576	47.12
1965-1969	26	0.00133	0.00132	0.5	95901	127	95837	4428618	46.18
1965-1969	27	0.00139	0.00139	0.5	95774	133	95707	4332780	45.24
1965-1969	28	0.00148	0.00148	0.5	95641	141	95570	4237073	44.30
1965-1969	29	0.00135	0.00135	0.5	95500	129	95435	4141503	43.37
1965-1969	30	0.00139	0.00139	0.5	95371	132	95305	4046068	42.42
1965-1969	31	0.00158	0.00158	0.5	95239	150	95163	3950763	41.48
1965-1969	32	0.00173	0.00173	0.5	95088	165	95006	3855600	40.55
1965-1969	33	0.00187	0.00187	0.5	94924	177	94835	3760594	39.62
1965-1969	34	0.00187	0.00187	0.5	94746	177	94658	3665759	38.69
1965-1969	35	0.00235	0.00234	0.5	94570	222	94459	3571101	37.76
1965-1969	36	0.00260	0.00260	0.5	94348	245	94226	3476642	36.85
1965-1969	37	0.00243	0.00243	0.5	94103	229	93989	3382416	35.94
1965-1969	38	0.00293	0.00293	0.5	93874	275	93737	3288428	35.03
1965-1969	39	0.00272	0.00272	0.5	93600	254	93473	3194691	34.13
1965-1969	40	0.00352	0.00352	0.5	93345	328	93181	3101218	33.22
1965-1969	41	0.00367	0.00367	0.5	93017	341	92847	3008037	32.34
1965-1969	42	0.00438	0.00437	0.5	92676	405	92474	2915190	31.46
1965-1969	43	0.00458	0.00457	0.5	92271	422	92061	2822716	30.59
1965-1969	44	0.00485	0.00484	0.5	91850	445	91627	2730656	29.73
1965-1969	45	0.00556	0.00555	0.5	91405	507	91151	2639028	28.87
1965-1969	46	0.00581	0.00579	0.5	90898	527	90635	2547877	28.03
1965-1969	47	0.00607	0.00606	0.5	90371	547	90098	2457243	27.19
1965-1969	48	0.00683	0.00681	0.5	89824	612	89518	2367145	26.35
1965-1969	49	0.00756	0.00753	0.5	89212	672	88877	2277627	25.53
1965-1969	50	0.00869	0.00865	0.5	88541	766	88158	2188750	24.72
1965-1969	51	0.00904	0.00900	0.5	87774	790	87379	2100593	23.93
1965-1969	52	0.01037	0.01031	0.5	86984	897	86536	2013213	23.14
1965-1969	53	0.01075	0.01069	0.5	86087	921	85627	1926677	22.38
1965-1969	54	0.01206	0.01199	0.5	85167	1021	84656	1841050	21.62
1965-1969	55	0.01271	0.01263	0.5	84146	1063	83614	1756394	20.87
1965-1969	56	0.01466	0.01456	0.5	83083	1209	82478	1672780	20.13
1965-1969	57	0.01559	0.01547	0.5	81873	1267	81240	1590302	19.42
1965-1969	58	0.01681	0.01667	0.5	80607	1343	79935	1509062	18.72
1965-1969	59	0.01862	0.01845	0.5	79263	1463	78532	1429127	18.03
1965-1969	60	0.02049	0.02029	0.5	77801	1578	77012	1350595	17.36
1965-1969	61	0.02086	0.02064	0.5	76222	1574	75436	1273583	16.71
1965-1969	62	0.02348	0.02321	0.5	74649	1733	73783	1198148	16.05
1965-1969	63	0.02457	0.02427	0.5	72916	1770	72031	1124365	15.42
1965-1969	64	0.02608	0.02574	0.5	71146	1831	70231	1052334	14.79
1965-1969	65	0.03051	0.03005	0.5	69315	2083	68274	982103	14.17
1965-1969	66	0.03163	0.03114	0.5	67232	2093	66185	913829	13.59
1965-1969	67	0.03461	0.03402	0.5	65139	2216	64031	847644	13.01
1965-1969	68	0.03655	0.03589	0.5	62923	2258	61793	783613	12.45
1965-1969	69	0.03935	0.03859	0.5	60664	2341	59494	721820	11.90
1965-1969	70	0.04333	0.04241	0.5	58323	2473	57086	662326	11.36
1965-1969	71	0.04576	0.04474	0.5	55850	2499	54600	605240	10.84
1965-1969	72	0.05183	0.05052	0.5	53351	2695	52003	550639	10.32
1965-1969	73	0.05589	0.05437	0.5	50656	2754	49279	498636	9.84
1965-1969	74	0.06025	0.05849	0.5	47902	2802	46501	449357	9.38
1965-1969	75	0.06558	0.06350	0.5	45100	2864	43668	402856	8.93
1965-1969	76	0.07059	0.06818	0.5	42236	2880	40796	359188	8.50
1965-1969	77	0.07338	0.07078	0.5	39356	2786	37963	318392	8.09
1965-1969	78	0.08194	0.07871	0.5	36571	2879	35131	280429	7.67
1965-1969	79	0.08344	0.08010	0.5	33692	2699	32343	245297	7.28
1965-1969	80	0.09448	0.09022	0.5	30993	2796	29595	212955	6.87
1965-1969	81	0.09542	0.09108	0.5	28197	2568	26913	183359	6.50
1965-1969	82	0.10855	0.10297	0.5	25629	2639	24310	156446	6.10
1965-1969	83	0.11951	0.11277	0.5	22990	2593	21694	132137	5.75
1965-1969	84	0.13159	0.12347	0.5	20397	2518	19138	110443	5.41
1965-1969	85	0.14316	0.13360	0.5	17879	2389	16685	91305	5.11
1965-1969	86	0.16039	0.14848	0.5	15490	2300	14340	74620	4.82
1965-1969	87	0.16583	0.15313	0.5	13190	2020	12180	60280	4.57
1965-1969	88	0.17789	0.16336	0.5	11171	1825	10258	48099	4.31
1965-1969	89	0.19590	0.17842	0.5	9346	1667	8512	37841	4.05
1965-1969	90	0.21145	0.19123	0.5	7678	1468	6944	29329	3.82
1965-1969	91	0.22791	0.20460	0.5	6210	1271	5575	22385	3.60
1965-1969	92	0.24529	0.21849	0.5	4939	1079	4400	16810	3.40
1965-1969	93	0.26358	0.23289	0.5	3860	899	3411	12411	3.22
1965-1969	94	0.28276	0.24774	0.5	2961	734	2594	9000	3.04
1965-1969	95	0.30281	0.26299	0.5	2228	586	1935	6406	2.88
1965-1969	96	0.32366	0.27858	0.5	1642	457	1413	4471	2.72
1965-1969	97	0.34528	0.29445	0.5	1184	349	1010	3058	2.58
1965-1969	98	0.36760	0.31053	0.5	836	259	706	2048	2.45
1965-1969	99	0.39054	0.32674	0.5	576	188	482	1342	2.33
1965-1969	100	0.41401	0.34301	0.5	388	133	321	860	2.22
1965-1969	101	0.43791	0.35925	0.5	255	92	209	539	2.11
1965-1969	102	0.46213	0.37539	0.5	163	61	133	329	2.02
1965-1969	103	0.48657	0.39136	0.5	102	40	82	197	1.93
1965-1969	104	0.51110	0.40707	0.5	62	25	49	115	1.85
1965-1969	105	0.53561	0.42247	0.5	37	16	29	65	1.78
1965-1969	106	0.55996	0.43748	0.5	21	9	17	36	1.71
1965-1969	107	0.58406	0.45205	0.5	12	5	9	20	1.65
1965-1969	108	0.60778	0.46613	0.5	7	3	5	10	1.60
1965-1969	109	0.63102	0.47968	0.5	3	2	3	5	1.56
1965-1969	110+	0.65369	1.00000	1.53	2	2	3	3	1.53
1970-1974	0	0.01675	0.01650	0.09	100000	1650	98506	7097305	70.97
1970-1974	1	0.00100	0.00100	0.5	98350	99	98301	6998798	71.16
1970-1974	2	0.00062	0.00062	0.5	98252	61	98221	6900498	70.23
1970-1974	3	0.00062	0.00062	0.5	98191	61	98161	6802276	69.28
1970-1974	4	0.00048	0.00048	0.5	98130	47	98107	6704116	68.32
1970-1974	5	0.00059	0.00059	0.5	98083	58	98054	6606009	67.35
1970-1974	6	0.00035	0.00035	0.5	98025	34	98008	6507955	66.39
1970-1974	7	0.00041	0.00041	0.5	97991	41	97971	6409947	65.41
1970-1974	8	0.00037	0.00037	0.5	97950	36	97932	6311976	64.44
1970-1974	9	0.00034	0.00034	0.5	97914	33	97898	6214044	63.46
1970-1974	10	0.00027	0.00027	0.5	97882	27	97868	6116146	62.49
1970-1974	11	0.00032	0.00032	0.5	97855	31	97839	6018278	61.50
1970-1974	12	0.00031	0.00031	0.5	97824	30	97809	5920439	60.52
1970-1974	13	0.00032	0.00032	0.5	97793	31	97778	5822630	59.54
1970-1974	14	0.00049	0.00049	0.5	97762	48	97738	5724852	58.56
1970-1974	15	0.00064	0.00064	0.5	97714	63	97683	5627114	57.59
1970-1974	16	0.00091	0.00091	0.5	97651	89	97607	5529432	56.62
1970-1974	17	0.00115	0.00115	0.5	97562	112	97506	5431825	55.68
1970-1974	18	0.00125	0.00125	0.5	97450	122	97389	5334318	54.74
1970-1974	19	0.00139	0.00139	0.5	97328	135	97261	5236929	53.81
1970-1974	20	0.00136	0.00136	0.5	97193	133	97127	5139669	52.88
1970-1974	21	0.00139	0.00139	0.5	97060	135	96993	5042542	51.95
1970-1974	22	0.00138	0.00138	0.5	96925	134	96858	4945549	51.02
1970-1974	23	0.00143	0.00143	0.5	96792	139	96722	4848691	50.09
1970-1974	24	0.00134	0.00134	0.5	96653	129	96588	4751968	49.17
1970-1974	25	0.00112	0.00112	0.5	96524	108	96470	4655380	48.23
1970-1974	26	0.00128	0.00128	0.5	96416	123	96354	4558910	47.28
1970-1974	27	0.00126	0.00126	0.5	96292	121	96232	4462556	46.34
1970-1974	28	0.00129	0.00129	0.5	96171	124	96109	4366325	45.40
1970-1974	29	0.00132	0.00132	0.5	96047	126	95984	4270215	44.46
1970-1974	30	0.00147	0.00147	0.5	95921	141	95850	4174231	43.52
1970-1974	31	0.00150	0.00150	0.5	95780	144	95708	4078381	42.58
1970-1974	32	0.00164	0.00164	0.5	95636	156	95558	3982672	41.64
1970-1974	33	0.00168	0.00168	0.5	95480	160	95400	3887114	40.71
1970-1974	34	0.00181	0.00181	0.5	95320	172	95234	3791714	39.78
1970-1974	35	0.00192	0.00191	0.5	95148	182	95057	3696481	38.85
1970-1974	36	0.00190	0.00190	0.5	94965	180	94875	3601424	37.92
1970-1974	37	0.00241	0.00241	0.5	94785	229	94671	3506549	36.99
1970-1974	38	0.00249	0.00249	0.5	94557	236	94439	3411878	36.08
1970-1974	39	0.00272	0.00272	0.5	94321	256	94193	3317439	35.17
1970-1974	40	0.00312	0.00312	0.5	94065	293	93918	3223246	34.27
1970-1974	41	0.00341	0.00341	0.5	93771	319	93612	3129328	33.37
1970-1974	42	0.00359	0.00358	0.5	93452	335	93284	3035717	32.48
1970-1974	43	0.00407	0.00406	0.5	93117	378	92928	2942432	31.60
1970-1974	44	0.00447	0.00446	0.5	92739	414	92532	2849504	30.73
1970-1974	45	0.00493	0.00492	0.5	92325	454	92098	2756972	29.86
1970-1974	46	0.00550	0.00549	0.5	91871	504	91619	2664874	29.01
1970-1974	47	0.00635	0.00633	0.5	91367	578	91078	2573255	28.16
1970-1974	48	0.00670	0.00668	0.5	90789	606	90486	2482177	27.34
1970-1974	49	0.00712	0.00710	0.5	90183	640	89863	2391691	26.52
1970-1974	50	0.00746	0.00743	0.5	89542	666	89210	2301829	25.71
1970-1974	51	0.00788	0.00785	0.5	88877	697	88528	2212619	24.90
1970-1974	52	0.00932	0.00928	0.5	88180	818	87771	2124091	24.09
1970-1974	53	0.00965	0.00960	0.5	87362	839	86942	2036320	23.31
1970-1974	54	0.01062	0.01057	0.5	86523	914	86065	1949378	22.53
1970-1974	55	0.01112	0.01106	0.5	85608	946	85135	1863312	21.77
1970-1974	56	0.01294	0.01286	0.5	84662	1089	84118	1778177	21.00
1970-1974	57	0.01409	0.01399	0.5	83573	1169	82989	1694060	20.27
1970-1974	58	0.01519	0.01508	0.5	82404	1242	81783	1611071	19.55
1970-1974	59	0.01665	0.01651	0.5	81162	1340	80492	1529288	18.84
1970-1974	60	0.01749	0.01734	0.5	79822	1384	79130	1448796	18.15
1970-1974	61	0.01935	0.01917	0.5	78438	1503	77686	1369666	17.46
1970-1974	62	0.02068	0.02047	0.5	76935	1575	76147	1291980	16.79
1970-1974	63	0.02240	0.02215	0.5	75360	1669	74525	1215833	16.13
1970-1974	64	0.02468	0.02438	0.5	73691	1797	72792	1141307	15.49
1970-1974	65	0.02789	0.02750	0.5	71894	1977	70905	1068515	14.86
1970-1974	66	0.02881	0.02840	0.5	69917	1985	68924	997610	14.27
1970-1974	67	0.03223	0.03172	0.5	67931	2155	66854	928686	13.67
1970-1974	68	0.03338	0.03283	0.5	65776	2160	64697	861832	13.10
1970-1974	69	0.03773	0.03703	0.5	63617	2356	62439	797136	12.53
1970-1974	70	0.04035	0.03956	0.5	61261	2423	60049	734697	11.99
1970-1974	71	0.04254	0.04165	0.5	58838	2451	57613	674647	11.47
1970-1974	72	0.04573	0.04471	0.5	56387	2521	55127	617035	10.94
1970-1974	73	0.04828	0.04715	0.5	53866	2540	52596	561908	10.43
1970-1974	74	0.05293	0.05157	0.5	51327	2647	50003	509312	9.92
1970-1974	75	0.05865	0.05698	0.5	48680	2774	47293	459309	9.44
1970-1974	76	0.06203	0.06016	0.5	45906	2762	44525	412016	8.98
1970-1974	77	0.06777	0.06555	0.5	43144	2828	41730	367491	8.52
1970-1974	78	0.07424	0.07158	0.5	40316	2886	38873	325761	8.08
1970-1974	79	0.08147	0.07828	0.5	37430	2930	35965	286888	7.66
1970-1974	80	0.08493	0.08147	0.5	34500	2811	33095	250923	7.27
1970-1974	81	0.08791	0.08421	0.5	31689	2669	30355	217828	6.87
1970-1974	82	0.10049	0.09568	0.5	29021	2777	27632	187473	6.46
1970-1974	83	0.10605	0.10071	0.5	26244	2643	24922	159840	6.09
1970-1974	84	0.11807	0.11149	0.5	23601	2631	22285	134918	5.72
1970-1974	85	0.13210	0.12391	0.5	20970	2598	19671	112633	5.37
1970-1974	86	0.14165	0.13229	0.5	18371	2430	17156	92962	5.06
1970-1974	87	0.15809	0.14651	0.5	15941	2335	14773	75806	4.76
1970-1974	88	0.16921	0.15601	0.5	13606	2123	12544	61033	4.49
1970-1974	89	0.18360	0.16817	0.5	11483	1931	10517	48488	4.22
1970-1974	90	0.19898	0.18097	0.5	9552	1729	8688	37971	3.98
1970-1974	91	0.21535	0.19441	0.5	7823	1521	7063	29283	3.74
1970-1974	92	0.23272	0.20847	0.5	6302	1314	5645	22221	3.53
1970-1974	93	0.25111	0.22310	0.5	4988	1113	4432	16575	3.32
1970-1974	94	0.27048	0.23826	0.5	3876	923	3414	12143	3.13
1970-1974	95	0.29083	0.25391	0.5	2952	750	2577	8729	2.96
1970-1974	96	0.31211	0.26998	0.5	2203	595	1905	6152	2.79
1970-1974	97	0.33426	0.28640	0.5	1608	461	1378	4247	2.64
1970-1974	98	0.35722	0.30309	0.5	1147	348	974	2869	2.50
1970-1974	99	0.38091	0.31997	0.5	800	256	672	1895	2.37
1970-1974	100	0.40523	0.33696	0.5	544	183	452	1224	2.25
1970-1974	101	0.43007	0.35396	0.5	361	128	297	772	2.14
1970-1974	102	0.45532	0.37088	0.5	233	86	190	475	2.04
1970-1974	103	0.48083	0.38763	0.5	147	57	118	285	1.95
1970-1974	104	0.50647	0.40413	0.5	90	36	72	167	1.86
1970-1974	105	0.53212	0.42029	0.5	53	22	42	95	1.78
1970-1974	106	0.55762	0.43605	0.5	31	14	24	53	1.71
1970-1974	107	0.58285	0.45132	0.5	17	8	14	29	1.65
1970-1974	108	0.60766	0.46606	0.5	10	4	7	15	1.60
1970-1974	109	0.63195	0.48022	0.5	5	2	4	8	1.55
1970-1974	110+	0.65560	1.00000	1.53	3	3	4	4	1.53
1975-1979	0	0.01557	0.01535	0.09	100000	1535	98605	7277393	72.77
1975-1979	1	0.00081	0.00081	0.5	98465	79	98425	7178788	72.91
1975-1979	2	0.00055	0.00055	0.5	98385	54	98358	7080363	71.97
1975-1979	3	0.00045	0.00045	0.5	98331	44	98309	6982005	71.01
1975-1979	4	0.00037	0.00037	0.5	98287	36	98269	6883696	70.04
1975-1979	5	0.00033	0.00033	0.5	98251	33	98234	6785427	69.06
1975-1979	6	0.00031	0.00031	0.5	98218	30	98203	6687193	68.09
1975-1979	7	0.00031	0.00031	0.5	98188	30	98173	6588990	67.11
1975-1979	8	0.00030	0.00030	0.5	98158	30	98143	6490817	66.13
1975-1979	9	0.00023	0.00023	0.5	98128	23	98116	6392675	65.15
1975-1979	10	0.00020	0.00020	0.5	98105	20	98095	6294558	64.16
1975-1979	11	0.00026	0.00026	0.5	98085	26	98073	6196463	63.17
1975-1979	12	0.00030	0.00030	0.5	98060	30	98045	6098391	62.19
1975-1979	13	0.00026	0.00026	0.5	98030	26	98017	6000346	61.21
1975-1979	14	0.00043	0.00043	0.5	98005	42	97984	5902328	60.23
1975-1979	15	0.00051	0.00051	0.5	97962	50	97937	5804345	59.25
1975-1979	16	0.00069	0.00069	0.5	97912	68	97878	5706408	58.28
1975-1979	17	0.00086	0.00086	0.5	97844	84	97802	5608529	57.32
1975-1979	18	0.00099	0.00099	0.5	97760	97	97712	5510727	56.37
1975-1979	19	0.00113	0.00113	0.5	97664	110	97609	5413015	55.42
1975-1979	20	0.00117	0.00117	0.5	97554	114	97497	5315406	54.49
1975-1979	21	0.00124	0.00124	0.5	97439	120	97379	5217910	53.55
1975-1979	22	0.00113	0.00113	0.5	97319	110	97264	5120530	52.62
1975-1979	23	0.00123	0.00123	0.5	97209	120	97149	5023266	51.68
1975-1979	24	0.00115	0.00115	0.5	97089	112	97033	4926118	50.74
1975-1979	25	0.00119	0.00119	0.5	96977	116	96919	4829084	49.80
1975-1979	26	0.00110	0.00110	0.5	96862	106	96808	4732165	48.85
1975-1979	27	0.00120	0.00120	0.5	96755	116	96697	4635357	47.91
1975-1979	28	0.00111	0.00111	0.5	96639	107	96586	4538660	46.96
1975-1979	29	0.00122	0.00122	0.5	96532	118	96473	4442074	46.02
1975-1979	30	0.00121	0.00121	0.5	96414	117	96356	4345601	45.07
1975-1979	31	0.00117	0.00117	0.5	96298	112	96241	4249245	44.13
1975-1979	32	0.00132	0.00132	0.5	96185	127	96121	4153003	43.18
1975-1979	33	0.00131	0.00131	0.5	96058	126	95995	4056882	42.23
1975-1979	34	0.00139	0.00139	0.5	95932	134	95865	3960887	41.29
1975-1979	35	0.00154	0.00154	0.5	95798	147	95725	3865022	40.35
1975-1979	36	0.00164	0.00163	0.5	95651	156	95573	3769298	39.41
1975-1979	37	0.00167	0.00166	0.5	95495	159	95415	3673725	38.47
1975-1979	38	0.00189	0.00189	0.5	95336	180	95246	3578309	37.53
1975-1979	39	0.00214	0.00214	0.5	95156	204	95054	3483064	36.60
1975-1979	40	0.00225	0.00225	0.5	94952	213	94845	3388010	35.68
1975-1979	41	0.00268	0.00268	0.5	94739	254	94612	3293164	34.76
1975-1979	42	0.00303	0.00303	0.5	94485	286	94342	3198552	33.85
1975-1979	43	0.00357	0.00356	0.5	94199	335	94031	3104210	32.95
1975-1979	44	0.00392	0.00391	0.5	93864	367	93680	3010179	32.07
1975-1979	45	0.00409	0.00409	0.5	93497	382	93306	2916499	31.19
1975-1979	46	0.00433	0.00432	0.5	93115	402	92913	2823193	30.32
1975-1979	47	0.00500	0.00498	0.5	92712	462	92481	2730280	29.45
1975-1979	48	0.00522	0.00521	0.5	92250	481	92010	2637799	28.59
1975-1979	49	0.00580	0.00579	0.5	91769	531	91504	2545789	27.74
1975-1979	50	0.00676	0.00673	0.5	91238	614	90931	2454285	26.90
1975-1979	51	0.00705	0.00703	0.5	90624	637	90305	2363354	26.08
1975-1979	52	0.00790	0.00787	0.5	89987	708	89633	2273049	25.26
1975-1979	53	0.00840	0.00836	0.5	89278	747	88905	2183416	24.46
1975-1979	54	0.00971	0.00966	0.5	88532	855	88104	2094511	23.66
1975-1979	55	0.00992	0.00987	0.5	87676	865	87244	2006407	22.88
1975-1979	56	0.01131	0.01125	0.5	86811	976	86323	1919164	22.11
1975-1979	57	0.01211	0.01204	0.5	85835	1033	85318	1832841	21.35
1975-1979	58	0.01293	0.01285	0.5	84801	1090	84257	1747523	20.61
1975-1979	59	0.01468	0.01457	0.5	83712	1220	83102	1663267	19.87
1975-1979	60	0.01588	0.01576	0.5	82492	1300	81842	1580165	19.16
1975-1979	61	0.01775	0.01760	0.5	81192	1429	80478	1498323	18.45
1975-1979	62	0.01905	0.01887	0.5	79763	1505	79011	1417845	17.78
1975-1979	63	0.01974	0.01955	0.5	78258	1530	77493	1338834	17.11
1975-1979	64	0.02221	0.02197	0.5	76728	1686	75885	1261341	16.44
1975-1979	65	0.02458	0.02428	0.5	75042	1822	74131	1185456	15.80
1975-1979	66	0.02575	0.02542	0.5	73220	1861	72290	1111325	15.18
1975-1979	67	0.02808	0.02770	0.5	71359	1976	70371	1039035	14.56
1975-1979	68	0.02967	0.02923	0.5	69383	2028	68369	968664	13.96
1975-1979	69	0.03232	0.03181	0.5	67354	2142	66283	900296	13.37
1975-1979	70	0.03548	0.03486	0.5	65212	2273	64075	834012	12.79
1975-1979	71	0.03737	0.03669	0.5	62939	2309	61784	769937	12.23
1975-1979	72	0.04136	0.04052	0.5	60630	2457	59401	708153	11.68
1975-1979	73	0.04511	0.04411	0.5	58173	2566	56890	648751	11.15
1975-1979	74	0.04727	0.04618	0.5	55607	2568	54323	591861	10.64
1975-1979	75	0.05287	0.05151	0.5	53039	2732	51673	537539	10.13
1975-1979	76	0.05622	0.05469	0.5	50307	2751	48932	485866	9.66
1975-1979	77	0.06186	0.06000	0.5	47556	2853	46129	436934	9.19
1975-1979	78	0.06526	0.06320	0.5	44703	2825	43290	390805	8.74
1975-1979	79	0.07067	0.06826	0.5	41877	2858	40448	347515	8.30
1975-1979	80	0.07501	0.07230	0.5	39019	2821	37608	307067	7.87
1975-1979	81	0.07936	0.07633	0.5	36198	2763	34816	269459	7.44
1975-1979	82	0.08643	0.08285	0.5	33435	2770	32050	234643	7.02
1975-1979	83	0.09894	0.09428	0.5	30665	2891	29219	202593	6.61
1975-1979	84	0.10569	0.10039	0.5	27774	2788	26379	173374	6.24
1975-1979	85	0.11498	0.10873	0.5	24985	2717	23627	146994	5.88
1975-1979	86	0.12916	0.12133	0.5	22269	2702	20918	123367	5.54
1975-1979	87	0.13629	0.12759	0.5	19567	2497	18319	102449	5.24
1975-1979	88	0.15026	0.13976	0.5	17070	2386	15877	84131	4.93
1975-1979	89	0.15951	0.14772	0.5	14685	2169	13600	68253	4.65
1975-1979	90	0.17623	0.16196	0.5	12515	2027	11502	54653	4.37
1975-1979	91	0.19084	0.17422	0.5	10488	1827	9575	43151	4.11
1975-1979	92	0.20641	0.18710	0.5	8661	1620	7851	33577	3.88
1975-1979	93	0.22294	0.20058	0.5	7041	1412	6334	25726	3.65
1975-1979	94	0.24045	0.21465	0.5	5628	1208	5024	19391	3.45
1975-1979	95	0.25893	0.22925	0.5	4420	1013	3914	14367	3.25
1975-1979	96	0.27837	0.24436	0.5	3407	833	2991	10453	3.07
1975-1979	97	0.29874	0.25992	0.5	2574	669	2240	7463	2.90
1975-1979	98	0.32000	0.27586	0.5	1905	526	1642	5223	2.74
1975-1979	99	0.34209	0.29212	0.5	1380	403	1178	3581	2.60
1975-1979	100	0.36494	0.30863	0.5	977	301	826	2402	2.46
1975-1979	101	0.38848	0.32530	0.5	675	220	565	1576	2.33
1975-1979	102	0.41261	0.34205	0.5	456	156	378	1011	2.22
1975-1979	103	0.43723	0.35879	0.5	300	108	246	633	2.11
1975-1979	104	0.46221	0.37544	0.5	192	72	156	387	2.02
1975-1979	105	0.48743	0.39192	0.5	120	47	97	231	1.93
1975-1979	106	0.51277	0.40813	0.5	73	30	58	135	1.85
1975-1979	107	0.53808	0.42401	0.5	43	18	34	77	1.77
1975-1979	108	0.56325	0.43948	0.5	25	11	19	43	1.71
1975-1979	109	0.58813	0.45448	0.5	14	6	11	23	1.66
1975-1979	110+	0.61261	1.00000	1.63	8	8	12	12	1.63
1980-1984	0	0.01259	0.01245	0.08	100000	1245	98859	7380547	73.81
1980-1984	1	0.00070	0.00070	0.5	98755	69	98720	7281688	73.73
1980-1984	2	0.00059	0.00059	0.5	98686	58	98657	7182968	72.79
1980-1984	3	0.00042	0.00042	0.5	98628	41	98607	7084311	71.83
1980-1984	4	0.00032	0.00032	0.5	98586	31	98570	6985704	70.86
1980-1984	5	0.00030	0.00030	0.5	98555	29	98540	6887134	69.88
1980-1984	6	0.00026	0.00026	0.5	98525	26	98512	6788594	68.90
1980-1984	7	0.00024	0.00024	0.5	98499	23	98488	6690081	67.92
1980-1984	8	0.00021	0.00021	0.5	98476	21	98466	6591594	66.94
1980-1984	9	0.00024	0.00024	0.5	98456	23	98444	6493128	65.95
1980-1984	10	0.00016	0.00016	0.5	98432	16	98424	6394684	64.97
1980-1984	11	0.00020	0.00020	0.5	98416	19	98407	6296260	63.98
1980-1984	12	0.00025	0.00025	0.5	98397	24	98385	6197853	62.99
1980-1984	13	0.00029	0.00029	0.5	98373	28	98359	6099468	62.00
1980-1984	14	0.00039	0.00039	0.5	98344	38	98325	6001110	61.02
1980-1984	15	0.00037	0.00037	0.5	98306	36	98288	5902784	60.04
1980-1984	16	0.00068	0.00068	0.5	98270	67	98237	5804496	59.07
1980-1984	17	0.00085	0.00085	0.5	98204	83	98162	5706259	58.11
1980-1984	18	0.00098	0.00098	0.5	98120	97	98072	5608097	57.16
1980-1984	19	0.00099	0.00099	0.5	98024	97	97975	5510025	56.21
1980-1984	20	0.00110	0.00110	0.5	97927	108	97873	5412049	55.27
1980-1984	21	0.00114	0.00114	0.5	97819	112	97763	5314176	54.33
1980-1984	22	0.00121	0.00121	0.5	97708	118	97649	5216413	53.39
1980-1984	23	0.00127	0.00127	0.5	97589	124	97527	5118764	52.45
1980-1984	24	0.00117	0.00117	0.5	97465	114	97408	5021237	51.52
1980-1984	25	0.00117	0.00117	0.5	97351	114	97294	4923829	50.58
1980-1984	26	0.00127	0.00127	0.5	97237	123	97175	4826535	49.64
1980-1984	27	0.00120	0.00120	0.5	97114	116	97056	4729360	48.70
1980-1984	28	0.00123	0.00123	0.5	96997	119	96938	4632304	47.76
1980-1984	29	0.00114	0.00114	0.5	96878	110	96823	4535366	46.82
1980-1984	30	0.00114	0.00114	0.5	96768	110	96713	4438543	45.87
1980-1984	31	0.00118	0.00118	0.5	96658	114	96601	4341829	44.92
1980-1984	32	0.00137	0.00137	0.5	96544	132	96478	4245228	43.97
1980-1984	33	0.00146	0.00146	0.5	96412	141	96341	4148751	43.03
1980-1984	34	0.00125	0.00125	0.5	96271	120	96211	4052409	42.09
1980-1984	35	0.00139	0.00139	0.5	96151	134	96084	3956198	41.15
1980-1984	36	0.00145	0.00145	0.5	96017	140	95947	3860114	40.20
1980-1984	37	0.00154	0.00154	0.5	95878	148	95804	3764167	39.26
1980-1984	38	0.00170	0.00170	0.5	95730	162	95649	3668364	38.32
1980-1984	39	0.00194	0.00193	0.5	95567	185	95475	3572715	37.38
1980-1984	40	0.00230	0.00229	0.5	95383	219	95273	3477240	36.46
1980-1984	41	0.00235	0.00235	0.5	95164	224	95052	3381967	35.54
1980-1984	42	0.00254	0.00253	0.5	94940	241	94820	3286915	34.62
1980-1984	43	0.00272	0.00272	0.5	94699	258	94571	3192095	33.71
1980-1984	44	0.00299	0.00299	0.5	94442	282	94301	3097525	32.80
1980-1984	45	0.00344	0.00344	0.5	94159	324	93998	3003224	31.90
1980-1984	46	0.00402	0.00401	0.5	93836	376	93648	2909227	31.00
1980-1984	47	0.00407	0.00406	0.5	93459	380	93269	2815579	30.13
1980-1984	48	0.00463	0.00462	0.5	93080	430	92865	2722310	29.25
1980-1984	49	0.00524	0.00522	0.5	92650	484	92408	2629445	28.38
1980-1984	50	0.00563	0.00562	0.5	92166	518	91907	2537037	27.53
1980-1984	51	0.00642	0.00640	0.5	91648	587	91355	2445130	26.68
1980-1984	52	0.00685	0.00683	0.5	91062	622	90751	2353775	25.85
1980-1984	53	0.00753	0.00750	0.5	90440	678	90101	2263024	25.02
1980-1984	54	0.00888	0.00884	0.5	89762	794	89365	2172923	24.21
1980-1984	55	0.00945	0.00940	0.5	88968	836	88549	2083558	23.42
1980-1984	56	0.01044	0.01038	0.5	88131	915	87674	1995009	22.64
1980-1984	57	0.01139	0.01133	0.5	87216	988	86722	1907335	21.87
1980-1984	58	0.01258	0.01250	0.5	86228	1078	85689	1820613	21.11
1980-1984	59	0.01264	0.01256	0.5	85150	1069	84616	1734924	20.37
1980-1984	60	0.01442	0.01432	0.5	84081	1204	83479	1650308	19.63
1980-1984	61	0.01563	0.01551	0.5	82877	1285	82234	1566829	18.91
1980-1984	62	0.01802	0.01786	0.5	81592	1457	80863	1484595	18.20
1980-1984	63	0.01882	0.01864	0.5	80134	1494	79387	1403732	17.52
1980-1984	64	0.02039	0.02018	0.5	78641	1587	77847	1324344	16.84
1980-1984	65	0.02211	0.02187	0.5	77053	1685	76211	1246497	16.18
1980-1984	66	0.02370	0.02342	0.5	75368	1765	74486	1170286	15.53
1980-1984	67	0.02630	0.02596	0.5	73604	1911	72648	1095800	14.89
1980-1984	68	0.02865	0.02824	0.5	71693	2025	70680	1023152	14.27
1980-1984	69	0.02980	0.02936	0.5	69668	2046	68645	952472	13.67
1980-1984	70	0.03445	0.03386	0.5	67622	2290	66477	883827	13.07
1980-1984	71	0.03560	0.03497	0.5	65332	2285	64190	817350	12.51
1980-1984	72	0.03970	0.03893	0.5	63047	2454	61820	753161	11.95
1980-1984	73	0.04284	0.04194	0.5	60593	2541	59322	691340	11.41
1980-1984	74	0.04561	0.04459	0.5	58052	2589	56758	632018	10.89
1980-1984	75	0.04953	0.04833	0.5	55463	2681	54123	575261	10.37
1980-1984	76	0.05338	0.05199	0.5	52783	2744	51410	521138	9.87
1980-1984	77	0.05594	0.05442	0.5	50038	2723	48677	469727	9.39
1980-1984	78	0.06282	0.06091	0.5	47315	2882	45874	421051	8.90
1980-1984	79	0.06733	0.06513	0.5	44433	2894	42986	375177	8.44
1980-1984	80	0.06989	0.06753	0.5	41539	2805	40137	332190	8.00
1980-1984	81	0.08042	0.07732	0.5	38734	2995	37237	292054	7.54
1980-1984	82	0.08480	0.08135	0.5	35739	2907	34286	254817	7.13
1980-1984	83	0.09275	0.08864	0.5	32832	2910	31377	220532	6.72
1980-1984	84	0.10224	0.09726	0.5	29922	2910	28467	189155	6.32
1980-1984	85	0.11276	0.10674	0.5	27011	2883	25570	160688	5.95
1980-1984	86	0.12582	0.11837	0.5	24128	2856	22700	135119	5.60
1980-1984	87	0.13728	0.12846	0.5	21272	2733	19906	112418	5.28
1980-1984	88	0.14298	0.13344	0.5	18539	2474	17302	92513	4.99
1980-1984	89	0.16068	0.14873	0.5	16066	2389	14871	75210	4.68
1980-1984	90	0.17244	0.15875	0.5	13676	2171	12591	60339	4.41
1980-1984	91	0.18724	0.17121	0.5	11505	1970	10520	47749	4.15
1980-1984	92	0.20307	0.18435	0.5	9535	1758	8656	37229	3.90
1980-1984	93	0.21993	0.19814	0.5	7777	1541	7007	28572	3.67
1980-1984	94	0.23785	0.21257	0.5	6236	1326	5573	21566	3.46
1980-1984	95	0.25682	0.22760	0.5	4911	1118	4352	15992	3.26
1980-1984	96	0.27683	0.24317	0.5	3793	922	3332	11640	3.07
1980-1984	97	0.29786	0.25925	0.5	2871	744	2499	8308	2.89
1980-1984	98	0.31985	0.27575	0.5	2126	586	1833	5810	2.73
1980-1984	99	0.34275	0.29260	0.5	1540	451	1315	3977	2.58
1980-1984	100	0.36649	0.30973	0.5	1089	337	921	2662	2.44
1980-1984	101	0.39097	0.32704	0.5	752	246	629	1741	2.32
1980-1984	102	0.41609	0.34443	0.5	506	174	419	1112	2.20
1980-1984	103	0.44173	0.36181	0.5	332	120	272	693	2.09
1980-1984	104	0.46775	0.37909	0.5	212	80	172	421	1.99
1980-1984	105	0.49402	0.39616	0.5	131	52	105	250	1.90
1980-1984	106	0.52039	0.41294	0.5	79	33	63	144	1.82
1980-1984	107	0.54670	0.42934	0.5	47	20	37	81	1.75
1980-1984	108	0.57282	0.44529	0.5	27	12	21	45	1.68
1980-1984	109	0.59859	0.46070	0.5	15	7	11	24	1.63
1980-1984	110+	0.62387	1.00000	1.6	8	8	13	13	1.60
1985-1989	0	0.01164	0.01152	0.08	100000	1152	98941	7419039	74.19
1985-1989	1	0.00075	0.00074	0.5	98848	74	98811	7320098	74.05
1985-1989	2	0.00047	0.00047	0.5	98774	46	98751	7221287	73.11
1985-1989	3	0.00039	0.00039	0.5	98728	39	98709	7122536	72.14
1985-1989	4	0.00032	0.00032	0.5	98689	32	98673	7023827	71.17
1985-1989	5	0.00026	0.00026	0.5	98657	26	98644	6925154	70.19
1985-1989	6	0.00026	0.00026	0.5	98631	26	98618	6826510	69.21
1985-1989	7	0.00021	0.00021	0.5	98606	21	98595	6727891	68.23
1985-1989	8	0.00023	0.00023	0.5	98585	22	98573	6629296	67.24
1985-1989	9	0.00019	0.00019	0.5	98562	19	98553	6530723	66.26
1985-1989	10	0.00024	0.00024	0.5	98544	23	98532	6432170	65.27
1985-1989	11	0.00021	0.00021	0.5	98520	20	98510	6333638	64.29
1985-1989	12	0.00019	0.00019	0.5	98500	19	98490	6235128	63.30
1985-1989	13	0.00028	0.00028	0.5	98481	27	98467	6136638	62.31
1985-1989	14	0.00037	0.00037	0.5	98454	36	98435	6038170	61.33
1985-1989	15	0.00048	0.00048	0.5	98417	47	98394	5939735	60.35
1985-1989	16	0.00076	0.00076	0.5	98370	75	98333	5841341	59.38
1985-1989	17	0.00080	0.00080	0.5	98296	79	98256	5743008	58.43
1985-1989	18	0.00100	0.00100	0.5	98217	98	98168	5644752	57.47
1985-1989	19	0.00111	0.00111	0.5	98119	108	98065	5546584	56.53
1985-1989	20	0.00104	0.00104	0.5	98010	102	97960	5448519	55.59
1985-1989	21	0.00115	0.00115	0.5	97909	113	97852	5350560	54.65
1985-1989	22	0.00118	0.00118	0.5	97796	115	97738	5252707	53.71
1985-1989	23	0.00114	0.00114	0.5	97681	112	97625	5154969	52.77
1985-1989	24	0.00116	0.00116	0.5	97569	113	97512	5057344	51.83
1985-1989	25	0.00124	0.00124	0.5	97456	121	97395	4959832	50.89
1985-1989	26	0.00121	0.00121	0.5	97335	118	97276	4862436	49.96
1985-1989	27	0.00133	0.00133	0.5	97217	129	97152	4765160	49.02
1985-1989	28	0.00141	0.00141	0.5	97088	137	97019	4668008	48.08
1985-1989	29	0.00128	0.00128	0.5	96951	124	96888	4570989	47.15
1985-1989	30	0.00137	0.00137	0.5	96826	133	96760	4474100	46.21
1985-1989	31	0.00149	0.00149	0.5	96694	144	96622	4377340	45.27
1985-1989	32	0.00147	0.00147	0.5	96550	142	96479	4280719	44.34
1985-1989	33	0.00151	0.00151	0.5	96408	146	96335	4184240	43.40
1985-1989	34	0.00164	0.00163	0.5	96262	157	96184	4087905	42.47
1985-1989	35	0.00169	0.00168	0.5	96105	162	96024	3991721	41.54
1985-1989	36	0.00178	0.00178	0.5	95943	171	95858	3895697	40.60
1985-1989	37	0.00181	0.00180	0.5	95772	173	95686	3799839	39.68
1985-1989	38	0.00205	0.00205	0.5	95599	196	95501	3704153	38.75
1985-1989	39	0.00197	0.00197	0.5	95403	188	95310	3608652	37.83
1985-1989	40	0.00200	0.00200	0.5	95216	191	95120	3513342	36.90
1985-1989	41	0.00214	0.00214	0.5	95025	203	94924	3418222	35.97
1985-1989	42	0.00254	0.00254	0.5	94822	241	94702	3323298	35.05
1985-1989	43	0.00262	0.00262	0.5	94581	247	94458	3228596	34.14
1985-1989	44	0.00288	0.00288	0.5	94334	271	94198	3134139	33.22
1985-1989	45	0.00318	0.00317	0.5	94063	299	93913	3039940	32.32
1985-1989	46	0.00345	0.00345	0.5	93764	323	93602	2946027	31.42
1985-1989	47	0.00374	0.00373	0.5	93441	349	93266	2852425	30.53
1985-1989	48	0.00401	0.00400	0.5	93092	373	92906	2759158	29.64
1985-1989	49	0.00456	0.00455	0.5	92719	422	92508	2666253	28.76
1985-1989	50	0.00532	0.00530	0.5	92297	489	92053	2573744	27.89
1985-1989	51	0.00573	0.00572	0.5	91808	525	91546	2481692	27.03
1985-1989	52	0.00647	0.00645	0.5	91283	589	90989	2390146	26.18
1985-1989	53	0.00719	0.00717	0.5	90694	650	90369	2299158	25.35
1985-1989	54	0.00799	0.00796	0.5	90044	717	89686	2208788	24.53
1985-1989	55	0.00892	0.00888	0.5	89328	793	88931	2119103	23.72
1985-1989	56	0.00962	0.00957	0.5	88534	848	88110	2030172	22.93
1985-1989	57	0.01029	0.01024	0.5	87686	898	87237	1942061	22.15
1985-1989	58	0.01222	0.01214	0.5	86788	1054	86261	1854824	21.37
1985-1989	59	0.01282	0.01274	0.5	85734	1092	85188	1768563	20.63
1985-1989	60	0.01396	0.01387	0.5	84642	1174	84056	1683374	19.89
1985-1989	61	0.01498	0.01487	0.5	83469	1241	82848	1599319	19.16
1985-1989	62	0.01749	0.01734	0.5	82228	1426	81515	1516470	18.44
1985-1989	63	0.01775	0.01760	0.5	80802	1422	80091	1434955	17.76
1985-1989	64	0.01910	0.01892	0.5	79380	1502	78629	1354864	17.07
1985-1989	65	0.02184	0.02160	0.5	77879	1682	77037	1276235	16.39
1985-1989	66	0.02302	0.02276	0.5	76196	1734	75329	1199198	15.74
1985-1989	67	0.02434	0.02405	0.5	74462	1791	73567	1123868	15.09
1985-1989	68	0.02721	0.02684	0.5	72671	1951	71696	1050302	14.45
1985-1989	69	0.02866	0.02825	0.5	70720	1998	69721	978606	13.84
1985-1989	70	0.03155	0.03106	0.5	68722	2134	67655	908884	13.23
1985-1989	71	0.03444	0.03385	0.5	66588	2254	65461	841229	12.63
1985-1989	72	0.03862	0.03789	0.5	64334	2438	63115	775768	12.06
1985-1989	73	0.04221	0.04134	0.5	61896	2559	60617	712652	11.51
1985-1989	74	0.04402	0.04307	0.5	59338	2556	58060	652036	10.99
1985-1989	75	0.04880	0.04764	0.5	56782	2705	55429	593976	10.46
1985-1989	76	0.05304	0.05167	0.5	54077	2794	52680	538547	9.96
1985-1989	77	0.05616	0.05462	0.5	51283	2801	49882	485867	9.47
1985-1989	78	0.06173	0.05989	0.5	48481	2903	47030	435985	8.99
1985-1989	79	0.06448	0.06247	0.5	45578	2847	44154	388955	8.53
1985-1989	80	0.06924	0.06693	0.5	42731	2860	41301	344801	8.07
1985-1989	81	0.07555	0.07280	0.5	39871	2903	38420	303500	7.61
1985-1989	82	0.08158	0.07838	0.5	36968	2898	35520	265080	7.17
1985-1989	83	0.09370	0.08951	0.5	34071	3050	32546	229560	6.74
1985-1989	84	0.09993	0.09518	0.5	31021	2952	29545	197014	6.35
1985-1989	85	0.11206	0.10611	0.5	28069	2978	26580	167469	5.97
1985-1989	86	0.11954	0.11280	0.5	25090	2830	23675	140890	5.62
1985-1989	87	0.13249	0.12426	0.5	22260	2766	20877	117214	5.27
1985-1989	88	0.14671	0.13668	0.5	19494	2665	18162	96337	4.94
1985-1989	89	0.15848	0.14685	0.5	16830	2471	15594	78175	4.65
1985-1989	90	0.17306	0.15927	0.5	14358	2287	13215	62581	4.36
1985-1989	91	0.18872	0.17245	0.5	12071	2082	11031	49366	4.09
1985-1989	92	0.20552	0.18637	0.5	9990	1862	9059	38335	3.84
1985-1989	93	0.22346	0.20100	0.5	8128	1634	7311	29277	3.60
1985-1989	94	0.24255	0.21632	0.5	6494	1405	5792	21966	3.38
1985-1989	95	0.26280	0.23228	0.5	5089	1182	4498	16174	3.18
1985-1989	96	0.28418	0.24882	0.5	3907	972	3421	11675	2.99
1985-1989	97	0.30664	0.26588	0.5	2935	780	2545	8254	2.81
1985-1989	98	0.33015	0.28337	0.5	2155	611	1849	5709	2.65
1985-1989	99	0.35461	0.30120	0.5	1544	465	1312	3860	2.50
1985-1989	100	0.37993	0.31928	0.5	1079	345	907	2548	2.36
1985-1989	101	0.40600	0.33749	0.5	735	248	611	1642	2.24
1985-1989	102	0.43268	0.35572	0.5	487	173	400	1031	2.12
1985-1989	103	0.45984	0.37388	0.5	314	117	255	631	2.01
1985-1989	104	0.48730	0.39183	0.5	196	77	158	376	1.92
1985-1989	105	0.51491	0.40949	0.5	119	49	95	218	1.83
1985-1989	106	0.54249	0.42674	0.5	70	30	55	123	1.75
1985-1989	107	0.56987	0.44350	0.5	40	18	31	68	1.68
1985-1989	108	0.59689	0.45970	0.5	22	10	17	36	1.62
1985-1989	109	0.62338	0.47525	0.5	12	6	9	19	1.57
1985-1989	110+	0.64920	1.00000	1.54	6	6	10	10	1.54
1990-1994	0	0.00983	0.00974	0.08	100000	974	99099	7507799	75.08
1990-1994	1	0.00069	0.00069	0.5	99026	68	98992	7408700	74.82
1990-1994	2	0.00047	0.00047	0.5	98958	46	98934	7309708	73.87
1990-1994	3	0.00035	0.00035	0.5	98911	34	98894	7210774	72.90
1990-1994	4	0.00031	0.00031	0.5	98877	30	98862	7111879	71.93
1990-1994	5	0.00020	0.00020	0.5	98847	19	98837	7013017	70.95
1990-1994	6	0.00027	0.00027	0.5	98827	27	98814	6914180	69.96
1990-1994	7	0.00019	0.00019	0.5	98800	19	98791	6815366	68.98
1990-1994	8	0.00018	0.00018	0.5	98782	18	98773	6716575	67.99
1990-1994	9	0.00016	0.00016	0.5	98764	15	98756	6617803	67.01
1990-1994	10	0.00017	0.00017	0.5	98749	17	98740	6519046	66.02
1990-1994	11	0.00020	0.00020	0.5	98732	20	98722	6420306	65.03
1990-1994	12	0.00025	0.00025	0.5	98712	25	98700	6321584	64.04
1990-1994	13	0.00027	0.00027	0.5	98687	27	98674	6222885	63.06
1990-1994	14	0.00039	0.00039	0.5	98660	39	98641	6124211	62.07
1990-1994	15	0.00049	0.00049	0.5	98622	48	98598	6025570	61.10
1990-1994	16	0.00076	0.00076	0.5	98573	75	98536	5926972	60.13
1990-1994	17	0.00095	0.00095	0.5	98498	93	98452	5828436	59.17
1990-1994	18	0.00106	0.00106	0.5	98405	105	98353	5729985	58.23
1990-1994	19	0.00110	0.00110	0.5	98300	108	98246	5631632	57.29
1990-1994	20	0.00120	0.00119	0.5	98192	117	98133	5533386	56.35
1990-1994	21	0.00117	0.00117	0.5	98075	115	98017	5435252	55.42
1990-1994	22	0.00108	0.00108	0.5	97960	106	97907	5337235	54.48
1990-1994	23	0.00122	0.00122	0.5	97854	120	97794	5239328	53.54
1990-1994	24	0.00129	0.00129	0.5	97734	126	97671	5141534	52.61
1990-1994	25	0.00128	0.00128	0.5	97608	125	97545	5043863	51.67
1990-1994	26	0.00120	0.00120	0.5	97483	117	97425	4946317	50.74
1990-1994	27	0.00141	0.00141	0.5	97366	137	97298	4848893	49.80
1990-1994	28	0.00151	0.00151	0.5	97229	146	97156	4751595	48.87
1990-1994	29	0.00139	0.00139	0.5	97083	135	97015	4654439	47.94
1990-1994	30	0.00155	0.00155	0.5	96947	151	96872	4557425	47.01
1990-1994	31	0.00169	0.00169	0.5	96797	163	96715	4460553	46.08
1990-1994	32	0.00170	0.00170	0.5	96633	165	96551	4363838	45.16
1990-1994	33	0.00178	0.00178	0.5	96469	172	96383	4267287	44.23
1990-1994	34	0.00191	0.00191	0.5	96297	184	96205	4170904	43.31
1990-1994	35	0.00205	0.00205	0.5	96113	197	96014	4074699	42.40
1990-1994	36	0.00212	0.00212	0.5	95916	203	95814	3978685	41.48
1990-1994	37	0.00231	0.00231	0.5	95713	221	95602	3882871	40.57
1990-1994	38	0.00235	0.00235	0.5	95492	225	95379	3787269	39.66
1990-1994	39	0.00217	0.00216	0.5	95267	206	95164	3691889	38.75
1990-1994	40	0.00258	0.00257	0.5	95061	245	94939	3596725	37.84
1990-1994	41	0.00266	0.00266	0.5	94816	252	94690	3501786	36.93
1990-1994	42	0.00285	0.00285	0.5	94564	269	94429	3407096	36.03
1990-1994	43	0.00277	0.00277	0.5	94295	261	94164	3312667	35.13
1990-1994	44	0.00279	0.00278	0.5	94034	262	93903	3218502	34.23
1990-1994	45	0.00331	0.00330	0.5	93772	310	93617	3124599	33.32
1990-1994	46	0.00356	0.00355	0.5	93462	332	93296	3030982	32.43
1990-1994	47	0.00370	0.00369	0.5	93130	344	92958	2937686	31.54
1990-1994	48	0.00420	0.00419	0.5	92787	389	92592	2844728	30.66
1990-1994	49	0.00443	0.00442	0.5	92397	409	92193	2752136	29.79
1990-1994	50	0.00460	0.00459	0.5	91989	422	91778	2659943	28.92
1990-1994	51	0.00492	0.00491	0.5	91567	450	91342	2568165	28.05
1990-1994	52	0.00568	0.00567	0.5	91117	516	90859	2476823	27.18
1990-1994	53	0.00610	0.00608	0.5	90601	551	90325	2385964	26.33
1990-1994	54	0.00658	0.00655	0.5	90050	590	89755	2295638	25.49
1990-1994	55	0.00731	0.00728	0.5	89460	652	89134	2205883	24.66
1990-1994	56	0.00827	0.00823	0.5	88808	731	88443	2116749	23.84
1990-1994	57	0.00928	0.00924	0.5	88077	814	87670	2028307	23.03
1990-1994	58	0.01035	0.01029	0.5	87263	898	86814	1940637	22.24
1990-1994	59	0.01146	0.01140	0.5	86365	984	85873	1853822	21.46
1990-1994	60	0.01221	0.01213	0.5	85381	1036	84863	1767949	20.71
1990-1994	61	0.01375	0.01366	0.5	84345	1152	83769	1683087	19.95
1990-1994	62	0.01526	0.01514	0.5	83193	1260	82563	1599318	19.22
1990-1994	63	0.01607	0.01595	0.5	81933	1306	81280	1516755	18.51
1990-1994	64	0.01703	0.01689	0.5	80627	1362	79946	1435475	17.80
1990-1994	65	0.01916	0.01898	0.5	79265	1505	78512	1355529	17.10
1990-1994	66	0.02071	0.02050	0.5	77760	1594	76963	1277017	16.42
1990-1994	67	0.02167	0.02144	0.5	76166	1633	75350	1200054	15.76
1990-1994	68	0.02555	0.02523	0.5	74533	1880	73593	1124704	15.09
1990-1994	69	0.02616	0.02582	0.5	72653	1876	71715	1051111	14.47
1990-1994	70	0.02866	0.02826	0.5	70777	2000	69776	979397	13.84
1990-1994	71	0.03055	0.03009	0.5	68776	2069	67742	909620	13.23
1990-1994	72	0.03345	0.03290	0.5	66707	2195	65610	841878	12.62
1990-1994	73	0.03847	0.03774	0.5	64512	2435	63295	776269	12.03
1990-1994	74	0.03928	0.03852	0.5	62078	2391	60882	712974	11.49
1990-1994	75	0.04443	0.04347	0.5	59686	2594	58389	652091	10.93
1990-1994	76	0.04666	0.04559	0.5	57092	2603	55791	593702	10.40
1990-1994	77	0.05047	0.04923	0.5	54489	2682	53148	537912	9.87
1990-1994	78	0.05537	0.05388	0.5	51807	2791	50411	484764	9.36
1990-1994	79	0.05899	0.05730	0.5	49016	2808	47611	434352	8.86
1990-1994	80	0.06566	0.06357	0.5	46207	2937	44739	386741	8.37
1990-1994	81	0.07230	0.06978	0.5	43270	3019	41760	342002	7.90
1990-1994	82	0.07852	0.07555	0.5	40250	3041	38730	300242	7.46
1990-1994	83	0.08566	0.08214	0.5	37209	3056	35681	261512	7.03
1990-1994	84	0.09268	0.08857	0.5	34153	3025	32640	225831	6.61
1990-1994	85	0.10224	0.09727	0.5	31128	3028	29614	193191	6.21
1990-1994	86	0.11188	0.10595	0.5	28100	2977	26611	163577	5.82
1990-1994	87	0.12409	0.11684	0.5	25123	2935	23655	136965	5.45
1990-1994	88	0.13908	0.13004	0.5	22188	2885	20745	113310	5.11
1990-1994	89	0.15243	0.14164	0.5	19302	2734	17935	92565	4.80
1990-1994	90	0.16441	0.15192	0.5	16568	2517	15310	74630	4.50
1990-1994	91	0.17978	0.16496	0.5	14051	2318	12892	59320	4.22
1990-1994	92	0.19632	0.17877	0.5	11733	2098	10685	46427	3.96
1990-1994	93	0.21403	0.19334	0.5	9636	1863	8704	35743	3.71
1990-1994	94	0.23295	0.20864	0.5	7773	1622	6962	27038	3.48
1990-1994	95	0.25306	0.22464	0.5	6151	1382	5460	20076	3.26
1990-1994	96	0.27435	0.24126	0.5	4769	1151	4194	14616	3.06
1990-1994	97	0.29680	0.25845	0.5	3619	935	3151	10422	2.88
1990-1994	98	0.32035	0.27612	0.5	2683	741	2313	7271	2.71
1990-1994	99	0.34492	0.29418	0.5	1943	571	1657	4958	2.55
1990-1994	100	0.37042	0.31253	0.5	1371	428	1157	3301	2.41
1990-1994	101	0.39673	0.33106	0.5	943	312	787	2144	2.28
1990-1994	102	0.42374	0.34965	0.5	631	220	520	1358	2.15
1990-1994	103	0.45127	0.36819	0.5	410	151	335	838	2.04
1990-1994	104	0.47917	0.38656	0.5	259	100	209	503	1.94
1990-1994	105	0.50727	0.40464	0.5	159	64	127	294	1.85
1990-1994	106	0.53538	0.42233	0.5	95	40	75	167	1.77
1990-1994	107	0.56333	0.43953	0.5	55	24	43	93	1.70
1990-1994	108	0.59093	0.45615	0.5	31	14	24	50	1.63
1990-1994	109	0.61801	0.47212	0.5	17	8	13	26	1.58
1990-1994	110+	0.64443	1.00000	1.55	9	9	14	14	1.55
1995-1999	0	0.00871	0.00864	0.07	100000	864	99199	7576485	75.76
1995-1999	1	0.00054	0.00054	0.5	99136	53	99110	7477286	75.42
1995-1999	2	0.00033	0.00033	0.5	99083	32	99067	7378176	74.46
1995-1999	3	0.00027	0.00027	0.5	99050	27	99037	7279110	73.49
1995-1999	4	0.00022	0.00022	0.5	99024	22	99013	7180073	72.51
1995-1999	5	0.00016	0.00016	0.5	99002	16	98994	7081060	71.52
1995-1999	6	0.00016	0.00016	0.5	98987	16	98979	6982065	70.54
1995-1999	7	0.00017	0.00017	0.5	98971	17	98962	6883087	69.55
1995-1999	8	0.00016	0.00016	0.5	98954	16	98946	6784125	68.56
1995-1999	9	0.00015	0.00015	0.5	98938	15	98930	6685179	67.57
1995-1999	10	0.00015	0.00015	0.5	98923	15	98916	6586249	66.58
1995-1999	11	0.00018	0.00018	0.5	98909	18	98900	6487333	65.59
1995-1999	12	0.00020	0.00020	0.5	98891	19	98881	6388433	64.60
1995-1999	13	0.00021	0.00021	0.5	98871	20	98861	6289552	63.61
1995-1999	14	0.00030	0.00030	0.5	98851	30	98836	6190691	62.63
1995-1999	15	0.00041	0.00041	0.5	98821	40	98801	6091855	61.65
1995-1999	16	0.00069	0.00069	0.5	98781	68	98747	5993054	60.67
1995-1999	17	0.00086	0.00086	0.5	98712	85	98670	5894308	59.71
1995-1999	18	0.00106	0.00106	0.5	98627	105	98575	5795638	58.76
1995-1999	19	0.00117	0.00117	0.5	98522	115	98465	5697063	57.83
1995-1999	20	0.00122	0.00122	0.5	98407	120	98347	5598599	56.89
1995-1999	21	0.00115	0.00115	0.5	98287	113	98231	5500252	55.96
1995-1999	22	0.00116	0.00116	0.5	98174	113	98117	5402021	55.02
1995-1999	23	0.00118	0.00118	0.5	98061	116	98003	5303904	54.09
1995-1999	24	0.00106	0.00106	0.5	97945	104	97893	5205901	53.15
1995-1999	25	0.00115	0.00115	0.5	97841	113	97784	5108008	52.21
1995-1999	26	0.00117	0.00117	0.5	97728	115	97671	5010224	51.27
1995-1999	27	0.00127	0.00127	0.5	97613	124	97552	4912553	50.33
1995-1999	28	0.00127	0.00127	0.5	97490	124	97428	4815001	49.39
1995-1999	29	0.00123	0.00123	0.5	97366	120	97306	4717573	48.45
1995-1999	30	0.00125	0.00125	0.5	97246	121	97186	4620267	47.51
1995-1999	31	0.00148	0.00148	0.5	97125	143	97053	4523081	46.57
1995-1999	32	0.00158	0.00158	0.5	96982	153	96905	4426028	45.64
1995-1999	33	0.00169	0.00169	0.5	96828	164	96747	4329123	44.71
1995-1999	34	0.00179	0.00179	0.5	96665	173	96578	4232376	43.78
1995-1999	35	0.00186	0.00185	0.5	96492	179	96402	4135798	42.86
1995-1999	36	0.00205	0.00204	0.5	96313	197	96214	4039396	41.94
1995-1999	37	0.00221	0.00221	0.5	96116	212	96010	3943182	41.03
1995-1999	38	0.00237	0.00236	0.5	95904	227	95790	3847172	40.11
1995-1999	39	0.00246	0.00246	0.5	95677	235	95559	3751382	39.21
1995-1999	40	0.00238	0.00238	0.5	95442	227	95328	3655823	38.30
1995-1999	41	0.00261	0.00261	0.5	95214	248	95090	3560495	37.39
1995-1999	42	0.00282	0.00282	0.5	94966	268	94832	3465404	36.49
1995-1999	43	0.00314	0.00313	0.5	94698	296	94550	3370572	35.59
1995-1999	44	0.00314	0.00314	0.5	94402	296	94254	3276022	34.70
1995-1999	45	0.00325	0.00325	0.5	94106	306	93953	3181768	33.81
1995-1999	46	0.00361	0.00360	0.5	93800	338	93631	3087815	32.92
1995-1999	47	0.00375	0.00375	0.5	93462	350	93287	2994183	32.04
1995-1999	48	0.00408	0.00407	0.5	93112	379	92923	2900896	31.15
1995-1999	49	0.00420	0.00419	0.5	92733	389	92539	2807973	30.28
1995-1999	50	0.00436	0.00435	0.5	92345	402	92144	2715434	29.41
1995-1999	51	0.00463	0.00462	0.5	91943	425	91730	2623290	28.53
1995-1999	52	0.00526	0.00524	0.5	91518	480	91278	2531560	27.66
1995-1999	53	0.00554	0.00553	0.5	91038	503	90786	2440282	26.81
1995-1999	54	0.00627	0.00625	0.5	90535	566	90252	2349496	25.95
1995-1999	55	0.00684	0.00682	0.5	89969	614	89662	2259244	25.11
1995-1999	56	0.00780	0.00777	0.5	89355	694	89009	2169582	24.28
1995-1999	57	0.00812	0.00809	0.5	88662	717	88303	2080573	23.47
1995-1999	58	0.00937	0.00933	0.5	87944	821	87534	1992270	22.65
1995-1999	59	0.01019	0.01014	0.5	87124	884	86682	1904736	21.86
1995-1999	60	0.01069	0.01063	0.5	86240	917	85782	1818054	21.08
1995-1999	61	0.01248	0.01240	0.5	85323	1058	84794	1732272	20.30
1995-1999	62	0.01388	0.01378	0.5	84265	1161	83685	1647478	19.55
1995-1999	63	0.01455	0.01445	0.5	83104	1201	82504	1563793	18.82
1995-1999	64	0.01575	0.01563	0.5	81903	1280	81263	1481290	18.09
1995-1999	65	0.01745	0.01730	0.5	80623	1395	79926	1400026	17.37
1995-1999	66	0.01939	0.01920	0.5	79228	1522	78468	1320100	16.66
1995-1999	67	0.01990	0.01970	0.5	77707	1531	76941	1241633	15.98
1995-1999	68	0.02275	0.02249	0.5	76176	1714	75319	1164691	15.29
1995-1999	69	0.02488	0.02457	0.5	74462	1830	73548	1089372	14.63
1995-1999	70	0.02682	0.02647	0.5	72633	1922	71671	1015825	13.99
1995-1999	71	0.02931	0.02888	0.5	70710	2042	69689	944153	13.35
1995-1999	72	0.03251	0.03199	0.5	68668	2196	67570	874464	12.73
1995-1999	73	0.03543	0.03481	0.5	66471	2314	65314	806895	12.14
1995-1999	74	0.03654	0.03589	0.5	64157	2302	63006	741580	11.56
1995-1999	75	0.04116	0.04033	0.5	61855	2495	60608	678574	10.97
1995-1999	76	0.04512	0.04412	0.5	59361	2619	58051	617966	10.41
1995-1999	77	0.04916	0.04798	0.5	56742	2723	55380	559915	9.87
1995-1999	78	0.05471	0.05326	0.5	54019	2877	52580	504535	9.34
1995-1999	79	0.05750	0.05589	0.5	51142	2858	49713	451954	8.84
1995-1999	80	0.06298	0.06106	0.5	48284	2948	46810	402241	8.33
1995-1999	81	0.07181	0.06932	0.5	45335	3143	43764	355432	7.84
1995-1999	82	0.07674	0.07390	0.5	42193	3118	40634	311668	7.39
1995-1999	83	0.08672	0.08311	0.5	39075	3248	37451	271034	6.94
1995-1999	84	0.09611	0.09170	0.5	35827	3285	34184	233583	6.52
1995-1999	85	0.10326	0.09819	0.5	32542	3195	30944	199399	6.13
1995-1999	86	0.11176	0.10585	0.5	29346	3106	27793	168455	5.74
1995-1999	87	0.12442	0.11713	0.5	26240	3074	24703	140661	5.36
1995-1999	88	0.13999	0.13084	0.5	23167	3031	21651	115958	5.01
1995-1999	89	0.15109	0.14048	0.5	20136	2829	18721	94307	4.68
1995-1999	90	0.16954	0.15629	0.5	17307	2705	15954	75586	4.37
1995-1999	91	0.18594	0.17012	0.5	14602	2484	13360	59631	4.08
1995-1999	92	0.20381	0.18496	0.5	12118	2241	10997	46271	3.82
1995-1999	93	0.22296	0.20060	0.5	9877	1981	8886	35274	3.57
1995-1999	94	0.24341	0.21700	0.5	7895	1713	7039	26388	3.34
1995-1999	95	0.26514	0.23410	0.5	6182	1447	5458	19349	3.13
1995-1999	96	0.28812	0.25184	0.5	4735	1192	4139	13891	2.93
1995-1999	97	0.31229	0.27011	0.5	3542	957	3064	9752	2.75
1995-1999	98	0.33758	0.28883	0.5	2586	747	2212	6688	2.59
1995-1999	99	0.36389	0.30787	0.5	1839	566	1556	4476	2.43
1995-1999	100	0.39109	0.32713	0.5	1273	416	1065	2920	2.29
1995-1999	101	0.41905	0.34646	0.5	856	297	708	1856	2.17
1995-1999	102	0.44758	0.36574	0.5	560	205	457	1148	2.05
1995-1999	103	0.47652	0.38483	0.5	355	137	287	691	1.95
1995-1999	104	0.50567	0.40362	0.5	218	88	174	404	1.85
1995-1999	105	0.53483	0.42199	0.5	130	55	103	230	1.76
1995-1999	106	0.56381	0.43982	0.5	75	33	59	127	1.69
1995-1999	107	0.59239	0.45702	0.5	42	19	33	68	1.62
1995-1999	108	0.62041	0.47352	0.5	23	11	17	36	1.56
1995-1999	109	0.64768	0.48925	0.5	12	6	9	18	1.51
1995-1999	110+	0.67406	1.00000	1.48	6	6	9	9	1.48
2000-2004	0	0.00814	0.00808	0.07	100000	808	99249	7665201	76.65
2000-2004	1	0.00050	0.00050	0.5	99192	50	99167	7565951	76.28
2000-2004	2	0.00025	0.00025	0.5	99142	25	99130	7466784	75.31
2000-2004	3	0.00026	0.00026	0.5	99117	26	99104	7367654	74.33
2000-2004	4	0.00021	0.00021	0.5	99091	21	99081	7268550	73.35
2000-2004	5	0.00016	0.00016	0.5	99071	16	99063	7169469	72.37
2000-2004	6	0.00014	0.00014	0.5	99055	14	99048	7070406	71.38
2000-2004	7	0.00013	0.00013	0.5	99041	13	99034	6971359	70.39
2000-2004	8	0.00014	0.00014	0.5	99028	14	99021	6872324	69.40
2000-2004	9	0.00017	0.00017	0.5	99014	17	99005	6773304	68.41
2000-2004	10	0.00017	0.00017	0.5	98997	17	98988	6674298	67.42
2000-2004	11	0.00011	0.00011	0.5	98980	11	98974	6575310	66.43
2000-2004	12	0.00020	0.00020	0.5	98969	20	98959	6476335	65.44
2000-2004	13	0.00019	0.00019	0.5	98949	19	98940	6377376	64.45
2000-2004	14	0.00028	0.00028	0.5	98930	28	98916	6278437	63.46
2000-2004	15	0.00040	0.00040	0.5	98903	40	98883	6179520	62.48
2000-2004	16	0.00058	0.00058	0.5	98863	58	98834	6080638	61.51
2000-2004	17	0.00068	0.00068	0.5	98805	67	98771	5981804	60.54
2000-2004	18	0.00097	0.00097	0.5	98738	95	98690	5883032	59.58
2000-2004	19	0.00106	0.00106	0.5	98642	104	98590	5784342	58.64
2000-2004	20	0.00118	0.00118	0.5	98538	117	98480	5685752	57.70
2000-2004	21	0.00118	0.00118	0.5	98421	116	98363	5587273	56.77
2000-2004	22	0.00125	0.00125	0.5	98305	123	98244	5488909	55.84
2000-2004	23	0.00117	0.00117	0.5	98182	115	98125	5390666	54.90
2000-2004	24	0.00119	0.00119	0.5	98067	117	98009	5292541	53.97
2000-2004	25	0.00109	0.00109	0.5	97950	107	97897	5194532	53.03
2000-2004	26	0.00106	0.00106	0.5	97843	104	97791	5096636	52.09
2000-2004	27	0.00106	0.00106	0.5	97739	104	97687	4998845	51.14
2000-2004	28	0.00115	0.00114	0.5	97635	112	97579	4901158	50.20
2000-2004	29	0.00112	0.00112	0.5	97523	109	97469	4803578	49.26
2000-2004	30	0.00109	0.00109	0.5	97414	107	97361	4706110	48.31
2000-2004	31	0.00124	0.00124	0.5	97308	121	97247	4608749	47.36
2000-2004	32	0.00124	0.00124	0.5	97187	120	97127	4511501	46.42
2000-2004	33	0.00134	0.00134	0.5	97067	130	97002	4414374	45.48
2000-2004	34	0.00130	0.00130	0.5	96937	126	96874	4317372	44.54
2000-2004	35	0.00157	0.00157	0.5	96811	152	96735	4220498	43.60
2000-2004	36	0.00171	0.00171	0.5	96659	165	96576	4123764	42.66
2000-2004	37	0.00187	0.00187	0.5	96494	181	96404	4027187	41.74
2000-2004	38	0.00187	0.00186	0.5	96314	180	96224	3930783	40.81
2000-2004	39	0.00216	0.00216	0.5	96134	207	96030	3834560	39.89
2000-2004	40	0.00218	0.00218	0.5	95927	209	95822	3738529	38.97
2000-2004	41	0.00254	0.00254	0.5	95718	243	95596	3642707	38.06
2000-2004	42	0.00255	0.00255	0.5	95475	243	95353	3547111	37.15
2000-2004	43	0.00280	0.00280	0.5	95232	267	95098	3451757	36.25
2000-2004	44	0.00307	0.00306	0.5	94965	291	94819	3356659	35.35
2000-2004	45	0.00318	0.00317	0.5	94674	300	94524	3261840	34.45
2000-2004	46	0.00362	0.00361	0.5	94374	341	94203	3167316	33.56
2000-2004	47	0.00383	0.00382	0.5	94033	359	93853	3073113	32.68
2000-2004	48	0.00400	0.00400	0.5	93673	374	93486	2979260	31.80
2000-2004	49	0.00419	0.00418	0.5	93299	390	93104	2885774	30.93
2000-2004	50	0.00473	0.00472	0.5	92909	438	92690	2792670	30.06
2000-2004	51	0.00499	0.00498	0.5	92471	461	92240	2699981	29.20
2000-2004	52	0.00494	0.00492	0.5	92010	453	91783	2607740	28.34
2000-2004	53	0.00583	0.00582	0.5	91557	533	91291	2515957	27.48
2000-2004	54	0.00615	0.00613	0.5	91024	558	90746	2424666	26.64
2000-2004	55	0.00613	0.00611	0.5	90467	553	90190	2333921	25.80
2000-2004	56	0.00687	0.00685	0.5	89914	616	89606	2243731	24.95
2000-2004	57	0.00759	0.00756	0.5	89298	675	88960	2154125	24.12
2000-2004	58	0.00827	0.00824	0.5	88623	730	88258	2065165	23.30
2000-2004	59	0.00891	0.00888	0.5	87892	780	87502	1976907	22.49
2000-2004	60	0.01009	0.01004	0.5	87112	875	86675	1889405	21.69
2000-2004	61	0.01056	0.01051	0.5	86238	906	85785	1802730	20.90
2000-2004	62	0.01197	0.01190	0.5	85332	1016	84824	1716945	20.12
2000-2004	63	0.01282	0.01274	0.5	84316	1074	83779	1632121	19.36
2000-2004	64	0.01443	0.01432	0.5	83242	1192	82646	1548342	18.60
2000-2004	65	0.01595	0.01582	0.5	82050	1298	81400	1465696	17.86
2000-2004	66	0.01697	0.01683	0.5	80751	1359	80072	1384295	17.14
2000-2004	67	0.01832	0.01815	0.5	79392	1441	78672	1304224	16.43
2000-2004	68	0.02064	0.02043	0.5	77951	1593	77155	1225552	15.72
2000-2004	69	0.02206	0.02182	0.5	76358	1666	75525	1148397	15.04
2000-2004	70	0.02459	0.02429	0.5	74692	1814	73785	1072872	14.36
2000-2004	71	0.02605	0.02571	0.5	72878	1874	71941	999087	13.71
2000-2004	72	0.02896	0.02855	0.5	71004	2027	69991	927146	13.06
2000-2004	73	0.03170	0.03121	0.5	68977	2153	67901	857155	12.43
2000-2004	74	0.03497	0.03437	0.5	66825	2297	65676	789254	11.81
2000-2004	75	0.03791	0.03720	0.5	64528	2401	63328	723578	11.21
2000-2004	76	0.04107	0.04024	0.5	62127	2500	60877	660250	10.63
2000-2004	77	0.04534	0.04433	0.5	59627	2643	58305	599373	10.05
2000-2004	78	0.04917	0.04799	0.5	56984	2735	55616	541068	9.50
2000-2004	79	0.05527	0.05378	0.5	54249	2918	52790	485452	8.95
2000-2004	80	0.06012	0.05836	0.5	51331	2996	49833	432661	8.43
2000-2004	81	0.06693	0.06477	0.5	48336	3130	46770	382828	7.92
2000-2004	82	0.07510	0.07238	0.5	45205	3272	43569	336058	7.43
2000-2004	83	0.08175	0.07854	0.5	41933	3293	40286	292489	6.98
2000-2004	84	0.09180	0.08777	0.5	38640	3391	36944	252202	6.53
2000-2004	85	0.10006	0.09529	0.5	35248	3359	33569	215258	6.11
2000-2004	86	0.11311	0.10706	0.5	31889	3414	30182	181689	5.70
2000-2004	87	0.12124	0.11431	0.5	28475	3255	26848	151507	5.32
2000-2004	88	0.14135	0.13202	0.5	25220	3330	23556	124659	4.94
2000-2004	89	0.15365	0.14269	0.5	21891	3124	20329	101103	4.62
2000-2004	90	0.17002	0.15670	0.5	18767	2941	17297	80774	4.30
2000-2004	91	0.18776	0.17165	0.5	15826	2717	14468	63477	4.01
2000-2004	92	0.20693	0.18752	0.5	13110	2458	11881	49009	3.74
2000-2004	93	0.22753	0.20429	0.5	10651	2176	9563	37129	3.49
2000-2004	94	0.24956	0.22188	0.5	8476	1881	7535	27565	3.25
2000-2004	95	0.27301	0.24022	0.5	6595	1584	5803	20030	3.04
2000-2004	96	0.29782	0.25922	0.5	5011	1299	4361	14227	2.84
2000-2004	97	0.32393	0.27878	0.5	3712	1035	3194	9866	2.66
2000-2004	98	0.35122	0.29875	0.5	2677	800	2277	6671	2.49
2000-2004	99	0.37955	0.31901	0.5	1877	599	1578	4394	2.34
2000-2004	100	0.40878	0.33941	0.5	1278	434	1061	2816	2.20
2000-2004	101	0.43871	0.35979	0.5	845	304	693	1755	2.08
2000-2004	102	0.46914	0.38000	0.5	541	205	438	1062	1.96
2000-2004	103	0.49983	0.39989	0.5	335	134	268	624	1.86
2000-2004	104	0.53058	0.41933	0.5	201	84	159	356	1.77
2000-2004	105	0.56113	0.43819	0.5	117	51	91	197	1.69
2000-2004	106	0.59126	0.45635	0.5	66	30	51	106	1.61
2000-2004	107	0.62076	0.47372	0.5	36	17	27	55	1.55
2000-2004	108	0.64942	0.49024	0.5	19	9	14	28	1.49
2000-2004	109	0.67708	0.50583	0.5	10	5	7	14	1.45
2000-2004	110+	0.70357	1.00000	1.42	5	5	7	7	1.42
2005-2009	0	0.00795	0.00789	0.07	100000	789	99267	7791891	77.92
2005-2009	1	0.00044	0.00044	0.5	99211	44	99189	7692625	77.54
2005-2009	2	0.00030	0.00030	0.5	99167	30	99152	7593436	76.57
2005-2009	3	0.00020	0.00020	0.5	99137	20	99127	7494284	75.60
2005-2009	4	0.00014	0.00014	0.5	99117	14	99110	7395157	74.61
2005-2009	5	0.00011	0.00011	0.5	99103	11	99098	7296046	73.62
2005-2009	6	0.00011	0.00011	0.5	99093	11	99087	7196949	72.63
2005-2009	7	0.00015	0.00015	0.5	99082	14	99075	7097861	71.64
2005-2009	8	0.00012	0.00012	0.5	99067	12	99061	6998787	70.65
2005-2009	9	0.00014	0.00014	0.5	99055	14	99048	6899725	69.66
2005-2009	10	0.00011	0.00011	0.5	99042	10	99036	6800677	68.66
2005-2009	11	0.00016	0.00016	0.5	99031	16	99023	6701641	67.67
2005-2009	12	0.00016	0.00016	0.5	99015	16	99007	6602618	66.68
2005-2009	13	0.00016	0.00016	0.5	98999	16	98991	6503611	65.69
2005-2009	14	0.00023	0.00023	0.5	98984	23	98972	6404619	64.70
2005-2009	15	0.00029	0.00029	0.5	98961	28	98947	6305647	63.72
2005-2009	16	0.00046	0.00046	0.5	98932	46	98909	6206700	62.74
2005-2009	17	0.00063	0.00063	0.5	98886	62	98856	6107791	61.77
2005-2009	18	0.00075	0.00075	0.5	98825	74	98787	6008935	60.80
2005-2009	19	0.00092	0.00092	0.5	98750	91	98705	5910148	59.85
2005-2009	20	0.00102	0.00102	0.5	98659	101	98609	5811443	58.90
2005-2009	21	0.00110	0.00110	0.5	98558	108	98504	5712835	57.96
2005-2009	22	0.00119	0.00119	0.5	98450	117	98392	5614331	57.03
2005-2009	23	0.00113	0.00113	0.5	98333	111	98278	5515939	56.09
2005-2009	24	0.00104	0.00104	0.5	98223	102	98172	5417661	55.16
2005-2009	25	0.00119	0.00119	0.5	98121	117	98062	5319490	54.21
2005-2009	26	0.00111	0.00111	0.5	98004	109	97950	5221427	53.28
2005-2009	27	0.00105	0.00105	0.5	97895	103	97844	5123478	52.34
2005-2009	28	0.00109	0.00109	0.5	97793	107	97739	5025634	51.39
2005-2009	29	0.00106	0.00106	0.5	97686	103	97634	4927894	50.45
2005-2009	30	0.00112	0.00112	0.5	97582	109	97528	4830260	49.50
2005-2009	31	0.00113	0.00113	0.5	97473	110	97418	4732733	48.55
2005-2009	32	0.00127	0.00127	0.5	97363	123	97301	4635315	47.61
2005-2009	33	0.00124	0.00123	0.5	97239	120	97179	4538014	46.67
2005-2009	34	0.00122	0.00122	0.5	97119	119	97060	4440834	45.73
2005-2009	35	0.00141	0.00141	0.5	97001	137	96932	4343774	44.78
2005-2009	36	0.00145	0.00145	0.5	96864	141	96794	4246842	43.84
2005-2009	37	0.00155	0.00155	0.5	96723	150	96648	4150048	42.91
2005-2009	38	0.00164	0.00164	0.5	96573	158	96494	4053400	41.97
2005-2009	39	0.00186	0.00186	0.5	96415	179	96325	3956906	41.04
2005-2009	40	0.00196	0.00196	0.5	96236	188	96141	3860581	40.12
2005-2009	41	0.00209	0.00208	0.5	96047	200	95947	3764440	39.19
2005-2009	42	0.00224	0.00224	0.5	95847	215	95740	3668493	38.27
2005-2009	43	0.00249	0.00249	0.5	95632	238	95513	3572753	37.36
2005-2009	44	0.00268	0.00268	0.5	95394	256	95266	3477240	36.45
2005-2009	45	0.00297	0.00296	0.5	95139	282	94998	3381973	35.55
2005-2009	46	0.00304	0.00303	0.5	94857	288	94713	3286975	34.65
2005-2009	47	0.00354	0.00353	0.5	94569	334	94402	3192262	33.76
2005-2009	48	0.00384	0.00384	0.5	94235	362	94054	3097860	32.87
2005-2009	49	0.00407	0.00406	0.5	93873	381	93683	3003806	32.00
2005-2009	50	0.00469	0.00468	0.5	93492	437	93274	2910123	31.13
2005-2009	51	0.00462	0.00461	0.5	93055	429	92841	2816849	30.27
2005-2009	52	0.00505	0.00504	0.5	92626	467	92393	2724009	29.41
2005-2009	53	0.00533	0.00532	0.5	92159	490	91915	2631616	28.56
2005-2009	54	0.00574	0.00572	0.5	91670	524	91407	2539702	27.70
2005-2009	55	0.00638	0.00636	0.5	91145	580	90855	2448294	26.86
2005-2009	56	0.00645	0.00643	0.5	90566	582	90275	2357439	26.03
2005-2009	57	0.00716	0.00713	0.5	89983	642	89662	2267164	25.20
2005-2009	58	0.00757	0.00754	0.5	89342	674	89005	2177502	24.37
2005-2009	59	0.00782	0.00779	0.5	88668	691	88322	2088497	23.55
2005-2009	60	0.00876	0.00872	0.5	87977	767	87593	2000175	22.74
2005-2009	61	0.00965	0.00961	0.5	87209	838	86791	1912582	21.93
2005-2009	62	0.01026	0.01020	0.5	86372	881	85931	1825792	21.14
2005-2009	63	0.01127	0.01121	0.5	85490	958	85011	1739861	20.35
2005-2009	64	0.01249	0.01241	0.5	84532	1049	84007	1654850	19.58
2005-2009	65	0.01356	0.01347	0.5	83483	1124	82921	1570842	18.82
2005-2009	66	0.01442	0.01432	0.5	82358	1179	81769	1487922	18.07
2005-2009	67	0.01578	0.01566	0.5	81179	1271	80543	1406153	17.32
2005-2009	68	0.01739	0.01724	0.5	79908	1378	79219	1325610	16.59
2005-2009	69	0.01898	0.01880	0.5	78530	1476	77792	1246391	15.87
2005-2009	70	0.02137	0.02115	0.5	77054	1629	76239	1168599	15.17
2005-2009	71	0.02243	0.02219	0.5	75424	1673	74588	1092360	14.48
2005-2009	72	0.02518	0.02487	0.5	73751	1834	72834	1017772	13.80
2005-2009	73	0.02760	0.02723	0.5	71917	1958	70938	944938	13.14
2005-2009	74	0.03099	0.03052	0.5	69959	2135	68891	874001	12.49
2005-2009	75	0.03358	0.03303	0.5	67824	2240	66704	805109	11.87
2005-2009	76	0.03602	0.03539	0.5	65584	2321	64423	738405	11.26
2005-2009	77	0.03986	0.03908	0.5	63263	2472	62027	673982	10.65
2005-2009	78	0.04357	0.04264	0.5	60791	2592	59495	611955	10.07
2005-2009	79	0.04828	0.04714	0.5	58199	2743	56827	552460	9.49
2005-2009	80	0.05366	0.05226	0.5	55455	2898	54006	495633	8.94
2005-2009	81	0.05944	0.05772	0.5	52557	3034	51040	441627	8.40
2005-2009	82	0.06661	0.06447	0.5	49523	3193	47927	390586	7.89
2005-2009	83	0.07242	0.06989	0.5	46331	3238	44712	342659	7.40
2005-2009	84	0.08084	0.07770	0.5	43093	3348	41419	297947	6.91
2005-2009	85	0.09183	0.08780	0.5	39745	3490	38000	256529	6.45
2005-2009	86	0.10233	0.09735	0.5	36255	3529	34491	218529	6.03
2005-2009	87	0.11234	0.10637	0.5	32726	3481	30985	184038	5.62
2005-2009	88	0.12706	0.11947	0.5	29245	3494	27498	153053	5.23
2005-2009	89	0.14054	0.13132	0.5	25751	3382	24060	125555	4.88
2005-2009	90	0.15622	0.14491	0.5	22369	3241	20749	101494	4.54
2005-2009	91	0.17332	0.15950	0.5	19128	3051	17603	80746	4.22
2005-2009	92	0.19189	0.17509	0.5	16077	2815	14670	63143	3.93
2005-2009	93	0.21197	0.19165	0.5	13262	2542	11991	48473	3.66
2005-2009	94	0.23356	0.20914	0.5	10720	2242	9599	36482	3.40
2005-2009	95	0.25667	0.22748	0.5	8478	1929	7514	26883	3.17
2005-2009	96	0.28127	0.24659	0.5	6550	1615	5742	19369	2.96
2005-2009	97	0.30728	0.26636	0.5	4935	1314	4277	13627	2.76
2005-2009	98	0.33462	0.28666	0.5	3620	1038	3101	9349	2.58
2005-2009	99	0.36315	0.30735	0.5	2582	794	2186	6248	2.42
2005-2009	100	0.39273	0.32827	0.5	1789	587	1495	4062	2.27
2005-2009	101	0.42315	0.34926	0.5	1202	420	992	2567	2.14
2005-2009	102	0.45421	0.37015	0.5	782	289	637	1576	2.01
2005-2009	103	0.48567	0.39078	0.5	492	192	396	938	1.91
2005-2009	104	0.51728	0.41099	0.5	300	123	238	542	1.81
2005-2009	105	0.54880	0.43064	0.5	177	76	139	304	1.72
2005-2009	106	0.57997	0.44959	0.5	101	45	78	165	1.64
2005-2009	107	0.61055	0.46775	0.5	55	26	42	87	1.57
2005-2009	108	0.64031	0.48503	0.5	29	14	22	45	1.51
2005-2009	109	0.66906	0.50135	0.5	15	8	11	22	1.47
2005-2009	110+	0.69663	1.00000	1.44	8	8	11	11	1.44
2010-2014	0	0.00665	0.00661	0.07	100000	661	99384	7925081	79.25
2010-2014	1	0.00038	0.00038	0.5	99339	38	99320	7825697	78.78
2010-2014	2	0.00024	0.00024	0.5	99301	24	99290	7726376	77.81
2010-2014	3	0.00019	0.00019	0.5	99278	19	99268	7627087	76.83
2010-2014	4	0.00013	0.00013	0.5	99259	13	99252	7527819	75.84
2010-2014	5	0.00013	0.00013	0.5	99246	13	99239	7428566	74.85
2010-2014	6	0.00012	0.00012	0.5	99233	12	99227	7329327	73.86
2010-2014	7	0.00013	0.00013	0.5	99221	13	99214	7230100	72.87
2010-2014	8	0.00009	0.00009	0.5	99208	9	99203	7130886	71.88
2010-2014	9	0.00009	0.00009	0.5	99199	9	99194	7031683	70.88
2010-2014	10	0.00009	0.00009	0.5	99189	9	99185	6932489	69.89
2010-2014	11	0.00009	0.00009	0.5	99181	9	99176	6833304	68.90
2010-2014	12	0.00012	0.00012	0.5	99171	12	99166	6734128	67.90
2010-2014	13	0.00012	0.00012	0.5	99160	12	99154	6634962	66.91
2010-2014	14	0.00019	0.00019	0.5	99148	18	99139	6535808	65.92
2010-2014	15	0.00024	0.00024	0.5	99130	24	99118	6436669	64.93
2010-2014	16	0.00029	0.00029	0.5	99106	29	99092	6337552	63.95
2010-2014	17	0.00042	0.00042	0.5	99077	42	99056	6238460	62.97
2010-2014	18	0.00053	0.00053	0.5	99035	53	99009	6139404	61.99
2010-2014	19	0.00075	0.00075	0.5	98983	74	98946	6040395	61.02
2010-2014	20	0.00089	0.00089	0.5	98909	88	98865	5941449	60.07
2010-2014	21	0.00088	0.00088	0.5	98821	87	98778	5842584	59.12
2010-2014	22	0.00102	0.00102	0.5	98735	100	98685	5743806	58.17
2010-2014	23	0.00103	0.00103	0.5	98634	102	98584	5645121	57.23
2010-2014	24	0.00097	0.00097	0.5	98533	96	98485	5546538	56.29
2010-2014	25	0.00104	0.00104	0.5	98437	102	98386	5448053	55.35
2010-2014	26	0.00109	0.00109	0.5	98335	107	98281	5349666	54.40
2010-2014	27	0.00101	0.00101	0.5	98228	99	98178	5251385	53.46
2010-2014	28	0.00104	0.00104	0.5	98129	102	98078	5153207	52.51
2010-2014	29	0.00110	0.00110	0.5	98027	108	97973	5055129	51.57
2010-2014	30	0.00099	0.00099	0.5	97919	97	97870	4957156	50.63
2010-2014	31	0.00105	0.00105	0.5	97821	103	97770	4859286	49.68
2010-2014	32	0.00104	0.00104	0.5	97718	102	97667	4761516	48.73
2010-2014	33	0.00128	0.00128	0.5	97617	125	97554	4663849	47.78
2010-2014	34	0.00122	0.00122	0.5	97492	119	97432	4566295	46.84
2010-2014	35	0.00123	0.00123	0.5	97373	120	97313	4468863	45.89
2010-2014	36	0.00128	0.00128	0.5	97252	125	97190	4371550	44.95
2010-2014	37	0.00130	0.00130	0.5	97128	126	97065	4274360	44.01
2010-2014	38	0.00137	0.00137	0.5	97002	133	96935	4177295	43.06
2010-2014	39	0.00147	0.00147	0.5	96869	143	96798	4080360	42.12
2010-2014	40	0.00155	0.00155	0.5	96726	150	96651	3983562	41.18
2010-2014	41	0.00169	0.00169	0.5	96576	163	96494	3886911	40.25
2010-2014	42	0.00180	0.00180	0.5	96413	173	96326	3790417	39.31
2010-2014	43	0.00204	0.00204	0.5	96240	196	96141	3694090	38.38
2010-2014	44	0.00219	0.00219	0.5	96043	210	95938	3597949	37.46
2010-2014	45	0.00234	0.00234	0.5	95833	224	95721	3502011	36.54
2010-2014	46	0.00278	0.00278	0.5	95609	266	95476	3406289	35.63
2010-2014	47	0.00297	0.00296	0.5	95343	283	95202	3310813	34.73
2010-2014	48	0.00316	0.00315	0.5	95061	299	94911	3215611	33.83
2010-2014	49	0.00335	0.00335	0.5	94761	317	94603	3120700	32.93
2010-2014	50	0.00388	0.00387	0.5	94444	366	94261	3026097	32.04
2010-2014	51	0.00422	0.00421	0.5	94079	396	93880	2931836	31.16
2010-2014	52	0.00461	0.00460	0.5	93682	431	93467	2837955	30.29
2010-2014	53	0.00501	0.00500	0.5	93251	466	93018	2744488	29.43
2010-2014	54	0.00533	0.00532	0.5	92785	493	92538	2651470	28.58
2010-2014	55	0.00580	0.00578	0.5	92292	534	92025	2558932	27.73
2010-2014	56	0.00650	0.00648	0.5	91758	594	91461	2466907	26.88
2010-2014	57	0.00679	0.00676	0.5	91164	617	90856	2375446	26.06
2010-2014	58	0.00725	0.00723	0.5	90547	654	90220	2284590	25.23
2010-2014	59	0.00781	0.00778	0.5	89893	699	89543	2194370	24.41
2010-2014	60	0.00850	0.00846	0.5	89194	755	88817	2104827	23.60
2010-2014	61	0.00876	0.00873	0.5	88439	772	88054	2016010	22.80
2010-2014	62	0.00980	0.00975	0.5	87668	855	87240	1927956	21.99
2010-2014	63	0.01055	0.01049	0.5	86813	911	86357	1840716	21.20
2010-2014	64	0.01124	0.01118	0.5	85902	960	85422	1754359	20.42
2010-2014	65	0.01216	0.01208	0.5	84942	1026	84429	1668937	19.65
2010-2014	66	0.01284	0.01276	0.5	83916	1070	83380	1584508	18.88
2010-2014	67	0.01405	0.01395	0.5	82845	1156	82267	1501127	18.12
2010-2014	68	0.01527	0.01516	0.5	81690	1238	81071	1418860	17.37
2010-2014	69	0.01722	0.01707	0.5	80451	1373	79765	1337790	16.63
2010-2014	70	0.01885	0.01867	0.5	79078	1477	78340	1258025	15.91
2010-2014	71	0.02125	0.02103	0.5	77602	1632	76786	1179685	15.20
2010-2014	72	0.02193	0.02169	0.5	75970	1648	75146	1102899	14.52
2010-2014	73	0.02451	0.02422	0.5	74322	1800	73422	1027753	13.83
2010-2014	74	0.02627	0.02593	0.5	72522	1880	71582	954331	13.16
2010-2014	75	0.02955	0.02912	0.5	70642	2057	69613	882749	12.50
2010-2014	76	0.03260	0.03208	0.5	68585	2200	67485	813136	11.86
2010-2014	77	0.03537	0.03475	0.5	66385	2307	65231	745651	11.23
2010-2014	78	0.04016	0.03937	0.5	64078	2523	62816	680420	10.62
2010-2014	79	0.04536	0.04435	0.5	61555	2730	60190	617603	10.03
2010-2014	80	0.04728	0.04619	0.5	58825	2717	57466	557413	9.48
2010-2014	81	0.05088	0.04962	0.5	56108	2784	54716	499947	8.91
2010-2014	82	0.05816	0.05652	0.5	53324	3014	51817	445231	8.35
2010-2014	83	0.06421	0.06222	0.5	50310	3130	48745	393414	7.82
2010-2014	84	0.07114	0.06870	0.5	47180	3241	45559	344670	7.31
2010-2014	85	0.08247	0.07920	0.5	43939	3480	42199	299110	6.81
2010-2014	86	0.09050	0.08658	0.5	40459	3503	38707	256912	6.35
2010-2014	87	0.10376	0.09864	0.5	36956	3645	35133	218204	5.90
2010-2014	88	0.11643	0.11002	0.5	33310	3665	31478	183071	5.50
2010-2014	89	0.12867	0.12089	0.5	29645	3584	27853	151594	5.11
2010-2014	90	0.14394	0.13428	0.5	26061	3499	24312	123740	4.75
2010-2014	91	0.16071	0.14875	0.5	22562	3356	20884	99428	4.41
2010-2014	92	0.17904	0.16433	0.5	19206	3156	17628	78545	4.09
2010-2014	93	0.19899	0.18098	0.5	16050	2905	14597	60917	3.80
2010-2014	94	0.22059	0.19867	0.5	13145	2612	11839	46319	3.52
2010-2014	95	0.24385	0.21735	0.5	10533	2289	9389	34480	3.27
2010-2014	96	0.26874	0.23691	0.5	8244	1953	7268	25091	3.04
2010-2014	97	0.29522	0.25725	0.5	6291	1618	5482	17824	2.83
2010-2014	98	0.32319	0.27823	0.5	4673	1300	4023	12342	2.64
2010-2014	99	0.35253	0.29970	0.5	3373	1011	2867	8319	2.47
2010-2014	100	0.38305	0.32148	0.5	2362	759	1982	5452	2.31
2010-2014	101	0.41457	0.34339	0.5	1603	550	1327	3470	2.17
2010-2014	102	0.44685	0.36524	0.5	1052	384	860	2143	2.04
2010-2014	103	0.47962	0.38685	0.5	668	258	539	1283	1.92
2010-2014	104	0.51260	0.40802	0.5	410	167	326	744	1.82
2010-2014	105	0.54552	0.42861	0.5	242	104	190	418	1.72
2010-2014	106	0.57807	0.44845	0.5	139	62	107	227	1.64
2010-2014	107	0.61000	0.46743	0.5	76	36	59	120	1.57
2010-2014	108	0.64105	0.48545	0.5	41	20	31	61	1.51
2010-2014	109	0.67098	0.50242	0.5	21	11	16	31	1.46
2010-2014	110+	0.69962	1.00000	1.43	10	10	15	15	1.43
2015-2017	0	0.00654	0.00650	0.07	100000	650	99393	7901405	79.01
2015-2017	1	0.00037	0.00037	0.5	99350	37	99332	7802011	78.53
2015-2017	2	0.00024	0.00024	0.5	99313	24	99301	7702680	77.56
2015-2017	3	0.00020	0.00020	0.5	99289	20	99279	7603378	76.58
2015-2017	4	0.00018	0.00018	0.5	99269	18	99260	7504099	75.59
2015-2017	5	0.00012	0.00012	0.5	99251	12	99246	7404839	74.61
2015-2017	6	0.00012	0.00012	0.5	99240	12	99234	7305593	73.62
2015-2017	7	0.00012	0.00012	0.5	99228	12	99222	7206359	72.62
2015-2017	8	0.00011	0.00011	0.5	99216	11	99211	7107136	71.63
2015-2017	9	0.00011	0.00011	0.5	99206	11	99200	7007925	70.64
2015-2017	10	0.00011	0.00011	0.5	99195	11	99190	6908725	69.65
2015-2017	11	0.00009	0.00009	0.5	99184	9	99180	6809535	68.66
2015-2017	12	0.00013	0.00013	0.5	99175	13	99169	6710355	67.66
2015-2017	13	0.00016	0.00016	0.5	99162	16	99154	6611187	66.67
2015-2017	14	0.00020	0.00020	0.5	99147	20	99136	6512032	65.68
2015-2017	15	0.00020	0.00020	0.5	99126	20	99116	6412896	64.69
2015-2017	16	0.00033	0.00033	0.5	99106	33	99090	6313779	63.71
2015-2017	17	0.00045	0.00045	0.5	99074	45	99051	6214689	62.73
2015-2017	18	0.00073	0.00073	0.5	99029	72	98993	6115638	61.76
2015-2017	19	0.00080	0.00080	0.5	98957	79	98917	6016645	60.80
2015-2017	20	0.00091	0.00091	0.5	98878	90	98833	5917728	59.85
2015-2017	21	0.00103	0.00103	0.5	98788	102	98737	5818895	58.90
2015-2017	22	0.00112	0.00112	0.5	98687	110	98631	5720157	57.96
2015-2017	23	0.00125	0.00125	0.5	98576	123	98515	5621526	57.03
2015-2017	24	0.00148	0.00148	0.5	98453	145	98381	5523011	56.10
2015-2017	25	0.00124	0.00124	0.5	98308	122	98247	5424631	55.18
2015-2017	26	0.00148	0.00148	0.5	98186	145	98113	5326384	54.25
2015-2017	27	0.00154	0.00154	0.5	98041	151	97965	5228271	53.33
2015-2017	28	0.00153	0.00153	0.5	97890	150	97815	5130305	52.41
2015-2017	29	0.00160	0.00160	0.5	97740	156	97662	5032491	51.49
2015-2017	30	0.00141	0.00140	0.5	97584	137	97515	4934829	50.57
2015-2017	31	0.00147	0.00146	0.5	97447	143	97375	4837313	49.64
2015-2017	32	0.00169	0.00169	0.5	97304	164	97222	4739938	48.71
2015-2017	33	0.00145	0.00144	0.5	97140	140	97070	4642716	47.79
2015-2017	34	0.00173	0.00173	0.5	97000	168	96916	4545646	46.86
2015-2017	35	0.00155	0.00155	0.5	96832	150	96757	4448731	45.94
2015-2017	36	0.00166	0.00166	0.5	96682	160	96602	4351974	45.01
2015-2017	37	0.00173	0.00173	0.5	96522	167	96438	4255372	44.09
2015-2017	38	0.00162	0.00162	0.5	96355	156	96277	4158934	43.16
2015-2017	39	0.00191	0.00191	0.5	96199	183	96107	4062657	42.23
2015-2017	40	0.00177	0.00177	0.5	96016	170	95931	3966550	41.31
2015-2017	41	0.00203	0.00203	0.5	95846	195	95748	3870620	40.38
2015-2017	42	0.00196	0.00196	0.5	95651	187	95557	3774871	39.47
2015-2017	43	0.00221	0.00220	0.5	95464	210	95359	3679314	38.54
2015-2017	44	0.00242	0.00242	0.5	95253	230	95138	3583955	37.63
2015-2017	45	0.00254	0.00254	0.5	95023	241	94903	3488817	36.72
2015-2017	46	0.00271	0.00271	0.5	94782	257	94654	3393914	35.81
2015-2017	47	0.00306	0.00306	0.5	94525	289	94381	3299261	34.90
2015-2017	48	0.00342	0.00342	0.5	94236	322	94075	3204880	34.01
2015-2017	49	0.00371	0.00370	0.5	93914	347	93741	3110804	33.12
2015-2017	50	0.00375	0.00375	0.5	93567	350	93392	3017064	32.24
2015-2017	51	0.00443	0.00442	0.5	93217	412	93010	2923672	31.36
2015-2017	52	0.00472	0.00471	0.5	92804	437	92586	2830662	30.50
2015-2017	53	0.00514	0.00513	0.5	92367	474	92130	2738076	29.64
2015-2017	54	0.00551	0.00550	0.5	91893	505	91640	2645946	28.79
2015-2017	55	0.00609	0.00607	0.5	91388	555	91110	2554306	27.95
2015-2017	56	0.00641	0.00639	0.5	90833	580	90543	2463195	27.12
2015-2017	57	0.00690	0.00688	0.5	90253	621	89942	2372652	26.29
2015-2017	58	0.00756	0.00753	0.5	89632	675	89294	2282710	25.47
2015-2017	59	0.00819	0.00815	0.5	88957	725	88594	2193416	24.66
2015-2017	60	0.00863	0.00860	0.5	88232	759	87852	2104821	23.86
2015-2017	61	0.00961	0.00957	0.5	87473	837	87055	2016969	23.06
2015-2017	62	0.00960	0.00956	0.5	86636	828	86222	1929914	22.28
2015-2017	63	0.01064	0.01058	0.5	85808	908	85354	1843692	21.49
2015-2017	64	0.01144	0.01137	0.5	84900	965	84417	1758338	20.71
2015-2017	65	0.01204	0.01197	0.5	83935	1005	83433	1673921	19.94
2015-2017	66	0.01285	0.01277	0.5	82930	1059	82401	1590488	19.18
2015-2017	67	0.01407	0.01397	0.5	81872	1144	81300	1508087	18.42
2015-2017	68	0.01549	0.01537	0.5	80728	1241	80108	1426787	17.67
2015-2017	69	0.01717	0.01702	0.5	79487	1353	78810	1346680	16.94
2015-2017	70	0.01729	0.01714	0.5	78134	1339	77464	1267870	16.23
2015-2017	71	0.01942	0.01923	0.5	76795	1477	76056	1190405	15.50
2015-2017	72	0.02188	0.02165	0.5	75318	1630	74503	1114349	14.80
2015-2017	73	0.02371	0.02344	0.5	73687	1727	72824	1039846	14.11
2015-2017	74	0.02607	0.02574	0.5	71961	1852	71035	967022	13.44
2015-2017	75	0.02875	0.02834	0.5	70109	1987	69115	895988	12.78
2015-2017	76	0.03099	0.03052	0.5	68122	2079	67082	826873	12.14
2015-2017	77	0.03402	0.03345	0.5	66043	2209	64938	759791	11.50
2015-2017	78	0.03812	0.03741	0.5	63834	2388	62640	694853	10.89
2015-2017	79	0.04184	0.04098	0.5	61446	2518	60187	632213	10.29
2015-2017	80	0.04682	0.04575	0.5	58927	2696	57580	572026	9.71
2015-2017	81	0.05311	0.05174	0.5	56232	2909	54777	514447	9.15
2015-2017	82	0.05748	0.05588	0.5	53322	2980	51833	459670	8.62
2015-2017	83	0.06315	0.06122	0.5	50343	3082	48802	407837	8.10
2015-2017	84	0.06709	0.06492	0.5	47261	3068	45727	359035	7.60
2015-2017	85	0.07728	0.07441	0.5	44193	3288	42549	313308	7.09
2015-2017	86	0.08638	0.08280	0.5	40904	3387	39211	270760	6.62
2015-2017	87	0.09467	0.09040	0.5	37517	3391	35822	231549	6.17
2015-2017	88	0.10683	0.10141	0.5	34126	3461	32396	195727	5.74
2015-2017	89	0.12196	0.11495	0.5	30665	3525	28903	163331	5.33
2015-2017	90	0.13657	0.12784	0.5	27140	3470	25406	134429	4.95
2015-2017	91	0.15211	0.14136	0.5	23671	3346	21998	109023	4.61
2015-2017	92	0.16910	0.15592	0.5	20325	3169	18740	87025	4.28
2015-2017	93	0.18759	0.17151	0.5	17156	2942	15685	68285	3.98
2015-2017	94	0.20763	0.18810	0.5	14213	2674	12877	52601	3.70
2015-2017	95	0.22924	0.20566	0.5	11540	2373	10353	39724	3.44
2015-2017	96	0.25241	0.22412	0.5	9166	2054	8139	29371	3.20
2015-2017	97	0.27711	0.24339	0.5	7112	1731	6247	21232	2.99
2015-2017	98	0.30329	0.26336	0.5	5381	1417	4672	14985	2.78
2015-2017	99	0.33086	0.28389	0.5	3964	1125	3401	10313	2.60
2015-2017	100	0.35967	0.30485	0.5	2839	865	2406	6911	2.43
2015-2017	101	0.38958	0.32606	0.5	1973	643	1652	4505	2.28
2015-2017	102	0.42038	0.34737	0.5	1330	462	1099	2854	2.15
2015-2017	103	0.45186	0.36858	0.5	868	320	708	1755	2.02
2015-2017	104	0.48376	0.38954	0.5	548	213	441	1047	1.91
2015-2017	105	0.51585	0.41008	0.5	335	137	266	606	1.81
2015-2017	106	0.54784	0.43004	0.5	197	85	155	340	1.72
2015-2017	107	0.57947	0.44930	0.5	112	51	87	185	1.64
2015-2017	108	0.61050	0.46773	0.5	62	29	47	98	1.58
2015-2017	109	0.64070	0.48525	0.5	33	16	25	50	1.53
2015-2017	110+	0.66985	1.00000	1.49	17	17	25	25	1.49
