MD: Maryland, Lifetables (period 1x5), Females Last modified: 3 Dec 2019, MPv5 (May07) 

Year     	Age	mx	qx	ax	lx	dx	Lx	Tx	ex
1960-1964	0	0.02356	0.02308	0.12	100000	2308	97967	7252174	72.52
1960-1964	1	0.00144	0.00144	0.5	97692	141	97622	7154208	73.23
1960-1964	2	0.00084	0.00084	0.5	97551	82	97510	7056586	72.34
1960-1964	3	0.00068	0.00068	0.5	97469	66	97436	6959076	71.40
1960-1964	4	0.00058	0.00058	0.5	97403	57	97374	6861640	70.45
1960-1964	5	0.00056	0.00056	0.5	97346	54	97319	6764266	69.49
1960-1964	6	0.00043	0.00043	0.5	97292	42	97271	6666947	68.53
1960-1964	7	0.00044	0.00044	0.5	97250	43	97229	6569676	67.55
1960-1964	8	0.00042	0.00042	0.5	97207	41	97187	6472448	66.58
1960-1964	9	0.00030	0.00030	0.5	97167	29	97152	6375261	65.61
1960-1964	10	0.00033	0.00033	0.5	97137	32	97121	6278109	64.63
1960-1964	11	0.00017	0.00017	0.5	97105	16	97097	6180988	63.65
1960-1964	12	0.00025	0.00025	0.5	97089	24	97077	6083891	62.66
1960-1964	13	0.00032	0.00032	0.5	97065	31	97049	5986814	61.68
1960-1964	14	0.00032	0.00032	0.5	97033	31	97018	5889765	60.70
1960-1964	15	0.00033	0.00033	0.5	97003	32	96987	5792747	59.72
1960-1964	16	0.00037	0.00037	0.5	96971	36	96953	5695761	58.74
1960-1964	17	0.00040	0.00040	0.5	96934	39	96915	5598808	57.76
1960-1964	18	0.00045	0.00045	0.5	96896	43	96874	5501893	56.78
1960-1964	19	0.00069	0.00069	0.5	96853	67	96819	5405019	55.81
1960-1964	20	0.00056	0.00056	0.5	96786	54	96759	5308199	54.84
1960-1964	21	0.00063	0.00063	0.5	96732	61	96702	5211440	53.87
1960-1964	22	0.00074	0.00074	0.5	96671	71	96636	5114738	52.91
1960-1964	23	0.00061	0.00061	0.5	96600	59	96570	5018103	51.95
1960-1964	24	0.00071	0.00071	0.5	96541	69	96507	4921532	50.98
1960-1964	25	0.00088	0.00088	0.5	96472	85	96430	4825026	50.01
1960-1964	26	0.00094	0.00094	0.5	96387	90	96342	4728596	49.06
1960-1964	27	0.00081	0.00081	0.5	96297	78	96258	4632254	48.10
1960-1964	28	0.00102	0.00102	0.5	96219	98	96170	4535996	47.14
1960-1964	29	0.00110	0.00110	0.5	96121	106	96068	4439825	46.19
1960-1964	30	0.00106	0.00105	0.5	96016	101	95965	4343757	45.24
1960-1964	31	0.00125	0.00124	0.5	95914	119	95855	4247792	44.29
1960-1964	32	0.00140	0.00140	0.5	95795	134	95728	4151937	43.34
1960-1964	33	0.00147	0.00147	0.5	95660	141	95590	4056210	42.40
1960-1964	34	0.00162	0.00162	0.5	95520	155	95442	3960620	41.46
1960-1964	35	0.00168	0.00168	0.5	95365	160	95285	3865178	40.53
1960-1964	36	0.00177	0.00177	0.5	95205	169	95120	3769893	39.60
1960-1964	37	0.00199	0.00199	0.5	95036	189	94942	3674773	38.67
1960-1964	38	0.00226	0.00226	0.5	94847	214	94740	3579831	37.74
1960-1964	39	0.00242	0.00242	0.5	94633	229	94518	3485091	36.83
1960-1964	40	0.00235	0.00234	0.5	94404	221	94293	3390573	35.92
1960-1964	41	0.00272	0.00272	0.5	94183	256	94055	3296279	35.00
1960-1964	42	0.00329	0.00328	0.5	93926	308	93772	3202225	34.09
1960-1964	43	0.00364	0.00363	0.5	93618	340	93448	3108452	33.20
1960-1964	44	0.00374	0.00373	0.5	93278	348	93104	3015004	32.32
1960-1964	45	0.00378	0.00377	0.5	92930	350	92755	2921900	31.44
1960-1964	46	0.00399	0.00398	0.5	92580	368	92396	2829145	30.56
1960-1964	47	0.00483	0.00482	0.5	92211	445	91989	2736750	29.68
1960-1964	48	0.00504	0.00503	0.5	91767	462	91536	2644761	28.82
1960-1964	49	0.00562	0.00560	0.5	91305	511	91049	2553225	27.96
1960-1964	50	0.00645	0.00643	0.5	90794	584	90502	2462175	27.12
1960-1964	51	0.00594	0.00592	0.5	90210	534	89943	2371673	26.29
1960-1964	52	0.00809	0.00806	0.5	89676	722	89315	2281731	25.44
1960-1964	53	0.00705	0.00702	0.5	88953	625	88641	2192416	24.65
1960-1964	54	0.00805	0.00802	0.5	88329	708	87975	2103775	23.82
1960-1964	55	0.00907	0.00903	0.5	87621	791	87225	2015800	23.01
1960-1964	56	0.01013	0.01008	0.5	86829	875	86392	1928575	22.21
1960-1964	57	0.01000	0.00995	0.5	85954	855	85526	1842184	21.43
1960-1964	58	0.01156	0.01149	0.5	85099	978	84610	1756657	20.64
1960-1964	59	0.01189	0.01182	0.5	84121	994	83623	1672048	19.88
1960-1964	60	0.01419	0.01409	0.5	83126	1172	82540	1588424	19.11
1960-1964	61	0.01403	0.01393	0.5	81955	1142	81384	1505884	18.37
1960-1964	62	0.01705	0.01691	0.5	80813	1366	80130	1424500	17.63
1960-1964	63	0.01813	0.01797	0.5	79447	1427	78733	1344370	16.92
1960-1964	64	0.01982	0.01962	0.5	78019	1531	77254	1265637	16.22
1960-1964	65	0.02310	0.02284	0.5	76488	1747	75615	1188383	15.54
1960-1964	66	0.02323	0.02297	0.5	74742	1716	73883	1112768	14.89
1960-1964	67	0.02559	0.02527	0.5	73025	1845	72103	1038885	14.23
1960-1964	68	0.02811	0.02772	0.5	71180	1973	70193	966782	13.58
1960-1964	69	0.02931	0.02889	0.5	69207	1999	68207	896589	12.96
1960-1964	70	0.03460	0.03401	0.5	67207	2286	66065	828382	12.33
1960-1964	71	0.03395	0.03338	0.5	64922	2167	63838	762317	11.74
1960-1964	72	0.04254	0.04165	0.5	62754	2614	61447	698479	11.13
1960-1964	73	0.04335	0.04243	0.5	60141	2552	58865	637032	10.59
1960-1964	74	0.04893	0.04776	0.5	57589	2751	56214	578167	10.04
1960-1964	75	0.05341	0.05202	0.5	54838	2852	53412	521953	9.52
1960-1964	76	0.05746	0.05585	0.5	51986	2904	50534	468541	9.01
1960-1964	77	0.06093	0.05913	0.5	49082	2902	47631	418007	8.52
1960-1964	78	0.06880	0.06652	0.5	46180	3072	44644	370376	8.02
1960-1964	79	0.07606	0.07327	0.5	43108	3159	41529	325732	7.56
1960-1964	80	0.08393	0.08055	0.5	39950	3218	38341	284203	7.11
1960-1964	81	0.08490	0.08145	0.5	36732	2992	35236	245862	6.69
1960-1964	82	0.10691	0.10149	0.5	33740	3424	32028	210626	6.24
1960-1964	83	0.11154	0.10565	0.5	30316	3203	28715	178597	5.89
1960-1964	84	0.12385	0.11663	0.5	27113	3162	25532	149883	5.53
1960-1964	85	0.13920	0.13014	0.5	23951	3117	22393	124351	5.19
1960-1964	86	0.14763	0.13749	0.5	20834	2864	19402	101958	4.89
1960-1964	87	0.16340	0.15106	0.5	17970	2714	16612	82556	4.59
1960-1964	88	0.18044	0.16551	0.5	15255	2525	13993	65944	4.32
1960-1964	89	0.19034	0.17380	0.5	12730	2213	11624	51951	4.08
1960-1964	90	0.20696	0.18755	0.5	10518	1973	9532	40327	3.83
1960-1964	91	0.22463	0.20195	0.5	8545	1726	7682	30795	3.60
1960-1964	92	0.24334	0.21695	0.5	6820	1479	6080	23113	3.39
1960-1964	93	0.26309	0.23251	0.5	5340	1242	4719	17033	3.19
1960-1964	94	0.28384	0.24856	0.5	4098	1019	3589	12314	3.00
1960-1964	95	0.30554	0.26505	0.5	3080	816	2672	8725	2.83
1960-1964	96	0.32814	0.28189	0.5	2263	638	1944	6053	2.67
1960-1964	97	0.35157	0.29901	0.5	1625	486	1382	4109	2.53
1960-1964	98	0.37574	0.31631	0.5	1139	360	959	2727	2.39
1960-1964	99	0.40054	0.33371	0.5	779	260	649	1767	2.27
1960-1964	100	0.42586	0.35110	0.5	519	182	428	1118	2.15
1960-1964	101	0.45158	0.36840	0.5	337	124	275	691	2.05
1960-1964	102	0.47755	0.38550	0.5	213	82	172	416	1.95
1960-1964	103	0.50365	0.40234	0.5	131	53	104	244	1.87
1960-1964	104	0.52973	0.41881	0.5	78	33	62	140	1.79
1960-1964	105	0.55565	0.43484	0.5	45	20	36	78	1.71
1960-1964	106	0.58127	0.45038	0.5	26	12	20	42	1.65
1960-1964	107	0.60646	0.46535	0.5	14	7	11	22	1.59
1960-1964	108	0.63109	0.47972	0.5	8	4	6	12	1.54
1960-1964	109	0.65506	0.49344	0.5	4	2	3	6	1.50
1960-1964	110+	0.67827	1.00000	1.47	2	2	3	3	1.47
1965-1969	0	0.01921	0.01888	0.11	100000	1888	98313	7336384	73.36
1965-1969	1	0.00126	0.00126	0.5	98112	123	98050	7238071	73.77
1965-1969	2	0.00081	0.00081	0.5	97988	80	97949	7140021	72.87
1965-1969	3	0.00060	0.00060	0.5	97909	59	97879	7042072	71.92
1965-1969	4	0.00055	0.00055	0.5	97850	53	97823	6944193	70.97
1965-1969	5	0.00048	0.00048	0.5	97796	47	97773	6846370	70.01
1965-1969	6	0.00041	0.00041	0.5	97750	40	97730	6748597	69.04
1965-1969	7	0.00036	0.00036	0.5	97710	35	97692	6650867	68.07
1965-1969	8	0.00036	0.00035	0.5	97675	35	97657	6553175	67.09
1965-1969	9	0.00027	0.00027	0.5	97640	26	97627	6455518	66.12
1965-1969	10	0.00029	0.00029	0.5	97614	28	97599	6357891	65.13
1965-1969	11	0.00030	0.00030	0.5	97585	29	97571	6260291	64.15
1965-1969	12	0.00029	0.00029	0.5	97556	28	97542	6162721	63.17
1965-1969	13	0.00028	0.00028	0.5	97528	27	97514	6065179	62.19
1965-1969	14	0.00030	0.00030	0.5	97500	29	97486	5967665	61.21
1965-1969	15	0.00039	0.00039	0.5	97471	38	97452	5870179	60.22
1965-1969	16	0.00036	0.00036	0.5	97433	35	97416	5772727	59.25
1965-1969	17	0.00050	0.00050	0.5	97398	49	97373	5675311	58.27
1965-1969	18	0.00054	0.00054	0.5	97349	53	97323	5577938	57.30
1965-1969	19	0.00058	0.00058	0.5	97296	56	97268	5480615	56.33
1965-1969	20	0.00057	0.00057	0.5	97240	55	97213	5383347	55.36
1965-1969	21	0.00066	0.00066	0.5	97185	64	97153	5286134	54.39
1965-1969	22	0.00063	0.00063	0.5	97121	62	97090	5188981	53.43
1965-1969	23	0.00066	0.00066	0.5	97059	64	97028	5091891	52.46
1965-1969	24	0.00079	0.00079	0.5	96996	76	96958	4994863	51.50
1965-1969	25	0.00071	0.00071	0.5	96920	69	96885	4897906	50.54
1965-1969	26	0.00078	0.00078	0.5	96851	75	96813	4801021	49.57
1965-1969	27	0.00096	0.00096	0.5	96776	93	96729	4704207	48.61
1965-1969	28	0.00079	0.00079	0.5	96683	77	96644	4607478	47.66
1965-1969	29	0.00085	0.00085	0.5	96606	82	96565	4510834	46.69
1965-1969	30	0.00092	0.00092	0.5	96524	89	96480	4414269	45.73
1965-1969	31	0.00109	0.00109	0.5	96435	105	96383	4317789	44.77
1965-1969	32	0.00129	0.00129	0.5	96330	124	96268	4221406	43.82
1965-1969	33	0.00143	0.00143	0.5	96206	138	96138	4125138	42.88
1965-1969	34	0.00134	0.00134	0.5	96069	128	96005	4029000	41.94
1965-1969	35	0.00178	0.00177	0.5	95940	170	95855	3932996	40.99
1965-1969	36	0.00204	0.00203	0.5	95770	195	95673	3837141	40.07
1965-1969	37	0.00190	0.00190	0.5	95576	182	95485	3741468	39.15
1965-1969	38	0.00220	0.00220	0.5	95394	210	95289	3645983	38.22
1965-1969	39	0.00212	0.00212	0.5	95184	202	95083	3550694	37.30
1965-1969	40	0.00254	0.00254	0.5	94982	241	94862	3455611	36.38
1965-1969	41	0.00262	0.00261	0.5	94741	248	94617	3360749	35.47
1965-1969	42	0.00328	0.00327	0.5	94493	309	94339	3266132	34.56
1965-1969	43	0.00340	0.00340	0.5	94184	320	94024	3171793	33.68
1965-1969	44	0.00349	0.00348	0.5	93864	327	93701	3077769	32.79
1965-1969	45	0.00403	0.00403	0.5	93537	377	93349	2984069	31.90
1965-1969	46	0.00413	0.00413	0.5	93161	384	92968	2890720	31.03
1965-1969	47	0.00434	0.00433	0.5	92776	402	92575	2797751	30.16
1965-1969	48	0.00495	0.00494	0.5	92375	456	92146	2705176	29.28
1965-1969	49	0.00560	0.00558	0.5	91918	513	91662	2613029	28.43
1965-1969	50	0.00575	0.00573	0.5	91405	524	91143	2521368	27.58
1965-1969	51	0.00621	0.00619	0.5	90881	562	90600	2430225	26.74
1965-1969	52	0.00699	0.00696	0.5	90319	629	90005	2339625	25.90
1965-1969	53	0.00742	0.00740	0.5	89690	663	89358	2249620	25.08
1965-1969	54	0.00806	0.00802	0.5	89027	714	88670	2160262	24.27
1965-1969	55	0.00840	0.00836	0.5	88313	739	87943	2071592	23.46
1965-1969	56	0.00959	0.00954	0.5	87574	836	87156	1983649	22.65
1965-1969	57	0.01042	0.01036	0.5	86738	899	86289	1896493	21.86
1965-1969	58	0.01150	0.01143	0.5	85840	981	85349	1810204	21.09
1965-1969	59	0.01259	0.01251	0.5	84858	1061	84328	1724855	20.33
1965-1969	60	0.01350	0.01341	0.5	83797	1124	83235	1640527	19.58
1965-1969	61	0.01328	0.01319	0.5	82673	1090	82128	1557292	18.84
1965-1969	62	0.01544	0.01532	0.5	81583	1250	80958	1475164	18.08
1965-1969	63	0.01535	0.01523	0.5	80333	1223	79721	1394206	17.36
1965-1969	64	0.01732	0.01717	0.5	79110	1358	78430	1314484	16.62
1965-1969	65	0.02204	0.02180	0.5	77751	1695	76903	1236054	15.90
1965-1969	66	0.02153	0.02130	0.5	76056	1620	75246	1159150	15.24
1965-1969	67	0.02385	0.02357	0.5	74436	1754	73558	1083905	14.56
1965-1969	68	0.02526	0.02494	0.5	72681	1813	71775	1010346	13.90
1965-1969	69	0.02742	0.02705	0.5	70868	1917	69910	938571	13.24
1965-1969	70	0.03160	0.03111	0.5	68951	2145	67879	868662	12.60
1965-1969	71	0.03402	0.03345	0.5	66806	2235	65689	800783	11.99
1965-1969	72	0.04042	0.03962	0.5	64572	2558	63292	735094	11.38
1965-1969	73	0.04276	0.04187	0.5	62013	2596	60715	671802	10.83
1965-1969	74	0.04719	0.04610	0.5	59417	2739	58047	611087	10.28
1965-1969	75	0.05201	0.05069	0.5	56678	2873	55241	553039	9.76
1965-1969	76	0.05586	0.05434	0.5	53805	2924	52343	497798	9.25
1965-1969	77	0.05964	0.05791	0.5	50881	2947	49407	445456	8.75
1965-1969	78	0.06786	0.06564	0.5	47934	3146	46361	396048	8.26
1965-1969	79	0.07181	0.06932	0.5	44788	3105	43235	349687	7.81
1965-1969	80	0.08043	0.07732	0.5	41683	3223	40072	306452	7.35
1965-1969	81	0.08472	0.08128	0.5	38460	3126	36897	266380	6.93
1965-1969	82	0.09723	0.09272	0.5	35334	3276	33696	229483	6.49
1965-1969	83	0.10711	0.10166	0.5	32058	3259	30428	195787	6.11
1965-1969	84	0.11696	0.11049	0.5	28799	3182	27208	165359	5.74
1965-1969	85	0.13200	0.12383	0.5	25617	3172	24031	138151	5.39
1965-1969	86	0.14367	0.13404	0.5	22445	3008	20940	114120	5.08
1965-1969	87	0.15348	0.14254	0.5	19436	2770	18051	93180	4.79
1965-1969	88	0.16635	0.15357	0.5	16666	2559	15386	75129	4.51
1965-1969	89	0.18140	0.16632	0.5	14106	2346	12933	59743	4.24
1965-1969	90	0.19728	0.17957	0.5	11760	2112	10704	46809	3.98
1965-1969	91	0.21418	0.19346	0.5	9649	1867	8715	36105	3.74
1965-1969	92	0.23211	0.20797	0.5	7782	1618	6973	27390	3.52
1965-1969	93	0.25106	0.22306	0.5	6163	1375	5476	20417	3.31
1965-1969	94	0.27101	0.23867	0.5	4789	1143	4217	14941	3.12
1965-1969	95	0.29193	0.25474	0.5	3646	929	3181	10724	2.94
1965-1969	96	0.31377	0.27122	0.5	2717	737	2349	7542	2.78
1965-1969	97	0.33646	0.28801	0.5	1980	570	1695	5194	2.62
1965-1969	98	0.35994	0.30504	0.5	1410	430	1195	3499	2.48
1965-1969	99	0.38411	0.32222	0.5	980	316	822	2304	2.35
1965-1969	100	0.40886	0.33946	0.5	664	225	551	1482	2.23
1965-1969	101	0.43409	0.35667	0.5	439	156	360	931	2.12
1965-1969	102	0.45966	0.37376	0.5	282	105	229	570	2.02
1965-1969	103	0.48544	0.39063	0.5	177	69	142	341	1.93
1965-1969	104	0.51130	0.40720	0.5	108	44	86	199	1.84
1965-1969	105	0.53710	0.42340	0.5	64	27	50	113	1.77
1965-1969	106	0.56271	0.43915	0.5	37	16	29	63	1.70
1965-1969	107	0.58798	0.45439	0.5	21	9	16	34	1.64
1965-1969	108	0.61280	0.46908	0.5	11	5	9	18	1.58
1965-1969	109	0.63705	0.48315	0.5	6	3	5	9	1.54
1965-1969	110+	0.66062	1.00000	1.51	3	3	5	5	1.51
1970-1974	0	0.01479	0.01460	0.09	100000	1460	98678	7491984	74.92
1970-1974	1	0.00091	0.00091	0.5	98540	90	98495	7393306	75.03
1970-1974	2	0.00057	0.00057	0.5	98450	57	98422	7294810	74.10
1970-1974	3	0.00056	0.00056	0.5	98394	55	98366	7196388	73.14
1970-1974	4	0.00040	0.00040	0.5	98339	40	98319	7098022	72.18
1970-1974	5	0.00062	0.00062	0.5	98299	61	98269	6999703	71.21
1970-1974	6	0.00027	0.00027	0.5	98238	26	98225	6901434	70.25
1970-1974	7	0.00030	0.00030	0.5	98212	29	98198	6803208	69.27
1970-1974	8	0.00033	0.00033	0.5	98183	32	98167	6705011	68.29
1970-1974	9	0.00024	0.00024	0.5	98151	24	98139	6606844	67.31
1970-1974	10	0.00021	0.00021	0.5	98127	21	98117	6508704	66.33
1970-1974	11	0.00028	0.00028	0.5	98106	28	98092	6410588	65.34
1970-1974	12	0.00025	0.00025	0.5	98078	24	98066	6312495	64.36
1970-1974	13	0.00022	0.00022	0.5	98054	22	98043	6214429	63.38
1970-1974	14	0.00031	0.00031	0.5	98032	30	98017	6116386	62.39
1970-1974	15	0.00042	0.00042	0.5	98002	41	97982	6018368	61.41
1970-1974	16	0.00057	0.00057	0.5	97961	56	97933	5920387	60.44
1970-1974	17	0.00059	0.00059	0.5	97905	58	97876	5822453	59.47
1970-1974	18	0.00065	0.00065	0.5	97847	64	97816	5724577	58.51
1970-1974	19	0.00076	0.00076	0.5	97784	74	97746	5626762	57.54
1970-1974	20	0.00066	0.00066	0.5	97709	65	97677	5529015	56.59
1970-1974	21	0.00069	0.00069	0.5	97644	67	97611	5431338	55.62
1970-1974	22	0.00066	0.00066	0.5	97577	64	97545	5333727	54.66
1970-1974	23	0.00077	0.00077	0.5	97513	75	97475	5236182	53.70
1970-1974	24	0.00062	0.00062	0.5	97438	60	97408	5138707	52.74
1970-1974	25	0.00058	0.00058	0.5	97378	56	97350	5041299	51.77
1970-1974	26	0.00065	0.00065	0.5	97322	63	97290	4943949	50.80
1970-1974	27	0.00062	0.00062	0.5	97258	60	97228	4846659	49.83
1970-1974	28	0.00073	0.00073	0.5	97198	71	97162	4749431	48.86
1970-1974	29	0.00078	0.00078	0.5	97127	76	97089	4652268	47.90
1970-1974	30	0.00089	0.00089	0.5	97051	86	97008	4555179	46.94
1970-1974	31	0.00101	0.00101	0.5	96965	98	96916	4458171	45.98
1970-1974	32	0.00113	0.00112	0.5	96867	109	96812	4361255	45.02
1970-1974	33	0.00120	0.00120	0.5	96758	116	96700	4264443	44.07
1970-1974	34	0.00127	0.00127	0.5	96642	123	96580	4167743	43.13
1970-1974	35	0.00122	0.00122	0.5	96519	118	96460	4071163	42.18
1970-1974	36	0.00131	0.00131	0.5	96401	126	96338	3974703	41.23
1970-1974	37	0.00168	0.00168	0.5	96275	162	96194	3878364	40.28
1970-1974	38	0.00180	0.00180	0.5	96113	173	96027	3782170	39.35
1970-1974	39	0.00195	0.00195	0.5	95940	187	95847	3686143	38.42
1970-1974	40	0.00245	0.00245	0.5	95753	235	95636	3590296	37.50
1970-1974	41	0.00250	0.00249	0.5	95519	238	95399	3494660	36.59
1970-1974	42	0.00262	0.00262	0.5	95280	249	95156	3399261	35.68
1970-1974	43	0.00295	0.00295	0.5	95031	280	94891	3304105	34.77
1970-1974	44	0.00355	0.00354	0.5	94751	335	94583	3209214	33.87
1970-1974	45	0.00362	0.00362	0.5	94415	341	94245	3114631	32.99
1970-1974	46	0.00403	0.00402	0.5	94074	378	93885	3020387	32.11
1970-1974	47	0.00444	0.00443	0.5	93696	415	93488	2926502	31.23
1970-1974	48	0.00473	0.00471	0.5	93281	440	93061	2833014	30.37
1970-1974	49	0.00469	0.00468	0.5	92841	434	92624	2739953	29.51
1970-1974	50	0.00548	0.00547	0.5	92407	505	92154	2647329	28.65
1970-1974	51	0.00547	0.00545	0.5	91901	501	91651	2555175	27.80
1970-1974	52	0.00678	0.00676	0.5	91400	618	91092	2463524	26.95
1970-1974	53	0.00680	0.00677	0.5	90783	615	90475	2372432	26.13
1970-1974	54	0.00718	0.00715	0.5	90168	645	89845	2281957	25.31
1970-1974	55	0.00795	0.00792	0.5	89523	709	89169	2192112	24.49
1970-1974	56	0.00872	0.00868	0.5	88814	771	88429	2102943	23.68
1970-1974	57	0.00937	0.00933	0.5	88043	821	87633	2014514	22.88
1970-1974	58	0.00999	0.00994	0.5	87222	867	86789	1926882	22.09
1970-1974	59	0.01124	0.01118	0.5	86355	965	85873	1840093	21.31
1970-1974	60	0.01111	0.01105	0.5	85390	944	84918	1754221	20.54
1970-1974	61	0.01246	0.01239	0.5	84446	1046	83923	1669303	19.77
1970-1974	62	0.01394	0.01384	0.5	83400	1154	82823	1585379	19.01
1970-1974	63	0.01439	0.01429	0.5	82246	1175	81658	1502556	18.27
1970-1974	64	0.01589	0.01576	0.5	81071	1278	80432	1420898	17.53
1970-1974	65	0.01934	0.01916	0.5	79793	1528	79028	1340466	16.80
1970-1974	66	0.01920	0.01901	0.5	78264	1488	77520	1261438	16.12
1970-1974	67	0.02121	0.02099	0.5	76776	1612	75970	1183918	15.42
1970-1974	68	0.02366	0.02339	0.5	75164	1758	74286	1107948	14.74
1970-1974	69	0.02662	0.02627	0.5	73407	1929	72442	1033662	14.08
1970-1974	70	0.02835	0.02795	0.5	71478	1998	70479	961220	13.45
1970-1974	71	0.03002	0.02957	0.5	69480	2055	68452	890741	12.82
1970-1974	72	0.03313	0.03259	0.5	67425	2198	66326	822289	12.20
1970-1974	73	0.03593	0.03530	0.5	65227	2303	64076	755962	11.59
1970-1974	74	0.04001	0.03923	0.5	62925	2469	61691	691886	11.00
1970-1974	75	0.04544	0.04443	0.5	60456	2686	59114	630195	10.42
1970-1974	76	0.04694	0.04586	0.5	57771	2649	56446	571082	9.89
1970-1974	77	0.05383	0.05242	0.5	55121	2889	53676	514636	9.34
1970-1974	78	0.06051	0.05873	0.5	52232	3068	50698	460960	8.83
1970-1974	79	0.06806	0.06582	0.5	49164	3236	47546	410261	8.34
1970-1974	80	0.07011	0.06773	0.5	45928	3111	44373	362715	7.90
1970-1974	81	0.07361	0.07100	0.5	42817	3040	41297	318343	7.43
1970-1974	82	0.08555	0.08204	0.5	39777	3263	38146	277045	6.96
1970-1974	83	0.09110	0.08713	0.5	36514	3181	34923	238900	6.54
1970-1974	84	0.10351	0.09842	0.5	33332	3281	31692	203977	6.12
1970-1974	85	0.11941	0.11268	0.5	30052	3386	28359	172285	5.73
1970-1974	86	0.12374	0.11653	0.5	26666	3107	25112	143926	5.40
1970-1974	87	0.14532	0.13548	0.5	23558	3192	21962	118814	5.04
1970-1974	88	0.15193	0.14121	0.5	20367	2876	18929	96851	4.76
1970-1974	89	0.16661	0.15380	0.5	17491	2690	16146	77923	4.46
1970-1974	90	0.18240	0.16715	0.5	14801	2474	13564	61777	4.17
1970-1974	91	0.19932	0.18126	0.5	12327	2234	11210	48213	3.91
1970-1974	92	0.21740	0.19609	0.5	10092	1979	9103	37004	3.67
1970-1974	93	0.23664	0.21160	0.5	8113	1717	7255	27901	3.44
1970-1974	94	0.25701	0.22775	0.5	6397	1457	5668	20646	3.23
1970-1974	95	0.27851	0.24446	0.5	4940	1208	4336	14977	3.03
1970-1974	96	0.30107	0.26168	0.5	3732	977	3244	10641	2.85
1970-1974	97	0.32463	0.27930	0.5	2756	770	2371	7397	2.68
1970-1974	98	0.34912	0.29724	0.5	1986	590	1691	5027	2.53
1970-1974	99	0.37444	0.31539	0.5	1396	440	1176	3336	2.39
1970-1974	100	0.40046	0.33365	0.5	955	319	796	2160	2.26
1970-1974	101	0.42705	0.35191	0.5	637	224	525	1364	2.14
1970-1974	102	0.45407	0.37005	0.5	413	153	336	840	2.03
1970-1974	103	0.48136	0.38798	0.5	260	101	210	503	1.94
1970-1974	104	0.50877	0.40559	0.5	159	65	127	294	1.85
1970-1974	105	0.53612	0.42279	0.5	95	40	75	167	1.77
1970-1974	106	0.56326	0.43949	0.5	55	24	43	92	1.69
1970-1974	107	0.59003	0.45561	0.5	31	14	24	50	1.63
1970-1974	108	0.61627	0.47110	0.5	17	8	13	26	1.57
1970-1974	109	0.64185	0.48591	0.5	9	4	7	13	1.53
1970-1974	110+	0.66665	1.00000	1.5	5	5	7	7	1.50
1975-1979	0	0.01445	0.01426	0.09	100000	1426	98707	7643864	76.44
1975-1979	1	0.00073	0.00073	0.5	98574	72	98538	7545156	76.54
1975-1979	2	0.00040	0.00040	0.5	98503	39	98483	7446618	75.60
1975-1979	3	0.00045	0.00045	0.5	98463	45	98441	7348135	74.63
1975-1979	4	0.00031	0.00031	0.5	98419	30	98403	7249694	73.66
1975-1979	5	0.00020	0.00020	0.5	98388	20	98378	7151291	72.68
1975-1979	6	0.00027	0.00027	0.5	98368	27	98355	7052913	71.70
1975-1979	7	0.00022	0.00022	0.5	98342	22	98331	6954557	70.72
1975-1979	8	0.00027	0.00027	0.5	98320	26	98307	6856226	69.73
1975-1979	9	0.00023	0.00023	0.5	98294	22	98283	6757920	68.75
1975-1979	10	0.00018	0.00018	0.5	98271	17	98263	6659637	67.77
1975-1979	11	0.00020	0.00020	0.5	98254	19	98244	6561374	66.78
1975-1979	12	0.00024	0.00024	0.5	98234	24	98223	6463130	65.79
1975-1979	13	0.00021	0.00021	0.5	98211	20	98200	6364908	64.81
1975-1979	14	0.00033	0.00033	0.5	98190	33	98174	6266707	63.82
1975-1979	15	0.00033	0.00033	0.5	98158	33	98141	6168533	62.84
1975-1979	16	0.00046	0.00046	0.5	98125	46	98102	6070392	61.86
1975-1979	17	0.00044	0.00044	0.5	98079	43	98058	5972290	60.89
1975-1979	18	0.00060	0.00060	0.5	98037	59	98007	5874232	59.92
1975-1979	19	0.00055	0.00055	0.5	97978	54	97951	5776225	58.95
1975-1979	20	0.00061	0.00061	0.5	97924	60	97894	5678274	57.99
1975-1979	21	0.00065	0.00065	0.5	97864	63	97832	5580380	57.02
1975-1979	22	0.00057	0.00057	0.5	97801	55	97773	5482547	56.06
1975-1979	23	0.00057	0.00057	0.5	97745	56	97717	5384774	55.09
1975-1979	24	0.00051	0.00051	0.5	97689	50	97664	5287057	54.12
1975-1979	25	0.00061	0.00061	0.5	97639	60	97610	5189393	53.15
1975-1979	26	0.00051	0.00051	0.5	97580	49	97555	5091783	52.18
1975-1979	27	0.00065	0.00065	0.5	97530	64	97499	4994228	51.21
1975-1979	28	0.00065	0.00065	0.5	97467	63	97435	4896730	50.24
1975-1979	29	0.00068	0.00068	0.5	97404	66	97370	4799294	49.27
1975-1979	30	0.00068	0.00068	0.5	97337	67	97304	4701924	48.31
1975-1979	31	0.00070	0.00070	0.5	97270	68	97236	4604620	47.34
1975-1979	32	0.00083	0.00083	0.5	97202	81	97162	4507384	46.37
1975-1979	33	0.00084	0.00084	0.5	97122	81	97081	4410222	45.41
1975-1979	34	0.00076	0.00076	0.5	97040	74	97003	4313141	44.45
1975-1979	35	0.00108	0.00108	0.5	96966	105	96914	4216138	43.48
1975-1979	36	0.00113	0.00112	0.5	96861	109	96807	4119224	42.53
1975-1979	37	0.00116	0.00116	0.5	96753	112	96697	4022417	41.57
1975-1979	38	0.00126	0.00126	0.5	96641	122	96580	3925720	40.62
1975-1979	39	0.00158	0.00157	0.5	96519	152	96443	3829140	39.67
1975-1979	40	0.00156	0.00156	0.5	96367	150	96292	3732697	38.73
1975-1979	41	0.00207	0.00207	0.5	96217	199	96117	3636405	37.79
1975-1979	42	0.00243	0.00243	0.5	96018	233	95901	3540287	36.87
1975-1979	43	0.00281	0.00280	0.5	95785	268	95651	3444386	35.96
1975-1979	44	0.00266	0.00265	0.5	95517	254	95390	3348735	35.06
1975-1979	45	0.00302	0.00301	0.5	95263	287	95119	3253345	34.15
1975-1979	46	0.00333	0.00333	0.5	94976	316	94818	3158226	33.25
1975-1979	47	0.00371	0.00371	0.5	94660	351	94484	3063408	32.36
1975-1979	48	0.00392	0.00391	0.5	94309	369	94125	2968924	31.48
1975-1979	49	0.00403	0.00402	0.5	93940	378	93751	2874799	30.60
1975-1979	50	0.00474	0.00473	0.5	93563	443	93341	2781048	29.72
1975-1979	51	0.00501	0.00500	0.5	93120	466	92887	2687706	28.86
1975-1979	52	0.00541	0.00539	0.5	92654	499	92405	2594819	28.01
1975-1979	53	0.00593	0.00591	0.5	92155	545	91883	2502415	27.15
1975-1979	54	0.00682	0.00679	0.5	91610	622	91299	2410532	26.31
1975-1979	55	0.00721	0.00718	0.5	90988	653	90661	2319233	25.49
1975-1979	56	0.00782	0.00779	0.5	90334	703	89983	2228572	24.67
1975-1979	57	0.00865	0.00861	0.5	89631	772	89245	2138589	23.86
1975-1979	58	0.00947	0.00943	0.5	88859	838	88440	2049344	23.06
1975-1979	59	0.01002	0.00997	0.5	88021	877	87582	1960904	22.28
1975-1979	60	0.01098	0.01092	0.5	87144	952	86668	1873322	21.50
1975-1979	61	0.01223	0.01216	0.5	86192	1048	85668	1786655	20.73
1975-1979	62	0.01332	0.01324	0.5	85144	1127	84580	1700987	19.98
1975-1979	63	0.01382	0.01373	0.5	84017	1153	83440	1616406	19.24
1975-1979	64	0.01521	0.01509	0.5	82864	1251	82238	1532966	18.50
1975-1979	65	0.01663	0.01649	0.5	81613	1346	80940	1450728	17.78
1975-1979	66	0.01787	0.01771	0.5	80267	1421	79557	1369788	17.07
1975-1979	67	0.01960	0.01941	0.5	78846	1531	78081	1290231	16.36
1975-1979	68	0.02098	0.02077	0.5	77315	1605	76513	1212150	15.68
1975-1979	69	0.02332	0.02305	0.5	75710	1745	74837	1135638	15.00
1975-1979	70	0.02458	0.02428	0.5	73965	1796	73067	1060801	14.34
1975-1979	71	0.02673	0.02638	0.5	72169	1904	71217	987734	13.69
1975-1979	72	0.02970	0.02927	0.5	70265	2056	69237	916517	13.04
1975-1979	73	0.03288	0.03235	0.5	68208	2207	67105	847281	12.42
1975-1979	74	0.03613	0.03549	0.5	66002	2342	64831	780176	11.82
1975-1979	75	0.03974	0.03896	0.5	63659	2480	62419	715345	11.24
1975-1979	76	0.04315	0.04224	0.5	61179	2584	59887	652926	10.67
1975-1979	77	0.04787	0.04675	0.5	58595	2739	57225	593039	10.12
1975-1979	78	0.05143	0.05014	0.5	55856	2801	54455	535813	9.59
1975-1979	79	0.05707	0.05548	0.5	53055	2944	51583	481358	9.07
1975-1979	80	0.06110	0.05929	0.5	50112	2971	48626	429775	8.58
1975-1979	81	0.06533	0.06327	0.5	47141	2982	45649	381149	8.09
1975-1979	82	0.07278	0.07023	0.5	44158	3101	42608	335499	7.60
1975-1979	83	0.08381	0.08044	0.5	41057	3303	39406	292892	7.13
1975-1979	84	0.09155	0.08755	0.5	37754	3305	36102	253486	6.71
1975-1979	85	0.09829	0.09368	0.5	34449	3227	32836	217384	6.31
1975-1979	86	0.11611	0.10974	0.5	31222	3426	29509	184548	5.91
1975-1979	87	0.12372	0.11651	0.5	27796	3239	26176	155040	5.58
1975-1979	88	0.13598	0.12733	0.5	24557	3127	22994	128863	5.25
1975-1979	89	0.14424	0.13453	0.5	21430	2883	19989	105870	4.94
1975-1979	90	0.15916	0.14743	0.5	18547	2734	17180	85881	4.63
1975-1979	91	0.17392	0.16001	0.5	15813	2530	14548	68701	4.34
1975-1979	92	0.18975	0.17331	0.5	13283	2302	12132	54153	4.08
1975-1979	93	0.20665	0.18730	0.5	10981	2057	9952	42021	3.83
1975-1979	94	0.22465	0.20196	0.5	8924	1802	8023	32069	3.59
1975-1979	95	0.24373	0.21725	0.5	7122	1547	6348	24046	3.38
1975-1979	96	0.26387	0.23312	0.5	5574	1300	4925	17698	3.17
1975-1979	97	0.28506	0.24950	0.5	4275	1067	3742	12773	2.99
1975-1979	98	0.30723	0.26632	0.5	3208	854	2781	9032	2.82
1975-1979	99	0.33034	0.28351	0.5	2354	667	2020	6251	2.66
1975-1979	100	0.35429	0.30098	0.5	1687	508	1433	4230	2.51
1975-1979	101	0.37900	0.31862	0.5	1179	376	991	2798	2.37
1975-1979	102	0.40435	0.33635	0.5	803	270	668	1806	2.25
1975-1979	103	0.43022	0.35406	0.5	533	189	439	1138	2.14
1975-1979	104	0.45648	0.37165	0.5	344	128	280	700	2.03
1975-1979	105	0.48298	0.38904	0.5	216	84	174	419	1.94
1975-1979	106	0.50958	0.40611	0.5	132	54	105	245	1.85
1975-1979	107	0.53613	0.42279	0.5	79	33	62	140	1.78
1975-1979	108	0.56247	0.43901	0.5	45	20	35	78	1.71
1975-1979	109	0.58846	0.45468	0.5	25	12	20	42	1.66
1975-1979	110+	0.61397	1.00000	1.63	14	14	23	23	1.63
1980-1984	0	0.01142	0.01130	0.08	100000	1130	98966	7723038	77.23
1980-1984	1	0.00056	0.00056	0.5	98870	56	98842	7624072	77.11
1980-1984	2	0.00053	0.00053	0.5	98815	52	98788	7525229	76.16
1980-1984	3	0.00040	0.00040	0.5	98762	40	98743	7426441	75.20
1980-1984	4	0.00027	0.00027	0.5	98723	27	98709	7327698	74.23
1980-1984	5	0.00025	0.00025	0.5	98696	25	98683	7228989	73.25
1980-1984	6	0.00027	0.00027	0.5	98671	26	98658	7130306	72.26
1980-1984	7	0.00017	0.00017	0.5	98645	17	98636	7031648	71.28
1980-1984	8	0.00017	0.00017	0.5	98628	17	98619	6933011	70.29
1980-1984	9	0.00017	0.00017	0.5	98611	17	98603	6834392	69.31
1980-1984	10	0.00013	0.00013	0.5	98594	13	98588	6735789	68.32
1980-1984	11	0.00020	0.00020	0.5	98581	19	98572	6637202	67.33
1980-1984	12	0.00020	0.00020	0.5	98562	20	98552	6538630	66.34
1980-1984	13	0.00024	0.00024	0.5	98542	23	98531	6440078	65.35
1980-1984	14	0.00029	0.00029	0.5	98519	28	98505	6341547	64.37
1980-1984	15	0.00022	0.00022	0.5	98491	21	98480	6243042	63.39
1980-1984	16	0.00046	0.00046	0.5	98470	45	98447	6144562	62.40
1980-1984	17	0.00047	0.00047	0.5	98425	46	98401	6046115	61.43
1980-1984	18	0.00055	0.00055	0.5	98378	54	98351	5947713	60.46
1980-1984	19	0.00053	0.00053	0.5	98324	52	98298	5849362	59.49
1980-1984	20	0.00057	0.00057	0.5	98273	56	98245	5751064	58.52
1980-1984	21	0.00064	0.00064	0.5	98217	63	98185	5652819	57.55
1980-1984	22	0.00065	0.00065	0.5	98154	63	98122	5554634	56.59
1980-1984	23	0.00068	0.00068	0.5	98090	66	98057	5456511	55.63
1980-1984	24	0.00058	0.00058	0.5	98024	57	97995	5358454	54.66
1980-1984	25	0.00058	0.00058	0.5	97967	57	97938	5260459	53.70
1980-1984	26	0.00069	0.00069	0.5	97910	68	97876	5162521	52.73
1980-1984	27	0.00065	0.00065	0.5	97842	63	97811	5064644	51.76
1980-1984	28	0.00066	0.00066	0.5	97779	65	97747	4966834	50.80
1980-1984	29	0.00063	0.00063	0.5	97715	61	97684	4869087	49.83
1980-1984	30	0.00062	0.00062	0.5	97653	60	97623	4771403	48.86
1980-1984	31	0.00070	0.00070	0.5	97593	68	97559	4673780	47.89
1980-1984	32	0.00072	0.00072	0.5	97525	71	97489	4576221	46.92
1980-1984	33	0.00102	0.00102	0.5	97454	99	97404	4478732	45.96
1980-1984	34	0.00080	0.00080	0.5	97355	78	97316	4381327	45.00
1980-1984	35	0.00089	0.00089	0.5	97277	87	97233	4284011	44.04
1980-1984	36	0.00109	0.00109	0.5	97190	106	97137	4186778	43.08
1980-1984	37	0.00104	0.00104	0.5	97084	101	97033	4089641	42.12
1980-1984	38	0.00119	0.00119	0.5	96982	115	96925	3992608	41.17
1980-1984	39	0.00142	0.00141	0.5	96867	137	96799	3895683	40.22
1980-1984	40	0.00160	0.00160	0.5	96730	155	96653	3798884	39.27
1980-1984	41	0.00170	0.00170	0.5	96575	164	96493	3702231	38.34
1980-1984	42	0.00193	0.00193	0.5	96411	186	96318	3605738	37.40
1980-1984	43	0.00192	0.00192	0.5	96225	185	96133	3509420	36.47
1980-1984	44	0.00217	0.00217	0.5	96041	208	95936	3413287	35.54
1980-1984	45	0.00243	0.00243	0.5	95832	233	95716	3317350	34.62
1980-1984	46	0.00303	0.00303	0.5	95600	290	95455	3221635	33.70
1980-1984	47	0.00293	0.00293	0.5	95310	279	95170	3126180	32.80
1980-1984	48	0.00373	0.00372	0.5	95031	354	94854	3031009	31.89
1980-1984	49	0.00396	0.00395	0.5	94677	374	94490	2936155	31.01
1980-1984	50	0.00414	0.00413	0.5	94303	389	94109	2841665	30.13
1980-1984	51	0.00474	0.00473	0.5	93914	444	93692	2747556	29.26
1980-1984	52	0.00495	0.00494	0.5	93470	462	93239	2653864	28.39
1980-1984	53	0.00544	0.00542	0.5	93008	505	92756	2560625	27.53
1980-1984	54	0.00640	0.00638	0.5	92504	590	92209	2467869	26.68
1980-1984	55	0.00649	0.00647	0.5	91914	595	91616	2375661	25.85
1980-1984	56	0.00773	0.00770	0.5	91319	703	90967	2284044	25.01
1980-1984	57	0.00832	0.00828	0.5	90616	751	90240	2193077	24.20
1980-1984	58	0.00927	0.00923	0.5	89865	830	89450	2102837	23.40
1980-1984	59	0.00877	0.00873	0.5	89035	778	88647	2013386	22.61
1980-1984	60	0.01044	0.01038	0.5	88258	916	87800	1924740	21.81
1980-1984	61	0.01154	0.01148	0.5	87341	1002	86840	1836940	21.03
1980-1984	62	0.01323	0.01314	0.5	86339	1135	85772	1750100	20.27
1980-1984	63	0.01394	0.01385	0.5	85204	1180	84614	1664329	19.53
1980-1984	64	0.01478	0.01467	0.5	84024	1233	83408	1579714	18.80
1980-1984	65	0.01594	0.01582	0.5	82791	1310	82137	1496307	18.07
1980-1984	66	0.01725	0.01710	0.5	81482	1394	80785	1414170	17.36
1980-1984	67	0.01909	0.01891	0.5	80088	1514	79331	1333385	16.65
1980-1984	68	0.02125	0.02103	0.5	78574	1652	77748	1254054	15.96
1980-1984	69	0.02165	0.02142	0.5	76922	1647	76098	1176306	15.29
1980-1984	70	0.02468	0.02438	0.5	75274	1835	74357	1100208	14.62
1980-1984	71	0.02489	0.02458	0.5	73439	1805	72536	1025851	13.97
1980-1984	72	0.02920	0.02878	0.5	71634	2062	70603	953315	13.31
1980-1984	73	0.03151	0.03102	0.5	69572	2158	68493	882712	12.69
1980-1984	74	0.03463	0.03404	0.5	67414	2295	66266	814219	12.08
1980-1984	75	0.03864	0.03790	0.5	65119	2468	63885	747953	11.49
1980-1984	76	0.04118	0.04035	0.5	62651	2528	61387	684068	10.92
1980-1984	77	0.04231	0.04143	0.5	60123	2491	58877	622681	10.36
1980-1984	78	0.04947	0.04828	0.5	57632	2782	56241	563804	9.78
1980-1984	79	0.05257	0.05122	0.5	54850	2809	53445	507563	9.25
1980-1984	80	0.05668	0.05512	0.5	52040	2868	50606	454118	8.73
1980-1984	81	0.06362	0.06166	0.5	49172	3032	47656	403512	8.21
1980-1984	82	0.07163	0.06916	0.5	46140	3191	44544	355856	7.71
1980-1984	83	0.07838	0.07543	0.5	42949	3240	41329	311312	7.25
1980-1984	84	0.08945	0.08562	0.5	39709	3400	38009	269983	6.80
1980-1984	85	0.09862	0.09399	0.5	36309	3413	34603	231973	6.39
1980-1984	86	0.10934	0.10367	0.5	32897	3411	31191	197370	6.00
1980-1984	87	0.12122	0.11430	0.5	29486	3370	27801	166179	5.64
1980-1984	88	0.12899	0.12117	0.5	26116	3165	24534	138378	5.30
1980-1984	89	0.14547	0.13561	0.5	22952	3112	21395	113844	4.96
1980-1984	90	0.15647	0.14512	0.5	19839	2879	18400	92449	4.66
1980-1984	91	0.17147	0.15793	0.5	16960	2678	15621	74049	4.37
1980-1984	92	0.18758	0.17149	0.5	14282	2449	13057	58428	4.09
1980-1984	93	0.20483	0.18580	0.5	11832	2198	10733	45371	3.83
1980-1984	94	0.22323	0.20082	0.5	9634	1935	8667	34638	3.60
1980-1984	95	0.24278	0.21650	0.5	7699	1667	6866	25971	3.37
1980-1984	96	0.26346	0.23280	0.5	6032	1404	5330	19105	3.17
1980-1984	97	0.28524	0.24964	0.5	4628	1155	4050	13775	2.98
1980-1984	98	0.30807	0.26695	0.5	3473	927	3009	9725	2.80
1980-1984	99	0.33188	0.28464	0.5	2546	725	2183	6715	2.64
1980-1984	100	0.35658	0.30262	0.5	1821	551	1546	4532	2.49
1980-1984	101	0.38206	0.32078	0.5	1270	407	1066	2987	2.35
1980-1984	102	0.40821	0.33902	0.5	863	292	716	1920	2.23
1980-1984	103	0.43489	0.35722	0.5	570	204	468	1204	2.11
1980-1984	104	0.46196	0.37528	0.5	366	138	298	736	2.01
1980-1984	105	0.48925	0.39309	0.5	229	90	184	438	1.91
1980-1984	106	0.51660	0.41055	0.5	139	57	110	254	1.83
1980-1984	107	0.54385	0.42758	0.5	82	35	64	144	1.75
1980-1984	108	0.57085	0.44409	0.5	47	21	36	79	1.69
1980-1984	109	0.59743	0.46002	0.5	26	12	20	43	1.64
1980-1984	110+	0.62345	1.00000	1.6	14	14	23	23	1.60
1985-1989	0	0.01060	0.01050	0.08	100000	1050	99037	7751800	77.52
1985-1989	1	0.00075	0.00075	0.5	98950	74	98913	7652764	77.34
1985-1989	2	0.00036	0.00036	0.5	98875	36	98858	7553851	76.40
1985-1989	3	0.00039	0.00039	0.5	98840	38	98821	7454994	75.43
1985-1989	4	0.00027	0.00027	0.5	98801	27	98788	7356173	74.45
1985-1989	5	0.00021	0.00021	0.5	98775	20	98764	7257385	73.47
1985-1989	6	0.00024	0.00024	0.5	98754	24	98742	7158621	72.49
1985-1989	7	0.00019	0.00019	0.5	98730	19	98720	7059879	71.51
1985-1989	8	0.00021	0.00021	0.5	98711	21	98700	6961158	70.52
1985-1989	9	0.00016	0.00016	0.5	98690	16	98682	6862458	69.54
1985-1989	10	0.00025	0.00025	0.5	98674	24	98662	6763776	68.55
1985-1989	11	0.00020	0.00020	0.5	98649	19	98640	6665115	67.56
1985-1989	12	0.00012	0.00012	0.5	98630	12	98624	6566475	66.58
1985-1989	13	0.00026	0.00026	0.5	98618	25	98605	6467851	65.59
1985-1989	14	0.00021	0.00021	0.5	98593	21	98582	6369246	64.60
1985-1989	15	0.00026	0.00026	0.5	98572	25	98559	6270664	63.62
1985-1989	16	0.00046	0.00046	0.5	98546	45	98524	6172104	62.63
1985-1989	17	0.00048	0.00048	0.5	98501	47	98477	6073581	61.66
1985-1989	18	0.00052	0.00052	0.5	98454	51	98428	5975103	60.69
1985-1989	19	0.00056	0.00056	0.5	98403	55	98375	5876675	59.72
1985-1989	20	0.00052	0.00052	0.5	98348	51	98322	5778300	58.75
1985-1989	21	0.00049	0.00049	0.5	98297	48	98273	5679978	57.78
1985-1989	22	0.00054	0.00054	0.5	98248	53	98222	5581705	56.81
1985-1989	23	0.00052	0.00052	0.5	98196	51	98170	5483483	55.84
1985-1989	24	0.00057	0.00056	0.5	98145	55	98117	5385313	54.87
1985-1989	25	0.00060	0.00060	0.5	98089	59	98059	5287196	53.90
1985-1989	26	0.00061	0.00061	0.5	98030	60	98000	5189137	52.93
1985-1989	27	0.00076	0.00076	0.5	97970	74	97933	5091137	51.97
1985-1989	28	0.00086	0.00086	0.5	97895	85	97853	4993204	51.01
1985-1989	29	0.00076	0.00076	0.5	97811	75	97773	4895351	50.05
1985-1989	30	0.00073	0.00073	0.5	97736	71	97700	4797578	49.09
1985-1989	31	0.00087	0.00087	0.5	97665	85	97622	4699877	48.12
1985-1989	32	0.00086	0.00086	0.5	97580	84	97538	4602255	47.16
1985-1989	33	0.00084	0.00084	0.5	97496	82	97455	4504717	46.20
1985-1989	34	0.00091	0.00091	0.5	97414	89	97370	4407262	45.24
1985-1989	35	0.00110	0.00110	0.5	97325	107	97272	4309893	44.28
1985-1989	36	0.00102	0.00102	0.5	97218	99	97169	4212621	43.33
1985-1989	37	0.00111	0.00111	0.5	97119	108	97065	4115452	42.38
1985-1989	38	0.00131	0.00131	0.5	97011	127	96948	4018387	41.42
1985-1989	39	0.00124	0.00124	0.5	96884	120	96824	3921439	40.48
1985-1989	40	0.00140	0.00140	0.5	96763	135	96696	3824615	39.53
1985-1989	41	0.00146	0.00145	0.5	96628	141	96558	3727920	38.58
1985-1989	42	0.00172	0.00172	0.5	96487	166	96405	3631362	37.64
1985-1989	43	0.00188	0.00187	0.5	96322	181	96231	3534957	36.70
1985-1989	44	0.00202	0.00202	0.5	96141	194	96044	3438726	35.77
1985-1989	45	0.00215	0.00215	0.5	95947	206	95844	3342682	34.84
1985-1989	46	0.00266	0.00266	0.5	95741	255	95614	3246837	33.91
1985-1989	47	0.00271	0.00271	0.5	95486	258	95357	3151224	33.00
1985-1989	48	0.00299	0.00298	0.5	95228	284	95086	3055867	32.09
1985-1989	49	0.00346	0.00345	0.5	94944	328	94780	2960781	31.18
1985-1989	50	0.00361	0.00361	0.5	94616	341	94445	2866001	30.29
1985-1989	51	0.00396	0.00395	0.5	94275	373	94088	2771555	29.40
1985-1989	52	0.00465	0.00464	0.5	93902	436	93684	2677467	28.51
1985-1989	53	0.00531	0.00530	0.5	93466	495	93219	2583783	27.64
1985-1989	54	0.00610	0.00608	0.5	92971	566	92688	2490564	26.79
1985-1989	55	0.00662	0.00659	0.5	92406	609	92101	2397876	25.95
1985-1989	56	0.00675	0.00673	0.5	91796	618	91488	2305775	25.12
1985-1989	57	0.00720	0.00718	0.5	91179	655	90851	2214287	24.29
1985-1989	58	0.00912	0.00907	0.5	90524	821	90113	2123436	23.46
1985-1989	59	0.00950	0.00945	0.5	89703	848	89279	2033322	22.67
1985-1989	60	0.01040	0.01035	0.5	88855	919	88395	1944044	21.88
1985-1989	61	0.01114	0.01108	0.5	87936	974	87448	1855648	21.10
1985-1989	62	0.01302	0.01294	0.5	86961	1125	86399	1768200	20.33
1985-1989	63	0.01326	0.01317	0.5	85836	1131	85271	1681801	19.59
1985-1989	64	0.01396	0.01386	0.5	84706	1174	84119	1596530	18.85
1985-1989	65	0.01686	0.01672	0.5	83531	1396	82833	1512411	18.11
1985-1989	66	0.01760	0.01745	0.5	82135	1433	81419	1429578	17.41
1985-1989	67	0.01827	0.01811	0.5	80702	1461	79971	1348160	16.71
1985-1989	68	0.02006	0.01987	0.5	79241	1574	78454	1268188	16.00
1985-1989	69	0.02141	0.02118	0.5	77667	1645	76844	1189735	15.32
1985-1989	70	0.02352	0.02325	0.5	76022	1767	75138	1112890	14.64
1985-1989	71	0.02548	0.02516	0.5	74254	1868	73320	1037753	13.98
1985-1989	72	0.02917	0.02875	0.5	72386	2081	71345	964432	13.32
1985-1989	73	0.03252	0.03200	0.5	70305	2250	69180	893087	12.70
1985-1989	74	0.03435	0.03377	0.5	68055	2298	66906	823907	12.11
1985-1989	75	0.03779	0.03708	0.5	65757	2439	64538	757001	11.51
1985-1989	76	0.04186	0.04100	0.5	63318	2596	62020	692464	10.94
1985-1989	77	0.04441	0.04344	0.5	60722	2638	59403	630443	10.38
1985-1989	78	0.04914	0.04797	0.5	58084	2786	56691	571040	9.83
1985-1989	79	0.05135	0.05007	0.5	55298	2768	53914	514349	9.30
1985-1989	80	0.05664	0.05508	0.5	52530	2893	51083	460435	8.77
1985-1989	81	0.06191	0.06005	0.5	49636	2981	48146	409352	8.25
1985-1989	82	0.06732	0.06513	0.5	46656	3039	45136	361207	7.74
1985-1989	83	0.07969	0.07664	0.5	43617	3343	41946	316070	7.25
1985-1989	84	0.08740	0.08374	0.5	40274	3373	38588	274125	6.81
1985-1989	85	0.09563	0.09126	0.5	36901	3368	35218	235537	6.38
1985-1989	86	0.10579	0.10048	0.5	33534	3369	31849	200319	5.97
1985-1989	87	0.12029	0.11347	0.5	30164	3423	28453	168470	5.59
1985-1989	88	0.13274	0.12448	0.5	26742	3329	25077	140017	5.24
1985-1989	89	0.14334	0.13376	0.5	23413	3132	21847	114940	4.91
1985-1989	90	0.15793	0.14637	0.5	20281	2969	18797	93093	4.59
1985-1989	91	0.17369	0.15981	0.5	17313	2767	15929	74296	4.29
1985-1989	92	0.19068	0.17408	0.5	14546	2532	13280	58367	4.01
1985-1989	93	0.20890	0.18914	0.5	12014	2272	10878	45087	3.75
1985-1989	94	0.22837	0.20497	0.5	9741	1997	8743	34210	3.51
1985-1989	95	0.24909	0.22151	0.5	7745	1715	6887	25467	3.29
1985-1989	96	0.27103	0.23868	0.5	6029	1439	5310	18580	3.08
1985-1989	97	0.29414	0.25643	0.5	4590	1177	4002	13270	2.89
1985-1989	98	0.31837	0.27465	0.5	3413	937	2944	9268	2.72
1985-1989	99	0.34361	0.29323	0.5	2476	726	2113	6324	2.55
1985-1989	100	0.36977	0.31208	0.5	1750	546	1477	4211	2.41
1985-1989	101	0.39672	0.33106	0.5	1204	398	1004	2735	2.27
1985-1989	102	0.42432	0.35005	0.5	805	282	664	1730	2.15
1985-1989	103	0.45239	0.36894	0.5	523	193	427	1066	2.04
1985-1989	104	0.48077	0.38760	0.5	330	128	266	639	1.93
1985-1989	105	0.50927	0.40591	0.5	202	82	161	373	1.84
1985-1989	106	0.53771	0.42378	0.5	120	51	95	212	1.76
1985-1989	107	0.56591	0.44110	0.5	69	31	54	117	1.69
1985-1989	108	0.59369	0.45780	0.5	39	18	30	63	1.63
1985-1989	109	0.62088	0.47380	0.5	21	10	16	33	1.58
1985-1989	110+	0.64734	1.00000	1.54	11	11	17	17	1.54
1990-1994	0	0.00915	0.00907	0.08	100000	907	99164	7840390	78.40
1990-1994	1	0.00066	0.00066	0.5	99093	65	99060	7741226	78.12
1990-1994	2	0.00042	0.00042	0.5	99027	42	99007	7642166	77.17
1990-1994	3	0.00031	0.00031	0.5	98986	31	98970	7543159	76.20
1990-1994	4	0.00021	0.00021	0.5	98955	21	98944	7444189	75.23
1990-1994	5	0.00016	0.00016	0.5	98934	16	98926	7345245	74.24
1990-1994	6	0.00021	0.00021	0.5	98918	20	98907	7246320	73.26
1990-1994	7	0.00018	0.00018	0.5	98897	18	98888	7147413	72.27
1990-1994	8	0.00013	0.00013	0.5	98879	13	98873	7048524	71.28
1990-1994	9	0.00012	0.00012	0.5	98866	12	98861	6949652	70.29
1990-1994	10	0.00013	0.00013	0.5	98855	12	98849	6850791	69.30
1990-1994	11	0.00017	0.00017	0.5	98842	16	98834	6751943	68.31
1990-1994	12	0.00019	0.00019	0.5	98826	19	98816	6653109	67.32
1990-1994	13	0.00015	0.00015	0.5	98807	15	98800	6554292	66.33
1990-1994	14	0.00026	0.00026	0.5	98792	26	98779	6455493	65.34
1990-1994	15	0.00031	0.00031	0.5	98766	30	98751	6356713	64.36
1990-1994	16	0.00047	0.00047	0.5	98736	46	98713	6257962	63.38
1990-1994	17	0.00040	0.00040	0.5	98690	39	98670	6159249	62.41
1990-1994	18	0.00053	0.00053	0.5	98650	52	98624	6060578	61.43
1990-1994	19	0.00040	0.00040	0.5	98598	39	98579	5961954	60.47
1990-1994	20	0.00048	0.00048	0.5	98559	47	98536	5863375	59.49
1990-1994	21	0.00045	0.00045	0.5	98512	45	98490	5764840	58.52
1990-1994	22	0.00048	0.00047	0.5	98467	47	98444	5666350	57.55
1990-1994	23	0.00057	0.00057	0.5	98421	56	98393	5567906	56.57
1990-1994	24	0.00061	0.00061	0.5	98364	60	98334	5469513	55.60
1990-1994	25	0.00058	0.00058	0.5	98304	57	98276	5371179	54.64
1990-1994	26	0.00066	0.00066	0.5	98247	65	98215	5272904	53.67
1990-1994	27	0.00073	0.00073	0.5	98183	72	98147	5174689	52.70
1990-1994	28	0.00079	0.00079	0.5	98111	78	98072	5076542	51.74
1990-1994	29	0.00070	0.00070	0.5	98033	68	97999	4978470	50.78
1990-1994	30	0.00083	0.00083	0.5	97965	81	97924	4880471	49.82
1990-1994	31	0.00093	0.00092	0.5	97883	91	97838	4782547	48.86
1990-1994	32	0.00098	0.00097	0.5	97793	95	97745	4684709	47.90
1990-1994	33	0.00089	0.00089	0.5	97697	87	97654	4586964	46.95
1990-1994	34	0.00108	0.00108	0.5	97610	106	97558	4489310	45.99
1990-1994	35	0.00118	0.00118	0.5	97505	115	97447	4391753	45.04
1990-1994	36	0.00127	0.00127	0.5	97390	124	97328	4294305	44.09
1990-1994	37	0.00126	0.00126	0.5	97266	123	97205	4196978	43.15
1990-1994	38	0.00155	0.00155	0.5	97143	151	97068	4099773	42.20
1990-1994	39	0.00142	0.00142	0.5	96993	138	96924	4002705	41.27
1990-1994	40	0.00152	0.00152	0.5	96855	147	96781	3905781	40.33
1990-1994	41	0.00170	0.00170	0.5	96708	164	96625	3809000	39.39
1990-1994	42	0.00179	0.00179	0.5	96543	173	96457	3712375	38.45
1990-1994	43	0.00177	0.00177	0.5	96370	170	96285	3615918	37.52
1990-1994	44	0.00191	0.00190	0.5	96200	183	96109	3519632	36.59
1990-1994	45	0.00225	0.00225	0.5	96017	216	95909	3423524	35.66
1990-1994	46	0.00239	0.00239	0.5	95801	229	95687	3327615	34.73
1990-1994	47	0.00235	0.00235	0.5	95572	224	95460	3231928	33.82
1990-1994	48	0.00302	0.00302	0.5	95348	288	95204	3136468	32.90
1990-1994	49	0.00330	0.00329	0.5	95060	313	94904	3041264	31.99
1990-1994	50	0.00323	0.00322	0.5	94747	305	94594	2946360	31.10
1990-1994	51	0.00353	0.00353	0.5	94442	333	94275	2851766	30.20
1990-1994	52	0.00408	0.00407	0.5	94108	383	93917	2757491	29.30
1990-1994	53	0.00461	0.00460	0.5	93726	431	93510	2663574	28.42
1990-1994	54	0.00500	0.00499	0.5	93295	465	93062	2570064	27.55
1990-1994	55	0.00562	0.00560	0.5	92829	520	92569	2477002	26.68
1990-1994	56	0.00631	0.00629	0.5	92310	581	92019	2384432	25.83
1990-1994	57	0.00702	0.00699	0.5	91729	642	91408	2292413	24.99
1990-1994	58	0.00779	0.00776	0.5	91087	707	90734	2201005	24.16
1990-1994	59	0.00917	0.00913	0.5	90380	825	89968	2110272	23.35
1990-1994	60	0.00924	0.00920	0.5	89555	824	89143	2020304	22.56
1990-1994	61	0.01000	0.00995	0.5	88731	883	88290	1931161	21.76
1990-1994	62	0.01124	0.01118	0.5	87848	982	87358	1842871	20.98
1990-1994	63	0.01193	0.01185	0.5	86867	1030	86352	1755513	20.21
1990-1994	64	0.01321	0.01313	0.5	85837	1127	85274	1669161	19.45
1990-1994	65	0.01405	0.01395	0.5	84710	1182	84119	1583888	18.70
1990-1994	66	0.01518	0.01507	0.5	83529	1259	82899	1499768	17.96
1990-1994	67	0.01610	0.01597	0.5	82270	1314	81613	1416869	17.22
1990-1994	68	0.02023	0.02003	0.5	80956	1622	80145	1335256	16.49
1990-1994	69	0.02111	0.02089	0.5	79334	1657	78506	1255111	15.82
1990-1994	70	0.02207	0.02183	0.5	77677	1696	76829	1176606	15.15
1990-1994	71	0.02387	0.02359	0.5	75981	1792	75085	1099777	14.47
1990-1994	72	0.02630	0.02596	0.5	74189	1926	73226	1024692	13.81
1990-1994	73	0.03028	0.02982	0.5	72263	2155	71186	951466	13.17
1990-1994	74	0.03056	0.03010	0.5	70108	2110	69053	880280	12.56
1990-1994	75	0.03531	0.03470	0.5	67998	2360	66818	811227	11.93
1990-1994	76	0.03663	0.03597	0.5	65638	2361	64458	744409	11.34
1990-1994	77	0.03996	0.03917	0.5	63277	2479	62038	679951	10.75
1990-1994	78	0.04582	0.04479	0.5	60798	2723	59437	617913	10.16
1990-1994	79	0.04788	0.04676	0.5	58075	2716	56717	558477	9.62
1990-1994	80	0.05406	0.05264	0.5	55359	2914	53902	501759	9.06
1990-1994	81	0.05959	0.05786	0.5	52446	3035	50928	447857	8.54
1990-1994	82	0.06589	0.06379	0.5	49411	3152	47835	396929	8.03
1990-1994	83	0.07310	0.07052	0.5	46259	3262	44628	349094	7.55
1990-1994	84	0.07819	0.07525	0.5	42997	3235	41379	304465	7.08
1990-1994	85	0.08915	0.08534	0.5	39762	3393	38065	263086	6.62
1990-1994	86	0.09836	0.09375	0.5	36368	3410	34664	225021	6.19
1990-1994	87	0.11245	0.10646	0.5	32959	3509	31204	190358	5.78
1990-1994	88	0.12577	0.11832	0.5	29450	3485	27708	159153	5.40
1990-1994	89	0.13644	0.12773	0.5	25965	3317	24307	131445	5.06
1990-1994	90	0.15054	0.14001	0.5	22649	3171	21063	107138	4.73
1990-1994	91	0.16596	0.15324	0.5	19478	2985	17985	86075	4.42
1990-1994	92	0.18261	0.16733	0.5	16493	2760	15113	68090	4.13
1990-1994	93	0.20053	0.18226	0.5	13733	2503	12482	52977	3.86
1990-1994	94	0.21974	0.19799	0.5	11230	2223	10118	40495	3.61
1990-1994	95	0.24023	0.21447	0.5	9007	1932	8041	30376	3.37
1990-1994	96	0.26200	0.23165	0.5	7075	1639	6256	22336	3.16
1990-1994	97	0.28499	0.24945	0.5	5436	1356	4758	16080	2.96
1990-1994	98	0.30916	0.26777	0.5	4080	1093	3534	11322	2.77
1990-1994	99	0.33442	0.28651	0.5	2988	856	2560	7788	2.61
1990-1994	100	0.36067	0.30556	0.5	2132	651	1806	5228	2.45
1990-1994	101	0.38777	0.32480	0.5	1480	481	1240	3422	2.31
1990-1994	102	0.41559	0.34409	0.5	999	344	828	2183	2.18
1990-1994	103	0.44396	0.36331	0.5	656	238	536	1355	2.07
1990-1994	104	0.47270	0.38233	0.5	417	160	338	819	1.96
1990-1994	105	0.50162	0.40103	0.5	258	103	206	481	1.87
1990-1994	106	0.53053	0.41930	0.5	154	65	122	275	1.78
1990-1994	107	0.55923	0.43703	0.5	90	39	70	153	1.70
1990-1994	108	0.58755	0.45413	0.5	50	23	39	83	1.64
1990-1994	109	0.61529	0.47053	0.5	28	13	21	44	1.59
1990-1994	110+	0.64231	1.00000	1.56	15	15	23	23	1.56
1995-1999	0	0.00781	0.00776	0.07	100000	776	99282	7876157	78.76
1995-1999	1	0.00054	0.00054	0.5	99224	53	99197	7776874	78.38
1995-1999	2	0.00031	0.00031	0.5	99171	30	99156	7677677	77.42
1995-1999	3	0.00027	0.00027	0.5	99140	27	99127	7578521	76.44
1995-1999	4	0.00024	0.00024	0.5	99114	23	99102	7479394	75.46
1995-1999	5	0.00014	0.00014	0.5	99090	14	99083	7380292	74.48
1995-1999	6	0.00013	0.00013	0.5	99076	12	99070	7281209	73.49
1995-1999	7	0.00015	0.00015	0.5	99064	15	99056	7182139	72.50
1995-1999	8	0.00011	0.00011	0.5	99049	11	99044	7083082	71.51
1995-1999	9	0.00014	0.00014	0.5	99038	14	99032	6984038	70.52
1995-1999	10	0.00012	0.00012	0.5	99025	12	99019	6885007	69.53
1995-1999	11	0.00016	0.00016	0.5	99013	15	99005	6785988	68.54
1995-1999	12	0.00013	0.00013	0.5	98998	13	98991	6686982	67.55
1995-1999	13	0.00017	0.00017	0.5	98984	16	98976	6587991	66.56
1995-1999	14	0.00020	0.00020	0.5	98968	20	98958	6489015	65.57
1995-1999	15	0.00027	0.00027	0.5	98948	27	98935	6390057	64.58
1995-1999	16	0.00045	0.00044	0.5	98921	44	98899	6291122	63.60
1995-1999	17	0.00039	0.00039	0.5	98877	39	98858	6192223	62.63
1995-1999	18	0.00048	0.00048	0.5	98839	47	98815	6093365	61.65
1995-1999	19	0.00046	0.00046	0.5	98791	45	98769	5994550	60.68
1995-1999	20	0.00058	0.00058	0.5	98746	58	98718	5895781	59.71
1995-1999	21	0.00042	0.00042	0.5	98689	41	98668	5797064	58.74
1995-1999	22	0.00049	0.00049	0.5	98648	48	98623	5698395	57.77
1995-1999	23	0.00062	0.00062	0.5	98599	61	98569	5599772	56.79
1995-1999	24	0.00048	0.00048	0.5	98538	47	98515	5501203	55.83
1995-1999	25	0.00061	0.00061	0.5	98491	60	98461	5402688	54.85
1995-1999	26	0.00064	0.00064	0.5	98431	63	98400	5304227	53.89
1995-1999	27	0.00076	0.00076	0.5	98368	75	98331	5205827	52.92
1995-1999	28	0.00071	0.00071	0.5	98294	70	98258	5107496	51.96
1995-1999	29	0.00077	0.00077	0.5	98223	75	98186	5009238	51.00
1995-1999	30	0.00077	0.00077	0.5	98148	75	98110	4911052	50.04
1995-1999	31	0.00088	0.00088	0.5	98073	86	98030	4812942	49.08
1995-1999	32	0.00099	0.00099	0.5	97986	97	97938	4714913	48.12
1995-1999	33	0.00100	0.00100	0.5	97889	97	97840	4616975	47.17
1995-1999	34	0.00109	0.00109	0.5	97792	106	97739	4519134	46.21
1995-1999	35	0.00118	0.00118	0.5	97685	115	97628	4421396	45.26
1995-1999	36	0.00117	0.00117	0.5	97570	114	97513	4323768	44.31
1995-1999	37	0.00139	0.00139	0.5	97456	135	97389	4226255	43.37
1995-1999	38	0.00149	0.00149	0.5	97321	145	97249	4128866	42.43
1995-1999	39	0.00166	0.00166	0.5	97176	162	97095	4031618	41.49
1995-1999	40	0.00149	0.00149	0.5	97015	145	96942	3934522	40.56
1995-1999	41	0.00172	0.00171	0.5	96870	166	96787	3837580	39.62
1995-1999	42	0.00176	0.00176	0.5	96704	170	96619	3740793	38.68
1995-1999	43	0.00208	0.00208	0.5	96533	200	96433	3644174	37.75
1995-1999	44	0.00218	0.00218	0.5	96333	210	96228	3547741	36.83
1995-1999	45	0.00218	0.00218	0.5	96123	209	96018	3451513	35.91
1995-1999	46	0.00244	0.00244	0.5	95913	234	95797	3355495	34.98
1995-1999	47	0.00254	0.00254	0.5	95680	243	95558	3259698	34.07
1995-1999	48	0.00289	0.00288	0.5	95437	275	95299	3164140	33.15
1995-1999	49	0.00293	0.00293	0.5	95162	279	95023	3068840	32.25
1995-1999	50	0.00312	0.00311	0.5	94883	296	94735	2973818	31.34
1995-1999	51	0.00318	0.00317	0.5	94588	300	94438	2879082	30.44
1995-1999	52	0.00365	0.00364	0.5	94287	343	94116	2784645	29.53
1995-1999	53	0.00425	0.00424	0.5	93944	398	93745	2690529	28.64
1995-1999	54	0.00496	0.00495	0.5	93546	463	93315	2596784	27.76
1995-1999	55	0.00481	0.00480	0.5	93083	446	92860	2503469	26.89
1995-1999	56	0.00603	0.00601	0.5	92637	557	92359	2410609	26.02
1995-1999	57	0.00651	0.00649	0.5	92080	597	91782	2318250	25.18
1995-1999	58	0.00727	0.00724	0.5	91483	663	91152	2226469	24.34
1995-1999	59	0.00820	0.00817	0.5	90820	742	90449	2135317	23.51
1995-1999	60	0.00783	0.00780	0.5	90078	703	89727	2044868	22.70
1995-1999	61	0.00966	0.00961	0.5	89375	859	88946	1955141	21.88
1995-1999	62	0.01080	0.01074	0.5	88516	951	88041	1866196	21.08
1995-1999	63	0.01211	0.01204	0.5	87565	1054	87038	1778155	20.31
1995-1999	64	0.01221	0.01213	0.5	86511	1050	85986	1691117	19.55
1995-1999	65	0.01342	0.01333	0.5	85462	1139	84892	1605130	18.78
1995-1999	66	0.01519	0.01508	0.5	84323	1271	83687	1520238	18.03
1995-1999	67	0.01529	0.01517	0.5	83051	1260	82421	1436551	17.30
1995-1999	68	0.01768	0.01753	0.5	81791	1434	81074	1354130	16.56
1995-1999	69	0.01943	0.01924	0.5	80357	1546	79584	1273056	15.84
1995-1999	70	0.02083	0.02061	0.5	78811	1625	77999	1193471	15.14
1995-1999	71	0.02353	0.02326	0.5	77187	1795	76289	1115472	14.45
1995-1999	72	0.02589	0.02556	0.5	75391	1927	74428	1039183	13.78
1995-1999	73	0.02867	0.02827	0.5	73465	2076	72426	964755	13.13
1995-1999	74	0.02973	0.02930	0.5	71388	2092	70342	892329	12.50
1995-1999	75	0.03368	0.03312	0.5	69297	2295	68149	821986	11.86
1995-1999	76	0.03649	0.03584	0.5	67001	2401	65801	753837	11.25
1995-1999	77	0.04034	0.03955	0.5	64600	2555	63323	688036	10.65
1995-1999	78	0.04444	0.04347	0.5	62046	2697	60697	624713	10.07
1995-1999	79	0.04856	0.04741	0.5	59348	2814	57942	564016	9.50
1995-1999	80	0.05340	0.05201	0.5	56535	2940	55064	506075	8.95
1995-1999	81	0.05997	0.05822	0.5	53594	3120	52034	451010	8.42
1995-1999	82	0.06589	0.06378	0.5	50474	3219	48864	398976	7.90
1995-1999	83	0.07380	0.07118	0.5	47254	3363	45573	350112	7.41
1995-1999	84	0.08421	0.08081	0.5	43891	3547	42118	304540	6.94
1995-1999	85	0.09264	0.08854	0.5	40344	3572	38558	262422	6.50
1995-1999	86	0.09821	0.09362	0.5	36772	3442	35051	223864	6.09
1995-1999	87	0.11170	0.10579	0.5	33330	3526	31567	188813	5.67
1995-1999	88	0.12676	0.11920	0.5	29804	3553	28027	157246	5.28
1995-1999	89	0.13806	0.12914	0.5	26251	3390	24556	129219	4.92
1995-1999	90	0.15709	0.14565	0.5	22861	3330	21196	104663	4.58
1995-1999	91	0.17231	0.15864	0.5	19531	3098	17982	83467	4.27
1995-1999	92	0.19009	0.17359	0.5	16433	2853	15006	65485	3.99
1995-1999	93	0.20923	0.18942	0.5	13580	2572	12294	50478	3.72
1995-1999	94	0.22976	0.20609	0.5	11008	2269	9874	38184	3.47
1995-1999	95	0.25166	0.22353	0.5	8739	1954	7763	28311	3.24
1995-1999	96	0.27491	0.24169	0.5	6786	1640	5966	20548	3.03
1995-1999	97	0.29944	0.26044	0.5	5146	1340	4476	14582	2.83
1995-1999	98	0.32518	0.27970	0.5	3806	1064	3273	10107	2.66
1995-1999	99	0.35202	0.29933	0.5	2741	821	2331	6833	2.49
1995-1999	100	0.37982	0.31920	0.5	1921	613	1614	4502	2.34
1995-1999	101	0.40844	0.33918	0.5	1308	443	1086	2888	2.21
1995-1999	102	0.43770	0.35911	0.5	864	310	709	1803	2.09
1995-1999	103	0.46739	0.37885	0.5	554	210	449	1094	1.97
1995-1999	104	0.49732	0.39828	0.5	344	137	275	645	1.87
1995-1999	105	0.52726	0.41726	0.5	207	86	164	369	1.78
1995-1999	106	0.55702	0.43568	0.5	121	53	94	205	1.70
1995-1999	107	0.58636	0.45343	0.5	68	31	53	111	1.63
1995-1999	108	0.61511	0.47043	0.5	37	18	28	58	1.57
1995-1999	109	0.64308	0.48661	0.5	20	10	15	30	1.52
1995-1999	110+	0.67010	1.00000	1.49	10	10	15	15	1.49
2000-2004	0	0.00748	0.00743	0.07	100000	743	99312	7922717	79.23
2000-2004	1	0.00046	0.00046	0.5	99257	45	99234	7823405	78.82
2000-2004	2	0.00023	0.00023	0.5	99211	23	99200	7724171	77.86
2000-2004	3	0.00026	0.00026	0.5	99189	26	99175	7624971	76.87
2000-2004	4	0.00023	0.00023	0.5	99162	23	99151	7525796	75.89
2000-2004	5	0.00012	0.00012	0.5	99139	12	99133	7426645	74.91
2000-2004	6	0.00016	0.00016	0.5	99127	15	99119	7327512	73.92
2000-2004	7	0.00013	0.00013	0.5	99112	12	99105	7228392	72.93
2000-2004	8	0.00013	0.00013	0.5	99099	13	99093	7129287	71.94
2000-2004	9	0.00016	0.00016	0.5	99086	16	99078	7030194	70.95
2000-2004	10	0.00010	0.00010	0.5	99070	9	99066	6931116	69.96
2000-2004	11	0.00007	0.00007	0.5	99061	6	99058	6832050	68.97
2000-2004	12	0.00016	0.00016	0.5	99055	16	99047	6732992	67.97
2000-2004	13	0.00013	0.00013	0.5	99039	13	99032	6633946	66.98
2000-2004	14	0.00021	0.00021	0.5	99026	21	99015	6534913	65.99
2000-2004	15	0.00027	0.00027	0.5	99005	27	98991	6435898	65.01
2000-2004	16	0.00041	0.00041	0.5	98978	40	98958	6336907	64.02
2000-2004	17	0.00043	0.00043	0.5	98938	43	98916	6237949	63.05
2000-2004	18	0.00044	0.00044	0.5	98895	43	98873	6139032	62.08
2000-2004	19	0.00047	0.00047	0.5	98852	47	98829	6040159	61.10
2000-2004	20	0.00047	0.00047	0.5	98805	46	98782	5941330	60.13
2000-2004	21	0.00056	0.00056	0.5	98759	55	98731	5842548	59.16
2000-2004	22	0.00048	0.00048	0.5	98704	47	98680	5743817	58.19
2000-2004	23	0.00047	0.00047	0.5	98656	47	98633	5645137	57.22
2000-2004	24	0.00053	0.00053	0.5	98610	52	98584	5546504	56.25
2000-2004	25	0.00050	0.00050	0.5	98557	49	98533	5447920	55.28
2000-2004	26	0.00057	0.00057	0.5	98508	56	98480	5349387	54.30
2000-2004	27	0.00054	0.00054	0.5	98452	53	98425	5250907	53.33
2000-2004	28	0.00056	0.00056	0.5	98399	55	98371	5152482	52.36
2000-2004	29	0.00066	0.00066	0.5	98344	65	98312	5054111	51.39
2000-2004	30	0.00066	0.00066	0.5	98279	65	98247	4955799	50.43
2000-2004	31	0.00070	0.00069	0.5	98214	68	98180	4857552	49.46
2000-2004	32	0.00085	0.00085	0.5	98146	83	98105	4759372	48.49
2000-2004	33	0.00090	0.00090	0.5	98063	88	98019	4661267	47.53
2000-2004	34	0.00096	0.00096	0.5	97975	94	97928	4563248	46.58
2000-2004	35	0.00111	0.00111	0.5	97882	108	97827	4465320	45.62
2000-2004	36	0.00125	0.00125	0.5	97773	123	97712	4367493	44.67
2000-2004	37	0.00125	0.00125	0.5	97651	122	97589	4269781	43.73
2000-2004	38	0.00127	0.00127	0.5	97528	124	97466	4172191	42.78
2000-2004	39	0.00163	0.00163	0.5	97404	158	97325	4074725	41.83
2000-2004	40	0.00155	0.00155	0.5	97246	151	97170	3977400	40.90
2000-2004	41	0.00194	0.00194	0.5	97095	189	97001	3880230	39.96
2000-2004	42	0.00178	0.00178	0.5	96907	172	96820	3783229	39.04
2000-2004	43	0.00197	0.00197	0.5	96734	190	96639	3686408	38.11
2000-2004	44	0.00218	0.00218	0.5	96544	210	96438	3589770	37.18
2000-2004	45	0.00258	0.00258	0.5	96333	249	96209	3493331	36.26
2000-2004	46	0.00262	0.00261	0.5	96085	251	95959	3397122	35.36
2000-2004	47	0.00274	0.00274	0.5	95834	262	95702	3301163	34.45
2000-2004	48	0.00279	0.00278	0.5	95571	266	95438	3205460	33.54
2000-2004	49	0.00311	0.00310	0.5	95305	296	95157	3110022	32.63
2000-2004	50	0.00351	0.00350	0.5	95009	333	94843	3014865	31.73
2000-2004	51	0.00375	0.00375	0.5	94677	355	94499	2920022	30.84
2000-2004	52	0.00378	0.00377	0.5	94322	356	94144	2825522	29.96
2000-2004	53	0.00435	0.00434	0.5	93966	408	93762	2731378	29.07
2000-2004	54	0.00472	0.00471	0.5	93558	441	93338	2637616	28.19
2000-2004	55	0.00460	0.00459	0.5	93117	428	92903	2544279	27.32
2000-2004	56	0.00533	0.00531	0.5	92689	493	92443	2451376	26.45
2000-2004	57	0.00599	0.00598	0.5	92197	551	91921	2358933	25.59
2000-2004	58	0.00638	0.00636	0.5	91646	583	91354	2267011	24.74
2000-2004	59	0.00724	0.00722	0.5	91063	657	90735	2175657	23.89
2000-2004	60	0.00753	0.00750	0.5	90406	678	90067	2084922	23.06
2000-2004	61	0.00806	0.00803	0.5	89728	720	89368	1994855	22.23
2000-2004	62	0.00978	0.00973	0.5	89008	866	88575	1905487	21.41
2000-2004	63	0.01007	0.01002	0.5	88142	883	87700	1816913	20.61
2000-2004	64	0.01208	0.01200	0.5	87259	1047	86735	1729212	19.82
2000-2004	65	0.01339	0.01331	0.5	86211	1147	85638	1642477	19.05
2000-2004	66	0.01390	0.01381	0.5	85064	1174	84477	1556839	18.30
2000-2004	67	0.01460	0.01449	0.5	83890	1216	83282	1472362	17.55
2000-2004	68	0.01675	0.01662	0.5	82674	1374	81987	1389080	16.80
2000-2004	69	0.01766	0.01750	0.5	81301	1423	80589	1307093	16.08
2000-2004	70	0.01949	0.01930	0.5	79877	1541	79107	1226504	15.35
2000-2004	71	0.02181	0.02157	0.5	78336	1690	77491	1147397	14.65
2000-2004	72	0.02437	0.02408	0.5	76646	1845	75723	1069906	13.96
2000-2004	73	0.02615	0.02582	0.5	74801	1931	73835	994182	13.29
2000-2004	74	0.02896	0.02854	0.5	72870	2080	71830	920347	12.63
2000-2004	75	0.03132	0.03083	0.5	70790	2183	69698	848518	11.99
2000-2004	76	0.03469	0.03410	0.5	68607	2339	67437	778819	11.35
2000-2004	77	0.03800	0.03730	0.5	66267	2471	65032	711382	10.74
2000-2004	78	0.04165	0.04080	0.5	63796	2603	62494	646351	10.13
2000-2004	79	0.04663	0.04557	0.5	61193	2789	59799	583856	9.54
2000-2004	80	0.05143	0.05014	0.5	58404	2929	56940	524057	8.97
2000-2004	81	0.05755	0.05594	0.5	55476	3103	53924	467117	8.42
2000-2004	82	0.06518	0.06312	0.5	52372	3306	50720	413193	7.89
2000-2004	83	0.07165	0.06917	0.5	49067	3394	47370	362474	7.39
2000-2004	84	0.08207	0.07884	0.5	45672	3601	43872	315104	6.90
2000-2004	85	0.08849	0.08474	0.5	42072	3565	40289	271232	6.45
2000-2004	86	0.10145	0.09655	0.5	38507	3718	36648	230943	6.00
2000-2004	87	0.11014	0.10439	0.5	34789	3632	32973	194296	5.59
2000-2004	88	0.13044	0.12245	0.5	31157	3815	29250	161323	5.18
2000-2004	89	0.14200	0.13259	0.5	27342	3625	25529	132073	4.83
2000-2004	90	0.15804	0.14646	0.5	23717	3474	21980	106544	4.49
2000-2004	91	0.17552	0.16136	0.5	20243	3266	18610	84564	4.18
2000-2004	92	0.19448	0.17725	0.5	16977	3009	15472	65954	3.88
2000-2004	93	0.21496	0.19410	0.5	13968	2711	12612	50482	3.61
2000-2004	94	0.23697	0.21186	0.5	11256	2385	10064	37870	3.36
2000-2004	95	0.26048	0.23046	0.5	8872	2045	7849	27806	3.13
2000-2004	96	0.28544	0.24979	0.5	6827	1705	5974	19956	2.92
2000-2004	97	0.31180	0.26974	0.5	5122	1382	4431	13982	2.73
2000-2004	98	0.33942	0.29018	0.5	3740	1085	3198	9551	2.55
2000-2004	99	0.36819	0.31095	0.5	2655	826	2242	6353	2.39
2000-2004	100	0.39793	0.33189	0.5	1829	607	1526	4111	2.25
2000-2004	101	0.42844	0.35285	0.5	1222	431	1007	2585	2.12
2000-2004	102	0.45950	0.37366	0.5	791	296	643	1579	2.00
2000-2004	103	0.49089	0.39415	0.5	495	195	398	936	1.89
2000-2004	104	0.52234	0.41417	0.5	300	124	238	538	1.79
2000-2004	105	0.55362	0.43359	0.5	176	76	138	300	1.71
2000-2004	106	0.58448	0.45230	0.5	100	45	77	162	1.63
2000-2004	107	0.61469	0.47018	0.5	55	26	42	85	1.56
2000-2004	108	0.64404	0.48716	0.5	29	14	22	43	1.50
2000-2004	109	0.67235	0.50319	0.5	15	7	11	22	1.46
2000-2004	110+	0.69945	1.00000	1.43	7	7	11	11	1.43
2005-2009	0	0.00713	0.00708	0.07	100000	708	99344	8040682	80.41
2005-2009	1	0.00039	0.00039	0.5	99292	39	99273	7941339	79.98
2005-2009	2	0.00025	0.00025	0.5	99253	25	99241	7842066	79.01
2005-2009	3	0.00016	0.00016	0.5	99229	16	99221	7742825	78.03
2005-2009	4	0.00015	0.00015	0.5	99212	15	99205	7643604	77.04
2005-2009	5	0.00008	0.00008	0.5	99198	8	99193	7544399	76.05
2005-2009	6	0.00010	0.00010	0.5	99189	10	99184	7445206	75.06
2005-2009	7	0.00013	0.00013	0.5	99179	13	99173	7346022	74.07
2005-2009	8	0.00009	0.00009	0.5	99166	9	99162	7246849	73.08
2005-2009	9	0.00015	0.00015	0.5	99157	14	99150	7147687	72.08
2005-2009	10	0.00010	0.00010	0.5	99143	10	99138	7048538	71.09
2005-2009	11	0.00015	0.00015	0.5	99133	15	99125	6949400	70.10
2005-2009	12	0.00012	0.00012	0.5	99117	12	99111	6850275	69.11
2005-2009	13	0.00014	0.00014	0.5	99105	14	99098	6751164	68.12
2005-2009	14	0.00018	0.00018	0.5	99091	18	99082	6652066	67.13
2005-2009	15	0.00021	0.00021	0.5	99074	21	99063	6552983	66.14
2005-2009	16	0.00022	0.00022	0.5	99053	21	99042	6453920	65.16
2005-2009	17	0.00034	0.00034	0.5	99031	34	99014	6354878	64.17
2005-2009	18	0.00033	0.00033	0.5	98997	33	98981	6255864	63.19
2005-2009	19	0.00036	0.00036	0.5	98964	35	98947	6156883	62.21
2005-2009	20	0.00042	0.00042	0.5	98929	41	98908	6057936	61.24
2005-2009	21	0.00047	0.00047	0.5	98888	47	98864	5959028	60.26
2005-2009	22	0.00053	0.00053	0.5	98841	52	98815	5860164	59.29
2005-2009	23	0.00044	0.00044	0.5	98788	43	98767	5761349	58.32
2005-2009	24	0.00048	0.00048	0.5	98745	47	98722	5662583	57.35
2005-2009	25	0.00053	0.00053	0.5	98698	52	98672	5563861	56.37
2005-2009	26	0.00053	0.00053	0.5	98646	52	98620	5465189	55.40
2005-2009	27	0.00046	0.00046	0.5	98594	46	98571	5366569	54.43
2005-2009	28	0.00053	0.00053	0.5	98548	53	98522	5267998	53.46
2005-2009	29	0.00057	0.00057	0.5	98496	57	98467	5169476	52.48
2005-2009	30	0.00067	0.00067	0.5	98439	66	98406	5071008	51.51
2005-2009	31	0.00067	0.00067	0.5	98373	66	98340	4972603	50.55
2005-2009	32	0.00075	0.00075	0.5	98306	74	98269	4874263	49.58
2005-2009	33	0.00073	0.00073	0.5	98232	72	98196	4775994	48.62
2005-2009	34	0.00087	0.00087	0.5	98160	85	98118	4677797	47.65
2005-2009	35	0.00093	0.00093	0.5	98075	91	98030	4579679	46.70
2005-2009	36	0.00096	0.00096	0.5	97984	94	97937	4481650	45.74
2005-2009	37	0.00107	0.00107	0.5	97890	105	97837	4383713	44.78
2005-2009	38	0.00114	0.00114	0.5	97785	111	97729	4285876	43.83
2005-2009	39	0.00141	0.00141	0.5	97674	138	97605	4188146	42.88
2005-2009	40	0.00151	0.00151	0.5	97536	147	97462	4090541	41.94
2005-2009	41	0.00159	0.00159	0.5	97389	155	97312	3993079	41.00
2005-2009	42	0.00171	0.00170	0.5	97234	166	97151	3895767	40.07
2005-2009	43	0.00206	0.00206	0.5	97069	200	96969	3798616	39.13
2005-2009	44	0.00195	0.00195	0.5	96869	189	96774	3701647	38.21
2005-2009	45	0.00220	0.00220	0.5	96680	213	96573	3604873	37.29
2005-2009	46	0.00229	0.00229	0.5	96467	221	96357	3508300	36.37
2005-2009	47	0.00272	0.00272	0.5	96246	262	96115	3411943	35.45
2005-2009	48	0.00301	0.00301	0.5	95984	289	95840	3315828	34.55
2005-2009	49	0.00302	0.00301	0.5	95696	288	95552	3219988	33.65
2005-2009	50	0.00370	0.00369	0.5	95408	352	95231	3124436	32.75
2005-2009	51	0.00346	0.00346	0.5	95055	329	94891	3029204	31.87
2005-2009	52	0.00379	0.00379	0.5	94727	359	94547	2934313	30.98
2005-2009	53	0.00398	0.00398	0.5	94368	375	94180	2839766	30.09
2005-2009	54	0.00408	0.00407	0.5	93993	382	93802	2745586	29.21
2005-2009	55	0.00476	0.00475	0.5	93610	445	93388	2651784	28.33
2005-2009	56	0.00476	0.00475	0.5	93165	442	92944	2558396	27.46
2005-2009	57	0.00545	0.00543	0.5	92723	504	92471	2465452	26.59
2005-2009	58	0.00602	0.00600	0.5	92219	554	91943	2372981	25.73
2005-2009	59	0.00607	0.00606	0.5	91666	555	91388	2281038	24.88
2005-2009	60	0.00679	0.00677	0.5	91111	617	90802	2189650	24.03
2005-2009	61	0.00751	0.00748	0.5	90494	677	90156	2098847	23.19
2005-2009	62	0.00788	0.00785	0.5	89818	705	89465	2008691	22.36
2005-2009	63	0.00882	0.00878	0.5	89112	783	88721	1919226	21.54
2005-2009	64	0.00999	0.00994	0.5	88329	878	87890	1830506	20.72
2005-2009	65	0.01066	0.01060	0.5	87451	927	86988	1742615	19.93
2005-2009	66	0.01164	0.01158	0.5	86524	1002	86023	1655628	19.13
2005-2009	67	0.01286	0.01278	0.5	85522	1093	84976	1569604	18.35
2005-2009	68	0.01452	0.01441	0.5	84429	1217	83821	1484629	17.58
2005-2009	69	0.01538	0.01527	0.5	83213	1270	82577	1400808	16.83
2005-2009	70	0.01746	0.01731	0.5	81942	1418	81233	1318230	16.09
2005-2009	71	0.01820	0.01803	0.5	80524	1452	79798	1236997	15.36
2005-2009	72	0.02112	0.02090	0.5	79072	1652	78245	1157200	14.63
2005-2009	73	0.02288	0.02263	0.5	77419	1752	76543	1078954	13.94
2005-2009	74	0.02713	0.02677	0.5	75667	2026	74655	1002411	13.25
2005-2009	75	0.02843	0.02803	0.5	73642	2064	72610	927757	12.60
2005-2009	76	0.03129	0.03081	0.5	71578	2205	70475	855147	11.95
2005-2009	77	0.03391	0.03335	0.5	69372	2313	68216	784672	11.31
2005-2009	78	0.03721	0.03653	0.5	67059	2450	65834	716456	10.68
2005-2009	79	0.04057	0.03977	0.5	64609	2569	63325	650622	10.07
2005-2009	80	0.04629	0.04524	0.5	62040	2807	60637	587297	9.47
2005-2009	81	0.05118	0.04991	0.5	59233	2956	57755	526661	8.89
2005-2009	82	0.05876	0.05709	0.5	56277	3213	54671	468905	8.33
2005-2009	83	0.06472	0.06269	0.5	53064	3327	51401	414235	7.81
2005-2009	84	0.06984	0.06749	0.5	49738	3357	48060	362833	7.29
2005-2009	85	0.08226	0.07901	0.5	46381	3665	44549	314774	6.79
2005-2009	86	0.09129	0.08731	0.5	42717	3729	40852	270225	6.33
2005-2009	87	0.10260	0.09759	0.5	38987	3805	37085	229373	5.88
2005-2009	88	0.11624	0.10986	0.5	35182	3865	33250	192288	5.47
2005-2009	89	0.13047	0.12248	0.5	31317	3836	29400	159038	5.08
2005-2009	90	0.14583	0.13592	0.5	27482	3735	25614	129639	4.72
2005-2009	91	0.16265	0.15042	0.5	23746	3572	21961	104025	4.38
2005-2009	92	0.18101	0.16599	0.5	20175	3349	18500	82064	4.07
2005-2009	93	0.20094	0.18259	0.5	16826	3072	15290	63564	3.78
2005-2009	94	0.22247	0.20020	0.5	13754	2753	12377	48274	3.51
2005-2009	95	0.24559	0.21873	0.5	11000	2406	9797	35897	3.26
2005-2009	96	0.27029	0.23811	0.5	8594	2046	7571	26100	3.04
2005-2009	97	0.29649	0.25821	0.5	6548	1691	5702	18529	2.83
2005-2009	98	0.32410	0.27891	0.5	4857	1355	4180	12827	2.64
2005-2009	99	0.35300	0.30004	0.5	3502	1051	2977	8647	2.47
2005-2009	100	0.38301	0.32145	0.5	2452	788	2057	5670	2.31
2005-2009	101	0.41394	0.34296	0.5	1663	571	1378	3613	2.17
2005-2009	102	0.44557	0.36439	0.5	1093	398	894	2235	2.04
2005-2009	103	0.47764	0.38556	0.5	695	268	561	1341	1.93
2005-2009	104	0.50990	0.40631	0.5	427	173	340	780	1.83
2005-2009	105	0.54207	0.42648	0.5	253	108	199	440	1.74
2005-2009	106	0.57390	0.44594	0.5	145	65	113	240	1.65
2005-2009	107	0.60513	0.46457	0.5	81	37	62	127	1.58
2005-2009	108	0.63552	0.48227	0.5	43	21	33	66	1.52
2005-2009	109	0.66487	0.49899	0.5	22	11	17	33	1.47
2005-2009	110+	0.69299	1.00000	1.44	11	11	16	16	1.44
2010-2014	0	0.00627	0.00623	0.07	100000	623	99421	8150674	81.51
2010-2014	1	0.00036	0.00036	0.5	99377	36	99359	8051253	81.02
2010-2014	2	0.00022	0.00022	0.5	99342	22	99331	7951894	80.05
2010-2014	3	0.00019	0.00019	0.5	99320	19	99311	7852563	79.06
2010-2014	4	0.00012	0.00012	0.5	99301	12	99295	7753252	78.08
2010-2014	5	0.00010	0.00010	0.5	99290	10	99285	7653957	77.09
2010-2014	6	0.00009	0.00009	0.5	99279	9	99275	7554672	76.10
2010-2014	7	0.00011	0.00011	0.5	99271	11	99265	7455397	75.10
2010-2014	8	0.00007	0.00007	0.5	99260	7	99256	7356132	74.11
2010-2014	9	0.00009	0.00009	0.5	99253	9	99248	7256876	73.11
2010-2014	10	0.00008	0.00008	0.5	99244	8	99240	7157627	72.12
2010-2014	11	0.00008	0.00008	0.5	99236	8	99232	7058388	71.13
2010-2014	12	0.00010	0.00010	0.5	99228	10	99223	6959155	70.13
2010-2014	13	0.00010	0.00010	0.5	99218	10	99213	6859933	69.14
2010-2014	14	0.00017	0.00017	0.5	99208	16	99200	6760720	68.15
2010-2014	15	0.00019	0.00019	0.5	99192	18	99183	6661519	67.16
2010-2014	16	0.00018	0.00018	0.5	99173	18	99165	6562337	66.17
2010-2014	17	0.00024	0.00024	0.5	99156	23	99144	6463172	65.18
2010-2014	18	0.00030	0.00030	0.5	99132	30	99117	6364028	64.20
2010-2014	19	0.00043	0.00043	0.5	99102	42	99081	6264911	63.22
2010-2014	20	0.00040	0.00040	0.5	99060	40	99040	6165830	62.24
2010-2014	21	0.00044	0.00044	0.5	99020	44	98999	6066790	61.27
2010-2014	22	0.00045	0.00045	0.5	98977	45	98955	5967791	60.29
2010-2014	23	0.00053	0.00053	0.5	98932	53	98906	5868836	59.32
2010-2014	24	0.00051	0.00051	0.5	98880	50	98855	5769930	58.35
2010-2014	25	0.00055	0.00055	0.5	98830	54	98803	5671076	57.38
2010-2014	26	0.00064	0.00064	0.5	98776	63	98744	5572273	56.41
2010-2014	27	0.00048	0.00048	0.5	98713	48	98689	5473529	55.45
2010-2014	28	0.00057	0.00057	0.5	98665	56	98637	5374840	54.48
2010-2014	29	0.00073	0.00073	0.5	98609	72	98573	5276203	53.51
2010-2014	30	0.00056	0.00056	0.5	98537	55	98510	5177630	52.54
2010-2014	31	0.00063	0.00063	0.5	98483	62	98452	5079120	51.57
2010-2014	32	0.00066	0.00066	0.5	98421	65	98388	4980668	50.61
2010-2014	33	0.00084	0.00084	0.5	98355	83	98314	4882280	49.64
2010-2014	34	0.00079	0.00079	0.5	98273	78	98234	4783966	48.68
2010-2014	35	0.00082	0.00082	0.5	98195	81	98155	4685732	47.72
2010-2014	36	0.00093	0.00093	0.5	98114	92	98068	4587578	46.76
2010-2014	37	0.00091	0.00091	0.5	98023	89	97978	4489509	45.80
2010-2014	38	0.00092	0.00092	0.5	97933	90	97888	4391531	44.84
2010-2014	39	0.00111	0.00111	0.5	97843	109	97789	4293643	43.88
2010-2014	40	0.00115	0.00115	0.5	97734	113	97678	4195855	42.93
2010-2014	41	0.00132	0.00132	0.5	97621	129	97557	4098177	41.98
2010-2014	42	0.00146	0.00146	0.5	97492	143	97421	4000620	41.04
2010-2014	43	0.00166	0.00166	0.5	97350	162	97269	3903199	40.09
2010-2014	44	0.00177	0.00177	0.5	97188	172	97102	3805930	39.16
2010-2014	45	0.00185	0.00185	0.5	97016	179	96926	3708828	38.23
2010-2014	46	0.00206	0.00206	0.5	96837	199	96737	3611902	37.30
2010-2014	47	0.00242	0.00241	0.5	96638	233	96521	3515165	36.37
2010-2014	48	0.00250	0.00249	0.5	96404	240	96284	3418644	35.46
2010-2014	49	0.00273	0.00273	0.5	96164	262	96033	3322360	34.55
2010-2014	50	0.00303	0.00302	0.5	95902	290	95757	3226327	33.64
2010-2014	51	0.00336	0.00335	0.5	95612	321	95452	3130570	32.74
2010-2014	52	0.00365	0.00364	0.5	95291	347	95118	3035119	31.85
2010-2014	53	0.00397	0.00396	0.5	94944	376	94756	2940001	30.97
2010-2014	54	0.00401	0.00400	0.5	94568	378	94379	2845244	30.09
2010-2014	55	0.00453	0.00452	0.5	94190	425	93977	2750865	29.21
2010-2014	56	0.00499	0.00498	0.5	93764	467	93531	2656888	28.34
2010-2014	57	0.00507	0.00506	0.5	93297	472	93062	2563358	27.48
2010-2014	58	0.00567	0.00565	0.5	92826	525	92563	2470296	26.61
2010-2014	59	0.00565	0.00564	0.5	92301	520	92041	2377733	25.76
2010-2014	60	0.00630	0.00628	0.5	91781	576	91493	2285692	24.90
2010-2014	61	0.00650	0.00648	0.5	91205	591	90909	2194199	24.06
2010-2014	62	0.00768	0.00765	0.5	90614	693	90267	2103290	23.21
2010-2014	63	0.00808	0.00805	0.5	89920	724	89559	2013023	22.39
2010-2014	64	0.00890	0.00886	0.5	89197	790	88801	1923464	21.56
2010-2014	65	0.00966	0.00962	0.5	88406	850	87981	1834663	20.75
2010-2014	66	0.01014	0.01009	0.5	87556	883	87115	1746681	19.95
2010-2014	67	0.01105	0.01099	0.5	86673	952	86197	1659567	19.15
2010-2014	68	0.01225	0.01217	0.5	85721	1044	85199	1573370	18.35
2010-2014	69	0.01418	0.01408	0.5	84677	1192	84081	1488171	17.57
2010-2014	70	0.01566	0.01554	0.5	83485	1297	82836	1404090	16.82
2010-2014	71	0.01787	0.01771	0.5	82188	1456	81460	1321254	16.08
2010-2014	72	0.01906	0.01888	0.5	80732	1524	79970	1239794	15.36
2010-2014	73	0.02039	0.02019	0.5	79208	1599	78409	1159823	14.64
2010-2014	74	0.02176	0.02152	0.5	77609	1670	76774	1081415	13.93
2010-2014	75	0.02483	0.02453	0.5	75939	1863	75007	1004641	13.23
2010-2014	76	0.02779	0.02741	0.5	74076	2031	73061	929633	12.55
2010-2014	77	0.03035	0.02989	0.5	72045	2154	70969	856573	11.89
2010-2014	78	0.03480	0.03420	0.5	69892	2390	68697	785604	11.24
2010-2014	79	0.03867	0.03794	0.5	67502	2561	66221	716907	10.62
2010-2014	80	0.04078	0.03997	0.5	64941	2595	63643	650686	10.02
2010-2014	81	0.04451	0.04354	0.5	62345	2715	60988	587043	9.42
2010-2014	82	0.05037	0.04913	0.5	59630	2930	58166	526056	8.82
2010-2014	83	0.05541	0.05392	0.5	56701	3057	55172	467890	8.25
2010-2014	84	0.06232	0.06044	0.5	53644	3242	52023	412718	7.69
2010-2014	85	0.07277	0.07022	0.5	50402	3539	48632	360695	7.16
2010-2014	86	0.08182	0.07860	0.5	46862	3683	45021	312063	6.66
2010-2014	87	0.09332	0.08916	0.5	43179	3850	41254	267042	6.18
2010-2014	88	0.10534	0.10007	0.5	39329	3936	37361	225788	5.74
2010-2014	89	0.11926	0.11255	0.5	35394	3983	33402	188427	5.32
2010-2014	90	0.13413	0.12570	0.5	31410	3948	29436	155025	4.94
2010-2014	91	0.15055	0.14001	0.5	27462	3845	25539	125589	4.57
2010-2014	92	0.16858	0.15548	0.5	23617	3672	21781	100050	4.24
2010-2014	93	0.18830	0.17210	0.5	19945	3432	18229	78269	3.92
2010-2014	94	0.20974	0.18983	0.5	16512	3135	14945	60040	3.64
2010-2014	95	0.23292	0.20863	0.5	13378	2791	11982	45095	3.37
2010-2014	96	0.25783	0.22839	0.5	10587	2418	9378	33112	3.13
2010-2014	97	0.28441	0.24900	0.5	8169	2034	7152	23734	2.91
2010-2014	98	0.31258	0.27033	0.5	6135	1658	5306	16582	2.70
2010-2014	99	0.34221	0.29221	0.5	4476	1308	3822	11277	2.52
2010-2014	100	0.37312	0.31445	0.5	3168	996	2670	7454	2.35
2010-2014	101	0.40510	0.33687	0.5	2172	732	1806	4784	2.20
2010-2014	102	0.43790	0.35925	0.5	1440	517	1182	2978	2.07
2010-2014	103	0.47126	0.38140	0.5	923	352	747	1796	1.95
2010-2014	104	0.50488	0.40312	0.5	571	230	456	1049	1.84
2010-2014	105	0.53846	0.42424	0.5	341	145	268	593	1.74
2010-2014	106	0.57169	0.44460	0.5	196	87	153	325	1.66
2010-2014	107	0.60428	0.46407	0.5	109	51	84	172	1.58
2010-2014	108	0.63598	0.48254	0.5	58	28	44	89	1.52
2010-2014	109	0.66653	0.49992	0.5	30	15	23	44	1.47
2010-2014	110+	0.69575	1.00000	1.44	15	15	22	22	1.44
2015-2017	0	0.00618	0.00614	0.07	100000	614	99429	8163455	81.63
2015-2017	1	0.00031	0.00031	0.5	99386	30	99370	8064026	81.14
2015-2017	2	0.00021	0.00021	0.5	99355	21	99345	7964656	80.16
2015-2017	3	0.00012	0.00012	0.5	99334	12	99328	7865311	79.18
2015-2017	4	0.00020	0.00020	0.5	99322	20	99312	7765983	78.19
2015-2017	5	0.00015	0.00015	0.5	99302	15	99295	7666672	77.21
2015-2017	6	0.00009	0.00009	0.5	99287	9	99283	7567377	76.22
2015-2017	7	0.00011	0.00011	0.5	99278	11	99273	7468094	75.22
2015-2017	8	0.00010	0.00010	0.5	99267	10	99262	7368822	74.23
2015-2017	9	0.00013	0.00013	0.5	99257	13	99251	7269559	73.24
2015-2017	10	0.00014	0.00014	0.5	99245	13	99238	7170308	72.25
2015-2017	11	0.00008	0.00008	0.5	99231	8	99227	7071070	71.26
2015-2017	12	0.00010	0.00010	0.5	99223	10	99218	6971843	70.26
2015-2017	13	0.00011	0.00011	0.5	99213	11	99208	6872624	69.27
2015-2017	14	0.00019	0.00019	0.5	99202	19	99193	6773417	68.28
2015-2017	15	0.00014	0.00014	0.5	99184	14	99177	6674223	67.29
2015-2017	16	0.00019	0.00019	0.5	99169	18	99160	6575047	66.30
2015-2017	17	0.00030	0.00030	0.5	99151	30	99136	6475887	65.31
2015-2017	18	0.00033	0.00033	0.5	99121	32	99105	6376750	64.33
2015-2017	19	0.00043	0.00043	0.5	99089	42	99068	6277645	63.35
2015-2017	20	0.00030	0.00030	0.5	99047	30	99032	6178578	62.38
2015-2017	21	0.00048	0.00048	0.5	99017	48	98993	6079546	61.40
2015-2017	22	0.00050	0.00050	0.5	98969	49	98945	5980553	60.43
2015-2017	23	0.00056	0.00056	0.5	98920	55	98893	5881608	59.46
2015-2017	24	0.00071	0.00071	0.5	98865	71	98830	5782715	58.49
2015-2017	25	0.00060	0.00060	0.5	98795	59	98765	5683885	57.53
2015-2017	26	0.00068	0.00068	0.5	98735	67	98702	5585121	56.57
2015-2017	27	0.00077	0.00077	0.5	98668	76	98630	5486419	55.60
2015-2017	28	0.00071	0.00071	0.5	98592	70	98557	5387789	54.65
2015-2017	29	0.00072	0.00072	0.5	98522	71	98487	5289232	53.69
2015-2017	30	0.00082	0.00082	0.5	98451	81	98411	5190745	52.72
2015-2017	31	0.00078	0.00078	0.5	98370	77	98332	5092335	51.77
2015-2017	32	0.00099	0.00099	0.5	98293	97	98245	4994003	50.81
2015-2017	33	0.00095	0.00095	0.5	98196	93	98149	4895759	49.86
2015-2017	34	0.00110	0.00110	0.5	98103	108	98049	4797609	48.90
2015-2017	35	0.00106	0.00106	0.5	97995	104	97943	4699561	47.96
2015-2017	36	0.00109	0.00109	0.5	97891	107	97838	4601617	47.01
2015-2017	37	0.00102	0.00102	0.5	97785	100	97735	4503779	46.06
2015-2017	38	0.00113	0.00113	0.5	97685	111	97629	4406045	45.10
2015-2017	39	0.00123	0.00123	0.5	97574	120	97514	4308415	44.16
2015-2017	40	0.00118	0.00118	0.5	97454	115	97396	4210901	43.21
2015-2017	41	0.00144	0.00144	0.5	97338	140	97268	4113505	42.26
2015-2017	42	0.00156	0.00156	0.5	97198	152	97122	4016237	41.32
2015-2017	43	0.00178	0.00178	0.5	97046	173	96960	3919115	40.38
2015-2017	44	0.00180	0.00180	0.5	96873	174	96786	3822155	39.46
2015-2017	45	0.00165	0.00164	0.5	96699	159	96620	3725369	38.53
2015-2017	46	0.00224	0.00224	0.5	96540	216	96432	3628749	37.59
2015-2017	47	0.00224	0.00224	0.5	96324	216	96216	3532317	36.67
2015-2017	48	0.00250	0.00250	0.5	96108	240	95988	3436101	35.75
2015-2017	49	0.00289	0.00288	0.5	95868	276	95730	3340112	34.84
2015-2017	50	0.00284	0.00284	0.5	95592	272	95456	3244382	33.94
2015-2017	51	0.00328	0.00327	0.5	95320	312	95165	3148926	33.04
2015-2017	52	0.00327	0.00326	0.5	95009	310	94854	3053762	32.14
2015-2017	53	0.00392	0.00391	0.5	94699	370	94514	2958908	31.25
2015-2017	54	0.00440	0.00439	0.5	94329	414	94122	2864394	30.37
2015-2017	55	0.00473	0.00471	0.5	93915	443	93694	2770272	29.50
2015-2017	56	0.00489	0.00488	0.5	93472	456	93244	2676578	28.64
2015-2017	57	0.00545	0.00543	0.5	93016	505	92764	2583334	27.77
2015-2017	58	0.00570	0.00569	0.5	92511	526	92248	2490571	26.92
2015-2017	59	0.00615	0.00613	0.5	91985	564	91703	2398323	26.07
2015-2017	60	0.00656	0.00654	0.5	91421	598	91122	2306620	25.23
2015-2017	61	0.00746	0.00743	0.5	90823	675	90485	2215499	24.39
2015-2017	62	0.00749	0.00746	0.5	90148	672	89812	2125013	23.57
2015-2017	63	0.00821	0.00818	0.5	89476	732	89110	2035202	22.75
2015-2017	64	0.00875	0.00871	0.5	88744	773	88357	1946092	21.93
2015-2017	65	0.00947	0.00943	0.5	87971	829	87556	1857735	21.12
2015-2017	66	0.01045	0.01040	0.5	87141	906	86688	1770178	20.31
2015-2017	67	0.01141	0.01135	0.5	86235	979	85746	1683490	19.52
2015-2017	68	0.01270	0.01262	0.5	85257	1076	84719	1597744	18.74
2015-2017	69	0.01392	0.01383	0.5	84181	1164	83599	1513026	17.97
2015-2017	70	0.01381	0.01371	0.5	83017	1139	82448	1429427	17.22
2015-2017	71	0.01561	0.01549	0.5	81878	1268	81244	1346979	16.45
2015-2017	72	0.01801	0.01785	0.5	80610	1439	79890	1265735	15.70
2015-2017	73	0.01897	0.01880	0.5	79171	1488	78427	1185844	14.98
2015-2017	74	0.02130	0.02107	0.5	77683	1637	76864	1107418	14.26
2015-2017	75	0.02434	0.02404	0.5	76046	1828	75132	1030553	13.55
2015-2017	76	0.02604	0.02571	0.5	74218	1908	73264	955421	12.87
2015-2017	77	0.02796	0.02757	0.5	72310	1994	71313	882158	12.20
2015-2017	78	0.03132	0.03084	0.5	70316	2168	69232	810845	11.53
2015-2017	79	0.03556	0.03494	0.5	68148	2381	66957	741613	10.88
2015-2017	80	0.04090	0.04008	0.5	65767	2636	64449	674656	10.26
2015-2017	81	0.04595	0.04491	0.5	63131	2836	61713	610207	9.67
2015-2017	82	0.05022	0.04899	0.5	60295	2954	58818	548494	9.10
2015-2017	83	0.05410	0.05268	0.5	57341	3021	55831	489676	8.54
2015-2017	84	0.05952	0.05780	0.5	54321	3140	52751	433845	7.99
2015-2017	85	0.06810	0.06585	0.5	51181	3370	49495	381095	7.45
2015-2017	86	0.07746	0.07458	0.5	47810	3565	46028	331599	6.94
2015-2017	87	0.08751	0.08384	0.5	44245	3710	42390	285572	6.45
2015-2017	88	0.09421	0.08997	0.5	40535	3647	38712	243182	6.00
2015-2017	89	0.11194	0.10600	0.5	36888	3910	34933	204470	5.54
2015-2017	90	0.12735	0.11973	0.5	32978	3948	31004	169537	5.14
2015-2017	91	0.14262	0.13313	0.5	29030	3865	27097	138533	4.77
2015-2017	92	0.15939	0.14762	0.5	25165	3715	23307	111436	4.43
2015-2017	93	0.17772	0.16322	0.5	21450	3501	19699	88129	4.11
2015-2017	94	0.19766	0.17989	0.5	17949	3229	16335	68429	3.81
2015-2017	95	0.21925	0.19759	0.5	14720	2909	13266	52095	3.54
2015-2017	96	0.24248	0.21626	0.5	11812	2554	10534	38829	3.29
2015-2017	97	0.26733	0.23581	0.5	9257	2183	8166	28294	3.06
2015-2017	98	0.29373	0.25612	0.5	7074	1812	6168	20129	2.85
2015-2017	99	0.32160	0.27705	0.5	5262	1458	4533	13960	2.65
2015-2017	100	0.35081	0.29846	0.5	3804	1135	3237	9427	2.48
2015-2017	101	0.38117	0.32015	0.5	2669	854	2242	6190	2.32
2015-2017	102	0.41249	0.34196	0.5	1815	620	1504	3948	2.18
2015-2017	103	0.44454	0.36370	0.5	1194	434	977	2444	2.05
2015-2017	104	0.47705	0.38518	0.5	760	293	613	1467	1.93
2015-2017	105	0.50976	0.40622	0.5	467	190	372	854	1.83
2015-2017	106	0.54239	0.42668	0.5	277	118	218	481	1.74
2015-2017	107	0.57466	0.44639	0.5	159	71	124	263	1.66
2015-2017	108	0.60630	0.46526	0.5	88	41	68	140	1.59
2015-2017	109	0.63708	0.48317	0.5	47	23	36	72	1.53
2015-2017	110+	0.66677	1.00000	1.5	24	24	36	36	1.50
