MD: Maryland, Lifetables (period 5x1), Males Last modified: 3 Dec 2019, MPv5 (May07) 

Year	Age	mx	qx	ax	lx	dx	Lx	Tx	ex
1959	0	0.03284	0.03193	0.13	100000	3193	97232	6567006	65.67
1959	1-4	0.00120	0.00478	1.66	96807	463	386141	6469774	66.83
1959	5-9	0.00067	0.00333	2.64	96343	321	480959	6083633	63.15
1959	10-14	0.00057	0.00285	2.59	96023	273	479453	5602674	58.35
1959	15-19	0.00092	0.00457	2.63	95749	438	477711	5123221	53.51
1959	20-24	0.00143	0.00711	2.46	95312	677	474835	4645510	48.74
1959	25-29	0.00155	0.00774	2.47	94634	732	471317	4170676	44.07
1959	30-34	0.00179	0.00893	2.68	93902	838	467563	3699358	39.40
1959	35-39	0.00341	0.01693	2.59	93064	1576	461514	3231795	34.73
1959	40-44	0.00509	0.02516	2.69	91488	2302	452132	2770281	30.28
1959	45-49	0.00854	0.04185	2.67	89186	3733	437243	2318148	25.99
1959	50-54	0.01392	0.06743	2.7	85453	5762	414038	1880905	22.01
1959	55-59	0.02049	0.09775	2.66	79691	7790	380256	1466867	18.41
1959	60-64	0.03105	0.14421	2.53	71901	10369	333901	1086612	15.11
1959	65-69	0.04716	0.21139	2.55	61532	13007	275797	752711	12.23
1959	70-74	0.06491	0.28023	2.56	48525	13598	209495	476914	9.83
1959	75-79	0.09308	0.37559	2.43	34927	13118	140932	267419	7.66
1959	80-84	0.14041	0.51181	2.35	21809	11162	79497	126487	5.80
1959	85-89	0.20314	0.64871	2.22	10647	6907	33999	46990	4.41
1959	90-94	0.26903	0.75288	2.08	3740	2816	10467	12990	3.47
1959	95-99	0.35340	0.84330	1.9	924	779	2206	2523	2.73
1959	100-104	0.44787	0.90650	1.72	145	131	293	318	2.19
1959	105-109	0.54648	0.94574	1.54	14	13	23	25	1.82
1959	110+	0.62597	1.00000	1.6	1	1	1	1	1.60
1960	0	0.03078	0.02997	0.13	100000	2997	97385	6559068	65.59
1960	1-4	0.00114	0.00456	1.66	97003	443	386975	6461683	66.61
1960	5-9	0.00046	0.00232	2.43	96560	224	482224	6074708	62.91
1960	10-14	0.00055	0.00273	2.65	96336	263	481062	5592484	58.05
1960	15-19	0.00103	0.00516	2.85	96073	495	479302	5111422	53.20
1960	20-24	0.00167	0.00831	2.64	95578	794	476013	4632120	48.46
1960	25-29	0.00172	0.00856	2.49	94783	811	471881	4156108	43.85
1960	30-34	0.00186	0.00924	2.64	93972	869	467807	3684227	39.21
1960	35-39	0.00322	0.01597	2.67	93103	1486	462053	3216420	34.55
1960	40-44	0.00491	0.02428	2.73	91617	2224	453034	2754367	30.06
1960	45-49	0.00842	0.04131	2.77	89392	3693	438720	2301333	25.74
1960	50-54	0.01391	0.06743	2.72	85700	5779	415350	1862613	21.73
1960	55-59	0.02169	0.10313	2.62	79921	8242	379997	1447263	18.11
1960	60-64	0.03340	0.15471	2.62	71679	11089	332040	1067267	14.89
1960	65-69	0.04836	0.21639	2.57	60590	13111	271123	735227	12.13
1960	70-74	0.06580	0.28202	2.47	47479	13390	203509	464104	9.78
1960	75-79	0.09748	0.38913	2.41	34088	13265	136074	260595	7.64
1960	80-84	0.13442	0.49817	2.4	20824	10374	77174	124520	5.98
1960	85-89	0.19506	0.63293	2.23	10450	6614	33908	47347	4.53
1960	90-94	0.26557	0.74888	2.09	3836	2873	10817	13438	3.50
1960	95-99	0.35410	0.84450	1.9	963	813	2297	2622	2.72
1960	100-104	0.45375	0.90994	1.71	150	136	300	324	2.17
1960	105-109	0.55752	0.94928	1.53	13	13	23	24	1.78
1960	110+	0.64087	1.00000	1.56	1	1	1	1	1.56
1961	0	0.02982	0.02906	0.13	100000	2906	97457	6605611	66.06
1961	1-4	0.00114	0.00455	1.73	97094	441	387372	6508154	67.03
1961	5-9	0.00047	0.00237	2.12	96653	229	482603	6120782	63.33
1961	10-14	0.00043	0.00217	2.92	96424	209	481684	5638178	58.47
1961	15-19	0.00105	0.00524	2.82	96215	504	479976	5156495	53.59
1961	20-24	0.00146	0.00726	2.61	95711	695	476896	4676519	48.86
1961	25-29	0.00147	0.00732	2.67	95016	695	473462	4199623	44.20
1961	30-34	0.00204	0.01014	2.48	94321	956	469197	3726161	39.51
1961	35-39	0.00269	0.01338	2.68	93364	1249	463921	3256964	34.88
1961	40-44	0.00476	0.02356	2.63	92115	2170	455439	2793043	30.32
1961	45-49	0.00813	0.03992	2.69	89945	3590	441439	2337604	25.99
1961	50-54	0.01416	0.06854	2.66	86355	5919	417942	1896165	21.96
1961	55-59	0.02166	0.10307	2.66	80436	8291	382791	1478223	18.38
1961	60-64	0.03063	0.14266	2.6	72145	10292	336073	1095432	15.18
1961	65-69	0.04595	0.20602	2.49	61853	12743	277307	759358	12.28
1961	70-74	0.06661	0.28521	2.48	49110	14007	210272	482051	9.82
1961	75-79	0.09097	0.36915	2.45	35103	12958	142447	271780	7.74
1961	80-84	0.14155	0.51590	2.37	22145	11425	80710	129333	5.84
1961	85-89	0.19854	0.64057	2.23	10720	6867	34588	48623	4.54
1961	90-94	0.25562	0.73364	2.1	3853	2827	11059	14034	3.64
1961	95-99	0.33136	0.82256	1.94	1026	844	2548	2976	2.90
1961	100-104	0.41681	0.88840	1.77	182	162	388	428	2.35
1961	105-109	0.50764	0.93219	1.61	20	19	37	40	1.95
1961	110+	0.58161	1.00000	1.72	1	1	2	2	1.72
1962	0	0.02925	0.02852	0.12	100000	2852	97500	6606112	66.06
1962	1-4	0.00103	0.00412	1.42	97148	400	387560	6508612	67.00
1962	5-9	0.00059	0.00293	2.21	96748	283	482948	6121052	63.27
1962	10-14	0.00056	0.00280	2.71	96464	270	481704	5638104	58.45
1962	15-19	0.00110	0.00546	2.72	96194	526	479769	5156401	53.60
1962	20-24	0.00152	0.00758	2.56	95668	725	476571	4676632	48.88
1962	25-29	0.00153	0.00764	2.47	94944	725	472885	4200061	44.24
1962	30-34	0.00208	0.01033	2.54	94218	973	468702	3727176	39.56
1962	35-39	0.00329	0.01632	2.7	93245	1522	462720	3258474	34.95
1962	40-44	0.00482	0.02385	2.66	91723	2187	453491	2795755	30.48
1962	45-49	0.00777	0.03815	2.71	89536	3416	439862	2342264	26.16
1962	50-54	0.01374	0.06653	2.62	86120	5729	416968	1902402	22.09
1962	55-59	0.01938	0.09268	2.65	80391	7451	384428	1485434	18.48
1962	60-64	0.03113	0.14470	2.57	72940	10555	339015	1101006	15.09
1962	65-69	0.04690	0.21016	2.53	62386	13111	279581	761990	12.21
1962	70-74	0.06866	0.29323	2.51	49275	14449	210432	482409	9.79
1962	75-79	0.09113	0.36908	2.43	34826	12854	141053	271977	7.81
1962	80-84	0.13299	0.49406	2.4	21972	10856	81629	130924	5.96
1962	85-89	0.19983	0.64492	2.25	11117	7169	35877	49295	4.43
1962	90-94	0.27419	0.76107	2.08	3947	3004	10957	13418	3.40
1962	95-99	0.37042	0.85850	1.88	943	810	2186	2461	2.61
1962	100-104	0.47808	0.92181	1.67	133	123	257	275	2.06
1962	105-109	0.58826	0.95760	1.48	10	10	17	18	1.69
1962	110+	0.67546	1.00000	1.48	0	0	1	1	1.48
1963	0	0.02913	0.02840	0.12	100000	2840	97510	6558962	65.59
1963	1-4	0.00108	0.00430	1.73	97160	418	387692	6461452	66.50
1963	5-9	0.00049	0.00243	2.47	96742	235	483117	6073760	62.78
1963	10-14	0.00052	0.00261	2.89	96507	252	482004	5590644	57.93
1963	15-19	0.00115	0.00576	2.61	96255	554	479948	5108640	53.07
1963	20-24	0.00146	0.00730	2.4	95701	698	476691	4628692	48.37
1963	25-29	0.00170	0.00845	2.5	95003	803	473003	4152001	43.70
1963	30-34	0.00192	0.00958	2.76	94200	902	468982	3678997	39.06
1963	35-39	0.00293	0.01453	2.7	93298	1356	463365	3210015	34.41
1963	40-44	0.00506	0.02498	2.52	91942	2297	454022	2746650	29.87
1963	45-49	0.00820	0.04025	2.73	89645	3608	440026	2292628	25.57
1963	50-54	0.01393	0.06748	2.69	86037	5805	416781	1852602	21.53
1963	55-59	0.02211	0.10501	2.61	80231	8425	381046	1435821	17.90
1963	60-64	0.03285	0.15232	2.62	71806	10937	332979	1054776	14.69
1963	65-69	0.04891	0.21761	2.47	60869	13245	270795	721796	11.86
1963	70-74	0.07152	0.30291	2.48	47624	14426	201709	451002	9.47
1963	75-79	0.09667	0.38660	2.41	33198	12834	132769	249293	7.51
1963	80-84	0.13982	0.51376	2.42	20364	10462	74826	116524	5.72
1963	85-89	0.21085	0.67274	2.31	9902	6661	31593	41698	4.21
1963	90-94	0.30174	0.79560	2.03	3240	2578	8544	10105	3.12
1963	95-99	0.41329	0.88938	1.8	662	589	1425	1561	2.36
1963	100-104	0.53472	0.94366	1.57	73	69	129	136	1.85
1963	105-109	0.65299	0.97087	1.38	4	4	6	6	1.53
1963	110+	0.74259	1.00000	1.35	0	0	0	0	1.35
1964	0	0.02746	0.02681	0.12	100000	2681	97637	6607940	66.08
1964	1-4	0.00104	0.00413	1.71	97319	402	388353	6510303	66.90
1964	5-9	0.00053	0.00266	2.29	96917	258	483886	6121950	63.17
1964	10-14	0.00056	0.00281	2.91	96659	272	482726	5638063	58.33
1964	15-19	0.00113	0.00563	2.84	96387	542	480764	5155337	53.49
1964	20-24	0.00170	0.00848	2.29	95845	812	477028	4674573	48.77
1964	25-29	0.00175	0.00873	2.64	95033	830	473206	4197545	44.17
1964	30-34	0.00206	0.01026	2.77	94203	966	468859	3724339	39.54
1964	35-39	0.00323	0.01604	2.72	93237	1495	462778	3255480	34.92
1964	40-44	0.00494	0.02442	2.71	91741	2240	453587	2792702	30.44
1964	45-49	0.00777	0.03813	2.65	89501	3413	439475	2339115	26.13
1964	50-54	0.01325	0.06425	2.63	86089	5531	417334	1899640	22.07
1964	55-59	0.02118	0.10093	2.68	80558	8131	383898	1482307	18.40
1964	60-64	0.03200	0.14848	2.58	72427	10754	336086	1098409	15.17
1964	65-69	0.04746	0.21222	2.51	61673	13088	275762	762323	12.36
1964	70-74	0.06222	0.26942	2.51	48585	13089	210369	486560	10.01
1964	75-79	0.09453	0.37890	2.38	35495	13449	142265	276191	7.78
1964	80-84	0.13668	0.50100	2.34	22046	11045	80808	133926	6.07
1964	85-89	0.18312	0.60745	2.23	11001	6683	36493	53118	4.83
1964	90-94	0.24058	0.71078	2.12	4318	3069	12759	16624	3.85
1964	95-99	0.30878	0.79890	1.98	1249	998	3232	3866	3.10
1964	100-104	0.38629	0.86759	1.83	251	218	564	634	2.52
1964	105-109	0.47002	0.91610	1.67	33	30	65	70	2.10
1964	110+	0.53855	1.00000	1.86	3	3	5	5	1.86
1965	0	0.02740	0.02675	0.12	100000	2675	97642	6566845	65.67
1965	1-4	0.00101	0.00401	1.74	97325	390	388416	6469203	66.47
1965	5-9	0.00049	0.00244	2.44	96934	237	484066	6080787	62.73
1965	10-14	0.00044	0.00219	2.77	96697	212	483014	5596721	57.88
1965	15-19	0.00133	0.00665	2.78	96486	642	481007	5113707	53.00
1965	20-24	0.00164	0.00819	2.56	95844	785	477304	4632700	48.34
1965	25-29	0.00177	0.00879	2.46	95059	836	473172	4155395	43.71
1965	30-34	0.00203	0.01007	2.41	94224	949	468662	3682224	39.08
1965	35-39	0.00309	0.01533	2.6	93274	1430	462944	3213562	34.45
1965	40-44	0.00527	0.02602	2.7	91844	2390	453719	2750618	29.95
1965	45-49	0.00888	0.04347	2.57	89455	3889	437816	2296899	25.68
1965	50-54	0.01397	0.06759	2.6	85566	5783	413976	1859084	21.73
1965	55-59	0.02152	0.10246	2.66	79782	8175	379819	1445107	18.11
1965	60-64	0.03171	0.14727	2.59	71608	10546	332612	1065288	14.88
1965	65-69	0.04944	0.22074	2.57	61062	13479	272619	732676	12.00
1965	70-74	0.06834	0.29313	2.58	47583	13948	204112	460057	9.67
1965	75-79	0.09943	0.39489	2.4	33635	13282	133587	255945	7.61
1965	80-84	0.13131	0.49059	2.42	20353	9985	76040	122358	6.01
1965	85-89	0.19810	0.64020	2.24	10368	6637	33505	46318	4.47
1965	90-94	0.27087	0.75674	2.08	3730	2823	10422	12813	3.43
1965	95-99	0.36645	0.85538	1.88	907	776	2118	2391	2.63
1965	100-104	0.47373	0.91990	1.68	131	121	255	273	2.08
1965	105-109	0.58391	0.95655	1.49	11	10	17	18	1.70
1965	110+	0.67132	1.00000	1.49	0	0	1	1	1.49
1966	0	0.02681	0.02619	0.12	100000	2619	97687	6559925	65.60
1966	1-4	0.00104	0.00413	1.68	97381	402	388591	6462237	66.36
1966	5-9	0.00049	0.00247	2.25	96979	239	484235	6073646	62.63
1966	10-14	0.00054	0.00271	2.83	96739	262	483128	5589411	57.78
1966	15-19	0.00121	0.00603	2.92	96478	581	481178	5106282	52.93
1966	20-24	0.00170	0.00847	2.6	95896	812	477534	4625105	48.23
1966	25-29	0.00188	0.00936	2.65	95084	890	473336	4147571	43.62
1966	30-34	0.00224	0.01116	2.8	94195	1051	468661	3674235	39.01
1966	35-39	0.00311	0.01542	2.61	93143	1436	462283	3205573	34.42
1966	40-44	0.00579	0.02855	2.65	91707	2619	452374	2743291	29.91
1966	45-49	0.00805	0.03954	2.7	89088	3523	437332	2290917	25.72
1966	50-54	0.01402	0.06781	2.61	85566	5802	413951	1853585	21.66
1966	55-59	0.02231	0.10591	2.61	79764	8448	378658	1439633	18.05
1966	60-64	0.03231	0.14982	2.58	71316	10685	330726	1060975	14.88
1966	65-69	0.04706	0.21119	2.57	60632	12805	272082	730250	12.04
1966	70-74	0.06851	0.29264	2.51	47827	13996	204309	458168	9.58
1966	75-79	0.09862	0.39158	2.37	33831	13248	134331	253859	7.50
1966	80-84	0.13913	0.51042	2.39	20583	10506	75514	119528	5.81
1966	85-89	0.20408	0.65378	2.25	10077	6588	32283	44014	4.37
1966	90-94	0.28035	0.76240	2.01	3489	2660	9488	11731	3.36
1966	95-99	0.35665	0.84633	1.9	829	702	1967	2243	2.71
1966	100-104	0.45383	0.90973	1.71	127	116	255	276	2.17
1966	105-109	0.55492	0.94837	1.53	11	11	20	21	1.79
1966	110+	0.63617	1.00000	1.57	1	1	1	1	1.57
1967	0	0.02516	0.02461	0.11	100000	2461	97816	6618502	66.19
1967	1-4	0.00095	0.00379	1.75	97539	370	389323	6520687	66.85
1967	5-9	0.00050	0.00251	2.3	97169	244	485182	6131364	63.10
1967	10-14	0.00048	0.00239	2.86	96924	232	484127	5646181	58.25
1967	15-19	0.00120	0.00597	2.92	96693	577	482259	5162055	53.39
1967	20-24	0.00171	0.00851	2.68	96115	818	478678	4679796	48.69
1967	25-29	0.00187	0.00933	2.52	95297	889	474284	4201118	44.08
1967	30-34	0.00240	0.01191	2.53	94408	1125	469262	3726834	39.48
1967	35-39	0.00330	0.01634	2.48	93283	1525	462572	3257572	34.92
1967	40-44	0.00536	0.02647	2.62	91759	2429	453013	2795000	30.46
1967	45-49	0.00780	0.03828	2.63	89330	3420	438555	2341987	26.22
1967	50-54	0.01281	0.06215	2.64	85910	5339	416940	1903432	22.16
1967	55-59	0.02037	0.09727	2.69	80571	7837	384766	1486492	18.45
1967	60-64	0.03269	0.15128	2.54	72734	11003	336580	1101726	15.15
1967	65-69	0.04675	0.20955	2.53	61730	12936	276680	765146	12.39
1967	70-74	0.06595	0.28332	2.52	48795	13824	209629	488467	10.01
1967	75-79	0.09133	0.37081	2.47	34970	12968	141988	278838	7.97
1967	80-84	0.12704	0.47640	2.38	22003	10482	82511	136851	6.22
1967	85-89	0.18497	0.61443	2.27	11521	7079	38269	54340	4.72
1967	90-94	0.25553	0.73510	2.11	4442	3265	12779	16071	3.62
1967	95-99	0.34330	0.83520	1.93	1177	983	2863	3292	2.80
1967	100-104	0.44306	0.90458	1.73	194	175	396	429	2.21
1967	105-109	0.54789	0.94656	1.54	19	18	32	34	1.81
1967	110+	0.63243	1.00000	1.58	1	1	2	2	1.58
1968	0	0.02484	0.02430	0.11	100000	2430	97841	6572608	65.73
1968	1-4	0.00083	0.00332	1.75	97570	324	389551	6474767	66.36
1968	5-9	0.00041	0.00204	2.31	97246	199	485696	6085215	62.58
1968	10-14	0.00060	0.00300	2.76	97047	292	484582	5599519	57.70
1968	15-19	0.00182	0.00908	2.92	96756	878	481948	5114937	52.86
1968	20-24	0.00193	0.00961	2.54	95877	922	477119	4632990	48.32
1968	25-29	0.00202	0.01003	2.58	94956	952	472476	4155870	43.77
1968	30-34	0.00218	0.01083	2.74	94003	1018	467720	3683394	39.18
1968	35-39	0.00350	0.01734	2.64	92985	1612	461124	3215674	34.58
1968	40-44	0.00533	0.02630	2.64	91373	2403	451190	2754550	30.15
1968	45-49	0.00808	0.03966	2.61	88970	3528	436431	2303360	25.89
1968	50-54	0.01369	0.06634	2.65	85442	5668	413862	1866929	21.85
1968	55-59	0.02098	0.09986	2.59	79774	7967	379697	1453067	18.21
1968	60-64	0.03238	0.15016	2.58	71807	10782	332949	1073369	14.95
1968	65-69	0.04763	0.21345	2.57	61025	13026	273489	740420	12.13
1968	70-74	0.06919	0.29415	2.45	47999	14119	204056	466932	9.73
1968	75-79	0.09643	0.38577	2.41	33880	13070	135545	262875	7.76
1968	80-84	0.12792	0.47892	2.38	20810	9967	77914	127330	6.12
1968	85-89	0.19426	0.63488	2.27	10844	6884	35440	49416	4.56
1968	90-94	0.26268	0.74541	2.1	3959	2951	11235	13976	3.53
1968	95-99	0.35414	0.84497	1.91	1008	852	2405	2741	2.72
1968	100-104	0.45752	0.91213	1.7	156	143	312	336	2.15
1968	105-109	0.56501	0.95156	1.52	14	13	23	24	1.76
1968	110+	0.65107	1.00000	1.54	1	1	1	1	1.54
1969	0	0.02191	0.02149	0.1	100000	2149	98074	6635423	66.35
1969	1-4	0.00075	0.00298	1.71	97851	292	390735	6537349	66.81
1969	5-9	0.00043	0.00215	2.77	97559	210	487328	6146614	63.00
1969	10-14	0.00050	0.00249	2.88	97350	243	486234	5659285	58.13
1969	15-19	0.00178	0.00886	2.98	97107	860	483799	5173051	53.27
1969	20-24	0.00204	0.01013	2.31	96247	975	478605	4689252	48.72
1969	25-29	0.00191	0.00950	2.57	95271	906	474153	4210647	44.20
1969	30-34	0.00203	0.01009	2.59	94366	952	469536	3736494	39.60
1969	35-39	0.00310	0.01539	2.54	93413	1437	463524	3266958	34.97
1969	40-44	0.00526	0.02597	2.7	91976	2389	454374	2803434	30.48
1969	45-49	0.00815	0.03996	2.64	89587	3580	439471	2349060	26.22
1969	50-54	0.01310	0.06357	2.69	86007	5468	417396	1909590	22.20
1969	55-59	0.02012	0.09597	2.6	80539	7730	384165	1492194	18.53
1969	60-64	0.03121	0.14514	2.59	72809	10567	338541	1108029	15.22
1969	65-69	0.04639	0.20810	2.53	62242	12953	279221	769489	12.36
1969	70-74	0.06637	0.28548	2.55	49289	14071	212005	490268	9.95
1969	75-79	0.09319	0.37444	2.38	35218	13187	141506	278262	7.90
1969	80-84	0.12874	0.48311	2.42	22031	10643	82677	136756	6.21
1969	85-89	0.18510	0.61062	2.21	11388	6954	37567	54079	4.75
1969	90-94	0.24791	0.72332	2.12	4434	3207	12937	16512	3.72
1969	95-99	0.32868	0.82081	1.95	1227	1007	3064	3575	2.91
1969	100-104	0.42080	0.89152	1.77	220	196	466	511	2.33
1969	105-109	0.51891	0.93679	1.59	24	22	43	46	1.91
1969	110+	0.59877	1.00000	1.67	2	2	3	3	1.67
1970	0	0.02236	0.02192	0.11	100000	2192	98038	6640970	66.41
1970	1-4	0.00087	0.00345	1.72	97808	338	390461	6542932	66.90
1970	5-9	0.00057	0.00286	2.5	97470	279	486654	6152471	63.12
1970	10-14	0.00046	0.00232	2.65	97192	225	485428	5665817	58.30
1970	15-19	0.00143	0.00715	2.99	96966	693	483436	5180389	53.42
1970	20-24	0.00205	0.01018	2.54	96273	981	478951	4696954	48.79
1970	25-29	0.00169	0.00844	2.66	95292	804	474580	4218003	44.26
1970	30-34	0.00227	0.01127	2.66	94488	1065	469949	3743423	39.62
1970	35-39	0.00330	0.01639	2.63	93423	1531	463485	3273474	35.04
1970	40-44	0.00517	0.02553	2.64	91892	2346	453927	2809989	30.58
1970	45-49	0.00843	0.04137	2.72	89546	3704	439276	2356062	26.31
1970	50-54	0.01215	0.05911	2.72	85842	5074	417622	1916786	22.33
1970	55-59	0.01992	0.09513	2.65	80768	7684	385755	1499164	18.56
1970	60-64	0.03130	0.14574	2.64	73084	10651	340261	1113409	15.23
1970	65-69	0.04526	0.20409	2.6	62433	12742	281525	773148	12.38
1970	70-74	0.06619	0.28415	2.51	49691	14120	213335	491622	9.89
1970	75-79	0.09488	0.38083	2.41	35572	13547	142778	278287	7.82
1970	80-84	0.12886	0.48015	2.35	22025	10575	82069	135509	6.15
1970	85-89	0.18971	0.62257	2.24	11450	7128	37574	53440	4.67
1970	90-94	0.25189	0.72930	2.11	4321	3152	12512	15865	3.67
1970	95-99	0.33462	0.82666	1.94	1170	967	2890	3353	2.87
1970	100-104	0.42874	0.89628	1.75	203	182	424	463	2.29
1970	105-109	0.52846	0.94014	1.57	21	20	37	39	1.88
1970	110+	0.60941	1.00000	1.64	1	1	2	2	1.64
1971	0	0.02012	0.01976	0.1	100000	1976	98219	6690248	66.90
1971	1-4	0.00083	0.00333	1.79	98024	327	391373	6592029	67.25
1971	5-9	0.00051	0.00253	2.27	97697	247	487811	6200655	63.47
1971	10-14	0.00040	0.00202	2.98	97450	197	486852	5712844	58.62
1971	15-19	0.00161	0.00801	2.75	97253	779	484512	5225992	53.74
1971	20-24	0.00227	0.01127	2.53	96474	1087	479682	4741480	49.15
1971	25-29	0.00191	0.00949	2.39	95387	905	474573	4261798	44.68
1971	30-34	0.00225	0.01120	2.51	94482	1058	469781	3787225	40.08
1971	35-39	0.00331	0.01644	2.63	93424	1536	463477	3317443	35.51
1971	40-44	0.00485	0.02397	2.69	91889	2202	454354	2853966	31.06
1971	45-49	0.00800	0.03927	2.72	89686	3522	440399	2399612	26.76
1971	50-54	0.01169	0.05690	2.63	86164	4902	419205	1959213	22.74
1971	55-59	0.01899	0.09079	2.58	81262	7377	388485	1540009	18.95
1971	60-64	0.02922	0.13655	2.6	73884	10089	345222	1151524	15.59
1971	65-69	0.04399	0.19851	2.55	63796	12664	287906	806302	12.64
1971	70-74	0.06352	0.27366	2.47	51132	13993	220283	518397	10.14
1971	75-79	0.09069	0.36978	2.51	37139	13733	151440	298113	8.03
1971	80-84	0.12438	0.47082	2.42	23406	11020	88598	146673	6.27
1971	85-89	0.18642	0.61670	2.26	12386	7638	40973	58075	4.69
1971	90-94	0.25833	0.73433	2.06	4748	3486	13496	17103	3.60
1971	95-99	0.33514	0.82750	1.94	1261	1044	3114	3607	2.86
1971	100-104	0.43222	0.89853	1.75	218	195	452	493	2.27
1971	105-109	0.53498	0.94246	1.56	22	21	39	41	1.85
1971	110+	0.61827	1.00000	1.62	1	1	2	2	1.62
1972	0	0.01620	0.01596	0.09	100000	1596	98545	6710065	67.10
1972	1-4	0.00064	0.00256	1.69	98404	252	393033	6611520	67.19
1972	5-9	0.00049	0.00244	2.28	98151	239	490105	6218488	63.36
1972	10-14	0.00036	0.00181	3.06	97912	177	489218	5728382	58.51
1972	15-19	0.00152	0.00756	2.85	97735	739	487085	5239165	53.61
1972	20-24	0.00228	0.01133	2.55	96996	1099	482288	4752080	48.99
1972	25-29	0.00189	0.00940	2.6	95898	902	477323	4269792	44.52
1972	30-34	0.00206	0.01026	2.55	94996	975	472589	3792469	39.92
1972	35-39	0.00303	0.01503	2.62	94021	1413	466745	3319880	35.31
1972	40-44	0.00417	0.02063	2.75	92608	1911	458745	2853135	30.81
1972	45-49	0.00877	0.04296	2.63	90698	3896	444254	2394390	26.40
1972	50-54	0.01254	0.06090	2.66	86801	5286	421619	1950137	22.47
1972	55-59	0.01968	0.09419	2.74	81515	7678	390251	1528517	18.75
1972	60-64	0.02896	0.13523	2.55	73837	9985	344740	1138267	15.42
1972	65-69	0.04524	0.20352	2.53	63852	12995	287225	793527	12.43
1972	70-74	0.06297	0.27086	2.42	50857	13775	218741	506302	9.96
1972	75-79	0.09396	0.37839	2.43	37082	14031	149341	287560	7.75
1972	80-84	0.13393	0.49551	2.38	23050	11422	85282	138219	6.00
1972	85-89	0.19460	0.63591	2.28	11629	7395	38000	52937	4.55
1972	90-94	0.26342	0.74595	2.09	4234	3158	11989	14937	3.53
1972	95-99	0.35146	0.84222	1.91	1076	906	2578	2947	2.74
1972	100-104	0.45074	0.90842	1.71	170	154	342	370	2.18
1972	105-109	0.55437	0.94837	1.53	16	15	27	28	1.79
1972	110+	0.63771	1.00000	1.57	1	1	1	1	1.57
1973	0	0.01607	0.01584	0.09	100000	1584	98556	6778629	67.79
1973	1-4	0.00067	0.00268	1.76	98416	264	393075	6680073	67.88
1973	5-9	0.00034	0.00171	2.42	98153	168	490330	6286999	64.05
1973	10-14	0.00049	0.00243	2.83	97984	238	489404	5796669	59.16
1973	15-19	0.00158	0.00789	2.88	97746	771	487095	5307265	54.30
1973	20-24	0.00188	0.00936	2.4	96975	907	482517	4820170	49.71
1973	25-29	0.00194	0.00966	2.56	96068	928	478079	4337654	45.15
1973	30-34	0.00195	0.00970	2.47	95140	923	473362	3859575	40.57
1973	35-39	0.00285	0.01415	2.65	94217	1333	467948	3386213	35.94
1973	40-44	0.00454	0.02247	2.59	92884	2087	459383	2918265	31.42
1973	45-49	0.00763	0.03749	2.67	90797	3404	446057	2458883	27.08
1973	50-54	0.01121	0.05460	2.66	87393	4771	425783	2012826	23.03
1973	55-59	0.01797	0.08621	2.66	82621	7123	396406	1587042	19.21
1973	60-64	0.02769	0.12998	2.65	75499	9814	354397	1190636	15.77
1973	65-69	0.04328	0.19569	2.56	65685	12854	296997	836239	12.73
1973	70-74	0.06244	0.26942	2.46	52831	14233	227947	539242	10.21
1973	75-79	0.08893	0.36201	2.43	38597	13973	157125	311296	8.07
1973	80-84	0.12381	0.46905	2.42	24625	11550	93290	154171	6.26
1973	85-89	0.18767	0.62779	2.36	13075	8208	43737	60880	4.66
1973	90-94	0.26296	0.74502	2.09	4866	3626	13788	17143	3.52
1973	95-99	0.35583	0.84693	1.91	1241	1051	2953	3356	2.70
1973	100-104	0.46398	0.91562	1.69	190	174	375	402	2.12
1973	105-109	0.57603	0.95470	1.5	16	15	27	28	1.73
1973	110+	0.66527	1.00000	1.5	1	1	1	1	1.50
1974	0	0.01747	0.01719	0.09	100000	1719	98439	6770905	67.71
1974	1-4	0.00071	0.00283	1.69	98281	278	392481	6672466	67.89
1974	5-9	0.00043	0.00215	2.4	98003	211	489465	6279985	64.08
1974	10-14	0.00042	0.00210	2.79	97792	205	488508	5790521	59.21
1974	15-19	0.00154	0.00765	2.95	97587	747	486403	5302013	54.33
1974	20-24	0.00210	0.01044	2.48	96840	1011	481649	4815609	49.73
1974	25-29	0.00184	0.00917	2.45	95829	879	476910	4333960	45.23
1974	30-34	0.00227	0.01130	2.62	94951	1073	472194	3857050	40.62
1974	35-39	0.00256	0.01274	2.78	93878	1196	466733	3384855	36.06
1974	40-44	0.00463	0.02289	2.68	92682	2121	458481	2918122	31.49
1974	45-49	0.00741	0.03644	2.77	90561	3300	445438	2459641	27.16
1974	50-54	0.01122	0.05469	2.71	87261	4773	425356	2014203	23.08
1974	55-59	0.01739	0.08363	2.71	82488	6899	396677	1588847	19.26
1974	60-64	0.02823	0.13235	2.64	75590	10004	354379	1192170	15.77
1974	65-69	0.04433	0.20023	2.59	65585	13132	296258	837791	12.77
1974	70-74	0.06344	0.27509	2.59	52453	14429	227461	541533	10.32
1974	75-79	0.08664	0.35592	2.49	38024	13533	156207	314072	8.26
1974	80-84	0.12104	0.45964	2.38	24491	11257	93006	157865	6.45
1974	85-89	0.17583	0.59576	2.29	13234	7884	44839	64858	4.90
1974	90-94	0.24606	0.71974	2.12	5350	3850	15648	20019	3.74
1974	95-99	0.32793	0.82068	1.96	1499	1230	3752	4371	2.92
1974	100-104	0.42487	0.89441	1.76	269	240	566	619	2.30
1974	105-109	0.52812	0.94027	1.58	28	27	51	53	1.88
1974	110+	0.61203	1.00000	1.63	2	2	3	3	1.63
1975	0	0.01870	0.01839	0.1	100000	1839	98336	6841377	68.41
1975	1-4	0.00057	0.00228	1.7	98161	224	392130	6743040	68.69
1975	5-9	0.00034	0.00167	2.15	97937	164	489219	6350910	64.85
1975	10-14	0.00042	0.00212	2.84	97773	207	488419	5861691	59.95
1975	15-19	0.00131	0.00653	2.71	97566	638	486370	5373272	55.07
1975	20-24	0.00188	0.00938	2.55	96929	909	482414	4886902	50.42
1975	25-29	0.00179	0.00889	2.36	96019	854	477844	4404487	45.87
1975	30-34	0.00199	0.00991	2.63	95166	943	473589	3926643	41.26
1975	35-39	0.00250	0.01244	2.53	94222	1172	468215	3453054	36.65
1975	40-44	0.00406	0.02008	2.62	93050	1869	460808	2984840	32.08
1975	45-49	0.00667	0.03285	2.67	91181	2995	448929	2524032	27.68
1975	50-54	0.01114	0.05425	2.63	88186	4784	429598	2075103	23.53
1975	55-59	0.01674	0.08050	2.61	83402	6714	400985	1645504	19.73
1975	60-64	0.02702	0.12668	2.54	76689	9715	359521	1244520	16.23
1975	65-69	0.03952	0.18034	2.58	66974	12078	305621	884999	13.21
1975	70-74	0.05877	0.25657	2.53	54896	14084	239657	579379	10.55
1975	75-79	0.08505	0.35011	2.48	40811	14288	167995	339721	8.32
1975	80-84	0.12150	0.46211	2.41	26523	12256	100875	171727	6.47
1975	85-89	0.17268	0.58811	2.29	14266	8390	48587	70852	4.97
1975	90-94	0.24402	0.71334	2.09	5876	4192	17177	22265	3.79
1975	95-99	0.31568	0.80783	1.98	1684	1361	4311	5087	3.02
1975	100-104	0.40700	0.88307	1.79	324	286	702	777	2.40
1975	105-109	0.50530	0.93190	1.61	38	35	70	74	1.96
1975	110+	0.58570	1.00000	1.71	3	3	4	4	1.71
1976	0	0.01817	0.01787	0.09	100000	1787	98380	6868548	68.69
1976	1-4	0.00054	0.00215	1.85	98213	211	392398	6770168	68.93
1976	5-9	0.00041	0.00205	2.15	98002	201	489437	6377769	65.08
1976	10-14	0.00034	0.00168	3.11	97801	165	488692	5888333	60.21
1976	15-19	0.00123	0.00615	3.01	97636	601	486983	5399641	55.30
1976	20-24	0.00170	0.00846	2.42	97036	821	483055	4912658	50.63
1976	25-29	0.00150	0.00748	2.37	96214	720	479180	4429603	46.04
1976	30-34	0.00184	0.00917	2.57	95494	876	475341	3950423	41.37
1976	35-39	0.00259	0.01289	2.75	94618	1220	470351	3475082	36.73
1976	40-44	0.00417	0.02066	2.76	93399	1930	462676	3004731	32.17
1976	45-49	0.00692	0.03406	2.64	91469	3116	450000	2542054	27.79
1976	50-54	0.01058	0.05162	2.67	88353	4560	431150	2092055	23.68
1976	55-59	0.01621	0.07808	2.65	83793	6543	403612	1660904	19.82
1976	60-64	0.02672	0.12557	2.61	77250	9700	363043	1257293	16.28
1976	65-69	0.04032	0.18334	2.53	67549	12384	307146	894250	13.24
1976	70-74	0.05726	0.25090	2.54	55165	13841	241724	587103	10.64
1976	75-79	0.08743	0.35602	2.39	41324	14712	168264	345380	8.36
1976	80-84	0.11435	0.44285	2.45	26612	11785	103061	177116	6.66
1976	85-89	0.17273	0.58965	2.31	14827	8743	50613	74055	4.99
1976	90-94	0.23759	0.70638	2.13	6084	4298	18089	23441	3.85
1976	95-99	0.31785	0.81078	1.98	1786	1448	4557	5352	3.00
1976	100-104	0.41503	0.88869	1.78	338	300	724	796	2.35
1976	105-109	0.51942	0.93743	1.59	38	35	68	72	1.91
1976	110+	0.60460	1.00000	1.65	2	2	4	4	1.65
1977	0	0.01476	0.01457	0.08	100000	1457	98667	6932765	69.33
1977	1-4	0.00059	0.00234	1.51	98543	231	393600	6834098	69.35
1977	5-9	0.00041	0.00205	2.26	98313	201	491012	6440498	65.51
1977	10-14	0.00035	0.00174	2.74	98111	170	490172	5949486	60.64
1977	15-19	0.00108	0.00540	2.89	97941	529	488591	5459314	55.74
1977	20-24	0.00186	0.00925	2.55	97412	902	484850	4970723	51.03
1977	25-29	0.00173	0.00862	2.66	96511	832	480604	4485873	46.48
1977	30-34	0.00178	0.00888	2.49	95679	850	476265	4005269	41.86
1977	35-39	0.00228	0.01136	2.67	94829	1077	471637	3529004	37.21
1977	40-44	0.00383	0.01897	2.82	93752	1778	464874	3057367	32.61
1977	45-49	0.00597	0.02946	2.73	91974	2710	453706	2592493	28.19
1977	50-54	0.01022	0.04988	2.65	89264	4452	435864	2138787	23.96
1977	55-59	0.01620	0.07803	2.64	84811	6618	408461	1702924	20.08
1977	60-64	0.02531	0.11930	2.59	78193	9329	368511	1294463	16.55
1977	65-69	0.03836	0.17505	2.51	68865	12055	314267	925952	13.45
1977	70-74	0.05716	0.24966	2.47	56810	14183	248127	611685	10.77
1977	75-79	0.08103	0.33588	2.46	42627	14318	176703	363558	8.53
1977	80-84	0.12007	0.45977	2.45	28309	13016	108402	186854	6.60
1977	85-89	0.16394	0.56742	2.29	15294	8678	52933	78452	5.13
1977	90-94	0.23968	0.70502	2.08	6616	4664	19460	25519	3.86
1977	95-99	0.30611	0.79747	2	1952	1556	5084	6059	3.10
1977	100-104	0.39489	0.87492	1.82	395	346	876	975	2.47
1977	105-109	0.49121	0.92628	1.64	49	46	93	100	2.01
1977	110+	0.57028	1.00000	1.75	4	4	6	6	1.75
1978	0	0.01580	0.01557	0.09	100000	1557	98579	6924572	69.25
1978	1-4	0.00068	0.00271	1.69	98443	267	393153	6825994	69.34
1978	5-9	0.00034	0.00168	2.34	98176	165	490439	6432840	65.52
1978	10-14	0.00031	0.00157	3.06	98011	154	489754	5942401	60.63
1978	15-19	0.00128	0.00637	3.02	97856	623	488047	5452647	55.72
1978	20-24	0.00182	0.00905	2.49	97233	880	483960	4964600	51.06
1978	25-29	0.00177	0.00881	2.49	96353	849	479633	4480639	46.50
1978	30-34	0.00186	0.00927	2.58	95504	885	475383	4001007	41.89
1978	35-39	0.00218	0.01084	2.6	94619	1026	470632	3525624	37.26
1978	40-44	0.00374	0.01855	2.83	93593	1736	464197	3054992	32.64
1978	45-49	0.00592	0.02921	2.7	91857	2683	453121	2590794	28.20
1978	50-54	0.01053	0.05138	2.7	89173	4582	435312	2137673	23.97
1978	55-59	0.01534	0.07408	2.68	84591	6266	408442	1702361	20.12
1978	60-64	0.02476	0.11698	2.65	78325	9162	370086	1293919	16.52
1978	65-69	0.03898	0.17829	2.61	69163	12331	316374	923834	13.36
1978	70-74	0.05638	0.24735	2.52	56832	14057	249322	607460	10.69
1978	75-79	0.08516	0.35043	2.47	42775	14989	176013	358139	8.37
1978	80-84	0.11363	0.43804	2.39	27785	12171	107110	182126	6.55
1978	85-89	0.17604	0.59541	2.28	15614	9297	52810	75016	4.80
1978	90-94	0.26329	0.74345	2.07	6317	4697	17839	22205	3.51
1978	95-99	0.35670	0.84850	1.91	1621	1375	3855	4367	2.69
1978	100-104	0.47218	0.91998	1.68	246	226	478	511	2.08
1978	105-109	0.59124	0.95875	1.48	20	19	32	33	1.68
1978	110+	0.68522	1.00000	1.46	1	1	1	1	1.46
1979	0	0.01594	0.01571	0.09	100000	1571	98567	6969437	69.69
1979	1-4	0.00070	0.00279	1.62	98429	275	393062	6870870	69.81
1979	5-9	0.00026	0.00129	2.41	98155	127	490445	6477808	66.00
1979	10-14	0.00031	0.00154	2.43	98028	151	489751	5987363	61.08
1979	15-19	0.00105	0.00522	2.96	97877	511	488341	5497612	56.17
1979	20-24	0.00179	0.00890	2.6	97366	866	484749	5009272	51.45
1979	25-29	0.00188	0.00936	2.5	96499	904	480239	4524522	46.89
1979	30-34	0.00170	0.00847	2.62	95596	810	476048	4044283	42.31
1979	35-39	0.00216	0.01073	2.68	94786	1017	471573	3568235	37.65
1979	40-44	0.00368	0.01823	2.87	93768	1710	465201	3096662	33.02
1979	45-49	0.00559	0.02758	2.69	92059	2539	454434	2631461	28.58
1979	50-54	0.01006	0.04916	2.68	89519	4400	437404	2177027	24.32
1979	55-59	0.01578	0.07615	2.7	85119	6482	410690	1739623	20.44
1979	60-64	0.02325	0.11032	2.69	78637	8675	373142	1328933	16.90
1979	65-69	0.03632	0.16671	2.54	69962	11663	321123	955792	13.66
1979	70-74	0.05704	0.25036	2.56	58298	14595	255878	634669	10.89
1979	75-79	0.08160	0.33909	2.51	43703	14819	181604	378791	8.67
1979	80-84	0.11178	0.43400	2.43	28884	12535	112148	197187	6.83
1979	85-89	0.16482	0.56865	2.27	16348	9296	56403	85039	5.20
1979	90-94	0.22186	0.68577	2.22	7052	4836	21797	28637	4.06
1979	95-99	0.30752	0.79965	2	2216	1772	5762	6840	3.09
1979	100-104	0.40161	0.87999	1.81	444	391	973	1078	2.43
1979	105-109	0.50362	0.93156	1.62	53	50	99	105	1.97
1979	110+	0.58726	1.00000	1.7	4	4	6	6	1.70
1980	0	0.01501	0.01481	0.09	100000	1481	98646	6962966	69.63
1980	1-4	0.00056	0.00225	1.76	98519	221	393581	6864321	69.67
1980	5-9	0.00036	0.00180	2.23	98298	177	491000	6470740	65.83
1980	10-14	0.00027	0.00136	2.93	98121	134	490328	5979740	60.94
1980	15-19	0.00125	0.00623	2.84	97987	611	488615	5489412	56.02
1980	20-24	0.00204	0.01013	2.43	97377	986	484348	5000797	51.36
1980	25-29	0.00204	0.01014	2.51	96390	977	479514	4516449	46.86
1980	30-34	0.00188	0.00937	2.4	95413	894	474740	4036935	42.31
1980	35-39	0.00207	0.01031	2.69	94519	974	470347	3562196	37.69
1980	40-44	0.00335	0.01660	2.77	93545	1553	464265	3091848	33.05
1980	45-49	0.00559	0.02758	2.6	91992	2537	453858	2627583	28.56
1980	50-54	0.00938	0.04593	2.71	89455	4109	437849	2173725	24.30
1980	55-59	0.01540	0.07430	2.62	85346	6341	411646	1735876	20.34
1980	60-64	0.02405	0.11376	2.63	79005	8988	373713	1324231	16.76
1980	65-69	0.03650	0.16763	2.57	70017	11737	321527	950518	13.58
1980	70-74	0.05648	0.24797	2.54	58280	14452	255866	628991	10.79
1980	75-79	0.08131	0.33699	2.46	43828	14770	181659	373125	8.51
1980	80-84	0.11761	0.44913	2.37	29058	13051	110970	191466	6.59
1980	85-89	0.17223	0.58852	2.31	16007	9421	54697	80495	5.03
1980	90-94	0.23145	0.70183	2.2	6587	4623	19973	25798	3.92
1980	95-99	0.32157	0.81445	1.97	1964	1600	4974	5826	2.97
1980	100-104	0.41826	0.89055	1.78	364	325	776	852	2.34
1980	105-109	0.52179	0.93818	1.59	40	37	72	76	1.90
1980	110+	0.60616	1.00000	1.65	2	2	4	4	1.65
1981	0	0.01411	0.01393	0.08	100000	1393	98723	6999732	70.00
1981	1-4	0.00063	0.00251	1.73	98607	247	393867	6901010	69.98
1981	5-9	0.00026	0.00130	2.44	98360	128	491474	6507143	66.16
1981	10-14	0.00027	0.00136	3.14	98232	134	490913	6015669	61.24
1981	15-19	0.00121	0.00604	3.06	98098	592	489344	5524756	56.32
1981	20-24	0.00182	0.00906	2.53	97506	883	485350	5035412	51.64
1981	25-29	0.00179	0.00890	2.49	96623	860	480961	4550062	47.09
1981	30-34	0.00187	0.00930	2.5	95763	890	476594	4069101	42.49
1981	35-39	0.00220	0.01093	2.75	94873	1037	472037	3592507	37.87
1981	40-44	0.00354	0.01753	2.57	93836	1645	465189	3120470	33.25
1981	45-49	0.00540	0.02667	2.62	92191	2459	455101	2655280	28.80
1981	50-54	0.00950	0.04645	2.67	89732	4168	438950	2200179	24.52
1981	55-59	0.01510	0.07288	2.63	85563	6236	413010	1761229	20.58
1981	60-64	0.02271	0.10767	2.59	79328	8541	376087	1348219	17.00
1981	65-69	0.03521	0.16233	2.6	70786	11491	326299	972132	13.73
1981	70-74	0.05527	0.24329	2.54	59296	14426	261026	645833	10.89
1981	75-79	0.07813	0.32607	2.47	44870	14631	187262	384808	8.58
1981	80-84	0.11845	0.45340	2.41	30239	13710	115744	197546	6.53
1981	85-89	0.17553	0.59620	2.31	16529	9854	56141	81802	4.95
1981	90-94	0.23904	0.71053	2.15	6674	4742	19839	25661	3.84
1981	95-99	0.31626	0.80866	1.98	1932	1562	4940	5822	3.01
1981	100-104	0.40941	0.88480	1.79	370	327	799	882	2.39
1981	105-109	0.50964	0.93365	1.61	43	40	78	83	1.94
1981	110+	0.59157	1.00000	1.69	3	3	5	5	1.69
1982	0	0.01351	0.01335	0.08	100000	1335	98774	7040993	70.41
1982	1-4	0.00057	0.00229	1.43	98665	226	394081	6942220	70.36
1982	5-9	0.00029	0.00144	2.67	98440	142	491868	6548138	66.52
1982	10-14	0.00039	0.00195	2.96	98298	192	491097	6056270	61.61
1982	15-19	0.00108	0.00539	2.91	98106	529	489425	5565173	56.73
1982	20-24	0.00175	0.00872	2.52	97577	851	485773	5075749	52.02
1982	25-29	0.00179	0.00890	2.48	96726	861	481465	4589976	47.45
1982	30-34	0.00175	0.00873	2.64	95865	837	477352	4108511	42.86
1982	35-39	0.00215	0.01069	2.54	95028	1016	472638	3631159	38.21
1982	40-44	0.00310	0.01538	2.6	94012	1446	466594	3158521	33.60
1982	45-49	0.00543	0.02679	2.67	92566	2480	457059	2691927	29.08
1982	50-54	0.00893	0.04378	2.77	90086	3944	441617	2234868	24.81
1982	55-59	0.01439	0.06962	2.68	86141	5998	416792	1793251	20.82
1982	60-64	0.02284	0.10833	2.63	80144	8682	380124	1376459	17.17
1982	65-69	0.03445	0.15903	2.59	71462	11365	329914	996335	13.94
1982	70-74	0.05394	0.23858	2.58	60097	14338	265802	666422	11.09
1982	75-79	0.07913	0.33117	2.54	45759	15154	191511	400620	8.76
1982	80-84	0.10904	0.42582	2.43	30605	13032	119513	209109	6.83
1982	85-89	0.16696	0.57426	2.28	17573	10091	60441	89596	5.10
1982	90-94	0.23228	0.70062	2.17	7481	5242	22566	29155	3.90
1982	95-99	0.32379	0.81752	1.97	2240	1831	5655	6590	2.94
1982	100-104	0.42772	0.89680	1.76	409	367	857	935	2.29
1982	105-109	0.53867	0.94417	1.56	42	40	74	78	1.84
1982	110+	0.62864	1.00000	1.59	2	2	4	4	1.59
1983	0	0.01262	0.01248	0.08	100000	1248	98851	7050875	70.51
1983	1-4	0.00062	0.00246	1.56	98752	243	394418	6952024	70.40
1983	5-9	0.00026	0.00130	2.27	98510	128	492198	6557607	66.57
1983	10-14	0.00027	0.00134	2.83	98381	132	491621	6065409	61.65
1983	15-19	0.00099	0.00496	2.98	98249	487	490263	5573788	56.73
1983	20-24	0.00147	0.00733	2.67	97762	717	487140	5083525	52.00
1983	25-29	0.00174	0.00866	2.4	97046	841	483045	4596385	47.36
1983	30-34	0.00167	0.00834	2.62	96205	802	479113	4113340	42.76
1983	35-39	0.00213	0.01061	2.65	95403	1013	474635	3634227	38.09
1983	40-44	0.00328	0.01629	2.56	94390	1537	468206	3159591	33.47
1983	45-49	0.00540	0.02667	2.67	92853	2476	458500	2691385	28.99
1983	50-54	0.00921	0.04508	2.7	90377	4074	442499	2232885	24.71
1983	55-59	0.01482	0.07152	2.56	86302	6172	416440	1790386	20.75
1983	60-64	0.02161	0.10283	2.65	80130	8239	381258	1373946	17.15
1983	65-69	0.03495	0.16145	2.64	71891	11607	332058	992687	13.81
1983	70-74	0.05368	0.23658	2.5	60283	14262	265702	660629	10.96
1983	75-79	0.08014	0.33519	2.56	46022	15426	192482	394928	8.58
1983	80-84	0.11700	0.44802	2.39	30596	13708	117161	202445	6.62
1983	85-89	0.16911	0.58068	2.3	16888	9807	57989	85284	5.05
1983	90-94	0.23688	0.70651	2.14	7082	5003	21122	27295	3.85
1983	95-99	0.32104	0.81399	1.97	2078	1692	5270	6173	2.97
1983	100-104	0.41832	0.89066	1.78	387	344	823	903	2.34
1983	105-109	0.52253	0.93847	1.59	42	40	76	80	1.90
1983	110+	0.60744	1.00000	1.65	3	3	4	4	1.65
1984	0	0.01345	0.01329	0.08	100000	1329	98779	7070923	70.71
1984	1-4	0.00048	0.00191	1.74	98671	188	394259	6972144	70.66
1984	5-9	0.00028	0.00139	2.5	98483	136	492073	6577885	66.79
1984	10-14	0.00030	0.00150	3.01	98346	147	491439	6085812	61.88
1984	15-19	0.00092	0.00460	2.9	98199	452	490048	5594372	56.97
1984	20-24	0.00168	0.00836	2.67	97747	817	486836	5104324	52.22
1984	25-29	0.00159	0.00794	2.43	96930	769	482678	4617488	47.64
1984	30-34	0.00190	0.00944	2.48	96161	908	478519	4134811	43.00
1984	35-39	0.00201	0.01001	2.56	95253	953	473943	3656292	38.39
1984	40-44	0.00335	0.01661	2.62	94300	1566	467766	3182348	33.75
1984	45-49	0.00510	0.02520	2.73	92734	2337	458372	2714582	29.27
1984	50-54	0.00828	0.04062	2.7	90397	3672	443542	2256210	24.96
1984	55-59	0.01438	0.06951	2.63	86725	6029	419309	1812668	20.90
1984	60-64	0.02204	0.10479	2.66	80696	8456	383727	1393359	17.27
1984	65-69	0.03314	0.15347	2.59	72240	11087	334514	1009632	13.98
1984	70-74	0.05351	0.23600	2.5	61154	14433	269733	675118	11.04
1984	75-79	0.07742	0.32491	2.53	46721	15180	196084	405386	8.68
1984	80-84	0.11205	0.43563	2.45	31541	13740	122629	209301	6.64
1984	85-89	0.17338	0.59100	2.31	17801	10520	60678	86672	4.87
1984	90-94	0.25784	0.73800	2.1	7281	5373	20839	25994	3.57
1984	95-99	0.35543	0.84761	1.91	1908	1617	4549	5154	2.70
1984	100-104	0.47230	0.92017	1.68	291	267	566	605	2.08
1984	105-109	0.59285	0.95920	1.47	23	22	38	39	1.68
1984	110+	0.68788	1.00000	1.45	1	1	1	1	1.45
1985	0	0.01367	0.01350	0.08	100000	1350	98760	7048209	70.48
1985	1-4	0.00050	0.00201	1.56	98650	199	394113	6949449	70.45
1985	5-9	0.00028	0.00141	2.16	98451	139	491859	6555335	66.58
1985	10-14	0.00031	0.00157	3	98312	154	491251	6063476	61.68
1985	15-19	0.00097	0.00485	2.99	98158	476	489832	5572225	56.77
1985	20-24	0.00156	0.00776	2.48	97681	758	486499	5082393	52.03
1985	25-29	0.00176	0.00874	2.45	96923	847	482452	4595893	47.42
1985	30-34	0.00190	0.00945	2.54	96076	907	478151	4113441	42.81
1985	35-39	0.00231	0.01148	2.5	95169	1093	473116	3635291	38.20
1985	40-44	0.00314	0.01558	2.7	94076	1465	467011	3162175	33.61
1985	45-49	0.00529	0.02614	2.7	92611	2421	457479	2695164	29.10
1985	50-54	0.00889	0.04354	2.69	90190	3927	441892	2237685	24.81
1985	55-59	0.01461	0.07062	2.64	86263	6092	416965	1795793	20.82
1985	60-64	0.02280	0.10818	2.65	80171	8673	380465	1378828	17.20
1985	65-69	0.03386	0.15660	2.61	71497	11197	330687	998363	13.96
1985	70-74	0.05230	0.23165	2.54	60301	13969	267097	667676	11.07
1985	75-79	0.07900	0.32984	2.5	46332	15282	193443	400579	8.65
1985	80-84	0.11355	0.43845	2.4	31050	13614	119892	207137	6.67
1985	85-89	0.16973	0.58112	2.29	17436	10132	59698	87244	5.00
1985	90-94	0.24128	0.71820	2.18	7304	5245	21740	27547	3.77
1985	95-99	0.33919	0.83259	1.94	2058	1714	5052	5807	2.82
1985	100-104	0.44778	0.90790	1.73	345	313	699	755	2.19
1985	105-109	0.56194	0.95112	1.52	32	30	54	56	1.77
1985	110+	0.65352	1.00000	1.53	2	2	2	2	1.53
1986	0	0.01304	0.01288	0.08	100000	1288	98815	7059742	70.60
1986	1-4	0.00053	0.00212	1.68	98712	209	394364	6960927	70.52
1986	5-9	0.00019	0.00097	2.3	98503	96	492258	6566563	66.66
1986	10-14	0.00032	0.00158	2.85	98407	156	491703	6074305	61.73
1986	15-19	0.00115	0.00573	2.83	98252	563	490036	5582603	56.82
1986	20-24	0.00175	0.00870	2.55	97689	850	486362	5092567	52.13
1986	25-29	0.00179	0.00891	2.53	96839	863	482062	4606205	47.57
1986	30-34	0.00195	0.00971	2.5	95976	932	477554	4124142	42.97
1986	35-39	0.00230	0.01145	2.57	95044	1088	472577	3646588	38.37
1986	40-44	0.00305	0.01512	2.66	93957	1421	466454	3174012	33.78
1986	45-49	0.00496	0.02450	2.67	92536	2267	457398	2707557	29.26
1986	50-54	0.00848	0.04159	2.7	90268	3754	442714	2250159	24.93
1986	55-59	0.01448	0.07005	2.68	86514	6060	418528	1807446	20.89
1986	60-64	0.02227	0.10580	2.63	80454	8512	382130	1388917	17.26
1986	65-69	0.03354	0.15510	2.57	71942	11158	332641	1006787	13.99
1986	70-74	0.05272	0.23350	2.56	60784	14193	269237	674147	11.09
1986	75-79	0.07829	0.32654	2.46	46591	15214	194320	404910	8.69
1986	80-84	0.11045	0.42981	2.42	31377	13486	122103	210590	6.71
1986	85-89	0.17461	0.59499	2.32	17891	10645	60962	88488	4.95
1986	90-94	0.24071	0.71315	2.14	7246	5167	21468	27526	3.80
1986	95-99	0.32729	0.82090	1.96	2079	1706	5213	6059	2.91
1986	100-104	0.43102	0.89860	1.76	372	335	776	845	2.27
1986	105-109	0.54140	0.94497	1.56	38	36	66	69	1.83
1986	110+	0.63080	1.00000	1.59	2	2	3	3	1.59
1987	0	0.01247	0.01233	0.08	100000	1233	98864	7072175	70.72
1987	1-4	0.00053	0.00211	1.81	98767	208	394613	6973311	70.60
1987	5-9	0.00028	0.00138	1.9	98559	136	492374	6578698	66.75
1987	10-14	0.00028	0.00141	3	98423	139	491838	6086325	61.84
1987	15-19	0.00117	0.00586	2.97	98284	576	490255	5594487	56.92
1987	20-24	0.00170	0.00846	2.45	97708	827	486435	5104232	52.24
1987	25-29	0.00194	0.00965	2.56	96881	935	482125	4617797	47.66
1987	30-34	0.00212	0.01053	2.63	95946	1010	477333	4135672	43.10
1987	35-39	0.00274	0.01363	2.66	94936	1294	471656	3658339	38.53
1987	40-44	0.00320	0.01590	2.82	93642	1489	464972	3186682	34.03
1987	45-49	0.00475	0.02349	2.71	92153	2164	455803	2721710	29.53
1987	50-54	0.00814	0.03994	2.59	89989	3594	441299	2265907	25.18
1987	55-59	0.01373	0.06649	2.64	86395	5745	418440	1824609	21.12
1987	60-64	0.02113	0.10056	2.6	80650	8110	383813	1406169	17.44
1987	65-69	0.03248	0.15071	2.61	72540	10933	336556	1022356	14.09
1987	70-74	0.05201	0.23110	2.59	61607	14237	273715	685800	11.13
1987	75-79	0.07758	0.32513	2.51	47370	15402	198517	412086	8.70
1987	80-84	0.11041	0.43055	2.44	31968	13764	124661	213568	6.68
1987	85-89	0.17451	0.59155	2.28	18204	10769	61710	88907	4.88
1987	90-94	0.24919	0.72529	2.12	7436	5393	21642	27197	3.66
1987	95-99	0.35286	0.84544	1.92	2043	1727	4894	5555	2.72
1987	100-104	0.46944	0.91888	1.69	316	290	618	661	2.09
1987	105-109	0.58999	0.95854	1.48	26	25	42	43	1.69
1987	110+	0.68520	1.00000	1.46	1	1	2	2	1.46
1988	0	0.01290	0.01275	0.08	100000	1275	98827	7074397	70.74
1988	1-4	0.00048	0.00192	1.7	98725	190	394463	6975570	70.66
1988	5-9	0.00022	0.00112	2.65	98535	111	492416	6581107	66.79
1988	10-14	0.00027	0.00137	2.79	98424	135	491825	6088691	61.86
1988	15-19	0.00131	0.00651	2.9	98290	640	490103	5596866	56.94
1988	20-24	0.00195	0.00969	2.6	97650	946	485982	5106763	52.30
1988	25-29	0.00198	0.00986	2.42	96704	953	481056	4620781	47.78
1988	30-34	0.00237	0.01180	2.53	95751	1130	475957	4139725	43.23
1988	35-39	0.00272	0.01353	2.55	94621	1280	469966	3663768	38.72
1988	40-44	0.00329	0.01633	2.58	93341	1524	463011	3193802	34.22
1988	45-49	0.00462	0.02282	2.56	91816	2095	453973	2730791	29.74
1988	50-54	0.00844	0.04137	2.62	89721	3712	439754	2276818	25.38
1988	55-59	0.01352	0.06555	2.67	86009	5638	416906	1837064	21.36
1988	60-64	0.02079	0.09902	2.61	80371	7959	382854	1420158	17.67
1988	65-69	0.03181	0.14782	2.62	72412	10704	336557	1037304	14.32
1988	70-74	0.04956	0.22135	2.59	61708	13659	275616	700748	11.36
1988	75-79	0.07411	0.31257	2.5	48049	15018	202658	425132	8.85
1988	80-84	0.11048	0.43130	2.46	33030	14246	128952	222474	6.74
1988	85-89	0.16077	0.56107	2.31	18784	10539	65555	93522	4.98
1988	90-94	0.27721	0.76827	2.1	8245	6334	22851	27967	3.39
1988	95-99	0.35869	0.85078	1.91	1911	1626	4532	5117	2.68
1988	100-104	0.47977	0.92374	1.67	285	263	549	585	2.05
1988	105-109	0.60392	0.96183	1.46	22	21	35	36	1.65
1988	110+	0.70105	1.00000	1.43	1	1	1	1	1.43
1989	0	0.01123	0.01111	0.08	100000	1111	98972	7105805	71.06
1989	1-4	0.00056	0.00225	1.71	98889	222	395047	7006833	70.86
1989	5-9	0.00030	0.00149	2.54	98667	147	492972	6611785	67.01
1989	10-14	0.00033	0.00166	3.03	98520	164	492276	6118813	62.11
1989	15-19	0.00136	0.00678	2.76	98356	667	490288	5626538	57.21
1989	20-24	0.00180	0.00898	2.61	97689	877	486352	5136249	52.58
1989	25-29	0.00196	0.00974	2.53	96812	943	481733	4649898	48.03
1989	30-34	0.00249	0.01237	2.63	95870	1186	476537	4168164	43.48
1989	35-39	0.00289	0.01435	2.59	94683	1359	470141	3691627	38.99
1989	40-44	0.00334	0.01658	2.6	93324	1547	462908	3221486	34.52
1989	45-49	0.00456	0.02254	2.57	91777	2069	453858	2758578	30.06
1989	50-54	0.00811	0.03980	2.68	89709	3570	440260	2304720	25.69
1989	55-59	0.01326	0.06427	2.64	86139	5536	417652	1864460	21.64
1989	60-64	0.02033	0.09696	2.62	80603	7815	384399	1446808	17.95
1989	65-69	0.03097	0.14416	2.6	72787	10493	338790	1062409	14.60
1989	70-74	0.04671	0.20950	2.54	62294	13051	279409	723620	11.62
1989	75-79	0.07179	0.30471	2.52	49244	15005	209020	444211	9.02
1989	80-84	0.10823	0.42536	2.48	34238	14564	134560	235190	6.87
1989	85-89	0.16504	0.57193	2.32	19675	11253	68182	100630	5.11
1989	90-94	0.23595	0.70479	2.14	8422	5936	25157	32448	3.85
1989	95-99	0.32475	0.81871	1.97	2486	2036	6268	7292	2.93
1989	100-104	0.43074	0.89870	1.76	451	405	940	1024	2.27
1989	105-109	0.54372	0.94584	1.55	46	43	79	83	1.82
1989	110+	0.63518	1.00000	1.57	2	2	4	4	1.57
1990	0	0.01064	0.01054	0.07	100000	1054	99024	7140384	71.40
1990	1-4	0.00050	0.00198	1.69	98946	196	395333	7041360	71.16
1990	5-9	0.00022	0.00108	2.05	98750	107	493437	6646027	67.30
1990	10-14	0.00036	0.00177	2.97	98644	175	492862	6152589	62.37
1990	15-19	0.00144	0.00718	2.96	98469	707	490901	5659728	57.48
1990	20-24	0.00175	0.00872	2.43	97762	852	486617	5168827	52.87
1990	25-29	0.00199	0.00989	2.6	96909	959	482243	4682210	48.32
1990	30-34	0.00228	0.01133	2.55	95951	1087	477087	4199967	43.77
1990	35-39	0.00272	0.01350	2.49	94864	1281	471109	3722880	39.24
1990	40-44	0.00333	0.01651	2.46	93583	1545	463992	3251771	34.75
1990	45-49	0.00500	0.02472	2.59	92037	2276	454701	2787780	30.29
1990	50-54	0.00747	0.03669	2.6	89762	3293	440921	2333078	25.99
1990	55-59	0.01249	0.06069	2.65	86469	5247	420001	1892158	21.88
1990	60-64	0.02046	0.09764	2.66	81221	7930	387524	1472157	18.13
1990	65-69	0.02970	0.13851	2.57	73291	10152	341790	1084632	14.80
1990	70-74	0.04614	0.20785	2.62	63139	13124	284406	742842	11.77
1990	75-79	0.06994	0.29711	2.47	50015	14860	212481	458436	9.17
1990	80-84	0.10508	0.41337	2.42	35155	14532	138295	245956	7.00
1990	85-89	0.16534	0.57658	2.38	20623	11891	71915	107661	5.22
1990	90-94	0.21721	0.67872	2.24	8732	5927	27286	35746	4.09
1990	95-99	0.31486	0.80841	1.99	2806	2268	7203	8460	3.02
1990	100-104	0.41756	0.89084	1.78	538	479	1147	1257	2.34
1990	105-109	0.52811	0.94079	1.58	59	55	105	110	1.88
1990	110+	0.61818	1.00000	1.62	3	3	6	6	1.62
1991	0	0.01039	0.01029	0.07	100000	1029	99046	7160896	71.61
1991	1-4	0.00058	0.00231	1.66	98971	229	395350	7061850	71.35
1991	5-9	0.00027	0.00134	2.27	98743	133	493351	6666499	67.51
1991	10-14	0.00036	0.00181	3	98610	178	492693	6173148	62.60
1991	15-19	0.00129	0.00645	2.89	98432	635	490818	5680456	57.71
1991	20-24	0.00185	0.00922	2.43	97797	902	486662	5189638	53.07
1991	25-29	0.00194	0.00966	2.57	96895	936	482205	4702976	48.54
1991	30-34	0.00251	0.01246	2.52	95959	1196	476827	4220772	43.99
1991	35-39	0.00281	0.01396	2.52	94763	1323	470532	3743944	39.51
1991	40-44	0.00387	0.01918	2.53	93440	1792	462768	3273413	35.03
1991	45-49	0.00474	0.02345	2.65	91648	2150	453192	2810644	30.67
1991	50-54	0.00698	0.03433	2.7	89498	3072	440426	2357452	26.34
1991	55-59	0.01194	0.05810	2.72	86426	5021	420701	1917027	22.18
1991	60-64	0.01906	0.09111	2.59	81405	7417	389155	1496325	18.38
1991	65-69	0.02926	0.13643	2.52	73988	10094	344935	1107170	14.96
1991	70-74	0.04558	0.20541	2.6	63894	13124	287935	762236	11.93
1991	75-79	0.06701	0.28671	2.48	50770	14556	217228	474301	9.34
1991	80-84	0.10374	0.41219	2.51	36213	14927	143886	257073	7.10
1991	85-89	0.15582	0.55264	2.37	21287	11764	75495	113187	5.32
1991	90-94	0.22494	0.69911	2.29	9523	6657	29596	37692	3.96
1991	95-99	0.33775	0.83240	1.95	2865	2385	7062	8095	2.83
1991	100-104	0.45560	0.91266	1.72	480	438	962	1034	2.15
1991	105-109	0.57914	0.95610	1.5	42	40	69	72	1.72
1991	110+	0.67733	1.00000	1.48	2	2	3	3	1.48
1992	0	0.01081	0.01070	0.07	100000	1070	99009	7178925	71.79
1992	1-4	0.00053	0.00210	1.9	98930	208	395283	7079916	71.56
1992	5-9	0.00028	0.00139	2.49	98722	137	493267	6684633	67.71
1992	10-14	0.00027	0.00136	3.25	98585	134	492690	6191365	62.80
1992	15-19	0.00126	0.00628	2.91	98451	618	490965	5698675	57.88
1992	20-24	0.00169	0.00840	2.61	97833	822	487198	5207710	53.23
1992	25-29	0.00206	0.01026	2.51	97011	995	482580	4720512	48.66
1992	30-34	0.00245	0.01219	2.64	96016	1170	477314	4237933	44.14
1992	35-39	0.00307	0.01523	2.51	94846	1445	470630	3760618	39.65
1992	40-44	0.00368	0.01824	2.56	93401	1704	462855	3289989	35.22
1992	45-49	0.00500	0.02474	2.67	91697	2268	453210	2827134	30.83
1992	50-54	0.00692	0.03403	2.65	89429	3043	440003	2373924	26.55
1992	55-59	0.01137	0.05542	2.69	86386	4787	420883	1933922	22.39
1992	60-64	0.01828	0.08758	2.62	81598	7147	391008	1513039	18.54
1992	65-69	0.02976	0.13888	2.6	74452	10340	347446	1122031	15.07
1992	70-74	0.04380	0.19803	2.58	64112	12696	289863	774585	12.08
1992	75-79	0.06690	0.28711	2.53	51416	14762	220664	484722	9.43
1992	80-84	0.10046	0.40095	2.48	36654	14696	146287	264058	7.20
1992	85-89	0.15356	0.54834	2.39	21957	12040	78408	117770	5.36
1992	90-94	0.22406	0.69009	2.22	9917	6844	30545	39362	3.97
1992	95-99	0.33194	0.82696	1.97	3073	2542	7657	8817	2.87
1992	100-104	0.44913	0.90947	1.73	532	484	1077	1160	2.18
1992	105-109	0.57273	0.95451	1.51	48	46	80	84	1.73
1992	110+	0.67134	1.00000	1.49	2	2	3	3	1.49
1993	0	0.01047	0.01037	0.07	100000	1037	99039	7151400	71.51
1993	1-4	0.00046	0.00183	1.79	98963	181	395450	7052361	71.26
1993	5-9	0.00021	0.00106	2.36	98782	105	493632	6656911	67.39
1993	10-14	0.00032	0.00158	2.66	98677	156	493020	6163279	62.46
1993	15-19	0.00133	0.00663	2.92	98521	653	491247	5670259	57.55
1993	20-24	0.00208	0.01033	2.52	97868	1011	486830	5179012	52.92
1993	25-29	0.00217	0.01079	2.56	96857	1045	481729	4692182	48.44
1993	30-34	0.00275	0.01366	2.6	95812	1309	475918	4210453	43.95
1993	35-39	0.00333	0.01650	2.48	94503	1559	468591	3734534	39.52
1993	40-44	0.00390	0.01931	2.46	92944	1795	460155	3265943	35.14
1993	45-49	0.00545	0.02689	2.56	91149	2451	449769	2805788	30.78
1993	50-54	0.00670	0.03299	2.67	88698	2926	436664	2356019	26.56
1993	55-59	0.01120	0.05454	2.64	85772	4678	417798	1919356	22.38
1993	60-64	0.01849	0.08849	2.57	81094	7176	388057	1501558	18.52
1993	65-69	0.02898	0.13555	2.61	73918	10019	345686	1113501	15.06
1993	70-74	0.04344	0.19656	2.59	63899	12560	289167	767815	12.02
1993	75-79	0.06520	0.28123	2.56	51338	14438	221427	478648	9.32
1993	80-84	0.10498	0.41438	2.46	36900	15291	145652	257221	6.97
1993	85-89	0.15825	0.55807	2.36	21609	12060	76204	111569	5.16
1993	90-94	0.24667	0.72615	2.17	9550	6935	28113	35365	3.70
1993	95-99	0.34493	0.83896	1.94	2615	2194	6361	7252	2.77
1993	100-104	0.46415	0.91677	1.7	421	386	832	891	2.12
1993	105-109	0.58817	0.95829	1.48	35	34	57	59	1.69
1993	110+	0.68618	1.00000	1.46	1	1	2	2	1.46
1994	0	0.01005	0.00996	0.07	100000	996	99076	7168544	71.69
1994	1-4	0.00045	0.00178	1.6	99004	176	395592	7069468	71.41
1994	5-9	0.00021	0.00106	2.49	98828	105	493875	6673876	67.53
1994	10-14	0.00036	0.00178	2.97	98723	175	493258	6180001	62.60
1994	15-19	0.00120	0.00597	2.91	98547	588	491507	5686743	57.71
1994	20-24	0.00200	0.00994	2.62	97959	973	487479	5195236	53.03
1994	25-29	0.00210	0.01044	2.58	96986	1013	482477	4707757	48.54
1994	30-34	0.00275	0.01366	2.63	95973	1311	476762	4225281	44.03
1994	35-39	0.00359	0.01779	2.52	94662	1684	469141	3748519	39.60
1994	40-44	0.00410	0.02029	2.49	92978	1887	460160	3279378	35.27
1994	45-49	0.00516	0.02546	2.58	91092	2319	449842	2819218	30.95
1994	50-54	0.00754	0.03701	2.61	88773	3285	436001	2369376	26.69
1994	55-59	0.01108	0.05404	2.74	85487	4619	417000	1933375	22.62
1994	60-64	0.01865	0.08931	2.65	80868	7223	387367	1516375	18.75
1994	65-69	0.02817	0.13186	2.58	73645	9711	344699	1129008	15.33
1994	70-74	0.04101	0.18639	2.56	63934	11917	290604	784309	12.27
1994	75-79	0.06381	0.27543	2.52	52017	14327	224541	493705	9.49
1994	80-84	0.10295	0.40830	2.47	37690	15389	149483	269165	7.14
1994	85-89	0.15507	0.55258	2.4	22301	12323	79468	119681	5.37
1994	90-94	0.22216	0.69628	2.32	9978	6947	31272	40213	4.03
1994	95-99	0.32209	0.81661	1.98	3031	2475	7684	8941	2.95
1994	100-104	0.43215	0.89992	1.76	556	500	1157	1258	2.26
1994	105-109	0.54962	0.94787	1.54	56	53	96	100	1.81
1994	110+	0.64452	1.00000	1.55	3	3	4	4	1.55
1995	0	0.00984	0.00975	0.07	100000	975	99095	7166526	71.67
1995	1-4	0.00038	0.00152	1.57	99025	151	395734	7067431	71.37
1995	5-9	0.00021	0.00107	2.58	98874	105	494117	6671697	67.48
1995	10-14	0.00028	0.00138	3.08	98769	136	493583	6177580	62.55
1995	15-19	0.00151	0.00752	2.98	98633	741	491664	5683997	57.63
1995	20-24	0.00181	0.00902	2.43	97891	883	487187	5192333	53.04
1995	25-29	0.00207	0.01029	2.57	97008	998	482619	4705146	48.50
1995	30-34	0.00285	0.01417	2.63	96011	1360	476826	4222527	43.98
1995	35-39	0.00406	0.02009	2.58	94650	1901	468645	3745701	39.57
1995	40-44	0.00458	0.02264	2.56	92749	2100	458616	3277055	35.33
1995	45-49	0.00529	0.02613	2.54	90650	2368	447428	2818439	31.09
1995	50-54	0.00702	0.03453	2.69	88281	3049	434351	2371012	26.86
1995	55-59	0.01084	0.05284	2.59	85233	4503	415294	1936660	22.72
1995	60-64	0.01767	0.08470	2.56	80729	6838	386939	1521367	18.85
1995	65-69	0.02795	0.13116	2.66	73891	9692	346734	1134427	15.35
1995	70-74	0.04062	0.18476	2.56	64200	11861	292043	787693	12.27
1995	75-79	0.06386	0.27605	2.55	52338	14448	226247	495650	9.47
1995	80-84	0.10165	0.40464	2.48	37890	15332	150831	269403	7.11
1995	85-89	0.15589	0.55316	2.38	22559	12479	80048	118572	5.26
1995	90-94	0.23784	0.72107	2.27	10080	7268	30560	38524	3.82
1995	95-99	0.33676	0.83153	1.96	2812	2338	6942	7964	2.83
1995	100-104	0.45487	0.91234	1.72	474	432	950	1021	2.16
1995	105-109	0.57878	0.95604	1.5	42	40	69	71	1.72
1995	110+	0.67728	1.00000	1.48	2	2	3	3	1.48
1996	0	0.00946	0.00938	0.07	100000	938	99128	7219550	72.20
1996	1-4	0.00041	0.00162	1.48	99062	161	395842	7120422	71.88
1996	5-9	0.00019	0.00097	2.66	98901	96	494282	6724580	67.99
1996	10-14	0.00026	0.00130	2.93	98806	128	493763	6230298	63.06
1996	15-19	0.00119	0.00593	3.1	98678	585	492274	5736535	58.13
1996	20-24	0.00186	0.00925	2.5	98093	907	488197	5244261	53.46
1996	25-29	0.00191	0.00952	2.71	97185	925	483804	4756063	48.94
1996	30-34	0.00241	0.01197	2.68	96260	1152	478634	4272259	44.38
1996	35-39	0.00302	0.01500	2.54	95108	1427	472025	3793626	39.89
1996	40-44	0.00386	0.01912	2.64	93681	1791	464178	3321600	35.46
1996	45-49	0.00526	0.02600	2.67	91890	2390	453874	2857422	31.10
1996	50-54	0.00666	0.03280	2.65	89500	2935	440607	2403548	26.86
1996	55-59	0.01129	0.05496	2.62	86565	4758	421478	1962941	22.68
1996	60-64	0.01737	0.08347	2.67	81807	6829	393133	1541463	18.84
1996	65-69	0.02711	0.12757	2.7	74978	9565	352882	1148330	15.32
1996	70-74	0.04238	0.19189	2.54	65413	12552	296210	795447	12.16
1996	75-79	0.06320	0.27301	2.51	52861	14432	228358	499237	9.44
1996	80-84	0.10195	0.40529	2.47	38430	15575	152774	270879	7.05
1996	85-89	0.16034	0.56556	2.4	22855	12926	80613	118105	5.17
1996	90-94	0.23861	0.70908	2.14	9929	7040	29506	37492	3.78
1996	95-99	0.34587	0.84007	1.94	2889	2427	7016	7986	2.76
1996	100-104	0.46755	0.91854	1.7	462	424	908	971	2.10
1996	105-109	0.59384	0.95971	1.47	38	36	61	63	1.67
1996	110+	0.69325	1.00000	1.44	2	2	2	2	1.44
1997	0	0.00951	0.00942	0.07	100000	942	99124	7283857	72.84
1997	1-4	0.00031	0.00125	1.81	99058	124	395960	7184733	72.53
1997	5-9	0.00015	0.00075	2.64	98934	74	494494	6788773	68.62
1997	10-14	0.00026	0.00129	2.91	98860	128	494031	6294279	63.67
1997	15-19	0.00109	0.00543	2.94	98732	536	492554	5800248	58.75
1997	20-24	0.00178	0.00884	2.5	98196	868	488810	5307694	54.05
1997	25-29	0.00155	0.00771	2.44	97328	750	484716	4818884	49.51
1997	30-34	0.00203	0.01011	2.71	96578	976	480651	4334168	44.88
1997	35-39	0.00297	0.01474	2.65	95602	1409	474699	3853517	40.31
1997	40-44	0.00368	0.01821	2.57	94193	1715	466788	3378818	35.87
1997	45-49	0.00494	0.02443	2.6	92477	2259	456968	2912030	31.49
1997	50-54	0.00655	0.03226	2.63	90218	2910	444186	2455062	27.21
1997	55-59	0.01036	0.05056	2.62	87308	4414	426055	2010876	23.03
1997	60-64	0.01662	0.07997	2.65	82894	6629	398904	1584822	19.12
1997	65-69	0.02656	0.12481	2.59	76265	9519	358377	1185918	15.55
1997	70-74	0.04124	0.18716	2.53	66746	12492	302907	827541	12.40
1997	75-79	0.06168	0.26729	2.51	54254	14501	235101	524634	9.67
1997	80-84	0.09695	0.39033	2.5	39753	15517	160045	289532	7.28
1997	85-89	0.15351	0.55030	2.43	24236	13337	86880	129487	5.34
1997	90-94	0.22906	0.70261	2.25	10899	7658	33432	42607	3.91
1997	95-99	0.33659	0.83187	1.96	3241	2696	8011	9176	2.83
1997	100-104	0.45878	0.91460	1.71	545	498	1086	1165	2.14
1997	105-109	0.58671	0.95815	1.49	47	45	76	79	1.69
1997	110+	0.68788	1.00000	1.45	2	2	3	3	1.45
1998	0	0.00952	0.00944	0.07	100000	944	99123	7315502	73.16
1998	1-4	0.00029	0.00115	1.65	99056	114	395956	7216379	72.85
1998	5-9	0.00018	0.00092	2.4	98942	91	494473	6820424	68.93
1998	10-14	0.00025	0.00124	2.81	98851	122	493986	6325951	63.99
1998	15-19	0.00120	0.00597	3.08	98728	590	492513	5831965	59.07
1998	20-24	0.00170	0.00848	2.47	98139	832	488591	5339452	54.41
1998	25-29	0.00163	0.00811	2.29	97307	789	484396	4850861	49.85
1998	30-34	0.00194	0.00965	2.69	96518	932	480437	4366465	45.24
1998	35-39	0.00260	0.01294	2.6	95586	1237	474965	3886028	40.65
1998	40-44	0.00354	0.01755	2.68	94350	1656	467904	3411063	36.15
1998	45-49	0.00484	0.02391	2.59	92694	2216	458140	2943158	31.75
1998	50-54	0.00634	0.03120	2.52	90478	2823	445379	2485018	27.47
1998	55-59	0.01000	0.04886	2.7	87655	4283	428425	2039639	23.27
1998	60-64	0.01625	0.07821	2.59	83372	6521	401170	1611214	19.33
1998	65-69	0.02495	0.11768	2.59	76851	9044	362474	1210044	15.75
1998	70-74	0.03976	0.18158	2.62	67807	12313	309686	847570	12.50
1998	75-79	0.06150	0.26760	2.58	55495	14850	241482	537884	9.69
1998	80-84	0.09727	0.39259	2.54	40644	15957	164042	296402	7.29
1998	85-89	0.14864	0.53348	2.36	24688	13170	88605	132359	5.36
1998	90-94	0.23883	0.71693	2.21	11517	8257	34573	43754	3.80
1998	95-99	0.33851	0.83377	1.96	3260	2718	8030	9181	2.82
1998	100-104	0.46202	0.91622	1.71	542	497	1075	1151	2.12
1998	105-109	0.59099	0.95920	1.48	45	44	74	76	1.68
1998	110+	0.69267	1.00000	1.44	2	2	3	3	1.44
1999	0	0.00946	0.00938	0.07	100000	938	99128	7311762	73.12
1999	1-4	0.00031	0.00122	1.51	99062	121	395947	7212634	72.81
1999	5-9	0.00020	0.00098	2.2	98941	97	494435	6816687	68.90
1999	10-14	0.00024	0.00118	2.66	98845	117	493950	6322251	63.96
1999	15-19	0.00130	0.00648	3.07	98728	639	492406	5828301	59.03
1999	20-24	0.00181	0.00898	2.33	98089	881	488087	5335895	54.40
1999	25-29	0.00165	0.00823	2.47	97208	800	484018	4847808	49.87
1999	30-34	0.00172	0.00855	2.67	96408	824	480120	4363790	45.26
1999	35-39	0.00260	0.01291	2.74	95583	1234	475122	3883670	40.63
1999	40-44	0.00366	0.01813	2.65	94349	1711	467723	3408548	36.13
1999	45-49	0.00494	0.02439	2.6	92638	2259	457761	2940825	31.75
1999	50-54	0.00681	0.03352	2.65	90379	3030	444767	2483063	27.47
1999	55-59	0.01016	0.04964	2.67	87350	4336	426659	2038296	23.33
1999	60-64	0.01553	0.07494	2.68	83014	6221	400617	1611637	19.41
1999	65-69	0.02523	0.11892	2.58	76792	9132	361899	1211020	15.77
1999	70-74	0.03858	0.17658	2.6	67660	11947	309674	849121	12.55
1999	75-79	0.06092	0.26542	2.58	55713	14787	242737	539448	9.68
1999	80-84	0.09554	0.38623	2.52	40926	15807	165450	296711	7.25
1999	85-89	0.15003	0.53806	2.37	25119	13515	90086	131261	5.23
1999	90-94	0.25877	0.74874	2.19	11603	8688	33574	41175	3.55
1999	95-99	0.36834	0.86047	1.9	2916	2509	6811	7602	2.61
1999	100-104	0.50716	0.93580	1.63	407	381	751	791	1.94
1999	105-109	0.64605	0.97046	1.4	26	25	39	40	1.54
1999	110+	0.75059	1.00000	1.33	1	1	1	1	1.33
2000	0	0.00845	0.00839	0.07	100000	839	99218	7348430	73.48
2000	1-4	0.00025	0.00100	1.65	99161	99	396413	7249212	73.11
2000	5-9	0.00014	0.00072	2.79	99062	71	495153	6852799	69.18
2000	10-14	0.00027	0.00136	2.9	98991	134	494672	6357646	64.22
2000	15-19	0.00105	0.00526	2.97	98856	520	493230	5862973	59.31
2000	20-24	0.00192	0.00953	2.31	98337	937	489166	5369744	54.61
2000	25-29	0.00150	0.00749	2.43	97400	729	485122	4880577	50.11
2000	30-34	0.00179	0.00892	2.53	96671	862	481221	4395455	45.47
2000	35-39	0.00243	0.01207	2.68	95809	1157	476357	3914234	40.85
2000	40-44	0.00347	0.01720	2.64	94652	1628	469416	3437878	36.32
2000	45-49	0.00495	0.02447	2.62	93023	2277	459694	2968461	31.91
2000	50-54	0.00644	0.03170	2.56	90747	2877	446721	2508768	27.65
2000	55-59	0.01000	0.04886	2.71	87870	4294	429505	2062047	23.47
2000	60-64	0.01529	0.07374	2.61	83576	6163	403179	1632542	19.53
2000	65-69	0.02486	0.11745	2.66	77414	9092	365762	1229363	15.88
2000	70-74	0.03859	0.17686	2.64	68322	12083	313115	863602	12.64
2000	75-79	0.05895	0.25791	2.58	56238	14505	246043	550486	9.79
2000	80-84	0.09273	0.37566	2.47	41734	15677	169067	304443	7.29
2000	85-89	0.15251	0.54687	2.41	26056	14249	93433	135376	5.20
2000	90-94	0.25754	0.73754	2.1	11807	8708	33812	41943	3.55
2000	95-99	0.36574	0.85843	1.91	3099	2660	7273	8131	2.62
2000	100-104	0.50437	0.93479	1.63	439	410	813	857	1.95
2000	105-109	0.64349	0.97004	1.4	29	28	43	44	1.55
2000	110+	0.74844	1.00000	1.34	1	1	1	1	1.34
2001	0	0.00853	0.00846	0.07	100000	846	99212	7361646	73.62
2001	1-4	0.00040	0.00161	1.59	99154	160	396231	7262435	73.24
2001	5-9	0.00014	0.00069	2.26	98994	69	494784	6866203	69.36
2001	10-14	0.00022	0.00110	2.83	98926	109	494393	6371420	64.41
2001	15-19	0.00111	0.00556	3.07	98817	549	493024	5877027	59.47
2001	20-24	0.00172	0.00858	2.53	98268	844	489259	5384003	54.79
2001	25-29	0.00180	0.00894	2.42	97424	871	484872	4894745	50.24
2001	30-34	0.00171	0.00853	2.55	96553	824	480743	4409873	45.67
2001	35-39	0.00245	0.01216	2.64	95729	1164	475893	3929130	41.04
2001	40-44	0.00353	0.01752	2.67	94565	1657	468970	3453238	36.52
2001	45-49	0.00511	0.02524	2.68	92908	2345	459097	2984267	32.12
2001	50-54	0.00657	0.03238	2.71	90563	2932	446091	2525170	27.88
2001	55-59	0.00935	0.04576	2.69	87631	4010	428898	2079079	23.73
2001	60-64	0.01506	0.07267	2.61	83620	6077	403560	1650181	19.73
2001	65-69	0.02396	0.11337	2.63	77543	8791	366896	1246621	16.08
2001	70-74	0.03688	0.16942	2.61	68752	11648	315867	879725	12.80
2001	75-79	0.05825	0.25493	2.56	57104	14558	249935	563858	9.87
2001	80-84	0.09262	0.37695	2.53	42546	16038	173164	313923	7.38
2001	85-89	0.15418	0.54669	2.34	26509	14492	93994	140760	5.31
2001	90-94	0.22808	0.70015	2.24	12016	8413	36887	46766	3.89
2001	95-99	0.34843	0.84339	1.94	3603	3039	8721	9879	2.74
2001	100-104	0.47936	0.92448	1.68	564	522	1088	1157	2.05
2001	105-109	0.61405	0.96441	1.44	43	41	67	69	1.62
2001	110+	0.71835	1.00000	1.39	2	2	2	2	1.39
2002	0	0.00803	0.00797	0.07	100000	797	99256	7396823	73.97
2002	1-4	0.00027	0.00107	1.59	99203	106	396555	7297567	73.56
2002	5-9	0.00019	0.00094	2.47	99097	93	495247	6901012	69.64
2002	10-14	0.00020	0.00100	2.71	99003	99	494789	6405765	64.70
2002	15-19	0.00108	0.00539	3.09	98904	533	493504	5910977	59.76
2002	20-24	0.00194	0.00968	2.56	98371	952	489532	5417472	55.07
2002	25-29	0.00166	0.00824	2.51	97419	803	485101	4927940	50.58
2002	30-34	0.00168	0.00838	2.48	96616	810	481041	4442840	45.98
2002	35-39	0.00251	0.01247	2.56	95807	1195	476124	3961798	41.35
2002	40-44	0.00334	0.01658	2.67	94612	1569	469403	3485675	36.84
2002	45-49	0.00462	0.02286	2.64	93043	2127	460207	3016272	32.42
2002	50-54	0.00689	0.03390	2.58	90917	3082	447138	2556065	28.11
2002	55-59	0.00953	0.04657	2.61	87835	4091	429380	2108927	24.01
2002	60-64	0.01497	0.07232	2.67	83744	6056	404604	1679546	20.06
2002	65-69	0.02226	0.10578	2.65	77688	8218	369170	1274943	16.41
2002	70-74	0.03455	0.15982	2.66	69470	11103	321353	905773	13.04
2002	75-79	0.05624	0.24728	2.56	58368	14433	256632	584420	10.01
2002	80-84	0.09031	0.36795	2.48	43934	16166	178994	327787	7.46
2002	85-89	0.14722	0.53346	2.42	27769	14814	100625	148793	5.36
2002	90-94	0.24201	0.71166	2.11	12955	9220	38096	48168	3.72
2002	95-99	0.35472	0.84935	1.93	3736	3173	8944	10072	2.70
2002	100-104	0.49124	0.92972	1.66	563	523	1065	1128	2.00
2002	105-109	0.63012	0.96767	1.42	40	38	61	62	1.58
2002	110+	0.73613	1.00000	1.36	1	1	2	2	1.36
2003	0	0.00945	0.00937	0.07	100000	937	99129	7385316	73.85
2003	1-4	0.00028	0.00114	1.49	99063	113	395970	7286187	73.55
2003	5-9	0.00014	0.00070	2.14	98951	69	494556	6890217	69.63
2003	10-14	0.00027	0.00135	2.73	98882	133	494105	6395661	64.68
2003	15-19	0.00108	0.00538	3.19	98748	531	492782	5901556	59.76
2003	20-24	0.00209	0.01039	2.46	98217	1020	488492	5408774	55.07
2003	25-29	0.00161	0.00800	2.65	97197	778	484155	4920281	50.62
2003	30-34	0.00172	0.00856	2.45	96419	826	479988	4436126	46.01
2003	35-39	0.00224	0.01116	2.69	95593	1067	475500	3956138	41.39
2003	40-44	0.00357	0.01770	2.77	94527	1673	468910	3480639	36.82
2003	45-49	0.00487	0.02410	2.63	92854	2237	458964	3011729	32.44
2003	50-54	0.00688	0.03386	2.59	90616	3068	445690	2552765	28.17
2003	55-59	0.00921	0.04506	2.63	87548	3945	428399	2107075	24.07
2003	60-64	0.01439	0.06956	2.63	83604	5816	404223	1678675	20.08
2003	65-69	0.02255	0.10700	2.62	77788	8323	369170	1274453	16.38
2003	70-74	0.03495	0.16095	2.55	69465	11180	319925	905283	13.03
2003	75-79	0.05568	0.24547	2.59	58284	14307	256952	585358	10.04
2003	80-84	0.08781	0.36076	2.53	43977	15865	180671	328406	7.47
2003	85-89	0.15143	0.54620	2.45	28112	15355	101400	147735	5.26
2003	90-94	0.24849	0.72489	2.13	12757	9247	37215	46335	3.63
2003	95-99	0.36933	0.86193	1.91	3510	3025	8191	9120	2.60
2003	100-104	0.51427	0.93874	1.62	485	455	885	929	1.92
2003	105-109	0.65822	0.97261	1.38	30	29	44	45	1.51
2003	110+	0.76502	1.00000	1.31	1	1	1	1	1.31
2004	0	0.00937	0.00928	0.07	100000	928	99137	7448609	74.49
2004	1-4	0.00038	0.00151	1.57	99072	149	395924	7349472	74.18
2004	5-9	0.00018	0.00092	2.79	98922	91	494410	6953548	70.29
2004	10-14	0.00027	0.00135	2.56	98831	134	493832	6459138	65.36
2004	15-19	0.00096	0.00481	2.88	98698	475	492482	5965306	60.44
2004	20-24	0.00177	0.00881	2.68	98223	865	489108	5472825	55.72
2004	25-29	0.00175	0.00870	2.47	97358	847	484648	4983717	51.19
2004	30-34	0.00161	0.00804	2.64	96511	776	480722	4499069	46.62
2004	35-39	0.00238	0.01184	2.61	95735	1134	475962	4018347	41.97
2004	40-44	0.00320	0.01588	2.53	94601	1502	469303	3542385	37.45
2004	45-49	0.00467	0.02312	2.65	93099	2153	460445	3073082	33.01
2004	50-54	0.00690	0.03396	2.62	90946	3089	447382	2612638	28.73
2004	55-59	0.00868	0.04251	2.6	87858	3735	430319	2165255	24.64
2004	60-64	0.01380	0.06675	2.57	84123	5615	406973	1734936	20.62
2004	65-69	0.02059	0.09820	2.65	78508	7709	374413	1327963	16.92
2004	70-74	0.03281	0.15197	2.58	70798	10759	327903	953550	13.47
2004	75-79	0.05096	0.22715	2.61	60039	13638	267616	625647	10.42
2004	80-84	0.08807	0.36195	2.54	46401	16795	190701	358031	7.72
2004	85-89	0.13601	0.50328	2.42	29606	14900	109554	167330	5.65
2004	90-94	0.22863	0.70690	2.3	14706	10396	45470	57776	3.93
2004	95-99	0.33262	0.82915	1.98	4310	3574	10745	12306	2.86
2004	100-104	0.46253	0.91710	1.71	736	675	1460	1562	2.12
2004	105-109	0.59849	0.96122	1.47	61	59	98	101	1.66
2004	110+	0.70500	1.00000	1.42	2	2	3	3	1.42
2005	0	0.00824	0.00818	0.07	100000	818	99237	7468364	74.68
2005	1-4	0.00024	0.00094	1.61	99182	93	396507	7369127	74.30
2005	5-9	0.00016	0.00082	2.78	99089	81	495265	6972621	70.37
2005	10-14	0.00015	0.00076	3.31	99008	75	494912	6477356	65.42
2005	15-19	0.00104	0.00517	3.09	98933	511	493688	5982443	60.47
2005	20-24	0.00180	0.00893	2.4	98422	879	489826	5488755	55.77
2005	25-29	0.00171	0.00853	2.45	97543	832	485595	4998930	51.25
2005	30-34	0.00175	0.00870	2.46	96710	841	481413	4513335	46.67
2005	35-39	0.00206	0.01024	2.67	95869	981	477058	4031922	42.06
2005	40-44	0.00300	0.01492	2.67	94888	1416	471144	3554864	37.46
2005	45-49	0.00471	0.02328	2.65	93472	2176	462249	3083721	32.99
2005	50-54	0.00691	0.03400	2.61	91297	3104	449058	2621472	28.71
2005	55-59	0.00914	0.04468	2.48	88193	3940	431045	2172414	24.63
2005	60-64	0.01414	0.06842	2.67	84253	5765	407820	1741369	20.67
2005	65-69	0.02110	0.10045	2.6	78488	7884	373559	1333549	16.99
2005	70-74	0.03168	0.14723	2.6	70605	10395	328087	959989	13.60
2005	75-79	0.05081	0.22634	2.59	60210	13628	268216	631903	10.50
2005	80-84	0.08496	0.35141	2.54	46582	16369	192674	363687	7.81
2005	85-89	0.13605	0.50387	2.43	30212	15223	111897	171013	5.66
2005	90-94	0.22656	0.70519	2.32	14989	10570	46656	59116	3.94
2005	95-99	0.33705	0.83383	1.97	4419	3685	10932	12460	2.82
2005	100-104	0.47187	0.92169	1.69	734	677	1434	1528	2.08
2005	105-109	0.61182	0.96420	1.45	58	55	91	93	1.63
2005	110+	0.72023	1.00000	1.39	2	2	3	3	1.39
2006	0	0.00856	0.00849	0.07	100000	849	99209	7506361	75.06
2006	1-4	0.00026	0.00105	1.24	99151	104	396315	7407153	74.71
2006	5-9	0.00010	0.00050	2.61	99046	49	495114	7010837	70.78
2006	10-14	0.00019	0.00095	2.98	98997	94	494797	6515723	65.82
2006	15-19	0.00098	0.00487	3.22	98903	482	493661	6020927	60.88
2006	20-24	0.00192	0.00953	2.57	98422	938	489829	5527265	56.16
2006	25-29	0.00182	0.00908	2.5	97484	885	485205	5037436	51.67
2006	30-34	0.00176	0.00877	2.59	96599	847	480951	4552232	47.13
2006	35-39	0.00219	0.01088	2.6	95751	1042	476261	4071280	42.52
2006	40-44	0.00302	0.01497	2.72	94710	1418	470314	3595019	37.96
2006	45-49	0.00446	0.02205	2.67	93292	2057	461657	3124705	33.49
2006	50-54	0.00616	0.03037	2.62	91234	2771	449567	2663048	29.19
2006	55-59	0.00916	0.04479	2.61	88463	3963	432835	2213481	25.02
2006	60-64	0.01291	0.06264	2.61	84501	5293	409840	1780646	21.07
2006	65-69	0.01917	0.09166	2.61	79208	7261	378698	1370806	17.31
2006	70-74	0.03203	0.14893	2.65	71948	10715	334584	992108	13.79
2006	75-79	0.04862	0.21748	2.58	61232	13317	273905	657524	10.74
2006	80-84	0.07938	0.33234	2.55	47915	15924	200613	383619	8.01
2006	85-89	0.13553	0.50292	2.44	31991	16089	118714	183006	5.72
2006	90-94	0.21676	0.67763	2.23	15902	10776	49713	64292	4.04
2006	95-99	0.33348	0.83088	1.98	5126	4259	12773	14579	2.84
2006	100-104	0.47098	0.92157	1.7	867	799	1696	1807	2.08
2006	105-109	0.61399	0.96477	1.45	68	66	107	110	1.62
2006	110+	0.72449	1.00000	1.38	2	2	3	3	1.38
2007	0	0.00874	0.00867	0.07	100000	867	99192	7515732	75.16
2007	1-4	0.00040	0.00159	1.41	99133	158	396123	7416539	74.81
2007	5-9	0.00016	0.00079	2.31	98975	78	494663	7020416	70.93
2007	10-14	0.00020	0.00098	2.44	98897	97	494234	6525753	65.99
2007	15-19	0.00097	0.00485	2.89	98800	479	492987	6031519	61.05
2007	20-24	0.00173	0.00862	2.54	98321	847	489520	5538532	56.33
2007	25-29	0.00169	0.00840	2.26	97473	819	485126	5049012	51.80
2007	30-34	0.00170	0.00847	2.41	96654	819	481148	4563886	47.22
2007	35-39	0.00224	0.01115	2.56	95836	1068	476576	4082738	42.60
2007	40-44	0.00310	0.01537	2.57	94767	1456	470302	3606162	38.05
2007	45-49	0.00437	0.02164	2.67	93311	2019	461857	3135860	33.61
2007	50-54	0.00656	0.03230	2.66	91292	2949	449559	2674004	29.29
2007	55-59	0.00852	0.04175	2.55	88343	3688	432666	2224445	25.18
2007	60-64	0.01313	0.06365	2.62	84655	5388	410461	1791779	21.17
2007	65-69	0.01912	0.09147	2.63	79267	7251	379132	1381317	17.43
2007	70-74	0.03052	0.14238	2.65	72016	10253	335997	1002186	13.92
2007	75-79	0.04774	0.21425	2.61	61763	13233	277174	666189	10.79
2007	80-84	0.07845	0.32869	2.53	48530	15952	203322	389015	8.02
2007	85-89	0.13565	0.50274	2.43	32579	16379	120745	185693	5.70
2007	90-94	0.21858	0.68136	2.24	16200	11038	50497	64948	4.01
2007	95-99	0.33938	0.83669	1.97	5162	4319	12726	14450	2.80
2007	100-104	0.48042	0.92585	1.68	843	781	1625	1724	2.05
2007	105-109	0.62576	0.96713	1.43	63	60	97	99	1.59
2007	110+	0.73683	1.00000	1.36	2	2	3	3	1.36
2008	0	0.00961	0.00953	0.07	100000	953	99115	7539602	75.40
2008	1-4	0.00039	0.00156	1.55	99047	154	395811	7440488	75.12
2008	5-9	0.00015	0.00076	2.61	98893	75	494283	7044677	71.24
2008	10-14	0.00020	0.00099	2.77	98817	98	493867	6550394	66.29
2008	15-19	0.00087	0.00434	3.07	98719	428	492770	6056527	61.35
2008	20-24	0.00164	0.00815	2.57	98291	801	489508	5563756	56.60
2008	25-29	0.00166	0.00827	2.43	97490	807	485376	5074249	52.05
2008	30-34	0.00153	0.00763	2.67	96684	738	481698	4588873	47.46
2008	35-39	0.00204	0.01017	2.58	95946	976	477368	4107175	42.81
2008	40-44	0.00265	0.01315	2.69	94970	1248	471969	3629807	38.22
2008	45-49	0.00440	0.02176	2.65	93722	2039	463813	3157838	33.69
2008	50-54	0.00636	0.03132	2.64	91682	2872	451638	2694025	29.38
2008	55-59	0.00859	0.04208	2.62	88811	3737	435155	2242387	25.25
2008	60-64	0.01229	0.05974	2.64	85074	5082	413388	1807231	21.24
2008	65-69	0.01912	0.09145	2.62	79992	7315	382572	1393844	17.42
2008	70-74	0.03033	0.14113	2.54	72676	10257	338145	1011272	13.91
2008	75-79	0.04985	0.22268	2.61	62419	13900	278831	673127	10.78
2008	80-84	0.07696	0.32409	2.57	48520	15725	204313	394296	8.13
2008	85-89	0.13092	0.49273	2.49	32795	16159	123430	189983	5.79
2008	90-94	0.21970	0.68191	2.22	16636	11344	51636	66553	4.00
2008	95-99	0.33653	0.83428	1.98	5292	4415	13118	14917	2.82
2008	100-104	0.47884	0.92533	1.68	877	811	1695	1799	2.05
2008	105-109	0.62581	0.96721	1.43	65	63	101	104	1.59
2008	110+	0.73805	1.00000	1.35	2	2	3	3	1.35
2009	0	0.00850	0.00843	0.07	100000	843	99214	7590139	75.90
2009	1-4	0.00023	0.00094	1.76	99157	93	396418	7490925	75.55
2009	5-9	0.00011	0.00057	2.5	99064	56	495177	7094507	71.62
2009	10-14	0.00020	0.00098	2.94	99007	97	494838	6599329	66.65
2009	15-19	0.00072	0.00360	3.15	98911	356	493896	6104491	61.72
2009	20-24	0.00144	0.00718	2.47	98555	708	490987	5610596	56.93
2009	25-29	0.00160	0.00799	2.48	97847	782	487266	5119608	52.32
2009	30-34	0.00167	0.00830	2.49	97065	806	483307	4632342	47.72
2009	35-39	0.00198	0.00986	2.57	96260	949	478988	4149036	43.10
2009	40-44	0.00252	0.01254	2.66	95310	1195	473754	3670048	38.51
2009	45-49	0.00405	0.02004	2.67	94116	1886	466190	3196294	33.96
2009	50-54	0.00645	0.03178	2.61	92229	2931	454145	2730104	29.60
2009	55-59	0.00914	0.04472	2.62	89299	3993	436973	2275959	25.49
2009	60-64	0.01277	0.06197	2.65	85306	5287	414113	1838986	21.56
2009	65-69	0.01887	0.09033	2.64	80019	7228	383059	1424873	17.81
2009	70-74	0.02809	0.13153	2.58	72791	9574	340785	1041815	14.31
2009	75-79	0.04357	0.19758	2.65	63217	12490	286698	701030	11.09
2009	80-84	0.07712	0.32422	2.54	50727	16447	213248	414332	8.17
2009	85-89	0.13015	0.48916	2.46	34280	16768	128843	201084	5.87
2009	90-94	0.21175	0.66852	2.24	17512	11707	55287	72240	4.13
2009	95-99	0.32347	0.82109	2	5805	4766	14735	16953	2.92
2009	100-104	0.45866	0.91587	1.72	1039	951	2074	2218	2.14
2009	105-109	0.60105	0.96208	1.47	87	84	140	145	1.65
2009	110+	0.71226	1.00000	1.4	3	3	5	5	1.40
2010	0	0.00758	0.00753	0.07	100000	753	99296	7654847	76.55
2010	1-4	0.00018	0.00072	1.42	99247	72	396803	7555551	76.13
2010	5-9	0.00015	0.00075	2.35	99175	75	495679	7158747	72.18
2010	10-14	0.00015	0.00075	3.24	99101	74	495373	6663069	67.24
2010	15-19	0.00068	0.00338	3.01	99027	335	494468	6167695	62.28
2010	20-24	0.00143	0.00715	2.56	98692	706	491738	5673227	57.48
2010	25-29	0.00148	0.00737	2.4	97986	722	488055	5181489	52.88
2010	30-34	0.00157	0.00780	2.4	97264	759	484348	4693434	48.25
2010	35-39	0.00162	0.00805	2.62	96505	777	480677	4209086	43.62
2010	40-44	0.00232	0.01154	2.64	95728	1105	476039	3728410	38.95
2010	45-49	0.00376	0.01864	2.66	94624	1764	468994	3252371	34.37
2010	50-54	0.00598	0.02947	2.69	92860	2737	457987	2783377	29.97
2010	55-59	0.00833	0.04086	2.62	90123	3682	441842	2325390	25.80
2010	60-64	0.01243	0.06037	2.62	86441	5218	419766	1883548	21.79
2010	65-69	0.01849	0.08857	2.63	81223	7194	389039	1463782	18.02
2010	70-74	0.02846	0.13324	2.62	74029	9863	346623	1074743	14.52
2010	75-79	0.04454	0.20165	2.65	64165	12939	290480	728120	11.35
2010	80-84	0.07300	0.31015	2.58	51227	15888	217639	437640	8.54
2010	85-89	0.12072	0.46383	2.5	35339	16391	135782	220001	6.23
2010	90-94	0.19068	0.62685	2.27	18947	11877	62287	84219	4.44
2010	95-99	0.30169	0.79781	2.05	7070	5641	18697	21932	3.10
2010	100-104	0.43099	0.90151	1.77	1430	1289	2990	3235	2.26
2010	105-109	0.57096	0.95499	1.52	141	134	235	245	1.74
2010	110+	0.68284	1.00000	1.46	6	6	9	9	1.46
2011	0	0.00692	0.00688	0.06	100000	688	99356	7673855	76.74
2011	1-4	0.00023	0.00094	1.63	99312	93	397028	7574499	76.27
2011	5-9	0.00016	0.00077	2.02	99219	77	495866	7177471	72.34
2011	10-14	0.00016	0.00078	2.86	99142	77	495546	6681605	67.39
2011	15-19	0.00068	0.00337	2.98	99065	334	494651	6186059	62.44
2011	20-24	0.00153	0.00760	2.53	98731	751	491798	5691408	57.65
2011	25-29	0.00161	0.00800	2.38	97980	784	487847	5199611	53.07
2011	30-34	0.00137	0.00682	2.46	97197	663	484300	4711764	48.48
2011	35-39	0.00171	0.00853	2.57	96534	824	480669	4227464	43.79
2011	40-44	0.00202	0.01007	2.68	95710	963	476311	3746795	39.15
2011	45-49	0.00356	0.01767	2.62	94746	1674	469748	3270483	34.52
2011	50-54	0.00583	0.02875	2.6	93072	2676	458952	2800735	30.09
2011	55-59	0.00871	0.04268	2.67	90397	3858	442982	2341783	25.91
2011	60-64	0.01188	0.05775	2.58	86538	4998	420573	1898801	21.94
2011	65-69	0.01797	0.08619	2.64	81541	7028	391151	1478228	18.13
2011	70-74	0.02707	0.12706	2.59	74513	9468	349718	1087078	14.59
2011	75-79	0.04396	0.19882	2.6	65045	12932	294155	737360	11.34
2011	80-84	0.07004	0.29876	2.54	52113	15569	222280	443205	8.50
2011	85-89	0.12027	0.46257	2.51	36544	16904	140550	220925	6.05
2011	90-94	0.21477	0.67790	2.28	19640	13314	61990	80375	4.09
2011	95-99	0.32457	0.82328	2.01	6326	5208	16046	18385	2.91
2011	100-104	0.46873	0.92126	1.71	1118	1030	2197	2339	2.09
2011	105-109	0.61942	0.96617	1.44	88	85	137	141	1.61
2011	110+	0.73504	1.00000	1.36	3	3	4	4	1.36
2012	0	0.00635	0.00632	0.06	100000	632	99407	7694815	76.95
2012	1-4	0.00029	0.00118	1.66	99368	117	397199	7595407	76.44
2012	5-9	0.00013	0.00064	1.97	99251	63	496066	7198208	72.52
2012	10-14	0.00013	0.00067	2.83	99188	67	495797	6702142	67.57
2012	15-19	0.00067	0.00335	3.21	99122	332	495012	6206344	62.61
2012	20-24	0.00137	0.00685	2.58	98790	677	492314	5711332	57.81
2012	25-29	0.00139	0.00693	2.52	98113	680	488878	5219019	53.19
2012	30-34	0.00155	0.00771	2.6	97434	751	485362	4730140	48.55
2012	35-39	0.00179	0.00893	2.48	96683	863	481239	4244778	43.90
2012	40-44	0.00236	0.01174	2.52	95819	1125	476304	3763539	39.28
2012	45-49	0.00357	0.01771	2.67	94694	1677	469558	3287235	34.71
2012	50-54	0.00554	0.02735	2.64	93018	2544	459084	2817677	30.29
2012	55-59	0.00855	0.04189	2.59	90474	3790	443230	2358593	26.07
2012	60-64	0.01206	0.05863	2.63	86684	5082	421370	1915363	22.10
2012	65-69	0.01727	0.08295	2.61	81602	6769	391822	1493993	18.31
2012	70-74	0.02624	0.12368	2.68	74833	9255	352737	1102171	14.73
2012	75-79	0.04224	0.19203	2.64	65578	12593	298132	749434	11.43
2012	80-84	0.06913	0.29669	2.61	52985	15720	227385	451302	8.52
2012	85-89	0.12246	0.46704	2.46	37265	17404	142125	223917	6.01
2012	90-94	0.21115	0.67398	2.32	19861	13386	63396	81792	4.12
2012	95-99	0.33291	0.83184	1.99	6475	5386	16179	18396	2.84
2012	100-104	0.48243	0.92745	1.68	1089	1010	2093	2217	2.04
2012	105-109	0.63653	0.96941	1.41	79	77	120	124	1.56
2012	110+	0.75270	1.00000	1.33	2	2	3	3	1.33
2013	0	0.00700	0.00695	0.06	100000	695	99349	7683651	76.84
2013	1-4	0.00028	0.00112	1.47	99305	111	396938	7584302	76.37
2013	5-9	0.00012	0.00061	2.68	99193	60	495828	7187364	72.46
2013	10-14	0.00010	0.00052	2.43	99133	52	495534	6691536	67.50
2013	15-19	0.00056	0.00277	3.08	99082	275	494881	6196002	62.53
2013	20-24	0.00136	0.00678	2.46	98807	670	492335	5701121	57.70
2013	25-29	0.00157	0.00781	2.5	98137	767	488771	5208786	53.08
2013	30-34	0.00163	0.00814	2.83	97371	793	485131	4720015	48.47
2013	35-39	0.00168	0.00834	2.52	96578	806	480892	4234884	43.85
2013	40-44	0.00228	0.01136	2.62	95772	1088	476273	3753992	39.20
2013	45-49	0.00345	0.01710	2.62	94685	1619	469573	3277720	34.62
2013	50-54	0.00552	0.02723	2.65	93065	2534	459380	2808147	30.17
2013	55-59	0.00888	0.04350	2.69	90531	3938	443575	2348767	25.94
2013	60-64	0.01270	0.06158	2.57	86593	5333	420032	1905192	22.00
2013	65-69	0.01745	0.08384	2.67	81260	6813	390442	1485160	18.28
2013	70-74	0.02607	0.12265	2.59	74447	9131	350186	1094719	14.70
2013	75-79	0.04333	0.19651	2.64	65316	12835	296245	744532	11.40
2013	80-84	0.06814	0.29243	2.58	52481	15347	225232	448288	8.54
2013	85-89	0.12306	0.46775	2.44	37134	17370	141152	223056	6.01
2013	90-94	0.20967	0.66706	2.27	19765	13184	62882	81903	4.14
2013	95-99	0.32647	0.82535	2.01	6580	5431	16636	19022	2.89
2013	100-104	0.47256	0.92308	1.7	1149	1061	2245	2386	2.08
2013	105-109	0.62470	0.96722	1.43	88	86	137	141	1.59
2013	110+	0.74080	1.00000	1.35	3	3	4	4	1.35
2014	0	0.00719	0.00714	0.06	100000	714	99332	7692506	76.93
2014	1-4	0.00027	0.00107	1.64	99286	106	396893	7593175	76.48
2014	5-9	0.00012	0.00058	2.27	99180	57	495742	7196282	72.56
2014	10-14	0.00014	0.00068	2.79	99122	67	495464	6700539	67.60
2014	15-19	0.00050	0.00249	3.28	99055	246	494852	6205075	62.64
2014	20-24	0.00145	0.00721	2.64	98809	712	492362	5710223	57.79
2014	25-29	0.00159	0.00791	2.62	98097	776	488641	5217861	53.19
2014	30-34	0.00166	0.00828	2.6	97321	806	484672	4729220	48.59
2014	35-39	0.00194	0.00964	2.63	96515	930	480369	4244548	43.98
2014	40-44	0.00233	0.01157	2.77	95585	1106	475458	3764179	39.38
2014	45-49	0.00353	0.01749	2.62	94479	1653	468458	3288721	34.81
2014	50-54	0.00564	0.02784	2.71	92827	2584	458228	2820263	30.38
2014	55-59	0.00868	0.04254	2.64	90243	3839	442154	2362035	26.17
2014	60-64	0.01253	0.06081	2.62	86404	5254	419489	1919881	22.22
2014	65-69	0.01680	0.08074	2.59	81149	6552	389979	1500392	18.49
2014	70-74	0.02660	0.12501	2.6	74597	9325	350614	1110413	14.89
2014	75-79	0.04242	0.19258	2.61	65272	12570	296311	759800	11.64
2014	80-84	0.06612	0.28486	2.57	52702	15013	227068	463488	8.79
2014	85-89	0.11407	0.44222	2.46	37689	16667	146114	236420	6.27
2014	90-94	0.19930	0.64613	2.28	21022	13583	68153	90306	4.30
2014	95-99	0.31529	0.81412	2.03	7439	6056	19209	22153	2.98
2014	100-104	0.45985	0.91739	1.72	1383	1269	2759	2944	2.13
2014	105-109	0.61258	0.96493	1.45	114	110	180	185	1.62
2014	110+	0.73041	1.00000	1.37	4	4	5	5	1.37
2015	0	0.00684	0.00680	0.06	100000	680	99363	7657870	76.58
2015	1-4	0.00035	0.00139	1.42	99320	138	396924	7558507	76.10
2015	5-9	0.00014	0.00068	2.26	99182	68	495725	7161583	72.21
2015	10-14	0.00016	0.00079	2.93	99114	78	495410	6665857	67.25
2015	15-19	0.00065	0.00327	3.13	99036	324	494576	6170447	62.30
2015	20-24	0.00169	0.00839	2.63	98713	829	491602	5675871	57.50
2015	25-29	0.00189	0.00942	2.63	97884	922	487234	5184268	52.96
2015	30-34	0.00187	0.00928	2.54	96962	900	482599	4697034	48.44
2015	35-39	0.00195	0.00971	2.57	96062	933	478048	4214435	43.87
2015	40-44	0.00246	0.01224	2.59	95129	1165	472838	3736388	39.28
2015	45-49	0.00362	0.01795	2.75	93965	1686	466024	3263549	34.73
2015	50-54	0.00590	0.02908	2.67	92278	2684	455135	2797525	30.32
2015	55-59	0.00881	0.04316	2.63	89595	3867	438823	2342390	26.14
2015	60-64	0.01255	0.06091	2.61	85727	5222	416161	1903567	22.20
2015	65-69	0.01720	0.08268	2.65	80506	6656	386888	1487406	18.48
2015	70-74	0.02656	0.12490	2.62	73850	9224	347263	1100518	14.90
2015	75-79	0.04198	0.19084	2.62	64626	12333	293777	753256	11.66
2015	80-84	0.06721	0.28872	2.56	52293	15098	224648	459478	8.79
2015	85-89	0.11439	0.44385	2.48	37195	16509	144324	234831	6.31
2015	90-94	0.19531	0.63991	2.31	20686	13237	67775	90506	4.38
2015	95-99	0.30673	0.80445	2.04	7449	5992	19536	22731	3.05
2015	100-104	0.44536	0.90993	1.75	1457	1325	2976	3196	2.19
2015	105-109	0.59386	0.96083	1.48	131	126	212	219	1.67
2015	110+	0.71042	1.00000	1.41	5	5	7	7	1.41
2016	0	0.00710	0.00705	0.06	100000	705	99340	7612039	76.12
2016	1-4	0.00025	0.00099	1.69	99295	98	396952	7512700	75.66
2016	5-9	0.00009	0.00047	2.55	99197	47	495868	7115748	71.73
2016	10-14	0.00016	0.00081	2.99	99150	81	495586	6619880	66.77
2016	15-19	0.00071	0.00356	3.34	99069	353	494757	6124294	61.82
2016	20-24	0.00191	0.00950	2.74	98716	937	491458	5629537	57.03
2016	25-29	0.00237	0.01180	2.59	97778	1154	486111	5138080	52.55
2016	30-34	0.00218	0.01083	2.58	96625	1047	480595	4651969	48.14
2016	35-39	0.00240	0.01194	2.6	95578	1141	475148	4171374	43.64
2016	40-44	0.00271	0.01349	2.62	94437	1274	469158	3696226	39.14
2016	45-49	0.00410	0.02030	2.64	93163	1891	461352	3227067	34.64
2016	50-54	0.00599	0.02952	2.64	91272	2694	449991	2765715	30.30
2016	55-59	0.00896	0.04385	2.64	88578	3885	433728	2315724	26.14
2016	60-64	0.01232	0.05980	2.59	84693	5065	411260	1881996	22.22
2016	65-69	0.01789	0.08577	2.61	79628	6830	381797	1470736	18.47
2016	70-74	0.02667	0.12551	2.66	72798	9137	342585	1088939	14.96
2016	75-79	0.04277	0.19398	2.6	63661	12349	288730	746354	11.72
2016	80-84	0.06823	0.29194	2.53	51312	14980	219556	457624	8.92
2016	85-89	0.10819	0.42661	2.52	36332	15500	143263	238068	6.55
2016	90-94	0.18733	0.62438	2.33	20833	13007	69435	94805	4.55
2016	95-99	0.28621	0.77989	2.08	7825	6103	21323	25370	3.24
2016	100-104	0.41357	0.89152	1.81	1722	1536	3713	4047	2.35
2016	105-109	0.55400	0.95056	1.54	187	178	321	334	1.79
2016	110+	0.66763	1.00000	1.5	9	9	14	14	1.50
2017	0	0.00670	0.00666	0.06	100000	666	99376	7608570	76.09
2017	1-4	0.00026	0.00104	1.88	99334	103	397120	7509193	75.60
2017	5-9	0.00011	0.00053	2.59	99231	52	496031	7112074	71.67
2017	10-14	0.00014	0.00071	3.03	99179	70	495758	6616043	66.71
2017	15-19	0.00079	0.00393	3.07	99109	390	494794	6120285	61.75
2017	20-24	0.00174	0.00866	2.74	98720	855	491665	5625491	56.98
2017	25-29	0.00251	0.01246	2.62	97864	1219	486424	5133825	52.46
2017	30-34	0.00252	0.01250	2.52	96645	1208	480235	4647401	48.09
2017	35-39	0.00254	0.01263	2.57	95437	1205	474257	4167166	43.66
2017	40-44	0.00273	0.01358	2.59	94232	1280	468071	3692910	39.19
2017	45-49	0.00409	0.02026	2.61	92952	1883	460264	3224838	34.69
2017	50-54	0.00605	0.02982	2.64	91069	2716	448933	2764574	30.36
2017	55-59	0.00868	0.04255	2.66	88353	3760	432980	2315641	26.21
2017	60-64	0.01282	0.06223	2.63	84594	5265	410494	1882660	22.26
2017	65-69	0.01731	0.08315	2.65	79329	6596	381171	1472167	18.56
2017	70-74	0.02651	0.12483	2.66	72733	9079	342458	1090996	15.00
2017	75-79	0.04087	0.18619	2.62	63654	11852	290020	748538	11.76
2017	80-84	0.06743	0.28935	2.55	51802	14989	222280	458518	8.85
2017	85-89	0.11233	0.43776	2.48	36813	16115	143470	236238	6.42
2017	90-94	0.19006	0.63191	2.35	20698	13079	68816	92768	4.48
2017	95-99	0.29648	0.79251	2.06	7619	6038	20365	23952	3.14
2017	100-104	0.42956	0.90119	1.78	1581	1425	3316	3586	2.27
2017	105-109	0.57424	0.95607	1.51	156	149	260	270	1.73
2017	110+	0.68962	1.00000	1.45	7	7	10	10	1.45
