GA: Georgia, Lifetables (period 1x5), Females Last modified: 3 Dec 2019, MPv5 (May07) 

Year     	Age	mx	qx	ax	lx	dx	Lx	Tx	ex
1960-1964	0	0.02716	0.02653	0.13	100000	2653	97689	7172812	71.73
1960-1964	1	0.00214	0.00214	0.5	97347	208	97243	7075122	72.68
1960-1964	2	0.00121	0.00121	0.5	97139	118	97080	6977880	71.83
1960-1964	3	0.00093	0.00093	0.5	97021	90	96976	6880800	70.92
1960-1964	4	0.00062	0.00062	0.5	96931	60	96901	6783823	69.99
1960-1964	5	0.00061	0.00061	0.5	96871	59	96841	6686922	69.03
1960-1964	6	0.00050	0.00050	0.5	96812	49	96787	6590081	68.07
1960-1964	7	0.00049	0.00049	0.5	96763	48	96739	6493293	67.10
1960-1964	8	0.00041	0.00041	0.5	96715	39	96696	6396554	66.14
1960-1964	9	0.00040	0.00040	0.5	96676	39	96657	6299858	65.16
1960-1964	10	0.00033	0.00033	0.5	96637	32	96621	6203202	64.19
1960-1964	11	0.00037	0.00037	0.5	96605	36	96587	6106581	63.21
1960-1964	12	0.00036	0.00036	0.5	96569	35	96552	6009993	62.23
1960-1964	13	0.00041	0.00041	0.5	96534	40	96514	5913442	61.26
1960-1964	14	0.00045	0.00045	0.5	96495	43	96473	5816927	60.28
1960-1964	15	0.00055	0.00055	0.5	96451	53	96425	5720454	59.31
1960-1964	16	0.00060	0.00060	0.5	96398	57	96369	5624030	58.34
1960-1964	17	0.00062	0.00062	0.5	96341	60	96311	5527660	57.38
1960-1964	18	0.00079	0.00079	0.5	96281	76	96243	5431350	56.41
1960-1964	19	0.00080	0.00080	0.5	96205	77	96167	5335107	55.46
1960-1964	20	0.00088	0.00088	0.5	96128	84	96086	5238940	54.50
1960-1964	21	0.00090	0.00090	0.5	96044	86	96001	5142854	53.55
1960-1964	22	0.00087	0.00087	0.5	95958	83	95916	5046853	52.59
1960-1964	23	0.00084	0.00084	0.5	95874	80	95834	4950937	51.64
1960-1964	24	0.00089	0.00089	0.5	95794	85	95752	4855103	50.68
1960-1964	25	0.00096	0.00096	0.5	95709	92	95663	4759352	49.73
1960-1964	26	0.00120	0.00120	0.5	95617	115	95560	4663689	48.77
1960-1964	27	0.00117	0.00117	0.5	95502	112	95446	4568129	47.83
1960-1964	28	0.00125	0.00125	0.5	95390	120	95331	4472683	46.89
1960-1964	29	0.00133	0.00133	0.5	95271	127	95207	4377352	45.95
1960-1964	30	0.00148	0.00148	0.5	95144	141	95073	4282145	45.01
1960-1964	31	0.00180	0.00180	0.5	95003	171	94917	4187072	44.07
1960-1964	32	0.00176	0.00176	0.5	94832	167	94749	4092154	43.15
1960-1964	33	0.00181	0.00181	0.5	94665	171	94580	3997406	42.23
1960-1964	34	0.00216	0.00216	0.5	94494	204	94392	3902826	41.30
1960-1964	35	0.00211	0.00211	0.5	94290	199	94191	3808434	40.39
1960-1964	36	0.00256	0.00256	0.5	94092	240	93971	3714243	39.47
1960-1964	37	0.00235	0.00235	0.5	93851	220	93741	3620271	38.57
1960-1964	38	0.00281	0.00280	0.5	93631	263	93500	3526530	37.66
1960-1964	39	0.00304	0.00304	0.5	93369	283	93227	3433030	36.77
1960-1964	40	0.00314	0.00314	0.5	93085	292	92939	3339803	35.88
1960-1964	41	0.00354	0.00354	0.5	92793	328	92629	3246864	34.99
1960-1964	42	0.00395	0.00394	0.5	92465	365	92283	3154235	34.11
1960-1964	43	0.00378	0.00377	0.5	92100	347	91927	3061953	33.25
1960-1964	44	0.00412	0.00411	0.5	91753	377	91565	2970026	32.37
1960-1964	45	0.00437	0.00436	0.5	91376	399	91177	2878461	31.50
1960-1964	46	0.00474	0.00473	0.5	90977	430	90762	2787284	30.64
1960-1964	47	0.00518	0.00517	0.5	90547	468	90313	2696522	29.78
1960-1964	48	0.00595	0.00593	0.5	90079	535	89812	2606209	28.93
1960-1964	49	0.00604	0.00602	0.5	89545	539	89275	2516397	28.10
1960-1964	50	0.00746	0.00743	0.5	89005	662	88675	2427122	27.27
1960-1964	51	0.00752	0.00749	0.5	88344	661	88013	2338448	26.47
1960-1964	52	0.00844	0.00840	0.5	87682	737	87314	2250435	25.67
1960-1964	53	0.00874	0.00870	0.5	86946	757	86567	2163121	24.88
1960-1964	54	0.00938	0.00934	0.5	86189	805	85787	2076554	24.09
1960-1964	55	0.01003	0.00998	0.5	85384	852	84958	1990767	23.32
1960-1964	56	0.01056	0.01051	0.5	84532	888	84088	1905809	22.55
1960-1964	57	0.01132	0.01126	0.5	83644	941	83173	1821721	21.78
1960-1964	58	0.01255	0.01247	0.5	82703	1031	82187	1738547	21.02
1960-1964	59	0.01357	0.01347	0.5	81672	1100	81121	1656360	20.28
1960-1964	60	0.01747	0.01732	0.5	80571	1395	79873	1575239	19.55
1960-1964	61	0.01624	0.01611	0.5	79176	1276	78538	1495365	18.89
1960-1964	62	0.01933	0.01915	0.5	77900	1492	77154	1416827	18.19
1960-1964	63	0.01995	0.01975	0.5	76408	1509	75654	1339673	17.53
1960-1964	64	0.01954	0.01935	0.5	74899	1449	74175	1264019	16.88
1960-1964	65	0.02370	0.02343	0.5	73450	1721	72590	1189845	16.20
1960-1964	66	0.02130	0.02107	0.5	71729	1512	70974	1117255	15.58
1960-1964	67	0.02453	0.02423	0.5	70218	1702	69367	1046281	14.90
1960-1964	68	0.02577	0.02545	0.5	68516	1743	67645	976914	14.26
1960-1964	69	0.02763	0.02725	0.5	66773	1820	65863	909270	13.62
1960-1964	70	0.03285	0.03232	0.5	64953	2099	63904	843407	12.98
1960-1964	71	0.03066	0.03020	0.5	62854	1898	61905	779503	12.40
1960-1964	72	0.03571	0.03508	0.5	60956	2138	59886	717598	11.77
1960-1964	73	0.03875	0.03801	0.5	58817	2236	57699	657712	11.18
1960-1964	74	0.04151	0.04067	0.5	56581	2301	55431	600013	10.60
1960-1964	75	0.04953	0.04834	0.5	54280	2624	52968	544582	10.03
1960-1964	76	0.04968	0.04848	0.5	51657	2504	50404	491613	9.52
1960-1964	77	0.04982	0.04861	0.5	49152	2389	47958	441209	8.98
1960-1964	78	0.05922	0.05752	0.5	46763	2690	45418	393252	8.41
1960-1964	79	0.06549	0.06341	0.5	44073	2795	42676	347834	7.89
1960-1964	80	0.08265	0.07937	0.5	41279	3276	39640	305158	7.39
1960-1964	81	0.08185	0.07863	0.5	38002	2988	36508	265517	6.99
1960-1964	82	0.09559	0.09123	0.5	35014	3194	33417	229009	6.54
1960-1964	83	0.10954	0.10385	0.5	31820	3305	30168	195592	6.15
1960-1964	84	0.12393	0.11670	0.5	28515	3328	26851	165425	5.80
1960-1964	85	0.12692	0.11935	0.5	25188	3006	23685	138573	5.50
1960-1964	86	0.14296	0.13342	0.5	22182	2959	20702	114889	5.18
1960-1964	87	0.15303	0.14215	0.5	19222	2732	17856	94187	4.90
1960-1964	88	0.17709	0.16269	0.5	16490	2683	15148	76331	4.63
1960-1964	89	0.17469	0.16065	0.5	13807	2218	12698	61183	4.43
1960-1964	90	0.18864	0.17238	0.5	11589	1998	10590	48485	4.18
1960-1964	91	0.20342	0.18464	0.5	9591	1771	8706	37895	3.95
1960-1964	92	0.21906	0.19743	0.5	7820	1544	7048	29189	3.73
1960-1964	93	0.23554	0.21072	0.5	6276	1323	5615	22141	3.53
1960-1964	94	0.25286	0.22448	0.5	4954	1112	4398	16526	3.34
1960-1964	95	0.27100	0.23866	0.5	3842	917	3383	12128	3.16
1960-1964	96	0.28994	0.25323	0.5	2925	741	2554	8745	2.99
1960-1964	97	0.30964	0.26813	0.5	2184	586	1891	6190	2.83
1960-1964	98	0.33006	0.28330	0.5	1599	453	1372	4299	2.69
1960-1964	99	0.35114	0.29869	0.5	1146	342	975	2927	2.55
1960-1964	100	0.37281	0.31424	0.5	803	252	677	1952	2.43
1960-1964	101	0.39501	0.32986	0.5	551	182	460	1275	2.31
1960-1964	102	0.41765	0.34550	0.5	369	128	305	815	2.21
1960-1964	103	0.44064	0.36109	0.5	242	87	198	510	2.11
1960-1964	104	0.46389	0.37655	0.5	154	58	125	312	2.02
1960-1964	105	0.48730	0.39183	0.5	96	38	77	186	1.93
1960-1964	106	0.51076	0.40686	0.5	59	24	47	109	1.86
1960-1964	107	0.53418	0.42158	0.5	35	15	27	62	1.79
1960-1964	108	0.55745	0.43594	0.5	20	9	16	35	1.73
1960-1964	109	0.58046	0.44989	0.5	11	5	9	19	1.69
1960-1964	110+	0.60314	1.00000	1.66	6	6	10	10	1.66
1965-1969	0	0.02342	0.02294	0.12	100000	2294	97978	7240749	72.41
1965-1969	1	0.00199	0.00199	0.5	97706	195	97608	7142771	73.11
1965-1969	2	0.00102	0.00102	0.5	97511	99	97461	7045163	72.25
1965-1969	3	0.00080	0.00080	0.5	97412	78	97373	6947702	71.32
1965-1969	4	0.00066	0.00066	0.5	97334	64	97302	6850329	70.38
1965-1969	5	0.00045	0.00045	0.5	97270	44	97248	6753027	69.43
1965-1969	6	0.00054	0.00054	0.5	97226	52	97199	6655779	68.46
1965-1969	7	0.00045	0.00045	0.5	97173	44	97152	6558580	67.49
1965-1969	8	0.00042	0.00042	0.5	97130	41	97110	6461428	66.52
1965-1969	9	0.00038	0.00038	0.5	97089	36	97071	6364319	65.55
1965-1969	10	0.00032	0.00032	0.5	97053	31	97037	6267248	64.58
1965-1969	11	0.00039	0.00039	0.5	97022	38	97003	6170211	63.60
1965-1969	12	0.00037	0.00037	0.5	96984	36	96966	6073208	62.62
1965-1969	13	0.00038	0.00038	0.5	96948	37	96929	5976242	61.64
1965-1969	14	0.00044	0.00044	0.5	96911	43	96889	5879313	60.67
1965-1969	15	0.00051	0.00051	0.5	96868	50	96843	5782424	59.69
1965-1969	16	0.00065	0.00065	0.5	96818	63	96787	5685581	58.72
1965-1969	17	0.00081	0.00081	0.5	96755	78	96716	5588794	57.76
1965-1969	18	0.00079	0.00079	0.5	96677	76	96639	5492078	56.81
1965-1969	19	0.00085	0.00085	0.5	96601	82	96560	5395439	55.85
1965-1969	20	0.00086	0.00086	0.5	96519	83	96477	5298879	54.90
1965-1969	21	0.00079	0.00079	0.5	96436	76	96398	5202402	53.95
1965-1969	22	0.00071	0.00071	0.5	96360	69	96326	5106004	52.99
1965-1969	23	0.00102	0.00102	0.5	96291	98	96242	5009678	52.03
1965-1969	24	0.00098	0.00098	0.5	96193	94	96146	4913436	51.08
1965-1969	25	0.00102	0.00102	0.5	96099	98	96050	4817290	50.13
1965-1969	26	0.00097	0.00097	0.5	96001	93	95955	4721240	49.18
1965-1969	27	0.00103	0.00103	0.5	95908	98	95859	4625285	48.23
1965-1969	28	0.00124	0.00124	0.5	95810	118	95751	4529426	47.28
1965-1969	29	0.00128	0.00128	0.5	95691	123	95630	4433675	46.33
1965-1969	30	0.00132	0.00132	0.5	95569	126	95506	4338045	45.39
1965-1969	31	0.00132	0.00132	0.5	95442	126	95379	4242539	44.45
1965-1969	32	0.00160	0.00160	0.5	95317	153	95240	4147160	43.51
1965-1969	33	0.00188	0.00188	0.5	95164	179	95075	4051920	42.58
1965-1969	34	0.00186	0.00185	0.5	94985	176	94897	3956845	41.66
1965-1969	35	0.00219	0.00219	0.5	94809	207	94706	3861948	40.73
1965-1969	36	0.00219	0.00219	0.5	94602	207	94498	3767242	39.82
1965-1969	37	0.00255	0.00255	0.5	94395	241	94275	3672744	38.91
1965-1969	38	0.00285	0.00285	0.5	94154	268	94020	3578469	38.01
1965-1969	39	0.00281	0.00281	0.5	93886	264	93754	3484449	37.11
1965-1969	40	0.00344	0.00344	0.5	93622	322	93461	3390694	36.22
1965-1969	41	0.00329	0.00329	0.5	93301	307	93147	3297233	35.34
1965-1969	42	0.00392	0.00391	0.5	92994	364	92812	3204086	34.45
1965-1969	43	0.00398	0.00397	0.5	92630	368	92447	3111273	33.59
1965-1969	44	0.00440	0.00439	0.5	92263	405	92060	3018827	32.72
1965-1969	45	0.00488	0.00487	0.5	91858	447	91634	2926767	31.86
1965-1969	46	0.00500	0.00499	0.5	91411	456	91183	2835132	31.02
1965-1969	47	0.00544	0.00543	0.5	90955	494	90708	2743950	30.17
1965-1969	48	0.00548	0.00546	0.5	90461	494	90214	2653242	29.33
1965-1969	49	0.00586	0.00584	0.5	89967	526	89704	2563028	28.49
1965-1969	50	0.00750	0.00747	0.5	89441	668	89107	2473324	27.65
1965-1969	51	0.00695	0.00693	0.5	88773	615	88466	2384217	26.86
1965-1969	52	0.00828	0.00824	0.5	88158	727	87795	2295751	26.04
1965-1969	53	0.00784	0.00781	0.5	87432	682	87090	2207956	25.25
1965-1969	54	0.00894	0.00890	0.5	86749	772	86363	2120866	24.45
1965-1969	55	0.00926	0.00921	0.5	85977	792	85581	2034503	23.66
1965-1969	56	0.00977	0.00972	0.5	85185	828	84771	1948922	22.88
1965-1969	57	0.01091	0.01085	0.5	84357	915	83899	1864151	22.10
1965-1969	58	0.01171	0.01165	0.5	83442	972	82956	1780251	21.34
1965-1969	59	0.01290	0.01282	0.5	82470	1057	81941	1697296	20.58
1965-1969	60	0.01487	0.01476	0.5	81412	1202	80812	1615355	19.84
1965-1969	61	0.01387	0.01378	0.5	80211	1105	79658	1534543	19.13
1965-1969	62	0.01638	0.01625	0.5	79106	1286	78463	1454885	18.39
1965-1969	63	0.01632	0.01619	0.5	77820	1260	77190	1376422	17.69
1965-1969	64	0.01916	0.01898	0.5	76560	1453	75834	1299232	16.97
1965-1969	65	0.02338	0.02311	0.5	75107	1735	74240	1223398	16.29
1965-1969	66	0.02307	0.02281	0.5	73372	1674	72535	1149158	15.66
1965-1969	67	0.02525	0.02494	0.5	71698	1788	70804	1076623	15.02
1965-1969	68	0.02738	0.02701	0.5	69911	1889	68966	1005819	14.39
1965-1969	69	0.02811	0.02772	0.5	68022	1885	67079	936852	13.77
1965-1969	70	0.03424	0.03366	0.5	66137	2226	65024	869773	13.15
1965-1969	71	0.03084	0.03037	0.5	63910	1941	62940	804749	12.59
1965-1969	72	0.03579	0.03516	0.5	61970	2179	60880	741809	11.97
1965-1969	73	0.03819	0.03748	0.5	59791	2241	58671	680929	11.39
1965-1969	74	0.04177	0.04092	0.5	57550	2355	56373	622259	10.81
1965-1969	75	0.04796	0.04684	0.5	55195	2585	53903	565886	10.25
1965-1969	76	0.04950	0.04830	0.5	52610	2541	51339	511983	9.73
1965-1969	77	0.05236	0.05102	0.5	50069	2555	48792	460644	9.20
1965-1969	78	0.05771	0.05609	0.5	47514	2665	46182	411852	8.67
1965-1969	79	0.06082	0.05903	0.5	44849	2647	43525	365671	8.15
1965-1969	80	0.07440	0.07173	0.5	42202	3027	40688	322145	7.63
1965-1969	81	0.07961	0.07656	0.5	39175	2999	37675	281457	7.18
1965-1969	82	0.08796	0.08426	0.5	36175	3048	34651	243782	6.74
1965-1969	83	0.09994	0.09518	0.5	33127	3153	31551	209131	6.31
1965-1969	84	0.11326	0.10719	0.5	29974	3213	28368	177580	5.92
1965-1969	85	0.12340	0.11622	0.5	26761	3110	25206	149213	5.58
1965-1969	86	0.13451	0.12603	0.5	23651	2981	22160	124007	5.24
1965-1969	87	0.14279	0.13327	0.5	20670	2755	19293	101846	4.93
1965-1969	88	0.16927	0.15606	0.5	17915	2796	16517	82554	4.61
1965-1969	89	0.17978	0.16496	0.5	15119	2494	13872	66036	4.37
1965-1969	90	0.21109	0.19094	0.5	12625	2411	11420	52164	4.13
1965-1969	91	0.19854	0.18061	0.5	10215	1845	9292	40744	3.99
1965-1969	92	0.21481	0.19397	0.5	8370	1624	7558	31452	3.76
1965-1969	93	0.23202	0.20790	0.5	6746	1403	6045	23894	3.54
1965-1969	94	0.25018	0.22236	0.5	5344	1188	4750	17849	3.34
1965-1969	95	0.26925	0.23730	0.5	4155	986	3662	13099	3.15
1965-1969	96	0.28922	0.25268	0.5	3169	801	2769	9437	2.98
1965-1969	97	0.31005	0.26843	0.5	2369	636	2051	6668	2.82
1965-1969	98	0.33167	0.28449	0.5	1733	493	1486	4617	2.66
1965-1969	99	0.35403	0.30078	0.5	1240	373	1053	3131	2.53
1965-1969	100	0.37704	0.31724	0.5	867	275	729	2077	2.40
1965-1969	101	0.40062	0.33377	0.5	592	198	493	1348	2.28
1965-1969	102	0.42468	0.35029	0.5	394	138	325	855	2.17
1965-1969	103	0.44909	0.36674	0.5	256	94	209	530	2.07
1965-1969	104	0.47375	0.38302	0.5	162	62	131	320	1.98
1965-1969	105	0.49854	0.39907	0.5	100	40	80	189	1.89
1965-1969	106	0.52334	0.41480	0.5	60	25	48	109	1.82
1965-1969	107	0.54802	0.43016	0.5	35	15	28	61	1.75
1965-1969	108	0.57247	0.44508	0.5	20	9	16	34	1.69
1965-1969	109	0.59657	0.45951	0.5	11	5	9	18	1.64
1965-1969	110+	0.62021	1.00000	1.61	6	6	10	10	1.61
1970-1974	0	0.01836	0.01807	0.1	100000	1807	98382	7349209	73.49
1970-1974	1	0.00137	0.00137	0.5	98193	134	98126	7250827	73.84
1970-1974	2	0.00086	0.00086	0.5	98059	84	98017	7152701	72.94
1970-1974	3	0.00067	0.00067	0.5	97975	65	97942	7054684	72.01
1970-1974	4	0.00060	0.00060	0.5	97909	59	97880	6956742	71.05
1970-1974	5	0.00050	0.00050	0.5	97851	49	97826	6858863	70.10
1970-1974	6	0.00046	0.00046	0.5	97802	45	97779	6761037	69.13
1970-1974	7	0.00042	0.00042	0.5	97756	41	97736	6663258	68.16
1970-1974	8	0.00035	0.00035	0.5	97715	34	97698	6565522	67.19
1970-1974	9	0.00029	0.00029	0.5	97681	28	97667	6467824	66.21
1970-1974	10	0.00029	0.00029	0.5	97652	28	97638	6370157	65.23
1970-1974	11	0.00027	0.00027	0.5	97624	26	97611	6272519	64.25
1970-1974	12	0.00029	0.00029	0.5	97598	28	97584	6174908	63.27
1970-1974	13	0.00033	0.00033	0.5	97570	32	97554	6077324	62.29
1970-1974	14	0.00045	0.00045	0.5	97538	44	97516	5979771	61.31
1970-1974	15	0.00051	0.00051	0.5	97493	49	97469	5882255	60.33
1970-1974	16	0.00068	0.00068	0.5	97444	66	97411	5784786	59.37
1970-1974	17	0.00080	0.00080	0.5	97378	78	97339	5687376	58.41
1970-1974	18	0.00085	0.00085	0.5	97300	83	97259	5590037	57.45
1970-1974	19	0.00082	0.00082	0.5	97217	80	97177	5492778	56.50
1970-1974	20	0.00090	0.00090	0.5	97137	87	97094	5395601	55.55
1970-1974	21	0.00087	0.00087	0.5	97050	85	97008	5298508	54.60
1970-1974	22	0.00083	0.00083	0.5	96965	80	96925	5201500	53.64
1970-1974	23	0.00079	0.00079	0.5	96885	76	96847	5104575	52.69
1970-1974	24	0.00099	0.00099	0.5	96809	96	96761	5007727	51.73
1970-1974	25	0.00097	0.00097	0.5	96713	94	96666	4910966	50.78
1970-1974	26	0.00082	0.00082	0.5	96619	79	96579	4814300	49.83
1970-1974	27	0.00108	0.00108	0.5	96540	104	96488	4717721	48.87
1970-1974	28	0.00124	0.00124	0.5	96436	120	96376	4621233	47.92
1970-1974	29	0.00117	0.00117	0.5	96316	113	96260	4524857	46.98
1970-1974	30	0.00127	0.00127	0.5	96203	122	96142	4428597	46.03
1970-1974	31	0.00144	0.00144	0.5	96081	138	96012	4332455	45.09
1970-1974	32	0.00146	0.00146	0.5	95943	140	95873	4236443	44.16
1970-1974	33	0.00173	0.00173	0.5	95803	166	95720	4140569	43.22
1970-1974	34	0.00207	0.00207	0.5	95638	198	95539	4044849	42.29
1970-1974	35	0.00240	0.00240	0.5	95440	229	95325	3949310	41.38
1970-1974	36	0.00224	0.00224	0.5	95211	213	95104	3853985	40.48
1970-1974	37	0.00199	0.00198	0.5	94998	189	94903	3758881	39.57
1970-1974	38	0.00244	0.00244	0.5	94809	231	94694	3663977	38.65
1970-1974	39	0.00278	0.00278	0.5	94578	263	94447	3569284	37.74
1970-1974	40	0.00322	0.00322	0.5	94315	303	94163	3474837	36.84
1970-1974	41	0.00347	0.00347	0.5	94012	326	93849	3380674	35.96
1970-1974	42	0.00386	0.00385	0.5	93686	361	93505	3286825	35.08
1970-1974	43	0.00406	0.00405	0.5	93325	378	93135	3193320	34.22
1970-1974	44	0.00427	0.00426	0.5	92946	396	92748	3100184	33.35
1970-1974	45	0.00457	0.00456	0.5	92550	422	92339	3007436	32.50
1970-1974	46	0.00489	0.00488	0.5	92128	449	91904	2915097	31.64
1970-1974	47	0.00540	0.00538	0.5	91679	493	91433	2823193	30.79
1970-1974	48	0.00535	0.00534	0.5	91186	487	90942	2731760	29.96
1970-1974	49	0.00575	0.00574	0.5	90699	520	90439	2640818	29.12
1970-1974	50	0.00662	0.00660	0.5	90179	595	89881	2550379	28.28
1970-1974	51	0.00671	0.00669	0.5	89584	599	89284	2460498	27.47
1970-1974	52	0.00785	0.00782	0.5	88985	696	88637	2371213	26.65
1970-1974	53	0.00757	0.00754	0.5	88289	666	87956	2282576	25.85
1970-1974	54	0.00836	0.00833	0.5	87624	730	87259	2194620	25.05
1970-1974	55	0.00893	0.00889	0.5	86894	772	86508	2107361	24.25
1970-1974	56	0.00914	0.00910	0.5	86122	783	85730	2020854	23.47
1970-1974	57	0.00960	0.00956	0.5	85338	816	84930	1935124	22.68
1970-1974	58	0.01123	0.01117	0.5	84522	944	84050	1850194	21.89
1970-1974	59	0.01171	0.01164	0.5	83578	973	83092	1766143	21.13
1970-1974	60	0.01307	0.01298	0.5	82606	1073	82069	1683051	20.37
1970-1974	61	0.01379	0.01369	0.5	81533	1116	80975	1600982	19.64
1970-1974	62	0.01511	0.01500	0.5	80417	1206	79814	1520007	18.90
1970-1974	63	0.01613	0.01600	0.5	79211	1267	78577	1440193	18.18
1970-1974	64	0.01836	0.01819	0.5	77944	1418	77235	1361616	17.47
1970-1974	65	0.01938	0.01920	0.5	76526	1469	75791	1284381	16.78
1970-1974	66	0.02009	0.01989	0.5	75057	1493	74310	1208590	16.10
1970-1974	67	0.02148	0.02125	0.5	73564	1563	72782	1134279	15.42
1970-1974	68	0.02284	0.02259	0.5	72001	1626	71188	1061497	14.74
1970-1974	69	0.02498	0.02467	0.5	70374	1736	69506	990309	14.07
1970-1974	70	0.03150	0.03101	0.5	68638	2128	67574	920803	13.42
1970-1974	71	0.03214	0.03163	0.5	66510	2104	65458	853229	12.83
1970-1974	72	0.03629	0.03564	0.5	64406	2295	63258	787771	12.23
1970-1974	73	0.03893	0.03818	0.5	62111	2372	60925	724513	11.66
1970-1974	74	0.04060	0.03979	0.5	59739	2377	58550	663588	11.11
1970-1974	75	0.04400	0.04306	0.5	57362	2470	56127	605037	10.55
1970-1974	76	0.04680	0.04573	0.5	54892	2510	53637	548911	10.00
1970-1974	77	0.05088	0.04962	0.5	52382	2599	51082	495274	9.46
1970-1974	78	0.05675	0.05518	0.5	49782	2747	48409	444192	8.92
1970-1974	79	0.06076	0.05897	0.5	47035	2773	45648	395783	8.41
1970-1974	80	0.07199	0.06949	0.5	44262	3076	42724	350135	7.91
1970-1974	81	0.07375	0.07113	0.5	41186	2929	39721	307411	7.46
1970-1974	82	0.08558	0.08207	0.5	38256	3140	36687	267690	7.00
1970-1974	83	0.09599	0.09159	0.5	35117	3216	33509	231003	6.58
1970-1974	84	0.10789	0.10237	0.5	31901	3266	30268	197494	6.19
1970-1974	85	0.11665	0.11022	0.5	28635	3156	27057	167227	5.84
1970-1974	86	0.12458	0.11728	0.5	25479	2988	23985	140170	5.50
1970-1974	87	0.13907	0.13003	0.5	22491	2924	21028	116185	5.17
1970-1974	88	0.15635	0.14502	0.5	19566	2837	18147	95157	4.86
1970-1974	89	0.16202	0.14988	0.5	16729	2507	15475	77009	4.60
1970-1974	90	0.19785	0.18004	0.5	14221	2560	12941	61534	4.33
1970-1974	91	0.18789	0.17176	0.5	11661	2003	10660	48593	4.17
1970-1974	92	0.20328	0.18452	0.5	9658	1782	8767	37934	3.93
1970-1974	93	0.21958	0.19786	0.5	7876	1558	7097	29166	3.70
1970-1974	94	0.23680	0.21173	0.5	6318	1338	5649	22070	3.49
1970-1974	95	0.25494	0.22611	0.5	4980	1126	4417	16421	3.30
1970-1974	96	0.27396	0.24095	0.5	3854	929	3390	12004	3.11
1970-1974	97	0.29384	0.25620	0.5	2925	749	2551	8614	2.94
1970-1974	98	0.31454	0.27180	0.5	2176	591	1880	6063	2.79
1970-1974	99	0.33600	0.28767	0.5	1584	456	1357	4183	2.64
1970-1974	100	0.35817	0.30377	0.5	1129	343	957	2827	2.50
1970-1974	101	0.38096	0.32000	0.5	786	251	660	1869	2.38
1970-1974	102	0.40428	0.33630	0.5	534	180	445	1209	2.26
1970-1974	103	0.42804	0.35258	0.5	355	125	292	765	2.16
1970-1974	104	0.45214	0.36877	0.5	230	85	187	473	2.06
1970-1974	105	0.47647	0.38480	0.5	145	56	117	285	1.97
1970-1974	106	0.50091	0.40058	0.5	89	36	71	168	1.89
1970-1974	107	0.52535	0.41606	0.5	53	22	42	97	1.82
1970-1974	108	0.54966	0.43116	0.5	31	13	24	55	1.75
1970-1974	109	0.57374	0.44584	0.5	18	8	14	30	1.70
1970-1974	110+	0.59748	1.00000	1.67	10	10	16	16	1.67
1975-1979	0	0.01456	0.01437	0.09	100000	1437	98697	7572352	75.72
1975-1979	1	0.00106	0.00105	0.5	98563	104	98511	7473655	75.83
1975-1979	2	0.00077	0.00077	0.5	98459	75	98421	7375144	74.91
1975-1979	3	0.00043	0.00043	0.5	98383	43	98362	7276723	73.96
1975-1979	4	0.00039	0.00039	0.5	98341	38	98321	7178361	72.99
1975-1979	5	0.00042	0.00042	0.5	98302	41	98282	7080040	72.02
1975-1979	6	0.00033	0.00033	0.5	98261	32	98245	6981758	71.05
1975-1979	7	0.00027	0.00027	0.5	98229	27	98216	6883513	70.08
1975-1979	8	0.00025	0.00025	0.5	98202	25	98190	6785297	69.10
1975-1979	9	0.00028	0.00028	0.5	98177	27	98164	6687107	68.11
1975-1979	10	0.00025	0.00025	0.5	98150	25	98138	6588943	67.13
1975-1979	11	0.00025	0.00025	0.5	98126	25	98113	6490805	66.15
1975-1979	12	0.00024	0.00024	0.5	98101	24	98089	6392692	65.16
1975-1979	13	0.00031	0.00031	0.5	98077	30	98062	6294602	64.18
1975-1979	14	0.00036	0.00036	0.5	98047	35	98030	6196540	63.20
1975-1979	15	0.00046	0.00046	0.5	98012	45	97989	6098511	62.22
1975-1979	16	0.00055	0.00055	0.5	97967	54	97940	6000521	61.25
1975-1979	17	0.00061	0.00061	0.5	97913	60	97883	5902582	60.28
1975-1979	18	0.00067	0.00067	0.5	97853	66	97820	5804699	59.32
1975-1979	19	0.00074	0.00074	0.5	97787	72	97751	5706879	58.36
1975-1979	20	0.00072	0.00072	0.5	97716	70	97680	5609127	57.40
1975-1979	21	0.00076	0.00076	0.5	97645	74	97608	5511447	56.44
1975-1979	22	0.00076	0.00076	0.5	97572	74	97535	5413838	55.49
1975-1979	23	0.00066	0.00066	0.5	97498	64	97466	5316304	54.53
1975-1979	24	0.00067	0.00067	0.5	97434	65	97401	5218838	53.56
1975-1979	25	0.00085	0.00085	0.5	97369	83	97327	5121437	52.60
1975-1979	26	0.00080	0.00080	0.5	97286	78	97247	5024110	51.64
1975-1979	27	0.00091	0.00091	0.5	97207	89	97163	4926863	50.68
1975-1979	28	0.00084	0.00084	0.5	97119	81	97078	4829700	49.73
1975-1979	29	0.00086	0.00086	0.5	97038	84	96996	4732622	48.77
1975-1979	30	0.00089	0.00089	0.5	96954	86	96911	4635626	47.81
1975-1979	31	0.00096	0.00096	0.5	96868	93	96821	4538716	46.85
1975-1979	32	0.00104	0.00104	0.5	96775	101	96724	4441894	45.90
1975-1979	33	0.00114	0.00114	0.5	96674	110	96619	4345170	44.95
1975-1979	34	0.00120	0.00120	0.5	96564	116	96506	4248551	44.00
1975-1979	35	0.00153	0.00153	0.5	96448	148	96374	4152045	43.05
1975-1979	36	0.00155	0.00155	0.5	96300	149	96226	4055671	42.11
1975-1979	37	0.00170	0.00170	0.5	96151	164	96069	3959445	41.18
1975-1979	38	0.00198	0.00198	0.5	95988	190	95893	3863376	40.25
1975-1979	39	0.00214	0.00213	0.5	95798	204	95696	3767483	39.33
1975-1979	40	0.00251	0.00250	0.5	95593	239	95474	3671787	38.41
1975-1979	41	0.00237	0.00236	0.5	95354	225	95241	3576314	37.51
1975-1979	42	0.00275	0.00275	0.5	95129	261	94998	3481072	36.59
1975-1979	43	0.00280	0.00279	0.5	94868	265	94735	3386074	35.69
1975-1979	44	0.00338	0.00337	0.5	94603	319	94443	3291339	34.79
1975-1979	45	0.00347	0.00346	0.5	94284	326	94120	3196896	33.91
1975-1979	46	0.00399	0.00398	0.5	93957	374	93770	3102776	33.02
1975-1979	47	0.00437	0.00436	0.5	93583	408	93379	3009005	32.15
1975-1979	48	0.00456	0.00455	0.5	93175	424	92963	2915626	31.29
1975-1979	49	0.00517	0.00516	0.5	92751	478	92512	2822663	30.43
1975-1979	50	0.00569	0.00568	0.5	92273	524	92011	2730151	29.59
1975-1979	51	0.00590	0.00589	0.5	91749	540	91479	2638140	28.75
1975-1979	52	0.00612	0.00610	0.5	91209	556	90931	2546661	27.92
1975-1979	53	0.00701	0.00698	0.5	90653	633	90336	2455730	27.09
1975-1979	54	0.00707	0.00704	0.5	90020	634	89703	2365394	26.28
1975-1979	55	0.00765	0.00763	0.5	89386	682	89045	2275691	25.46
1975-1979	56	0.00863	0.00860	0.5	88704	763	88323	2186646	24.65
1975-1979	57	0.00905	0.00901	0.5	87942	792	87546	2098323	23.86
1975-1979	58	0.00959	0.00955	0.5	87150	832	86734	2010778	23.07
1975-1979	59	0.01022	0.01017	0.5	86318	878	85879	1924044	22.29
1975-1979	60	0.01138	0.01131	0.5	85439	967	84956	1838166	21.51
1975-1979	61	0.01176	0.01169	0.5	84473	988	83979	1753209	20.75
1975-1979	62	0.01365	0.01355	0.5	83485	1131	82919	1669231	19.99
1975-1979	63	0.01404	0.01394	0.5	82353	1148	81779	1586311	19.26
1975-1979	64	0.01571	0.01559	0.5	81205	1266	80572	1504532	18.53
1975-1979	65	0.01612	0.01599	0.5	79939	1279	79300	1423960	17.81
1975-1979	66	0.01697	0.01683	0.5	78661	1324	77999	1344660	17.09
1975-1979	67	0.01921	0.01903	0.5	77337	1472	76601	1266661	16.38
1975-1979	68	0.02130	0.02108	0.5	75865	1599	75066	1190060	15.69
1975-1979	69	0.02191	0.02167	0.5	74266	1609	73462	1114994	15.01
1975-1979	70	0.02628	0.02594	0.5	72657	1885	71714	1041532	14.33
1975-1979	71	0.02623	0.02589	0.5	70772	1832	69856	969818	13.70
1975-1979	72	0.02913	0.02871	0.5	68940	1980	67950	899962	13.05
1975-1979	73	0.03231	0.03179	0.5	66960	2129	65896	832012	12.43
1975-1979	74	0.03605	0.03541	0.5	64831	2296	63683	766116	11.82
1975-1979	75	0.03945	0.03868	0.5	62535	2419	61326	702433	11.23
1975-1979	76	0.04176	0.04091	0.5	60116	2459	58887	641107	10.66
1975-1979	77	0.04510	0.04411	0.5	57657	2543	56386	582220	10.10
1975-1979	78	0.05078	0.04952	0.5	55114	2729	53749	525835	9.54
1975-1979	79	0.05465	0.05320	0.5	52385	2787	50991	472085	9.01
1975-1979	80	0.06163	0.05978	0.5	49598	2965	48115	421094	8.49
1975-1979	81	0.06525	0.06318	0.5	46633	2946	45160	372979	8.00
1975-1979	82	0.07914	0.07613	0.5	43686	3326	42023	327819	7.50
1975-1979	83	0.08675	0.08315	0.5	40360	3356	38683	285796	7.08
1975-1979	84	0.09434	0.09009	0.5	37005	3334	35338	247113	6.68
1975-1979	85	0.09993	0.09517	0.5	33671	3205	32069	211775	6.29
1975-1979	86	0.11614	0.10976	0.5	30466	3344	28794	179707	5.90
1975-1979	87	0.12475	0.11742	0.5	27122	3185	25530	150912	5.56
1975-1979	88	0.13631	0.12761	0.5	23938	3055	22410	125382	5.24
1975-1979	89	0.15497	0.14383	0.5	20883	3003	19381	102972	4.93
1975-1979	90	0.15909	0.14737	0.5	17879	2635	16562	83591	4.68
1975-1979	91	0.17315	0.15936	0.5	15245	2429	14030	67029	4.40
1975-1979	92	0.18818	0.17200	0.5	12815	2204	11713	52999	4.14
1975-1979	93	0.20419	0.18528	0.5	10611	1966	9628	41285	3.89
1975-1979	94	0.22120	0.19917	0.5	8645	1722	7784	31657	3.66
1975-1979	95	0.23919	0.21364	0.5	6923	1479	6184	23873	3.45
1975-1979	96	0.25816	0.22865	0.5	5444	1245	4822	17689	3.25
1975-1979	97	0.27809	0.24414	0.5	4199	1025	3687	12868	3.06
1975-1979	98	0.29893	0.26006	0.5	3174	825	2761	9181	2.89
1975-1979	99	0.32065	0.27634	0.5	2349	649	2024	6419	2.73
1975-1979	100	0.34316	0.29291	0.5	1700	498	1451	4395	2.59
1975-1979	101	0.36641	0.30968	0.5	1202	372	1016	2945	2.45
1975-1979	102	0.39030	0.32657	0.5	830	271	694	1929	2.32
1975-1979	103	0.41472	0.34349	0.5	559	192	463	1235	2.21
1975-1979	104	0.43957	0.36037	0.5	367	132	301	772	2.10
1975-1979	105	0.46473	0.37710	0.5	235	88	190	471	2.01
1975-1979	106	0.49007	0.39362	0.5	146	58	117	281	1.92
1975-1979	107	0.51545	0.40983	0.5	89	36	70	163	1.84
1975-1979	108	0.54076	0.42567	0.5	52	22	41	93	1.78
1975-1979	109	0.56586	0.44107	0.5	30	13	23	52	1.73
1975-1979	110+	0.59063	1.00000	1.69	17	17	28	28	1.69
1980-1984	0	0.01252	0.01238	0.09	100000	1238	98871	7669107	76.69
1980-1984	1	0.00094	0.00094	0.5	98762	93	98716	7570236	76.65
1980-1984	2	0.00061	0.00061	0.5	98670	60	98640	7471520	75.72
1980-1984	3	0.00048	0.00048	0.5	98610	48	98586	7372880	74.77
1980-1984	4	0.00037	0.00037	0.5	98562	37	98544	7274294	73.80
1980-1984	5	0.00034	0.00034	0.5	98525	33	98508	7175751	72.83
1980-1984	6	0.00045	0.00045	0.5	98492	45	98469	7077243	71.86
1980-1984	7	0.00030	0.00030	0.5	98447	29	98432	6978773	70.89
1980-1984	8	0.00026	0.00026	0.5	98418	26	98405	6880341	69.91
1980-1984	9	0.00018	0.00018	0.5	98392	17	98383	6781936	68.93
1980-1984	10	0.00022	0.00022	0.5	98375	21	98364	6683552	67.94
1980-1984	11	0.00026	0.00026	0.5	98353	26	98340	6585188	66.95
1980-1984	12	0.00024	0.00024	0.5	98327	23	98316	6486848	65.97
1980-1984	13	0.00027	0.00027	0.5	98304	27	98291	6388532	64.99
1980-1984	14	0.00030	0.00030	0.5	98277	30	98263	6290242	64.00
1980-1984	15	0.00035	0.00035	0.5	98248	34	98231	6191979	63.02
1980-1984	16	0.00058	0.00058	0.5	98213	57	98185	6093748	62.05
1980-1984	17	0.00064	0.00064	0.5	98157	63	98125	5995563	61.08
1980-1984	18	0.00057	0.00057	0.5	98094	56	98066	5897438	60.12
1980-1984	19	0.00064	0.00064	0.5	98038	63	98006	5799372	59.15
1980-1984	20	0.00063	0.00063	0.5	97975	62	97944	5701366	58.19
1980-1984	21	0.00059	0.00059	0.5	97913	58	97884	5603422	57.23
1980-1984	22	0.00060	0.00060	0.5	97855	58	97826	5505538	56.26
1980-1984	23	0.00060	0.00060	0.5	97797	58	97767	5407712	55.30
1980-1984	24	0.00067	0.00067	0.5	97738	66	97705	5309944	54.33
1980-1984	25	0.00070	0.00070	0.5	97673	69	97638	5212239	53.36
1980-1984	26	0.00080	0.00080	0.5	97604	78	97565	5114601	52.40
1980-1984	27	0.00072	0.00072	0.5	97526	71	97490	5017036	51.44
1980-1984	28	0.00081	0.00081	0.5	97455	79	97416	4919546	50.48
1980-1984	29	0.00082	0.00082	0.5	97376	80	97336	4822130	49.52
1980-1984	30	0.00085	0.00085	0.5	97296	83	97255	4724794	48.56
1980-1984	31	0.00093	0.00093	0.5	97213	90	97168	4627539	47.60
1980-1984	32	0.00098	0.00098	0.5	97123	95	97075	4530371	46.65
1980-1984	33	0.00103	0.00103	0.5	97028	100	96978	4433296	45.69
1980-1984	34	0.00110	0.00110	0.5	96928	107	96875	4336318	44.74
1980-1984	35	0.00103	0.00103	0.5	96821	100	96771	4239444	43.79
1980-1984	36	0.00134	0.00134	0.5	96721	130	96656	4142673	42.83
1980-1984	37	0.00154	0.00154	0.5	96591	149	96517	4046017	41.89
1980-1984	38	0.00164	0.00163	0.5	96442	158	96364	3949500	40.95
1980-1984	39	0.00177	0.00177	0.5	96285	170	96200	3853136	40.02
1980-1984	40	0.00167	0.00167	0.5	96114	160	96034	3756937	39.09
1980-1984	41	0.00199	0.00198	0.5	95954	190	95859	3660903	38.15
1980-1984	42	0.00216	0.00216	0.5	95764	207	95660	3565044	37.23
1980-1984	43	0.00256	0.00256	0.5	95557	245	95435	3469383	36.31
1980-1984	44	0.00274	0.00274	0.5	95312	261	95182	3373948	35.40
1980-1984	45	0.00307	0.00306	0.5	95051	291	94906	3278767	34.49
1980-1984	46	0.00314	0.00313	0.5	94760	297	94612	3183861	33.60
1980-1984	47	0.00370	0.00369	0.5	94463	348	94289	3089249	32.70
1980-1984	48	0.00430	0.00429	0.5	94115	404	93913	2994960	31.82
1980-1984	49	0.00432	0.00431	0.5	93711	404	93509	2901047	30.96
1980-1984	50	0.00529	0.00528	0.5	93307	492	93061	2807538	30.09
1980-1984	51	0.00509	0.00507	0.5	92815	471	92579	2714477	29.25
1980-1984	52	0.00582	0.00580	0.5	92344	536	92076	2621898	28.39
1980-1984	53	0.00625	0.00623	0.5	91808	572	91522	2529822	27.56
1980-1984	54	0.00686	0.00683	0.5	91236	623	90924	2438300	26.73
1980-1984	55	0.00731	0.00728	0.5	90612	660	90282	2347376	25.91
1980-1984	56	0.00741	0.00739	0.5	89953	664	89620	2257094	25.09
1980-1984	57	0.00824	0.00821	0.5	89288	733	88922	2167474	24.28
1980-1984	58	0.00917	0.00913	0.5	88555	808	88151	2078552	23.47
1980-1984	59	0.00947	0.00943	0.5	87747	827	87334	1990400	22.68
1980-1984	60	0.01072	0.01066	0.5	86920	927	86457	1903067	21.89
1980-1984	61	0.01211	0.01204	0.5	85993	1035	85476	1816610	21.13
1980-1984	62	0.01397	0.01387	0.5	84958	1179	84369	1731135	20.38
1980-1984	63	0.01346	0.01337	0.5	83779	1120	83219	1646766	19.66
1980-1984	64	0.01476	0.01465	0.5	82659	1211	82054	1563547	18.92
1980-1984	65	0.01524	0.01512	0.5	81448	1232	80833	1481493	18.19
1980-1984	66	0.01719	0.01705	0.5	80217	1367	79533	1400660	17.46
1980-1984	67	0.01805	0.01788	0.5	78849	1410	78144	1321128	16.76
1980-1984	68	0.02041	0.02021	0.5	77439	1565	76657	1242983	16.05
1980-1984	69	0.02215	0.02190	0.5	75874	1662	75043	1166327	15.37
1980-1984	70	0.02415	0.02386	0.5	74212	1771	73327	1091284	14.70
1980-1984	71	0.02589	0.02556	0.5	72441	1852	71516	1017957	14.05
1980-1984	72	0.02940	0.02898	0.5	70590	2046	69567	946441	13.41
1980-1984	73	0.03135	0.03086	0.5	68544	2115	67486	876874	12.79
1980-1984	74	0.03355	0.03300	0.5	66429	2192	65333	809388	12.18
1980-1984	75	0.03649	0.03584	0.5	64237	2302	63086	744055	11.58
1980-1984	76	0.04135	0.04051	0.5	61935	2509	60680	680970	10.99
1980-1984	77	0.04214	0.04127	0.5	59426	2453	58199	620290	10.44
1980-1984	78	0.04780	0.04668	0.5	56973	2660	55643	562090	9.87
1980-1984	79	0.04770	0.04658	0.5	54313	2530	53048	506447	9.32
1980-1984	80	0.06231	0.06043	0.5	51783	3129	50219	453399	8.76
1980-1984	81	0.06334	0.06140	0.5	48654	2987	47160	403180	8.29
1980-1984	82	0.07494	0.07223	0.5	45667	3299	44018	356020	7.80
1980-1984	83	0.07998	0.07690	0.5	42368	3258	40739	312002	7.36
1980-1984	84	0.08822	0.08450	0.5	39110	3305	37458	271263	6.94
1980-1984	85	0.09655	0.09210	0.5	35805	3298	34157	233805	6.53
1980-1984	86	0.10876	0.10315	0.5	32508	3353	30831	199649	6.14
1980-1984	87	0.11956	0.11282	0.5	29155	3289	27510	168818	5.79
1980-1984	88	0.13192	0.12376	0.5	25865	3201	24265	141308	5.46
1980-1984	89	0.13431	0.12585	0.5	22664	2852	21238	117043	5.16
1980-1984	90	0.15192	0.14119	0.5	19812	2797	18413	95805	4.84
1980-1984	91	0.16542	0.15278	0.5	17015	2600	15715	77392	4.55
1980-1984	92	0.17987	0.16503	0.5	14415	2379	13226	61677	4.28
1980-1984	93	0.19529	0.17792	0.5	12036	2141	10965	48451	4.03
1980-1984	94	0.21169	0.19143	0.5	9895	1894	8948	37486	3.79
1980-1984	95	0.22907	0.20553	0.5	8001	1644	7178	28538	3.57
1980-1984	96	0.24743	0.22019	0.5	6356	1400	5656	21360	3.36
1980-1984	97	0.26676	0.23536	0.5	4957	1167	4373	15704	3.17
1980-1984	98	0.28701	0.25099	0.5	3790	951	3314	11330	2.99
1980-1984	99	0.30816	0.26702	0.5	2839	758	2460	8016	2.82
1980-1984	100	0.33015	0.28337	0.5	2081	590	1786	5556	2.67
1980-1984	101	0.35291	0.29997	0.5	1491	447	1267	3770	2.53
1980-1984	102	0.37635	0.31675	0.5	1044	331	879	2503	2.40
1980-1984	103	0.40038	0.33360	0.5	713	238	594	1624	2.28
1980-1984	104	0.42491	0.35045	0.5	475	167	392	1030	2.17
1980-1984	105	0.44981	0.36722	0.5	309	113	252	638	2.07
1980-1984	106	0.47497	0.38382	0.5	195	75	158	386	1.98
1980-1984	107	0.50025	0.40016	0.5	120	48	96	228	1.90
1980-1984	108	0.52553	0.41617	0.5	72	30	57	132	1.83
1980-1984	109	0.55068	0.43179	0.5	42	18	33	75	1.77
1980-1984	110+	0.57557	1.00000	1.74	24	24	42	42	1.74
1985-1989	0	0.01158	0.01146	0.09	100000	1146	98952	7703840	77.04
1985-1989	1	0.00078	0.00078	0.5	98854	77	98816	7604888	76.93
1985-1989	2	0.00056	0.00056	0.5	98777	55	98749	7506072	75.99
1985-1989	3	0.00041	0.00041	0.5	98722	40	98702	7407323	75.03
1985-1989	4	0.00037	0.00037	0.5	98682	36	98664	7308621	74.06
1985-1989	5	0.00035	0.00035	0.5	98646	35	98628	7209958	73.09
1985-1989	6	0.00032	0.00032	0.5	98611	31	98595	7111329	72.12
1985-1989	7	0.00022	0.00022	0.5	98580	21	98569	7012734	71.14
1985-1989	8	0.00024	0.00024	0.5	98558	24	98546	6914165	70.15
1985-1989	9	0.00016	0.00016	0.5	98534	16	98526	6815619	69.17
1985-1989	10	0.00018	0.00018	0.5	98519	18	98510	6717093	68.18
1985-1989	11	0.00023	0.00023	0.5	98501	23	98490	6618583	67.19
1985-1989	12	0.00021	0.00021	0.5	98478	21	98468	6520093	66.21
1985-1989	13	0.00025	0.00025	0.5	98458	24	98446	6421625	65.22
1985-1989	14	0.00025	0.00025	0.5	98434	24	98421	6323180	64.24
1985-1989	15	0.00036	0.00036	0.5	98409	36	98391	6224758	63.25
1985-1989	16	0.00065	0.00065	0.5	98373	64	98342	6126367	62.28
1985-1989	17	0.00065	0.00065	0.5	98310	63	98278	6028025	61.32
1985-1989	18	0.00058	0.00058	0.5	98246	57	98218	5929747	60.36
1985-1989	19	0.00065	0.00065	0.5	98189	64	98157	5831529	59.39
1985-1989	20	0.00064	0.00064	0.5	98126	63	98094	5733372	58.43
1985-1989	21	0.00067	0.00067	0.5	98063	66	98030	5635278	57.47
1985-1989	22	0.00065	0.00065	0.5	97997	63	97965	5537248	56.50
1985-1989	23	0.00073	0.00073	0.5	97933	72	97898	5439283	55.54
1985-1989	24	0.00069	0.00069	0.5	97862	67	97828	5341385	54.58
1985-1989	25	0.00071	0.00071	0.5	97794	69	97760	5243557	53.62
1985-1989	26	0.00081	0.00081	0.5	97725	79	97686	5145798	52.66
1985-1989	27	0.00081	0.00081	0.5	97646	79	97607	5048112	51.70
1985-1989	28	0.00078	0.00078	0.5	97568	76	97530	4950505	50.74
1985-1989	29	0.00079	0.00079	0.5	97492	77	97453	4852975	49.78
1985-1989	30	0.00088	0.00088	0.5	97414	86	97371	4755522	48.82
1985-1989	31	0.00096	0.00096	0.5	97328	94	97282	4658151	47.86
1985-1989	32	0.00100	0.00100	0.5	97235	98	97186	4560870	46.91
1985-1989	33	0.00111	0.00111	0.5	97137	108	97083	4463684	45.95
1985-1989	34	0.00115	0.00115	0.5	97029	112	96974	4366601	45.00
1985-1989	35	0.00126	0.00126	0.5	96918	122	96857	4269627	44.05
1985-1989	36	0.00115	0.00115	0.5	96796	112	96740	4172770	43.11
1985-1989	37	0.00126	0.00126	0.5	96684	122	96623	4076030	42.16
1985-1989	38	0.00150	0.00149	0.5	96562	144	96490	3979407	41.21
1985-1989	39	0.00151	0.00151	0.5	96418	146	96345	3882917	40.27
1985-1989	40	0.00170	0.00170	0.5	96272	164	96190	3786573	39.33
1985-1989	41	0.00193	0.00193	0.5	96108	185	96015	3690383	38.40
1985-1989	42	0.00194	0.00194	0.5	95923	186	95829	3594368	37.47
1985-1989	43	0.00224	0.00224	0.5	95736	214	95629	3498538	36.54
1985-1989	44	0.00246	0.00246	0.5	95522	235	95405	3402909	35.62
1985-1989	45	0.00286	0.00285	0.5	95287	272	95151	3307504	34.71
1985-1989	46	0.00280	0.00279	0.5	95016	265	94883	3212353	33.81
1985-1989	47	0.00328	0.00328	0.5	94750	311	94595	3117470	32.90
1985-1989	48	0.00372	0.00371	0.5	94439	350	94264	3022875	32.01
1985-1989	49	0.00386	0.00386	0.5	94089	363	93908	2928611	31.13
1985-1989	50	0.00413	0.00412	0.5	93726	386	93533	2834703	30.24
1985-1989	51	0.00460	0.00459	0.5	93340	428	93126	2741170	29.37
1985-1989	52	0.00519	0.00518	0.5	92912	481	92672	2648044	28.50
1985-1989	53	0.00591	0.00589	0.5	92431	545	92159	2555372	27.65
1985-1989	54	0.00600	0.00599	0.5	91886	550	91611	2463213	26.81
1985-1989	55	0.00685	0.00682	0.5	91336	623	91025	2371602	25.97
1985-1989	56	0.00724	0.00721	0.5	90713	654	90386	2280577	25.14
1985-1989	57	0.00766	0.00763	0.5	90059	687	89715	2190191	24.32
1985-1989	58	0.00865	0.00862	0.5	89372	770	88987	2100476	23.50
1985-1989	59	0.01001	0.00996	0.5	88602	882	88161	2011489	22.70
1985-1989	60	0.01070	0.01064	0.5	87719	934	87253	1923329	21.93
1985-1989	61	0.01137	0.01131	0.5	86786	981	86295	1836076	21.16
1985-1989	62	0.01257	0.01249	0.5	85804	1071	85269	1749781	20.39
1985-1989	63	0.01419	0.01409	0.5	84733	1194	84136	1664512	19.64
1985-1989	64	0.01456	0.01445	0.5	83539	1207	82935	1580377	18.92
1985-1989	65	0.01587	0.01574	0.5	82331	1296	81683	1497442	18.19
1985-1989	66	0.01732	0.01718	0.5	81035	1392	80339	1415758	17.47
1985-1989	67	0.01795	0.01779	0.5	79644	1417	78935	1335419	16.77
1985-1989	68	0.02048	0.02028	0.5	78226	1586	77433	1256484	16.06
1985-1989	69	0.02084	0.02062	0.5	76640	1581	75850	1179050	15.38
1985-1989	70	0.02370	0.02342	0.5	75060	1758	74181	1103201	14.70
1985-1989	71	0.02424	0.02395	0.5	73301	1756	72424	1029020	14.04
1985-1989	72	0.02950	0.02908	0.5	71546	2080	70505	956596	13.37
1985-1989	73	0.03097	0.03050	0.5	69465	2118	68406	886091	12.76
1985-1989	74	0.03275	0.03222	0.5	67347	2170	66262	817685	12.14
1985-1989	75	0.03629	0.03564	0.5	65177	2323	64015	751423	11.53
1985-1989	76	0.04089	0.04007	0.5	62854	2519	61594	687408	10.94
1985-1989	77	0.04335	0.04243	0.5	60335	2560	59055	625813	10.37
1985-1989	78	0.04740	0.04630	0.5	57775	2675	56438	566758	9.81
1985-1989	79	0.05079	0.04954	0.5	55100	2729	53735	510320	9.26
1985-1989	80	0.05800	0.05636	0.5	52371	2952	50895	456585	8.72
1985-1989	81	0.06341	0.06146	0.5	49419	3037	47900	405690	8.21
1985-1989	82	0.06981	0.06745	0.5	46381	3129	44817	357790	7.71
1985-1989	83	0.07960	0.07655	0.5	43253	3311	41597	312973	7.24
1985-1989	84	0.08782	0.08412	0.5	39942	3360	38262	271376	6.79
1985-1989	85	0.10001	0.09524	0.5	36582	3484	34840	233114	6.37
1985-1989	86	0.10593	0.10060	0.5	33098	3330	31433	198275	5.99
1985-1989	87	0.12376	0.11655	0.5	29768	3469	28033	166842	5.60
1985-1989	88	0.13103	0.12298	0.5	26298	3234	24681	138809	5.28
1985-1989	89	0.14121	0.13190	0.5	23064	3042	21543	114127	4.95
1985-1989	90	0.15763	0.14611	0.5	20022	2925	18559	92584	4.62
1985-1989	91	0.17290	0.15914	0.5	17097	2721	15736	74025	4.33
1985-1989	92	0.18933	0.17295	0.5	14376	2486	13133	58288	4.05
1985-1989	93	0.20692	0.18752	0.5	11890	2229	10775	45156	3.80
1985-1989	94	0.22569	0.20280	0.5	9660	1959	8680	34381	3.56
1985-1989	95	0.24564	0.21877	0.5	7701	1685	6859	25700	3.34
1985-1989	96	0.26674	0.23535	0.5	6016	1416	5308	18842	3.13
1985-1989	97	0.28896	0.25248	0.5	4600	1161	4020	13534	2.94
1985-1989	98	0.31225	0.27008	0.5	3439	929	2974	9514	2.77
1985-1989	99	0.33652	0.28805	0.5	2510	723	2149	6540	2.61
1985-1989	100	0.36168	0.30629	0.5	1787	547	1513	4391	2.46
1985-1989	101	0.38763	0.32470	0.5	1240	403	1038	2878	2.32
1985-1989	102	0.41424	0.34316	0.5	837	287	694	1839	2.20
1985-1989	103	0.44135	0.36156	0.5	550	199	450	1146	2.08
1985-1989	104	0.46882	0.37979	0.5	351	133	284	695	1.98
1985-1989	105	0.49648	0.39774	0.5	218	87	174	411	1.89
1985-1989	106	0.52416	0.41531	0.5	131	54	104	236	1.80
1985-1989	107	0.55169	0.43241	0.5	77	33	60	133	1.73
1985-1989	108	0.57891	0.44895	0.5	44	20	34	72	1.67
1985-1989	109	0.60565	0.46488	0.5	24	11	18	39	1.61
1985-1989	110+	0.63178	1.00000	1.58	13	13	20	20	1.58
1990-1994	0	0.00990	0.00981	0.08	100000	981	99098	7785663	77.86
1990-1994	1	0.00078	0.00078	0.5	99019	77	98980	7686565	77.63
1990-1994	2	0.00042	0.00042	0.5	98942	41	98921	7587584	76.69
1990-1994	3	0.00036	0.00036	0.5	98900	36	98883	7488663	75.72
1990-1994	4	0.00028	0.00028	0.5	98865	27	98851	7389781	74.75
1990-1994	5	0.00030	0.00030	0.5	98837	30	98822	7290930	73.77
1990-1994	6	0.00025	0.00025	0.5	98808	24	98795	7192107	72.79
1990-1994	7	0.00024	0.00024	0.5	98783	23	98772	7093312	71.81
1990-1994	8	0.00016	0.00016	0.5	98760	16	98752	6994540	70.82
1990-1994	9	0.00017	0.00017	0.5	98744	17	98736	6895788	69.84
1990-1994	10	0.00018	0.00018	0.5	98727	17	98719	6797053	68.85
1990-1994	11	0.00017	0.00017	0.5	98710	16	98702	6698334	67.86
1990-1994	12	0.00023	0.00023	0.5	98694	23	98682	6599632	66.87
1990-1994	13	0.00021	0.00021	0.5	98671	20	98661	6500950	65.89
1990-1994	14	0.00032	0.00032	0.5	98651	32	98635	6402289	64.90
1990-1994	15	0.00037	0.00037	0.5	98619	37	98601	6303654	63.92
1990-1994	16	0.00046	0.00046	0.5	98582	45	98560	6205053	62.94
1990-1994	17	0.00047	0.00047	0.5	98537	47	98514	6106494	61.97
1990-1994	18	0.00060	0.00060	0.5	98490	59	98461	6007980	61.00
1990-1994	19	0.00062	0.00062	0.5	98431	61	98401	5909520	60.04
1990-1994	20	0.00066	0.00066	0.5	98370	65	98338	5811119	59.07
1990-1994	21	0.00063	0.00063	0.5	98305	62	98274	5712781	58.11
1990-1994	22	0.00062	0.00062	0.5	98243	61	98213	5614507	57.15
1990-1994	23	0.00065	0.00065	0.5	98183	64	98151	5516294	56.18
1990-1994	24	0.00066	0.00066	0.5	98119	65	98086	5418143	55.22
1990-1994	25	0.00070	0.00070	0.5	98054	69	98019	5320057	54.26
1990-1994	26	0.00074	0.00074	0.5	97985	72	97949	5222037	53.29
1990-1994	27	0.00066	0.00066	0.5	97913	65	97881	5124088	52.33
1990-1994	28	0.00084	0.00084	0.5	97848	82	97807	5026208	51.37
1990-1994	29	0.00076	0.00076	0.5	97766	74	97729	4928400	50.41
1990-1994	30	0.00082	0.00082	0.5	97692	80	97652	4830671	49.45
1990-1994	31	0.00094	0.00094	0.5	97612	91	97567	4733019	48.49
1990-1994	32	0.00098	0.00098	0.5	97521	95	97474	4635452	47.53
1990-1994	33	0.00110	0.00110	0.5	97426	107	97372	4537978	46.58
1990-1994	34	0.00106	0.00106	0.5	97319	103	97267	4440606	45.63
1990-1994	35	0.00118	0.00117	0.5	97216	114	97158	4343339	44.68
1990-1994	36	0.00125	0.00125	0.5	97101	121	97041	4246180	43.73
1990-1994	37	0.00134	0.00134	0.5	96980	130	96915	4149139	42.78
1990-1994	38	0.00150	0.00150	0.5	96851	145	96778	4052224	41.84
1990-1994	39	0.00155	0.00155	0.5	96705	150	96630	3955446	40.90
1990-1994	40	0.00174	0.00173	0.5	96556	167	96472	3858815	39.96
1990-1994	41	0.00168	0.00168	0.5	96388	162	96307	3762344	39.03
1990-1994	42	0.00201	0.00200	0.5	96226	193	96130	3666037	38.10
1990-1994	43	0.00209	0.00209	0.5	96033	201	95933	3569907	37.17
1990-1994	44	0.00227	0.00227	0.5	95832	218	95724	3473974	36.25
1990-1994	45	0.00243	0.00242	0.5	95615	232	95499	3378250	35.33
1990-1994	46	0.00283	0.00283	0.5	95383	269	95248	3282751	34.42
1990-1994	47	0.00296	0.00296	0.5	95114	281	94973	3187503	33.51
1990-1994	48	0.00331	0.00331	0.5	94832	313	94676	3092530	32.61
1990-1994	49	0.00350	0.00349	0.5	94519	330	94354	2997854	31.72
1990-1994	50	0.00393	0.00392	0.5	94189	369	94004	2903501	30.83
1990-1994	51	0.00410	0.00409	0.5	93819	384	93627	2809496	29.95
1990-1994	52	0.00498	0.00496	0.5	93435	464	93203	2715869	29.07
1990-1994	53	0.00511	0.00510	0.5	92971	474	92735	2622666	28.21
1990-1994	54	0.00562	0.00561	0.5	92498	519	92238	2529931	27.35
1990-1994	55	0.00620	0.00618	0.5	91979	568	91695	2437693	26.50
1990-1994	56	0.00709	0.00706	0.5	91411	646	91088	2345998	25.66
1990-1994	57	0.00730	0.00727	0.5	90765	660	90435	2254910	24.84
1990-1994	58	0.00865	0.00861	0.5	90105	776	89717	2164476	24.02
1990-1994	59	0.00913	0.00909	0.5	89329	812	88923	2074759	23.23
1990-1994	60	0.00984	0.00979	0.5	88517	867	88084	1985836	22.43
1990-1994	61	0.01087	0.01081	0.5	87651	948	87177	1897752	21.65
1990-1994	62	0.01209	0.01202	0.5	86703	1042	86182	1810575	20.88
1990-1994	63	0.01266	0.01258	0.5	85661	1078	85122	1724393	20.13
1990-1994	64	0.01353	0.01344	0.5	84583	1137	84015	1639271	19.38
1990-1994	65	0.01522	0.01511	0.5	83446	1260	82816	1555257	18.64
1990-1994	66	0.01670	0.01656	0.5	82186	1361	81505	1472441	17.92
1990-1994	67	0.01734	0.01719	0.5	80825	1390	80130	1390935	17.21
1990-1994	68	0.01863	0.01846	0.5	79435	1466	78702	1310805	16.50
1990-1994	69	0.02072	0.02051	0.5	77969	1599	77170	1232103	15.80
1990-1994	70	0.02276	0.02250	0.5	76370	1719	75511	1154933	15.12
1990-1994	71	0.02458	0.02428	0.5	74652	1813	73745	1079422	14.46
1990-1994	72	0.02676	0.02640	0.5	72839	1923	71877	1005677	13.81
1990-1994	73	0.02956	0.02913	0.5	70916	2066	69883	933800	13.17
1990-1994	74	0.03229	0.03177	0.5	68850	2188	67756	863917	12.55
1990-1994	75	0.03459	0.03400	0.5	66662	2267	65529	796161	11.94
1990-1994	76	0.03682	0.03615	0.5	64396	2328	63232	730632	11.35
1990-1994	77	0.04100	0.04017	0.5	62068	2494	60821	667400	10.75
1990-1994	78	0.04435	0.04338	0.5	59574	2585	58282	606579	10.18
1990-1994	79	0.04935	0.04816	0.5	56990	2744	55617	548297	9.62
1990-1994	80	0.05386	0.05245	0.5	54245	2845	52823	492679	9.08
1990-1994	81	0.05841	0.05676	0.5	51400	2917	49941	439857	8.56
1990-1994	82	0.06619	0.06407	0.5	48483	3106	46930	389915	8.04
1990-1994	83	0.07394	0.07131	0.5	45376	3236	43759	342986	7.56
1990-1994	84	0.08218	0.07893	0.5	42141	3326	40478	299227	7.10
1990-1994	85	0.09160	0.08759	0.5	38814	3400	37115	258750	6.67
1990-1994	86	0.10247	0.09747	0.5	35415	3452	33689	221635	6.26
1990-1994	87	0.10841	0.10284	0.5	31963	3287	30319	187946	5.88
1990-1994	88	0.11929	0.11257	0.5	28676	3228	27062	157627	5.50
1990-1994	89	0.13480	0.12628	0.5	25448	3214	23841	130566	5.13
1990-1994	90	0.14881	0.13850	0.5	22234	3079	20694	106725	4.80
1990-1994	91	0.16360	0.15123	0.5	19155	2897	17706	86031	4.49
1990-1994	92	0.17956	0.16477	0.5	16258	2679	14918	68325	4.20
1990-1994	93	0.19671	0.17910	0.5	13579	2432	12363	53406	3.93
1990-1994	94	0.21507	0.19419	0.5	11147	2165	10065	41043	3.68
1990-1994	95	0.23464	0.21000	0.5	8982	1886	8039	30979	3.45
1990-1994	96	0.25541	0.22649	0.5	7096	1607	6292	22939	3.23
1990-1994	97	0.27736	0.24358	0.5	5489	1337	4820	16647	3.03
1990-1994	98	0.30042	0.26119	0.5	4152	1084	3610	11826	2.85
1990-1994	99	0.32455	0.27924	0.5	3067	857	2639	8217	2.68
1990-1994	100	0.34964	0.29761	0.5	2211	658	1882	5577	2.52
1990-1994	101	0.37560	0.31622	0.5	1553	491	1307	3696	2.38
1990-1994	102	0.40229	0.33492	0.5	1062	356	884	2388	2.25
1990-1994	103	0.42958	0.35362	0.5	706	250	581	1504	2.13
1990-1994	104	0.45729	0.37219	0.5	456	170	372	923	2.02
1990-1994	105	0.48528	0.39052	0.5	287	112	231	551	1.92
1990-1994	106	0.51335	0.40850	0.5	175	71	139	321	1.84
1990-1994	107	0.54135	0.42603	0.5	103	44	81	182	1.76
1990-1994	108	0.56908	0.44302	0.5	59	26	46	100	1.69
1990-1994	109	0.59639	0.45940	0.5	33	15	25	54	1.64
1990-1994	110+	0.62311	1.00000	1.6	18	18	29	29	1.60
1995-1999	0	0.00837	0.00830	0.08	100000	830	99233	7800298	78.00
1995-1999	1	0.00058	0.00058	0.5	99170	57	99141	7701065	77.66
1995-1999	2	0.00034	0.00034	0.5	99112	34	99096	7601924	76.70
1995-1999	3	0.00026	0.00026	0.5	99079	25	99066	7502829	75.73
1995-1999	4	0.00028	0.00028	0.5	99054	27	99040	7403762	74.75
1995-1999	5	0.00021	0.00021	0.5	99026	21	99016	7304723	73.77
1995-1999	6	0.00019	0.00019	0.5	99006	18	98996	7205707	72.78
1995-1999	7	0.00019	0.00019	0.5	98987	19	98978	7106710	71.79
1995-1999	8	0.00019	0.00019	0.5	98968	18	98959	7007733	70.81
1995-1999	9	0.00015	0.00015	0.5	98950	15	98943	6908773	69.82
1995-1999	10	0.00017	0.00017	0.5	98935	17	98927	6809831	68.83
1995-1999	11	0.00021	0.00021	0.5	98919	21	98909	6710903	67.84
1995-1999	12	0.00013	0.00013	0.5	98898	13	98892	6611995	66.86
1995-1999	13	0.00024	0.00024	0.5	98885	23	98873	6513103	65.87
1995-1999	14	0.00024	0.00024	0.5	98862	24	98850	6414230	64.88
1995-1999	15	0.00035	0.00035	0.5	98838	34	98821	6315380	63.90
1995-1999	16	0.00050	0.00050	0.5	98804	49	98779	6216559	62.92
1995-1999	17	0.00055	0.00055	0.5	98754	55	98727	6117780	61.95
1995-1999	18	0.00063	0.00063	0.5	98700	62	98669	6019053	60.98
1995-1999	19	0.00059	0.00059	0.5	98638	58	98609	5920384	60.02
1995-1999	20	0.00051	0.00051	0.5	98580	51	98554	5821775	59.06
1995-1999	21	0.00056	0.00056	0.5	98529	55	98502	5723221	58.09
1995-1999	22	0.00061	0.00061	0.5	98474	60	98444	5624719	57.12
1995-1999	23	0.00058	0.00058	0.5	98414	57	98386	5526275	56.15
1995-1999	24	0.00055	0.00055	0.5	98357	54	98330	5427889	55.19
1995-1999	25	0.00069	0.00069	0.5	98302	68	98269	5329560	54.22
1995-1999	26	0.00062	0.00062	0.5	98235	60	98205	5231291	53.25
1995-1999	27	0.00072	0.00072	0.5	98175	71	98139	5133086	52.29
1995-1999	28	0.00079	0.00079	0.5	98104	77	98065	5034947	51.32
1995-1999	29	0.00075	0.00075	0.5	98027	74	97990	4936882	50.36
1995-1999	30	0.00075	0.00075	0.5	97953	74	97916	4838892	49.40
1995-1999	31	0.00091	0.00091	0.5	97879	89	97835	4740976	48.44
1995-1999	32	0.00096	0.00096	0.5	97790	94	97743	4643141	47.48
1995-1999	33	0.00099	0.00099	0.5	97697	96	97648	4545398	46.53
1995-1999	34	0.00104	0.00104	0.5	97600	102	97549	4447749	45.57
1995-1999	35	0.00124	0.00124	0.5	97498	120	97438	4350200	44.62
1995-1999	36	0.00120	0.00120	0.5	97378	117	97320	4252762	43.67
1995-1999	37	0.00136	0.00135	0.5	97261	132	97196	4155442	42.72
1995-1999	38	0.00165	0.00165	0.5	97130	160	97050	4058247	41.78
1995-1999	39	0.00157	0.00157	0.5	96970	152	96893	3961197	40.85
1995-1999	40	0.00172	0.00172	0.5	96817	167	96734	3864303	39.91
1995-1999	41	0.00192	0.00191	0.5	96650	185	96558	3767570	38.98
1995-1999	42	0.00214	0.00214	0.5	96465	206	96362	3671012	38.06
1995-1999	43	0.00220	0.00220	0.5	96259	211	96154	3574649	37.14
1995-1999	44	0.00230	0.00230	0.5	96048	221	95938	3478496	36.22
1995-1999	45	0.00248	0.00248	0.5	95827	237	95709	3382558	35.30
1995-1999	46	0.00278	0.00277	0.5	95590	265	95458	3286849	34.38
1995-1999	47	0.00261	0.00261	0.5	95325	248	95201	3191392	33.48
1995-1999	48	0.00315	0.00315	0.5	95077	299	94927	3096191	32.57
1995-1999	49	0.00361	0.00360	0.5	94777	341	94607	3001264	31.67
1995-1999	50	0.00362	0.00361	0.5	94436	341	94265	2906658	30.78
1995-1999	51	0.00421	0.00420	0.5	94095	395	93897	2812392	29.89
1995-1999	52	0.00459	0.00458	0.5	93699	430	93485	2718495	29.01
1995-1999	53	0.00499	0.00498	0.5	93270	464	93038	2625011	28.14
1995-1999	54	0.00521	0.00520	0.5	92806	482	92564	2531973	27.28
1995-1999	55	0.00609	0.00607	0.5	92323	561	92043	2439408	26.42
1995-1999	56	0.00657	0.00655	0.5	91762	601	91462	2347366	25.58
1995-1999	57	0.00700	0.00698	0.5	91161	636	90843	2255904	24.75
1995-1999	58	0.00809	0.00805	0.5	90525	729	90161	2165061	23.92
1995-1999	59	0.00879	0.00875	0.5	89796	786	89403	2074900	23.11
1995-1999	60	0.00911	0.00907	0.5	89010	807	88606	1985497	22.31
1995-1999	61	0.01043	0.01037	0.5	88203	915	87745	1896891	21.51
1995-1999	62	0.01148	0.01142	0.5	87288	997	86790	1809145	20.73
1995-1999	63	0.01278	0.01270	0.5	86291	1096	85743	1722356	19.96
1995-1999	64	0.01346	0.01337	0.5	85195	1139	84626	1636612	19.21
1995-1999	65	0.01530	0.01518	0.5	84057	1276	83419	1551986	18.46
1995-1999	66	0.01563	0.01551	0.5	82781	1284	82139	1468568	17.74
1995-1999	67	0.01693	0.01679	0.5	81497	1369	80813	1386429	17.01
1995-1999	68	0.01845	0.01828	0.5	80128	1465	79396	1305616	16.29
1995-1999	69	0.02086	0.02065	0.5	78663	1624	77851	1226221	15.59
1995-1999	70	0.02193	0.02169	0.5	77039	1671	76203	1148370	14.91
1995-1999	71	0.02535	0.02503	0.5	75368	1886	74425	1072166	14.23
1995-1999	72	0.02741	0.02704	0.5	73481	1987	72488	997742	13.58
1995-1999	73	0.02985	0.02942	0.5	71495	2103	70443	925254	12.94
1995-1999	74	0.03272	0.03220	0.5	69392	2234	68275	854810	12.32
1995-1999	75	0.03428	0.03371	0.5	67157	2264	66026	786536	11.71
1995-1999	76	0.03810	0.03739	0.5	64894	2426	63681	720510	11.10
1995-1999	77	0.04168	0.04083	0.5	62468	2551	61192	656830	10.51
1995-1999	78	0.04453	0.04356	0.5	59917	2610	58612	595637	9.94
1995-1999	79	0.05022	0.04899	0.5	57307	2808	55903	537025	9.37
1995-1999	80	0.05494	0.05347	0.5	54500	2914	53043	481122	8.83
1995-1999	81	0.06019	0.05843	0.5	51585	3014	50078	428079	8.30
1995-1999	82	0.06851	0.06624	0.5	48571	3217	46963	378001	7.78
1995-1999	83	0.07452	0.07184	0.5	45354	3258	43725	331038	7.30
1995-1999	84	0.08576	0.08223	0.5	42095	3462	40365	287314	6.83
1995-1999	85	0.09445	0.09019	0.5	38634	3484	36892	246949	6.39
1995-1999	86	0.10588	0.10055	0.5	35150	3534	33382	210057	5.98
1995-1999	87	0.11670	0.11027	0.5	31615	3486	29872	176675	5.59
1995-1999	88	0.12770	0.12004	0.5	28129	3377	26441	146803	5.22
1995-1999	89	0.14230	0.13284	0.5	24753	3288	23108	120362	4.86
1995-1999	90	0.15890	0.14720	0.5	21464	3160	19885	97253	4.53
1995-1999	91	0.17544	0.16129	0.5	18305	2952	16829	77369	4.23
1995-1999	92	0.19330	0.17626	0.5	15352	2706	13999	60540	3.94
1995-1999	93	0.21251	0.19210	0.5	12646	2429	11432	46541	3.68
1995-1999	94	0.23309	0.20876	0.5	10217	2133	9151	35109	3.44
1995-1999	95	0.25500	0.22617	0.5	8084	1828	7170	25959	3.21
1995-1999	96	0.27823	0.24425	0.5	6256	1528	5492	18789	3.00
1995-1999	97	0.30272	0.26293	0.5	4728	1243	4106	13297	2.81
1995-1999	98	0.32839	0.28207	0.5	3485	983	2993	9191	2.64
1995-1999	99	0.35512	0.30157	0.5	2502	754	2125	6198	2.48
1995-1999	100	0.38278	0.32129	0.5	1747	561	1467	4073	2.33
1995-1999	101	0.41123	0.34109	0.5	1186	405	984	2607	2.20
1995-1999	102	0.44028	0.36084	0.5	781	282	640	1623	2.08
1995-1999	103	0.46975	0.38040	0.5	499	190	404	983	1.97
1995-1999	104	0.49943	0.39963	0.5	309	124	248	578	1.87
1995-1999	105	0.52911	0.41842	0.5	186	78	147	331	1.78
1995-1999	106	0.55859	0.43664	0.5	108	47	84	184	1.70
1995-1999	107	0.58767	0.45421	0.5	61	28	47	99	1.63
1995-1999	108	0.61614	0.47103	0.5	33	16	25	52	1.57
1995-1999	109	0.64384	0.48705	0.5	18	9	13	27	1.52
1995-1999	110+	0.67061	1.00000	1.49	9	9	13	13	1.49
2000-2004	0	0.00784	0.00779	0.07	100000	779	99280	7816317	78.16
2000-2004	1	0.00045	0.00045	0.5	99221	45	99199	7717037	77.78
2000-2004	2	0.00034	0.00034	0.5	99176	33	99160	7617838	76.81
2000-2004	3	0.00026	0.00026	0.5	99143	25	99130	7518679	75.84
2000-2004	4	0.00019	0.00019	0.5	99118	19	99108	7419548	74.86
2000-2004	5	0.00016	0.00016	0.5	99099	16	99091	7320440	73.87
2000-2004	6	0.00015	0.00015	0.5	99083	15	99075	7221349	72.88
2000-2004	7	0.00013	0.00013	0.5	99068	13	99061	7122274	71.89
2000-2004	8	0.00014	0.00014	0.5	99055	13	99048	7023212	70.90
2000-2004	9	0.00013	0.00013	0.5	99042	13	99035	6924164	69.91
2000-2004	10	0.00016	0.00016	0.5	99028	15	99021	6825129	68.92
2000-2004	11	0.00018	0.00018	0.5	99013	17	99004	6726108	67.93
2000-2004	12	0.00017	0.00017	0.5	98996	17	98987	6627104	66.94
2000-2004	13	0.00022	0.00022	0.5	98978	22	98968	6528117	65.96
2000-2004	14	0.00024	0.00024	0.5	98957	24	98945	6429149	64.97
2000-2004	15	0.00023	0.00023	0.5	98933	22	98922	6330204	63.98
2000-2004	16	0.00043	0.00043	0.5	98910	42	98889	6231283	63.00
2000-2004	17	0.00052	0.00052	0.5	98868	51	98842	6132393	62.03
2000-2004	18	0.00058	0.00058	0.5	98817	58	98788	6033551	61.06
2000-2004	19	0.00056	0.00056	0.5	98759	55	98731	5934763	60.09
2000-2004	20	0.00052	0.00052	0.5	98704	51	98678	5836032	59.13
2000-2004	21	0.00052	0.00052	0.5	98653	51	98627	5737354	58.16
2000-2004	22	0.00053	0.00053	0.5	98602	52	98575	5638727	57.19
2000-2004	23	0.00056	0.00056	0.5	98549	56	98521	5540151	56.22
2000-2004	24	0.00062	0.00062	0.5	98494	62	98463	5441630	55.25
2000-2004	25	0.00056	0.00056	0.5	98432	55	98404	5343167	54.28
2000-2004	26	0.00068	0.00068	0.5	98377	67	98343	5244763	53.31
2000-2004	27	0.00069	0.00069	0.5	98310	68	98276	5146420	52.35
2000-2004	28	0.00068	0.00068	0.5	98242	67	98208	5048144	51.38
2000-2004	29	0.00082	0.00082	0.5	98175	80	98135	4949936	50.42
2000-2004	30	0.00081	0.00081	0.5	98095	79	98055	4851801	49.46
2000-2004	31	0.00085	0.00085	0.5	98015	84	97973	4753746	48.50
2000-2004	32	0.00082	0.00082	0.5	97932	81	97891	4655773	47.54
2000-2004	33	0.00090	0.00090	0.5	97851	88	97807	4557882	46.58
2000-2004	34	0.00106	0.00106	0.5	97763	103	97711	4460075	45.62
2000-2004	35	0.00114	0.00114	0.5	97659	111	97604	4362364	44.67
2000-2004	36	0.00125	0.00124	0.5	97548	121	97487	4264760	43.72
2000-2004	37	0.00136	0.00136	0.5	97427	133	97360	4167273	42.77
2000-2004	38	0.00144	0.00144	0.5	97294	140	97224	4069912	41.83
2000-2004	39	0.00163	0.00162	0.5	97153	158	97075	3972689	40.89
2000-2004	40	0.00179	0.00179	0.5	96996	173	96909	3875614	39.96
2000-2004	41	0.00197	0.00196	0.5	96822	190	96727	3778705	39.03
2000-2004	42	0.00212	0.00211	0.5	96632	204	96530	3681978	38.10
2000-2004	43	0.00244	0.00244	0.5	96428	235	96310	3585448	37.18
2000-2004	44	0.00246	0.00246	0.5	96193	237	96074	3489137	36.27
2000-2004	45	0.00263	0.00263	0.5	95956	252	95830	3393063	35.36
2000-2004	46	0.00282	0.00281	0.5	95704	269	95570	3297233	34.45
2000-2004	47	0.00310	0.00309	0.5	95435	295	95287	3201663	33.55
2000-2004	48	0.00328	0.00328	0.5	95140	312	94984	3106376	32.65
2000-2004	49	0.00380	0.00379	0.5	94828	359	94648	3011392	31.76
2000-2004	50	0.00370	0.00369	0.5	94468	348	94294	2916744	30.88
2000-2004	51	0.00405	0.00404	0.5	94120	381	93929	2822450	29.99
2000-2004	52	0.00434	0.00433	0.5	93739	406	93536	2728521	29.11
2000-2004	53	0.00501	0.00500	0.5	93333	467	93100	2634985	28.23
2000-2004	54	0.00529	0.00528	0.5	92866	490	92621	2541885	27.37
2000-2004	55	0.00565	0.00563	0.5	92376	520	92116	2449264	26.51
2000-2004	56	0.00650	0.00648	0.5	91856	595	91558	2357148	25.66
2000-2004	57	0.00674	0.00671	0.5	91260	613	90954	2265590	24.83
2000-2004	58	0.00752	0.00749	0.5	90648	679	90308	2174636	23.99
2000-2004	59	0.00842	0.00839	0.5	89968	755	89591	2084328	23.17
2000-2004	60	0.00905	0.00901	0.5	89214	804	88812	1994737	22.36
2000-2004	61	0.00964	0.00959	0.5	88410	848	87986	1905925	21.56
2000-2004	62	0.01090	0.01084	0.5	87562	949	87087	1817939	20.76
2000-2004	63	0.01193	0.01186	0.5	86613	1027	86099	1730852	19.98
2000-2004	64	0.01331	0.01322	0.5	85586	1132	85020	1644752	19.22
2000-2004	65	0.01434	0.01424	0.5	84454	1203	83853	1559732	18.47
2000-2004	66	0.01529	0.01518	0.5	83251	1263	82620	1475880	17.73
2000-2004	67	0.01728	0.01713	0.5	81988	1404	81286	1393260	16.99
2000-2004	68	0.01830	0.01813	0.5	80584	1461	79853	1311975	16.28
2000-2004	69	0.01950	0.01931	0.5	79123	1528	78359	1232122	15.57
2000-2004	70	0.02269	0.02244	0.5	77595	1741	76725	1153763	14.87
2000-2004	71	0.02408	0.02379	0.5	75854	1805	74952	1077038	14.20
2000-2004	72	0.02640	0.02606	0.5	74049	1930	73084	1002087	13.53
2000-2004	73	0.02910	0.02868	0.5	72120	2069	71085	929002	12.88
2000-2004	74	0.03094	0.03047	0.5	70051	2134	68984	857917	12.25
2000-2004	75	0.03415	0.03357	0.5	67917	2280	66777	788933	11.62
2000-2004	76	0.03772	0.03702	0.5	65637	2430	64422	722156	11.00
2000-2004	77	0.04257	0.04169	0.5	63207	2635	61889	657735	10.41
2000-2004	78	0.04661	0.04555	0.5	60572	2759	59192	595845	9.84
2000-2004	79	0.05225	0.05092	0.5	57813	2944	56341	536653	9.28
2000-2004	80	0.05295	0.05158	0.5	54869	2830	53454	480312	8.75
2000-2004	81	0.06055	0.05877	0.5	52039	3059	50509	426858	8.20
2000-2004	82	0.06776	0.06554	0.5	48980	3210	47375	376349	7.68
2000-2004	83	0.07526	0.07254	0.5	45770	3320	44110	328974	7.19
2000-2004	84	0.08631	0.08274	0.5	42450	3512	40694	284864	6.71
2000-2004	85	0.09635	0.09193	0.5	38938	3579	37148	244171	6.27
2000-2004	86	0.10473	0.09952	0.5	35358	3519	33599	207023	5.86
2000-2004	87	0.11764	0.11111	0.5	31839	3538	30071	173424	5.45
2000-2004	88	0.13470	0.12620	0.5	28302	3572	26516	143353	5.07
2000-2004	89	0.14563	0.13575	0.5	24730	3357	23052	116837	4.72
2000-2004	90	0.16414	0.15169	0.5	21373	3242	19752	93786	4.39
2000-2004	91	0.18192	0.16675	0.5	18131	3023	16619	74034	4.08
2000-2004	92	0.20116	0.18278	0.5	15108	2761	13727	57414	3.80
2000-2004	93	0.22189	0.19973	0.5	12346	2466	11113	43688	3.54
2000-2004	94	0.24410	0.21755	0.5	9880	2149	8806	32574	3.30
2000-2004	95	0.26777	0.23615	0.5	7731	1826	6818	23769	3.07
2000-2004	96	0.29284	0.25544	0.5	5905	1508	5151	16951	2.87
2000-2004	97	0.31924	0.27530	0.5	4397	1210	3792	11800	2.68
2000-2004	98	0.34685	0.29559	0.5	3186	942	2715	8008	2.51
2000-2004	99	0.37553	0.31617	0.5	2245	710	1890	5293	2.36
2000-2004	100	0.40512	0.33688	0.5	1535	517	1276	3403	2.22
2000-2004	101	0.43540	0.35756	0.5	1018	364	836	2127	2.09
2000-2004	102	0.46618	0.37806	0.5	654	247	530	1291	1.97
2000-2004	103	0.49722	0.39822	0.5	407	162	326	760	1.87
2000-2004	104	0.52828	0.41789	0.5	245	102	194	435	1.78
2000-2004	105	0.55912	0.43696	0.5	142	62	111	241	1.69
2000-2004	106	0.58951	0.45531	0.5	80	37	62	130	1.62
2000-2004	107	0.61923	0.47284	0.5	44	21	33	68	1.55
2000-2004	108	0.64809	0.48948	0.5	23	11	17	34	1.50
2000-2004	109	0.67590	0.50518	0.5	12	6	9	17	1.45
2000-2004	110+	0.70253	1.00000	1.42	6	6	8	8	1.42
2005-2009	0	0.00746	0.00741	0.07	100000	741	99314	7914480	79.14
2005-2009	1	0.00050	0.00050	0.5	99259	50	99234	7815166	78.73
2005-2009	2	0.00029	0.00029	0.5	99209	29	99195	7715932	77.77
2005-2009	3	0.00024	0.00024	0.5	99180	24	99168	7616737	76.80
2005-2009	4	0.00018	0.00018	0.5	99156	18	99147	7517569	75.82
2005-2009	5	0.00013	0.00013	0.5	99138	13	99132	7418422	74.83
2005-2009	6	0.00017	0.00017	0.5	99125	17	99117	7319290	73.84
2005-2009	7	0.00013	0.00013	0.5	99109	13	99102	7220173	72.85
2005-2009	8	0.00011	0.00011	0.5	99096	11	99091	7121071	71.86
2005-2009	9	0.00016	0.00016	0.5	99085	16	99077	7021980	70.87
2005-2009	10	0.00011	0.00011	0.5	99069	11	99064	6922903	69.88
2005-2009	11	0.00014	0.00014	0.5	99058	14	99051	6823839	68.89
2005-2009	12	0.00014	0.00014	0.5	99044	14	99037	6724788	67.90
2005-2009	13	0.00014	0.00014	0.5	99030	13	99023	6625751	66.91
2005-2009	14	0.00016	0.00016	0.5	99017	16	99009	6526728	65.92
2005-2009	15	0.00022	0.00022	0.5	99001	22	98990	6427719	64.93
2005-2009	16	0.00034	0.00034	0.5	98979	34	98962	6328729	63.94
2005-2009	17	0.00043	0.00043	0.5	98945	42	98924	6229768	62.96
2005-2009	18	0.00047	0.00047	0.5	98903	47	98879	6130844	61.99
2005-2009	19	0.00049	0.00049	0.5	98856	48	98832	6031964	61.02
2005-2009	20	0.00055	0.00055	0.5	98807	54	98780	5933133	60.05
2005-2009	21	0.00055	0.00055	0.5	98753	54	98726	5834352	59.08
2005-2009	22	0.00052	0.00052	0.5	98699	51	98673	5735626	58.11
2005-2009	23	0.00058	0.00058	0.5	98648	57	98619	5636953	57.14
2005-2009	24	0.00066	0.00066	0.5	98590	66	98558	5538334	56.18
2005-2009	25	0.00056	0.00056	0.5	98525	55	98497	5439776	55.21
2005-2009	26	0.00069	0.00069	0.5	98470	68	98436	5341278	54.24
2005-2009	27	0.00067	0.00067	0.5	98402	66	98369	5242843	53.28
2005-2009	28	0.00077	0.00077	0.5	98336	75	98298	5144474	52.32
2005-2009	29	0.00082	0.00082	0.5	98260	80	98220	5046176	51.36
2005-2009	30	0.00087	0.00087	0.5	98180	85	98137	4947956	50.40
2005-2009	31	0.00082	0.00082	0.5	98095	80	98055	4849818	49.44
2005-2009	32	0.00091	0.00091	0.5	98014	89	97970	4751764	48.48
2005-2009	33	0.00076	0.00076	0.5	97925	75	97888	4653794	47.52
2005-2009	34	0.00108	0.00108	0.5	97850	106	97797	4555907	46.56
2005-2009	35	0.00111	0.00111	0.5	97744	109	97690	4458109	45.61
2005-2009	36	0.00109	0.00109	0.5	97636	106	97583	4360419	44.66
2005-2009	37	0.00112	0.00112	0.5	97530	109	97475	4262836	43.71
2005-2009	38	0.00136	0.00136	0.5	97421	132	97355	4165361	42.76
2005-2009	39	0.00140	0.00140	0.5	97289	136	97220	4068006	41.81
2005-2009	40	0.00153	0.00153	0.5	97152	149	97078	3970786	40.87
2005-2009	41	0.00180	0.00180	0.5	97004	174	96917	3873708	39.93
2005-2009	42	0.00208	0.00208	0.5	96829	201	96729	3776791	39.00
2005-2009	43	0.00225	0.00225	0.5	96628	217	96519	3680063	38.08
2005-2009	44	0.00219	0.00219	0.5	96411	211	96305	3583543	37.17
2005-2009	45	0.00267	0.00266	0.5	96199	256	96071	3487238	36.25
2005-2009	46	0.00292	0.00291	0.5	95943	280	95803	3391167	35.35
2005-2009	47	0.00310	0.00309	0.5	95664	296	95516	3295363	34.45
2005-2009	48	0.00327	0.00327	0.5	95368	312	95212	3199848	33.55
2005-2009	49	0.00348	0.00348	0.5	95056	331	94891	3104635	32.66
2005-2009	50	0.00410	0.00409	0.5	94726	387	94532	3009744	31.77
2005-2009	51	0.00424	0.00423	0.5	94338	399	94139	2915212	30.90
2005-2009	52	0.00465	0.00464	0.5	93940	436	93722	2821073	30.03
2005-2009	53	0.00482	0.00481	0.5	93504	449	93279	2727352	29.17
2005-2009	54	0.00518	0.00517	0.5	93054	481	92814	2634073	28.31
2005-2009	55	0.00534	0.00533	0.5	92573	493	92326	2541259	27.45
2005-2009	56	0.00586	0.00585	0.5	92080	538	91810	2448933	26.60
2005-2009	57	0.00607	0.00605	0.5	91541	554	91264	2357123	25.75
2005-2009	58	0.00687	0.00685	0.5	90987	623	90676	2265858	24.90
2005-2009	59	0.00727	0.00725	0.5	90364	655	90037	2175183	24.07
2005-2009	60	0.00799	0.00796	0.5	89709	714	89352	2085146	23.24
2005-2009	61	0.00876	0.00872	0.5	88995	776	88607	1995794	22.43
2005-2009	62	0.00945	0.00941	0.5	88219	830	87804	1907187	21.62
2005-2009	63	0.01059	0.01053	0.5	87389	920	86929	1819383	20.82
2005-2009	64	0.01112	0.01106	0.5	86469	956	85991	1732454	20.04
2005-2009	65	0.01266	0.01258	0.5	85513	1075	84975	1646463	19.25
2005-2009	66	0.01307	0.01298	0.5	84437	1096	83889	1561489	18.49
2005-2009	67	0.01484	0.01473	0.5	83341	1228	82727	1477600	17.73
2005-2009	68	0.01545	0.01533	0.5	82113	1259	81484	1394873	16.99
2005-2009	69	0.01742	0.01727	0.5	80855	1396	80156	1313389	16.24
2005-2009	70	0.01888	0.01870	0.5	79458	1486	78715	1233232	15.52
2005-2009	71	0.02042	0.02022	0.5	77972	1576	77184	1154517	14.81
2005-2009	72	0.02312	0.02286	0.5	76396	1746	75523	1077333	14.10
2005-2009	73	0.02577	0.02544	0.5	74650	1899	73700	1001810	13.42
2005-2009	74	0.02823	0.02783	0.5	72751	2025	71738	928110	12.76
2005-2009	75	0.03099	0.03052	0.5	70726	2158	69646	856372	12.11
2005-2009	76	0.03483	0.03423	0.5	68567	2347	67394	786726	11.47
2005-2009	77	0.03805	0.03734	0.5	66220	2472	64984	719332	10.86
2005-2009	78	0.04198	0.04111	0.5	63748	2621	62437	654348	10.26
2005-2009	79	0.04571	0.04469	0.5	61127	2732	59761	591911	9.68
2005-2009	80	0.04859	0.04743	0.5	58395	2770	57010	532149	9.11
2005-2009	81	0.05593	0.05441	0.5	55626	3026	54112	475139	8.54
2005-2009	82	0.06192	0.06006	0.5	52599	3159	51019	421027	8.00
2005-2009	83	0.07318	0.07059	0.5	49440	3490	47695	370007	7.48
2005-2009	84	0.07912	0.07611	0.5	45950	3497	44201	322312	7.01
2005-2009	85	0.08682	0.08321	0.5	42453	3532	40687	278111	6.55
2005-2009	86	0.09875	0.09411	0.5	38920	3663	37089	237424	6.10
2005-2009	87	0.11025	0.10449	0.5	35258	3684	33416	200336	5.68
2005-2009	88	0.12204	0.11502	0.5	31574	3632	29758	166920	5.29
2005-2009	89	0.13811	0.12919	0.5	27942	3610	26137	137162	4.91
2005-2009	90	0.15439	0.14333	0.5	24332	3488	22589	111025	4.56
2005-2009	91	0.17158	0.15802	0.5	20845	3294	19198	88436	4.24
2005-2009	92	0.19025	0.17373	0.5	17551	3049	16026	69239	3.95
2005-2009	93	0.21044	0.19041	0.5	14502	2761	13121	53212	3.67
2005-2009	94	0.23216	0.20801	0.5	11740	2442	10519	40091	3.41
2005-2009	95	0.25539	0.22647	0.5	9298	2106	8245	29572	3.18
2005-2009	96	0.28010	0.24569	0.5	7193	1767	6309	21326	2.97
2005-2009	97	0.30622	0.26556	0.5	5425	1441	4705	15017	2.77
2005-2009	98	0.33364	0.28594	0.5	3985	1139	3415	10312	2.59
2005-2009	99	0.36224	0.30669	0.5	2845	873	2409	6897	2.42
2005-2009	100	0.39185	0.32765	0.5	1973	646	1649	4489	2.28
2005-2009	101	0.42227	0.34866	0.5	1326	462	1095	2839	2.14
2005-2009	102	0.45330	0.36954	0.5	864	319	704	1744	2.02
2005-2009	103	0.48469	0.39014	0.5	545	212	438	1040	1.91
2005-2009	104	0.51620	0.41030	0.5	332	136	264	601	1.81
2005-2009	105	0.54759	0.42989	0.5	196	84	154	337	1.72
2005-2009	106	0.57860	0.44877	0.5	112	50	87	184	1.64
2005-2009	107	0.60901	0.46685	0.5	62	29	47	97	1.57
2005-2009	108	0.63859	0.48404	0.5	33	16	25	50	1.52
2005-2009	109	0.66715	0.50027	0.5	17	8	13	25	1.47
2005-2009	110+	0.69454	1.00000	1.44	8	8	12	12	1.44
2010-2014	0	0.00615	0.00612	0.07	100000	612	99431	7997483	79.97
2010-2014	1	0.00042	0.00042	0.5	99388	41	99368	7898051	79.47
2010-2014	2	0.00026	0.00026	0.5	99347	26	99334	7798683	78.50
2010-2014	3	0.00020	0.00020	0.5	99322	20	99311	7699349	77.52
2010-2014	4	0.00021	0.00021	0.5	99301	21	99291	7600038	76.54
2010-2014	5	0.00014	0.00014	0.5	99280	14	99274	7500747	75.55
2010-2014	6	0.00013	0.00013	0.5	99267	13	99260	7401473	74.56
2010-2014	7	0.00011	0.00011	0.5	99254	11	99248	7302213	73.57
2010-2014	8	0.00008	0.00008	0.5	99243	8	99238	7202965	72.58
2010-2014	9	0.00013	0.00013	0.5	99234	12	99228	7103726	71.59
2010-2014	10	0.00012	0.00012	0.5	99222	12	99216	7004498	70.59
2010-2014	11	0.00008	0.00008	0.5	99209	8	99206	6905283	69.60
2010-2014	12	0.00012	0.00012	0.5	99202	12	99196	6806077	68.61
2010-2014	13	0.00015	0.00015	0.5	99190	15	99182	6706881	67.62
2010-2014	14	0.00015	0.00015	0.5	99175	15	99167	6607699	66.63
2010-2014	15	0.00016	0.00016	0.5	99159	16	99151	6508532	65.64
2010-2014	16	0.00028	0.00028	0.5	99143	28	99130	6409381	64.65
2010-2014	17	0.00027	0.00027	0.5	99116	27	99102	6310251	63.67
2010-2014	18	0.00030	0.00030	0.5	99089	30	99074	6211149	62.68
2010-2014	19	0.00038	0.00038	0.5	99059	37	99041	6112075	61.70
2010-2014	20	0.00038	0.00038	0.5	99022	37	99003	6013034	60.72
2010-2014	21	0.00041	0.00041	0.5	98985	41	98964	5914031	59.75
2010-2014	22	0.00048	0.00048	0.5	98944	48	98920	5815066	58.77
2010-2014	23	0.00049	0.00049	0.5	98896	48	98872	5716147	57.80
2010-2014	24	0.00048	0.00048	0.5	98847	48	98823	5617275	56.83
2010-2014	25	0.00055	0.00055	0.5	98800	55	98772	5518452	55.85
2010-2014	26	0.00057	0.00057	0.5	98745	56	98717	5419679	54.89
2010-2014	27	0.00064	0.00064	0.5	98689	63	98657	5320963	53.92
2010-2014	28	0.00059	0.00059	0.5	98625	58	98596	5222306	52.95
2010-2014	29	0.00074	0.00074	0.5	98567	73	98531	5123709	51.98
2010-2014	30	0.00071	0.00071	0.5	98494	70	98459	5025179	51.02
2010-2014	31	0.00079	0.00079	0.5	98424	78	98385	4926720	50.06
2010-2014	32	0.00088	0.00088	0.5	98346	86	98303	4828335	49.10
2010-2014	33	0.00093	0.00093	0.5	98260	92	98214	4730032	48.14
2010-2014	34	0.00094	0.00094	0.5	98168	92	98122	4631819	47.18
2010-2014	35	0.00105	0.00105	0.5	98076	103	98024	4533697	46.23
2010-2014	36	0.00099	0.00099	0.5	97972	97	97924	4435673	45.27
2010-2014	37	0.00119	0.00119	0.5	97875	117	97817	4337749	44.32
2010-2014	38	0.00129	0.00129	0.5	97758	126	97695	4239933	43.37
2010-2014	39	0.00136	0.00136	0.5	97632	133	97566	4142237	42.43
2010-2014	40	0.00145	0.00145	0.5	97500	141	97429	4044671	41.48
2010-2014	41	0.00163	0.00163	0.5	97358	159	97279	3947242	40.54
2010-2014	42	0.00179	0.00179	0.5	97200	174	97113	3849963	39.61
2010-2014	43	0.00191	0.00191	0.5	97026	185	96933	3752850	38.68
2010-2014	44	0.00208	0.00207	0.5	96841	201	96740	3655917	37.75
2010-2014	45	0.00225	0.00225	0.5	96640	217	96531	3559176	36.83
2010-2014	46	0.00265	0.00265	0.5	96423	255	96295	3462645	35.91
2010-2014	47	0.00282	0.00281	0.5	96168	270	96032	3366350	35.01
2010-2014	48	0.00306	0.00305	0.5	95897	293	95751	3270317	34.10
2010-2014	49	0.00349	0.00349	0.5	95604	333	95438	3174566	33.21
2010-2014	50	0.00370	0.00369	0.5	95271	352	95095	3079129	32.32
2010-2014	51	0.00402	0.00401	0.5	94919	381	94729	2984034	31.44
2010-2014	52	0.00443	0.00442	0.5	94538	418	94329	2889305	30.56
2010-2014	53	0.00494	0.00493	0.5	94121	464	93888	2794975	29.70
2010-2014	54	0.00534	0.00532	0.5	93656	499	93407	2701087	28.84
2010-2014	55	0.00547	0.00545	0.5	93158	508	92904	2607680	27.99
2010-2014	56	0.00576	0.00574	0.5	92650	532	92384	2514776	27.14
2010-2014	57	0.00647	0.00645	0.5	92118	595	91821	2422392	26.30
2010-2014	58	0.00685	0.00683	0.5	91523	625	91211	2330572	25.46
2010-2014	59	0.00699	0.00696	0.5	90898	633	90582	2239361	24.64
2010-2014	60	0.00764	0.00761	0.5	90265	687	89922	2148779	23.81
2010-2014	61	0.00841	0.00837	0.5	89579	750	89204	2058857	22.98
2010-2014	62	0.00890	0.00886	0.5	88829	787	88435	1969654	22.17
2010-2014	63	0.00986	0.00981	0.5	88041	864	87609	1881219	21.37
2010-2014	64	0.01060	0.01054	0.5	87177	919	86718	1793609	20.57
2010-2014	65	0.01120	0.01114	0.5	86258	961	85778	1706892	19.79
2010-2014	66	0.01222	0.01215	0.5	85297	1036	84779	1621114	19.01
2010-2014	67	0.01318	0.01310	0.5	84261	1103	83709	1536335	18.23
2010-2014	68	0.01459	0.01449	0.5	83157	1205	82555	1452626	17.47
2010-2014	69	0.01605	0.01592	0.5	81953	1305	81300	1370071	16.72
2010-2014	70	0.01755	0.01740	0.5	80648	1403	79946	1288771	15.98
2010-2014	71	0.01966	0.01947	0.5	79245	1543	78473	1208824	15.25
2010-2014	72	0.02077	0.02055	0.5	77702	1597	76903	1130351	14.55
2010-2014	73	0.02318	0.02291	0.5	76105	1744	75233	1053448	13.84
2010-2014	74	0.02522	0.02491	0.5	74361	1852	73435	978215	13.15
2010-2014	75	0.02813	0.02774	0.5	72509	2011	71503	904780	12.48
2010-2014	76	0.03206	0.03156	0.5	70498	2225	69386	833276	11.82
2010-2014	77	0.03508	0.03448	0.5	68273	2354	67096	763891	11.19
2010-2014	78	0.03859	0.03785	0.5	65919	2495	64671	696795	10.57
2010-2014	79	0.04376	0.04282	0.5	63424	2716	62066	632123	9.97
2010-2014	80	0.04601	0.04497	0.5	60708	2730	59343	570058	9.39
2010-2014	81	0.05188	0.05057	0.5	57978	2932	56512	510715	8.81
2010-2014	82	0.05847	0.05681	0.5	55046	3127	53482	454203	8.25
2010-2014	83	0.06528	0.06322	0.5	51918	3282	50277	400721	7.72
2010-2014	84	0.07321	0.07062	0.5	48636	3435	46919	350444	7.21
2010-2014	85	0.08303	0.07972	0.5	45202	3603	43400	303525	6.71
2010-2014	86	0.09325	0.08910	0.5	41598	3706	39745	260125	6.25
2010-2014	87	0.10348	0.09839	0.5	37892	3728	36028	220380	5.82
2010-2014	88	0.11765	0.11111	0.5	34164	3796	32266	184352	5.40
2010-2014	89	0.13331	0.12498	0.5	30368	3795	28470	152086	5.01
2010-2014	90	0.14860	0.13832	0.5	26572	3676	24735	123616	4.65
2010-2014	91	0.16578	0.15309	0.5	22897	3505	21144	98881	4.32
2010-2014	92	0.18452	0.16894	0.5	19391	3276	17753	77737	4.01
2010-2014	93	0.20486	0.18582	0.5	16115	2995	14618	59984	3.72
2010-2014	94	0.22681	0.20371	0.5	13121	2673	11784	45366	3.46
2010-2014	95	0.25038	0.22252	0.5	10448	2325	9286	33581	3.21
2010-2014	96	0.27552	0.24216	0.5	8123	1967	7140	24296	2.99
2010-2014	97	0.30217	0.26251	0.5	6156	1616	5348	17156	2.79
2010-2014	98	0.33022	0.28342	0.5	4540	1287	3897	11808	2.60
2010-2014	99	0.35953	0.30475	0.5	3253	991	2758	7911	2.43
2010-2014	100	0.38993	0.32631	0.5	2262	738	1893	5154	2.28
2010-2014	101	0.42121	0.34794	0.5	1524	530	1259	3261	2.14
2010-2014	102	0.45314	0.36944	0.5	994	367	810	2002	2.02
2010-2014	103	0.48546	0.39064	0.5	627	245	504	1192	1.90
2010-2014	104	0.51789	0.41137	0.5	382	157	303	688	1.80
2010-2014	105	0.55018	0.43148	0.5	225	97	176	385	1.71
2010-2014	106	0.58205	0.45085	0.5	128	58	99	209	1.63
2010-2014	107	0.61325	0.46934	0.5	70	33	54	110	1.56
2010-2014	108	0.64355	0.48688	0.5	37	18	28	56	1.50
2010-2014	109	0.67274	0.50341	0.5	19	10	14	28	1.46
2010-2014	110+	0.70065	1.00000	1.43	9	9	14	14	1.43
2015-2017	0	0.00725	0.00720	0.07	100000	720	99333	7998238	79.98
2015-2017	1	0.00040	0.00040	0.5	99280	40	99260	7898905	79.56
2015-2017	2	0.00023	0.00023	0.5	99240	23	99229	7799645	78.59
2015-2017	3	0.00017	0.00017	0.5	99218	17	99209	7700416	77.61
2015-2017	4	0.00021	0.00021	0.5	99201	21	99190	7601207	76.62
2015-2017	5	0.00013	0.00013	0.5	99180	12	99174	7502017	75.64
2015-2017	6	0.00018	0.00018	0.5	99167	18	99158	7402843	74.65
2015-2017	7	0.00014	0.00014	0.5	99149	14	99142	7303685	73.66
2015-2017	8	0.00011	0.00011	0.5	99135	10	99130	7204543	72.67
2015-2017	9	0.00009	0.00009	0.5	99125	9	99120	7105413	71.68
2015-2017	10	0.00011	0.00011	0.5	99115	11	99110	7006293	70.69
2015-2017	11	0.00011	0.00011	0.5	99104	11	99099	6907184	69.70
2015-2017	12	0.00012	0.00012	0.5	99093	12	99087	6808085	68.70
2015-2017	13	0.00016	0.00016	0.5	99081	16	99073	6708998	67.71
2015-2017	14	0.00017	0.00017	0.5	99065	17	99056	6609925	66.72
2015-2017	15	0.00015	0.00015	0.5	99048	14	99040	6510869	65.73
2015-2017	16	0.00036	0.00036	0.5	99033	35	99016	6411829	64.74
2015-2017	17	0.00030	0.00030	0.5	98998	29	98983	6312813	63.77
2015-2017	18	0.00042	0.00042	0.5	98968	41	98948	6213830	62.79
2015-2017	19	0.00045	0.00045	0.5	98927	44	98905	6114882	61.81
2015-2017	20	0.00044	0.00044	0.5	98883	43	98861	6015977	60.84
2015-2017	21	0.00056	0.00056	0.5	98840	55	98812	5917116	59.87
2015-2017	22	0.00055	0.00055	0.5	98785	55	98757	5818303	58.90
2015-2017	23	0.00054	0.00054	0.5	98730	53	98703	5719546	57.93
2015-2017	24	0.00052	0.00052	0.5	98677	51	98651	5620843	56.96
2015-2017	25	0.00063	0.00063	0.5	98625	62	98594	5522192	55.99
2015-2017	26	0.00062	0.00062	0.5	98563	61	98532	5423598	55.03
2015-2017	27	0.00067	0.00067	0.5	98502	66	98469	5325065	54.06
2015-2017	28	0.00087	0.00087	0.5	98436	86	98393	5226596	53.10
2015-2017	29	0.00081	0.00081	0.5	98350	79	98310	5128204	52.14
2015-2017	30	0.00085	0.00085	0.5	98271	83	98229	5029893	51.18
2015-2017	31	0.00092	0.00092	0.5	98188	90	98142	4931664	50.23
2015-2017	32	0.00082	0.00082	0.5	98097	80	98057	4833522	49.27
2015-2017	33	0.00104	0.00104	0.5	98017	102	97966	4735465	48.31
2015-2017	34	0.00101	0.00101	0.5	97915	99	97866	4637499	47.36
2015-2017	35	0.00123	0.00122	0.5	97816	120	97756	4539633	46.41
2015-2017	36	0.00119	0.00119	0.5	97696	117	97638	4441877	45.47
2015-2017	37	0.00135	0.00135	0.5	97580	132	97514	4344238	44.52
2015-2017	38	0.00132	0.00132	0.5	97448	129	97384	4246724	43.58
2015-2017	39	0.00138	0.00138	0.5	97319	134	97252	4149340	42.64
2015-2017	40	0.00152	0.00152	0.5	97185	148	97111	4052088	41.69
2015-2017	41	0.00150	0.00150	0.5	97037	146	96964	3954977	40.76
2015-2017	42	0.00186	0.00185	0.5	96892	180	96802	3858013	39.82
2015-2017	43	0.00186	0.00186	0.5	96712	180	96622	3761211	38.89
2015-2017	44	0.00212	0.00212	0.5	96532	204	96430	3664589	37.96
2015-2017	45	0.00221	0.00220	0.5	96328	212	96222	3568159	37.04
2015-2017	46	0.00248	0.00248	0.5	96115	238	95996	3471937	36.12
2015-2017	47	0.00257	0.00257	0.5	95877	246	95754	3375941	35.21
2015-2017	48	0.00289	0.00288	0.5	95631	276	95494	3280187	34.30
2015-2017	49	0.00318	0.00318	0.5	95356	303	95204	3184693	33.40
2015-2017	50	0.00357	0.00357	0.5	95053	339	94883	3089489	32.50
2015-2017	51	0.00388	0.00387	0.5	94713	366	94530	2994606	31.62
2015-2017	52	0.00430	0.00429	0.5	94347	405	94145	2900075	30.74
2015-2017	53	0.00466	0.00465	0.5	93942	436	93724	2805931	29.87
2015-2017	54	0.00529	0.00527	0.5	93506	493	93259	2712207	29.01
2015-2017	55	0.00541	0.00540	0.5	93012	502	92761	2618948	28.16
2015-2017	56	0.00630	0.00628	0.5	92510	581	92220	2526186	27.31
2015-2017	57	0.00681	0.00679	0.5	91929	624	91617	2433966	26.48
2015-2017	58	0.00730	0.00728	0.5	91305	664	90973	2342349	25.65
2015-2017	59	0.00801	0.00798	0.5	90641	723	90279	2251376	24.84
2015-2017	60	0.00816	0.00812	0.5	89918	730	89553	2161096	24.03
2015-2017	61	0.00834	0.00831	0.5	89187	741	88817	2071544	23.23
2015-2017	62	0.00941	0.00936	0.5	88446	828	88032	1982727	22.42
2015-2017	63	0.01023	0.01018	0.5	87618	892	87172	1894695	21.62
2015-2017	64	0.01050	0.01044	0.5	86726	906	86274	1807523	20.84
2015-2017	65	0.01112	0.01105	0.5	85821	949	85346	1721249	20.06
2015-2017	66	0.01181	0.01174	0.5	84872	997	84374	1635903	19.27
2015-2017	67	0.01287	0.01279	0.5	83875	1072	83339	1551529	18.50
2015-2017	68	0.01449	0.01439	0.5	82803	1191	82207	1468190	17.73
2015-2017	69	0.01536	0.01525	0.5	81612	1244	80990	1385983	16.98
2015-2017	70	0.01675	0.01661	0.5	80367	1335	79700	1304993	16.24
2015-2017	71	0.01761	0.01745	0.5	79032	1379	78343	1225293	15.50
2015-2017	72	0.02131	0.02108	0.5	77653	1637	76834	1146951	14.77
2015-2017	73	0.02251	0.02226	0.5	76016	1692	75170	1070116	14.08
2015-2017	74	0.02471	0.02440	0.5	74324	1814	73417	994947	13.39
2015-2017	75	0.02706	0.02670	0.5	72510	1936	71542	921530	12.71
2015-2017	76	0.02996	0.02951	0.5	70574	2083	69533	849988	12.04
2015-2017	77	0.03234	0.03183	0.5	68491	2180	67401	780456	11.40
2015-2017	78	0.03749	0.03680	0.5	66311	2440	65091	713055	10.75
2015-2017	79	0.04222	0.04135	0.5	63871	2641	62551	647964	10.14
2015-2017	80	0.04774	0.04663	0.5	61230	2855	59803	585413	9.56
2015-2017	81	0.05249	0.05115	0.5	58375	2986	56882	525610	9.00
2015-2017	82	0.05780	0.05618	0.5	55389	3112	53834	468728	8.46
2015-2017	83	0.06271	0.06081	0.5	52278	3179	50688	414894	7.94
2015-2017	84	0.07006	0.06769	0.5	49099	3323	47437	364206	7.42
2015-2017	85	0.07974	0.07668	0.5	45776	3510	44020	316769	6.92
2015-2017	86	0.08900	0.08521	0.5	42265	3602	40465	272748	6.45
2015-2017	87	0.09848	0.09385	0.5	38664	3629	36849	232284	6.01
2015-2017	88	0.11258	0.10658	0.5	35035	3734	33168	195434	5.58
2015-2017	89	0.12555	0.11813	0.5	31301	3698	29452	162266	5.18
2015-2017	90	0.14272	0.13322	0.5	27603	3677	25765	132814	4.81
2015-2017	91	0.15887	0.14718	0.5	23926	3521	22166	107049	4.47
2015-2017	92	0.17646	0.16215	0.5	20405	3309	18751	84884	4.16
2015-2017	93	0.19555	0.17813	0.5	17096	3045	15573	66133	3.87
2015-2017	94	0.21616	0.19507	0.5	14051	2741	12680	50560	3.60
2015-2017	95	0.23829	0.21292	0.5	11310	2408	10106	37879	3.35
2015-2017	96	0.26194	0.23161	0.5	8902	2062	7871	27773	3.12
2015-2017	97	0.28705	0.25102	0.5	6840	1717	5982	19903	2.91
2015-2017	98	0.31355	0.27105	0.5	5123	1389	4429	13921	2.72
2015-2017	99	0.34132	0.29156	0.5	3734	1089	3190	9492	2.54
2015-2017	100	0.37022	0.31239	0.5	2646	826	2232	6302	2.38
2015-2017	101	0.40009	0.33339	0.5	1819	606	1516	4070	2.24
2015-2017	102	0.43071	0.35439	0.5	1213	430	998	2554	2.11
2015-2017	103	0.46188	0.37522	0.5	783	294	636	1556	1.99
2015-2017	104	0.49334	0.39573	0.5	489	194	392	920	1.88
2015-2017	105	0.52486	0.41575	0.5	296	123	234	528	1.79
2015-2017	106	0.55618	0.43517	0.5	173	75	135	294	1.70
2015-2017	107	0.58706	0.45385	0.5	98	44	75	159	1.63
2015-2017	108	0.61727	0.47169	0.5	53	25	41	83	1.56
2015-2017	109	0.64661	0.48863	0.5	28	14	21	43	1.51
2015-2017	110+	0.67487	1.00000	1.48	14	14	21	21	1.48
