GA: Georgia, Lifetables (period 5x1), Males Last modified: 3 Dec 2019, MPv5 (May07) 

Year	Age	mx	qx	ax	lx	dx	Lx	Tx	ex
1959	0	0.03879	0.03755	0.15	100000	3755	96805	6431550	64.32
1959	1-4	0.00142	0.00568	1.41	96245	546	383563	6334745	65.82
1959	5-9	0.00072	0.00361	2.52	95699	345	477636	5951182	62.19
1959	10-14	0.00068	0.00342	2.78	95354	326	476042	5473545	57.40
1959	15-19	0.00162	0.00805	2.86	95027	765	473501	4997503	52.59
1959	20-24	0.00215	0.01069	2.47	94262	1008	468763	4524002	47.99
1959	25-29	0.00226	0.01121	2.5	93255	1046	463657	4055239	43.49
1959	30-34	0.00270	0.01343	2.58	92209	1239	458055	3591583	38.95
1959	35-39	0.00417	0.02068	2.74	90971	1881	450601	3133528	34.45
1959	40-44	0.00629	0.03103	2.74	89089	2765	439187	2682927	30.11
1959	45-49	0.00993	0.04852	2.62	86325	4189	421640	2243739	25.99
1959	50-54	0.01557	0.07508	2.62	82136	6167	396019	1822100	22.18
1959	55-59	0.02226	0.10574	2.63	75969	8033	360796	1426081	18.77
1959	60-64	0.03320	0.15351	2.55	67936	10429	314145	1065285	15.68
1959	65-69	0.04377	0.19742	2.52	57508	11353	259404	751139	13.06
1959	70-74	0.05656	0.24741	2.47	46155	11419	201877	491735	10.65
1959	75-79	0.07759	0.32432	2.47	34736	11266	145194	289858	8.34
1959	80-84	0.12826	0.48137	2.41	23470	11298	88088	144664	6.16
1959	85-89	0.19418	0.62809	2.19	12172	7645	39371	56576	4.65
1959	90-94	0.24290	0.71519	2.13	4527	3238	13329	17205	3.80
1959	95-99	0.31806	0.80958	1.97	1289	1044	3282	3876	3.01
1959	100-104	0.40385	0.88041	1.8	246	216	535	594	2.42
1959	105-109	0.49599	0.92784	1.63	29	27	55	59	2.00
1959	110+	0.57133	1.00000	1.75	2	2	4	4	1.75
1960	0	0.03948	0.03820	0.15	100000	3820	96756	6394625	63.95
1960	1-4	0.00140	0.00558	1.56	96180	537	383406	6297868	65.48
1960	5-9	0.00059	0.00296	2.47	95643	283	477498	5914462	61.84
1960	10-14	0.00068	0.00337	2.6	95360	322	476026	5436964	57.02
1960	15-19	0.00144	0.00719	2.81	95038	683	473697	4960939	52.20
1960	20-24	0.00201	0.00998	2.48	94355	941	469404	4487242	47.56
1960	25-29	0.00235	0.01167	2.54	93413	1090	464387	4017838	43.01
1960	30-34	0.00289	0.01435	2.64	92323	1325	458486	3553450	38.49
1960	35-39	0.00404	0.02004	2.76	90998	1823	450907	3094964	34.01
1960	40-44	0.00611	0.03011	2.64	89175	2685	439548	2644057	29.65
1960	45-49	0.01010	0.04932	2.62	86490	4265	422297	2204509	25.49
1960	50-54	0.01667	0.08025	2.66	82224	6598	395699	1782212	21.68
1960	55-59	0.02298	0.10891	2.6	75626	8237	358372	1386513	18.33
1960	60-64	0.03395	0.15668	2.54	67389	10559	311011	1028141	15.26
1960	65-69	0.04780	0.21330	2.48	56830	12122	253588	717130	12.62
1960	70-74	0.05967	0.25940	2.48	44709	11597	194344	463542	10.37
1960	75-79	0.08246	0.34193	2.5	33111	11322	137303	269198	8.13
1960	80-84	0.13069	0.48589	2.36	21789	10587	81011	131895	6.05
1960	85-89	0.19740	0.63736	2.22	11202	7140	36169	50884	4.54
1960	90-94	0.26015	0.73130	2.01	4062	2971	11419	14715	3.62
1960	95-99	0.31685	0.80794	1.97	1092	882	2783	3296	3.02
1960	100-104	0.39935	0.87710	1.8	210	184	460	513	2.45
1960	105-109	0.48802	0.92433	1.64	26	24	49	52	2.03
1960	110+	0.56052	1.00000	1.78	2	2	3	3	1.78
1961	0	0.03510	0.03407	0.14	100000	3407	97067	6476788	64.77
1961	1-4	0.00124	0.00494	1.56	96593	477	385208	6379721	66.05
1961	5-9	0.00057	0.00286	2.27	96115	275	479825	5994513	62.37
1961	10-14	0.00065	0.00325	2.76	95840	311	478505	5514688	57.54
1961	15-19	0.00139	0.00693	2.88	95529	662	476241	5036183	52.72
1961	20-24	0.00218	0.01084	2.52	94867	1028	471781	4559942	48.07
1961	25-29	0.00246	0.01222	2.53	93839	1147	466365	4088160	43.57
1961	30-34	0.00256	0.01271	2.61	92692	1178	460646	3621795	39.07
1961	35-39	0.00404	0.02002	2.64	91515	1832	453241	3161149	34.54
1961	40-44	0.00647	0.03186	2.64	89682	2857	441662	2707908	30.19
1961	45-49	0.00907	0.04440	2.68	86826	3855	425180	2266246	26.10
1961	50-54	0.01471	0.07110	2.66	82970	5899	401040	1841066	22.19
1961	55-59	0.02146	0.10192	2.54	77071	7855	365997	1440026	18.68
1961	60-64	0.03314	0.15300	2.5	69216	10590	319565	1074029	15.52
1961	65-69	0.04608	0.20627	2.46	58626	12093	262441	754464	12.87
1961	70-74	0.05835	0.25399	2.45	46533	11819	202543	492023	10.57
1961	75-79	0.07878	0.32995	2.54	34714	11454	145393	289480	8.34
1961	80-84	0.12870	0.48219	2.4	23260	11216	87150	144088	6.19
1961	85-89	0.18590	0.61106	2.2	12044	7360	39590	56937	4.73
1961	90-94	0.25272	0.72294	2.04	4684	3387	13401	17348	3.70
1961	95-99	0.31415	0.80533	1.97	1298	1045	3327	3947	3.04
1961	100-104	0.39800	0.87638	1.81	253	221	556	620	2.45
1961	105-109	0.48833	0.92460	1.64	31	29	59	63	2.03
1961	110+	0.56226	1.00000	1.78	2	2	4	4	1.78
1962	0	0.03425	0.03327	0.14	100000	3327	97129	6434294	64.34
1962	1-4	0.00140	0.00559	1.57	96673	541	385379	6337166	65.55
1962	5-9	0.00060	0.00301	2.32	96132	289	479886	5951787	61.91
1962	10-14	0.00065	0.00324	2.99	95843	311	478591	5471900	57.09
1962	15-19	0.00167	0.00831	2.8	95532	793	475911	4993309	52.27
1962	20-24	0.00206	0.01023	2.64	94739	969	471409	4517398	47.68
1962	25-29	0.00216	0.01075	2.63	93769	1008	466461	4045990	43.15
1962	30-34	0.00285	0.01414	2.58	92761	1312	460639	3579529	38.59
1962	35-39	0.00423	0.02093	2.59	91450	1914	452641	3118890	34.11
1962	40-44	0.00628	0.03093	2.58	89536	2770	440974	2666249	29.78
1962	45-49	0.00977	0.04775	2.64	86766	4143	424040	2225274	25.65
1962	50-54	0.01560	0.07517	2.58	82623	6211	398072	1801234	21.80
1962	55-59	0.02264	0.10738	2.61	76412	8205	362472	1403162	18.36
1962	60-64	0.03192	0.14808	2.57	68207	10100	316466	1040690	15.26
1962	65-69	0.04875	0.21686	2.46	58107	12601	258509	724224	12.46
1962	70-74	0.06312	0.27178	2.45	45506	12368	195943	465715	10.23
1962	75-79	0.08003	0.33274	2.47	33138	11026	137784	269773	8.14
1962	80-84	0.13702	0.51128	2.52	22112	11305	82509	131989	5.97
1962	85-89	0.19916	0.63725	2.17	10806	6886	34576	49480	4.58
1962	90-94	0.24396	0.71602	2.12	3920	2807	11505	14903	3.80
1962	95-99	0.31347	0.80401	1.97	1113	895	2855	3398	3.05
1962	100-104	0.39233	0.87194	1.81	218	190	485	543	2.49
1962	105-109	0.47723	0.91942	1.66	28	26	54	58	2.07
1962	110+	0.54667	1.00000	1.83	2	2	4	4	1.83
1963	0	0.03513	0.03410	0.14	100000	3410	97065	6403504	64.04
1963	1-4	0.00133	0.00530	1.5	96590	512	385078	6306439	65.29
1963	5-9	0.00052	0.00259	2.1	96077	249	479667	5921361	61.63
1963	10-14	0.00064	0.00321	2.76	95829	308	478454	5441694	56.79
1963	15-19	0.00154	0.00765	2.71	95521	731	475932	4963239	51.96
1963	20-24	0.00213	0.01057	2.58	94790	1002	471524	4487307	47.34
1963	25-29	0.00219	0.01091	2.42	93788	1023	466302	4015783	42.82
1963	30-34	0.00297	0.01474	2.64	92765	1368	460598	3549481	38.26
1963	35-39	0.00410	0.02031	2.64	91397	1856	452602	3088883	33.80
1963	40-44	0.00655	0.03227	2.72	89540	2890	441127	2636281	29.44
1963	45-49	0.00983	0.04804	2.65	86651	4163	423459	2195153	25.33
1963	50-54	0.01600	0.07704	2.59	82488	6355	397132	1771694	21.48
1963	55-59	0.02222	0.10531	2.53	76133	8018	360901	1374563	18.05
1963	60-64	0.03304	0.15272	2.52	68115	10402	314817	1013661	14.88
1963	65-69	0.05139	0.22737	2.47	57713	13122	255359	698844	12.11
1963	70-74	0.06731	0.28681	2.42	44591	12789	189997	443485	9.95
1963	75-79	0.08381	0.34261	2.34	31802	10896	130007	253488	7.97
1963	80-84	0.13908	0.51026	2.39	20906	10668	76699	123482	5.91
1963	85-89	0.19749	0.64133	2.27	10239	6566	33249	46783	4.57
1963	90-94	0.25232	0.72878	2.1	3672	2676	10606	13535	3.69
1963	95-99	0.32642	0.81761	1.95	996	814	2495	2928	2.94
1963	100-104	0.41016	0.88415	1.78	182	161	392	433	2.39
1963	105-109	0.49951	0.92899	1.62	21	20	39	42	1.98
1963	110+	0.57238	1.00000	1.75	1	1	3	3	1.75
1964	0	0.03328	0.03235	0.13	100000	3235	97200	6417904	64.18
1964	1-4	0.00140	0.00559	1.66	96765	541	385794	6320704	65.32
1964	5-9	0.00058	0.00292	2.35	96224	281	480379	5934910	61.68
1964	10-14	0.00054	0.00271	2.93	95944	260	479179	5454530	56.85
1964	15-19	0.00158	0.00789	2.78	95683	755	476740	4975351	52.00
1964	20-24	0.00213	0.01058	2.68	94929	1004	472317	4498611	47.39
1964	25-29	0.00265	0.01319	2.66	93924	1239	466718	4026294	42.87
1964	30-34	0.00306	0.01521	2.65	92685	1410	460108	3559577	38.40
1964	35-39	0.00428	0.02117	2.64	91276	1932	451826	3099469	33.96
1964	40-44	0.00649	0.03198	2.73	89344	2857	440220	2647642	29.63
1964	45-49	0.00952	0.04655	2.62	86486	4026	422868	2207423	25.52
1964	50-54	0.01579	0.07606	2.59	82461	6272	397172	1784555	21.64
1964	55-59	0.02338	0.11064	2.57	76189	8430	360495	1387383	18.21
1964	60-64	0.03431	0.15859	2.61	67759	10746	313161	1026888	15.15
1964	65-69	0.04869	0.21695	2.49	57013	12369	254019	713728	12.52
1964	70-74	0.06192	0.26818	2.5	44644	11973	193344	459709	10.30
1964	75-79	0.07755	0.32288	2.41	32672	10549	136032	266365	8.15
1964	80-84	0.13821	0.50877	2.41	22123	11255	81435	130332	5.89
1964	85-89	0.20303	0.65751	2.32	10867	7145	35193	48897	4.50
1964	90-94	0.25261	0.72920	2.1	3722	2714	10744	13703	3.68
1964	95-99	0.32686	0.81806	1.95	1008	825	2523	2959	2.94
1964	100-104	0.41076	0.88454	1.78	183	162	395	437	2.38
1964	105-109	0.50026	0.92929	1.62	21	20	39	42	1.98
1964	110+	0.57324	1.00000	1.74	1	1	3	3	1.74
1965	0	0.03224	0.03137	0.13	100000	3137	97276	6426483	64.26
1965	1-4	0.00123	0.00491	1.61	96863	476	386316	6329207	65.34
1965	5-9	0.00057	0.00285	2.27	96387	275	481187	5942890	61.66
1965	10-14	0.00062	0.00310	2.68	96113	298	479873	5461703	56.83
1965	15-19	0.00165	0.00821	2.91	95815	787	477433	4981831	51.99
1965	20-24	0.00224	0.01116	2.52	95028	1061	472511	4504397	47.40
1965	25-29	0.00262	0.01299	2.54	93968	1221	466839	4031886	42.91
1965	30-34	0.00290	0.01442	2.57	92747	1337	460481	3565047	38.44
1965	35-39	0.00407	0.02015	2.65	91409	1842	452720	3104566	33.96
1965	40-44	0.00639	0.03146	2.64	89567	2818	441177	2651846	29.61
1965	45-49	0.00931	0.04554	2.57	86749	3950	424140	2210668	25.48
1965	50-54	0.01564	0.07543	2.65	82799	6246	399290	1786529	21.58
1965	55-59	0.02256	0.10705	2.61	76553	8195	363184	1387239	18.12
1965	60-64	0.03399	0.15706	2.59	68358	10737	315909	1024055	14.98
1965	65-69	0.04930	0.21961	2.52	57622	12654	256695	708146	12.29
1965	70-74	0.06635	0.28445	2.49	44968	12791	192788	451451	10.04
1965	75-79	0.08399	0.34543	2.43	32177	11115	132335	258662	8.04
1965	80-84	0.13441	0.50328	2.51	21062	10600	78865	126328	6.00
1965	85-89	0.19829	0.63809	2.21	10462	6675	33666	47462	4.54
1965	90-94	0.25469	0.73291	2.1	3786	2775	10895	13796	3.64
1965	95-99	0.33474	0.82635	1.94	1011	836	2496	2901	2.87
1965	100-104	0.42539	0.89400	1.76	176	157	369	404	2.30
1965	105-109	0.52148	0.93753	1.58	19	17	33	35	1.90
1965	110+	0.59956	1.00000	1.67	1	1	2	2	1.67
1966	0	0.03062	0.02982	0.13	100000	2982	97397	6427059	64.27
1966	1-4	0.00128	0.00512	1.67	97018	497	386915	6329662	65.24
1966	5-9	0.00058	0.00290	2.29	96521	280	481847	5942747	61.57
1966	10-14	0.00069	0.00344	2.78	96241	332	480471	5460900	56.74
1966	15-19	0.00176	0.00879	2.82	95910	843	477714	4980429	51.93
1966	20-24	0.00213	0.01057	2.52	95067	1005	472844	4502716	47.36
1966	25-29	0.00239	0.01188	2.47	94062	1118	467478	4029872	42.84
1966	30-34	0.00296	0.01469	2.63	92944	1366	461479	3562394	38.33
1966	35-39	0.00430	0.02131	2.65	91579	1951	453312	3100915	33.86
1966	40-44	0.00625	0.03077	2.61	89627	2758	441535	2647602	29.54
1966	45-49	0.00981	0.04791	2.59	86869	4162	424313	2206067	25.40
1966	50-54	0.01650	0.07941	2.63	82707	6568	397958	1781754	21.54
1966	55-59	0.02401	0.11350	2.6	76139	8641	359978	1383795	18.17
1966	60-64	0.03249	0.15047	2.55	67498	10156	312594	1023817	15.17
1966	65-69	0.04806	0.21471	2.52	57341	12312	256166	711223	12.40
1966	70-74	0.06662	0.28401	2.41	45030	12789	191963	455057	10.11
1966	75-79	0.08483	0.34754	2.4	32241	11205	132082	263094	8.16
1966	80-84	0.12574	0.47268	2.37	21036	9943	79075	131012	6.23
1966	85-89	0.19272	0.62780	2.22	11093	6964	36136	51938	4.68
1966	90-94	0.24089	0.71213	2.13	4129	2940	12205	15802	3.83
1966	95-99	0.31571	0.80715	1.97	1189	959	3039	3596	3.03
1966	100-104	0.40127	0.87872	1.8	229	201	502	558	2.43
1966	105-109	0.49332	0.92677	1.63	28	26	52	56	2.01
1966	110+	0.56865	1.00000	1.76	2	2	4	4	1.76
1967	0	0.02990	0.02914	0.13	100000	2914	97451	6450063	64.50
1967	1-4	0.00120	0.00478	1.55	97086	464	387206	6352611	65.43
1967	5-9	0.00063	0.00314	2.16	96622	304	482250	5965405	61.74
1967	10-14	0.00060	0.00298	3.03	96319	287	481027	5483156	56.93
1967	15-19	0.00183	0.00909	2.75	96031	873	478187	5002129	52.09
1967	20-24	0.00220	0.01094	2.57	95158	1041	473257	4523942	47.54
1967	25-29	0.00254	0.01260	2.62	94117	1186	467759	4050685	43.04
1967	30-34	0.00286	0.01422	2.64	92931	1321	461540	3582926	38.55
1967	35-39	0.00425	0.02104	2.69	91610	1927	453598	3121386	34.07
1967	40-44	0.00617	0.03042	2.7	89682	2728	442135	2667788	29.75
1967	45-49	0.00981	0.04795	2.67	86954	4170	425034	2225653	25.60
1967	50-54	0.01566	0.07552	2.64	82784	6252	399167	1800618	21.75
1967	55-59	0.02339	0.11078	2.62	76533	8478	362466	1401452	18.31
1967	60-64	0.03119	0.14506	2.59	68054	9872	316476	1038986	15.27
1967	65-69	0.04747	0.21252	2.54	58182	12365	260480	722510	12.42
1967	70-74	0.06589	0.28236	2.47	45817	12937	196344	462030	10.08
1967	75-79	0.08662	0.35485	2.45	32880	11667	134690	265686	8.08
1967	80-84	0.12947	0.48549	2.42	21213	10299	79545	130996	6.18
1967	85-89	0.19078	0.62558	2.25	10914	6828	35789	51451	4.71
1967	90-94	0.24080	0.71179	2.13	4087	2909	12079	15663	3.83
1967	95-99	0.31403	0.80518	1.97	1178	948	3020	3583	3.04
1967	100-104	0.39764	0.87610	1.81	229	201	506	563	2.45
1967	105-109	0.48770	0.92432	1.64	28	26	54	58	2.03
1967	110+	0.56143	1.00000	1.78	2	2	4	4	1.78
1968	0	0.02950	0.02875	0.12	100000	2875	97482	6381044	63.81
1968	1-4	0.00129	0.00514	1.54	97125	499	387270	6283563	64.70
1968	5-9	0.00061	0.00304	2.41	96625	294	482365	5896292	61.02
1968	10-14	0.00069	0.00347	2.84	96331	334	480935	5413927	56.20
1968	15-19	0.00186	0.00926	2.84	95998	889	478068	4932992	51.39
1968	20-24	0.00250	0.01244	2.47	95108	1183	472547	4454924	46.84
1968	25-29	0.00257	0.01274	2.39	93925	1197	466500	3982378	42.40
1968	30-34	0.00316	0.01567	2.47	92728	1453	459962	3515878	37.92
1968	35-39	0.00467	0.02309	2.64	91275	2107	451397	3055916	33.48
1968	40-44	0.00687	0.03380	2.62	89168	3014	438672	2604519	29.21
1968	45-49	0.01044	0.05095	2.65	86154	4389	420456	2165847	25.14
1968	50-54	0.01606	0.07732	2.6	81765	6322	393681	1745391	21.35
1968	55-59	0.02295	0.10882	2.62	75443	8210	357666	1351710	17.92
1968	60-64	0.03473	0.16010	2.56	67233	10764	309915	994043	14.79
1968	65-69	0.04826	0.21509	2.47	56469	12146	251653	684128	12.12
1968	70-74	0.06906	0.29339	2.44	44323	13004	188303	432476	9.76
1968	75-79	0.09238	0.37263	2.41	31319	11670	126323	244172	7.80
1968	80-84	0.13831	0.50854	2.4	19648	9992	72243	117850	6.00
1968	85-89	0.18719	0.61077	2.16	9656	5898	31508	45606	4.72
1968	90-94	0.24760	0.72158	2.11	3759	2712	10954	14099	3.75
1968	95-99	0.31878	0.80966	1.96	1046	847	2658	3145	3.01
1968	100-104	0.39938	0.87689	1.8	199	175	437	487	2.45
1968	105-109	0.48586	0.92325	1.64	25	23	47	50	2.04
1968	110+	0.55651	1.00000	1.8	2	2	3	3	1.80
1969	0	0.02714	0.02650	0.12	100000	2650	97662	6387567	63.88
1969	1-4	0.00124	0.00495	1.49	97350	482	388189	6289904	64.61
1969	5-9	0.00068	0.00339	2.44	96868	328	483502	5901715	60.93
1969	10-14	0.00071	0.00353	2.71	96540	341	481919	5418213	56.12
1969	15-19	0.00206	0.01024	2.81	96199	985	478838	4936294	51.31
1969	20-24	0.00279	0.01385	2.53	95214	1318	472818	4457456	46.82
1969	25-29	0.00267	0.01328	2.54	93896	1247	466414	3984638	42.44
1969	30-34	0.00324	0.01609	2.65	92649	1491	459743	3518224	37.97
1969	35-39	0.00435	0.02155	2.69	91158	1964	451245	3058481	33.55
1969	40-44	0.00664	0.03268	2.68	89194	2915	439200	2607236	29.23
1969	45-49	0.01035	0.05050	2.64	86279	4357	421131	2168036	25.13
1969	50-54	0.01586	0.07639	2.6	81922	6258	394580	1746905	21.32
1969	55-59	0.02463	0.11622	2.58	75664	8794	357002	1352325	17.87
1969	60-64	0.03369	0.15573	2.58	66871	10414	309123	995323	14.88
1969	65-69	0.04908	0.21933	2.58	56457	12383	252292	686200	12.15
1969	70-74	0.06949	0.29642	2.52	44075	13065	188000	433908	9.84
1969	75-79	0.09104	0.36883	2.43	31010	11437	125629	245908	7.93
1969	80-84	0.13479	0.49632	2.35	19573	9714	72073	120279	6.15
1969	85-89	0.18353	0.61091	2.26	9858	6022	32814	48206	4.89
1969	90-94	0.23038	0.69400	2.14	3836	2662	11555	15392	4.01
1969	95-99	0.29134	0.77845	2.01	1174	914	3136	3837	3.27
1969	100-104	0.36070	0.84718	1.87	260	220	611	701	2.69
1969	105-109	0.43635	0.89851	1.73	40	36	82	90	2.26
1969	110+	0.49822	1.00000	2.01	4	4	8	8	2.01
1970	0	0.02683	0.02621	0.12	100000	2621	97685	6406650	64.07
1970	1-4	0.00116	0.00461	1.68	97379	449	388475	6308965	64.79
1970	5-9	0.00052	0.00261	2.47	96929	253	484007	5920490	61.08
1970	10-14	0.00061	0.00303	2.65	96676	293	482693	5436484	56.23
1970	15-19	0.00212	0.01058	2.88	96383	1019	479756	4953791	51.40
1970	20-24	0.00266	0.01322	2.56	95364	1261	473747	4474035	46.92
1970	25-29	0.00285	0.01414	2.39	94103	1330	467042	4000287	42.51
1970	30-34	0.00353	0.01750	2.68	92773	1623	460100	3533246	38.08
1970	35-39	0.00474	0.02343	2.56	91150	2135	450534	3073146	33.72
1970	40-44	0.00660	0.03250	2.58	89015	2893	438067	2622613	29.46
1970	45-49	0.01033	0.05038	2.61	86121	4339	420235	2184546	25.37
1970	50-54	0.01558	0.07513	2.62	81782	6144	394293	1764311	21.57
1970	55-59	0.02275	0.10794	2.63	75638	8164	358881	1370018	18.11
1970	60-64	0.03465	0.15995	2.6	67474	10793	311482	1011137	14.99
1970	65-69	0.04782	0.21354	2.5	56681	12104	253112	699655	12.34
1970	70-74	0.06657	0.28597	2.54	44577	12748	191498	446543	10.02
1970	75-79	0.08983	0.36562	2.46	31829	11637	129543	255044	8.01
1970	80-84	0.12974	0.48621	2.42	20192	9818	75672	125501	6.22
1970	85-89	0.18902	0.62208	2.25	10374	6454	34143	49829	4.80
1970	90-94	0.23022	0.69431	2.14	3921	2722	11824	15687	4.00
1970	95-99	0.29529	0.78365	2.01	1199	939	3181	3863	3.22
1970	100-104	0.36971	0.85497	1.86	259	222	600	682	2.63
1970	105-109	0.45084	0.90667	1.7	38	34	76	82	2.19
1970	110+	0.51737	1.00000	1.93	4	4	7	7	1.93
1971	0	0.02349	0.02301	0.11	100000	2301	97948	6476295	64.76
1971	1-4	0.00114	0.00457	1.76	97699	446	389797	6378347	65.29
1971	5-9	0.00056	0.00279	2.23	97253	272	485513	5988550	61.58
1971	10-14	0.00068	0.00339	2.75	96981	329	484166	5503037	56.74
1971	15-19	0.00196	0.00978	2.88	96652	945	481257	5018871	51.93
1971	20-24	0.00268	0.01333	2.57	95707	1276	475436	4537614	47.41
1971	25-29	0.00271	0.01347	2.65	94431	1272	469165	4062178	43.02
1971	30-34	0.00324	0.01607	2.48	93159	1497	462026	3593013	38.57
1971	35-39	0.00417	0.02067	2.68	91663	1895	453908	3130987	34.16
1971	40-44	0.00632	0.03116	2.63	89768	2797	442209	2677079	29.82
1971	45-49	0.00982	0.04801	2.69	86971	4175	425203	2234871	25.70
1971	50-54	0.01579	0.07613	2.64	82795	6303	399083	1809667	21.86
1971	55-59	0.02229	0.10581	2.6	76493	8094	363048	1410584	18.44
1971	60-64	0.03180	0.14755	2.56	68399	10092	317404	1047536	15.32
1971	65-69	0.04387	0.19812	2.56	58307	11552	263311	730132	12.52
1971	70-74	0.06712	0.28649	2.45	46755	13395	199561	466820	9.98
1971	75-79	0.09026	0.36710	2.46	33360	12247	135683	267259	8.01
1971	80-84	0.12746	0.47760	2.38	21114	10084	79116	131576	6.23
1971	85-89	0.18388	0.60813	2.22	11030	6707	36477	52460	4.76
1971	90-94	0.25326	0.72309	2.03	4322	3125	12341	15982	3.70
1971	95-99	0.31384	0.80509	1.98	1197	964	3070	3642	3.04
1971	100-104	0.39831	0.87665	1.81	233	205	513	572	2.45
1971	105-109	0.48933	0.92507	1.64	29	27	54	58	2.02
1971	110+	0.56384	1.00000	1.77	2	2	4	4	1.77
1972	0	0.02225	0.02181	0.1	100000	2181	98047	6456007	64.56
1972	1-4	0.00114	0.00453	1.56	97819	443	390194	6357960	65.00
1972	5-9	0.00066	0.00330	2.58	97376	322	486101	5967766	61.29
1972	10-14	0.00053	0.00264	2.8	97054	256	484708	5481665	56.48
1972	15-19	0.00200	0.00996	2.82	96798	964	481886	4996957	51.62
1972	20-24	0.00280	0.01387	2.32	95834	1329	475607	4515071	47.11
1972	25-29	0.00284	0.01408	2.44	94504	1330	469120	4039464	42.74
1972	30-34	0.00316	0.01570	2.59	93174	1463	462350	3570344	38.32
1972	35-39	0.00422	0.02091	2.67	91711	1917	454084	3107994	33.89
1972	40-44	0.00626	0.03084	2.61	89794	2769	442363	2653910	29.56
1972	45-49	0.00992	0.04848	2.64	87025	4219	425184	2211547	25.41
1972	50-54	0.01630	0.07844	2.6	82806	6495	398465	1786364	21.57
1972	55-59	0.02236	0.10609	2.59	76311	8096	362034	1387899	18.19
1972	60-64	0.03383	0.15615	2.54	68215	10652	314901	1025865	15.04
1972	65-69	0.04609	0.20636	2.47	57563	11879	257742	710964	12.35
1972	70-74	0.06716	0.28792	2.52	45685	13154	195847	453222	9.92
1972	75-79	0.09271	0.37410	2.42	32531	12170	131267	257375	7.91
1972	80-84	0.13226	0.49360	2.43	20361	10050	75990	126108	6.19
1972	85-89	0.18273	0.61292	2.32	10311	6320	34586	50118	4.86
1972	90-94	0.23725	0.70561	2.13	3991	2816	11870	15532	3.89
1972	95-99	0.30612	0.79627	1.99	1175	936	3056	3662	3.12
1972	100-104	0.38530	0.86710	1.83	239	208	539	605	2.53
1972	105-109	0.47105	0.91675	1.67	32	29	62	67	2.10
1972	110+	0.54132	1.00000	1.85	3	3	5	5	1.85
1973	0	0.02180	0.02138	0.1	100000	2138	98083	6483196	64.83
1973	1-4	0.00101	0.00403	1.58	97862	394	390494	6385112	65.25
1973	5-9	0.00058	0.00290	2.33	97468	283	486585	5994618	61.50
1973	10-14	0.00073	0.00364	2.84	97185	354	485162	5508034	56.68
1973	15-19	0.00187	0.00930	2.81	96831	900	482187	5022871	51.87
1973	20-24	0.00259	0.01286	2.5	95931	1234	476573	4540684	47.33
1973	25-29	0.00273	0.01354	2.55	94698	1282	470349	4064111	42.92
1973	30-34	0.00305	0.01515	2.52	93416	1416	463561	3593762	38.47
1973	35-39	0.00451	0.02231	2.53	92000	2052	454929	3130201	34.02
1973	40-44	0.00635	0.03129	2.68	89948	2814	443206	2675272	29.74
1973	45-49	0.00938	0.04592	2.69	87134	4001	426423	2232067	25.62
1973	50-54	0.01515	0.07315	2.67	83133	6081	401485	1805644	21.72
1973	55-59	0.02215	0.10525	2.64	77051	8110	366098	1404159	18.22
1973	60-64	0.03438	0.15868	2.58	68942	10940	318185	1038062	15.06
1973	65-69	0.04533	0.20320	2.45	58002	11786	260008	719876	12.41
1973	70-74	0.06731	0.28782	2.49	46216	13302	197636	459869	9.95
1973	75-79	0.08801	0.35977	2.46	32914	11841	134541	262233	7.97
1973	80-84	0.13410	0.49577	2.37	21072	10447	77908	127692	6.06
1973	85-89	0.18969	0.62410	2.26	10625	6631	34959	49784	4.69
1973	90-94	0.25060	0.72449	2.09	3994	2894	11547	14825	3.71
1973	95-99	0.32148	0.81286	1.96	1100	894	2782	3278	2.98
1973	100-104	0.40602	0.88165	1.79	206	182	447	496	2.41
1973	105-109	0.49657	0.92793	1.63	24	23	46	49	1.99
1973	110+	0.57053	1.00000	1.75	2	2	3	3	1.75
1974	0	0.02073	0.02035	0.1	100000	2035	98170	6562405	65.62
1974	1-4	0.00093	0.00373	1.59	97965	366	390981	6464235	65.99
1974	5-9	0.00054	0.00268	2.31	97600	261	487294	6073254	62.23
1974	10-14	0.00063	0.00314	2.83	97338	305	486028	5585960	57.39
1974	15-19	0.00185	0.00920	2.82	97033	892	483221	5099932	52.56
1974	20-24	0.00241	0.01199	2.5	96141	1153	477819	4616710	48.02
1974	25-29	0.00243	0.01210	2.46	94988	1149	472022	4138891	43.57
1974	30-34	0.00292	0.01447	2.53	93838	1358	465834	3666869	39.08
1974	35-39	0.00403	0.01995	2.64	92480	1845	458055	3201035	34.61
1974	40-44	0.00595	0.02936	2.6	90636	2661	446806	2742980	30.26
1974	45-49	0.00934	0.04570	2.67	87975	4020	430524	2296174	26.10
1974	50-54	0.01449	0.07004	2.61	83955	5880	405720	1865650	22.22
1974	55-59	0.02082	0.09913	2.59	78075	7740	371729	1459929	18.70
1974	60-64	0.03195	0.14818	2.56	70335	10422	326255	1088200	15.47
1974	65-69	0.04389	0.19817	2.55	59913	11873	270496	761945	12.72
1974	70-74	0.06598	0.28336	2.51	48040	13613	206314	491450	10.23
1974	75-79	0.08343	0.34519	2.5	34427	11884	142435	285135	8.28
1974	80-84	0.12565	0.47308	2.39	22543	10665	84879	142700	6.33
1974	85-89	0.17725	0.59439	2.23	11879	7061	39834	57821	4.87
1974	90-94	0.24802	0.72071	2.09	4818	3472	14000	17987	3.73
1974	95-99	0.32268	0.81485	1.96	1346	1097	3398	3987	2.96
1974	100-104	0.41380	0.88724	1.78	249	221	534	589	2.36
1974	105-109	0.51131	0.93405	1.6	28	26	51	54	1.94
1974	110+	0.59088	1.00000	1.69	2	2	3	3	1.69
1975	0	0.02067	0.02029	0.1	100000	2029	98174	6644257	66.44
1975	1-4	0.00095	0.00379	1.73	97971	372	391038	6546083	66.82
1975	5-9	0.00055	0.00276	2.36	97599	269	487284	6155045	63.06
1975	10-14	0.00049	0.00243	2.89	97330	236	486149	5667761	58.23
1975	15-19	0.00159	0.00794	2.86	97093	771	483814	5181612	53.37
1975	20-24	0.00224	0.01116	2.53	96322	1075	478950	4697798	48.77
1975	25-29	0.00227	0.01130	2.42	95247	1076	473453	4218848	44.29
1975	30-34	0.00260	0.01293	2.49	94171	1217	467800	3745395	39.77
1975	35-39	0.00387	0.01916	2.62	92954	1781	460520	3277595	35.26
1975	40-44	0.00543	0.02678	2.64	91172	2442	450100	2817075	30.90
1975	45-49	0.00877	0.04296	2.6	88731	3812	434512	2366975	26.68
1975	50-54	0.01319	0.06396	2.63	84919	5432	411725	1932463	22.76
1975	55-59	0.02026	0.09667	2.64	79487	7684	379329	1520738	19.13
1975	60-64	0.03008	0.14019	2.58	71803	10066	334656	1141409	15.90
1975	65-69	0.04318	0.19508	2.53	61737	12044	278943	806753	13.07
1975	70-74	0.05917	0.25829	2.54	49694	12835	216940	527811	10.62
1975	75-79	0.08115	0.33566	2.43	36858	12372	152450	310871	8.43
1975	80-84	0.12156	0.46395	2.45	24486	11360	93452	158421	6.47
1975	85-89	0.17307	0.58712	2.26	13126	7706	44529	64968	4.95
1975	90-94	0.24658	0.71415	2.05	5419	3870	15695	20440	3.77
1975	95-99	0.31097	0.80264	1.99	1549	1243	3998	4744	3.06
1975	100-104	0.39979	0.87816	1.81	306	268	672	746	2.44
1975	105-109	0.49577	0.92806	1.63	37	35	70	74	2.00
1975	110+	0.57442	1.00000	1.74	3	3	5	5	1.74
1976	0	0.01845	0.01815	0.09	100000	1815	98357	6691046	66.91
1976	1-4	0.00082	0.00326	1.75	98185	320	392020	6592689	67.15
1976	5-9	0.00052	0.00260	2.31	97865	255	488641	6200669	63.36
1976	10-14	0.00057	0.00285	2.83	97610	279	487447	5712028	58.52
1976	15-19	0.00136	0.00679	2.94	97332	661	485295	5224580	53.68
1976	20-24	0.00196	0.00975	2.38	96671	943	480879	4739285	49.03
1976	25-29	0.00228	0.01133	2.46	95728	1084	475888	4258407	44.48
1976	30-34	0.00232	0.01153	2.63	94644	1091	470628	3782519	39.97
1976	35-39	0.00342	0.01697	2.8	93553	1588	464264	3311891	35.40
1976	40-44	0.00533	0.02632	2.74	91965	2421	454356	2847627	30.96
1976	45-49	0.00817	0.04007	2.68	89544	3588	439382	2393270	26.73
1976	50-54	0.01302	0.06322	2.71	85956	5434	417314	1953888	22.73
1976	55-59	0.02024	0.09653	2.6	80522	7773	383979	1536574	19.08
1976	60-64	0.02942	0.13741	2.6	72750	9997	339798	1152595	15.84
1976	65-69	0.04481	0.20180	2.54	62753	12664	282626	812797	12.95
1976	70-74	0.05934	0.25838	2.5	50089	12942	218101	530171	10.58
1976	75-79	0.08495	0.34906	2.45	37147	12967	152646	312070	8.40
1976	80-84	0.11760	0.45151	2.43	24181	10918	92838	159424	6.59
1976	85-89	0.16804	0.58673	2.43	13263	7782	46309	66586	5.02
1976	90-94	0.25203	0.72259	2.05	5481	3961	15714	20277	3.70
1976	95-99	0.31751	0.81019	1.98	1521	1232	3880	4563	3.00
1976	100-104	0.41278	0.88711	1.79	289	256	620	683	2.37
1976	105-109	0.51516	0.93579	1.6	33	30	59	63	1.92
1976	110+	0.59876	1.00000	1.67	2	2	3	3	1.67
1977	0	0.01790	0.01761	0.09	100000	1761	98403	6706260	67.06
1977	1-4	0.00093	0.00373	1.67	98239	366	392103	6607857	67.26
1977	5-9	0.00054	0.00270	2.25	97873	264	488637	6215755	63.51
1977	10-14	0.00048	0.00238	2.79	97608	232	487530	5727118	58.67
1977	15-19	0.00169	0.00840	2.79	97376	818	485072	5239588	53.81
1977	20-24	0.00197	0.00982	2.56	96558	949	480479	4754515	49.24
1977	25-29	0.00216	0.01072	2.6	95610	1025	475588	4274036	44.70
1977	30-34	0.00232	0.01153	2.68	94585	1090	470393	3798448	40.16
1977	35-39	0.00341	0.01692	2.71	93495	1582	463850	3328055	35.60
1977	40-44	0.00519	0.02565	2.63	91913	2357	453966	2864205	31.16
1977	45-49	0.00779	0.03825	2.68	89555	3425	439834	2410239	26.91
1977	50-54	0.01319	0.06403	2.74	86130	5515	418196	1970405	22.88
1977	55-59	0.02015	0.09620	2.65	80616	7755	384820	1552209	19.25
1977	60-64	0.02946	0.13759	2.6	72860	10025	340223	1167389	16.02
1977	65-69	0.04090	0.18604	2.57	62836	11690	285808	827166	13.16
1977	70-74	0.05909	0.25738	2.5	51146	13164	222787	541358	10.58
1977	75-79	0.08587	0.35360	2.51	37982	13431	156406	318571	8.39
1977	80-84	0.11855	0.45422	2.43	24551	11152	94067	162166	6.61
1977	85-89	0.16909	0.58193	2.32	13400	7798	46117	68099	5.08
1977	90-94	0.23400	0.70068	2.14	5602	3925	16774	21982	3.92
1977	95-99	0.30604	0.79737	2	1677	1337	4369	5208	3.11
1977	100-104	0.39462	0.87471	1.82	340	297	753	839	2.47
1977	105-109	0.49072	0.92606	1.64	43	39	80	86	2.02
1977	110+	0.56961	1.00000	1.76	3	3	6	6	1.76
1978	0	0.01760	0.01732	0.09	100000	1732	98428	6732729	67.33
1978	1-4	0.00073	0.00293	1.54	98268	288	392363	6634302	67.51
1978	5-9	0.00040	0.00201	2.42	97980	197	489392	6241939	63.71
1978	10-14	0.00050	0.00248	2.8	97783	242	488382	5752547	58.83
1978	15-19	0.00143	0.00715	2.87	97541	697	486215	5264165	53.97
1978	20-24	0.00218	0.01086	2.46	96843	1051	481543	4777950	49.34
1978	25-29	0.00218	0.01084	2.52	95792	1038	476386	4296407	44.85
1978	30-34	0.00225	0.01120	2.63	94754	1061	471252	3820021	40.32
1978	35-39	0.00343	0.01703	2.61	93693	1595	464654	3348769	35.74
1978	40-44	0.00515	0.02545	2.71	92098	2343	455126	2884115	31.32
1978	45-49	0.00775	0.03807	2.64	89754	3417	440713	2428989	27.06
1978	50-54	0.01282	0.06220	2.64	86337	5370	419013	1988276	23.03
1978	55-59	0.01951	0.09319	2.61	80967	7545	386772	1569263	19.38
1978	60-64	0.02810	0.13188	2.68	73421	9683	344652	1182491	16.11
1978	65-69	0.04171	0.18927	2.56	63738	12064	289257	837840	13.14
1978	70-74	0.05959	0.25989	2.54	51675	13429	225373	548583	10.62
1978	75-79	0.08150	0.33759	2.46	38245	12911	158424	323210	8.45
1978	80-84	0.11968	0.45920	2.47	25334	11633	97203	164787	6.50
1978	85-89	0.18300	0.61158	2.29	13701	8379	45788	67584	4.93
1978	90-94	0.21865	0.68540	2.28	5322	3647	16681	21796	4.10
1978	95-99	0.31171	0.80353	1.99	1674	1345	4316	5115	3.06
1978	100-104	0.40149	0.87938	1.8	329	289	720	799	2.43
1978	105-109	0.49845	0.92919	1.63	40	37	74	79	1.99
1978	110+	0.57789	1.00000	1.73	3	3	5	5	1.73
1979	0	0.01760	0.01732	0.09	100000	1732	98427	6771947	67.72
1979	1-4	0.00082	0.00327	1.83	98268	321	392372	6673520	67.91
1979	5-9	0.00046	0.00230	2.37	97946	225	489138	6281148	64.13
1979	10-14	0.00053	0.00267	2.88	97721	261	488053	5792010	59.27
1979	15-19	0.00157	0.00783	2.89	97460	763	485690	5303957	54.42
1979	20-24	0.00215	0.01071	2.52	96697	1036	480917	4818268	49.83
1979	25-29	0.00221	0.01100	2.56	95661	1052	475741	4337351	45.34
1979	30-34	0.00233	0.01159	2.48	94609	1096	470288	3861610	40.82
1979	35-39	0.00326	0.01620	2.65	93513	1515	464003	3391322	36.27
1979	40-44	0.00490	0.02425	2.77	91998	2231	455016	2927319	31.82
1979	45-49	0.00765	0.03756	2.58	89767	3372	440681	2472303	27.54
1979	50-54	0.01181	0.05747	2.66	86396	4965	420336	2031622	23.52
1979	55-59	0.01889	0.09041	2.64	81431	7362	389767	1611285	19.79
1979	60-64	0.02724	0.12787	2.61	74068	9471	347747	1221518	16.49
1979	65-69	0.03978	0.18137	2.57	64597	11716	294534	873772	13.53
1979	70-74	0.05434	0.23976	2.55	52881	12679	233339	579238	10.95
1979	75-79	0.07935	0.33153	2.52	40202	13328	167977	345898	8.60
1979	80-84	0.12008	0.45645	2.37	26874	12267	102154	177922	6.62
1979	85-89	0.16505	0.56689	2.24	14607	8281	50171	75767	5.19
1979	90-94	0.22684	0.68691	2.13	6327	4346	19158	25596	4.05
1979	95-99	0.29159	0.78007	2.02	1981	1545	5299	6439	3.25
1979	100-104	0.37137	0.85696	1.86	436	373	1005	1139	2.62
1979	105-109	0.45880	0.91119	1.69	62	57	124	134	2.15
1979	110+	0.53076	1.00000	1.88	6	6	10	10	1.88
1980	0	0.01635	0.01611	0.09	100000	1611	98532	6802084	68.02
1980	1-4	0.00086	0.00344	1.68	98389	338	392769	6703552	68.13
1980	5-9	0.00040	0.00200	2.5	98050	196	489761	6310783	64.36
1980	10-14	0.00046	0.00231	2.91	97854	226	488799	5821022	59.49
1980	15-19	0.00145	0.00724	2.98	97628	707	486716	5332223	54.62
1980	20-24	0.00215	0.01070	2.56	96922	1037	482077	4845507	49.99
1980	25-29	0.00223	0.01108	2.5	95885	1062	476768	4363430	45.51
1980	30-34	0.00212	0.01056	2.46	94823	1001	471574	3886661	40.99
1980	35-39	0.00309	0.01532	2.7	93822	1438	465800	3415087	36.40
1980	40-44	0.00454	0.02246	2.65	92384	2075	457053	2949287	31.92
1980	45-49	0.00719	0.03534	2.64	90309	3192	443999	2492235	27.60
1980	50-54	0.01193	0.05803	2.67	87117	5055	423825	2048236	23.51
1980	55-59	0.01799	0.08624	2.59	82062	7077	393261	1624411	19.80
1980	60-64	0.02703	0.12689	2.59	74985	9515	351996	1231149	16.42
1980	65-69	0.04027	0.18335	2.56	65470	12004	298101	879154	13.43
1980	70-74	0.05633	0.24726	2.53	53466	13220	234711	581052	10.87
1980	75-79	0.07906	0.32868	2.44	40246	13228	167319	346341	8.61
1980	80-84	0.11472	0.44325	2.44	27018	11976	104385	179023	6.63
1980	85-89	0.17303	0.59162	2.33	15042	8899	51431	74637	4.96
1980	90-94	0.24373	0.71248	2.09	6143	4377	17957	23206	3.78
1980	95-99	0.32073	0.81376	1.97	1766	1437	4481	5249	2.97
1980	100-104	0.41864	0.89092	1.78	329	293	700	768	2.33
1980	105-109	0.52354	0.93887	1.58	36	34	64	68	1.89
1980	110+	0.60901	1.00000	1.64	2	2	4	4	1.64
1981	0	0.01443	0.01424	0.08	100000	1424	98695	6827113	68.27
1981	1-4	0.00080	0.00320	1.54	98576	316	393527	6728418	68.26
1981	5-9	0.00046	0.00230	2.4	98260	226	490711	6334891	64.47
1981	10-14	0.00044	0.00220	2.55	98034	216	489641	5844180	59.61
1981	15-19	0.00143	0.00715	2.86	97818	699	487592	5354540	54.74
1981	20-24	0.00203	0.01009	2.52	97119	980	483168	4866948	50.11
1981	25-29	0.00216	0.01075	2.48	96139	1034	478091	4383780	45.60
1981	30-34	0.00220	0.01096	2.63	95105	1043	473049	3905688	41.07
1981	35-39	0.00285	0.01413	2.64	94062	1329	467170	3432640	36.49
1981	40-44	0.00473	0.02336	2.57	92733	2166	458405	2965470	31.98
1981	45-49	0.00705	0.03467	2.65	90566	3140	445446	2507065	27.68
1981	50-54	0.01177	0.05731	2.7	87426	5010	425584	2061619	23.58
1981	55-59	0.01748	0.08397	2.67	82416	6920	395962	1636035	19.85
1981	60-64	0.02705	0.12707	2.62	75495	9593	354646	1240073	16.43
1981	65-69	0.03890	0.17756	2.55	65902	11702	300839	885427	13.44
1981	70-74	0.05666	0.24861	2.54	54200	13475	237830	584588	10.79
1981	75-79	0.08005	0.33082	2.38	40725	13473	168309	346758	8.51
1981	80-84	0.12046	0.45740	2.37	27252	12465	103484	178449	6.55
1981	85-89	0.17175	0.59085	2.36	14787	8737	50868	74965	5.07
1981	90-94	0.23088	0.69618	2.15	6050	4212	18243	24097	3.98
1981	95-99	0.29813	0.78795	2.01	1838	1448	4858	5853	3.18
1981	100-104	0.38108	0.86457	1.84	390	337	884	995	2.55
1981	105-109	0.47158	0.91742	1.67	53	48	103	111	2.10
1981	110+	0.54601	1.00000	1.83	4	4	8	8	1.83
1982	0	0.01327	0.01311	0.08	100000	1311	98794	6900095	69.00
1982	1-4	0.00070	0.00280	1.82	98689	276	394152	6801301	68.92
1982	5-9	0.00041	0.00205	2.35	98413	202	491527	6407148	65.10
1982	10-14	0.00037	0.00187	2.74	98211	184	490636	5915621	60.23
1982	15-19	0.00116	0.00578	2.93	98027	567	488960	5424984	55.34
1982	20-24	0.00171	0.00853	2.6	97460	831	485308	4936024	50.65
1982	25-29	0.00200	0.00994	2.59	96629	960	480825	4450717	46.06
1982	30-34	0.00217	0.01079	2.52	95668	1032	475787	3969891	41.50
1982	35-39	0.00296	0.01471	2.67	94636	1392	469935	3494104	36.92
1982	40-44	0.00425	0.02105	2.71	93244	1963	461730	3024169	32.43
1982	45-49	0.00671	0.03304	2.75	91281	3016	449620	2562439	28.07
1982	50-54	0.01102	0.05374	2.69	88265	4744	430375	2112819	23.94
1982	55-59	0.01683	0.08094	2.64	83522	6761	401660	1682444	20.14
1982	60-64	0.02625	0.12341	2.58	76761	9473	360915	1280784	16.69
1982	65-69	0.03826	0.17503	2.57	67288	11777	307790	919869	13.67
1982	70-74	0.05443	0.24023	2.56	55511	13335	245007	612079	11.03
1982	75-79	0.07757	0.32339	2.43	42175	13639	175822	367072	8.70
1982	80-84	0.11712	0.44947	2.41	28536	12826	109509	191250	6.70
1982	85-89	0.16422	0.56969	2.31	15710	8950	54501	81741	5.20
1982	90-94	0.22476	0.69006	2.2	6760	4665	20756	27240	4.03
1982	95-99	0.30700	0.79869	2	2095	1673	5451	6484	3.09
1982	100-104	0.39791	0.87719	1.81	422	370	930	1033	2.45
1982	105-109	0.49650	0.92856	1.63	52	48	97	103	1.99
1982	110+	0.57740	1.00000	1.73	4	4	6	6	1.73
1983	0	0.01495	0.01475	0.09	100000	1475	98651	6896062	68.96
1983	1-4	0.00076	0.00304	1.79	98525	300	393438	6797412	68.99
1983	5-9	0.00040	0.00200	2.59	98225	197	490654	6403974	65.20
1983	10-14	0.00037	0.00184	2.67	98029	180	489725	5913320	60.32
1983	15-19	0.00125	0.00622	2.81	97849	609	487910	5423595	55.43
1983	20-24	0.00162	0.00809	2.51	97240	786	484246	4935685	50.76
1983	25-29	0.00194	0.00966	2.47	96454	932	479912	4451439	46.15
1983	30-34	0.00191	0.00949	2.58	95522	906	475413	3971527	41.58
1983	35-39	0.00268	0.01330	2.7	94616	1259	470188	3496114	36.95
1983	40-44	0.00405	0.02008	2.62	93357	1874	462322	3025926	32.41
1983	45-49	0.00662	0.03258	2.66	91482	2981	450447	2563604	28.02
1983	50-54	0.01097	0.05349	2.69	88502	4734	431591	2113157	23.88
1983	55-59	0.01652	0.07951	2.64	83767	6660	403146	1681566	20.07
1983	60-64	0.02669	0.12555	2.65	77107	9681	362762	1278420	16.58
1983	65-69	0.03669	0.16855	2.59	67426	11364	309719	915657	13.58
1983	70-74	0.05686	0.24952	2.55	56062	13988	246019	605939	10.81
1983	75-79	0.07900	0.32917	2.47	42074	13850	175305	359920	8.55
1983	80-84	0.11711	0.45055	2.44	28224	12716	108586	184614	6.54
1983	85-89	0.17859	0.59849	2.24	15508	9281	51968	76028	4.90
1983	90-94	0.23628	0.70899	2.18	6227	4415	18684	24060	3.86
1983	95-99	0.32156	0.81438	1.97	1812	1476	4589	5376	2.97
1983	100-104	0.41788	0.89029	1.78	336	299	717	787	2.34
1983	105-109	0.52103	0.93789	1.59	37	35	66	70	1.90
1983	110+	0.60510	1.00000	1.65	2	2	4	4	1.65
1984	0	0.01402	0.01384	0.08	100000	1384	98730	6930696	69.31
1984	1-4	0.00074	0.00295	1.55	98616	291	393753	6831966	69.28
1984	5-9	0.00039	0.00194	2.17	98325	190	491086	6438213	65.48
1984	10-14	0.00034	0.00170	2.6	98135	167	490273	5947127	60.60
1984	15-19	0.00129	0.00643	2.76	97968	630	488428	5456854	55.70
1984	20-24	0.00168	0.00839	2.53	97338	816	484674	4968425	51.04
1984	25-29	0.00179	0.00893	2.5	96521	862	480449	4483752	46.45
1984	30-34	0.00215	0.01071	2.48	95659	1025	475718	4003302	41.85
1984	35-39	0.00248	0.01230	2.65	94634	1164	470440	3527584	37.28
1984	40-44	0.00381	0.01890	2.72	93470	1767	463322	3057144	32.71
1984	45-49	0.00627	0.03090	2.61	91703	2833	451730	2593822	28.29
1984	50-54	0.01056	0.05151	2.6	88870	4578	433355	2142092	24.10
1984	55-59	0.01653	0.07948	2.6	84292	6699	405365	1708737	20.27
1984	60-64	0.02554	0.12027	2.58	77593	9332	365374	1303373	16.80
1984	65-69	0.03674	0.16855	2.55	68260	11505	313155	937999	13.74
1984	70-74	0.05523	0.24330	2.56	56755	13808	250026	624844	11.01
1984	75-79	0.07721	0.32215	2.43	42947	13835	179191	374818	8.73
1984	80-84	0.11531	0.44477	2.43	29112	12948	112289	195627	6.72
1984	85-89	0.16521	0.57052	2.29	16164	9222	55820	83338	5.16
1984	90-94	0.22785	0.69521	2.2	6942	4826	21181	27518	3.96
1984	95-99	0.31797	0.81094	1.98	2116	1716	5396	6337	2.99
1984	100-104	0.41553	0.88904	1.78	400	356	856	940	2.35
1984	105-109	0.52032	0.93776	1.59	44	42	80	85	1.91
1984	110+	0.60580	1.00000	1.65	3	3	5	5	1.65
1985	0	0.01408	0.01390	0.08	100000	1390	98725	6902592	69.03
1985	1-4	0.00065	0.00259	1.62	98610	255	393831	6803867	69.00
1985	5-9	0.00030	0.00148	2.12	98354	146	491352	6410036	65.17
1985	10-14	0.00042	0.00208	2.88	98209	204	490611	5918684	60.27
1985	15-19	0.00127	0.00635	2.86	98004	622	488689	5428073	55.39
1985	20-24	0.00162	0.00806	2.53	97382	785	484970	4939384	50.72
1985	25-29	0.00180	0.00895	2.63	96597	865	480939	4454413	46.11
1985	30-34	0.00200	0.00997	2.44	95733	954	476216	3973474	41.51
1985	35-39	0.00288	0.01432	2.6	94778	1357	470637	3497258	36.90
1985	40-44	0.00398	0.01969	2.62	93421	1840	462724	3026621	32.40
1985	45-49	0.00646	0.03180	2.62	91581	2912	450972	2563897	28.00
1985	50-54	0.01035	0.05052	2.69	88669	4480	433007	2112925	23.83
1985	55-59	0.01762	0.08467	2.69	84190	7128	404448	1679918	19.95
1985	60-64	0.02587	0.12175	2.59	77062	9382	362664	1275470	16.55
1985	65-69	0.03777	0.17293	2.56	67679	11703	309881	912806	13.49
1985	70-74	0.05623	0.24633	2.49	55976	13788	245224	602925	10.77
1985	75-79	0.08023	0.33210	2.41	42187	14010	174638	357701	8.48
1985	80-84	0.11921	0.45427	2.38	28177	12800	107374	183063	6.50
1985	85-89	0.17438	0.59131	2.28	15377	9093	52143	75689	4.92
1985	90-94	0.24794	0.71748	2.06	6284	4509	18186	23546	3.75
1985	95-99	0.31572	0.80795	1.98	1775	1434	4544	5360	3.02
1985	100-104	0.40757	0.88350	1.79	341	301	739	817	2.40
1985	105-109	0.50644	0.93237	1.61	40	37	73	78	1.96
1985	110+	0.58730	1.00000	1.7	3	3	5	5	1.70
1986	0	0.01416	0.01398	0.08	100000	1398	98718	6922197	69.22
1986	1-4	0.00064	0.00256	1.68	98602	253	393823	6823478	69.20
1986	5-9	0.00040	0.00198	2.26	98350	194	491216	6429655	65.38
1986	10-14	0.00045	0.00226	2.91	98155	221	490314	5938440	60.50
1986	15-19	0.00134	0.00668	2.83	97934	654	488247	5448126	55.63
1986	20-24	0.00170	0.00847	2.56	97280	824	484389	4959879	50.99
1986	25-29	0.00204	0.01016	2.61	96455	980	479936	4475491	46.40
1986	30-34	0.00236	0.01174	2.58	95475	1121	474666	3995555	41.85
1986	35-39	0.00278	0.01383	2.59	94354	1305	468622	3520889	37.32
1986	40-44	0.00401	0.01988	2.7	93049	1850	461000	3052267	32.80
1986	45-49	0.00627	0.03089	2.65	91200	2817	449378	2591267	28.41
1986	50-54	0.01016	0.04967	2.75	88383	4390	432034	2141889	24.23
1986	55-59	0.01581	0.07622	2.65	83992	6402	404921	1709854	20.36
1986	60-64	0.02411	0.11407	2.65	77590	8851	367111	1304934	16.82
1986	65-69	0.03617	0.16599	2.52	68740	11410	315444	937822	13.64
1986	70-74	0.05580	0.24523	2.53	57330	14059	251954	622378	10.86
1986	75-79	0.08088	0.33436	2.41	43271	14468	178885	370424	8.56
1986	80-84	0.11296	0.43580	2.38	28802	12552	111121	191539	6.65
1986	85-89	0.17260	0.58846	2.3	16250	9563	55403	80418	4.95
1986	90-94	0.24602	0.72133	2.13	6688	4824	19608	25014	3.74
1986	95-99	0.32916	0.82258	1.96	1864	1533	4657	5407	2.90
1986	100-104	0.43198	0.89903	1.75	331	297	688	749	2.27
1986	105-109	0.54125	0.94485	1.56	33	32	58	61	1.83
1986	110+	0.62972	1.00000	1.59	2	2	3	3	1.59
1987	0	0.01506	0.01486	0.09	100000	1486	98641	6927591	69.28
1987	1-4	0.00067	0.00266	1.67	98514	262	393447	6828950	69.32
1987	5-9	0.00035	0.00174	2.36	98252	171	490810	6435503	65.50
1987	10-14	0.00044	0.00221	2.82	98081	216	489934	5944693	60.61
1987	15-19	0.00136	0.00680	2.76	97865	666	487835	5454759	55.74
1987	20-24	0.00182	0.00907	2.58	97199	881	483860	4966924	51.10
1987	25-29	0.00203	0.01008	2.56	96318	971	479221	4483064	46.54
1987	30-34	0.00240	0.01191	2.54	95347	1136	473935	4003843	41.99
1987	35-39	0.00283	0.01407	2.56	94211	1325	467825	3529908	37.47
1987	40-44	0.00392	0.01943	2.58	92886	1805	460068	3062083	32.97
1987	45-49	0.00608	0.02997	2.65	91081	2729	448989	2602015	28.57
1987	50-54	0.00982	0.04802	2.69	88351	4243	431943	2153026	24.37
1987	55-59	0.01532	0.07393	2.63	84108	6218	405820	1721083	20.46
1987	60-64	0.02496	0.11789	2.65	77890	9182	367841	1315263	16.89
1987	65-69	0.03663	0.16858	2.64	68707	11582	316184	947422	13.79
1987	70-74	0.05449	0.24113	2.62	57125	13775	252798	631238	11.05
1987	75-79	0.07626	0.31944	2.46	43350	13848	181598	378440	8.73
1987	80-84	0.11659	0.44823	2.42	29502	13224	113417	196842	6.67
1987	85-89	0.16316	0.56720	2.31	16279	9233	56589	83425	5.12
1987	90-94	0.24113	0.71147	2.12	7045	5013	20788	26836	3.81
1987	95-99	0.32032	0.81337	1.97	2033	1653	5162	6048	2.98
1987	100-104	0.41839	0.89079	1.78	379	338	808	886	2.34
1987	105-109	0.52351	0.93887	1.58	41	39	74	78	1.89
1987	110+	0.60916	1.00000	1.64	3	3	4	4	1.64
1988	0	0.01448	0.01429	0.08	100000	1429	98691	6915342	69.15
1988	1-4	0.00074	0.00297	1.68	98571	293	393605	6816651	69.15
1988	5-9	0.00038	0.00190	2.38	98278	186	490905	6423046	65.36
1988	10-14	0.00039	0.00197	2.88	98092	193	490053	5932142	60.48
1988	15-19	0.00140	0.00699	2.83	97899	684	488014	5442089	55.59
1988	20-24	0.00194	0.00963	2.5	97215	936	483734	4954075	50.96
1988	25-29	0.00213	0.01061	2.46	96279	1022	478800	4470341	46.43
1988	30-34	0.00269	0.01334	2.55	95257	1271	473178	3991541	41.90
1988	35-39	0.00300	0.01488	2.62	93986	1398	466597	3518363	37.43
1988	40-44	0.00390	0.01933	2.67	92588	1790	458776	3051766	32.96
1988	45-49	0.00633	0.03118	2.68	90798	2831	447431	2592990	28.56
1988	50-54	0.00984	0.04810	2.68	87967	4231	430037	2145559	24.39
1988	55-59	0.01556	0.07497	2.57	83736	6278	403455	1715523	20.49
1988	60-64	0.02416	0.11419	2.61	77458	8845	366179	1312068	16.94
1988	65-69	0.03602	0.16584	2.61	68613	11379	315897	945889	13.79
1988	70-74	0.05339	0.23683	2.62	57234	13555	253868	629992	11.01
1988	75-79	0.07933	0.33117	2.51	43680	14465	182343	376124	8.61
1988	80-84	0.11350	0.43969	2.44	29214	12845	113170	193781	6.63
1988	85-89	0.17558	0.59927	2.35	16369	9809	55870	80611	4.92
1988	90-94	0.24103	0.72099	2.21	6560	4729	19622	24741	3.77
1988	95-99	0.34240	0.83560	1.94	1830	1529	4466	5119	2.80
1988	100-104	0.45217	0.91019	1.72	301	274	606	653	2.17
1988	105-109	0.56718	0.95258	1.51	27	26	45	47	1.75
1988	110+	0.65920	1.00000	1.52	1	1	2	2	1.52
1989	0	0.01424	0.01405	0.08	100000	1405	98712	6942308	69.42
1989	1-4	0.00056	0.00222	1.74	98595	219	393884	6843596	69.41
1989	5-9	0.00037	0.00185	2.16	98376	182	491363	6449713	65.56
1989	10-14	0.00036	0.00179	2.81	98194	176	490583	5958350	60.68
1989	15-19	0.00137	0.00681	2.83	98018	667	488645	5467767	55.78
1989	20-24	0.00189	0.00941	2.61	97351	916	484568	4979121	51.15
1989	25-29	0.00209	0.01042	2.57	96435	1004	479736	4494554	46.61
1989	30-34	0.00279	0.01384	2.63	95430	1320	474028	4014818	42.07
1989	35-39	0.00321	0.01591	2.59	94110	1498	466942	3540790	37.62
1989	40-44	0.00396	0.01962	2.72	92612	1817	458920	3073849	33.19
1989	45-49	0.00637	0.03139	2.61	90795	2850	447171	2614929	28.80
1989	50-54	0.00950	0.04646	2.63	87945	4086	430032	2167757	24.65
1989	55-59	0.01508	0.07282	2.64	83859	6106	404887	1737725	20.72
1989	60-64	0.02310	0.10942	2.6	77753	8508	368363	1332838	17.14
1989	65-69	0.03559	0.16388	2.59	69246	11348	318828	964475	13.93
1989	70-74	0.05196	0.23093	2.59	57897	13370	257327	645648	11.15
1989	75-79	0.07927	0.33001	2.46	44528	14695	185367	388320	8.72
1989	80-84	0.11202	0.43539	2.44	29833	12989	115948	202954	6.80
1989	85-89	0.16260	0.56625	2.32	16844	9538	58658	87006	5.17
1989	90-94	0.23405	0.70508	2.18	7306	5151	22009	28348	3.88
1989	95-99	0.32390	0.81754	1.97	2155	1762	5439	6339	2.94
1989	100-104	0.42705	0.89634	1.76	393	352	825	900	2.29
1989	105-109	0.53717	0.94365	1.56	41	38	72	75	1.85
1989	110+	0.62652	1.00000	1.6	2	2	4	4	1.60
1990	0	0.01478	0.01458	0.08	100000	1458	98666	6979610	69.80
1990	1-4	0.00061	0.00243	1.69	98542	240	393614	6880945	69.83
1990	5-9	0.00032	0.00159	2.41	98302	157	491106	6487331	65.99
1990	10-14	0.00027	0.00134	2.43	98146	131	490392	5996225	61.10
1990	15-19	0.00129	0.00643	2.9	98015	631	488752	5505833	56.17
1990	20-24	0.00189	0.00942	2.57	97384	917	484694	5017081	51.52
1990	25-29	0.00197	0.00981	2.53	96467	946	479994	4532387	46.98
1990	30-34	0.00284	0.01412	2.65	95521	1348	474440	4052393	42.42
1990	35-39	0.00327	0.01621	2.58	94172	1526	467171	3577953	37.99
1990	40-44	0.00397	0.01965	2.61	92646	1820	458883	3110783	33.58
1990	45-49	0.00599	0.02952	2.59	90826	2681	447670	2651900	29.20
1990	50-54	0.00906	0.04436	2.68	88145	3910	431653	2204230	25.01
1990	55-59	0.01464	0.07074	2.64	84235	5959	407094	1772577	21.04
1990	60-64	0.02257	0.10710	2.62	78276	8383	371423	1365483	17.44
1990	65-69	0.03308	0.15308	2.56	69893	10699	323401	994059	14.22
1990	70-74	0.05046	0.22488	2.58	59194	13312	263784	670658	11.33
1990	75-79	0.07464	0.31442	2.5	45882	14426	193275	406875	8.87
1990	80-84	0.11173	0.43352	2.42	31456	13637	122050	213600	6.79
1990	85-89	0.16320	0.56848	2.33	17819	10130	62072	91550	5.14
1990	90-94	0.23934	0.71328	2.17	7689	5485	22915	29478	3.83
1990	95-99	0.31982	0.81321	1.98	2205	1793	5606	6563	2.98
1990	100-104	0.42067	0.89244	1.77	412	368	874	957	2.32
1990	105-109	0.52877	0.94083	1.58	44	42	79	83	1.88
1990	110+	0.61675	1.00000	1.62	3	3	4	4	1.62
1991	0	0.01281	0.01266	0.08	100000	1266	98835	6995533	69.96
1991	1-4	0.00058	0.00231	1.64	98734	229	394397	6896699	69.85
1991	5-9	0.00029	0.00143	2.32	98506	141	492152	6502301	66.01
1991	10-14	0.00036	0.00181	2.62	98365	178	491400	6010150	61.10
1991	15-19	0.00128	0.00641	2.75	98187	629	489517	5518750	56.21
1991	20-24	0.00171	0.00850	2.46	97558	830	485681	5029233	51.55
1991	25-29	0.00212	0.01056	2.57	96728	1022	481159	4543551	46.97
1991	30-34	0.00264	0.01312	2.62	95706	1256	475538	4062392	42.45
1991	35-39	0.00340	0.01688	2.62	94451	1594	468459	3586854	37.98
1991	40-44	0.00416	0.02059	2.56	92857	1911	459615	3118396	33.58
1991	45-49	0.00623	0.03071	2.63	90945	2793	448115	2658781	29.23
1991	50-54	0.00870	0.04263	2.7	88152	3758	432114	2210666	25.08
1991	55-59	0.01474	0.07123	2.66	84395	6012	407933	1778552	21.07
1991	60-64	0.02242	0.10637	2.6	78383	8338	371938	1370619	17.49
1991	65-69	0.03329	0.15408	2.59	70045	10793	324178	998681	14.26
1991	70-74	0.05013	0.22384	2.61	59252	13263	264552	674503	11.38
1991	75-79	0.07294	0.30922	2.54	45989	14221	194971	409952	8.91
1991	80-84	0.11274	0.43626	2.41	31768	13859	122935	214981	6.77
1991	85-89	0.16167	0.56214	2.29	17909	10067	62269	92046	5.14
1991	90-94	0.24155	0.71413	2.14	7842	5600	23183	29777	3.80
1991	95-99	0.32403	0.81757	1.97	2242	1833	5656	6594	2.94
1991	100-104	0.42642	0.89590	1.76	409	366	859	938	2.29
1991	105-109	0.53573	0.94315	1.57	43	40	75	79	1.85
1991	110+	0.62446	1.00000	1.6	2	2	4	4	1.60
1992	0	0.01162	0.01150	0.08	100000	1150	98938	7054007	70.54
1992	1-4	0.00052	0.00208	1.61	98850	206	394910	6955069	70.36
1992	5-9	0.00025	0.00127	2.1	98645	125	492860	6560159	66.50
1992	10-14	0.00031	0.00153	3	98519	150	492296	6067299	61.58
1992	15-19	0.00133	0.00665	2.72	98369	654	490355	5575003	56.67
1992	20-24	0.00167	0.00832	2.52	97715	813	486560	5084649	52.04
1992	25-29	0.00185	0.00919	2.6	96901	890	482367	4598088	47.45
1992	30-34	0.00248	0.01233	2.6	96011	1184	477214	4115722	42.87
1992	35-39	0.00344	0.01703	2.55	94827	1615	470173	3638508	38.37
1992	40-44	0.00402	0.01992	2.57	93212	1857	461556	3168335	33.99
1992	45-49	0.00606	0.02987	2.7	91355	2729	450508	2706779	29.63
1992	50-54	0.00868	0.04251	2.59	88626	3767	434056	2256272	25.46
1992	55-59	0.01365	0.06611	2.64	84859	5610	411074	1822216	21.47
1992	60-64	0.02204	0.10473	2.63	79249	8300	376587	1411142	17.81
1992	65-69	0.03285	0.15210	2.57	70949	10791	328488	1034555	14.58
1992	70-74	0.04694	0.21096	2.6	60157	12691	270384	706067	11.74
1992	75-79	0.06946	0.29665	2.54	47466	14081	202723	435683	9.18
1992	80-84	0.10490	0.41476	2.48	33385	13847	131999	232960	6.98
1992	85-89	0.16311	0.56793	2.33	19539	11096	68030	100961	5.17
1992	90-94	0.22987	0.69846	2.19	8442	5896	25652	32931	3.90
1992	95-99	0.33358	0.82798	1.96	2546	2108	6318	7279	2.86
1992	100-104	0.44655	0.90774	1.73	438	398	890	961	2.19
1992	105-109	0.56571	0.95243	1.52	40	38	68	71	1.76
1992	110+	0.66116	1.00000	1.51	2	2	3	3	1.51
1993	0	0.01187	0.01174	0.08	100000	1174	98916	7030274	70.30
1993	1-4	0.00056	0.00225	1.68	98826	222	394789	6931357	70.14
1993	5-9	0.00024	0.00122	2.46	98604	120	492714	6536568	66.29
1993	10-14	0.00035	0.00174	3.13	98484	172	492098	6043854	61.37
1993	15-19	0.00127	0.00635	2.82	98312	624	490200	5551756	56.47
1993	20-24	0.00174	0.00868	2.51	97688	848	486333	5061556	51.81
1993	25-29	0.00194	0.00967	2.6	96840	936	481952	4575223	47.25
1993	30-34	0.00255	0.01267	2.62	95904	1216	476627	4093271	42.68
1993	35-39	0.00327	0.01620	2.6	94688	1534	469766	3616644	38.20
1993	40-44	0.00411	0.02034	2.58	93154	1894	461183	3146878	33.78
1993	45-49	0.00591	0.02913	2.58	91260	2658	449872	2685695	29.43
1993	50-54	0.00895	0.04381	2.65	88602	3881	433889	2235823	25.23
1993	55-59	0.01395	0.06756	2.67	84721	5724	410260	1801934	21.27
1993	60-64	0.02227	0.10574	2.61	78997	8353	375010	1391674	17.62
1993	65-69	0.03278	0.15196	2.6	70644	10735	327452	1016665	14.39
1993	70-74	0.04816	0.21554	2.57	59909	12913	268105	689213	11.50
1993	75-79	0.07080	0.30128	2.53	46996	14159	199989	421108	8.96
1993	80-84	0.11295	0.43787	2.43	32837	14378	127304	221119	6.73
1993	85-89	0.16846	0.57902	2.3	18459	10688	63443	93815	5.08
1993	90-94	0.23015	0.70376	2.24	7771	5469	23762	30372	3.91
1993	95-99	0.33267	0.82632	1.96	2302	1902	5718	6610	2.87
1993	100-104	0.43901	0.90317	1.74	400	361	823	892	2.23
1993	105-109	0.55156	0.94812	1.54	39	37	67	70	1.80
1993	110+	0.64231	1.00000	1.56	2	2	3	3	1.56
1994	0	0.01235	0.01221	0.08	100000	1221	98875	7055547	70.56
1994	1-4	0.00060	0.00239	1.71	98779	236	394576	6956673	70.43
1994	5-9	0.00024	0.00120	2.22	98543	118	492388	6562097	66.59
1994	10-14	0.00032	0.00161	2.82	98425	158	491779	6069709	61.67
1994	15-19	0.00133	0.00664	2.95	98267	652	489996	5577930	56.76
1994	20-24	0.00159	0.00790	2.52	97614	771	486162	5087934	52.12
1994	25-29	0.00185	0.00920	2.76	96843	891	482222	4601772	47.52
1994	30-34	0.00259	0.01288	2.63	95952	1236	476833	4119550	42.93
1994	35-39	0.00333	0.01654	2.51	94716	1566	469673	3642717	38.46
1994	40-44	0.00423	0.02093	2.55	93150	1950	460964	3173045	34.06
1994	45-49	0.00578	0.02849	2.64	91200	2599	449856	2712080	29.74
1994	50-54	0.00872	0.04277	2.7	88601	3789	434294	2262225	25.53
1994	55-59	0.01314	0.06370	2.6	84812	5403	411091	1827931	21.55
1994	60-64	0.02076	0.09894	2.63	79409	7857	378435	1416840	17.84
1994	65-69	0.03162	0.14701	2.61	71552	10519	332636	1038405	14.51
1994	70-74	0.04747	0.21277	2.57	61033	12986	273546	705769	11.56
1994	75-79	0.06964	0.29601	2.47	48047	14222	204232	432223	9.00
1994	80-84	0.11066	0.43129	2.44	33825	14588	131832	227991	6.74
1994	85-89	0.17034	0.58331	2.3	19236	11221	65874	96160	5.00
1994	90-94	0.24047	0.71740	2.19	8016	5750	23913	30285	3.78
1994	95-99	0.34007	0.83368	1.94	2265	1888	5553	6372	2.81
1994	100-104	0.45114	0.90982	1.72	377	343	760	819	2.17
1994	105-109	0.56769	0.95280	1.51	34	32	57	59	1.75
1994	110+	0.66092	1.00000	1.51	2	2	2	2	1.51
1995	0	0.01052	0.01042	0.07	100000	1042	99034	7083421	70.83
1995	1-4	0.00059	0.00236	1.81	98958	233	395322	6984387	70.58
1995	5-9	0.00029	0.00147	2.54	98725	145	493267	6589064	66.74
1995	10-14	0.00033	0.00167	2.97	98580	164	492566	6095797	61.84
1995	15-19	0.00130	0.00647	2.81	98415	637	490679	5603231	56.93
1995	20-24	0.00155	0.00774	2.58	97778	757	487057	5112552	52.29
1995	25-29	0.00191	0.00953	2.71	97021	925	482991	4625495	47.67
1995	30-34	0.00261	0.01296	2.53	96097	1245	477412	4142504	43.11
1995	35-39	0.00331	0.01644	2.58	94852	1559	470487	3665092	38.64
1995	40-44	0.00432	0.02140	2.65	93292	1997	461767	3194605	34.24
1995	45-49	0.00575	0.02836	2.58	91295	2589	450222	2732839	29.93
1995	50-54	0.00873	0.04273	2.6	88706	3791	434430	2282617	25.73
1995	55-59	0.01290	0.06259	2.61	84916	5315	411875	1848186	21.76
1995	60-64	0.02087	0.09939	2.62	79601	7912	379167	1436311	18.04
1995	65-69	0.03037	0.14160	2.62	71689	10152	334249	1057144	14.75
1995	70-74	0.04656	0.20955	2.62	61538	12895	276937	722894	11.75
1995	75-79	0.06737	0.28748	2.45	48643	13984	207573	445958	9.17
1995	80-84	0.10675	0.41951	2.45	34659	14540	136208	238385	6.88
1995	85-89	0.16563	0.57260	2.31	20119	11520	69555	102177	5.08
1995	90-94	0.23835	0.71156	2.17	8599	6119	25671	32622	3.79
1995	95-99	0.34119	0.83512	1.94	2480	2071	6071	6951	2.80
1995	100-104	0.45594	0.91251	1.71	409	373	818	880	2.15
1995	105-109	0.57602	0.95514	1.5	36	34	59	62	1.72
1995	110+	0.67164	1.00000	1.49	2	2	2	2	1.49
1996	0	0.01032	0.01023	0.07	100000	1023	99052	7117525	71.18
1996	1-4	0.00047	0.00189	1.8	98977	187	395499	7018474	70.91
1996	5-9	0.00027	0.00137	2.44	98791	135	493608	6622975	67.04
1996	10-14	0.00034	0.00169	3.11	98656	167	492963	6129367	62.13
1996	15-19	0.00142	0.00710	2.91	98489	699	490987	5636404	57.23
1996	20-24	0.00177	0.00884	2.51	97790	864	486798	5145417	52.62
1996	25-29	0.00167	0.00833	2.59	96926	807	482681	4658619	48.06
1996	30-34	0.00227	0.01127	2.64	96119	1083	478034	4175938	43.45
1996	35-39	0.00303	0.01505	2.68	95036	1430	471864	3697904	38.91
1996	40-44	0.00395	0.01958	2.58	93605	1833	463587	3226040	34.46
1996	45-49	0.00534	0.02636	2.59	91772	2419	453039	2762454	30.10
1996	50-54	0.00811	0.03979	2.65	89353	3555	438420	2309415	25.85
1996	55-59	0.01297	0.06294	2.65	85798	5400	416314	1870995	21.81
1996	60-64	0.02081	0.09917	2.63	80398	7973	383099	1454681	18.09
1996	65-69	0.03010	0.14040	2.61	72425	10168	337846	1071582	14.80
1996	70-74	0.04668	0.20952	2.56	62257	13044	279454	733736	11.79
1996	75-79	0.06807	0.29156	2.54	49213	14348	210786	454282	9.23
1996	80-84	0.10639	0.41957	2.48	34864	14628	137500	243495	6.98
1996	85-89	0.16104	0.56271	2.32	20236	11387	70712	105995	5.24
1996	90-94	0.22540	0.69821	2.28	8849	6179	27412	35283	3.99
1996	95-99	0.32279	0.81692	1.98	2671	2182	6759	7871	2.95
1996	100-104	0.42975	0.89827	1.76	489	439	1022	1113	2.28
1996	105-109	0.54395	0.94599	1.55	50	47	87	91	1.82
1996	110+	0.63640	1.00000	1.57	3	3	4	4	1.57
1997	0	0.01008	0.00998	0.07	100000	998	99074	7183564	71.84
1997	1-4	0.00047	0.00188	1.6	99002	186	395562	7084490	71.56
1997	5-9	0.00023	0.00115	2.44	98816	113	493791	6688928	67.69
1997	10-14	0.00030	0.00148	3.04	98703	146	493229	6195138	62.77
1997	15-19	0.00108	0.00540	2.88	98557	532	491658	5701909	57.85
1997	20-24	0.00144	0.00718	2.48	98025	704	488350	5210251	53.15
1997	25-29	0.00140	0.00696	2.51	97321	677	484919	4721901	48.52
1997	30-34	0.00167	0.00831	2.56	96643	803	481258	4236983	43.84
1997	35-39	0.00248	0.01232	2.68	95840	1181	476457	3755725	39.19
1997	40-44	0.00378	0.01872	2.57	94660	1772	468992	3279268	34.64
1997	45-49	0.00551	0.02720	2.57	92887	2526	458311	2810276	30.25
1997	50-54	0.00803	0.03941	2.67	90361	3561	443525	2351965	26.03
1997	55-59	0.01256	0.06102	2.66	86800	5297	421593	1908440	21.99
1997	60-64	0.01984	0.09478	2.66	81503	7725	389420	1486846	18.24
1997	65-69	0.02952	0.13795	2.63	73778	10177	344785	1097427	14.87
1997	70-74	0.04451	0.20068	2.55	63601	12763	286777	752642	11.83
1997	75-79	0.06956	0.29642	2.51	50837	15069	216642	465865	9.16
1997	80-84	0.10414	0.41363	2.51	35768	14795	142066	249223	6.97
1997	85-89	0.16142	0.56356	2.32	20973	11820	73226	107157	5.11
1997	90-94	0.24562	0.72888	2.21	9154	6672	27163	33931	3.71
1997	95-99	0.35125	0.84481	1.93	2482	2097	5969	6768	2.73
1997	100-104	0.47399	0.92145	1.68	385	355	749	799	2.07
1997	105-109	0.60063	0.96123	1.46	30	29	48	50	1.66
1997	110+	0.69985	1.00000	1.43	1	1	2	2	1.43
1998	0	0.00984	0.00975	0.07	100000	975	99094	7203581	72.04
1998	1-4	0.00047	0.00189	1.46	99025	187	395622	7104487	71.74
1998	5-9	0.00029	0.00146	2.45	98837	145	493817	6708865	67.88
1998	10-14	0.00030	0.00149	2.75	98693	147	493132	6215048	62.97
1998	15-19	0.00099	0.00496	2.71	98546	489	491607	5721916	58.06
1998	20-24	0.00130	0.00647	2.38	98057	634	488622	5230308	53.34
1998	25-29	0.00147	0.00730	2.5	97423	712	485337	4741686	48.67
1998	30-34	0.00173	0.00860	2.64	96711	832	481589	4256349	44.01
1998	35-39	0.00252	0.01251	2.65	95879	1199	476579	3774760	39.37
1998	40-44	0.00366	0.01816	2.71	94680	1719	469456	3298181	34.83
1998	45-49	0.00525	0.02590	2.6	92961	2408	459023	2828725	30.43
1998	50-54	0.00769	0.03775	2.63	90553	3418	444681	2369701	26.17
1998	55-59	0.01219	0.05922	2.61	87135	5160	423360	1925021	22.09
1998	60-64	0.01928	0.09229	2.69	81975	7565	392399	1501661	18.32
1998	65-69	0.02930	0.13683	2.58	74410	10182	347445	1109262	14.91
1998	70-74	0.04524	0.20384	2.57	64228	13092	289373	761818	11.86
1998	75-79	0.06833	0.29217	2.52	51136	14940	218640	472445	9.24
1998	80-84	0.10296	0.41054	2.53	36195	14860	144326	253805	7.01
1998	85-89	0.16087	0.56206	2.32	21336	11992	74546	109479	5.13
1998	90-94	0.24221	0.71937	2.18	9344	6722	27751	34933	3.74
1998	95-99	0.34950	0.84333	1.93	2622	2211	6327	7182	2.74
1998	100-104	0.47229	0.92072	1.69	411	378	801	855	2.08
1998	105-109	0.59918	0.96093	1.47	33	31	52	54	1.66
1998	110+	0.69869	1.00000	1.43	1	1	2	2	1.43
1999	0	0.00954	0.00946	0.07	100000	946	99121	7209091	72.09
1999	1-4	0.00043	0.00171	1.64	99054	169	395817	7109970	71.78
1999	5-9	0.00024	0.00122	2.02	98885	120	494065	6714153	67.90
1999	10-14	0.00035	0.00173	2.99	98764	171	493478	6220088	62.98
1999	15-19	0.00110	0.00549	2.77	98593	541	491760	5726610	58.08
1999	20-24	0.00138	0.00688	2.42	98052	675	488520	5234849	53.39
1999	25-29	0.00137	0.00684	2.52	97377	666	485232	4746329	48.74
1999	30-34	0.00172	0.00858	2.74	96711	829	481678	4261098	44.06
1999	35-39	0.00230	0.01142	2.64	95882	1095	476824	3779419	39.42
1999	40-44	0.00363	0.01798	2.71	94787	1705	470030	3302595	34.84
1999	45-49	0.00533	0.02632	2.59	93082	2450	459502	2832565	30.43
1999	50-54	0.00765	0.03761	2.7	90633	3409	445307	2373063	26.18
1999	55-59	0.01204	0.05855	2.65	87224	5107	424095	1927756	22.10
1999	60-64	0.01895	0.09074	2.68	82118	7452	393266	1503661	18.31
1999	65-69	0.02993	0.13954	2.58	74666	10419	348154	1110396	14.87
1999	70-74	0.04443	0.20051	2.57	64247	12882	289978	762242	11.86
1999	75-79	0.06610	0.28433	2.54	51365	14605	220959	472265	9.19
1999	80-84	0.10506	0.41483	2.47	36760	15249	145147	251306	6.84
1999	85-89	0.16849	0.58285	2.36	21511	12538	74415	106159	4.94
1999	90-94	0.25904	0.73742	2.08	8973	6617	25544	31744	3.54
1999	95-99	0.36539	0.85684	1.9	2356	2019	5526	6200	2.63
1999	100-104	0.49260	0.92944	1.65	337	314	636	675	2.00
1999	105-109	0.62161	0.96566	1.43	24	23	37	38	1.60
1999	110+	0.72113	1.00000	1.39	1	1	1	1	1.39
2000	0	0.01035	0.01025	0.07	100000	1025	99050	7214788	72.15
2000	1-4	0.00041	0.00166	1.53	98975	164	395495	7115738	71.89
2000	5-9	0.00020	0.00101	2.34	98811	100	493790	6720243	68.01
2000	10-14	0.00027	0.00136	2.83	98711	134	493265	6226453	63.08
2000	15-19	0.00101	0.00503	2.84	98577	496	491815	5733188	58.16
2000	20-24	0.00153	0.00764	2.49	98081	750	488525	5241373	53.44
2000	25-29	0.00151	0.00751	2.45	97331	731	484790	4752848	48.83
2000	30-34	0.00161	0.00801	2.6	96600	774	481147	4268059	44.18
2000	35-39	0.00235	0.01166	2.63	95827	1118	476481	3786912	39.52
2000	40-44	0.00351	0.01739	2.66	94709	1647	469687	3310431	34.95
2000	45-49	0.00570	0.02813	2.66	93062	2618	459175	2840744	30.53
2000	50-54	0.00749	0.03681	2.69	90444	3330	444512	2381569	26.33
2000	55-59	0.01208	0.05872	2.61	87114	5115	423326	1937057	22.24
2000	60-64	0.01874	0.08977	2.66	81999	7361	392800	1513731	18.46
2000	65-69	0.02765	0.12968	2.61	74638	9679	350076	1120931	15.02
2000	70-74	0.04404	0.19925	2.61	64959	12943	293870	770855	11.87
2000	75-79	0.06731	0.28945	2.58	52016	15056	223668	476985	9.17
2000	80-84	0.10556	0.41714	2.49	36960	15417	146049	253317	6.85
2000	85-89	0.16655	0.57901	2.37	21543	12473	74891	107268	4.98
2000	90-94	0.25711	0.74517	2.18	9069	6758	26285	32377	3.57
2000	95-99	0.36466	0.85627	1.9	2311	1979	5427	6092	2.64
2000	100-104	0.49190	0.92917	1.65	332	309	627	665	2.00
2000	105-109	0.62102	0.96555	1.43	24	23	37	38	1.60
2000	110+	0.72068	1.00000	1.39	1	1	1	1	1.39
2001	0	0.01018	0.01009	0.07	100000	1009	99064	7236430	72.36
2001	1-4	0.00054	0.00214	1.66	98991	212	395469	7137365	72.10
2001	5-9	0.00015	0.00075	2.52	98779	74	493712	6741896	68.25
2001	10-14	0.00029	0.00145	2.65	98705	143	493188	6248184	63.30
2001	15-19	0.00109	0.00543	2.89	98562	535	491677	5754996	58.39
2001	20-24	0.00162	0.00808	2.5	98027	792	488154	5263319	53.69
2001	25-29	0.00138	0.00687	2.52	97234	668	484515	4775165	49.11
2001	30-34	0.00163	0.00811	2.58	96566	783	480932	4290649	44.43
2001	35-39	0.00237	0.01179	2.64	95783	1129	476254	3809717	39.77
2001	40-44	0.00353	0.01752	2.73	94653	1658	469495	3333464	35.22
2001	45-49	0.00532	0.02627	2.62	92995	2443	459170	2863968	30.80
2001	50-54	0.00788	0.03869	2.63	90552	3504	444474	2404798	26.56
2001	55-59	0.01164	0.05668	2.68	87049	4934	423773	1960324	22.52
2001	60-64	0.01809	0.08673	2.64	82115	7122	393755	1536550	18.71
2001	65-69	0.02775	0.13008	2.6	74993	9755	351551	1142795	15.24
2001	70-74	0.04234	0.19206	2.58	65238	12530	295901	791245	12.13
2001	75-79	0.06441	0.27846	2.57	52709	14677	227873	495343	9.40
2001	80-84	0.10156	0.40461	2.49	38032	15388	151519	267470	7.03
2001	85-89	0.15832	0.55882	2.37	22643	12654	79923	115951	5.12
2001	90-94	0.25308	0.73379	2.14	9990	7331	28965	36028	3.61
2001	95-99	0.36142	0.85399	1.91	2659	2271	6284	7062	2.66
2001	100-104	0.49112	0.92908	1.65	388	361	735	779	2.01
2001	105-109	0.62290	0.96602	1.43	28	27	43	44	1.60
2001	110+	0.72436	1.00000	1.38	1	1	1	1	1.38
2002	0	0.00967	0.00959	0.07	100000	959	99109	7262797	72.63
2002	1-4	0.00040	0.00161	1.69	99041	159	395798	7163687	72.33
2002	5-9	0.00018	0.00088	2.66	98882	87	494207	6767890	68.44
2002	10-14	0.00023	0.00113	2.81	98795	112	493731	6273683	63.50
2002	15-19	0.00093	0.00464	2.96	98683	458	492483	5779952	58.57
2002	20-24	0.00141	0.00704	2.52	98226	691	489415	5287470	53.83
2002	25-29	0.00133	0.00662	2.56	97534	646	486098	4798054	49.19
2002	30-34	0.00174	0.00868	2.52	96889	841	482360	4311957	44.50
2002	35-39	0.00228	0.01132	2.63	96047	1087	477655	3829596	39.87
2002	40-44	0.00377	0.01868	2.74	94960	1774	470783	3351941	35.30
2002	45-49	0.00541	0.02671	2.64	93186	2489	460048	2881158	30.92
2002	50-54	0.00777	0.03814	2.61	90697	3459	445206	2421109	26.69
2002	55-59	0.01157	0.05635	2.67	87238	4916	424743	1975903	22.65
2002	60-64	0.01826	0.08753	2.65	82322	7206	394663	1551160	18.84
2002	65-69	0.02600	0.12245	2.63	75116	9198	353775	1156497	15.40
2002	70-74	0.04138	0.18824	2.61	65918	12409	299905	802722	12.18
2002	75-79	0.06438	0.27751	2.52	53509	14849	230651	502817	9.40
2002	80-84	0.10115	0.40531	2.55	38660	15669	154913	272166	7.04
2002	85-89	0.16016	0.56227	2.35	22991	12927	80712	117253	5.10
2002	90-94	0.25036	0.73696	2.21	10064	7417	29623	36541	3.63
2002	95-99	0.36774	0.85937	1.9	2647	2275	6186	6918	2.61
2002	100-104	0.50105	0.93314	1.64	372	347	693	732	1.97
2002	105-109	0.63522	0.96840	1.41	25	24	38	39	1.57
2002	110+	0.73740	1.00000	1.36	1	1	1	1	1.36
2003	0	0.00994	0.00985	0.07	100000	985	99086	7279467	72.79
2003	1-4	0.00037	0.00150	1.7	99015	148	395718	7180382	72.52
2003	5-9	0.00023	0.00113	2.34	98867	111	494038	6784663	68.62
2003	10-14	0.00025	0.00126	3.02	98756	124	493532	6290625	63.70
2003	15-19	0.00095	0.00474	2.89	98631	467	492169	5797093	58.78
2003	20-24	0.00147	0.00733	2.55	98164	720	489056	5304924	54.04
2003	25-29	0.00166	0.00828	2.58	97444	807	485268	4815868	49.42
2003	30-34	0.00158	0.00789	2.56	96637	762	481328	4330601	44.81
2003	35-39	0.00219	0.01090	2.65	95875	1045	476916	3849273	40.15
2003	40-44	0.00374	0.01853	2.71	94830	1757	470124	3372357	35.56
2003	45-49	0.00527	0.02606	2.7	93072	2425	459782	2902233	31.18
2003	50-54	0.00770	0.03779	2.63	90647	3426	445101	2442451	26.94
2003	55-59	0.01108	0.05400	2.65	87221	4710	425024	1997349	22.90
2003	60-64	0.01727	0.08287	2.59	82512	6838	396053	1572325	19.06
2003	65-69	0.02618	0.12339	2.67	75674	9338	356615	1176272	15.54
2003	70-74	0.04009	0.18266	2.57	66336	12117	302248	819657	12.36
2003	75-79	0.06211	0.26994	2.58	54219	14636	235661	517409	9.54
2003	80-84	0.09783	0.39256	2.48	39583	15539	158828	281747	7.12
2003	85-89	0.15861	0.56179	2.4	24044	13508	85165	122919	5.11
2003	90-94	0.25457	0.73865	2.16	10536	7783	30572	37755	3.58
2003	95-99	0.36837	0.86013	1.9	2754	2369	6430	7183	2.61
2003	100-104	0.50398	0.93440	1.63	385	360	714	753	1.96
2003	105-109	0.64009	0.96934	1.4	25	24	38	39	1.56
2003	110+	0.74322	1.00000	1.35	1	1	1	1	1.35
2004	0	0.00962	0.00953	0.07	100000	953	99114	7310774	73.11
2004	1-4	0.00041	0.00165	1.75	99047	163	395819	7211659	72.81
2004	5-9	0.00017	0.00083	2.32	98883	82	494196	6815840	68.93
2004	10-14	0.00021	0.00103	3.02	98801	102	493803	6321644	63.98
2004	15-19	0.00087	0.00436	3.11	98699	430	492684	5827841	59.05
2004	20-24	0.00151	0.00751	2.46	98269	738	489470	5335156	54.29
2004	25-29	0.00160	0.00797	2.64	97531	777	485820	4845687	49.68
2004	30-34	0.00157	0.00780	2.5	96754	754	481887	4359867	45.06
2004	35-39	0.00221	0.01099	2.54	96000	1055	477401	3877980	40.40
2004	40-44	0.00341	0.01691	2.68	94945	1606	470995	3400578	35.82
2004	45-49	0.00515	0.02543	2.63	93339	2373	461076	2929584	31.39
2004	50-54	0.00827	0.04054	2.61	90966	3688	446028	2468507	27.14
2004	55-59	0.01118	0.05445	2.64	87278	4753	425155	2022479	23.17
2004	60-64	0.01682	0.08087	2.61	82525	6674	396692	1597324	19.36
2004	65-69	0.02527	0.11924	2.64	75852	9044	357908	1200632	15.83
2004	70-74	0.03833	0.17518	2.55	66807	11704	305366	842724	12.61
2004	75-79	0.05979	0.26056	2.53	55104	14358	240120	537358	9.75
2004	80-84	0.09554	0.38584	2.51	40746	15721	164556	297238	7.29
2004	85-89	0.14933	0.53769	2.4	25025	13456	90109	132682	5.30
2004	90-94	0.24777	0.73464	2.23	11569	8499	34302	42573	3.68
2004	95-99	0.35534	0.84943	1.93	3070	2608	7339	8271	2.69
2004	100-104	0.48825	0.92824	1.66	462	429	879	932	2.02
2004	105-109	0.62378	0.96635	1.43	33	32	51	53	1.60
2004	110+	0.72792	1.00000	1.37	1	1	2	2	1.37
2005	0	0.00951	0.00943	0.07	100000	943	99124	7334289	73.34
2005	1-4	0.00040	0.00159	1.68	99057	158	395863	7235166	73.04
2005	5-9	0.00018	0.00091	2.34	98900	90	494260	6839303	69.15
2005	10-14	0.00021	0.00104	3.14	98810	103	493857	6345043	64.21
2005	15-19	0.00096	0.00479	3.01	98707	473	492592	5851185	59.28
2005	20-24	0.00150	0.00745	2.6	98234	732	489415	5358594	54.55
2005	25-29	0.00149	0.00740	2.42	97502	722	485647	4869179	49.94
2005	30-34	0.00171	0.00850	2.56	96780	822	481896	4383531	45.29
2005	35-39	0.00222	0.01106	2.64	95958	1062	477285	3901635	40.66
2005	40-44	0.00326	0.01616	2.68	94896	1534	470925	3424350	36.09
2005	45-49	0.00523	0.02585	2.64	93362	2413	461112	2953424	31.63
2005	50-54	0.00802	0.03937	2.64	90949	3581	446313	2492312	27.40
2005	55-59	0.01096	0.05345	2.66	87369	4670	425938	2045999	23.42
2005	60-64	0.01713	0.08232	2.63	82699	6808	397360	1620061	19.59
2005	65-69	0.02429	0.11485	2.64	75891	8716	358891	1222701	16.11
2005	70-74	0.03691	0.16964	2.62	67175	11395	308706	863810	12.86
2005	75-79	0.05731	0.25118	2.54	55779	14011	244482	555103	9.95
2005	80-84	0.09038	0.36810	2.48	41769	15375	170122	310621	7.44
2005	85-89	0.15048	0.54352	2.45	26394	14346	95329	140499	5.32
2005	90-94	0.24017	0.71705	2.19	12048	8639	35971	45170	3.75
2005	95-99	0.35441	0.84903	1.93	3409	2894	8167	9200	2.70
2005	100-104	0.49049	0.92939	1.66	515	478	975	1033	2.01
2005	105-109	0.62903	0.96746	1.42	36	35	56	57	1.58
2005	110+	0.73488	1.00000	1.36	1	1	2	2	1.36
2006	0	0.00963	0.00954	0.07	100000	954	99113	7351399	73.51
2006	1-4	0.00041	0.00165	1.67	99046	163	395802	7252286	73.22
2006	5-9	0.00016	0.00079	2.28	98883	78	494201	6856484	69.34
2006	10-14	0.00021	0.00105	2.75	98805	104	493789	6362283	64.39
2006	15-19	0.00100	0.00499	2.97	98701	492	492506	5868493	59.46
2006	20-24	0.00158	0.00785	2.56	98208	771	489155	5375988	54.74
2006	25-29	0.00161	0.00802	2.43	97437	781	485172	4886832	50.15
2006	30-34	0.00163	0.00813	2.51	96656	786	481320	4401660	45.54
2006	35-39	0.00199	0.00992	2.7	95870	951	477157	3920340	40.89
2006	40-44	0.00330	0.01640	2.67	94918	1556	470965	3443183	36.28
2006	45-49	0.00507	0.02506	2.67	93362	2340	461361	2972217	31.84
2006	50-54	0.00758	0.03725	2.66	91022	3390	447172	2510856	27.59
2006	55-59	0.01132	0.05512	2.62	87632	4830	426652	2063684	23.55
2006	60-64	0.01612	0.07766	2.64	82802	6431	398830	1637032	19.77
2006	65-69	0.02351	0.11133	2.62	76371	8503	361646	1238202	16.21
2006	70-74	0.03641	0.16741	2.6	67869	11362	312058	876555	12.92
2006	75-79	0.05434	0.23940	2.52	56507	13528	248939	564497	9.99
2006	80-84	0.09312	0.37669	2.47	42979	16190	173855	315559	7.34
2006	85-89	0.15058	0.54114	2.4	26789	14497	96271	141704	5.29
2006	90-94	0.24572	0.73154	2.23	12292	8992	36597	45433	3.70
2006	95-99	0.35764	0.85160	1.92	3300	2810	7858	8836	2.68
2006	100-104	0.49298	0.93029	1.65	490	456	924	978	2.00
2006	105-109	0.63038	0.96766	1.42	34	33	52	54	1.58
2006	110+	0.73530	1.00000	1.36	1	1	2	2	1.36
2007	0	0.00904	0.00897	0.07	100000	897	99165	7376758	73.77
2007	1-4	0.00036	0.00142	1.62	99103	141	396078	7277593	73.43
2007	5-9	0.00019	0.00093	2.39	98962	92	494571	6881515	69.54
2007	10-14	0.00022	0.00108	3.08	98870	107	494145	6386944	64.60
2007	15-19	0.00106	0.00527	3.03	98763	521	492788	5892799	59.67
2007	20-24	0.00173	0.00859	2.5	98243	844	489101	5400010	54.97
2007	25-29	0.00164	0.00814	2.48	97399	793	484997	4910909	50.42
2007	30-34	0.00164	0.00817	2.61	96606	789	481143	4425913	45.81
2007	35-39	0.00225	0.01120	2.58	95817	1073	476491	3944770	41.17
2007	40-44	0.00325	0.01613	2.77	94743	1529	470311	3468279	36.61
2007	45-49	0.00485	0.02398	2.62	93215	2236	460759	2997967	32.16
2007	50-54	0.00767	0.03770	2.68	90979	3430	446946	2537208	27.89
2007	55-59	0.01092	0.05320	2.59	87549	4658	426517	2090262	23.88
2007	60-64	0.01578	0.07606	2.62	82892	6305	399426	1663745	20.07
2007	65-69	0.02329	0.11033	2.61	76587	8450	362753	1264319	16.51
2007	70-74	0.03430	0.15847	2.61	68137	10797	314839	901566	13.23
2007	75-79	0.05311	0.23510	2.56	57340	13480	253819	586727	10.23
2007	80-84	0.08913	0.36462	2.51	43859	15992	179415	332908	7.59
2007	85-89	0.13967	0.51099	2.38	27868	14240	101958	153493	5.51
2007	90-94	0.23820	0.71072	2.16	13627	9685	40660	51536	3.78
2007	95-99	0.34568	0.84144	1.95	3942	3317	9596	10876	2.76
2007	100-104	0.48011	0.92511	1.68	625	578	1204	1280	2.05
2007	105-109	0.61843	0.96544	1.44	47	45	73	75	1.61
2007	110+	0.72506	1.00000	1.38	2	2	2	2	1.38
2008	0	0.00934	0.00926	0.07	100000	926	99139	7416305	74.16
2008	1-4	0.00033	0.00130	1.66	99074	129	395994	7317166	73.86
2008	5-9	0.00016	0.00079	2.88	98945	78	494558	6921172	69.95
2008	10-14	0.00024	0.00118	2.96	98867	117	494097	6426613	65.00
2008	15-19	0.00088	0.00440	3.01	98750	434	492887	5932516	60.08
2008	20-24	0.00153	0.00764	2.61	98316	751	489784	5439629	55.33
2008	25-29	0.00161	0.00802	2.48	97565	783	485852	4949845	50.73
2008	30-34	0.00166	0.00829	2.53	96783	802	481934	4463993	46.12
2008	35-39	0.00181	0.00900	2.59	95981	864	477825	3982059	41.49
2008	40-44	0.00282	0.01400	2.71	95117	1332	472531	3504233	36.84
2008	45-49	0.00453	0.02242	2.64	93785	2103	463973	3031703	32.33
2008	50-54	0.00729	0.03585	2.65	91682	3287	450693	2567730	28.01
2008	55-59	0.01074	0.05236	2.6	88396	4628	430892	2117037	23.95
2008	60-64	0.01523	0.07354	2.66	83767	6160	404436	1686145	20.13
2008	65-69	0.02247	0.10652	2.57	77607	8267	367970	1281708	16.52
2008	70-74	0.03478	0.16058	2.62	69340	11135	320170	913739	13.18
2008	75-79	0.05342	0.23628	2.56	58205	13753	257432	593569	10.20
2008	80-84	0.08658	0.35644	2.52	44453	15845	183019	336137	7.56
2008	85-89	0.14784	0.53325	2.39	28608	15255	103186	153118	5.35
2008	90-94	0.24201	0.72449	2.23	13353	9674	39973	49932	3.74
2008	95-99	0.35295	0.84811	1.94	3679	3120	8840	9959	2.71
2008	100-104	0.49147	0.92999	1.66	559	520	1057	1119	2.00
2008	105-109	0.63241	0.96817	1.42	39	38	60	62	1.57
2008	110+	0.73968	1.00000	1.35	1	1	2	2	1.35
2009	0	0.00814	0.00808	0.07	100000	808	99246	7450273	74.50
2009	1-4	0.00033	0.00133	1.56	99192	132	396446	7351027	74.11
2009	5-9	0.00017	0.00087	2.17	99060	86	495057	6954581	70.21
2009	10-14	0.00019	0.00096	2.57	98974	95	494640	6459524	65.26
2009	15-19	0.00065	0.00326	2.95	98879	323	493734	5964884	60.32
2009	20-24	0.00133	0.00661	2.58	98557	651	491210	5471150	55.51
2009	25-29	0.00156	0.00779	2.47	97906	762	487601	4979939	50.86
2009	30-34	0.00169	0.00843	2.51	97143	819	483678	4492339	46.24
2009	35-39	0.00202	0.01004	2.6	96324	968	479297	4008661	41.62
2009	40-44	0.00293	0.01453	2.7	95357	1385	473598	3529364	37.01
2009	45-49	0.00456	0.02257	2.65	93971	2121	464865	3055766	32.52
2009	50-54	0.00721	0.03547	2.65	91850	3258	451603	2590901	28.21
2009	55-59	0.01101	0.05365	2.6	88593	4753	431573	2139297	24.15
2009	60-64	0.01503	0.07257	2.64	83840	6084	404811	1707724	20.37
2009	65-69	0.02186	0.10384	2.59	77756	8074	369333	1302913	16.76
2009	70-74	0.03368	0.15615	2.67	69682	10881	323020	933581	13.40
2009	75-79	0.05312	0.23493	2.54	58801	13814	260062	610561	10.38
2009	80-84	0.08048	0.33586	2.54	44987	15109	187746	350499	7.79
2009	85-89	0.14146	0.51797	2.42	29878	15476	109399	162753	5.45
2009	90-94	0.24246	0.72174	2.2	14402	10394	42871	53354	3.70
2009	95-99	0.36611	0.86019	1.92	4007	3447	9415	10484	2.62
2009	100-104	0.51726	0.94023	1.62	560	527	1018	1068	1.91
2009	105-109	0.66691	0.97411	1.37	33	33	49	50	1.49
2009	110+	0.77652	1.00000	1.29	1	1	1	1	1.29
2010	0	0.00723	0.00718	0.06	100000	718	99328	7467650	74.68
2010	1-4	0.00039	0.00154	1.56	99282	153	396753	7368322	74.22
2010	5-9	0.00017	0.00087	2.53	99128	86	495430	6971569	70.33
2010	10-14	0.00021	0.00104	3.19	99043	103	495025	6476139	65.39
2010	15-19	0.00075	0.00375	3.14	98939	371	494007	5981114	60.45
2010	20-24	0.00132	0.00656	2.6	98568	647	491291	5487107	55.67
2010	25-29	0.00146	0.00726	2.58	97922	711	487887	4995816	51.02
2010	30-34	0.00153	0.00760	2.46	97211	739	484177	4507930	46.37
2010	35-39	0.00192	0.00957	2.59	96472	923	480132	4023752	41.71
2010	40-44	0.00258	0.01283	2.65	95548	1226	474858	3543620	37.09
2010	45-49	0.00440	0.02176	2.66	94322	2052	466809	3068762	32.53
2010	50-54	0.00727	0.03576	2.67	92269	3300	453655	2601953	28.20
2010	55-59	0.01123	0.05472	2.64	88970	4869	433354	2148297	24.15
2010	60-64	0.01474	0.07117	2.6	84101	5985	406126	1714944	20.39
2010	65-69	0.02262	0.10725	2.6	78116	8378	370440	1308818	16.75
2010	70-74	0.03252	0.15076	2.58	69738	10513	323298	938377	13.46
2010	75-79	0.05221	0.23176	2.58	59224	13726	262894	615080	10.39
2010	80-84	0.08339	0.34535	2.51	45498	15713	188437	352185	7.74
2010	85-89	0.14115	0.51717	2.42	29786	15404	109134	163749	5.50
2010	90-94	0.23630	0.71358	2.23	14381	10262	43430	54615	3.80
2010	95-99	0.35146	0.84725	1.94	4119	3490	9930	11185	2.72
2010	100-104	0.49317	0.93092	1.66	629	586	1188	1256	2.00
2010	105-109	0.63718	0.96913	1.41	43	42	66	68	1.56
2010	110+	0.74616	1.00000	1.34	1	1	2	2	1.34
2011	0	0.00700	0.00696	0.06	100000	696	99349	7518097	75.18
2011	1-4	0.00034	0.00136	1.77	99304	136	396914	7418749	74.71
2011	5-9	0.00013	0.00066	2.55	99169	66	495681	7021835	70.81
2011	10-14	0.00021	0.00104	2.66	99103	103	495272	6526154	65.85
2011	15-19	0.00069	0.00343	3.14	99000	339	494368	6030881	60.92
2011	20-24	0.00133	0.00664	2.61	98660	655	491740	5536513	56.12
2011	25-29	0.00147	0.00730	2.57	98006	716	488289	5044773	51.47
2011	30-34	0.00163	0.00810	2.57	97290	788	484535	4556484	46.83
2011	35-39	0.00181	0.00899	2.65	96501	868	480464	4071949	42.20
2011	40-44	0.00261	0.01298	2.58	95634	1241	475162	3591485	37.55
2011	45-49	0.00431	0.02133	2.7	94392	2013	467326	3116323	33.01
2011	50-54	0.00689	0.03391	2.64	92379	3132	454496	2648997	28.68
2011	55-59	0.01063	0.05182	2.61	89247	4624	435187	2194501	24.59
2011	60-64	0.01478	0.07139	2.63	84622	6041	408777	1759314	20.79
2011	65-69	0.02009	0.09591	2.64	78581	7537	375134	1350537	17.19
2011	70-74	0.03160	0.14707	2.65	71044	10448	330624	975402	13.73
2011	75-79	0.05005	0.22344	2.6	60596	13540	270529	644779	10.64
2011	80-84	0.08021	0.33503	2.54	47056	15765	196546	374250	7.95
2011	85-89	0.13098	0.49090	2.45	31291	15361	117272	177705	5.68
2011	90-94	0.23662	0.70974	2.18	15930	11306	47783	60433	3.79
2011	95-99	0.34821	0.84489	1.95	4624	3907	11219	12650	2.74
2011	100-104	0.49320	0.93122	1.66	717	668	1354	1431	1.99
2011	105-109	0.64064	0.96986	1.41	49	48	75	77	1.55
2011	110+	0.75168	1.00000	1.33	1	1	2	2	1.33
2012	0	0.00704	0.00699	0.06	100000	699	99345	7529645	75.30
2012	1-4	0.00031	0.00126	1.56	99301	125	396899	7430300	74.83
2012	5-9	0.00013	0.00067	2.63	99176	67	495722	7033401	70.92
2012	10-14	0.00016	0.00082	3.07	99109	82	495387	6537679	65.96
2012	15-19	0.00057	0.00283	3.13	99027	280	494612	6042292	61.02
2012	20-24	0.00123	0.00614	2.65	98747	606	492307	5547680	56.18
2012	25-29	0.00144	0.00715	2.52	98141	702	488965	5055373	51.51
2012	30-34	0.00168	0.00835	2.58	97439	814	485225	4566408	46.86
2012	35-39	0.00176	0.00878	2.64	96625	848	481125	4081184	42.24
2012	40-44	0.00249	0.01239	2.6	95777	1186	476033	3600059	37.59
2012	45-49	0.00404	0.02002	2.67	94591	1893	468541	3124026	33.03
2012	50-54	0.00700	0.03445	2.65	92697	3193	455991	2655485	28.65
2012	55-59	0.01052	0.05126	2.55	89504	4588	436299	2199494	24.57
2012	60-64	0.01484	0.07154	2.52	84916	6075	409498	1763195	20.76
2012	65-69	0.02115	0.10073	2.63	78841	7942	375401	1353697	17.17
2012	70-74	0.03129	0.14552	2.6	70899	10317	329713	978296	13.80
2012	75-79	0.05004	0.22332	2.6	60582	13529	270391	648584	10.71
2012	80-84	0.07868	0.32997	2.56	47053	15526	197336	378193	8.04
2012	85-89	0.13347	0.49794	2.45	31527	15699	117616	180858	5.74
2012	90-94	0.22006	0.68809	2.28	15828	10891	49492	63242	4.00
2012	95-99	0.34126	0.83858	1.97	4937	4140	12132	13750	2.79
2012	100-104	0.48403	0.92746	1.67	797	739	1527	1618	2.03
2012	105-109	0.63062	0.96807	1.42	58	56	89	91	1.58
2012	110+	0.74211	1.00000	1.35	2	2	2	2	1.35
2013	0	0.00742	0.00737	0.06	100000	737	99311	7509409	75.09
2013	1-4	0.00036	0.00142	1.44	99263	141	396691	7410098	74.65
2013	5-9	0.00016	0.00080	2.52	99122	79	495414	7013407	70.76
2013	10-14	0.00018	0.00089	3.15	99043	88	495052	6517993	65.81
2013	15-19	0.00073	0.00367	3.04	98955	363	494063	6022941	60.87
2013	20-24	0.00122	0.00606	2.58	98593	597	491517	5528878	56.08
2013	25-29	0.00144	0.00718	2.59	97995	704	488276	5037360	51.40
2013	30-34	0.00166	0.00827	2.61	97291	804	484531	4549085	46.76
2013	35-39	0.00195	0.00970	2.6	96487	936	480186	4064554	42.13
2013	40-44	0.00256	0.01275	2.63	95551	1218	474866	3584368	37.51
2013	45-49	0.00424	0.02098	2.73	94333	1979	467174	3109502	32.96
2013	50-54	0.00682	0.03356	2.7	92354	3099	454638	2642327	28.61
2013	55-59	0.01088	0.05301	2.6	89254	4731	434929	2187690	24.51
2013	60-64	0.01554	0.07489	2.58	84523	6330	407299	1752761	20.74
2013	65-69	0.02149	0.10214	2.58	78193	7986	371636	1345462	17.21
2013	70-74	0.03104	0.14430	2.57	70207	10131	326391	973826	13.87
2013	75-79	0.04808	0.21527	2.57	60076	12932	268979	647435	10.78
2013	80-84	0.07858	0.32947	2.55	47144	15532	197663	378457	8.03
2013	85-89	0.13188	0.49424	2.47	31611	15624	118473	180794	5.72
2013	90-94	0.22819	0.70118	2.25	15988	11210	49126	62321	3.90
2013	95-99	0.34443	0.84158	1.96	4777	4021	11673	13195	2.76
2013	100-104	0.48903	0.92959	1.67	757	704	1439	1522	2.01
2013	105-109	0.63674	0.96920	1.41	53	52	81	83	1.56
2013	110+	0.74839	1.00000	1.34	2	2	2	2	1.34
2014	0	0.00842	0.00835	0.07	100000	835	99221	7510564	75.11
2014	1-4	0.00030	0.00120	1.73	99165	119	396389	7411343	74.74
2014	5-9	0.00016	0.00078	2.48	99046	78	495033	7014954	70.83
2014	10-14	0.00021	0.00105	2.77	98968	104	494609	6519921	65.88
2014	15-19	0.00068	0.00337	3.12	98864	334	493694	6025312	60.95
2014	20-24	0.00140	0.00700	2.61	98531	690	491007	5531618	56.14
2014	25-29	0.00155	0.00771	2.44	97841	754	487277	5040611	51.52
2014	30-34	0.00170	0.00846	2.42	97087	822	483318	4553334	46.90
2014	35-39	0.00197	0.00978	2.59	96265	942	479058	4070016	42.28
2014	40-44	0.00253	0.01258	2.59	95324	1199	473722	3590958	37.67
2014	45-49	0.00416	0.02061	2.66	94124	1940	466079	3117236	33.12
2014	50-54	0.00670	0.03297	2.63	92184	3040	453730	2651157	28.76
2014	55-59	0.01085	0.05290	2.63	89145	4716	434552	2197427	24.65
2014	60-64	0.01539	0.07419	2.57	84429	6264	406917	1762875	20.88
2014	65-69	0.02092	0.09960	2.61	78165	7785	372180	1355959	17.35
2014	70-74	0.03111	0.14465	2.58	70380	10180	327284	983779	13.98
2014	75-79	0.04707	0.21139	2.59	60199	12726	270327	656495	10.91
2014	80-84	0.07629	0.32081	2.52	47474	15230	199637	386168	8.13
2014	85-89	0.12839	0.48251	2.43	32244	15558	121178	186532	5.79
2014	90-94	0.22681	0.70122	2.28	16686	11701	51589	65353	3.92
2014	95-99	0.34440	0.84185	1.96	4985	4197	12186	13764	2.76
2014	100-104	0.49141	0.93072	1.66	788	734	1493	1578	2.00
2014	105-109	0.64127	0.97006	1.41	55	53	83	85	1.55
2014	110+	0.75393	1.00000	1.33	2	2	2	2	1.33
2015	0	0.00828	0.00821	0.07	100000	821	99234	7494379	74.94
2015	1-4	0.00036	0.00143	1.55	99179	142	396367	7395145	74.56
2015	5-9	0.00016	0.00081	2.58	99037	80	494989	6998778	70.67
2015	10-14	0.00019	0.00094	2.75	98956	93	494573	6503789	65.72
2015	15-19	0.00080	0.00401	2.91	98863	397	493488	6009216	60.78
2015	20-24	0.00145	0.00721	2.67	98467	709	490682	5515728	56.02
2015	25-29	0.00157	0.00782	2.48	97757	765	486859	5025046	51.40
2015	30-34	0.00188	0.00936	2.47	96992	908	482669	4538187	46.79
2015	35-39	0.00207	0.01031	2.6	96085	991	478040	4055518	42.21
2015	40-44	0.00266	0.01322	2.64	95094	1258	472495	3577477	37.62
2015	45-49	0.00389	0.01925	2.67	93836	1807	464973	3104982	33.09
2015	50-54	0.00667	0.03284	2.68	92030	3023	453129	2640009	28.69
2015	55-59	0.01089	0.05306	2.6	89007	4722	433710	2186880	24.57
2015	60-64	0.01549	0.07467	2.6	84285	6294	406317	1753170	20.80
2015	65-69	0.02083	0.09911	2.55	77991	7730	371053	1346853	17.27
2015	70-74	0.03216	0.14933	2.61	70261	10492	326278	975800	13.89
2015	75-79	0.04869	0.21765	2.57	59769	13009	267170	649522	10.87
2015	80-84	0.07745	0.32461	2.51	46760	15179	195978	382351	8.18
2015	85-89	0.12703	0.47947	2.44	31581	15142	119205	186374	5.90
2015	90-94	0.21508	0.68034	2.3	16439	11184	52001	67168	4.09
2015	95-99	0.32772	0.82552	1.99	5255	4338	13237	15168	2.89
2015	100-104	0.46558	0.91926	1.71	917	843	1810	1931	2.11
2015	105-109	0.60985	0.96400	1.45	74	71	117	121	1.63
2015	110+	0.72166	1.00000	1.39	3	3	4	4	1.39
2016	0	0.00784	0.00779	0.07	100000	779	99273	7485675	74.86
2016	1-4	0.00033	0.00134	1.69	99221	133	396580	7386402	74.44
2016	5-9	0.00014	0.00069	2.33	99089	68	495261	6989823	70.54
2016	10-14	0.00017	0.00085	2.94	99020	84	494927	6494562	65.59
2016	15-19	0.00085	0.00422	3.02	98936	418	493852	5999634	60.64
2016	20-24	0.00165	0.00823	2.5	98518	811	490561	5505782	55.89
2016	25-29	0.00180	0.00894	2.62	97708	873	486458	5015221	51.33
2016	30-34	0.00210	0.01045	2.5	96834	1012	481640	4528763	46.77
2016	35-39	0.00226	0.01125	2.56	95823	1078	476486	4047123	42.24
2016	40-44	0.00287	0.01424	2.58	94745	1349	470461	3570637	37.69
2016	45-49	0.00408	0.02021	2.67	93395	1888	462578	3100176	33.19
2016	50-54	0.00675	0.03321	2.68	91507	3039	450494	2637599	28.82
2016	55-59	0.01054	0.05142	2.67	88469	4549	431727	2187104	24.72
2016	60-64	0.01586	0.07639	2.61	83919	6410	404269	1755377	20.92
2016	65-69	0.02177	0.10337	2.57	77509	8012	368061	1351108	17.43
2016	70-74	0.03130	0.14575	2.65	69497	10129	323666	983048	14.15
2016	75-79	0.04748	0.21305	2.59	59368	12648	266407	659381	11.11
2016	80-84	0.07341	0.31066	2.53	46720	14514	197697	392975	8.41
2016	85-89	0.12147	0.46633	2.51	32206	15019	123638	195277	6.06
2016	90-94	0.20965	0.66965	2.3	17187	11509	54899	71639	4.17
2016	95-99	0.31958	0.81766	2.01	5678	4642	14527	16741	2.95
2016	100-104	0.45797	0.91589	1.72	1035	948	2070	2214	2.14
2016	105-109	0.60406	0.96289	1.46	87	84	139	143	1.65
2016	110+	0.71780	1.00000	1.39	3	3	5	5	1.39
2017	0	0.00731	0.00726	0.06	100000	726	99321	7508345	75.08
2017	1-4	0.00029	0.00116	1.69	99274	115	396831	7409024	74.63
2017	5-9	0.00016	0.00081	1.91	99159	81	495547	7012193	70.72
2017	10-14	0.00018	0.00090	2.77	99079	89	495194	6516646	65.77
2017	15-19	0.00078	0.00390	3.14	98989	386	494230	6021452	60.83
2017	20-24	0.00151	0.00753	2.64	98604	742	491270	5527222	56.05
2017	25-29	0.00174	0.00868	2.47	97861	849	487159	5035953	51.46
2017	30-34	0.00208	0.01035	2.52	97012	1004	482570	4548794	46.89
2017	35-39	0.00238	0.01185	2.58	96008	1138	477283	4066224	42.35
2017	40-44	0.00270	0.01340	2.59	94870	1272	471288	3588940	37.83
2017	45-49	0.00409	0.02025	2.64	93598	1895	463516	3117652	33.31
2017	50-54	0.00650	0.03203	2.64	91703	2937	451570	2654136	28.94
2017	55-59	0.01063	0.05183	2.63	88766	4601	432918	2202566	24.81
2017	60-64	0.01570	0.07564	2.6	84165	6367	405534	1769647	21.03
2017	65-69	0.02094	0.09961	2.57	77798	7750	370173	1364113	17.53
2017	70-74	0.03095	0.14408	2.61	70049	10093	326114	993940	14.19
2017	75-79	0.04705	0.21130	2.59	59956	12669	269265	667826	11.14
2017	80-84	0.07378	0.31297	2.58	47287	14799	200585	398562	8.43
2017	85-89	0.11896	0.45669	2.46	32488	14837	124725	197976	6.09
2017	90-94	0.21153	0.67395	2.31	17651	11896	56238	73251	4.15
2017	95-99	0.31860	0.81665	2.02	5755	4700	14752	17014	2.96
2017	100-104	0.45682	0.91534	1.73	1055	966	2114	2262	2.14
2017	105-109	0.60292	0.96266	1.46	89	86	143	147	1.65
2017	110+	0.71677	1.00000	1.4	3	3	5	5	1.40
