KS: Kansas, Lifetables (period 1x5), Males Last modified: 3 Dec 2019, MPv5 (May07) 

Year     	Age	mx	qx	ax	lx	dx	Lx	Tx	ex
1960-1964	0	0.02543	0.02487	0.11	100000	2487	97795	6867562	68.68
1960-1964	1	0.00158	0.00158	0.5	97513	154	97436	6769767	69.42
1960-1964	2	0.00110	0.00110	0.5	97359	107	97306	6672331	68.53
1960-1964	3	0.00082	0.00082	0.5	97252	80	97212	6575026	67.61
1960-1964	4	0.00051	0.00051	0.5	97172	50	97148	6477814	66.66
1960-1964	5	0.00049	0.00049	0.5	97123	48	97099	6380666	65.70
1960-1964	6	0.00055	0.00055	0.5	97075	53	97048	6283567	64.73
1960-1964	7	0.00052	0.00052	0.5	97022	51	96996	6186519	63.76
1960-1964	8	0.00046	0.00046	0.5	96971	44	96949	6089523	62.80
1960-1964	9	0.00042	0.00042	0.5	96927	40	96906	5992574	61.83
1960-1964	10	0.00045	0.00045	0.5	96886	44	96864	5895667	60.85
1960-1964	11	0.00051	0.00051	0.5	96842	49	96818	5798803	59.88
1960-1964	12	0.00045	0.00045	0.5	96793	44	96771	5701986	58.91
1960-1964	13	0.00069	0.00069	0.5	96749	66	96716	5605215	57.94
1960-1964	14	0.00077	0.00077	0.5	96682	75	96645	5508499	56.98
1960-1964	15	0.00092	0.00092	0.5	96608	89	96563	5411854	56.02
1960-1964	16	0.00137	0.00137	0.5	96519	132	96453	5315291	55.07
1960-1964	17	0.00161	0.00161	0.5	96386	155	96309	5218838	54.14
1960-1964	18	0.00173	0.00173	0.5	96231	166	96148	5122529	53.23
1960-1964	19	0.00190	0.00190	0.5	96065	183	95973	5026382	52.32
1960-1964	20	0.00182	0.00182	0.5	95882	175	95795	4930408	51.42
1960-1964	21	0.00206	0.00206	0.5	95707	197	95609	4834614	50.51
1960-1964	22	0.00173	0.00173	0.5	95510	166	95427	4739005	49.62
1960-1964	23	0.00165	0.00165	0.5	95345	157	95266	4643578	48.70
1960-1964	24	0.00153	0.00153	0.5	95187	146	95114	4548312	47.78
1960-1964	25	0.00169	0.00169	0.5	95042	160	94961	4453198	46.86
1960-1964	26	0.00163	0.00163	0.5	94881	154	94804	4358236	45.93
1960-1964	27	0.00154	0.00154	0.5	94727	145	94654	4263432	45.01
1960-1964	28	0.00150	0.00150	0.5	94581	142	94511	4168778	44.08
1960-1964	29	0.00157	0.00157	0.5	94440	149	94365	4074268	43.14
1960-1964	30	0.00155	0.00155	0.5	94291	146	94218	3979902	42.21
1960-1964	31	0.00192	0.00191	0.5	94145	180	94055	3885684	41.27
1960-1964	32	0.00167	0.00167	0.5	93965	157	93887	3791629	40.35
1960-1964	33	0.00173	0.00173	0.5	93808	162	93727	3697742	39.42
1960-1964	34	0.00194	0.00194	0.5	93646	182	93555	3604015	38.49
1960-1964	35	0.00179	0.00178	0.5	93464	167	93381	3510459	37.56
1960-1964	36	0.00211	0.00211	0.5	93298	196	93199	3417079	36.63
1960-1964	37	0.00238	0.00238	0.5	93101	221	92990	3323879	35.70
1960-1964	38	0.00265	0.00264	0.5	92880	245	92757	3230889	34.79
1960-1964	39	0.00327	0.00326	0.5	92634	302	92483	3138132	33.88
1960-1964	40	0.00324	0.00324	0.5	92332	299	92183	3045648	32.99
1960-1964	41	0.00303	0.00303	0.5	92033	279	91894	2953465	32.09
1960-1964	42	0.00363	0.00363	0.5	91755	333	91588	2861571	31.19
1960-1964	43	0.00351	0.00350	0.5	91422	320	91262	2769983	30.30
1960-1964	44	0.00480	0.00479	0.5	91102	437	90884	2678721	29.40
1960-1964	45	0.00479	0.00478	0.5	90665	433	90449	2587837	28.54
1960-1964	46	0.00542	0.00541	0.5	90232	488	89988	2497388	27.68
1960-1964	47	0.00585	0.00583	0.5	89744	523	89483	2407400	26.83
1960-1964	48	0.00624	0.00622	0.5	89221	555	88944	2317917	25.98
1960-1964	49	0.00738	0.00735	0.5	88666	652	88340	2228974	25.14
1960-1964	50	0.00808	0.00805	0.5	88014	708	87660	2140633	24.32
1960-1964	51	0.00901	0.00897	0.5	87306	783	86914	2052973	23.51
1960-1964	52	0.01072	0.01066	0.5	86523	922	86061	1966059	22.72
1960-1964	53	0.01086	0.01080	0.5	85600	925	85138	1879997	21.96
1960-1964	54	0.01236	0.01228	0.5	84676	1040	84156	1794859	21.20
1960-1964	55	0.01244	0.01236	0.5	83635	1034	83118	1710704	20.45
1960-1964	56	0.01421	0.01411	0.5	82601	1165	82019	1627585	19.70
1960-1964	57	0.01705	0.01691	0.5	81436	1377	80748	1545567	18.98
1960-1964	58	0.01579	0.01567	0.5	80059	1254	79432	1464819	18.30
1960-1964	59	0.01848	0.01831	0.5	78805	1443	78083	1385387	17.58
1960-1964	60	0.01978	0.01959	0.5	77362	1515	76604	1307304	16.90
1960-1964	61	0.02101	0.02079	0.5	75846	1577	75058	1230700	16.23
1960-1964	62	0.02416	0.02387	0.5	74270	1773	73383	1155642	15.56
1960-1964	63	0.02570	0.02537	0.5	72497	1839	71577	1082259	14.93
1960-1964	64	0.02664	0.02629	0.5	70657	1857	69729	1010682	14.30
1960-1964	65	0.03126	0.03077	0.5	68800	2117	67742	940953	13.68
1960-1964	66	0.03263	0.03211	0.5	66683	2141	65612	873211	13.09
1960-1964	67	0.03496	0.03436	0.5	64542	2218	63433	807599	12.51
1960-1964	68	0.03687	0.03620	0.5	62324	2256	61196	744166	11.94
1960-1964	69	0.04001	0.03922	0.5	60068	2356	58890	682970	11.37
1960-1964	70	0.04420	0.04325	0.5	57712	2496	56464	624080	10.81
1960-1964	71	0.04877	0.04761	0.5	55216	2629	53902	567616	10.28
1960-1964	72	0.05390	0.05249	0.5	52587	2760	51207	513715	9.77
1960-1964	73	0.05424	0.05281	0.5	49827	2631	48511	462508	9.28
1960-1964	74	0.06154	0.05970	0.5	47196	2818	45787	413996	8.77
1960-1964	75	0.06770	0.06549	0.5	44378	2906	42925	368210	8.30
1960-1964	76	0.07335	0.07075	0.5	41472	2934	40005	325285	7.84
1960-1964	77	0.08076	0.07763	0.5	38537	2992	37042	285281	7.40
1960-1964	78	0.08994	0.08607	0.5	35546	3059	34016	248239	6.98
1960-1964	79	0.09190	0.08786	0.5	32486	2854	31059	214223	6.59
1960-1964	80	0.10485	0.09963	0.5	29632	2952	28156	183164	6.18
1960-1964	81	0.10978	0.10407	0.5	26680	2776	25292	155008	5.81
1960-1964	82	0.12726	0.11965	0.5	23903	2860	22473	129716	5.43
1960-1964	83	0.14055	0.13132	0.5	21043	2764	19662	107243	5.10
1960-1964	84	0.15284	0.14199	0.5	18280	2596	16982	87581	4.79
1960-1964	85	0.16635	0.15358	0.5	15684	2409	14480	70599	4.50
1960-1964	86	0.17980	0.16497	0.5	13275	2190	12180	56119	4.23
1960-1964	87	0.19717	0.17948	0.5	11085	1990	10091	43938	3.96
1960-1964	88	0.20717	0.18772	0.5	9096	1707	8242	33848	3.72
1960-1964	89	0.24566	0.21879	0.5	7388	1616	6580	25606	3.47
1960-1964	90	0.24670	0.21961	0.5	5772	1268	5138	19026	3.30
1960-1964	91	0.27369	0.24075	0.5	4504	1084	3962	13888	3.08
1960-1964	92	0.29546	0.25743	0.5	3420	880	2980	9925	2.90
1960-1964	93	0.31821	0.27453	0.5	2540	697	2191	6946	2.74
1960-1964	94	0.34186	0.29195	0.5	1842	538	1573	4755	2.58
1960-1964	95	0.36632	0.30961	0.5	1304	404	1103	3181	2.44
1960-1964	96	0.39148	0.32740	0.5	901	295	753	2079	2.31
1960-1964	97	0.41724	0.34522	0.5	606	209	501	1326	2.19
1960-1964	98	0.44346	0.36298	0.5	397	144	325	824	2.08
1960-1964	99	0.47000	0.38057	0.5	253	96	205	500	1.98
1960-1964	100	0.49671	0.39789	0.5	157	62	125	295	1.89
1960-1964	101	0.52344	0.41486	0.5	94	39	75	170	1.80
1960-1964	102	0.55003	0.43139	0.5	55	24	43	95	1.73
1960-1964	103	0.57634	0.44741	0.5	31	14	24	52	1.66
1960-1964	104	0.60223	0.46286	0.5	17	8	13	28	1.59
1960-1964	105	0.62756	0.47767	0.5	9	4	7	14	1.54
1960-1964	106	0.65220	0.49182	0.5	5	2	4	7	1.49
1960-1964	107	0.67606	0.50526	0.5	2	1	2	4	1.44
1960-1964	108	0.69903	0.51799	0.5	1	1	1	2	1.40
1960-1964	109	0.72105	0.52998	0.5	1	0	0	1	1.37
1960-1964	110+	0.74205	1.00000	1.35	0	0	0	0	1.35
1965-1969	0	0.02326	0.02279	0.11	100000	2279	97966	6862699	68.63
1965-1969	1	0.00145	0.00145	0.5	97721	142	97650	6764733	69.23
1965-1969	2	0.00099	0.00099	0.5	97579	97	97531	6667083	68.32
1965-1969	3	0.00066	0.00066	0.5	97482	64	97450	6569552	67.39
1965-1969	4	0.00071	0.00071	0.5	97418	69	97384	6472102	66.44
1965-1969	5	0.00061	0.00060	0.5	97349	59	97320	6374718	65.48
1965-1969	6	0.00046	0.00046	0.5	97291	45	97268	6277398	64.52
1965-1969	7	0.00033	0.00033	0.5	97245	32	97229	6180130	63.55
1965-1969	8	0.00048	0.00048	0.5	97213	47	97190	6082901	62.57
1965-1969	9	0.00051	0.00051	0.5	97166	49	97142	5985711	61.60
1965-1969	10	0.00051	0.00051	0.5	97117	49	97092	5888570	60.63
1965-1969	11	0.00043	0.00043	0.5	97068	41	97047	5791478	59.66
1965-1969	12	0.00050	0.00050	0.5	97026	48	97002	5694431	58.69
1965-1969	13	0.00039	0.00039	0.5	96978	38	96959	5597429	57.72
1965-1969	14	0.00070	0.00070	0.5	96940	68	96906	5500470	56.74
1965-1969	15	0.00114	0.00114	0.5	96871	110	96816	5403564	55.78
1965-1969	16	0.00141	0.00140	0.5	96761	136	96693	5306748	54.84
1965-1969	17	0.00135	0.00135	0.5	96625	131	96560	5210055	53.92
1965-1969	18	0.00195	0.00195	0.5	96495	188	96400	5113495	52.99
1965-1969	19	0.00204	0.00204	0.5	96306	196	96208	5017094	52.10
1965-1969	20	0.00191	0.00191	0.5	96110	184	96018	4920886	51.20
1965-1969	21	0.00211	0.00210	0.5	95926	202	95826	4824868	50.30
1965-1969	22	0.00186	0.00186	0.5	95725	178	95636	4729042	49.40
1965-1969	23	0.00209	0.00209	0.5	95547	200	95447	4633407	48.49
1965-1969	24	0.00208	0.00208	0.5	95347	198	95248	4537959	47.59
1965-1969	25	0.00165	0.00165	0.5	95149	157	95071	4442711	46.69
1965-1969	26	0.00156	0.00156	0.5	94992	148	94918	4347640	45.77
1965-1969	27	0.00168	0.00168	0.5	94844	160	94764	4252722	44.84
1965-1969	28	0.00160	0.00159	0.5	94684	151	94609	4157959	43.91
1965-1969	29	0.00175	0.00175	0.5	94533	165	94450	4063350	42.98
1965-1969	30	0.00185	0.00184	0.5	94368	174	94281	3968900	42.06
1965-1969	31	0.00185	0.00185	0.5	94194	174	94107	3874619	41.13
1965-1969	32	0.00160	0.00159	0.5	94020	150	93945	3780512	40.21
1965-1969	33	0.00183	0.00183	0.5	93870	172	93784	3686567	39.27
1965-1969	34	0.00174	0.00174	0.5	93698	163	93617	3592783	38.34
1965-1969	35	0.00227	0.00227	0.5	93535	212	93429	3499167	37.41
1965-1969	36	0.00238	0.00238	0.5	93323	222	93212	3405737	36.49
1965-1969	37	0.00226	0.00226	0.5	93101	210	92996	3312525	35.58
1965-1969	38	0.00221	0.00221	0.5	92891	205	92788	3219529	34.66
1965-1969	39	0.00254	0.00254	0.5	92685	235	92568	3126741	33.74
1965-1969	40	0.00322	0.00321	0.5	92450	297	92302	3034173	32.82
1965-1969	41	0.00338	0.00338	0.5	92153	311	91997	2941872	31.92
1965-1969	42	0.00353	0.00352	0.5	91842	324	91680	2849874	31.03
1965-1969	43	0.00472	0.00471	0.5	91518	431	91303	2758194	30.14
1965-1969	44	0.00472	0.00471	0.5	91087	429	90873	2666892	29.28
1965-1969	45	0.00466	0.00465	0.5	90658	422	90447	2576019	28.41
1965-1969	46	0.00502	0.00500	0.5	90236	452	90011	2485572	27.55
1965-1969	47	0.00586	0.00585	0.5	89785	525	89522	2395562	26.68
1965-1969	48	0.00655	0.00653	0.5	89260	582	88969	2306039	25.84
1965-1969	49	0.00749	0.00746	0.5	88677	661	88347	2217071	25.00
1965-1969	50	0.00805	0.00802	0.5	88016	706	87663	2128724	24.19
1965-1969	51	0.00856	0.00852	0.5	87310	744	86938	2041061	23.38
1965-1969	52	0.01040	0.01035	0.5	86566	896	86118	1954123	22.57
1965-1969	53	0.01042	0.01037	0.5	85670	888	85226	1868005	21.80
1965-1969	54	0.01246	0.01238	0.5	84782	1049	84258	1782778	21.03
1965-1969	55	0.01283	0.01274	0.5	83733	1067	83199	1698521	20.28
1965-1969	56	0.01496	0.01485	0.5	82666	1227	82052	1615321	19.54
1965-1969	57	0.01529	0.01517	0.5	81438	1236	80820	1533269	18.83
1965-1969	58	0.01720	0.01705	0.5	80203	1367	79519	1452449	18.11
1965-1969	59	0.01911	0.01893	0.5	78835	1493	78089	1372930	17.42
1965-1969	60	0.02048	0.02027	0.5	77343	1568	76559	1294841	16.74
1965-1969	61	0.02300	0.02274	0.5	75774	1723	74913	1218283	16.08
1965-1969	62	0.02430	0.02401	0.5	74051	1778	73162	1143370	15.44
1965-1969	63	0.02574	0.02541	0.5	72273	1836	71355	1070208	14.81
1965-1969	64	0.02880	0.02839	0.5	70437	2000	69437	998853	14.18
1965-1969	65	0.03083	0.03036	0.5	68437	2078	67398	929416	13.58
1965-1969	66	0.03334	0.03279	0.5	66359	2176	65271	862018	12.99
1965-1969	67	0.03742	0.03673	0.5	64183	2358	63004	796747	12.41
1965-1969	68	0.03688	0.03621	0.5	61825	2239	60706	733743	11.87
1965-1969	69	0.04213	0.04127	0.5	59587	2459	58357	673037	11.30
1965-1969	70	0.04577	0.04475	0.5	57128	2556	55850	614680	10.76
1965-1969	71	0.04789	0.04677	0.5	54571	2552	53295	558830	10.24
1965-1969	72	0.05202	0.05070	0.5	52019	2637	50700	505535	9.72
1965-1969	73	0.05524	0.05375	0.5	49382	2654	48055	454835	9.21
1965-1969	74	0.06366	0.06169	0.5	46727	2883	45286	406780	8.71
1965-1969	75	0.06987	0.06751	0.5	43845	2960	42365	361494	8.24
1965-1969	76	0.07453	0.07186	0.5	40884	2938	39416	319129	7.81
1965-1969	77	0.08070	0.07757	0.5	37947	2943	36475	279714	7.37
1965-1969	78	0.08806	0.08435	0.5	35003	2952	33527	243239	6.95
1965-1969	79	0.09823	0.09364	0.5	32051	3001	30550	209712	6.54
1965-1969	80	0.10625	0.10089	0.5	29050	2931	27584	179161	6.17
1965-1969	81	0.11571	0.10938	0.5	26119	2857	24690	151577	5.80
1965-1969	82	0.12631	0.11881	0.5	23262	2764	21880	126887	5.45
1965-1969	83	0.13816	0.12923	0.5	20498	2649	19174	105007	5.12
1965-1969	84	0.15299	0.14211	0.5	17849	2537	16581	85833	4.81
1965-1969	85	0.16512	0.15253	0.5	15313	2336	14145	69252	4.52
1965-1969	86	0.18214	0.16693	0.5	12977	2166	11894	55108	4.25
1965-1969	87	0.20116	0.18278	0.5	10811	1976	9823	43214	4.00
1965-1969	88	0.21314	0.19262	0.5	8835	1702	7984	33391	3.78
1965-1969	89	0.22272	0.20041	0.5	7133	1429	6418	25407	3.56
1965-1969	90	0.25016	0.22235	0.5	5704	1268	5069	18989	3.33
1965-1969	91	0.26919	0.23726	0.5	4435	1052	3909	13920	3.14
1965-1969	92	0.28993	0.25322	0.5	3383	857	2955	10011	2.96
1965-1969	93	0.31158	0.26959	0.5	2526	681	2186	7056	2.79
1965-1969	94	0.33410	0.28627	0.5	1845	528	1581	4870	2.64
1965-1969	95	0.35739	0.30321	0.5	1317	399	1117	3289	2.50
1965-1969	96	0.38138	0.32030	0.5	918	294	771	2172	2.37
1965-1969	97	0.40596	0.33746	0.5	624	210	519	1401	2.25
1965-1969	98	0.43102	0.35460	0.5	413	147	340	882	2.13
1965-1969	99	0.45644	0.37163	0.5	267	99	217	542	2.03
1965-1969	100	0.48209	0.38845	0.5	168	65	135	325	1.94
1965-1969	101	0.50783	0.40500	0.5	102	42	82	190	1.85
1965-1969	102	0.53353	0.42118	0.5	61	26	48	108	1.78
1965-1969	103	0.55906	0.43693	0.5	35	15	28	60	1.70
1965-1969	104	0.58428	0.45218	0.5	20	9	15	33	1.64
1965-1969	105	0.60906	0.46688	0.5	11	5	8	17	1.58
1965-1969	106	0.63329	0.48099	0.5	6	3	4	9	1.53
1965-1969	107	0.65687	0.49447	0.5	3	1	2	4	1.48
1965-1969	108	0.67970	0.50729	0.5	2	1	1	2	1.44
1965-1969	109	0.70170	0.51945	0.5	1	0	1	1	1.41
1965-1969	110+	0.72280	1.00000	1.38	0	0	0	0	1.38
1970-1974	0	0.01954	0.01920	0.1	100000	1920	98267	6925214	69.25
1970-1974	1	0.00133	0.00132	0.5	98080	130	98015	6826947	69.61
1970-1974	2	0.00082	0.00082	0.5	97950	80	97910	6728932	68.70
1970-1974	3	0.00055	0.00055	0.5	97870	54	97843	6631022	67.75
1970-1974	4	0.00053	0.00053	0.5	97816	52	97790	6533179	66.79
1970-1974	5	0.00044	0.00044	0.5	97764	43	97743	6435388	65.83
1970-1974	6	0.00051	0.00051	0.5	97722	50	97697	6337646	64.85
1970-1974	7	0.00040	0.00040	0.5	97672	39	97652	6239949	63.89
1970-1974	8	0.00030	0.00030	0.5	97633	29	97618	6142296	62.91
1970-1974	9	0.00044	0.00044	0.5	97604	43	97582	6044678	61.93
1970-1974	10	0.00035	0.00035	0.5	97561	34	97544	5947096	60.96
1970-1974	11	0.00037	0.00037	0.5	97527	36	97509	5849552	59.98
1970-1974	12	0.00048	0.00048	0.5	97491	46	97468	5752044	59.00
1970-1974	13	0.00044	0.00044	0.5	97444	43	97423	5654576	58.03
1970-1974	14	0.00066	0.00066	0.5	97401	64	97369	5557153	57.05
1970-1974	15	0.00090	0.00090	0.5	97337	87	97293	5459784	56.09
1970-1974	16	0.00154	0.00153	0.5	97250	149	97175	5362491	55.14
1970-1974	17	0.00140	0.00140	0.5	97100	136	97032	5265316	54.23
1970-1974	18	0.00197	0.00197	0.5	96964	191	96869	5168284	53.30
1970-1974	19	0.00221	0.00221	0.5	96774	214	96667	5071414	52.40
1970-1974	20	0.00208	0.00208	0.5	96560	201	96459	4974748	51.52
1970-1974	21	0.00201	0.00201	0.5	96359	194	96262	4878288	50.63
1970-1974	22	0.00171	0.00170	0.5	96165	164	96083	4782026	49.73
1970-1974	23	0.00166	0.00166	0.5	96001	159	95922	4685943	48.81
1970-1974	24	0.00171	0.00170	0.5	95842	163	95761	4590021	47.89
1970-1974	25	0.00168	0.00168	0.5	95679	161	95598	4494260	46.97
1970-1974	26	0.00161	0.00161	0.5	95518	153	95441	4398662	46.05
1970-1974	27	0.00195	0.00195	0.5	95365	186	95272	4303221	45.12
1970-1974	28	0.00157	0.00157	0.5	95179	149	95104	4207949	44.21
1970-1974	29	0.00175	0.00175	0.5	95030	166	94947	4112845	43.28
1970-1974	30	0.00182	0.00182	0.5	94864	173	94778	4017898	42.35
1970-1974	31	0.00193	0.00193	0.5	94691	183	94600	3923120	41.43
1970-1974	32	0.00201	0.00201	0.5	94509	190	94414	3828520	40.51
1970-1974	33	0.00176	0.00176	0.5	94319	166	94236	3734106	39.59
1970-1974	34	0.00166	0.00166	0.5	94152	156	94074	3639871	38.66
1970-1974	35	0.00212	0.00212	0.5	93996	199	93897	3545796	37.72
1970-1974	36	0.00209	0.00209	0.5	93797	196	93699	3451900	36.80
1970-1974	37	0.00251	0.00251	0.5	93601	235	93484	3358201	35.88
1970-1974	38	0.00284	0.00284	0.5	93366	265	93234	3264717	34.97
1970-1974	39	0.00271	0.00271	0.5	93101	252	92975	3171484	34.06
1970-1974	40	0.00243	0.00242	0.5	92849	225	92737	3078508	33.16
1970-1974	41	0.00340	0.00340	0.5	92624	315	92467	2985772	32.24
1970-1974	42	0.00364	0.00363	0.5	92309	335	92142	2893305	31.34
1970-1974	43	0.00344	0.00343	0.5	91974	315	91816	2801163	30.46
1970-1974	44	0.00463	0.00462	0.5	91659	423	91447	2709347	29.56
1970-1974	45	0.00493	0.00492	0.5	91235	449	91011	2617900	28.69
1970-1974	46	0.00509	0.00508	0.5	90787	461	90556	2526889	27.83
1970-1974	47	0.00612	0.00611	0.5	90325	551	90050	2436333	26.97
1970-1974	48	0.00680	0.00678	0.5	89774	609	89470	2346283	26.14
1970-1974	49	0.00740	0.00737	0.5	89165	657	88837	2256814	25.31
1970-1974	50	0.00804	0.00801	0.5	88508	709	88153	2167977	24.49
1970-1974	51	0.00914	0.00910	0.5	87799	799	87399	2079824	23.69
1970-1974	52	0.00990	0.00986	0.5	87000	857	86571	1992425	22.90
1970-1974	53	0.00988	0.00983	0.5	86143	847	85719	1905853	22.12
1970-1974	54	0.01114	0.01108	0.5	85296	945	84823	1820134	21.34
1970-1974	55	0.01302	0.01293	0.5	84350	1091	83805	1735311	20.57
1970-1974	56	0.01304	0.01296	0.5	83259	1079	82720	1651506	19.84
1970-1974	57	0.01380	0.01370	0.5	82181	1126	81618	1568786	19.09
1970-1974	58	0.01618	0.01605	0.5	81055	1301	80404	1487168	18.35
1970-1974	59	0.01874	0.01857	0.5	79753	1481	79013	1406764	17.64
1970-1974	60	0.01982	0.01962	0.5	78272	1536	77505	1327751	16.96
1970-1974	61	0.02187	0.02163	0.5	76737	1660	75907	1250247	16.29
1970-1974	62	0.02255	0.02230	0.5	75077	1674	74240	1174340	15.64
1970-1974	63	0.02586	0.02553	0.5	73403	1874	72466	1100100	14.99
1970-1974	64	0.02793	0.02754	0.5	71529	1970	70544	1027635	14.37
1970-1974	65	0.03014	0.02970	0.5	69559	2066	68526	957091	13.76
1970-1974	66	0.03302	0.03248	0.5	67493	2192	66397	888565	13.17
1970-1974	67	0.03550	0.03488	0.5	65301	2278	64162	822168	12.59
1970-1974	68	0.03732	0.03663	0.5	63023	2309	61869	758006	12.03
1970-1974	69	0.04180	0.04095	0.5	60714	2486	59471	696137	11.47
1970-1974	70	0.04247	0.04158	0.5	58228	2421	57018	636666	10.93
1970-1974	71	0.04851	0.04736	0.5	55807	2643	54485	579648	10.39
1970-1974	72	0.05483	0.05337	0.5	53164	2837	51745	525163	9.88
1970-1974	73	0.05451	0.05306	0.5	50326	2670	48991	473418	9.41
1970-1974	74	0.06310	0.06117	0.5	47656	2915	46198	424427	8.91
1970-1974	75	0.06677	0.06462	0.5	44741	2891	43295	378228	8.45
1970-1974	76	0.07538	0.07264	0.5	41850	3040	40330	334933	8.00
1970-1974	77	0.08081	0.07767	0.5	38810	3014	37303	294603	7.59
1970-1974	78	0.08586	0.08232	0.5	35795	2947	34322	257300	7.19
1970-1974	79	0.09497	0.09067	0.5	32849	2978	31360	222978	6.79
1970-1974	80	0.10268	0.09766	0.5	29870	2917	28412	191619	6.42
1970-1974	81	0.11250	0.10651	0.5	26953	2871	25518	163207	6.06
1970-1974	82	0.11822	0.11162	0.5	24082	2688	22738	137689	5.72
1970-1974	83	0.12573	0.11829	0.5	21394	2531	20129	114951	5.37
1970-1974	84	0.14794	0.13775	0.5	18863	2598	17564	94822	5.03
1970-1974	85	0.15156	0.14089	0.5	16265	2292	15119	77258	4.75
1970-1974	86	0.17776	0.16325	0.5	13974	2281	12833	62139	4.45
1970-1974	87	0.18661	0.17068	0.5	11692	1996	10694	49306	4.22
1970-1974	88	0.19917	0.18113	0.5	9697	1756	8818	38611	3.98
1970-1974	89	0.22251	0.20023	0.5	7940	1590	7145	29793	3.75
1970-1974	90	0.24106	0.21513	0.5	6350	1366	5667	22648	3.57
1970-1974	91	0.22456	0.20189	0.5	4984	1006	4481	16980	3.41
1970-1974	92	0.27041	0.23821	0.5	3978	948	3504	12499	3.14
1970-1974	93	0.29040	0.25358	0.5	3030	768	2646	8995	2.97
1970-1974	94	0.31123	0.26932	0.5	2262	609	1957	6349	2.81
1970-1974	95	0.33285	0.28536	0.5	1653	472	1417	4392	2.66
1970-1974	96	0.35521	0.30163	0.5	1181	356	1003	2975	2.52
1970-1974	97	0.37821	0.31806	0.5	825	262	694	1972	2.39
1970-1974	98	0.40177	0.33456	0.5	562	188	468	1278	2.27
1970-1974	99	0.42580	0.35106	0.5	374	131	309	810	2.16
1970-1974	100	0.45018	0.36747	0.5	243	89	198	501	2.06
1970-1974	101	0.47480	0.38371	0.5	154	59	124	303	1.97
1970-1974	102	0.49955	0.39971	0.5	95	38	76	178	1.88
1970-1974	103	0.52430	0.41540	0.5	57	24	45	103	1.81
1970-1974	104	0.54893	0.43071	0.5	33	14	26	58	1.74
1970-1974	105	0.57332	0.44559	0.5	19	8	15	32	1.67
1970-1974	106	0.59736	0.45998	0.5	10	5	8	17	1.61
1970-1974	107	0.62095	0.47383	0.5	6	3	4	9	1.56
1970-1974	108	0.64397	0.48712	0.5	3	1	2	5	1.51
1970-1974	109	0.66635	0.49982	0.5	2	1	1	2	1.48
1970-1974	110+	0.68800	1.00000	1.45	1	1	1	1	1.45
1975-1979	0	0.01456	0.01437	0.08	100000	1437	98684	7086826	70.87
1975-1979	1	0.00123	0.00123	0.5	98563	121	98503	6988143	70.90
1975-1979	2	0.00074	0.00074	0.5	98442	73	98406	6889640	69.99
1975-1979	3	0.00051	0.00051	0.5	98369	50	98344	6791234	69.04
1975-1979	4	0.00063	0.00063	0.5	98319	62	98289	6692890	68.07
1975-1979	5	0.00050	0.00050	0.5	98258	49	98233	6594601	67.12
1975-1979	6	0.00031	0.00031	0.5	98209	31	98193	6496368	66.15
1975-1979	7	0.00038	0.00038	0.5	98178	37	98159	6398175	65.17
1975-1979	8	0.00040	0.00040	0.5	98141	39	98121	6300016	64.19
1975-1979	9	0.00040	0.00040	0.5	98101	39	98082	6201895	63.22
1975-1979	10	0.00031	0.00031	0.5	98062	30	98047	6103813	62.24
1975-1979	11	0.00036	0.00036	0.5	98032	35	98014	6005766	61.26
1975-1979	12	0.00043	0.00043	0.5	97997	42	97976	5907751	60.29
1975-1979	13	0.00054	0.00054	0.5	97955	53	97928	5809776	59.31
1975-1979	14	0.00044	0.00044	0.5	97902	43	97880	5711847	58.34
1975-1979	15	0.00099	0.00099	0.5	97859	97	97811	5613967	57.37
1975-1979	16	0.00099	0.00099	0.5	97762	97	97714	5516156	56.42
1975-1979	17	0.00152	0.00152	0.5	97665	149	97591	5418442	55.48
1975-1979	18	0.00169	0.00169	0.5	97517	165	97434	5320851	54.56
1975-1979	19	0.00206	0.00206	0.5	97352	201	97251	5223417	53.66
1975-1979	20	0.00212	0.00212	0.5	97151	206	97048	5126166	52.76
1975-1979	21	0.00213	0.00213	0.5	96945	206	96842	5029118	51.88
1975-1979	22	0.00180	0.00179	0.5	96739	174	96652	4932276	50.99
1975-1979	23	0.00212	0.00212	0.5	96565	205	96463	4835624	50.08
1975-1979	24	0.00157	0.00156	0.5	96361	151	96285	4739161	49.18
1975-1979	25	0.00175	0.00175	0.5	96210	168	96126	4642876	48.26
1975-1979	26	0.00167	0.00167	0.5	96042	160	95962	4546750	47.34
1975-1979	27	0.00166	0.00165	0.5	95882	159	95802	4450788	46.42
1975-1979	28	0.00140	0.00140	0.5	95723	134	95656	4354985	45.50
1975-1979	29	0.00151	0.00151	0.5	95589	144	95517	4259329	44.56
1975-1979	30	0.00153	0.00153	0.5	95445	146	95372	4163813	43.63
1975-1979	31	0.00152	0.00152	0.5	95298	145	95226	4068441	42.69
1975-1979	32	0.00157	0.00157	0.5	95154	149	95079	3973215	41.76
1975-1979	33	0.00148	0.00147	0.5	95004	140	94934	3878136	40.82
1975-1979	34	0.00158	0.00157	0.5	94864	149	94790	3783202	39.88
1975-1979	35	0.00184	0.00184	0.5	94715	174	94628	3688412	38.94
1975-1979	36	0.00194	0.00193	0.5	94541	183	94449	3593785	38.01
1975-1979	37	0.00184	0.00184	0.5	94358	174	94271	3499335	37.09
1975-1979	38	0.00253	0.00252	0.5	94184	238	94066	3405064	36.15
1975-1979	39	0.00247	0.00247	0.5	93947	232	93831	3310998	35.24
1975-1979	40	0.00274	0.00274	0.5	93715	257	93587	3217168	34.33
1975-1979	41	0.00306	0.00306	0.5	93458	286	93315	3123581	33.42
1975-1979	42	0.00349	0.00348	0.5	93172	324	93010	3030266	32.52
1975-1979	43	0.00365	0.00364	0.5	92848	338	92679	2937255	31.64
1975-1979	44	0.00364	0.00363	0.5	92510	336	92342	2844576	30.75
1975-1979	45	0.00394	0.00393	0.5	92174	362	91993	2752235	29.86
1975-1979	46	0.00429	0.00428	0.5	91811	393	91615	2660242	28.98
1975-1979	47	0.00530	0.00528	0.5	91419	483	91177	2568627	28.10
1975-1979	48	0.00548	0.00547	0.5	90936	497	90687	2477450	27.24
1975-1979	49	0.00625	0.00623	0.5	90438	563	90157	2386763	26.39
1975-1979	50	0.00741	0.00738	0.5	89875	663	89543	2296607	25.55
1975-1979	51	0.00728	0.00726	0.5	89212	647	88888	2207063	24.74
1975-1979	52	0.00800	0.00797	0.5	88564	706	88212	2118175	23.92
1975-1979	53	0.00847	0.00843	0.5	87859	741	87488	2029964	23.10
1975-1979	54	0.00948	0.00944	0.5	87118	822	86707	1942475	22.30
1975-1979	55	0.01123	0.01116	0.5	86296	963	85814	1855768	21.50
1975-1979	56	0.01135	0.01129	0.5	85333	963	84851	1769954	20.74
1975-1979	57	0.01295	0.01287	0.5	84369	1085	83826	1685103	19.97
1975-1979	58	0.01519	0.01508	0.5	83284	1256	82656	1601277	19.23
1975-1979	59	0.01550	0.01538	0.5	82028	1262	81397	1518621	18.51
1975-1979	60	0.01625	0.01612	0.5	80766	1302	80115	1437224	17.79
1975-1979	61	0.01878	0.01861	0.5	79464	1479	78725	1357109	17.08
1975-1979	62	0.02177	0.02153	0.5	77986	1679	77146	1278383	16.39
1975-1979	63	0.02372	0.02345	0.5	76306	1789	75412	1201237	15.74
1975-1979	64	0.02410	0.02381	0.5	74517	1775	73630	1125825	15.11
1975-1979	65	0.02637	0.02603	0.5	72743	1893	71796	1052195	14.46
1975-1979	66	0.02831	0.02792	0.5	70850	1978	69861	980399	13.84
1975-1979	67	0.03132	0.03084	0.5	68872	2124	67810	910538	13.22
1975-1979	68	0.03463	0.03404	0.5	66748	2272	65612	842729	12.63
1975-1979	69	0.03717	0.03649	0.5	64476	2353	63300	777117	12.05
1975-1979	70	0.03905	0.03830	0.5	62123	2379	60933	713817	11.49
1975-1979	71	0.04618	0.04514	0.5	59744	2697	58395	652884	10.93
1975-1979	72	0.04870	0.04755	0.5	57047	2712	55691	594489	10.42
1975-1979	73	0.05272	0.05136	0.5	54335	2791	52939	538798	9.92
1975-1979	74	0.05622	0.05469	0.5	51544	2819	50134	485859	9.43
1975-1979	75	0.06682	0.06466	0.5	48725	3151	47150	435725	8.94
1975-1979	76	0.06790	0.06567	0.5	45574	2993	44078	388575	8.53
1975-1979	77	0.07290	0.07034	0.5	42581	2995	41084	344497	8.09
1975-1979	78	0.07722	0.07435	0.5	39586	2943	38115	303413	7.66
1975-1979	79	0.08468	0.08124	0.5	36643	2977	35155	265298	7.24
1975-1979	80	0.09361	0.08942	0.5	33666	3010	32161	230144	6.84
1975-1979	81	0.10008	0.09531	0.5	30656	2922	29195	197982	6.46
1975-1979	82	0.11341	0.10733	0.5	27734	2977	26246	168787	6.09
1975-1979	83	0.12250	0.11543	0.5	24757	2858	23329	142542	5.76
1975-1979	84	0.13237	0.12415	0.5	21900	2719	20540	119213	5.44
1975-1979	85	0.13389	0.12549	0.5	19181	2407	17977	98673	5.14
1975-1979	86	0.14984	0.13940	0.5	16774	2338	15605	80695	4.81
1975-1979	87	0.17038	0.15701	0.5	14436	2266	13302	65091	4.51
1975-1979	88	0.17071	0.15729	0.5	12169	1914	11212	51788	4.26
1975-1979	89	0.18530	0.16959	0.5	10255	1739	9385	40576	3.96
1975-1979	90	0.23230	0.20813	0.5	8516	1772	7630	31191	3.66
1975-1979	91	0.23511	0.21038	0.5	6743	1419	6034	23561	3.49
1975-1979	92	0.25388	0.22528	0.5	5325	1200	4725	17527	3.29
1975-1979	93	0.27361	0.24068	0.5	4125	993	3629	12802	3.10
1975-1979	94	0.29427	0.25652	0.5	3132	804	2731	9173	2.93
1975-1979	95	0.31581	0.27274	0.5	2329	635	2011	6443	2.77
1975-1979	96	0.33817	0.28926	0.5	1694	490	1449	4432	2.62
1975-1979	97	0.36127	0.30600	0.5	1204	368	1020	2983	2.48
1975-1979	98	0.38504	0.32288	0.5	835	270	701	1963	2.35
1975-1979	99	0.40937	0.33982	0.5	566	192	470	1263	2.23
1975-1979	100	0.43415	0.35672	0.5	373	133	307	793	2.12
1975-1979	101	0.45927	0.37350	0.5	240	90	195	486	2.02
1975-1979	102	0.48459	0.39008	0.5	151	59	121	291	1.93
1975-1979	103	0.51000	0.40637	0.5	92	37	73	170	1.85
1975-1979	104	0.53535	0.42231	0.5	54	23	43	97	1.77
1975-1979	105	0.56052	0.43782	0.5	31	14	25	54	1.70
1975-1979	106	0.58538	0.45284	0.5	18	8	14	29	1.64
1975-1979	107	0.60982	0.46733	0.5	10	5	7	15	1.58
1975-1979	108	0.63371	0.48123	0.5	5	2	4	8	1.54
1975-1979	109	0.65697	0.49453	0.5	3	1	2	4	1.50
1975-1979	110+	0.67950	1.00000	1.47	1	1	2	2	1.47
1980-1984	0	0.01186	0.01173	0.08	100000	1173	98917	7196157	71.96
1980-1984	1	0.00117	0.00117	0.5	98827	115	98770	7097240	71.81
1980-1984	2	0.00072	0.00072	0.5	98712	71	98676	6998470	70.90
1980-1984	3	0.00032	0.00032	0.5	98641	32	98625	6899794	69.95
1980-1984	4	0.00040	0.00040	0.5	98609	39	98589	6801169	68.97
1980-1984	5	0.00035	0.00035	0.5	98570	35	98552	6702580	68.00
1980-1984	6	0.00035	0.00035	0.5	98535	35	98517	6604028	67.02
1980-1984	7	0.00027	0.00027	0.5	98500	27	98486	6505511	66.05
1980-1984	8	0.00021	0.00021	0.5	98473	21	98462	6407025	65.06
1980-1984	9	0.00021	0.00021	0.5	98452	20	98441	6308562	64.08
1980-1984	10	0.00036	0.00036	0.5	98431	35	98414	6210121	63.09
1980-1984	11	0.00034	0.00034	0.5	98396	33	98379	6111707	62.11
1980-1984	12	0.00042	0.00042	0.5	98363	41	98342	6013328	61.13
1980-1984	13	0.00044	0.00044	0.5	98322	43	98300	5914986	60.16
1980-1984	14	0.00049	0.00049	0.5	98279	48	98255	5816685	59.19
1980-1984	15	0.00061	0.00061	0.5	98231	60	98201	5718430	58.21
1980-1984	16	0.00090	0.00090	0.5	98171	89	98127	5620229	57.25
1980-1984	17	0.00118	0.00118	0.5	98083	116	98025	5522102	56.30
1980-1984	18	0.00182	0.00182	0.5	97967	178	97878	5424077	55.37
1980-1984	19	0.00185	0.00184	0.5	97789	180	97699	5326199	54.47
1980-1984	20	0.00183	0.00183	0.5	97609	178	97519	5228500	53.57
1980-1984	21	0.00166	0.00166	0.5	97430	162	97349	5130981	52.66
1980-1984	22	0.00164	0.00164	0.5	97268	160	97188	5033632	51.75
1980-1984	23	0.00184	0.00184	0.5	97108	179	97019	4936444	50.83
1980-1984	24	0.00146	0.00146	0.5	96929	141	96859	4839425	49.93
1980-1984	25	0.00161	0.00161	0.5	96788	155	96710	4742566	49.00
1980-1984	26	0.00131	0.00131	0.5	96633	127	96569	4645856	48.08
1980-1984	27	0.00169	0.00169	0.5	96506	163	96424	4549287	47.14
1980-1984	28	0.00157	0.00157	0.5	96343	151	96267	4452862	46.22
1980-1984	29	0.00147	0.00147	0.5	96192	141	96121	4356595	45.29
1980-1984	30	0.00156	0.00156	0.5	96050	150	95975	4260474	44.36
1980-1984	31	0.00164	0.00164	0.5	95900	157	95822	4164499	43.43
1980-1984	32	0.00156	0.00156	0.5	95743	149	95668	4068677	42.50
1980-1984	33	0.00153	0.00153	0.5	95594	146	95521	3973009	41.56
1980-1984	34	0.00139	0.00139	0.5	95448	132	95382	3877488	40.62
1980-1984	35	0.00159	0.00159	0.5	95316	152	95240	3782106	39.68
1980-1984	36	0.00204	0.00204	0.5	95164	194	95067	3686866	38.74
1980-1984	37	0.00198	0.00198	0.5	94970	188	94876	3591799	37.82
1980-1984	38	0.00199	0.00199	0.5	94782	189	94688	3496923	36.89
1980-1984	39	0.00197	0.00197	0.5	94593	186	94500	3402235	35.97
1980-1984	40	0.00246	0.00246	0.5	94407	232	94291	3307735	35.04
1980-1984	41	0.00282	0.00282	0.5	94175	265	94043	3213443	34.12
1980-1984	42	0.00252	0.00251	0.5	93910	236	93792	3119401	33.22
1980-1984	43	0.00279	0.00279	0.5	93674	261	93543	3025609	32.30
1980-1984	44	0.00325	0.00325	0.5	93413	303	93261	2932066	31.39
1980-1984	45	0.00342	0.00341	0.5	93109	318	92950	2838805	30.49
1980-1984	46	0.00389	0.00388	0.5	92792	360	92611	2745854	29.59
1980-1984	47	0.00440	0.00439	0.5	92431	406	92228	2653243	28.71
1980-1984	48	0.00511	0.00509	0.5	92026	469	91791	2561014	27.83
1980-1984	49	0.00532	0.00531	0.5	91557	486	91314	2469223	26.97
1980-1984	50	0.00557	0.00556	0.5	91071	506	90818	2377909	26.11
1980-1984	51	0.00640	0.00638	0.5	90565	577	90276	2287092	25.25
1980-1984	52	0.00738	0.00735	0.5	89987	662	89656	2196816	24.41
1980-1984	53	0.00848	0.00844	0.5	89325	754	88949	2107159	23.59
1980-1984	54	0.00937	0.00932	0.5	88572	826	88159	2018211	22.79
1980-1984	55	0.01021	0.01016	0.5	87746	891	87300	1930052	22.00
1980-1984	56	0.01107	0.01101	0.5	86854	956	86376	1842752	21.22
1980-1984	57	0.01232	0.01225	0.5	85898	1052	85372	1756376	20.45
1980-1984	58	0.01346	0.01337	0.5	84847	1135	84279	1671003	19.69
1980-1984	59	0.01417	0.01407	0.5	83712	1178	83123	1586724	18.95
1980-1984	60	0.01489	0.01478	0.5	82534	1220	81924	1503601	18.22
1980-1984	61	0.01662	0.01649	0.5	81314	1341	80644	1421677	17.48
1980-1984	62	0.01962	0.01943	0.5	79974	1554	79197	1341033	16.77
1980-1984	63	0.02052	0.02031	0.5	78420	1593	77623	1261836	16.09
1980-1984	64	0.02279	0.02253	0.5	76827	1731	75961	1184213	15.41
1980-1984	65	0.02507	0.02476	0.5	75096	1860	74166	1108251	14.76
1980-1984	66	0.02660	0.02625	0.5	73236	1922	72275	1034085	14.12
1980-1984	67	0.02897	0.02855	0.5	71314	2036	70296	961810	13.49
1980-1984	68	0.03280	0.03227	0.5	69278	2236	68160	891515	12.87
1980-1984	69	0.03606	0.03542	0.5	67042	2375	65854	823355	12.28
1980-1984	70	0.03921	0.03845	0.5	64667	2487	63423	757501	11.71
1980-1984	71	0.04119	0.04036	0.5	62180	2509	60925	694078	11.16
1980-1984	72	0.04682	0.04575	0.5	59671	2730	58306	633152	10.61
1980-1984	73	0.05061	0.04936	0.5	56941	2811	55535	574847	10.10
1980-1984	74	0.05401	0.05259	0.5	54130	2847	52706	519311	9.59
1980-1984	75	0.06057	0.05879	0.5	51283	3015	49775	466605	9.10
1980-1984	76	0.06395	0.06197	0.5	48268	2991	46772	416830	8.64
1980-1984	77	0.07071	0.06830	0.5	45277	3092	43731	370058	8.17
1980-1984	78	0.07497	0.07226	0.5	42184	3048	40660	326327	7.74
1980-1984	79	0.08517	0.08169	0.5	39136	3197	37538	285667	7.30
1980-1984	80	0.08978	0.08592	0.5	35939	3088	34395	248129	6.90
1980-1984	81	0.09977	0.09503	0.5	32851	3122	31290	213734	6.51
1980-1984	82	0.11142	0.10554	0.5	29730	3138	28161	182443	6.14
1980-1984	83	0.11843	0.11181	0.5	26592	2973	25105	154283	5.80
1980-1984	84	0.13026	0.12230	0.5	23618	2889	22174	129178	5.47
1980-1984	85	0.14086	0.13159	0.5	20730	2728	19366	107003	5.16
1980-1984	86	0.14623	0.13627	0.5	18002	2453	16775	87637	4.87
1980-1984	87	0.16335	0.15102	0.5	15549	2348	14375	70862	4.56
1980-1984	88	0.17816	0.16359	0.5	13201	2160	12121	56487	4.28
1980-1984	89	0.19881	0.18083	0.5	11041	1997	10043	44366	4.02
1980-1984	90	0.21734	0.19603	0.5	9045	1773	8158	34323	3.79
1980-1984	91	0.22439	0.20175	0.5	7272	1467	6538	26165	3.60
1980-1984	92	0.24636	0.21934	0.5	5805	1273	5168	19627	3.38
1980-1984	93	0.26521	0.23416	0.5	4531	1061	4001	14459	3.19
1980-1984	94	0.28496	0.24942	0.5	3470	866	3037	10458	3.01
1980-1984	95	0.30557	0.26507	0.5	2605	690	2259	7421	2.85
1980-1984	96	0.32698	0.28103	0.5	1914	538	1645	5161	2.70
1980-1984	97	0.34914	0.29725	0.5	1376	409	1172	3516	2.55
1980-1984	98	0.37197	0.31364	0.5	967	303	816	2344	2.42
1980-1984	99	0.39539	0.33013	0.5	664	219	554	1529	2.30
1980-1984	100	0.41930	0.34663	0.5	445	154	368	974	2.19
1980-1984	101	0.44359	0.36307	0.5	291	105	238	607	2.09
1980-1984	102	0.46816	0.37936	0.5	185	70	150	369	1.99
1980-1984	103	0.49288	0.39543	0.5	115	45	92	219	1.91
1980-1984	104	0.51764	0.41121	0.5	69	29	55	127	1.83
1980-1984	105	0.54231	0.42663	0.5	41	17	32	72	1.76
1980-1984	106	0.56677	0.44162	0.5	23	10	18	40	1.69
1980-1984	107	0.59092	0.45614	0.5	13	6	10	21	1.63
1980-1984	108	0.61463	0.47015	0.5	7	3	5	11	1.58
1980-1984	109	0.63781	0.48359	0.5	4	2	3	6	1.54
1980-1984	110+	0.66037	1.00000	1.51	2	2	3	3	1.51
1985-1989	0	0.01013	0.01004	0.07	100000	1004	99069	7298126	72.98
1985-1989	1	0.00077	0.00077	0.5	98996	77	98958	7199058	72.72
1985-1989	2	0.00052	0.00052	0.5	98920	52	98894	7100100	71.78
1985-1989	3	0.00054	0.00054	0.5	98868	54	98841	7001206	70.81
1985-1989	4	0.00040	0.00040	0.5	98814	39	98795	6902365	69.85
1985-1989	5	0.00034	0.00034	0.5	98775	34	98758	6803570	68.88
1985-1989	6	0.00021	0.00021	0.5	98741	21	98731	6704812	67.90
1985-1989	7	0.00023	0.00023	0.5	98720	22	98709	6606082	66.92
1985-1989	8	0.00024	0.00024	0.5	98698	24	98686	6507373	65.93
1985-1989	9	0.00027	0.00027	0.5	98674	26	98661	6408687	64.95
1985-1989	10	0.00033	0.00033	0.5	98648	32	98632	6310026	63.97
1985-1989	11	0.00033	0.00033	0.5	98616	33	98599	6211394	62.99
1985-1989	12	0.00032	0.00032	0.5	98583	32	98567	6112795	62.01
1985-1989	13	0.00039	0.00039	0.5	98551	39	98532	6014228	61.03
1985-1989	14	0.00050	0.00050	0.5	98513	49	98488	5915695	60.05
1985-1989	15	0.00076	0.00076	0.5	98464	75	98426	5817207	59.08
1985-1989	16	0.00103	0.00103	0.5	98389	101	98338	5718781	58.12
1985-1989	17	0.00114	0.00113	0.5	98287	111	98232	5620443	57.18
1985-1989	18	0.00139	0.00139	0.5	98176	137	98107	5522212	56.25
1985-1989	19	0.00156	0.00156	0.5	98039	153	97963	5424104	55.33
1985-1989	20	0.00146	0.00146	0.5	97886	143	97815	5326141	54.41
1985-1989	21	0.00138	0.00138	0.5	97743	135	97676	5228327	53.49
1985-1989	22	0.00146	0.00146	0.5	97609	143	97537	5130651	52.56
1985-1989	23	0.00148	0.00148	0.5	97466	144	97394	5033113	51.64
1985-1989	24	0.00122	0.00122	0.5	97321	119	97262	4935720	50.72
1985-1989	25	0.00136	0.00136	0.5	97203	132	97137	4838457	49.78
1985-1989	26	0.00140	0.00140	0.5	97071	136	97002	4741321	48.84
1985-1989	27	0.00144	0.00144	0.5	96934	139	96865	4644318	47.91
1985-1989	28	0.00146	0.00146	0.5	96795	141	96725	4547453	46.98
1985-1989	29	0.00136	0.00136	0.5	96654	131	96588	4450729	46.05
1985-1989	30	0.00143	0.00143	0.5	96523	138	96454	4354141	45.11
1985-1989	31	0.00157	0.00157	0.5	96385	151	96309	4257687	44.17
1985-1989	32	0.00156	0.00156	0.5	96234	150	96159	4161378	43.24
1985-1989	33	0.00153	0.00153	0.5	96084	147	96010	4065219	42.31
1985-1989	34	0.00166	0.00166	0.5	95937	159	95857	3969209	41.37
1985-1989	35	0.00147	0.00147	0.5	95777	140	95707	3873351	40.44
1985-1989	36	0.00163	0.00163	0.5	95637	155	95559	3777644	39.50
1985-1989	37	0.00178	0.00178	0.5	95482	170	95396	3682085	38.56
1985-1989	38	0.00199	0.00199	0.5	95311	190	95216	3586689	37.63
1985-1989	39	0.00189	0.00189	0.5	95122	179	95032	3491472	36.71
1985-1989	40	0.00208	0.00208	0.5	94942	197	94844	3396440	35.77
1985-1989	41	0.00204	0.00204	0.5	94745	193	94648	3301597	34.85
1985-1989	42	0.00244	0.00244	0.5	94552	231	94436	3206948	33.92
1985-1989	43	0.00252	0.00252	0.5	94321	238	94202	3112512	33.00
1985-1989	44	0.00276	0.00275	0.5	94083	259	93954	3018310	32.08
1985-1989	45	0.00349	0.00349	0.5	93824	327	93661	2924356	31.17
1985-1989	46	0.00380	0.00379	0.5	93497	354	93320	2830695	30.28
1985-1989	47	0.00370	0.00369	0.5	93143	344	92971	2737375	29.39
1985-1989	48	0.00480	0.00479	0.5	92799	444	92577	2644404	28.50
1985-1989	49	0.00447	0.00446	0.5	92355	412	92149	2551827	27.63
1985-1989	50	0.00579	0.00577	0.5	91943	531	91678	2459678	26.75
1985-1989	51	0.00594	0.00592	0.5	91412	541	91142	2368000	25.90
1985-1989	52	0.00694	0.00692	0.5	90871	629	90557	2276858	25.06
1985-1989	53	0.00735	0.00732	0.5	90243	661	89912	2186301	24.23
1985-1989	54	0.00863	0.00859	0.5	89582	770	89197	2096388	23.40
1985-1989	55	0.00906	0.00902	0.5	88812	801	88412	2007191	22.60
1985-1989	56	0.01008	0.01003	0.5	88011	882	87570	1918780	21.80
1985-1989	57	0.01075	0.01069	0.5	87129	932	86663	1831210	21.02
1985-1989	58	0.01189	0.01182	0.5	86197	1019	85688	1744547	20.24
1985-1989	59	0.01320	0.01311	0.5	85178	1117	84620	1658859	19.48
1985-1989	60	0.01448	0.01438	0.5	84062	1209	83458	1574239	18.73
1985-1989	61	0.01640	0.01627	0.5	82853	1348	82179	1490781	17.99
1985-1989	62	0.01814	0.01798	0.5	81505	1465	80773	1408602	17.28
1985-1989	63	0.01963	0.01944	0.5	80040	1556	79262	1327829	16.59
1985-1989	64	0.02037	0.02017	0.5	78484	1583	77693	1248567	15.91
1985-1989	65	0.02444	0.02414	0.5	76902	1857	75973	1170874	15.23
1985-1989	66	0.02593	0.02560	0.5	75045	1921	74084	1094901	14.59
1985-1989	67	0.02815	0.02776	0.5	73124	2030	72109	1020816	13.96
1985-1989	68	0.03333	0.03278	0.5	71094	2331	69928	948708	13.34
1985-1989	69	0.03109	0.03061	0.5	68763	2105	67711	878779	12.78
1985-1989	70	0.03492	0.03432	0.5	66658	2288	65514	811069	12.17
1985-1989	71	0.03852	0.03779	0.5	64370	2433	63154	745555	11.58
1985-1989	72	0.04544	0.04443	0.5	61938	2752	60561	682401	11.02
1985-1989	73	0.04776	0.04665	0.5	59185	2761	57805	621839	10.51
1985-1989	74	0.05081	0.04955	0.5	56425	2796	55027	564034	10.00
1985-1989	75	0.05611	0.05458	0.5	53628	2927	52165	509008	9.49
1985-1989	76	0.05774	0.05612	0.5	50702	2845	49279	456843	9.01
1985-1989	77	0.06761	0.06540	0.5	47856	3130	46292	407564	8.52
1985-1989	78	0.06938	0.06705	0.5	44727	2999	43227	361272	8.08
1985-1989	79	0.08247	0.07921	0.5	41728	3305	40075	318045	7.62
1985-1989	80	0.08317	0.07985	0.5	38423	3068	36889	277970	7.23
1985-1989	81	0.09339	0.08922	0.5	35354	3154	33777	241081	6.82
1985-1989	82	0.09972	0.09499	0.5	32200	3059	30671	207304	6.44
1985-1989	83	0.10939	0.10372	0.5	29142	3023	27630	176633	6.06
1985-1989	84	0.11568	0.10936	0.5	26119	2856	24691	149003	5.70
1985-1989	85	0.13519	0.12663	0.5	23263	2946	21790	124312	5.34
1985-1989	86	0.13611	0.12743	0.5	20317	2589	19022	102522	5.05
1985-1989	87	0.15826	0.14665	0.5	17728	2600	16428	83500	4.71
1985-1989	88	0.16802	0.15500	0.5	15128	2345	13956	67072	4.43
1985-1989	89	0.18875	0.17247	0.5	12783	2205	11681	53116	4.16
1985-1989	90	0.19783	0.18003	0.5	10578	1904	9626	41435	3.92
1985-1989	91	0.21913	0.19749	0.5	8674	1713	7817	31809	3.67
1985-1989	92	0.23839	0.21300	0.5	6961	1483	6220	23992	3.45
1985-1989	93	0.25774	0.22832	0.5	5478	1251	4853	17772	3.24
1985-1989	94	0.27809	0.24414	0.5	4227	1032	3711	12919	3.06
1985-1989	95	0.29940	0.26041	0.5	3195	832	2779	9208	2.88
1985-1989	96	0.32161	0.27706	0.5	2363	655	2036	6428	2.72
1985-1989	97	0.34466	0.29400	0.5	1708	502	1457	4393	2.57
1985-1989	98	0.36847	0.31114	0.5	1206	375	1019	2935	2.43
1985-1989	99	0.39293	0.32841	0.5	831	273	694	1917	2.31
1985-1989	100	0.41795	0.34570	0.5	558	193	462	1222	2.19
1985-1989	101	0.44339	0.36293	0.5	365	133	299	761	2.08
1985-1989	102	0.46913	0.38000	0.5	233	88	188	462	1.99
1985-1989	103	0.49504	0.39682	0.5	144	57	116	273	1.90
1985-1989	104	0.52098	0.41331	0.5	87	36	69	158	1.81
1985-1989	105	0.54680	0.42940	0.5	51	22	40	89	1.74
1985-1989	106	0.57237	0.44501	0.5	29	13	23	49	1.67
1985-1989	107	0.59756	0.46010	0.5	16	7	12	26	1.61
1985-1989	108	0.62225	0.47459	0.5	9	4	7	14	1.56
1985-1989	109	0.64632	0.48847	0.5	5	2	3	7	1.52
1985-1989	110+	0.66967	1.00000	1.49	2	2	4	4	1.49
1990-1994	0	0.00958	0.00950	0.07	100000	950	99118	7366985	73.67
1990-1994	1	0.00073	0.00073	0.5	99050	72	99014	7267868	73.38
1990-1994	2	0.00051	0.00051	0.5	98978	51	98953	7168854	72.43
1990-1994	3	0.00040	0.00040	0.5	98927	40	98907	7069901	71.47
1990-1994	4	0.00035	0.00035	0.5	98887	35	98870	6970994	70.49
1990-1994	5	0.00031	0.00031	0.5	98852	31	98837	6872124	69.52
1990-1994	6	0.00033	0.00033	0.5	98821	33	98805	6773288	68.54
1990-1994	7	0.00028	0.00028	0.5	98788	28	98774	6674483	67.56
1990-1994	8	0.00020	0.00020	0.5	98761	20	98750	6575709	66.58
1990-1994	9	0.00024	0.00024	0.5	98740	24	98728	6476958	65.60
1990-1994	10	0.00024	0.00024	0.5	98717	24	98705	6378230	64.61
1990-1994	11	0.00021	0.00021	0.5	98693	21	98683	6279525	63.63
1990-1994	12	0.00026	0.00026	0.5	98673	26	98660	6180842	62.64
1990-1994	13	0.00024	0.00024	0.5	98646	23	98635	6082182	61.66
1990-1994	14	0.00051	0.00051	0.5	98623	50	98598	5983548	60.67
1990-1994	15	0.00091	0.00091	0.5	98573	89	98528	5884950	59.70
1990-1994	16	0.00106	0.00106	0.5	98484	104	98431	5786421	58.76
1990-1994	17	0.00142	0.00142	0.5	98379	139	98309	5687990	57.82
1990-1994	18	0.00156	0.00156	0.5	98240	153	98163	5589681	56.90
1990-1994	19	0.00162	0.00161	0.5	98087	158	98007	5491517	55.99
1990-1994	20	0.00129	0.00129	0.5	97928	126	97865	5393510	55.08
1990-1994	21	0.00149	0.00148	0.5	97802	145	97729	5295645	54.15
1990-1994	22	0.00140	0.00140	0.5	97657	137	97589	5197915	53.23
1990-1994	23	0.00145	0.00145	0.5	97520	141	97450	5100327	52.30
1990-1994	24	0.00129	0.00129	0.5	97379	126	97316	5002877	51.38
1990-1994	25	0.00146	0.00146	0.5	97254	142	97183	4905561	50.44
1990-1994	26	0.00141	0.00141	0.5	97112	137	97043	4808378	49.51
1990-1994	27	0.00137	0.00137	0.5	96975	133	96909	4711335	48.58
1990-1994	28	0.00138	0.00138	0.5	96842	134	96775	4614426	47.65
1990-1994	29	0.00129	0.00129	0.5	96709	125	96646	4517651	46.71
1990-1994	30	0.00178	0.00178	0.5	96583	172	96498	4421005	45.77
1990-1994	31	0.00181	0.00180	0.5	96412	174	96325	4324507	44.85
1990-1994	32	0.00179	0.00179	0.5	96238	172	96152	4228183	43.93
1990-1994	33	0.00174	0.00174	0.5	96066	167	95982	4132031	43.01
1990-1994	34	0.00145	0.00145	0.5	95899	139	95829	4036049	42.09
1990-1994	35	0.00157	0.00157	0.5	95759	150	95684	3940220	41.15
1990-1994	36	0.00191	0.00191	0.5	95609	182	95518	3844535	40.21
1990-1994	37	0.00203	0.00202	0.5	95427	193	95330	3749017	39.29
1990-1994	38	0.00196	0.00196	0.5	95234	187	95140	3653687	38.37
1990-1994	39	0.00214	0.00213	0.5	95047	203	94946	3558547	37.44
1990-1994	40	0.00176	0.00176	0.5	94844	167	94761	3463601	36.52
1990-1994	41	0.00255	0.00255	0.5	94677	241	94557	3368840	35.58
1990-1994	42	0.00237	0.00236	0.5	94436	223	94324	3274284	34.67
1990-1994	43	0.00266	0.00265	0.5	94213	250	94088	3179959	33.75
1990-1994	44	0.00268	0.00268	0.5	93963	252	93837	3085872	32.84
1990-1994	45	0.00301	0.00300	0.5	93711	281	93570	2992035	31.93
1990-1994	46	0.00322	0.00322	0.5	93430	301	93280	2898464	31.02
1990-1994	47	0.00422	0.00421	0.5	93129	392	92933	2805185	30.12
1990-1994	48	0.00423	0.00422	0.5	92737	392	92541	2712252	29.25
1990-1994	49	0.00455	0.00454	0.5	92346	419	92136	2619710	28.37
1990-1994	50	0.00508	0.00507	0.5	91926	466	91693	2527574	27.50
1990-1994	51	0.00536	0.00534	0.5	91461	489	91216	2435881	26.63
1990-1994	52	0.00603	0.00602	0.5	90972	547	90698	2344665	25.77
1990-1994	53	0.00705	0.00703	0.5	90424	635	90107	2253967	24.93
1990-1994	54	0.00675	0.00673	0.5	89789	604	89487	2163860	24.10
1990-1994	55	0.00814	0.00810	0.5	89185	723	88823	2074373	23.26
1990-1994	56	0.00961	0.00956	0.5	88462	846	88039	1985550	22.45
1990-1994	57	0.00979	0.00974	0.5	87616	853	87190	1897511	21.66
1990-1994	58	0.01210	0.01203	0.5	86763	1044	86241	1810321	20.87
1990-1994	59	0.01217	0.01210	0.5	85719	1037	85201	1724080	20.11
1990-1994	60	0.01310	0.01302	0.5	84682	1102	84131	1638879	19.35
1990-1994	61	0.01492	0.01481	0.5	83580	1237	82961	1554748	18.60
1990-1994	62	0.01659	0.01645	0.5	82343	1355	81665	1471787	17.87
1990-1994	63	0.01717	0.01702	0.5	80988	1379	80299	1390121	17.16
1990-1994	64	0.01965	0.01946	0.5	79609	1549	78835	1309823	16.45
1990-1994	65	0.02207	0.02183	0.5	78060	1704	77208	1230988	15.77
1990-1994	66	0.02315	0.02289	0.5	76356	1748	75482	1153780	15.11
1990-1994	67	0.02495	0.02464	0.5	74608	1839	73689	1078298	14.45
1990-1994	68	0.02797	0.02758	0.5	72770	2007	71766	1004609	13.81
1990-1994	69	0.03104	0.03056	0.5	70763	2163	69681	932843	13.18
1990-1994	70	0.03338	0.03283	0.5	68600	2252	67474	863161	12.58
1990-1994	71	0.03827	0.03755	0.5	66348	2491	65102	795687	11.99
1990-1994	72	0.03806	0.03735	0.5	63857	2385	62664	730585	11.44
1990-1994	73	0.04353	0.04261	0.5	61472	2619	60162	667920	10.87
1990-1994	74	0.04566	0.04464	0.5	58853	2627	57539	607758	10.33
1990-1994	75	0.05055	0.04930	0.5	56226	2772	54840	550219	9.79
1990-1994	76	0.05530	0.05381	0.5	53454	2876	52015	495379	9.27
1990-1994	77	0.06037	0.05860	0.5	50577	2964	49095	443364	8.77
1990-1994	78	0.06620	0.06408	0.5	47613	3051	46088	394268	8.28
1990-1994	79	0.07267	0.07012	0.5	44562	3125	43000	348181	7.81
1990-1994	80	0.08191	0.07869	0.5	41438	3261	39807	305181	7.36
1990-1994	81	0.08563	0.08211	0.5	38177	3135	36609	265374	6.95
1990-1994	82	0.09357	0.08939	0.5	35042	3132	33476	228764	6.53
1990-1994	83	0.10871	0.10311	0.5	31910	3290	30265	195288	6.12
1990-1994	84	0.11640	0.11000	0.5	28619	3148	27045	165024	5.77
1990-1994	85	0.12886	0.12106	0.5	25471	3084	23930	137978	5.42
1990-1994	86	0.13823	0.12929	0.5	22388	2895	20940	114049	5.09
1990-1994	87	0.15520	0.14402	0.5	19493	2807	18089	93108	4.78
1990-1994	88	0.16752	0.15457	0.5	16686	2579	15396	75019	4.50
1990-1994	89	0.17524	0.16113	0.5	14107	2273	12970	59623	4.23
1990-1994	90	0.19976	0.18162	0.5	11834	2149	10759	46653	3.94
1990-1994	91	0.21266	0.19222	0.5	9684	1862	8754	35894	3.71
1990-1994	92	0.23538	0.21060	0.5	7823	1647	6999	27140	3.47
1990-1994	93	0.25502	0.22618	0.5	6175	1397	5477	20141	3.26
1990-1994	94	0.27569	0.24229	0.5	4779	1158	4200	14664	3.07
1990-1994	95	0.29738	0.25889	0.5	3621	937	3152	10464	2.89
1990-1994	96	0.32002	0.27588	0.5	2683	740	2313	7312	2.72
1990-1994	97	0.34354	0.29318	0.5	1943	570	1658	4999	2.57
1990-1994	98	0.36785	0.31070	0.5	1373	427	1160	3341	2.43
1990-1994	99	0.39285	0.32836	0.5	947	311	791	2180	2.30
1990-1994	100	0.41843	0.34604	0.5	636	220	526	1389	2.18
1990-1994	101	0.44446	0.36365	0.5	416	151	340	863	2.08
1990-1994	102	0.47079	0.38109	0.5	265	101	214	523	1.98
1990-1994	103	0.49729	0.39826	0.5	164	65	131	309	1.89
1990-1994	104	0.52380	0.41509	0.5	99	41	78	178	1.80
1990-1994	105	0.55018	0.43148	0.5	58	25	45	100	1.73
1990-1994	106	0.57628	0.44737	0.5	33	15	25	54	1.66
1990-1994	107	0.60196	0.46270	0.5	18	8	14	29	1.60
1990-1994	108	0.62709	0.47740	0.5	10	5	7	15	1.55
1990-1994	109	0.65155	0.49145	0.5	5	2	4	8	1.51
1990-1994	110+	0.67524	1.00000	1.48	3	3	4	4	1.48
1995-1999	0	0.00835	0.00828	0.07	100000	828	99227	7422473	74.22
1995-1999	1	0.00080	0.00080	0.5	99172	80	99132	7323246	73.84
1995-1999	2	0.00041	0.00041	0.5	99092	41	99072	7224114	72.90
1995-1999	3	0.00043	0.00043	0.5	99051	42	99030	7125042	71.93
1995-1999	4	0.00041	0.00041	0.5	99009	41	98988	7026012	70.96
1995-1999	5	0.00033	0.00033	0.5	98968	32	98952	6927024	69.99
1995-1999	6	0.00024	0.00024	0.5	98936	24	98924	6828072	69.02
1995-1999	7	0.00022	0.00022	0.5	98912	22	98901	6729148	68.03
1995-1999	8	0.00018	0.00018	0.5	98890	18	98881	6630248	67.05
1995-1999	9	0.00016	0.00015	0.5	98872	15	98864	6531367	66.06
1995-1999	10	0.00026	0.00026	0.5	98857	25	98844	6432502	65.07
1995-1999	11	0.00018	0.00018	0.5	98831	17	98823	6333658	64.09
1995-1999	12	0.00026	0.00026	0.5	98814	26	98801	6234836	63.10
1995-1999	13	0.00038	0.00038	0.5	98788	38	98769	6136035	62.11
1995-1999	14	0.00042	0.00042	0.5	98751	42	98730	6037265	61.14
1995-1999	15	0.00062	0.00062	0.5	98709	61	98678	5938536	60.16
1995-1999	16	0.00092	0.00092	0.5	98647	90	98602	5839858	59.20
1995-1999	17	0.00110	0.00109	0.5	98557	108	98503	5741255	58.25
1995-1999	18	0.00134	0.00134	0.5	98449	131	98383	5642752	57.32
1995-1999	19	0.00163	0.00163	0.5	98318	160	98238	5544369	56.39
1995-1999	20	0.00148	0.00148	0.5	98158	145	98085	5446131	55.48
1995-1999	21	0.00140	0.00140	0.5	98012	137	97944	5348046	54.57
1995-1999	22	0.00133	0.00133	0.5	97875	131	97810	5250102	53.64
1995-1999	23	0.00157	0.00157	0.5	97745	154	97668	5152292	52.71
1995-1999	24	0.00162	0.00161	0.5	97591	158	97513	5054624	51.79
1995-1999	25	0.00146	0.00145	0.5	97434	142	97363	4957111	50.88
1995-1999	26	0.00118	0.00118	0.5	97292	115	97235	4859748	49.95
1995-1999	27	0.00120	0.00120	0.5	97177	116	97119	4762514	49.01
1995-1999	28	0.00123	0.00123	0.5	97061	120	97001	4665395	48.07
1995-1999	29	0.00126	0.00125	0.5	96941	122	96880	4568394	47.13
1995-1999	30	0.00133	0.00133	0.5	96819	129	96755	4471513	46.18
1995-1999	31	0.00143	0.00143	0.5	96691	138	96622	4374758	45.24
1995-1999	32	0.00166	0.00166	0.5	96552	160	96472	4278137	44.31
1995-1999	33	0.00170	0.00170	0.5	96392	164	96310	4181665	43.38
1995-1999	34	0.00185	0.00185	0.5	96228	178	96139	4085354	42.45
1995-1999	35	0.00160	0.00160	0.5	96050	154	95973	3989215	41.53
1995-1999	36	0.00167	0.00167	0.5	95897	160	95817	3893242	40.60
1995-1999	37	0.00188	0.00188	0.5	95737	180	95647	3797425	39.67
1995-1999	38	0.00210	0.00210	0.5	95557	201	95456	3701778	38.74
1995-1999	39	0.00213	0.00213	0.5	95356	203	95255	3606322	37.82
1995-1999	40	0.00231	0.00231	0.5	95153	220	95043	3511067	36.90
1995-1999	41	0.00232	0.00232	0.5	94934	220	94823	3416024	35.98
1995-1999	42	0.00277	0.00277	0.5	94713	262	94582	3321201	35.07
1995-1999	43	0.00256	0.00256	0.5	94451	241	94330	3226619	34.16
1995-1999	44	0.00304	0.00304	0.5	94210	286	94066	3132288	33.25
1995-1999	45	0.00298	0.00297	0.5	93923	279	93784	3038222	32.35
1995-1999	46	0.00330	0.00330	0.5	93644	309	93490	2944438	31.44
1995-1999	47	0.00362	0.00361	0.5	93335	337	93167	2850949	30.55
1995-1999	48	0.00422	0.00421	0.5	92998	392	92802	2757782	29.65
1995-1999	49	0.00410	0.00409	0.5	92606	379	92417	2664980	28.78
1995-1999	50	0.00419	0.00419	0.5	92227	386	92034	2572563	27.89
1995-1999	51	0.00525	0.00524	0.5	91841	481	91601	2480529	27.01
1995-1999	52	0.00581	0.00579	0.5	91360	529	91095	2388929	26.15
1995-1999	53	0.00685	0.00683	0.5	90831	620	90521	2297833	25.30
1995-1999	54	0.00754	0.00751	0.5	90210	677	89872	2207313	24.47
1995-1999	55	0.00812	0.00809	0.5	89533	724	89171	2117441	23.65
1995-1999	56	0.00808	0.00805	0.5	88809	715	88452	2028270	22.84
1995-1999	57	0.00882	0.00878	0.5	88094	774	87708	1939818	22.02
1995-1999	58	0.01027	0.01021	0.5	87321	892	86875	1852111	21.21
1995-1999	59	0.01134	0.01128	0.5	86429	975	85942	1765236	20.42
1995-1999	60	0.01285	0.01277	0.5	85454	1091	84909	1679294	19.65
1995-1999	61	0.01463	0.01452	0.5	84363	1225	83751	1594385	18.90
1995-1999	62	0.01482	0.01472	0.5	83138	1223	82527	1510634	18.17
1995-1999	63	0.01622	0.01609	0.5	81915	1318	81256	1428108	17.43
1995-1999	64	0.01913	0.01895	0.5	80597	1527	79834	1346852	16.71
1995-1999	65	0.02030	0.02010	0.5	79070	1589	78276	1267018	16.02
1995-1999	66	0.02204	0.02180	0.5	77481	1689	76637	1188742	15.34
1995-1999	67	0.02222	0.02198	0.5	75792	1666	74959	1112105	14.67
1995-1999	68	0.02642	0.02608	0.5	74127	1933	73160	1037146	13.99
1995-1999	69	0.02864	0.02824	0.5	72193	2039	71174	963986	13.35
1995-1999	70	0.03301	0.03248	0.5	70155	2278	69016	892812	12.73
1995-1999	71	0.03424	0.03367	0.5	67877	2285	66734	823796	12.14
1995-1999	72	0.03564	0.03502	0.5	65591	2297	64443	757062	11.54
1995-1999	73	0.04124	0.04041	0.5	63294	2558	62016	692619	10.94
1995-1999	74	0.04561	0.04459	0.5	60737	2708	59383	630604	10.38
1995-1999	75	0.04838	0.04724	0.5	58029	2741	56658	571221	9.84
1995-1999	76	0.05103	0.04976	0.5	55287	2751	53912	514563	9.31
1995-1999	77	0.05846	0.05680	0.5	52536	2984	51044	460651	8.77
1995-1999	78	0.06332	0.06137	0.5	49552	3041	48031	409608	8.27
1995-1999	79	0.07058	0.06818	0.5	46511	3171	44925	361576	7.77
1995-1999	80	0.08058	0.07746	0.5	43340	3357	41661	316651	7.31
1995-1999	81	0.08369	0.08033	0.5	39982	3212	38377	274990	6.88
1995-1999	82	0.09607	0.09166	0.5	36771	3371	35086	236614	6.43
1995-1999	83	0.09965	0.09492	0.5	33400	3170	31815	201528	6.03
1995-1999	84	0.12045	0.11361	0.5	30230	3434	28513	169713	5.61
1995-1999	85	0.13128	0.12319	0.5	26796	3301	25145	141200	5.27
1995-1999	86	0.14349	0.13388	0.5	23495	3146	21922	116055	4.94
1995-1999	87	0.15192	0.14120	0.5	20349	2873	18912	94133	4.63
1995-1999	88	0.16663	0.15381	0.5	17476	2688	16132	75221	4.30
1995-1999	89	0.18424	0.16870	0.5	14788	2495	13540	59089	4.00
1995-1999	90	0.20667	0.18731	0.5	12293	2303	11142	45548	3.71
1995-1999	91	0.24515	0.21838	0.5	9990	2182	8900	34407	3.44
1995-1999	92	0.25054	0.22265	0.5	7809	1739	6939	25507	3.27
1995-1999	93	0.27291	0.24014	0.5	6070	1458	5341	18568	3.06
1995-1999	94	0.29649	0.25821	0.5	4612	1191	4017	13226	2.87
1995-1999	95	0.32121	0.27676	0.5	3421	947	2948	9209	2.69
1995-1999	96	0.34697	0.29568	0.5	2475	732	2109	6261	2.53
1995-1999	97	0.37366	0.31484	0.5	1743	549	1469	4153	2.38
1995-1999	98	0.40115	0.33413	0.5	1194	399	995	2684	2.25
1995-1999	99	0.42927	0.35341	0.5	795	281	655	1690	2.12
1995-1999	100	0.45785	0.37256	0.5	514	192	418	1035	2.01
1995-1999	101	0.48672	0.39145	0.5	323	126	259	617	1.91
1995-1999	102	0.51567	0.40997	0.5	196	80	156	357	1.82
1995-1999	103	0.54452	0.42799	0.5	116	50	91	201	1.74
1995-1999	104	0.57307	0.44544	0.5	66	30	51	110	1.66
1995-1999	105	0.60115	0.46222	0.5	37	17	28	59	1.59
1995-1999	106	0.62857	0.47826	0.5	20	9	15	30	1.53
1995-1999	107	0.65519	0.49352	0.5	10	5	8	15	1.48
1995-1999	108	0.68087	0.50795	0.5	5	3	4	7	1.43
1995-1999	109	0.70550	0.52153	0.5	3	1	2	4	1.40
1995-1999	110+	0.72898	1.00000	1.37	1	1	2	2	1.37
2000-2004	0	0.00800	0.00794	0.07	100000	794	99259	7502985	75.03
2000-2004	1	0.00076	0.00076	0.5	99206	76	99168	7403726	74.63
2000-2004	2	0.00036	0.00036	0.5	99131	36	99113	7304558	73.69
2000-2004	3	0.00045	0.00045	0.5	99095	45	99073	7205445	72.71
2000-2004	4	0.00028	0.00028	0.5	99050	28	99036	7106373	71.75
2000-2004	5	0.00014	0.00014	0.5	99022	14	99015	7007337	70.77
2000-2004	6	0.00020	0.00020	0.5	99008	19	98999	6908321	69.78
2000-2004	7	0.00013	0.00013	0.5	98989	13	98982	6809323	68.79
2000-2004	8	0.00013	0.00013	0.5	98976	13	98969	6710340	67.80
2000-2004	9	0.00009	0.00009	0.5	98963	9	98958	6611371	66.81
2000-2004	10	0.00025	0.00025	0.5	98954	25	98941	6512413	65.81
2000-2004	11	0.00024	0.00024	0.5	98929	24	98917	6413471	64.83
2000-2004	12	0.00020	0.00020	0.5	98905	20	98895	6314554	63.84
2000-2004	13	0.00034	0.00034	0.5	98885	34	98868	6215659	62.86
2000-2004	14	0.00031	0.00031	0.5	98851	31	98836	6116791	61.88
2000-2004	15	0.00045	0.00045	0.5	98820	45	98798	6017956	60.90
2000-2004	16	0.00078	0.00078	0.5	98775	77	98737	5919158	59.93
2000-2004	17	0.00093	0.00093	0.5	98699	92	98653	5820421	58.97
2000-2004	18	0.00130	0.00130	0.5	98607	128	98543	5721768	58.03
2000-2004	19	0.00122	0.00122	0.5	98479	120	98419	5623225	57.10
2000-2004	20	0.00136	0.00135	0.5	98358	133	98292	5524806	56.17
2000-2004	21	0.00137	0.00137	0.5	98225	134	98158	5426515	55.25
2000-2004	22	0.00144	0.00144	0.5	98091	141	98020	5328357	54.32
2000-2004	23	0.00148	0.00148	0.5	97950	145	97878	5230336	53.40
2000-2004	24	0.00138	0.00138	0.5	97805	135	97738	5132459	52.48
2000-2004	25	0.00142	0.00142	0.5	97670	138	97601	5034721	51.55
2000-2004	26	0.00134	0.00134	0.5	97532	131	97466	4937120	50.62
2000-2004	27	0.00121	0.00120	0.5	97401	117	97342	4839654	49.69
2000-2004	28	0.00102	0.00102	0.5	97284	99	97234	4742312	48.75
2000-2004	29	0.00141	0.00141	0.5	97185	137	97116	4645078	47.80
2000-2004	30	0.00102	0.00102	0.5	97048	99	96999	4547961	46.86
2000-2004	31	0.00139	0.00139	0.5	96950	135	96882	4450962	45.91
2000-2004	32	0.00118	0.00118	0.5	96815	114	96758	4354080	44.97
2000-2004	33	0.00136	0.00136	0.5	96701	131	96635	4257322	44.03
2000-2004	34	0.00143	0.00143	0.5	96570	138	96501	4160687	43.08
2000-2004	35	0.00154	0.00154	0.5	96431	148	96357	4064186	42.15
2000-2004	36	0.00149	0.00149	0.5	96283	143	96211	3967829	41.21
2000-2004	37	0.00205	0.00205	0.5	96140	197	96041	3871618	40.27
2000-2004	38	0.00175	0.00175	0.5	95943	168	95859	3775577	39.35
2000-2004	39	0.00219	0.00218	0.5	95775	209	95670	3679718	38.42
2000-2004	40	0.00236	0.00235	0.5	95565	225	95453	3584048	37.50
2000-2004	41	0.00233	0.00232	0.5	95340	222	95230	3488595	36.59
2000-2004	42	0.00260	0.00259	0.5	95119	247	94995	3393365	35.68
2000-2004	43	0.00300	0.00300	0.5	94872	284	94730	3298370	34.77
2000-2004	44	0.00335	0.00334	0.5	94588	316	94430	3203640	33.87
2000-2004	45	0.00316	0.00316	0.5	94272	298	94123	3109210	32.98
2000-2004	46	0.00376	0.00375	0.5	93974	353	93798	3015087	32.08
2000-2004	47	0.00389	0.00388	0.5	93621	364	93440	2921290	31.20
2000-2004	48	0.00443	0.00442	0.5	93258	412	93052	2827850	30.32
2000-2004	49	0.00435	0.00434	0.5	92846	403	92645	2734798	29.46
2000-2004	50	0.00537	0.00536	0.5	92443	495	92196	2642153	28.58
2000-2004	51	0.00587	0.00585	0.5	91948	538	91679	2549957	27.73
2000-2004	52	0.00566	0.00565	0.5	91410	516	91152	2458278	26.89
2000-2004	53	0.00650	0.00648	0.5	90894	589	90600	2367126	26.04
2000-2004	54	0.00655	0.00653	0.5	90305	590	90011	2276526	25.21
2000-2004	55	0.00767	0.00764	0.5	89716	685	89373	2186516	24.37
2000-2004	56	0.00823	0.00820	0.5	89030	730	88666	2097143	23.56
2000-2004	57	0.00912	0.00908	0.5	88301	802	87900	2008477	22.75
2000-2004	58	0.00930	0.00926	0.5	87499	810	87094	1920577	21.95
2000-2004	59	0.01009	0.01004	0.5	86689	870	86253	1833484	21.15
2000-2004	60	0.01238	0.01230	0.5	85818	1056	85290	1747230	20.36
2000-2004	61	0.01292	0.01283	0.5	84762	1088	84219	1661940	19.61
2000-2004	62	0.01345	0.01336	0.5	83675	1118	83116	1577722	18.86
2000-2004	63	0.01546	0.01534	0.5	82557	1266	81924	1494606	18.10
2000-2004	64	0.01666	0.01653	0.5	81291	1344	80619	1412682	17.38
2000-2004	65	0.01803	0.01787	0.5	79947	1428	79233	1332063	16.66
2000-2004	66	0.01918	0.01900	0.5	78519	1492	77773	1252831	15.96
2000-2004	67	0.02098	0.02076	0.5	77027	1599	76227	1175058	15.26
2000-2004	68	0.02355	0.02328	0.5	75428	1756	74550	1098830	14.57
2000-2004	69	0.02538	0.02506	0.5	73672	1846	72749	1024281	13.90
2000-2004	70	0.02823	0.02784	0.5	71826	2000	70826	951532	13.25
2000-2004	71	0.03017	0.02973	0.5	69826	2076	68788	880706	12.61
2000-2004	72	0.03231	0.03180	0.5	67750	2154	66673	811918	11.98
2000-2004	73	0.03588	0.03524	0.5	65596	2312	64440	745245	11.36
2000-2004	74	0.04046	0.03966	0.5	63284	2510	62029	680805	10.76
2000-2004	75	0.04331	0.04240	0.5	60774	2577	59486	618776	10.18
2000-2004	76	0.04752	0.04642	0.5	58198	2701	56847	559290	9.61
2000-2004	77	0.05382	0.05241	0.5	55496	2908	54042	502443	9.05
2000-2004	78	0.05899	0.05730	0.5	52588	3014	51081	448400	8.53
2000-2004	79	0.06630	0.06417	0.5	49574	3181	47984	397319	8.01
2000-2004	80	0.07313	0.07055	0.5	46393	3273	44757	349336	7.53
2000-2004	81	0.07742	0.07454	0.5	43120	3214	41513	304579	7.06
2000-2004	82	0.08843	0.08469	0.5	39906	3379	38216	263066	6.59
2000-2004	83	0.09921	0.09453	0.5	36527	3453	34800	224850	6.16
2000-2004	84	0.11030	0.10453	0.5	33074	3457	31345	190050	5.75
2000-2004	85	0.12625	0.11876	0.5	29616	3517	27858	158704	5.36
2000-2004	86	0.13680	0.12804	0.5	26099	3342	24428	130847	5.01
2000-2004	87	0.14740	0.13728	0.5	22758	3124	21195	106418	4.68
2000-2004	88	0.17114	0.15765	0.5	19633	3095	18086	85223	4.34
2000-2004	89	0.18438	0.16882	0.5	16538	2792	15142	67137	4.06
2000-2004	90	0.19390	0.17676	0.5	13746	2430	12531	51995	3.78
2000-2004	91	0.22610	0.20314	0.5	11316	2299	10167	39463	3.49
2000-2004	92	0.24945	0.22178	0.5	9018	2000	8018	29296	3.25
2000-2004	93	0.27319	0.24036	0.5	7018	1687	6174	21279	3.03
2000-2004	94	0.29829	0.25957	0.5	5331	1384	4639	15104	2.83
2000-2004	95	0.32467	0.27932	0.5	3947	1103	3396	10465	2.65
2000-2004	96	0.35221	0.29947	0.5	2845	852	2419	7069	2.49
2000-2004	97	0.38077	0.31987	0.5	1993	637	1674	4651	2.33
2000-2004	98	0.41018	0.34037	0.5	1355	461	1125	2977	2.20
2000-2004	99	0.44024	0.36082	0.5	894	323	733	1852	2.07
2000-2004	100	0.47075	0.38106	0.5	571	218	463	1119	1.96
2000-2004	101	0.50148	0.40095	0.5	354	142	283	657	1.86
2000-2004	102	0.53220	0.42035	0.5	212	89	167	374	1.77
2000-2004	103	0.56268	0.43913	0.5	123	54	96	207	1.68
2000-2004	104	0.59269	0.45720	0.5	69	31	53	111	1.61
2000-2004	105	0.62203	0.47446	0.5	37	18	29	58	1.54
2000-2004	106	0.65050	0.49085	0.5	20	10	15	29	1.48
2000-2004	107	0.67793	0.50631	0.5	10	5	7	14	1.43
2000-2004	108	0.70419	0.52081	0.5	5	3	4	7	1.39
2000-2004	109	0.72916	0.53435	0.5	2	1	2	3	1.35
2000-2004	110+	0.75277	1.00000	1.33	1	1	1	1	1.33
2005-2009	0	0.00816	0.00810	0.07	100000	810	99244	7571050	75.71
2005-2009	1	0.00050	0.00050	0.5	99190	49	99165	7471806	75.33
2005-2009	2	0.00040	0.00040	0.5	99141	40	99121	7372640	74.37
2005-2009	3	0.00024	0.00024	0.5	99101	24	99089	7273519	73.39
2005-2009	4	0.00027	0.00027	0.5	99077	27	99064	7174430	72.41
2005-2009	5	0.00017	0.00017	0.5	99050	16	99042	7075366	71.43
2005-2009	6	0.00014	0.00014	0.5	99034	14	99027	6976324	70.44
2005-2009	7	0.00016	0.00016	0.5	99020	16	99012	6877297	69.45
2005-2009	8	0.00015	0.00015	0.5	99004	15	98997	6778285	68.46
2005-2009	9	0.00015	0.00015	0.5	98989	15	98982	6679288	67.47
2005-2009	10	0.00011	0.00011	0.5	98974	11	98969	6580306	66.48
2005-2009	11	0.00024	0.00024	0.5	98964	24	98952	6481337	65.49
2005-2009	12	0.00024	0.00024	0.5	98940	23	98928	6382385	64.51
2005-2009	13	0.00022	0.00022	0.5	98916	21	98906	6283457	63.52
2005-2009	14	0.00030	0.00030	0.5	98895	30	98880	6184552	62.54
2005-2009	15	0.00035	0.00035	0.5	98865	34	98848	6085672	61.56
2005-2009	16	0.00061	0.00061	0.5	98831	60	98801	5986824	60.58
2005-2009	17	0.00073	0.00073	0.5	98771	72	98735	5888023	59.61
2005-2009	18	0.00100	0.00100	0.5	98699	98	98650	5789288	58.66
2005-2009	19	0.00131	0.00131	0.5	98600	129	98536	5690639	57.71
2005-2009	20	0.00142	0.00142	0.5	98471	140	98401	5592103	56.79
2005-2009	21	0.00149	0.00149	0.5	98331	147	98258	5493702	55.87
2005-2009	22	0.00122	0.00122	0.5	98184	120	98124	5395445	54.95
2005-2009	23	0.00115	0.00115	0.5	98065	112	98009	5297320	54.02
2005-2009	24	0.00122	0.00121	0.5	97952	119	97893	5199312	53.08
2005-2009	25	0.00117	0.00117	0.5	97833	114	97776	5101419	52.14
2005-2009	26	0.00162	0.00161	0.5	97719	158	97640	5003642	51.20
2005-2009	27	0.00146	0.00145	0.5	97562	142	97491	4906002	50.29
2005-2009	28	0.00166	0.00166	0.5	97420	162	97339	4808511	49.36
2005-2009	29	0.00128	0.00128	0.5	97258	125	97196	4711172	48.44
2005-2009	30	0.00137	0.00137	0.5	97134	133	97067	4613977	47.50
2005-2009	31	0.00145	0.00145	0.5	97001	140	96931	4516909	46.57
2005-2009	32	0.00128	0.00128	0.5	96860	124	96799	4419979	45.63
2005-2009	33	0.00137	0.00137	0.5	96737	133	96670	4323180	44.69
2005-2009	34	0.00166	0.00166	0.5	96604	160	96524	4226510	43.75
2005-2009	35	0.00155	0.00154	0.5	96444	149	96369	4129986	42.82
2005-2009	36	0.00150	0.00150	0.5	96295	145	96222	4033617	41.89
2005-2009	37	0.00175	0.00175	0.5	96150	168	96066	3937394	40.95
2005-2009	38	0.00185	0.00185	0.5	95982	177	95893	3841328	40.02
2005-2009	39	0.00177	0.00177	0.5	95805	170	95720	3745435	39.09
2005-2009	40	0.00196	0.00195	0.5	95635	187	95542	3649715	38.16
2005-2009	41	0.00259	0.00259	0.5	95448	247	95325	3554173	37.24
2005-2009	42	0.00217	0.00217	0.5	95201	206	95098	3458848	36.33
2005-2009	43	0.00281	0.00280	0.5	94995	266	94862	3363750	35.41
2005-2009	44	0.00326	0.00326	0.5	94729	308	94574	3268889	34.51
2005-2009	45	0.00359	0.00359	0.5	94420	339	94251	3174314	33.62
2005-2009	46	0.00391	0.00391	0.5	94081	368	93898	3080063	32.74
2005-2009	47	0.00390	0.00389	0.5	93714	364	93532	2986166	31.86
2005-2009	48	0.00422	0.00421	0.5	93350	393	93153	2892634	30.99
2005-2009	49	0.00502	0.00500	0.5	92957	465	92724	2799481	30.12
2005-2009	50	0.00518	0.00517	0.5	92491	478	92253	2706757	29.26
2005-2009	51	0.00570	0.00569	0.5	92014	523	91752	2614505	28.41
2005-2009	52	0.00584	0.00583	0.5	91490	533	91224	2522753	27.57
2005-2009	53	0.00651	0.00649	0.5	90957	590	90662	2431529	26.73
2005-2009	54	0.00696	0.00693	0.5	90367	626	90054	2340867	25.90
2005-2009	55	0.00691	0.00689	0.5	89741	618	89431	2250813	25.08
2005-2009	56	0.00841	0.00837	0.5	89122	746	88749	2161381	24.25
2005-2009	57	0.00863	0.00859	0.5	88376	759	87997	2072632	23.45
2005-2009	58	0.00896	0.00892	0.5	87617	781	87227	1984635	22.65
2005-2009	59	0.01001	0.00996	0.5	86836	865	86403	1897409	21.85
2005-2009	60	0.01142	0.01136	0.5	85971	976	85483	1811005	21.07
2005-2009	61	0.01205	0.01198	0.5	84995	1018	84486	1725523	20.30
2005-2009	62	0.01217	0.01210	0.5	83976	1016	83468	1641037	19.54
2005-2009	63	0.01441	0.01430	0.5	82961	1187	82367	1557569	18.77
2005-2009	64	0.01677	0.01663	0.5	81774	1360	81094	1475201	18.04
2005-2009	65	0.01554	0.01542	0.5	80414	1240	79794	1394108	17.34
2005-2009	66	0.01840	0.01823	0.5	79174	1444	78452	1314314	16.60
2005-2009	67	0.02144	0.02121	0.5	77730	1649	76906	1235863	15.90
2005-2009	68	0.02194	0.02170	0.5	76081	1651	75256	1158957	15.23
2005-2009	69	0.02322	0.02296	0.5	74430	1709	73576	1083701	14.56
2005-2009	70	0.02555	0.02523	0.5	72722	1835	71804	1010125	13.89
2005-2009	71	0.02650	0.02615	0.5	70887	1854	69960	938321	13.24
2005-2009	72	0.03056	0.03010	0.5	69033	2078	67995	868361	12.58
2005-2009	73	0.03351	0.03295	0.5	66956	2207	65852	800366	11.95
2005-2009	74	0.03643	0.03578	0.5	64749	2316	63591	734514	11.34
2005-2009	75	0.04064	0.03983	0.5	62433	2486	61189	670923	10.75
2005-2009	76	0.04261	0.04172	0.5	59946	2501	58696	609733	10.17
2005-2009	77	0.04954	0.04835	0.5	57445	2777	56057	551037	9.59
2005-2009	78	0.05317	0.05179	0.5	54668	2831	53252	494981	9.05
2005-2009	79	0.05673	0.05517	0.5	51837	2860	50407	441729	8.52
2005-2009	80	0.06522	0.06316	0.5	48977	3094	47430	391322	7.99
2005-2009	81	0.07124	0.06879	0.5	45883	3156	44305	343892	7.49
2005-2009	82	0.08142	0.07824	0.5	42727	3343	41056	299587	7.01
2005-2009	83	0.08661	0.08302	0.5	39384	3270	37749	258531	6.56
2005-2009	84	0.10109	0.09622	0.5	36115	3475	34377	220782	6.11
2005-2009	85	0.11014	0.10439	0.5	32639	3407	30936	186405	5.71
2005-2009	86	0.11860	0.11196	0.5	29232	3273	27596	155469	5.32
2005-2009	87	0.13477	0.12627	0.5	25959	3278	24320	127873	4.93
2005-2009	88	0.15228	0.14151	0.5	22681	3210	21077	103553	4.57
2005-2009	89	0.17320	0.15940	0.5	19472	3104	17920	82476	4.24
2005-2009	90	0.18566	0.16989	0.5	16368	2781	14978	64556	3.94
2005-2009	91	0.20343	0.18465	0.5	13587	2509	12333	49579	3.65
2005-2009	92	0.23622	0.21127	0.5	11078	2341	9908	37246	3.36
2005-2009	93	0.26015	0.23020	0.5	8738	2012	7732	27337	3.13
2005-2009	94	0.28559	0.24990	0.5	6726	1681	5886	19605	2.91
2005-2009	95	0.31247	0.27025	0.5	5045	1364	4364	13719	2.72
2005-2009	96	0.34067	0.29109	0.5	3682	1072	3146	9356	2.54
2005-2009	97	0.37005	0.31227	0.5	2610	815	2203	6210	2.38
2005-2009	98	0.40043	0.33363	0.5	1795	599	1496	4007	2.23
2005-2009	99	0.43159	0.35498	0.5	1196	425	984	2511	2.10
2005-2009	100	0.46330	0.37616	0.5	772	290	626	1527	1.98
2005-2009	101	0.49531	0.39699	0.5	481	191	386	901	1.87
2005-2009	102	0.52736	0.41732	0.5	290	121	230	515	1.78
2005-2009	103	0.55918	0.43700	0.5	169	74	132	286	1.69
2005-2009	104	0.59053	0.45591	0.5	95	43	74	153	1.61
2005-2009	105	0.62115	0.47396	0.5	52	25	40	80	1.54
2005-2009	106	0.65085	0.49105	0.5	27	13	21	40	1.48
2005-2009	107	0.67941	0.50713	0.5	14	7	10	20	1.43
2005-2009	108	0.70669	0.52218	0.5	7	4	5	9	1.38
2005-2009	109	0.73256	0.53617	0.5	3	2	2	4	1.34
2005-2009	110+	0.75694	1.00000	1.32	2	2	2	2	1.32
2010-2014	0	0.00689	0.00684	0.06	100000	684	99359	7625711	76.26
2010-2014	1	0.00052	0.00052	0.5	99316	52	99290	7526352	75.78
2010-2014	2	0.00036	0.00036	0.5	99264	35	99246	7427062	74.82
2010-2014	3	0.00032	0.00032	0.5	99228	31	99213	7327816	73.85
2010-2014	4	0.00020	0.00020	0.5	99197	20	99187	7228604	72.87
2010-2014	5	0.00017	0.00017	0.5	99177	17	99169	7129416	71.89
2010-2014	6	0.00016	0.00016	0.5	99160	16	99152	7030248	70.90
2010-2014	7	0.00009	0.00009	0.5	99144	9	99140	6931096	69.91
2010-2014	8	0.00010	0.00010	0.5	99135	10	99131	6831956	68.92
2010-2014	9	0.00015	0.00015	0.5	99126	14	99119	6732826	67.92
2010-2014	10	0.00010	0.00010	0.5	99111	10	99107	6633707	66.93
2010-2014	11	0.00015	0.00015	0.5	99102	14	99095	6534601	65.94
2010-2014	12	0.00011	0.00011	0.5	99087	11	99082	6435506	64.95
2010-2014	13	0.00024	0.00024	0.5	99077	24	99065	6336424	63.95
2010-2014	14	0.00032	0.00032	0.5	99053	32	99037	6237359	62.97
2010-2014	15	0.00029	0.00029	0.5	99021	28	99006	6138323	61.99
2010-2014	16	0.00057	0.00057	0.5	98992	57	98964	6039316	61.01
2010-2014	17	0.00075	0.00075	0.5	98936	74	98898	5940353	60.04
2010-2014	18	0.00097	0.00097	0.5	98861	96	98813	5841454	59.09
2010-2014	19	0.00096	0.00096	0.5	98765	95	98718	5742641	58.14
2010-2014	20	0.00092	0.00092	0.5	98671	90	98625	5643923	57.20
2010-2014	21	0.00150	0.00150	0.5	98580	148	98506	5545297	56.25
2010-2014	22	0.00139	0.00139	0.5	98432	137	98364	5446791	55.34
2010-2014	23	0.00143	0.00143	0.5	98296	140	98225	5348427	54.41
2010-2014	24	0.00128	0.00128	0.5	98155	125	98093	5250201	53.49
2010-2014	25	0.00142	0.00142	0.5	98030	139	97961	5152109	52.56
2010-2014	26	0.00156	0.00156	0.5	97891	153	97815	5054148	51.63
2010-2014	27	0.00149	0.00148	0.5	97738	145	97666	4956334	50.71
2010-2014	28	0.00135	0.00135	0.5	97593	132	97527	4858668	49.78
2010-2014	29	0.00138	0.00138	0.5	97461	134	97394	4761140	48.85
2010-2014	30	0.00163	0.00163	0.5	97327	158	97248	4663746	47.92
2010-2014	31	0.00134	0.00133	0.5	97169	130	97104	4566499	47.00
2010-2014	32	0.00143	0.00143	0.5	97039	139	96969	4469395	46.06
2010-2014	33	0.00156	0.00156	0.5	96900	151	96824	4372426	45.12
2010-2014	34	0.00154	0.00154	0.5	96749	149	96674	4275601	44.19
2010-2014	35	0.00180	0.00180	0.5	96600	174	96513	4178927	43.26
2010-2014	36	0.00151	0.00151	0.5	96426	146	96354	4082414	42.34
2010-2014	37	0.00190	0.00190	0.5	96281	183	96189	3986061	41.40
2010-2014	38	0.00173	0.00173	0.5	96098	166	96015	3889871	40.48
2010-2014	39	0.00179	0.00179	0.5	95932	172	95846	3793857	39.55
2010-2014	40	0.00215	0.00215	0.5	95760	206	95657	3698011	38.62
2010-2014	41	0.00221	0.00221	0.5	95554	211	95448	3602355	37.70
2010-2014	42	0.00230	0.00229	0.5	95342	219	95233	3506907	36.78
2010-2014	43	0.00232	0.00232	0.5	95124	220	95013	3411674	35.87
2010-2014	44	0.00283	0.00282	0.5	94903	268	94769	3316660	34.95
2010-2014	45	0.00295	0.00295	0.5	94635	279	94496	3221891	34.05
2010-2014	46	0.00330	0.00330	0.5	94356	311	94201	3127395	33.14
2010-2014	47	0.00361	0.00360	0.5	94045	339	93876	3033194	32.25
2010-2014	48	0.00471	0.00470	0.5	93707	440	93487	2939319	31.37
2010-2014	49	0.00485	0.00484	0.5	93267	451	93041	2845832	30.51
2010-2014	50	0.00480	0.00478	0.5	92815	444	92593	2752791	29.66
2010-2014	51	0.00564	0.00562	0.5	92371	519	92112	2660198	28.80
2010-2014	52	0.00583	0.00581	0.5	91852	534	91585	2568086	27.96
2010-2014	53	0.00629	0.00627	0.5	91318	573	91032	2476501	27.12
2010-2014	54	0.00771	0.00768	0.5	90745	697	90397	2385470	26.29
2010-2014	55	0.00770	0.00767	0.5	90049	691	89703	2295073	25.49
2010-2014	56	0.00851	0.00847	0.5	89358	757	88979	2205370	24.68
2010-2014	57	0.00936	0.00932	0.5	88601	826	88188	2116390	23.89
2010-2014	58	0.00921	0.00916	0.5	87775	804	87373	2028203	23.11
2010-2014	59	0.00972	0.00967	0.5	86971	841	86550	1940830	22.32
2010-2014	60	0.01131	0.01125	0.5	86129	969	85645	1854280	21.53
2010-2014	61	0.01159	0.01152	0.5	85161	981	84670	1768635	20.77
2010-2014	62	0.01286	0.01278	0.5	84180	1076	83642	1683965	20.00
2010-2014	63	0.01448	0.01437	0.5	83104	1194	82507	1600323	19.26
2010-2014	64	0.01470	0.01460	0.5	81909	1196	81312	1517816	18.53
2010-2014	65	0.01658	0.01644	0.5	80714	1327	80050	1436505	17.80
2010-2014	66	0.01750	0.01735	0.5	79387	1377	78698	1356455	17.09
2010-2014	67	0.01791	0.01775	0.5	78010	1385	77317	1277756	16.38
2010-2014	68	0.02078	0.02057	0.5	76625	1576	75837	1200439	15.67
2010-2014	69	0.02326	0.02300	0.5	75049	1726	74186	1124602	14.98
2010-2014	70	0.02441	0.02411	0.5	73323	1768	72439	1050417	14.33
2010-2014	71	0.02603	0.02570	0.5	71555	1839	70636	977978	13.67
2010-2014	72	0.02753	0.02715	0.5	69716	1893	68770	907342	13.01
2010-2014	73	0.03196	0.03146	0.5	67823	2134	66756	838573	12.36
2010-2014	74	0.03488	0.03428	0.5	65689	2252	64563	771816	11.75
2010-2014	75	0.03771	0.03701	0.5	63437	2348	62263	707253	11.15
2010-2014	76	0.03891	0.03817	0.5	61089	2332	59923	644990	10.56
2010-2014	77	0.04603	0.04500	0.5	58757	2644	57436	585067	9.96
2010-2014	78	0.04994	0.04873	0.5	56114	2734	54746	527631	9.40
2010-2014	79	0.05434	0.05290	0.5	53379	2824	51968	472885	8.86
2010-2014	80	0.05990	0.05816	0.5	50556	2940	49086	420917	8.33
2010-2014	81	0.06459	0.06257	0.5	47616	2979	46126	371831	7.81
2010-2014	82	0.07011	0.06774	0.5	44637	3023	43125	325705	7.30
2010-2014	83	0.07829	0.07534	0.5	41613	3135	40046	282580	6.79
2010-2014	84	0.09552	0.09117	0.5	38478	3508	36724	242535	6.30
2010-2014	85	0.10063	0.09581	0.5	34970	3351	33295	205811	5.89
2010-2014	86	0.11628	0.10989	0.5	31619	3475	29882	172516	5.46
2010-2014	87	0.12774	0.12007	0.5	28145	3379	26455	142634	5.07
2010-2014	88	0.14339	0.13380	0.5	24765	3314	23108	116179	4.69
2010-2014	89	0.16240	0.15021	0.5	21452	3222	19841	93071	4.34
2010-2014	90	0.18078	0.16579	0.5	18230	3022	16718	73230	4.02
2010-2014	91	0.20481	0.18578	0.5	15207	2825	13795	56512	3.72
2010-2014	92	0.22631	0.20330	0.5	12382	2517	11123	42717	3.45
2010-2014	93	0.25040	0.22254	0.5	9865	2195	8767	31594	3.20
2010-2014	94	0.27615	0.24264	0.5	7669	1861	6739	22827	2.98
2010-2014	95	0.30347	0.26349	0.5	5808	1530	5043	16088	2.77
2010-2014	96	0.33225	0.28492	0.5	4278	1219	3669	11045	2.58
2010-2014	97	0.36234	0.30676	0.5	3059	938	2590	7376	2.41
2010-2014	98	0.39355	0.32884	0.5	2121	697	1772	4786	2.26
2010-2014	99	0.42565	0.35096	0.5	1423	500	1174	3014	2.12
2010-2014	100	0.45840	0.37292	0.5	924	345	752	1841	1.99
2010-2014	101	0.49150	0.39454	0.5	579	229	465	1089	1.88
2010-2014	102	0.52468	0.41564	0.5	351	146	278	624	1.78
2010-2014	103	0.55765	0.43606	0.5	205	89	160	346	1.69
2010-2014	104	0.59011	0.45567	0.5	116	53	89	186	1.61
2010-2014	105	0.62181	0.47434	0.5	63	30	48	97	1.54
2010-2014	106	0.65250	0.49199	0.5	33	16	25	49	1.48
2010-2014	107	0.68197	0.50856	0.5	17	9	13	24	1.42
2010-2014	108	0.71006	0.52402	0.5	8	4	6	11	1.37
2010-2014	109	0.73662	0.53834	0.5	4	2	3	5	1.34
2010-2014	110+	0.76157	1.00000	1.31	2	2	2	2	1.31
2015-2017	0	0.00664	0.00660	0.06	100000	660	99381	7615028	76.15
2015-2017	1	0.00059	0.00059	0.5	99340	59	99311	7515647	75.66
2015-2017	2	0.00025	0.00025	0.5	99281	25	99269	7416336	74.70
2015-2017	3	0.00023	0.00023	0.5	99256	23	99245	7317068	73.72
2015-2017	4	0.00010	0.00010	0.5	99233	10	99228	7217823	72.74
2015-2017	5	0.00013	0.00013	0.5	99223	13	99217	7118595	71.74
2015-2017	6	0.00015	0.00015	0.5	99210	14	99203	7019378	70.75
2015-2017	7	0.00010	0.00010	0.5	99196	10	99191	6920175	69.76
2015-2017	8	0.00011	0.00011	0.5	99186	11	99181	6820984	68.77
2015-2017	9	0.00014	0.00014	0.5	99175	14	99168	6721803	67.78
2015-2017	10	0.00013	0.00013	0.5	99161	13	99154	6622635	66.79
2015-2017	11	0.00008	0.00008	0.5	99148	8	99144	6523481	65.80
2015-2017	12	0.00031	0.00031	0.5	99140	31	99125	6424337	64.80
2015-2017	13	0.00021	0.00021	0.5	99109	21	99099	6325212	63.82
2015-2017	14	0.00028	0.00028	0.5	99088	28	99074	6226114	62.83
2015-2017	15	0.00042	0.00042	0.5	99060	42	99039	6127040	61.85
2015-2017	16	0.00053	0.00053	0.5	99019	53	98992	6028000	60.88
2015-2017	17	0.00067	0.00067	0.5	98966	66	98933	5929008	59.91
2015-2017	18	0.00083	0.00083	0.5	98900	82	98859	5830075	58.95
2015-2017	19	0.00105	0.00105	0.5	98818	104	98766	5731216	58.00
2015-2017	20	0.00120	0.00120	0.5	98714	119	98655	5632450	57.06
2015-2017	21	0.00119	0.00119	0.5	98596	118	98537	5533795	56.13
2015-2017	22	0.00116	0.00116	0.5	98478	114	98421	5435258	55.19
2015-2017	23	0.00122	0.00122	0.5	98364	120	98304	5336837	54.26
2015-2017	24	0.00161	0.00161	0.5	98244	158	98165	5238533	53.32
2015-2017	25	0.00154	0.00154	0.5	98085	151	98010	5140368	52.41
2015-2017	26	0.00146	0.00146	0.5	97934	143	97863	5042358	51.49
2015-2017	27	0.00145	0.00145	0.5	97791	142	97720	4944496	50.56
2015-2017	28	0.00144	0.00144	0.5	97649	141	97579	4846775	49.63
2015-2017	29	0.00181	0.00181	0.5	97509	176	97421	4749196	48.71
2015-2017	30	0.00168	0.00168	0.5	97333	164	97251	4651776	47.79
2015-2017	31	0.00149	0.00149	0.5	97169	145	97096	4554525	46.87
2015-2017	32	0.00144	0.00143	0.5	97024	139	96954	4457429	45.94
2015-2017	33	0.00140	0.00140	0.5	96885	136	96817	4360474	45.01
2015-2017	34	0.00196	0.00196	0.5	96749	189	96654	4263658	44.07
2015-2017	35	0.00180	0.00179	0.5	96559	173	96473	4167004	43.15
2015-2017	36	0.00212	0.00212	0.5	96386	204	96284	4070531	42.23
2015-2017	37	0.00182	0.00181	0.5	96182	174	96094	3974247	41.32
2015-2017	38	0.00206	0.00206	0.5	96007	197	95909	3878152	40.39
2015-2017	39	0.00265	0.00265	0.5	95810	254	95683	3782244	39.48
2015-2017	40	0.00194	0.00194	0.5	95556	185	95463	3686561	38.58
2015-2017	41	0.00244	0.00244	0.5	95371	233	95255	3591098	37.65
2015-2017	42	0.00223	0.00223	0.5	95138	212	95032	3495843	36.74
2015-2017	43	0.00260	0.00260	0.5	94927	247	94803	3400811	35.83
2015-2017	44	0.00282	0.00281	0.5	94680	266	94547	3306007	34.92
2015-2017	45	0.00351	0.00350	0.5	94414	330	94249	3211461	34.01
2015-2017	46	0.00374	0.00373	0.5	94083	351	93908	3117212	33.13
2015-2017	47	0.00408	0.00408	0.5	93733	382	93542	3023304	32.25
2015-2017	48	0.00359	0.00358	0.5	93351	334	93183	2929763	31.38
2015-2017	49	0.00450	0.00449	0.5	93016	418	92808	2836579	30.50
2015-2017	50	0.00536	0.00535	0.5	92599	495	92351	2743772	29.63
2015-2017	51	0.00487	0.00486	0.5	92104	448	91880	2651420	28.79
2015-2017	52	0.00622	0.00620	0.5	91656	568	91372	2559541	27.93
2015-2017	53	0.00667	0.00665	0.5	91088	606	90785	2468169	27.10
2015-2017	54	0.00714	0.00712	0.5	90482	644	90160	2377384	26.27
2015-2017	55	0.00705	0.00702	0.5	89838	631	89523	2287224	25.46
2015-2017	56	0.00889	0.00885	0.5	89207	790	88812	2197701	24.64
2015-2017	57	0.00905	0.00901	0.5	88418	796	88019	2108889	23.85
2015-2017	58	0.01006	0.01001	0.5	87621	877	87183	2020869	23.06
2015-2017	59	0.01020	0.01015	0.5	86744	880	86304	1933687	22.29
2015-2017	60	0.01239	0.01232	0.5	85864	1058	85335	1847383	21.52
2015-2017	61	0.01264	0.01256	0.5	84806	1065	84273	1762048	20.78
2015-2017	62	0.01432	0.01422	0.5	83741	1191	83145	1677774	20.04
2015-2017	63	0.01411	0.01401	0.5	82550	1157	81972	1594629	19.32
2015-2017	64	0.01478	0.01467	0.5	81393	1194	80796	1512657	18.58
2015-2017	65	0.01672	0.01658	0.5	80199	1329	79535	1431861	17.85
2015-2017	66	0.01705	0.01691	0.5	78870	1333	78203	1352326	17.15
2015-2017	67	0.01884	0.01866	0.5	77537	1447	76813	1274123	16.43
2015-2017	68	0.02062	0.02040	0.5	76090	1553	75313	1197310	15.74
2015-2017	69	0.02282	0.02256	0.5	74537	1682	73696	1121997	15.05
2015-2017	70	0.02250	0.02225	0.5	72855	1621	72045	1048300	14.39
2015-2017	71	0.02555	0.02523	0.5	71235	1797	70336	976255	13.70
2015-2017	72	0.02943	0.02900	0.5	69437	2014	68431	905919	13.05
2015-2017	73	0.03215	0.03164	0.5	67424	2133	66357	837489	12.42
2015-2017	74	0.03455	0.03396	0.5	65290	2217	64182	771132	11.81
2015-2017	75	0.03778	0.03708	0.5	63073	2339	61904	706950	11.21
2015-2017	76	0.04229	0.04141	0.5	60734	2515	59477	645046	10.62
2015-2017	77	0.04388	0.04294	0.5	58219	2500	56969	585570	10.06
2015-2017	78	0.05166	0.05036	0.5	55719	2806	54316	528600	9.49
2015-2017	79	0.05235	0.05102	0.5	52913	2699	51564	474284	8.96
2015-2017	80	0.06193	0.06007	0.5	50214	3017	48706	422720	8.42
2015-2017	81	0.07016	0.06779	0.5	47197	3199	45598	374014	7.92
2015-2017	82	0.07739	0.07450	0.5	43998	3278	42359	328416	7.46
2015-2017	83	0.07786	0.07494	0.5	40720	3052	39194	286057	7.02
2015-2017	84	0.08627	0.08270	0.5	37669	3115	36111	246863	6.55
2015-2017	85	0.09453	0.09026	0.5	34553	3119	32994	210752	6.10
2015-2017	86	0.11406	0.10791	0.5	31435	3392	29739	177758	5.65
2015-2017	87	0.11924	0.11253	0.5	28042	3156	26465	148019	5.28
2015-2017	88	0.13681	0.12805	0.5	24887	3187	23293	121555	4.88
2015-2017	89	0.15448	0.14340	0.5	21700	3112	20144	98261	4.53
2015-2017	90	0.17540	0.16126	0.5	18588	2998	17090	78117	4.20
2015-2017	91	0.19309	0.17609	0.5	15591	2745	14218	61028	3.91
2015-2017	92	0.21319	0.19266	0.5	12845	2475	11608	46810	3.64
2015-2017	93	0.23478	0.21011	0.5	10371	2179	9281	35202	3.39
2015-2017	94	0.25783	0.22839	0.5	8192	1871	7256	25920	3.16
2015-2017	95	0.28232	0.24739	0.5	6321	1564	5539	18664	2.95
2015-2017	96	0.30816	0.26702	0.5	4757	1270	4122	13125	2.76
2015-2017	97	0.33526	0.28713	0.5	3487	1001	2986	9004	2.58
2015-2017	98	0.36350	0.30759	0.5	2486	765	2103	6017	2.42
2015-2017	99	0.39271	0.32825	0.5	1721	565	1439	3914	2.27
2015-2017	100	0.42270	0.34895	0.5	1156	403	954	2475	2.14
2015-2017	101	0.45328	0.36953	0.5	753	278	614	1521	2.02
2015-2017	102	0.48421	0.38983	0.5	475	185	382	907	1.91
2015-2017	103	0.51527	0.40971	0.5	290	119	230	525	1.81
2015-2017	104	0.54621	0.42904	0.5	171	73	134	295	1.73
2015-2017	105	0.57679	0.44768	0.5	98	44	76	161	1.65
2015-2017	106	0.60680	0.46555	0.5	54	25	41	85	1.58
2015-2017	107	0.63602	0.48256	0.5	29	14	22	44	1.52
2015-2017	108	0.66427	0.49865	0.5	15	7	11	22	1.46
2015-2017	109	0.69140	0.51378	0.5	7	4	6	11	1.42
2015-2017	110+	0.71726	1.00000	1.39	4	4	5	5	1.39
