KS: Kansas, Lifetables (period 1x10), Males Last modified: 3 Dec 2019, MPv5 (May07) 

Year     	Age	mx	qx	ax	lx	dx	Lx	Tx	ex
1960-1969	0	0.02449	0.02396	0.11	100000	2396	97869	6863761	68.64
1960-1969	1	0.00152	0.00152	0.5	97604	149	97529	6765892	69.32
1960-1969	2	0.00105	0.00105	0.5	97455	102	97404	6668363	68.43
1960-1969	3	0.00075	0.00075	0.5	97353	73	97316	6570959	67.50
1960-1969	4	0.00060	0.00060	0.5	97280	59	97251	6473643	66.55
1960-1969	5	0.00055	0.00055	0.5	97221	53	97195	6376392	65.59
1960-1969	6	0.00051	0.00051	0.5	97168	49	97144	6279197	64.62
1960-1969	7	0.00043	0.00043	0.5	97119	42	97098	6182053	63.65
1960-1969	8	0.00047	0.00047	0.5	97077	46	97054	6084955	62.68
1960-1969	9	0.00046	0.00046	0.5	97032	45	97009	5987901	61.71
1960-1969	10	0.00048	0.00048	0.5	96987	47	96964	5890891	60.74
1960-1969	11	0.00047	0.00047	0.5	96940	45	96918	5793928	59.77
1960-1969	12	0.00048	0.00048	0.5	96895	46	96872	5697010	58.80
1960-1969	13	0.00053	0.00053	0.5	96849	52	96823	5600139	57.82
1960-1969	14	0.00074	0.00074	0.5	96797	71	96761	5503316	56.85
1960-1969	15	0.00104	0.00104	0.5	96726	100	96676	5406555	55.90
1960-1969	16	0.00139	0.00139	0.5	96625	134	96558	5309879	54.95
1960-1969	17	0.00147	0.00147	0.5	96491	142	96420	5213321	54.03
1960-1969	18	0.00186	0.00185	0.5	96349	179	96260	5116900	53.11
1960-1969	19	0.00198	0.00198	0.5	96171	190	96076	5020640	52.21
1960-1969	20	0.00187	0.00187	0.5	95981	180	95891	4924565	51.31
1960-1969	21	0.00209	0.00208	0.5	95801	200	95701	4828674	50.40
1960-1969	22	0.00180	0.00180	0.5	95601	172	95515	4732973	49.51
1960-1969	23	0.00189	0.00189	0.5	95429	180	95339	4637458	48.60
1960-1969	24	0.00182	0.00182	0.5	95249	173	95162	4542119	47.69
1960-1969	25	0.00167	0.00167	0.5	95076	159	94996	4446956	46.77
1960-1969	26	0.00160	0.00159	0.5	94917	151	94841	4351960	45.85
1960-1969	27	0.00161	0.00161	0.5	94766	153	94689	4257119	44.92
1960-1969	28	0.00155	0.00154	0.5	94613	146	94540	4162429	43.99
1960-1969	29	0.00166	0.00166	0.5	94467	157	94389	4067889	43.06
1960-1969	30	0.00169	0.00169	0.5	94310	160	94231	3973500	42.13
1960-1969	31	0.00188	0.00188	0.5	94151	177	94062	3879270	41.20
1960-1969	32	0.00163	0.00163	0.5	93974	153	93897	3785208	40.28
1960-1969	33	0.00178	0.00178	0.5	93820	167	93737	3691311	39.34
1960-1969	34	0.00185	0.00185	0.5	93653	173	93567	3597574	38.41
1960-1969	35	0.00201	0.00201	0.5	93481	188	93387	3504007	37.48
1960-1969	36	0.00224	0.00223	0.5	93293	208	93189	3410620	36.56
1960-1969	37	0.00233	0.00232	0.5	93084	216	92976	3317432	35.64
1960-1969	38	0.00244	0.00244	0.5	92868	226	92755	3224455	34.72
1960-1969	39	0.00292	0.00292	0.5	92642	270	92507	3131701	33.80
1960-1969	40	0.00323	0.00322	0.5	92372	298	92223	3039194	32.90
1960-1969	41	0.00321	0.00320	0.5	92074	295	91926	2946971	32.01
1960-1969	42	0.00358	0.00358	0.5	91779	328	91615	2855045	31.11
1960-1969	43	0.00412	0.00411	0.5	91451	376	91263	2763430	30.22
1960-1969	44	0.00476	0.00475	0.5	91075	433	90859	2672167	29.34
1960-1969	45	0.00472	0.00471	0.5	90642	427	90429	2581308	28.48
1960-1969	46	0.00521	0.00520	0.5	90215	469	89980	2490880	27.61
1960-1969	47	0.00586	0.00584	0.5	89746	524	89484	2400899	26.75
1960-1969	48	0.00639	0.00637	0.5	89222	569	88938	2311415	25.91
1960-1969	49	0.00743	0.00741	0.5	88653	656	88325	2222478	25.07
1960-1969	50	0.00806	0.00803	0.5	87997	707	87643	2134153	24.25
1960-1969	51	0.00879	0.00875	0.5	87290	764	86908	2046509	23.44
1960-1969	52	0.01056	0.01050	0.5	86526	909	86072	1959601	22.65
1960-1969	53	0.01064	0.01058	0.5	85617	906	85164	1873530	21.88
1960-1969	54	0.01241	0.01233	0.5	84711	1045	84189	1788365	21.11
1960-1969	55	0.01264	0.01256	0.5	83667	1051	83141	1704176	20.37
1960-1969	56	0.01459	0.01448	0.5	82616	1197	82018	1621035	19.62
1960-1969	57	0.01615	0.01602	0.5	81419	1304	80767	1539017	18.90
1960-1969	58	0.01651	0.01638	0.5	80115	1312	79459	1458250	18.20
1960-1969	59	0.01881	0.01863	0.5	78803	1468	78069	1378791	17.50
1960-1969	60	0.02014	0.01994	0.5	77334	1542	76563	1300723	16.82
1960-1969	61	0.02202	0.02178	0.5	75792	1651	74967	1224159	16.15
1960-1969	62	0.02423	0.02394	0.5	74141	1775	73254	1149192	15.50
1960-1969	63	0.02572	0.02539	0.5	72366	1837	71448	1075938	14.87
1960-1969	64	0.02772	0.02734	0.5	70529	1928	69565	1004491	14.24
1960-1969	65	0.03104	0.03057	0.5	68601	2097	67552	934926	13.63
1960-1969	66	0.03299	0.03245	0.5	66504	2158	65425	867374	13.04
1960-1969	67	0.03618	0.03553	0.5	64346	2287	63202	801949	12.46
1960-1969	68	0.03687	0.03620	0.5	62059	2247	60936	738747	11.90
1960-1969	69	0.04106	0.04023	0.5	59812	2406	58609	677811	11.33
1960-1969	70	0.04498	0.04399	0.5	57406	2525	56143	619202	10.79
1960-1969	71	0.04834	0.04720	0.5	54881	2590	53586	563059	10.26
1960-1969	72	0.05297	0.05160	0.5	52291	2698	50941	509473	9.74
1960-1969	73	0.05474	0.05328	0.5	49592	2642	48271	458532	9.25
1960-1969	74	0.06261	0.06071	0.5	46950	2850	45525	410261	8.74
1960-1969	75	0.06880	0.06651	0.5	44100	2933	42633	364736	8.27
1960-1969	76	0.07395	0.07131	0.5	41167	2936	39699	322102	7.82
1960-1969	77	0.08073	0.07760	0.5	38231	2967	36748	282403	7.39
1960-1969	78	0.08900	0.08520	0.5	35264	3005	33762	245655	6.97
1960-1969	79	0.09511	0.09079	0.5	32260	2929	30795	211893	6.57
1960-1969	80	0.10557	0.10028	0.5	29331	2941	27860	181098	6.17
1960-1969	81	0.11281	0.10679	0.5	26390	2818	24981	153238	5.81
1960-1969	82	0.12678	0.11922	0.5	23572	2810	22166	128257	5.44
1960-1969	83	0.13932	0.13025	0.5	20761	2704	19409	106091	5.11
1960-1969	84	0.15292	0.14206	0.5	18057	2565	16775	86681	4.80
1960-1969	85	0.16572	0.15304	0.5	15492	2371	14307	69907	4.51
1960-1969	86	0.18100	0.16598	0.5	13121	2178	12032	55600	4.24
1960-1969	87	0.19919	0.18115	0.5	10943	1982	9952	43568	3.98
1960-1969	88	0.21019	0.19020	0.5	8961	1704	8109	33616	3.75
1960-1969	89	0.23380	0.20933	0.5	7257	1519	6497	25507	3.51
1960-1969	90	0.24851	0.22105	0.5	5738	1268	5103	19010	3.31
1960-1969	91	0.27135	0.23893	0.5	4469	1068	3935	13906	3.11
1960-1969	92	0.29259	0.25525	0.5	3401	868	2967	9971	2.93
1960-1969	93	0.31477	0.27196	0.5	2533	689	2189	7004	2.76
1960-1969	94	0.33783	0.28901	0.5	1844	533	1578	4815	2.61
1960-1969	95	0.36168	0.30629	0.5	1311	402	1110	3237	2.47
1960-1969	96	0.38624	0.32372	0.5	910	294	762	2127	2.34
1960-1969	97	0.41139	0.34121	0.5	615	210	510	1364	2.22
1960-1969	98	0.43701	0.35865	0.5	405	145	333	854	2.11
1960-1969	99	0.46297	0.37595	0.5	260	98	211	521	2.01
1960-1969	100	0.48914	0.39302	0.5	162	64	130	310	1.91
1960-1969	101	0.51536	0.40977	0.5	98	40	78	180	1.83
1960-1969	102	0.54150	0.42613	0.5	58	25	46	102	1.75
1960-1969	103	0.56742	0.44201	0.5	33	15	26	56	1.68
1960-1969	104	0.59297	0.45737	0.5	19	9	14	30	1.62
1960-1969	105	0.61802	0.47213	0.5	10	5	8	16	1.56
1960-1969	106	0.64247	0.48626	0.5	5	3	4	8	1.51
1960-1969	107	0.66619	0.49973	0.5	3	1	2	4	1.46
1960-1969	108	0.68911	0.51252	0.5	1	1	1	2	1.42
1960-1969	109	0.71113	0.52460	0.5	1	0	0	1	1.39
1960-1969	110+	0.73220	1.00000	1.37	0	0	0	0	1.37
1970-1979	0	0.01701	0.01675	0.09	100000	1675	98477	7005528	70.06
1970-1979	1	0.00128	0.00128	0.5	98325	125	98263	6907051	70.25
1970-1979	2	0.00078	0.00078	0.5	98200	77	98162	6808788	69.34
1970-1979	3	0.00053	0.00053	0.5	98123	52	98097	6710627	68.39
1970-1979	4	0.00058	0.00058	0.5	98071	57	98043	6612529	67.43
1970-1979	5	0.00047	0.00047	0.5	98015	46	97992	6514486	66.46
1970-1979	6	0.00041	0.00041	0.5	97969	41	97948	6416495	65.50
1970-1979	7	0.00039	0.00039	0.5	97928	38	97909	6318546	64.52
1970-1979	8	0.00035	0.00035	0.5	97890	34	97873	6220637	63.55
1970-1979	9	0.00042	0.00042	0.5	97856	41	97836	6122764	62.57
1970-1979	10	0.00033	0.00033	0.5	97815	32	97799	6024928	61.60
1970-1979	11	0.00036	0.00036	0.5	97783	36	97765	5927129	60.62
1970-1979	12	0.00045	0.00045	0.5	97747	44	97725	5829364	59.64
1970-1979	13	0.00049	0.00049	0.5	97703	48	97679	5731639	58.66
1970-1979	14	0.00055	0.00055	0.5	97655	54	97628	5633960	57.69
1970-1979	15	0.00094	0.00094	0.5	97601	92	97555	5536332	56.72
1970-1979	16	0.00126	0.00126	0.5	97509	123	97448	5438777	55.78
1970-1979	17	0.00146	0.00146	0.5	97386	142	97315	5341330	54.85
1970-1979	18	0.00183	0.00183	0.5	97244	177	97155	5244015	53.93
1970-1979	19	0.00214	0.00213	0.5	97066	207	96963	5146860	53.02
1970-1979	20	0.00210	0.00210	0.5	96859	203	96757	5049897	52.14
1970-1979	21	0.00207	0.00207	0.5	96656	200	96555	4953140	51.25
1970-1979	22	0.00175	0.00175	0.5	96455	169	96371	4856585	50.35
1970-1979	23	0.00190	0.00190	0.5	96286	183	96195	4760214	49.44
1970-1979	24	0.00163	0.00163	0.5	96103	157	96025	4664019	48.53
1970-1979	25	0.00172	0.00172	0.5	95947	165	95864	4567994	47.61
1970-1979	26	0.00164	0.00164	0.5	95782	157	95704	4472130	46.69
1970-1979	27	0.00179	0.00178	0.5	95625	171	95540	4376426	45.77
1970-1979	28	0.00147	0.00147	0.5	95454	141	95384	4280886	44.85
1970-1979	29	0.00161	0.00161	0.5	95314	154	95237	4185502	43.91
1970-1979	30	0.00166	0.00166	0.5	95160	158	95081	4090265	42.98
1970-1979	31	0.00170	0.00170	0.5	95002	162	94921	3995184	42.05
1970-1979	32	0.00177	0.00177	0.5	94840	167	94757	3900263	41.12
1970-1979	33	0.00161	0.00160	0.5	94673	152	94597	3805506	40.20
1970-1979	34	0.00161	0.00161	0.5	94521	152	94445	3710909	39.26
1970-1979	35	0.00197	0.00197	0.5	94369	186	94276	3616464	38.32
1970-1979	36	0.00201	0.00201	0.5	94183	189	94088	3522188	37.40
1970-1979	37	0.00216	0.00216	0.5	93994	203	93892	3428100	36.47
1970-1979	38	0.00268	0.00268	0.5	93791	251	93665	3334208	35.55
1970-1979	39	0.00259	0.00259	0.5	93539	242	93418	3240543	34.64
1970-1979	40	0.00258	0.00258	0.5	93297	241	93177	3147125	33.73
1970-1979	41	0.00324	0.00323	0.5	93057	301	92906	3053948	32.82
1970-1979	42	0.00357	0.00356	0.5	92756	330	92591	2961041	31.92
1970-1979	43	0.00354	0.00353	0.5	92426	326	92262	2868451	31.04
1970-1979	44	0.00416	0.00415	0.5	92099	382	91908	2776188	30.14
1970-1979	45	0.00445	0.00444	0.5	91717	408	91513	2684280	29.27
1970-1979	46	0.00471	0.00470	0.5	91309	429	91095	2592767	28.40
1970-1979	47	0.00573	0.00571	0.5	90881	519	90621	2501671	27.53
1970-1979	48	0.00616	0.00614	0.5	90362	555	90084	2411050	26.68
1970-1979	49	0.00684	0.00681	0.5	89807	612	89501	2320966	25.84
1970-1979	50	0.00773	0.00770	0.5	89195	687	88852	2231465	25.02
1970-1979	51	0.00822	0.00819	0.5	88508	724	88146	2142613	24.21
1970-1979	52	0.00895	0.00891	0.5	87784	782	87393	2054467	23.40
1970-1979	53	0.00916	0.00912	0.5	87002	793	86605	1967074	22.61
1970-1979	54	0.01029	0.01024	0.5	86209	882	85767	1880468	21.81
1970-1979	55	0.01209	0.01202	0.5	85326	1026	84813	1794701	21.03
1970-1979	56	0.01217	0.01210	0.5	84301	1020	83791	1709888	20.28
1970-1979	57	0.01336	0.01327	0.5	83281	1105	82728	1626097	19.53
1970-1979	58	0.01568	0.01556	0.5	82175	1279	81536	1543369	18.78
1970-1979	59	0.01711	0.01697	0.5	80897	1373	80210	1461833	18.07
1970-1979	60	0.01802	0.01786	0.5	79524	1420	78814	1381622	17.37
1970-1979	61	0.02031	0.02011	0.5	78104	1571	77319	1302809	16.68
1970-1979	62	0.02216	0.02191	0.5	76533	1677	75695	1225490	16.01
1970-1979	63	0.02478	0.02448	0.5	74856	1832	73940	1149795	15.36
1970-1979	64	0.02598	0.02565	0.5	73024	1873	72088	1075855	14.73
1970-1979	65	0.02823	0.02784	0.5	71151	1981	70161	1003768	14.11
1970-1979	66	0.03062	0.03016	0.5	69170	2086	68127	933607	13.50
1970-1979	67	0.03336	0.03281	0.5	67084	2201	65983	865480	12.90
1970-1979	68	0.03593	0.03529	0.5	64883	2290	63738	799496	12.32
1970-1979	69	0.03940	0.03864	0.5	62593	2419	61384	735758	11.75
1970-1979	70	0.04068	0.03987	0.5	60174	2399	58975	674375	11.21
1970-1979	71	0.04730	0.04621	0.5	57775	2670	56440	615400	10.65
1970-1979	72	0.05167	0.05037	0.5	55105	2775	53718	558960	10.14
1970-1979	73	0.05359	0.05220	0.5	52330	2731	50964	505242	9.65
1970-1979	74	0.05961	0.05788	0.5	49598	2871	48163	454278	9.16
1970-1979	75	0.06680	0.06464	0.5	46728	3020	45217	406115	8.69
1970-1979	76	0.07163	0.06915	0.5	43707	3022	42196	360898	8.26
1970-1979	77	0.07687	0.07403	0.5	40685	3012	39179	318702	7.83
1970-1979	78	0.08156	0.07837	0.5	37673	2952	36197	279523	7.42
1970-1979	79	0.08984	0.08598	0.5	34721	2985	33228	243326	7.01
1970-1979	80	0.09817	0.09358	0.5	31736	2970	30251	210097	6.62
1970-1979	81	0.10625	0.10089	0.5	28766	2902	27315	179847	6.25
1970-1979	82	0.11577	0.10944	0.5	25864	2830	24448	152532	5.90
1970-1979	83	0.12406	0.11681	0.5	23033	2691	21688	128084	5.56
1970-1979	84	0.13980	0.13067	0.5	20343	2658	19014	106396	5.23
1970-1979	85	0.14225	0.13281	0.5	17684	2349	16510	87382	4.94
1970-1979	86	0.16291	0.15064	0.5	15336	2310	14181	70872	4.62
1970-1979	87	0.17794	0.16340	0.5	13026	2128	11961	56691	4.35
1970-1979	88	0.18409	0.16857	0.5	10897	1837	9979	44730	4.10
1970-1979	89	0.20287	0.18418	0.5	9060	1669	8226	34751	3.84
1970-1979	90	0.23644	0.21144	0.5	7392	1563	6610	26525	3.59
1970-1979	91	0.24266	0.21641	0.5	5829	1261	5198	19915	3.42
1970-1979	92	0.26152	0.23128	0.5	4567	1056	4039	14717	3.22
1970-1979	93	0.28131	0.24662	0.5	3511	866	3078	10678	3.04
1970-1979	94	0.30198	0.26236	0.5	2645	694	2298	7600	2.87
1970-1979	95	0.32348	0.27845	0.5	1951	543	1679	5302	2.72
1970-1979	96	0.34576	0.29479	0.5	1408	415	1200	3622	2.57
1970-1979	97	0.36873	0.31133	0.5	993	309	838	2422	2.44
1970-1979	98	0.39232	0.32798	0.5	684	224	572	1584	2.32
1970-1979	99	0.41642	0.34466	0.5	459	158	380	1012	2.20
1970-1979	100	0.44092	0.36128	0.5	301	109	247	632	2.10
1970-1979	101	0.46572	0.37776	0.5	192	73	156	385	2.00
1970-1979	102	0.49069	0.39402	0.5	120	47	96	229	1.91
1970-1979	103	0.51570	0.40999	0.5	73	30	58	133	1.83
1970-1979	104	0.54064	0.42559	0.5	43	18	34	75	1.76
1970-1979	105	0.56537	0.44077	0.5	25	11	19	42	1.69
1970-1979	106	0.58978	0.45547	0.5	14	6	11	22	1.63
1970-1979	107	0.61376	0.46964	0.5	7	4	6	12	1.58
1970-1979	108	0.63720	0.48324	0.5	4	2	3	6	1.53
1970-1979	109	0.66000	0.49624	0.5	2	1	2	3	1.49
1970-1979	110+	0.68209	1.00000	1.47	1	1	2	2	1.47
1980-1989	0	0.01101	0.01090	0.07	100000	1090	98991	7246638	72.47
1980-1989	1	0.00097	0.00097	0.5	98910	96	98862	7147646	72.26
1980-1989	2	0.00062	0.00062	0.5	98814	61	98783	7048784	71.33
1980-1989	3	0.00044	0.00044	0.5	98753	43	98731	6950001	70.38
1980-1989	4	0.00040	0.00040	0.5	98710	39	98690	6851270	69.41
1980-1989	5	0.00035	0.00035	0.5	98670	34	98653	6752580	68.44
1980-1989	6	0.00028	0.00028	0.5	98636	28	98622	6653927	67.46
1980-1989	7	0.00025	0.00025	0.5	98608	25	98596	6555304	66.48
1980-1989	8	0.00023	0.00023	0.5	98584	22	98573	6456708	65.49
1980-1989	9	0.00024	0.00024	0.5	98562	23	98550	6358135	64.51
1980-1989	10	0.00034	0.00034	0.5	98538	34	98521	6259586	63.52
1980-1989	11	0.00034	0.00034	0.5	98505	33	98488	6161064	62.55
1980-1989	12	0.00037	0.00037	0.5	98471	36	98453	6062576	61.57
1980-1989	13	0.00041	0.00041	0.5	98435	41	98415	5964123	60.59
1980-1989	14	0.00049	0.00049	0.5	98394	49	98370	5865708	59.61
1980-1989	15	0.00068	0.00068	0.5	98346	67	98312	5767338	58.64
1980-1989	16	0.00096	0.00096	0.5	98279	95	98231	5669026	57.68
1980-1989	17	0.00116	0.00116	0.5	98184	114	98127	5570795	56.74
1980-1989	18	0.00162	0.00162	0.5	98070	159	97991	5472668	55.80
1980-1989	19	0.00172	0.00171	0.5	97911	168	97827	5374677	54.89
1980-1989	20	0.00166	0.00166	0.5	97743	162	97662	5276850	53.99
1980-1989	21	0.00153	0.00153	0.5	97581	150	97506	5179187	53.08
1980-1989	22	0.00156	0.00156	0.5	97431	152	97355	5081681	52.16
1980-1989	23	0.00168	0.00167	0.5	97279	163	97198	4984326	51.24
1980-1989	24	0.00134	0.00134	0.5	97117	131	97051	4887128	50.32
1980-1989	25	0.00149	0.00149	0.5	96986	144	96914	4790076	49.39
1980-1989	26	0.00136	0.00136	0.5	96842	131	96776	4693163	48.46
1980-1989	27	0.00156	0.00156	0.5	96710	151	96635	4596386	47.53
1980-1989	28	0.00151	0.00151	0.5	96559	146	96486	4499752	46.60
1980-1989	29	0.00141	0.00141	0.5	96413	136	96345	4403265	45.67
1980-1989	30	0.00149	0.00149	0.5	96277	144	96205	4306920	44.73
1980-1989	31	0.00160	0.00160	0.5	96134	154	96057	4210715	43.80
1980-1989	32	0.00156	0.00156	0.5	95980	150	95905	4114658	42.87
1980-1989	33	0.00153	0.00153	0.5	95830	146	95757	4018753	41.94
1980-1989	34	0.00153	0.00153	0.5	95684	147	95610	3922997	41.00
1980-1989	35	0.00152	0.00152	0.5	95537	145	95464	3827386	40.06
1980-1989	36	0.00182	0.00181	0.5	95391	173	95305	3731922	39.12
1980-1989	37	0.00187	0.00187	0.5	95218	178	95129	3636618	38.19
1980-1989	38	0.00199	0.00199	0.5	95040	189	94945	3541488	37.26
1980-1989	39	0.00192	0.00192	0.5	94851	182	94760	3446543	36.34
1980-1989	40	0.00225	0.00225	0.5	94669	213	94562	3351783	35.41
1980-1989	41	0.00239	0.00239	0.5	94456	225	94343	3257221	34.48
1980-1989	42	0.00247	0.00247	0.5	94231	233	94114	3162878	33.57
1980-1989	43	0.00265	0.00264	0.5	93998	248	93873	3068764	32.65
1980-1989	44	0.00299	0.00298	0.5	93749	279	93610	2974890	31.73
1980-1989	45	0.00346	0.00345	0.5	93470	323	93308	2881281	30.83
1980-1989	46	0.00384	0.00383	0.5	93147	357	92968	2787972	29.93
1980-1989	47	0.00404	0.00403	0.5	92790	374	92603	2695004	29.04
1980-1989	48	0.00495	0.00494	0.5	92416	456	92188	2602401	28.16
1980-1989	49	0.00489	0.00488	0.5	91960	449	91735	2510213	27.30
1980-1989	50	0.00568	0.00567	0.5	91511	518	91252	2418478	26.43
1980-1989	51	0.00617	0.00615	0.5	90992	560	90712	2327226	25.58
1980-1989	52	0.00717	0.00715	0.5	90432	646	90109	2236514	24.73
1980-1989	53	0.00794	0.00791	0.5	89786	710	89431	2146404	23.91
1980-1989	54	0.00902	0.00898	0.5	89076	800	88676	2056973	23.09
1980-1989	55	0.00967	0.00962	0.5	88277	849	87852	1968297	22.30
1980-1989	56	0.01059	0.01054	0.5	87427	921	86967	1880445	21.51
1980-1989	57	0.01156	0.01149	0.5	86506	994	86009	1793478	20.73
1980-1989	58	0.01270	0.01262	0.5	85512	1080	84972	1707469	19.97
1980-1989	59	0.01369	0.01360	0.5	84432	1148	83858	1622497	19.22
1980-1989	60	0.01469	0.01458	0.5	83284	1214	82677	1538638	18.47
1980-1989	61	0.01651	0.01638	0.5	82070	1344	81398	1455961	17.74
1980-1989	62	0.01888	0.01870	0.5	80726	1510	79971	1374564	17.03
1980-1989	63	0.02007	0.01987	0.5	79216	1574	78429	1294593	16.34
1980-1989	64	0.02155	0.02132	0.5	77642	1656	76814	1216164	15.66
1980-1989	65	0.02475	0.02444	0.5	75987	1857	75058	1139349	14.99
1980-1989	66	0.02625	0.02591	0.5	74129	1921	73169	1064291	14.36
1980-1989	67	0.02855	0.02815	0.5	72208	2032	71192	991123	13.73
1980-1989	68	0.03307	0.03253	0.5	70176	2283	69034	919931	13.11
1980-1989	69	0.03353	0.03298	0.5	67893	2239	66773	850897	12.53
1980-1989	70	0.03705	0.03637	0.5	65654	2388	64459	784124	11.94
1980-1989	71	0.03984	0.03906	0.5	63265	2471	62030	719664	11.38
1980-1989	72	0.04613	0.04509	0.5	60794	2741	59423	657634	10.82
1980-1989	73	0.04917	0.04799	0.5	58053	2786	56660	598211	10.30
1980-1989	74	0.05238	0.05104	0.5	55267	2821	53856	541551	9.80
1980-1989	75	0.05826	0.05661	0.5	52446	2969	50961	487695	9.30
1980-1989	76	0.06074	0.05895	0.5	49477	2916	48019	436733	8.83
1980-1989	77	0.06908	0.06678	0.5	46560	3109	45006	388715	8.35
1980-1989	78	0.07205	0.06955	0.5	43451	3022	41940	343709	7.91
1980-1989	79	0.08377	0.08040	0.5	40429	3251	38804	301768	7.46
1980-1989	80	0.08629	0.08272	0.5	37179	3075	35641	262964	7.07
1980-1989	81	0.09639	0.09195	0.5	34104	3136	32536	227323	6.67
1980-1989	82	0.10524	0.09998	0.5	30968	3096	29419	194787	6.29
1980-1989	83	0.11370	0.10758	0.5	27871	2999	26372	165368	5.93
1980-1989	84	0.12266	0.11557	0.5	24873	2875	23436	138996	5.59
1980-1989	85	0.13793	0.12904	0.5	21998	2839	20579	115560	5.25
1980-1989	86	0.14107	0.13178	0.5	19160	2525	17897	94981	4.96
1980-1989	87	0.16078	0.14881	0.5	16635	2476	15397	77084	4.63
1980-1989	88	0.17306	0.15928	0.5	14159	2255	13032	61687	4.36
1980-1989	89	0.19373	0.17662	0.5	11904	2103	10853	48655	4.09
1980-1989	90	0.20734	0.18787	0.5	9802	1841	8881	37802	3.86
1980-1989	91	0.22167	0.19955	0.5	7960	1588	7166	28921	3.63
1980-1989	92	0.24227	0.21610	0.5	6372	1377	5683	21755	3.41
1980-1989	93	0.26139	0.23118	0.5	4995	1155	4417	16072	3.22
1980-1989	94	0.28146	0.24674	0.5	3840	948	3366	11654	3.03
1980-1989	95	0.30244	0.26271	0.5	2893	760	2513	8288	2.87
1980-1989	96	0.32428	0.27903	0.5	2133	595	1835	5775	2.71
1980-1989	97	0.34690	0.29563	0.5	1538	455	1310	3940	2.56
1980-1989	98	0.37025	0.31241	0.5	1083	338	914	2630	2.43
1980-1989	99	0.39421	0.32930	0.5	745	245	622	1716	2.30
1980-1989	100	0.41869	0.34622	0.5	499	173	413	1094	2.19
1980-1989	101	0.44359	0.36306	0.5	327	119	267	681	2.09
1980-1989	102	0.46876	0.37976	0.5	208	79	168	414	1.99
1980-1989	103	0.49410	0.39622	0.5	129	51	103	245	1.90
1980-1989	104	0.51947	0.41237	0.5	78	32	62	142	1.82
1980-1989	105	0.54474	0.42813	0.5	46	20	36	80	1.75
1980-1989	106	0.56978	0.44345	0.5	26	12	20	44	1.68
1980-1989	107	0.59447	0.45826	0.5	15	7	11	24	1.62
1980-1989	108	0.61869	0.47252	0.5	8	4	6	12	1.57
1980-1989	109	0.64233	0.48619	0.5	4	2	3	6	1.53
1980-1989	110+	0.66530	1.00000	1.5	2	2	3	3	1.50
1990-1999	0	0.00897	0.00889	0.07	100000	889	99172	7395087	73.95
1990-1999	1	0.00077	0.00077	0.5	99111	76	99073	7295915	73.61
1990-1999	2	0.00046	0.00046	0.5	99035	46	99012	7196842	72.67
1990-1999	3	0.00042	0.00042	0.5	98989	41	98968	7097830	71.70
1990-1999	4	0.00038	0.00038	0.5	98948	38	98929	6998862	70.73
1990-1999	5	0.00032	0.00032	0.5	98910	32	98894	6899933	69.76
1990-1999	6	0.00029	0.00029	0.5	98878	29	98864	6801039	68.78
1990-1999	7	0.00025	0.00025	0.5	98850	25	98837	6702175	67.80
1990-1999	8	0.00019	0.00019	0.5	98825	19	98816	6603337	66.82
1990-1999	9	0.00020	0.00020	0.5	98806	20	98796	6504522	65.83
1990-1999	10	0.00025	0.00025	0.5	98787	24	98774	6405725	64.84
1990-1999	11	0.00019	0.00019	0.5	98762	19	98753	6306951	63.86
1990-1999	12	0.00026	0.00026	0.5	98743	26	98730	6208199	62.87
1990-1999	13	0.00031	0.00031	0.5	98717	31	98702	6109468	61.89
1990-1999	14	0.00046	0.00046	0.5	98686	46	98663	6010767	60.91
1990-1999	15	0.00075	0.00075	0.5	98641	74	98603	5912103	59.94
1990-1999	16	0.00098	0.00098	0.5	98566	97	98518	5813500	58.98
1990-1999	17	0.00124	0.00124	0.5	98469	122	98408	5714982	58.04
1990-1999	18	0.00144	0.00144	0.5	98347	142	98276	5616574	57.11
1990-1999	19	0.00162	0.00162	0.5	98206	159	98126	5518297	56.19
1990-1999	20	0.00139	0.00139	0.5	98046	136	97978	5420171	55.28
1990-1999	21	0.00144	0.00144	0.5	97910	141	97840	5322193	54.36
1990-1999	22	0.00137	0.00137	0.5	97769	134	97702	5224353	53.44
1990-1999	23	0.00151	0.00151	0.5	97636	147	97562	5126651	52.51
1990-1999	24	0.00145	0.00145	0.5	97489	141	97418	5029089	51.59
1990-1999	25	0.00146	0.00146	0.5	97347	142	97276	4931671	50.66
1990-1999	26	0.00130	0.00130	0.5	97206	126	97143	4834394	49.73
1990-1999	27	0.00129	0.00129	0.5	97080	125	97017	4737252	48.80
1990-1999	28	0.00131	0.00131	0.5	96955	127	96891	4640235	47.86
1990-1999	29	0.00128	0.00128	0.5	96828	124	96766	4543343	46.92
1990-1999	30	0.00157	0.00157	0.5	96704	152	96629	4446577	45.98
1990-1999	31	0.00163	0.00163	0.5	96553	157	96474	4349948	45.05
1990-1999	32	0.00173	0.00173	0.5	96395	166	96312	4253474	44.13
1990-1999	33	0.00172	0.00172	0.5	96229	166	96146	4157162	43.20
1990-1999	34	0.00165	0.00165	0.5	96063	158	95984	4061016	42.27
1990-1999	35	0.00159	0.00158	0.5	95905	152	95829	3965032	41.34
1990-1999	36	0.00179	0.00179	0.5	95753	171	95668	3869203	40.41
1990-1999	37	0.00195	0.00195	0.5	95582	187	95489	3773535	39.48
1990-1999	38	0.00203	0.00203	0.5	95396	194	95299	3678046	38.56
1990-1999	39	0.00213	0.00213	0.5	95202	203	95100	3582748	37.63
1990-1999	40	0.00205	0.00205	0.5	94999	195	94902	3487647	36.71
1990-1999	41	0.00243	0.00243	0.5	94804	230	94689	3392745	35.79
1990-1999	42	0.00258	0.00258	0.5	94574	244	94452	3298056	34.87
1990-1999	43	0.00261	0.00260	0.5	94330	245	94208	3203604	33.96
1990-1999	44	0.00288	0.00287	0.5	94085	270	93950	3109396	33.05
1990-1999	45	0.00299	0.00299	0.5	93815	280	93675	3015447	32.14
1990-1999	46	0.00327	0.00326	0.5	93535	305	93382	2921772	31.24
1990-1999	47	0.00388	0.00388	0.5	93229	361	93049	2828390	30.34
1990-1999	48	0.00423	0.00422	0.5	92868	392	92672	2735341	29.45
1990-1999	49	0.00430	0.00429	0.5	92477	397	92278	2642669	28.58
1990-1999	50	0.00458	0.00457	0.5	92080	421	91869	2550391	27.70
1990-1999	51	0.00530	0.00529	0.5	91659	485	91417	2458521	26.82
1990-1999	52	0.00591	0.00589	0.5	91174	537	90906	2367105	25.96
1990-1999	53	0.00694	0.00692	0.5	90637	627	90324	2276199	25.11
1990-1999	54	0.00718	0.00715	0.5	90010	644	89688	2185875	24.28
1990-1999	55	0.00813	0.00809	0.5	89366	723	89005	2096187	23.46
1990-1999	56	0.00880	0.00876	0.5	88643	777	88255	2007182	22.64
1990-1999	57	0.00929	0.00924	0.5	87866	812	87460	1918927	21.84
1990-1999	58	0.01115	0.01109	0.5	87054	965	86572	1831467	21.04
1990-1999	59	0.01176	0.01169	0.5	86089	1006	85586	1744895	20.27
1990-1999	60	0.01297	0.01289	0.5	85083	1097	84535	1659309	19.50
1990-1999	61	0.01477	0.01466	0.5	83986	1232	83370	1574774	18.75
1990-1999	62	0.01573	0.01561	0.5	82755	1292	82109	1491404	18.02
1990-1999	63	0.01671	0.01657	0.5	81463	1350	80788	1409295	17.30
1990-1999	64	0.01940	0.01921	0.5	80113	1539	79344	1328507	16.58
1990-1999	65	0.02122	0.02100	0.5	78574	1650	77749	1249163	15.90
1990-1999	66	0.02261	0.02236	0.5	76924	1720	76064	1171414	15.23
1990-1999	67	0.02361	0.02334	0.5	75204	1755	74326	1095350	14.57
1990-1999	68	0.02720	0.02684	0.5	73449	1971	72463	1021024	13.90
1990-1999	69	0.02986	0.02942	0.5	71478	2103	70426	948560	13.27
1990-1999	70	0.03320	0.03265	0.5	69375	2265	68242	878134	12.66
1990-1999	71	0.03625	0.03561	0.5	67109	2389	65915	809892	12.07
1990-1999	72	0.03683	0.03617	0.5	64720	2341	63550	743977	11.50
1990-1999	73	0.04234	0.04146	0.5	62379	2586	61086	680428	10.91
1990-1999	74	0.04563	0.04461	0.5	59793	2667	58459	619342	10.36
1990-1999	75	0.04940	0.04821	0.5	57126	2754	55749	560882	9.82
1990-1999	76	0.05306	0.05169	0.5	54371	2810	52966	505134	9.29
1990-1999	77	0.05938	0.05767	0.5	51561	2973	50075	452167	8.77
1990-1999	78	0.06472	0.06269	0.5	48588	3046	47065	402093	8.28
1990-1999	79	0.07159	0.06911	0.5	45542	3148	43968	355028	7.80
1990-1999	80	0.08123	0.07806	0.5	42394	3309	40740	311060	7.34
1990-1999	81	0.08463	0.08119	0.5	39085	3173	37498	270320	6.92
1990-1999	82	0.09486	0.09056	0.5	35912	3252	34285	232822	6.48
1990-1999	83	0.10401	0.09887	0.5	32659	3229	31045	198537	6.08
1990-1999	84	0.11852	0.11189	0.5	29430	3293	27784	167492	5.69
1990-1999	85	0.13013	0.12218	0.5	26138	3193	24541	139708	5.35
1990-1999	86	0.14098	0.13170	0.5	22944	3022	21433	115167	5.02
1990-1999	87	0.15348	0.14254	0.5	19922	2840	18503	93734	4.70
1990-1999	88	0.16704	0.15417	0.5	17083	2634	15766	75231	4.40
1990-1999	89	0.18006	0.16519	0.5	14449	2387	13256	59466	4.12
1990-1999	90	0.20346	0.18467	0.5	12062	2228	10948	46210	3.83
1990-1999	91	0.22333	0.20090	0.5	9835	1976	8847	35261	3.59
1990-1999	92	0.24321	0.21684	0.5	7859	1704	7007	26415	3.36
1990-1999	93	0.26424	0.23341	0.5	6155	1437	5437	19408	3.15
1990-1999	94	0.28641	0.25054	0.5	4718	1182	4127	13971	2.96
1990-1999	95	0.30966	0.26814	0.5	3536	948	3062	9844	2.78
1990-1999	96	0.33391	0.28614	0.5	2588	741	2218	6782	2.62
1990-1999	97	0.35907	0.30442	0.5	1847	562	1566	4564	2.47
1990-1999	98	0.38504	0.32288	0.5	1285	415	1078	2998	2.33
1990-1999	99	0.41167	0.34140	0.5	870	297	722	1920	2.21
1990-1999	100	0.43883	0.35987	0.5	573	206	470	1199	2.09
1990-1999	101	0.46636	0.37818	0.5	367	139	297	729	1.99
1990-1999	102	0.49410	0.39622	0.5	228	90	183	431	1.89
1990-1999	103	0.52188	0.41388	0.5	138	57	109	249	1.80
1990-1999	104	0.54952	0.43108	0.5	81	35	63	139	1.73
1990-1999	105	0.57686	0.44772	0.5	46	21	36	76	1.65
1990-1999	106	0.60373	0.46374	0.5	25	12	19	40	1.59
1990-1999	107	0.63000	0.47909	0.5	14	7	10	21	1.53
1990-1999	108	0.65551	0.49370	0.5	7	3	5	11	1.49
1990-1999	109	0.68016	0.50755	0.5	4	2	3	5	1.45
1990-1999	110+	0.70385	1.00000	1.42	2	2	3	3	1.42
2000-2009	0	0.00808	0.00802	0.07	100000	802	99252	7537491	75.37
2000-2009	1	0.00063	0.00063	0.5	99198	62	99167	7438239	74.98
2000-2009	2	0.00038	0.00038	0.5	99136	38	99117	7339073	74.03
2000-2009	3	0.00035	0.00035	0.5	99098	34	99081	7239956	73.06
2000-2009	4	0.00027	0.00027	0.5	99064	27	99050	7140875	72.08
2000-2009	5	0.00015	0.00015	0.5	99037	15	99029	7041825	71.10
2000-2009	6	0.00017	0.00017	0.5	99021	16	99013	6942796	70.11
2000-2009	7	0.00015	0.00015	0.5	99005	14	98997	6843783	69.13
2000-2009	8	0.00014	0.00014	0.5	98990	14	98983	6744785	68.14
2000-2009	9	0.00012	0.00012	0.5	98976	12	98970	6645802	67.15
2000-2009	10	0.00018	0.00018	0.5	98964	18	98955	6546832	66.15
2000-2009	11	0.00024	0.00024	0.5	98946	24	98934	6447877	65.17
2000-2009	12	0.00022	0.00022	0.5	98922	22	98912	6348942	64.18
2000-2009	13	0.00028	0.00028	0.5	98901	28	98887	6250031	63.19
2000-2009	14	0.00031	0.00031	0.5	98873	30	98858	6151144	62.21
2000-2009	15	0.00040	0.00040	0.5	98843	40	98823	6052286	61.23
2000-2009	16	0.00069	0.00069	0.5	98803	68	98769	5953463	60.26
2000-2009	17	0.00083	0.00083	0.5	98735	82	98694	5854694	59.30
2000-2009	18	0.00115	0.00115	0.5	98653	113	98596	5756001	58.35
2000-2009	19	0.00127	0.00127	0.5	98539	125	98477	5657405	57.41
2000-2009	20	0.00139	0.00139	0.5	98415	137	98346	5558928	56.48
2000-2009	21	0.00143	0.00143	0.5	98278	140	98208	5460581	55.56
2000-2009	22	0.00133	0.00133	0.5	98138	130	98073	5362374	54.64
2000-2009	23	0.00130	0.00130	0.5	98007	128	97944	5264301	53.71
2000-2009	24	0.00129	0.00129	0.5	97880	127	97816	5166358	52.78
2000-2009	25	0.00128	0.00128	0.5	97753	125	97690	5068541	51.85
2000-2009	26	0.00149	0.00149	0.5	97628	145	97555	4970851	50.92
2000-2009	27	0.00134	0.00133	0.5	97483	130	97418	4873296	49.99
2000-2009	28	0.00134	0.00134	0.5	97352	130	97287	4775878	49.06
2000-2009	29	0.00134	0.00134	0.5	97222	131	97157	4678591	48.12
2000-2009	30	0.00119	0.00119	0.5	97091	116	97034	4581434	47.19
2000-2009	31	0.00142	0.00142	0.5	96976	137	96907	4484401	46.24
2000-2009	32	0.00123	0.00123	0.5	96838	119	96779	4387494	45.31
2000-2009	33	0.00137	0.00137	0.5	96720	132	96654	4290715	44.36
2000-2009	34	0.00155	0.00154	0.5	96588	149	96513	4194061	43.42
2000-2009	35	0.00154	0.00154	0.5	96438	149	96364	4097548	42.49
2000-2009	36	0.00150	0.00150	0.5	96290	144	96218	4001184	41.55
2000-2009	37	0.00190	0.00190	0.5	96146	183	96054	3904967	40.62
2000-2009	38	0.00180	0.00180	0.5	95963	172	95876	3808913	39.69
2000-2009	39	0.00199	0.00199	0.5	95790	191	95695	3713036	38.76
2000-2009	40	0.00217	0.00217	0.5	95599	208	95496	3617341	37.84
2000-2009	41	0.00245	0.00245	0.5	95392	233	95275	3521846	36.92
2000-2009	42	0.00240	0.00239	0.5	95158	228	95045	3426570	36.01
2000-2009	43	0.00291	0.00290	0.5	94931	276	94793	3331526	35.09
2000-2009	44	0.00331	0.00330	0.5	94655	312	94499	3236733	34.20
2000-2009	45	0.00337	0.00337	0.5	94343	318	94184	3142234	33.31
2000-2009	46	0.00384	0.00383	0.5	94025	360	93845	3048050	32.42
2000-2009	47	0.00389	0.00389	0.5	93665	364	93483	2954205	31.54
2000-2009	48	0.00432	0.00431	0.5	93301	402	93100	2860723	30.66
2000-2009	49	0.00469	0.00468	0.5	92899	435	92681	2767623	29.79
2000-2009	50	0.00527	0.00526	0.5	92464	486	92221	2674941	28.93
2000-2009	51	0.00578	0.00577	0.5	91978	530	91713	2582721	28.08
2000-2009	52	0.00576	0.00574	0.5	91447	525	91185	2491008	27.24
2000-2009	53	0.00650	0.00648	0.5	90922	590	90628	2399823	26.39
2000-2009	54	0.00677	0.00675	0.5	90333	609	90028	2309195	25.56
2000-2009	55	0.00726	0.00723	0.5	89724	649	89399	2219167	24.73
2000-2009	56	0.00833	0.00829	0.5	89075	739	88705	2129768	23.91
2000-2009	57	0.00884	0.00881	0.5	88336	778	87947	2041063	23.11
2000-2009	58	0.00911	0.00906	0.5	87558	794	87161	1953116	22.31
2000-2009	59	0.01004	0.00999	0.5	86764	867	86331	1865955	21.51
2000-2009	60	0.01184	0.01177	0.5	85897	1011	85392	1779624	20.72
2000-2009	61	0.01243	0.01236	0.5	84886	1049	84362	1694232	19.96
2000-2009	62	0.01274	0.01266	0.5	83837	1061	83307	1609870	19.20
2000-2009	63	0.01488	0.01477	0.5	82776	1223	82165	1526564	18.44
2000-2009	64	0.01672	0.01658	0.5	81553	1353	80877	1444399	17.71
2000-2009	65	0.01669	0.01655	0.5	80201	1328	79537	1363522	17.00
2000-2009	66	0.01877	0.01859	0.5	78873	1466	78140	1283985	16.28
2000-2009	67	0.02122	0.02099	0.5	77407	1625	76594	1205845	15.58
2000-2009	68	0.02272	0.02246	0.5	75782	1702	74931	1129250	14.90
2000-2009	69	0.02428	0.02399	0.5	74079	1777	73191	1054320	14.23
2000-2009	70	0.02687	0.02651	0.5	72302	1917	71344	981129	13.57
2000-2009	71	0.02833	0.02793	0.5	70386	1966	69402	909785	12.93
2000-2009	72	0.03144	0.03096	0.5	68419	2118	67360	840382	12.28
2000-2009	73	0.03472	0.03412	0.5	66301	2262	65170	773022	11.66
2000-2009	74	0.03849	0.03777	0.5	64039	2419	62830	707852	11.05
2000-2009	75	0.04201	0.04115	0.5	61620	2536	60352	645022	10.47
2000-2009	76	0.04511	0.04412	0.5	59085	2607	57781	584670	9.90
2000-2009	77	0.05171	0.05040	0.5	56478	2847	55055	526889	9.33
2000-2009	78	0.05609	0.05456	0.5	53631	2926	52168	471834	8.80
2000-2009	79	0.06148	0.05965	0.5	50705	3024	49193	419666	8.28
2000-2009	80	0.06908	0.06677	0.5	47681	3184	46089	370473	7.77
2000-2009	81	0.07420	0.07155	0.5	44497	3184	42905	324384	7.29
2000-2009	82	0.08474	0.08129	0.5	41314	3358	39634	281479	6.81
2000-2009	83	0.09247	0.08838	0.5	37955	3355	36278	241844	6.37
2000-2009	84	0.10527	0.10001	0.5	34601	3460	32870	205567	5.94
2000-2009	85	0.11743	0.11092	0.5	31140	3454	29413	172696	5.55
2000-2009	86	0.12688	0.11931	0.5	27686	3303	26035	143283	5.18
2000-2009	87	0.14055	0.13132	0.5	24383	3202	22782	117248	4.81
2000-2009	88	0.16098	0.14899	0.5	21181	3156	19603	94467	4.46
2000-2009	89	0.17841	0.16380	0.5	18025	2952	16549	74864	4.15
2000-2009	90	0.18953	0.17312	0.5	15073	2609	13768	58315	3.87
2000-2009	91	0.21395	0.19327	0.5	12463	2409	11259	44547	3.57
2000-2009	92	0.24224	0.21607	0.5	10055	2172	8968	33288	3.31
2000-2009	93	0.26604	0.23480	0.5	7882	1851	6957	24319	3.09
2000-2009	94	0.29127	0.25424	0.5	6031	1533	5265	17363	2.88
2000-2009	95	0.31786	0.27427	0.5	4498	1234	3881	12098	2.69
2000-2009	96	0.34569	0.29475	0.5	3264	962	2783	8217	2.52
2000-2009	97	0.37463	0.31552	0.5	2302	726	1939	5434	2.36
2000-2009	98	0.40448	0.33644	0.5	1576	530	1311	3495	2.22
2000-2009	99	0.43506	0.35733	0.5	1046	374	859	2184	2.09
2000-2009	100	0.46615	0.37804	0.5	672	254	545	1325	1.97
2000-2009	101	0.49750	0.39840	0.5	418	167	335	780	1.87
2000-2009	102	0.52886	0.41826	0.5	251	105	199	446	1.77
2000-2009	103	0.56001	0.43750	0.5	146	64	114	247	1.69
2000-2009	104	0.59068	0.45601	0.5	82	38	64	133	1.61
2000-2009	105	0.62067	0.47367	0.5	45	21	34	69	1.54
2000-2009	106	0.64976	0.49043	0.5	24	12	18	35	1.48
2000-2009	107	0.67778	0.50623	0.5	12	6	9	17	1.43
2000-2009	108	0.70458	0.52103	0.5	6	3	4	8	1.39
2000-2009	109	0.73004	0.53482	0.5	3	2	2	4	1.35
2000-2009	110+	0.75406	1.00000	1.33	1	1	2	2	1.33
2010-2017	0	0.00680	0.00675	0.06	100000	675	99367	7621800	76.22
2010-2017	1	0.00055	0.00055	0.5	99325	55	99297	7522432	75.74
2010-2017	2	0.00032	0.00032	0.5	99270	32	99254	7423135	74.78
2010-2017	3	0.00028	0.00028	0.5	99238	28	99224	7323881	73.80
2010-2017	4	0.00016	0.00016	0.5	99210	16	99202	7224656	72.82
2010-2017	5	0.00016	0.00016	0.5	99194	16	99186	7125454	71.83
2010-2017	6	0.00016	0.00016	0.5	99178	16	99171	7026268	70.84
2010-2017	7	0.00009	0.00009	0.5	99163	9	99158	6927097	69.86
2010-2017	8	0.00010	0.00010	0.5	99154	10	99149	6827939	68.86
2010-2017	9	0.00015	0.00015	0.5	99144	14	99137	6728790	67.87
2010-2017	10	0.00011	0.00011	0.5	99129	11	99124	6629653	66.88
2010-2017	11	0.00012	0.00012	0.5	99119	12	99113	6530529	65.89
2010-2017	12	0.00018	0.00018	0.5	99107	18	99098	6431417	64.89
2010-2017	13	0.00023	0.00023	0.5	99088	23	99077	6332319	63.91
2010-2017	14	0.00031	0.00031	0.5	99065	30	99050	6233242	62.92
2010-2017	15	0.00034	0.00034	0.5	99035	33	99018	6134192	61.94
2010-2017	16	0.00056	0.00056	0.5	99002	55	98974	6035174	60.96
2010-2017	17	0.00072	0.00072	0.5	98946	71	98911	5936200	59.99
2010-2017	18	0.00092	0.00092	0.5	98875	91	98830	5837289	59.04
2010-2017	19	0.00099	0.00099	0.5	98785	98	98736	5738459	58.09
2010-2017	20	0.00102	0.00102	0.5	98687	101	98636	5639723	57.15
2010-2017	21	0.00139	0.00139	0.5	98586	137	98517	5541087	56.21
2010-2017	22	0.00130	0.00130	0.5	98449	128	98385	5442569	55.28
2010-2017	23	0.00135	0.00135	0.5	98321	133	98255	5344184	54.35
2010-2017	24	0.00141	0.00141	0.5	98189	138	98120	5245929	53.43
2010-2017	25	0.00147	0.00146	0.5	98050	144	97979	5147810	52.50
2010-2017	26	0.00152	0.00152	0.5	97907	149	97832	5049831	51.58
2010-2017	27	0.00147	0.00147	0.5	97758	144	97686	4951999	50.66
2010-2017	28	0.00139	0.00138	0.5	97614	135	97546	4854313	49.73
2010-2017	29	0.00154	0.00154	0.5	97479	150	97404	4756767	48.80
2010-2017	30	0.00165	0.00165	0.5	97329	160	97249	4659363	47.87
2010-2017	31	0.00139	0.00139	0.5	97169	135	97101	4562114	46.95
2010-2017	32	0.00144	0.00143	0.5	97033	139	96964	4465013	46.02
2010-2017	33	0.00150	0.00150	0.5	96894	145	96821	4368050	45.08
2010-2017	34	0.00170	0.00170	0.5	96749	165	96666	4271229	44.15
2010-2017	35	0.00180	0.00180	0.5	96584	173	96497	4174562	43.22
2010-2017	36	0.00175	0.00175	0.5	96411	169	96326	4078065	42.30
2010-2017	37	0.00187	0.00187	0.5	96242	180	96152	3981739	41.37
2010-2017	38	0.00186	0.00185	0.5	96062	178	95973	3885587	40.45
2010-2017	39	0.00212	0.00212	0.5	95884	203	95782	3789614	39.52
2010-2017	40	0.00207	0.00207	0.5	95681	198	95582	3693832	38.61
2010-2017	41	0.00230	0.00229	0.5	95483	219	95373	3598250	37.68
2010-2017	42	0.00227	0.00227	0.5	95263	216	95155	3502877	36.77
2010-2017	43	0.00242	0.00242	0.5	95047	230	94932	3407722	35.85
2010-2017	44	0.00282	0.00282	0.5	94817	267	94684	3312790	34.94
2010-2017	45	0.00316	0.00315	0.5	94550	298	94401	3218106	34.04
2010-2017	46	0.00346	0.00345	0.5	94252	326	94089	3123705	33.14
2010-2017	47	0.00378	0.00377	0.5	93926	354	93749	3029615	32.26
2010-2017	48	0.00432	0.00431	0.5	93572	404	93371	2935866	31.38
2010-2017	49	0.00473	0.00472	0.5	93169	440	92949	2842495	30.51
2010-2017	50	0.00499	0.00498	0.5	92729	461	92498	2749547	29.65
2010-2017	51	0.00537	0.00536	0.5	92268	494	92020	2657048	28.80
2010-2017	52	0.00597	0.00595	0.5	91773	546	91500	2565028	27.95
2010-2017	53	0.00643	0.00641	0.5	91227	585	90935	2473528	27.11
2010-2017	54	0.00750	0.00747	0.5	90643	677	90304	2382593	26.29
2010-2017	55	0.00746	0.00743	0.5	89965	668	89631	2292289	25.48
2010-2017	56	0.00865	0.00861	0.5	89297	769	88912	2202658	24.67
2010-2017	57	0.00924	0.00920	0.5	88528	815	88120	2113746	23.88
2010-2017	58	0.00953	0.00949	0.5	87713	832	87297	2025626	23.09
2010-2017	59	0.00991	0.00986	0.5	86881	857	86452	1938329	22.31
2010-2017	60	0.01174	0.01167	0.5	86024	1004	85522	1851876	21.53
2010-2017	61	0.01200	0.01193	0.5	85020	1015	84513	1766354	20.78
2010-2017	62	0.01344	0.01335	0.5	84006	1121	83445	1681841	20.02
2010-2017	63	0.01433	0.01423	0.5	82885	1179	82295	1598395	19.28
2010-2017	64	0.01473	0.01463	0.5	81705	1195	81108	1516101	18.56
2010-2017	65	0.01663	0.01650	0.5	80510	1328	79846	1434993	17.82
2010-2017	66	0.01731	0.01716	0.5	79182	1359	78502	1355147	17.11
2010-2017	67	0.01830	0.01814	0.5	77823	1412	77117	1276645	16.40
2010-2017	68	0.02071	0.02050	0.5	76411	1566	75628	1199527	15.70
2010-2017	69	0.02307	0.02281	0.5	74845	1707	73992	1123899	15.02
2010-2017	70	0.02361	0.02333	0.5	73138	1706	72285	1049908	14.36
2010-2017	71	0.02583	0.02550	0.5	71432	1822	70521	977623	13.69
2010-2017	72	0.02831	0.02792	0.5	69610	1943	68638	907102	13.03
2010-2017	73	0.03204	0.03154	0.5	67666	2134	66599	838464	12.39
2010-2017	74	0.03475	0.03415	0.5	65532	2238	64413	771865	11.78
2010-2017	75	0.03774	0.03704	0.5	63294	2344	62122	707452	11.18
2010-2017	76	0.04024	0.03944	0.5	60950	2404	59748	645330	10.59
2010-2017	77	0.04519	0.04420	0.5	58546	2587	57252	585582	10.00
2010-2017	78	0.05060	0.04935	0.5	55959	2762	54578	528329	9.44
2010-2017	79	0.05357	0.05218	0.5	53197	2776	51809	473752	8.91
2010-2017	80	0.06066	0.05887	0.5	50421	2968	48937	421943	8.37
2010-2017	81	0.06663	0.06448	0.5	47453	3060	45923	373006	7.86
2010-2017	82	0.07276	0.07021	0.5	44393	3117	42834	327083	7.37
2010-2017	83	0.07813	0.07519	0.5	41276	3104	39724	284249	6.89
2010-2017	84	0.09203	0.08798	0.5	38172	3358	36493	244525	6.41
2010-2017	85	0.09830	0.09369	0.5	34814	3262	33183	208032	5.98
2010-2017	86	0.11543	0.10913	0.5	31552	3443	29830	174849	5.54
2010-2017	87	0.12446	0.11717	0.5	28109	3293	26462	145018	5.16
2010-2017	88	0.14082	0.13156	0.5	24815	3265	23183	118556	4.78
2010-2017	89	0.15930	0.14754	0.5	21551	3180	19961	95373	4.43
2010-2017	90	0.17864	0.16399	0.5	18371	3013	16865	75413	4.10
2010-2017	91	0.19502	0.17770	0.5	15358	2729	13994	58548	3.81
2010-2017	92	0.22084	0.19888	0.5	12629	2512	11373	44554	3.53
2010-2017	93	0.24389	0.21738	0.5	10117	2199	9018	33181	3.28
2010-2017	94	0.26850	0.23672	0.5	7918	1874	6981	24163	3.05
2010-2017	95	0.29464	0.25681	0.5	6044	1552	5268	17182	2.84
2010-2017	96	0.32220	0.27750	0.5	4492	1246	3868	11914	2.65
2010-2017	97	0.35106	0.29864	0.5	3245	969	2761	8046	2.48
2010-2017	98	0.38104	0.32006	0.5	2276	728	1912	5285	2.32
2010-2017	99	0.41197	0.34160	0.5	1548	529	1283	3373	2.18
2010-2017	100	0.44360	0.36307	0.5	1019	370	834	2090	2.05
2010-2017	101	0.47569	0.38429	0.5	649	249	524	1256	1.94
2010-2017	102	0.50799	0.40510	0.5	400	162	319	732	1.83
2010-2017	103	0.54023	0.42534	0.5	238	101	187	413	1.74
2010-2017	104	0.57212	0.44487	0.5	137	61	106	226	1.66
2010-2017	105	0.60344	0.46357	0.5	76	35	58	120	1.58
2010-2017	106	0.63392	0.48135	0.5	41	20	31	62	1.52
2010-2017	107	0.66337	0.49814	0.5	21	11	16	31	1.46
2010-2017	108	0.69160	0.51390	0.5	11	5	8	15	1.41
2010-2017	109	0.71847	0.52859	0.5	5	3	4	7	1.37
2010-2017	110+	0.74387	1.00000	1.34	2	2	3	3	1.34
