Div1: New England, Lifetables (period 1x5), Males Last modified: 3 Dec 2019, MPv5 (May07) 

Year     	Age	mx	qx	ax	lx	dx	Lx	Tx	ex
1960-1964	0	0.02571	0.02514	0.11	100000	2514	97773	6779608	67.80
1960-1964	1	0.00122	0.00122	0.5	97486	119	97427	6681836	68.54
1960-1964	2	0.00089	0.00089	0.5	97367	87	97324	6584409	67.62
1960-1964	3	0.00067	0.00067	0.5	97280	65	97248	6487085	66.68
1960-1964	4	0.00062	0.00062	0.5	97215	61	97185	6389837	65.73
1960-1964	5	0.00054	0.00054	0.5	97155	52	97129	6292652	64.77
1960-1964	6	0.00054	0.00054	0.5	97102	53	97076	6195524	63.80
1960-1964	7	0.00048	0.00048	0.5	97050	47	97026	6098448	62.84
1960-1964	8	0.00041	0.00041	0.5	97003	40	96983	6001421	61.87
1960-1964	9	0.00034	0.00034	0.5	96963	33	96946	5904438	60.89
1960-1964	10	0.00038	0.00038	0.5	96930	37	96911	5807492	59.91
1960-1964	11	0.00037	0.00037	0.5	96893	35	96875	5710581	58.94
1960-1964	12	0.00042	0.00042	0.5	96857	41	96837	5613706	57.96
1960-1964	13	0.00044	0.00044	0.5	96816	42	96795	5516869	56.98
1960-1964	14	0.00058	0.00058	0.5	96774	56	96746	5420074	56.01
1960-1964	15	0.00065	0.00065	0.5	96718	63	96686	5323328	55.04
1960-1964	16	0.00082	0.00082	0.5	96655	79	96615	5226642	54.08
1960-1964	17	0.00099	0.00099	0.5	96576	95	96528	5130026	53.12
1960-1964	18	0.00113	0.00113	0.5	96481	109	96426	5033498	52.17
1960-1964	19	0.00125	0.00125	0.5	96372	120	96312	4937072	51.23
1960-1964	20	0.00126	0.00126	0.5	96252	122	96191	4840760	50.29
1960-1964	21	0.00137	0.00137	0.5	96130	132	96064	4744569	49.36
1960-1964	22	0.00129	0.00129	0.5	95998	124	95936	4648505	48.42
1960-1964	23	0.00132	0.00132	0.5	95874	126	95811	4552568	47.48
1960-1964	24	0.00131	0.00131	0.5	95748	125	95686	4456757	46.55
1960-1964	25	0.00121	0.00121	0.5	95623	116	95565	4361072	45.61
1960-1964	26	0.00111	0.00111	0.5	95507	106	95454	4265507	44.66
1960-1964	27	0.00113	0.00113	0.5	95401	107	95347	4170053	43.71
1960-1964	28	0.00127	0.00127	0.5	95293	121	95233	4074706	42.76
1960-1964	29	0.00126	0.00126	0.5	95172	120	95112	3979473	41.81
1960-1964	30	0.00123	0.00122	0.5	95052	116	94994	3884361	40.87
1960-1964	31	0.00152	0.00152	0.5	94936	144	94864	3789367	39.91
1960-1964	32	0.00140	0.00139	0.5	94792	132	94726	3694503	38.98
1960-1964	33	0.00147	0.00147	0.5	94659	139	94590	3599777	38.03
1960-1964	34	0.00172	0.00172	0.5	94520	163	94439	3505187	37.08
1960-1964	35	0.00190	0.00189	0.5	94357	179	94268	3410749	36.15
1960-1964	36	0.00195	0.00194	0.5	94179	183	94087	3316481	35.21
1960-1964	37	0.00231	0.00230	0.5	93996	217	93887	3222394	34.28
1960-1964	38	0.00262	0.00261	0.5	93779	245	93656	3128506	33.36
1960-1964	39	0.00290	0.00289	0.5	93534	271	93398	3034850	32.45
1960-1964	40	0.00303	0.00303	0.5	93263	282	93122	2941452	31.54
1960-1964	41	0.00350	0.00349	0.5	92981	325	92818	2848330	30.63
1960-1964	42	0.00386	0.00385	0.5	92656	357	92477	2755511	29.74
1960-1964	43	0.00437	0.00436	0.5	92299	402	92098	2663034	28.85
1960-1964	44	0.00459	0.00458	0.5	91897	421	91686	2570936	27.98
1960-1964	45	0.00520	0.00519	0.5	91476	475	91238	2479250	27.10
1960-1964	46	0.00613	0.00611	0.5	91001	556	90723	2388012	26.24
1960-1964	47	0.00685	0.00683	0.5	90445	618	90136	2297289	25.40
1960-1964	48	0.00738	0.00736	0.5	89827	661	89497	2207153	24.57
1960-1964	49	0.00823	0.00819	0.5	89166	731	88801	2117656	23.75
1960-1964	50	0.00934	0.00930	0.5	88436	822	88025	2028855	22.94
1960-1964	51	0.01037	0.01032	0.5	87614	904	87162	1940831	22.15
1960-1964	52	0.01165	0.01158	0.5	86710	1004	86207	1853669	21.38
1960-1964	53	0.01253	0.01245	0.5	85705	1067	85172	1767462	20.62
1960-1964	54	0.01438	0.01428	0.5	84638	1209	84034	1682290	19.88
1960-1964	55	0.01440	0.01429	0.5	83430	1192	82833	1598256	19.16
1960-1964	56	0.01658	0.01644	0.5	82237	1352	81561	1515422	18.43
1960-1964	57	0.01815	0.01799	0.5	80885	1455	80158	1433861	17.73
1960-1964	58	0.02043	0.02022	0.5	79430	1606	78627	1353703	17.04
1960-1964	59	0.02215	0.02191	0.5	77824	1705	76972	1275076	16.38
1960-1964	60	0.02341	0.02314	0.5	76119	1761	75239	1198104	15.74
1960-1964	61	0.02487	0.02456	0.5	74358	1826	73445	1122866	15.10
1960-1964	62	0.02844	0.02804	0.5	72532	2034	71515	1049421	14.47
1960-1964	63	0.03032	0.02987	0.5	70498	2106	69445	977906	13.87
1960-1964	64	0.03385	0.03329	0.5	68393	2277	67254	908460	13.28
1960-1964	65	0.03672	0.03606	0.5	66116	2384	64924	841206	12.72
1960-1964	66	0.03886	0.03812	0.5	63732	2430	62517	776282	12.18
1960-1964	67	0.04309	0.04218	0.5	61302	2586	60010	713765	11.64
1960-1964	68	0.04568	0.04466	0.5	58717	2622	57406	653755	11.13
1960-1964	69	0.04932	0.04813	0.5	56094	2700	54745	596350	10.63
1960-1964	70	0.05392	0.05251	0.5	53395	2804	51993	541605	10.14
1960-1964	71	0.05585	0.05433	0.5	50591	2749	49217	489612	9.68
1960-1964	72	0.06328	0.06134	0.5	47842	2935	46375	440396	9.21
1960-1964	73	0.06619	0.06407	0.5	44908	2877	43469	394021	8.77
1960-1964	74	0.07074	0.06832	0.5	42030	2872	40594	350552	8.34
1960-1964	75	0.07617	0.07338	0.5	39159	2873	37722	309958	7.92
1960-1964	76	0.08127	0.07810	0.5	36285	2834	34868	272236	7.50
1960-1964	77	0.08623	0.08267	0.5	33451	2765	32069	237367	7.10
1960-1964	78	0.09453	0.09027	0.5	30686	2770	29301	205299	6.69
1960-1964	79	0.10166	0.09674	0.5	27916	2701	26566	175998	6.30
1960-1964	80	0.11528	0.10900	0.5	25216	2748	23841	149432	5.93
1960-1964	81	0.12197	0.11496	0.5	22467	2583	21176	125590	5.59
1960-1964	82	0.13511	0.12656	0.5	19884	2517	18626	104415	5.25
1960-1964	83	0.15074	0.14018	0.5	17368	2435	16150	85789	4.94
1960-1964	84	0.16270	0.15046	0.5	14933	2247	13810	69638	4.66
1960-1964	85	0.17786	0.16333	0.5	12686	2072	11650	55828	4.40
1960-1964	86	0.19079	0.17418	0.5	10614	1849	9690	44178	4.16
1960-1964	87	0.20210	0.18355	0.5	8765	1609	7961	34488	3.93
1960-1964	88	0.21645	0.19531	0.5	7157	1398	6458	26527	3.71
1960-1964	89	0.23953	0.21391	0.5	5759	1232	5143	20070	3.49
1960-1964	90	0.25701	0.22774	0.5	4527	1031	4011	14927	3.30
1960-1964	91	0.26908	0.23717	0.5	3496	829	3081	10915	3.12
1960-1964	92	0.29688	0.25850	0.5	2667	689	2322	7834	2.94
1960-1964	93	0.31706	0.27367	0.5	1977	541	1707	5512	2.79
1960-1964	94	0.32634	0.28056	0.5	1436	403	1235	3805	2.65
1960-1964	95	0.36090	0.30573	0.5	1033	316	875	2570	2.49
1960-1964	96	0.38384	0.32204	0.5	717	231	602	1695	2.36
1960-1964	97	0.40732	0.33840	0.5	486	165	404	1093	2.25
1960-1964	98	0.43122	0.35474	0.5	322	114	265	689	2.14
1960-1964	99	0.45546	0.37097	0.5	208	77	169	424	2.04
1960-1964	100	0.47990	0.38703	0.5	131	51	105	255	1.95
1960-1964	101	0.50444	0.40284	0.5	80	32	64	150	1.87
1960-1964	102	0.52896	0.41832	0.5	48	20	38	86	1.79
1960-1964	103	0.55334	0.43342	0.5	28	12	22	48	1.72
1960-1964	104	0.57746	0.44809	0.5	16	7	12	26	1.66
1960-1964	105	0.60123	0.46226	0.5	9	4	7	14	1.60
1960-1964	106	0.62452	0.47591	0.5	5	2	4	7	1.55
1960-1964	107	0.64725	0.48900	0.5	2	1	2	4	1.50
1960-1964	108	0.66934	0.50150	0.5	1	1	1	2	1.46
1960-1964	109	0.69070	0.51340	0.5	1	0	0	1	1.43
1960-1964	110+	0.71128	1.00000	1.41	0	0	0	0	1.41
1965-1969	0	0.02340	0.02293	0.11	100000	2293	97955	6770066	67.70
1965-1969	1	0.00117	0.00117	0.5	97707	114	97650	6672111	68.29
1965-1969	2	0.00079	0.00079	0.5	97593	77	97554	6574461	67.37
1965-1969	3	0.00067	0.00067	0.5	97516	65	97483	6476907	66.42
1965-1969	4	0.00055	0.00055	0.5	97450	54	97423	6379424	65.46
1965-1969	5	0.00051	0.00051	0.5	97396	50	97371	6282000	64.50
1965-1969	6	0.00048	0.00048	0.5	97346	47	97323	6184629	63.53
1965-1969	7	0.00048	0.00048	0.5	97299	47	97276	6087306	62.56
1965-1969	8	0.00035	0.00035	0.5	97252	34	97235	5990030	61.59
1965-1969	9	0.00033	0.00033	0.5	97218	32	97202	5892795	60.61
1965-1969	10	0.00034	0.00034	0.5	97186	33	97169	5795593	59.63
1965-1969	11	0.00038	0.00038	0.5	97153	37	97135	5698424	58.65
1965-1969	12	0.00036	0.00036	0.5	97116	35	97099	5601289	57.68
1965-1969	13	0.00041	0.00041	0.5	97081	39	97061	5504191	56.70
1965-1969	14	0.00051	0.00051	0.5	97042	50	97017	5407129	55.72
1965-1969	15	0.00067	0.00067	0.5	96992	65	96960	5310113	54.75
1965-1969	16	0.00109	0.00109	0.5	96927	106	96874	5213153	53.78
1965-1969	17	0.00124	0.00124	0.5	96821	120	96761	5116279	52.84
1965-1969	18	0.00145	0.00145	0.5	96701	140	96631	5019518	51.91
1965-1969	19	0.00154	0.00154	0.5	96561	149	96487	4922887	50.98
1965-1969	20	0.00145	0.00145	0.5	96412	140	96342	4826400	50.06
1965-1969	21	0.00170	0.00169	0.5	96273	163	96191	4730057	49.13
1965-1969	22	0.00156	0.00156	0.5	96110	150	96035	4633866	48.21
1965-1969	23	0.00149	0.00149	0.5	95960	143	95888	4537832	47.29
1965-1969	24	0.00136	0.00136	0.5	95817	131	95751	4441944	46.36
1965-1969	25	0.00135	0.00135	0.5	95686	129	95621	4346192	45.42
1965-1969	26	0.00132	0.00132	0.5	95557	126	95493	4250571	44.48
1965-1969	27	0.00134	0.00134	0.5	95430	128	95367	4155078	43.54
1965-1969	28	0.00150	0.00150	0.5	95303	143	95231	4059711	42.60
1965-1969	29	0.00131	0.00131	0.5	95160	125	95097	3964480	41.66
1965-1969	30	0.00153	0.00153	0.5	95035	145	94962	3869382	40.72
1965-1969	31	0.00146	0.00145	0.5	94890	138	94821	3774420	39.78
1965-1969	32	0.00170	0.00169	0.5	94752	161	94672	3679599	38.83
1965-1969	33	0.00171	0.00171	0.5	94591	161	94511	3584927	37.90
1965-1969	34	0.00194	0.00193	0.5	94430	183	94339	3490417	36.96
1965-1969	35	0.00211	0.00211	0.5	94247	199	94148	3396078	36.03
1965-1969	36	0.00230	0.00230	0.5	94049	216	93941	3301930	35.11
1965-1969	37	0.00248	0.00247	0.5	93833	232	93717	3207989	34.19
1965-1969	38	0.00287	0.00287	0.5	93601	268	93467	3114272	33.27
1965-1969	39	0.00289	0.00289	0.5	93333	269	93198	3020806	32.37
1965-1969	40	0.00311	0.00310	0.5	93063	289	92919	2927608	31.46
1965-1969	41	0.00361	0.00361	0.5	92775	334	92607	2834689	30.55
1965-1969	42	0.00421	0.00420	0.5	92440	389	92246	2742081	29.66
1965-1969	43	0.00440	0.00439	0.5	92051	404	91850	2649836	28.79
1965-1969	44	0.00472	0.00471	0.5	91648	431	91432	2557986	27.91
1965-1969	45	0.00529	0.00528	0.5	91216	481	90976	2466554	27.04
1965-1969	46	0.00576	0.00574	0.5	90735	521	90474	2375578	26.18
1965-1969	47	0.00631	0.00629	0.5	90214	568	89930	2285104	25.33
1965-1969	48	0.00746	0.00743	0.5	89646	667	89313	2195174	24.49
1965-1969	49	0.00789	0.00786	0.5	88980	700	88630	2105861	23.67
1965-1969	50	0.00940	0.00935	0.5	88280	826	87867	2017231	22.85
1965-1969	51	0.00969	0.00964	0.5	87454	843	87033	1929364	22.06
1965-1969	52	0.01135	0.01129	0.5	86611	978	86123	1842331	21.27
1965-1969	53	0.01230	0.01223	0.5	85634	1047	85110	1756208	20.51
1965-1969	54	0.01373	0.01364	0.5	84587	1153	84010	1671098	19.76
1965-1969	55	0.01472	0.01462	0.5	83433	1219	82823	1587088	19.02
1965-1969	56	0.01646	0.01632	0.5	82214	1342	81543	1504265	18.30
1965-1969	57	0.01857	0.01840	0.5	80872	1488	80128	1422722	17.59
1965-1969	58	0.02034	0.02013	0.5	79384	1598	78585	1342594	16.91
1965-1969	59	0.02206	0.02182	0.5	77786	1697	76937	1264010	16.25
1965-1969	60	0.02415	0.02387	0.5	76088	1816	75180	1187073	15.60
1965-1969	61	0.02603	0.02570	0.5	74272	1909	73318	1111892	14.97
1965-1969	62	0.02936	0.02893	0.5	72363	2094	71317	1038575	14.35
1965-1969	63	0.03135	0.03086	0.5	70270	2169	69185	967258	13.76
1965-1969	64	0.03384	0.03328	0.5	68101	2266	66968	898073	13.19
1965-1969	65	0.03743	0.03674	0.5	65835	2419	64625	831105	12.62
1965-1969	66	0.03815	0.03744	0.5	63416	2374	62229	766480	12.09
1965-1969	67	0.04385	0.04291	0.5	61042	2619	59732	704251	11.54
1965-1969	68	0.04712	0.04604	0.5	58422	2690	57077	644519	11.03
1965-1969	69	0.04917	0.04799	0.5	55733	2674	54395	587441	10.54
1965-1969	70	0.05492	0.05345	0.5	53058	2836	51640	533046	10.05
1965-1969	71	0.05681	0.05524	0.5	50222	2774	48835	481406	9.59
1965-1969	72	0.06442	0.06241	0.5	47448	2961	45967	432571	9.12
1965-1969	73	0.06826	0.06600	0.5	44487	2936	43019	386604	8.69
1965-1969	74	0.07340	0.07080	0.5	41551	2942	40080	343585	8.27
1965-1969	75	0.08155	0.07835	0.5	38609	3025	37096	303505	7.86
1965-1969	76	0.08284	0.07955	0.5	35584	2831	34168	266409	7.49
1965-1969	77	0.09135	0.08736	0.5	32753	2861	31322	232241	7.09
1965-1969	78	0.09697	0.09249	0.5	29892	2765	28509	200918	6.72
1965-1969	79	0.10497	0.09973	0.5	27127	2705	25774	172409	6.36
1965-1969	80	0.11507	0.10881	0.5	24422	2657	23093	146635	6.00
1965-1969	81	0.12020	0.11338	0.5	21764	2468	20530	123542	5.68
1965-1969	82	0.13311	0.12480	0.5	19297	2408	18092	103011	5.34
1965-1969	83	0.14693	0.13687	0.5	16888	2312	15733	84919	5.03
1965-1969	84	0.15612	0.14482	0.5	14577	2111	13521	69186	4.75
1965-1969	85	0.17050	0.15711	0.5	12466	1958	11487	55665	4.47
1965-1969	86	0.18597	0.17015	0.5	10507	1788	9613	44178	4.20
1965-1969	87	0.20185	0.18334	0.5	8720	1599	7920	34565	3.96
1965-1969	88	0.21364	0.19302	0.5	7121	1374	6434	26645	3.74
1965-1969	89	0.23850	0.21309	0.5	5746	1225	5134	20211	3.52
1965-1969	90	0.25031	0.22247	0.5	4522	1006	4019	15077	3.33
1965-1969	91	0.27076	0.23847	0.5	3516	838	3097	11058	3.15
1965-1969	92	0.29397	0.25630	0.5	2677	686	2334	7961	2.97
1965-1969	93	0.30545	0.26498	0.5	1991	528	1727	5627	2.83
1965-1969	94	0.33319	0.28561	0.5	1464	418	1255	3900	2.66
1965-1969	95	0.35389	0.30069	0.5	1046	314	888	2645	2.53
1965-1969	96	0.37648	0.31684	0.5	731	232	615	1757	2.40
1965-1969	97	0.39961	0.33306	0.5	500	166	416	1141	2.28
1965-1969	98	0.42320	0.34929	0.5	333	116	275	725	2.18
1965-1969	99	0.44715	0.36545	0.5	217	79	177	450	2.08
1965-1969	100	0.47134	0.38145	0.5	138	52	111	273	1.98
1965-1969	101	0.49567	0.39723	0.5	85	34	68	162	1.90
1965-1969	102	0.52002	0.41271	0.5	51	21	41	93	1.82
1965-1969	103	0.54428	0.42785	0.5	30	13	24	53	1.75
1965-1969	104	0.56833	0.44257	0.5	17	8	13	29	1.68
1965-1969	105	0.59206	0.45682	0.5	10	4	7	16	1.62
1965-1969	106	0.61537	0.47058	0.5	5	2	4	8	1.57
1965-1969	107	0.63816	0.48379	0.5	3	1	2	4	1.52
1965-1969	108	0.66034	0.49643	0.5	1	1	1	2	1.48
1965-1969	109	0.68184	0.50849	0.5	1	0	1	1	1.45
1965-1969	110+	0.70260	1.00000	1.42	0	0	1	1	1.42
1970-1974	0	0.01835	0.01805	0.09	100000	1805	98365	6869738	68.70
1970-1974	1	0.00096	0.00096	0.5	98195	95	98147	6771373	68.96
1970-1974	2	0.00071	0.00071	0.5	98100	70	98065	6673226	68.02
1970-1974	3	0.00061	0.00061	0.5	98030	60	98000	6575161	67.07
1970-1974	4	0.00056	0.00056	0.5	97970	55	97943	6477161	66.11
1970-1974	5	0.00055	0.00055	0.5	97915	54	97889	6379218	65.15
1970-1974	6	0.00043	0.00043	0.5	97862	43	97840	6281329	64.19
1970-1974	7	0.00039	0.00039	0.5	97819	38	97800	6183489	63.21
1970-1974	8	0.00039	0.00039	0.5	97781	38	97762	6085689	62.24
1970-1974	9	0.00038	0.00038	0.5	97743	37	97725	5987927	61.26
1970-1974	10	0.00030	0.00030	0.5	97706	30	97691	5890202	60.29
1970-1974	11	0.00031	0.00031	0.5	97676	30	97661	5792511	59.30
1970-1974	12	0.00036	0.00036	0.5	97646	35	97629	5694850	58.32
1970-1974	13	0.00040	0.00040	0.5	97611	39	97592	5597221	57.34
1970-1974	14	0.00057	0.00057	0.5	97572	56	97544	5499630	56.36
1970-1974	15	0.00076	0.00076	0.5	97516	74	97479	5402085	55.40
1970-1974	16	0.00104	0.00104	0.5	97442	102	97391	5304606	54.44
1970-1974	17	0.00130	0.00130	0.5	97341	126	97277	5207215	53.49
1970-1974	18	0.00172	0.00172	0.5	97214	167	97130	5109937	52.56
1970-1974	19	0.00173	0.00173	0.5	97047	168	96963	5012807	51.65
1970-1974	20	0.00157	0.00157	0.5	96879	152	96803	4915844	50.74
1970-1974	21	0.00173	0.00173	0.5	96727	167	96643	4819041	49.82
1970-1974	22	0.00157	0.00157	0.5	96560	152	96484	4722398	48.91
1970-1974	23	0.00150	0.00150	0.5	96408	144	96336	4625914	47.98
1970-1974	24	0.00146	0.00146	0.5	96264	140	96194	4529578	47.05
1970-1974	25	0.00154	0.00154	0.5	96124	148	96049	4433385	46.12
1970-1974	26	0.00147	0.00147	0.5	95975	141	95905	4337336	45.19
1970-1974	27	0.00137	0.00137	0.5	95834	131	95769	4241431	44.26
1970-1974	28	0.00138	0.00138	0.5	95703	132	95637	4145662	43.32
1970-1974	29	0.00144	0.00143	0.5	95571	137	95503	4050024	42.38
1970-1974	30	0.00150	0.00150	0.5	95434	143	95363	3954522	41.44
1970-1974	31	0.00132	0.00132	0.5	95291	126	95228	3859159	40.50
1970-1974	32	0.00156	0.00156	0.5	95165	149	95091	3763931	39.55
1970-1974	33	0.00177	0.00177	0.5	95017	168	94933	3668840	38.61
1970-1974	34	0.00185	0.00184	0.5	94849	175	94761	3573907	37.68
1970-1974	35	0.00197	0.00197	0.5	94674	186	94581	3479146	36.75
1970-1974	36	0.00203	0.00203	0.5	94487	192	94391	3384565	35.82
1970-1974	37	0.00222	0.00221	0.5	94295	209	94191	3290174	34.89
1970-1974	38	0.00247	0.00246	0.5	94087	232	93971	3195983	33.97
1970-1974	39	0.00296	0.00295	0.5	93855	277	93716	3102012	33.05
1970-1974	40	0.00323	0.00323	0.5	93578	302	93427	3008296	32.15
1970-1974	41	0.00348	0.00347	0.5	93276	324	93114	2914870	31.25
1970-1974	42	0.00396	0.00396	0.5	92952	368	92768	2821756	30.36
1970-1974	43	0.00439	0.00438	0.5	92584	406	92381	2728988	29.48
1970-1974	44	0.00472	0.00471	0.5	92178	434	91961	2636606	28.60
1970-1974	45	0.00535	0.00534	0.5	91744	490	91499	2544645	27.74
1970-1974	46	0.00570	0.00569	0.5	91254	519	90995	2453146	26.88
1970-1974	47	0.00637	0.00635	0.5	90735	577	90447	2362151	26.03
1970-1974	48	0.00689	0.00686	0.5	90159	619	89849	2271704	25.20
1970-1974	49	0.00768	0.00765	0.5	89540	685	89197	2181855	24.37
1970-1974	50	0.00850	0.00847	0.5	88855	752	88479	2092658	23.55
1970-1974	51	0.00901	0.00897	0.5	88103	790	87707	2004179	22.75
1970-1974	52	0.01005	0.01000	0.5	87312	873	86876	1916472	21.95
1970-1974	53	0.01104	0.01098	0.5	86439	949	85965	1829596	21.17
1970-1974	54	0.01215	0.01208	0.5	85490	1033	84974	1743631	20.40
1970-1974	55	0.01370	0.01360	0.5	84457	1149	83883	1658658	19.64
1970-1974	56	0.01499	0.01487	0.5	83309	1239	82689	1574775	18.90
1970-1974	57	0.01716	0.01701	0.5	82069	1396	81371	1492086	18.18
1970-1974	58	0.01840	0.01823	0.5	80673	1471	79938	1410714	17.49
1970-1974	59	0.01974	0.01955	0.5	79203	1548	78429	1330776	16.80
1970-1974	60	0.02216	0.02192	0.5	77654	1702	76803	1252348	16.13
1970-1974	61	0.02361	0.02333	0.5	75952	1772	75066	1175544	15.48
1970-1974	62	0.02658	0.02623	0.5	74180	1946	73207	1100478	14.84
1970-1974	63	0.02910	0.02868	0.5	72235	2072	71199	1027271	14.22
1970-1974	64	0.03150	0.03101	0.5	70163	2176	69075	956072	13.63
1970-1974	65	0.03492	0.03432	0.5	67987	2333	66821	886997	13.05
1970-1974	66	0.03618	0.03554	0.5	65654	2333	64487	820176	12.49
1970-1974	67	0.04034	0.03954	0.5	63321	2504	62069	755689	11.93
1970-1974	68	0.04396	0.04302	0.5	60817	2616	59509	693620	11.41
1970-1974	69	0.04681	0.04574	0.5	58201	2662	56870	634111	10.90
1970-1974	70	0.05019	0.04896	0.5	55539	2719	54179	577241	10.39
1970-1974	71	0.05318	0.05180	0.5	52820	2736	51452	523062	9.90
1970-1974	72	0.06063	0.05885	0.5	50084	2947	48610	471611	9.42
1970-1974	73	0.06443	0.06242	0.5	47136	2942	45665	423001	8.97
1970-1974	74	0.06932	0.06700	0.5	44194	2961	42714	377336	8.54
1970-1974	75	0.07610	0.07331	0.5	41233	3023	39722	334622	8.12
1970-1974	76	0.08371	0.08035	0.5	38210	3070	36675	294900	7.72
1970-1974	77	0.08711	0.08347	0.5	35140	2933	33673	258225	7.35
1970-1974	78	0.09635	0.09192	0.5	32207	2960	30727	224552	6.97
1970-1974	79	0.10490	0.09967	0.5	29246	2915	27789	193825	6.63
1970-1974	80	0.10595	0.10062	0.5	26331	2649	25007	166036	6.31
1970-1974	81	0.11465	0.10843	0.5	23682	2568	22398	141029	5.96
1970-1974	82	0.12426	0.11700	0.5	21114	2470	19879	118631	5.62
1970-1974	83	0.13509	0.12654	0.5	18644	2359	17464	98753	5.30
1970-1974	84	0.15018	0.13969	0.5	16285	2275	15147	81288	4.99
1970-1974	85	0.16279	0.15053	0.5	14010	2109	12955	66141	4.72
1970-1974	86	0.17109	0.15760	0.5	11901	1876	10963	53186	4.47
1970-1974	87	0.18470	0.16908	0.5	10025	1695	9178	42223	4.21
1970-1974	88	0.20051	0.18224	0.5	8330	1518	7571	33045	3.97
1970-1974	89	0.21636	0.19524	0.5	6812	1330	6147	25474	3.74
1970-1974	90	0.23265	0.20841	0.5	5482	1143	4911	19327	3.53
1970-1974	91	0.25417	0.22551	0.5	4340	979	3850	14416	3.32
1970-1974	92	0.27572	0.24231	0.5	3361	814	2954	10566	3.14
1970-1974	93	0.29834	0.25962	0.5	2547	661	2216	7612	2.99
1970-1974	94	0.29588	0.25775	0.5	1885	486	1642	5396	2.86
1970-1974	95	0.33052	0.28365	0.5	1399	397	1201	3754	2.68
1970-1974	96	0.35195	0.29929	0.5	1003	300	852	2553	2.55
1970-1974	97	0.37400	0.31508	0.5	702	221	592	1700	2.42
1970-1974	98	0.39658	0.33095	0.5	481	159	402	1108	2.30
1970-1974	99	0.41961	0.34684	0.5	322	112	266	707	2.20
1970-1974	100	0.44299	0.36266	0.5	210	76	172	441	2.10
1970-1974	101	0.46663	0.37835	0.5	134	51	109	269	2.00
1970-1974	102	0.49042	0.39385	0.5	83	33	67	160	1.92
1970-1974	103	0.51426	0.40907	0.5	50	21	40	93	1.84
1970-1974	104	0.53802	0.42397	0.5	30	13	24	53	1.77
1970-1974	105	0.56162	0.43849	0.5	17	8	13	29	1.70
1970-1974	106	0.58494	0.45258	0.5	10	4	7	16	1.65
1970-1974	107	0.60789	0.46619	0.5	5	2	4	8	1.59
1970-1974	108	0.63037	0.47930	0.5	3	1	2	4	1.55
1970-1974	109	0.65230	0.49188	0.5	1	1	1	2	1.51
1970-1974	110+	0.67360	1.00000	1.48	1	1	1	1	1.48
1975-1979	0	0.01351	0.01334	0.08	100000	1334	98774	7063216	70.63
1975-1979	1	0.00074	0.00074	0.5	98666	73	98629	6964442	70.59
1975-1979	2	0.00050	0.00050	0.5	98593	49	98568	6865813	69.64
1975-1979	3	0.00046	0.00046	0.5	98544	45	98521	6767244	68.67
1975-1979	4	0.00041	0.00041	0.5	98499	41	98478	6668723	67.70
1975-1979	5	0.00039	0.00039	0.5	98458	38	98439	6570245	66.73
1975-1979	6	0.00030	0.00030	0.5	98420	30	98405	6471806	65.76
1975-1979	7	0.00032	0.00032	0.5	98390	31	98374	6373402	64.78
1975-1979	8	0.00026	0.00026	0.5	98359	25	98346	6275027	63.80
1975-1979	9	0.00026	0.00026	0.5	98333	26	98320	6176681	62.81
1975-1979	10	0.00026	0.00026	0.5	98307	26	98294	6078361	61.83
1975-1979	11	0.00027	0.00027	0.5	98281	27	98268	5980067	60.85
1975-1979	12	0.00024	0.00024	0.5	98255	24	98243	5881799	59.86
1975-1979	13	0.00035	0.00035	0.5	98231	34	98214	5783555	58.88
1975-1979	14	0.00045	0.00045	0.5	98197	44	98175	5685341	57.90
1975-1979	15	0.00054	0.00054	0.5	98153	53	98127	5587166	56.92
1975-1979	16	0.00083	0.00083	0.5	98100	81	98059	5489039	55.95
1975-1979	17	0.00129	0.00129	0.5	98019	126	97956	5390980	55.00
1975-1979	18	0.00155	0.00155	0.5	97893	151	97817	5293024	54.07
1975-1979	19	0.00159	0.00159	0.5	97741	155	97663	5195207	53.15
1975-1979	20	0.00166	0.00166	0.5	97586	162	97505	5097543	52.24
1975-1979	21	0.00158	0.00158	0.5	97424	154	97347	5000039	51.32
1975-1979	22	0.00168	0.00167	0.5	97270	163	97188	4902692	50.40
1975-1979	23	0.00152	0.00152	0.5	97107	148	97033	4805503	49.49
1975-1979	24	0.00151	0.00151	0.5	96959	147	96886	4708470	48.56
1975-1979	25	0.00159	0.00158	0.5	96812	153	96736	4611585	47.63
1975-1979	26	0.00144	0.00144	0.5	96659	139	96590	4514849	46.71
1975-1979	27	0.00137	0.00137	0.5	96520	132	96454	4418260	45.78
1975-1979	28	0.00136	0.00136	0.5	96388	131	96323	4321806	44.84
1975-1979	29	0.00130	0.00130	0.5	96257	125	96194	4225483	43.90
1975-1979	30	0.00135	0.00135	0.5	96132	129	96067	4129289	42.95
1975-1979	31	0.00148	0.00148	0.5	96003	142	95931	4033221	42.01
1975-1979	32	0.00139	0.00139	0.5	95860	133	95794	3937290	41.07
1975-1979	33	0.00157	0.00157	0.5	95727	150	95652	3841496	40.13
1975-1979	34	0.00142	0.00142	0.5	95577	136	95509	3745844	39.19
1975-1979	35	0.00166	0.00166	0.5	95441	158	95362	3650335	38.25
1975-1979	36	0.00165	0.00165	0.5	95283	157	95205	3554972	37.31
1975-1979	37	0.00200	0.00200	0.5	95126	190	95031	3459768	36.37
1975-1979	38	0.00203	0.00202	0.5	94937	192	94840	3364736	35.44
1975-1979	39	0.00240	0.00239	0.5	94744	227	94631	3269896	34.51
1975-1979	40	0.00262	0.00262	0.5	94518	248	94394	3175265	33.59
1975-1979	41	0.00288	0.00288	0.5	94270	271	94134	3080871	32.68
1975-1979	42	0.00324	0.00323	0.5	93999	304	93847	2986736	31.77
1975-1979	43	0.00348	0.00348	0.5	93695	326	93532	2892889	30.88
1975-1979	44	0.00399	0.00399	0.5	93369	372	93183	2799357	29.98
1975-1979	45	0.00451	0.00450	0.5	92997	418	92788	2706174	29.10
1975-1979	46	0.00464	0.00463	0.5	92579	428	92365	2613386	28.23
1975-1979	47	0.00543	0.00541	0.5	92151	499	91901	2521022	27.36
1975-1979	48	0.00598	0.00596	0.5	91652	547	91378	2429120	26.50
1975-1979	49	0.00678	0.00676	0.5	91105	616	90797	2337742	25.66
1975-1979	50	0.00732	0.00729	0.5	90489	660	90160	2246945	24.83
1975-1979	51	0.00849	0.00845	0.5	89830	759	89450	2156785	24.01
1975-1979	52	0.00911	0.00907	0.5	89071	808	88667	2067335	23.21
1975-1979	53	0.00948	0.00943	0.5	88263	832	87846	1978668	22.42
1975-1979	54	0.01099	0.01093	0.5	87430	955	86952	1890822	21.63
1975-1979	55	0.01182	0.01175	0.5	86475	1016	85967	1803869	20.86
1975-1979	56	0.01255	0.01247	0.5	85458	1066	84926	1717903	20.10
1975-1979	57	0.01395	0.01386	0.5	84393	1169	83808	1632977	19.35
1975-1979	58	0.01524	0.01513	0.5	83223	1259	82594	1549169	18.61
1975-1979	59	0.01690	0.01676	0.5	81964	1374	81277	1466575	17.89
1975-1979	60	0.01841	0.01825	0.5	80590	1471	79855	1385298	17.19
1975-1979	61	0.01989	0.01969	0.5	79120	1558	78341	1305443	16.50
1975-1979	62	0.02337	0.02310	0.5	77562	1791	76666	1227102	15.82
1975-1979	63	0.02457	0.02427	0.5	75771	1839	74851	1150435	15.18
1975-1979	64	0.02711	0.02675	0.5	73932	1977	72943	1075584	14.55
1975-1979	65	0.02965	0.02922	0.5	71954	2102	70903	1002641	13.93
1975-1979	66	0.03195	0.03145	0.5	69852	2197	68754	931738	13.34
1975-1979	67	0.03545	0.03483	0.5	67655	2356	66477	862985	12.76
1975-1979	68	0.03843	0.03771	0.5	65299	2462	64068	796508	12.20
1975-1979	69	0.04083	0.04001	0.5	62837	2514	61580	732440	11.66
1975-1979	70	0.04407	0.04312	0.5	60323	2601	59022	670860	11.12
1975-1979	71	0.04820	0.04707	0.5	57722	2717	56363	611838	10.60
1975-1979	72	0.05357	0.05218	0.5	55005	2870	53570	555475	10.10
1975-1979	73	0.05706	0.05548	0.5	52135	2893	50688	501905	9.63
1975-1979	74	0.06072	0.05893	0.5	49242	2902	47791	451217	9.16
1975-1979	75	0.06760	0.06539	0.5	46340	3030	44825	403426	8.71
1975-1979	76	0.07158	0.06910	0.5	43310	2993	41814	358600	8.28
1975-1979	77	0.07796	0.07504	0.5	40317	3025	38805	316786	7.86
1975-1979	78	0.08293	0.07963	0.5	37292	2969	35807	277982	7.45
1975-1979	79	0.09205	0.08800	0.5	34323	3020	32812	242174	7.06
1975-1979	80	0.10069	0.09587	0.5	31302	3001	29802	209362	6.69
1975-1979	81	0.10325	0.09818	0.5	28301	2779	26912	179560	6.34
1975-1979	82	0.11652	0.11010	0.5	25523	2810	24118	152648	5.98
1975-1979	83	0.12705	0.11946	0.5	22712	2713	21356	128531	5.66
1975-1979	84	0.13501	0.12647	0.5	19999	2529	18735	107175	5.36
1975-1979	85	0.14787	0.13769	0.5	17470	2405	16267	88440	5.06
1975-1979	86	0.15862	0.14697	0.5	15064	2214	13957	72173	4.79
1975-1979	87	0.17054	0.15714	0.5	12850	2019	11841	58216	4.53
1975-1979	88	0.18226	0.16704	0.5	10831	1809	9926	46375	4.28
1975-1979	89	0.19466	0.17740	0.5	9022	1600	8222	36449	4.04
1975-1979	90	0.21258	0.19216	0.5	7421	1426	6708	28227	3.80
1975-1979	91	0.22249	0.20022	0.5	5995	1200	5395	21519	3.59
1975-1979	92	0.25632	0.22720	0.5	4795	1089	4250	16124	3.36
1975-1979	93	0.26916	0.23723	0.5	3706	879	3266	11873	3.20
1975-1979	94	0.28971	0.25305	0.5	2826	715	2469	8607	3.05
1975-1979	95	0.30100	0.26162	0.5	2111	552	1835	6139	2.91
1975-1979	96	0.32062	0.27632	0.5	1559	431	1343	4304	2.76
1975-1979	97	0.34090	0.29125	0.5	1128	329	964	2960	2.62
1975-1979	98	0.36177	0.30636	0.5	800	245	677	1996	2.50
1975-1979	99	0.38319	0.32157	0.5	555	178	465	1319	2.38
1975-1979	100	0.40506	0.33684	0.5	376	127	313	854	2.27
1975-1979	101	0.42732	0.35209	0.5	250	88	206	541	2.17
1975-1979	102	0.44987	0.36726	0.5	162	59	132	335	2.07
1975-1979	103	0.47264	0.38230	0.5	102	39	83	203	1.99
1975-1979	104	0.49552	0.39713	0.5	63	25	51	120	1.91
1975-1979	105	0.51842	0.41170	0.5	38	16	30	70	1.83
1975-1979	106	0.54124	0.42596	0.5	22	10	18	40	1.77
1975-1979	107	0.56389	0.43987	0.5	13	6	10	22	1.71
1975-1979	108	0.58627	0.45337	0.5	7	3	6	12	1.66
1975-1979	109	0.60831	0.46644	0.5	4	2	3	6	1.61
1975-1979	110+	0.62991	1.00000	1.59	2	2	3	3	1.59
1980-1984	0	0.01127	0.01116	0.08	100000	1116	98968	7172719	71.73
1980-1984	1	0.00070	0.00070	0.5	98884	70	98849	7073750	71.54
1980-1984	2	0.00049	0.00049	0.5	98815	48	98790	6974901	70.59
1980-1984	3	0.00039	0.00039	0.5	98766	39	98747	6876110	69.62
1980-1984	4	0.00028	0.00028	0.5	98727	28	98714	6777364	68.65
1980-1984	5	0.00032	0.00032	0.5	98700	32	98684	6678650	67.67
1980-1984	6	0.00029	0.00029	0.5	98668	28	98654	6579966	66.69
1980-1984	7	0.00025	0.00025	0.5	98639	25	98627	6481312	65.71
1980-1984	8	0.00025	0.00025	0.5	98614	25	98602	6382685	64.72
1980-1984	9	0.00020	0.00020	0.5	98590	20	98580	6284083	63.74
1980-1984	10	0.00019	0.00019	0.5	98570	19	98560	6185503	62.75
1980-1984	11	0.00021	0.00021	0.5	98551	21	98540	6086943	61.76
1980-1984	12	0.00025	0.00025	0.5	98530	25	98517	5988402	60.78
1980-1984	13	0.00033	0.00033	0.5	98505	33	98488	5889885	59.79
1980-1984	14	0.00036	0.00036	0.5	98472	35	98454	5791397	58.81
1980-1984	15	0.00051	0.00051	0.5	98437	50	98412	5692942	57.83
1980-1984	16	0.00077	0.00077	0.5	98387	75	98349	5594530	56.86
1980-1984	17	0.00108	0.00108	0.5	98312	106	98259	5496181	55.91
1980-1984	18	0.00135	0.00135	0.5	98206	133	98139	5397923	54.97
1980-1984	19	0.00145	0.00145	0.5	98073	143	98002	5299783	54.04
1980-1984	20	0.00149	0.00148	0.5	97930	145	97858	5201782	53.12
1980-1984	21	0.00147	0.00147	0.5	97785	144	97713	5103924	52.20
1980-1984	22	0.00141	0.00141	0.5	97642	137	97573	5006210	51.27
1980-1984	23	0.00137	0.00137	0.5	97504	134	97437	4908637	50.34
1980-1984	24	0.00137	0.00137	0.5	97371	134	97304	4811200	49.41
1980-1984	25	0.00134	0.00134	0.5	97237	130	97172	4713896	48.48
1980-1984	26	0.00129	0.00129	0.5	97107	125	97044	4616724	47.54
1980-1984	27	0.00142	0.00141	0.5	96981	137	96913	4519680	46.60
1980-1984	28	0.00141	0.00141	0.5	96844	136	96776	4422767	45.67
1980-1984	29	0.00132	0.00132	0.5	96708	127	96644	4325991	44.73
1980-1984	30	0.00130	0.00130	0.5	96581	125	96518	4229347	43.79
1980-1984	31	0.00139	0.00139	0.5	96455	134	96388	4132829	42.85
1980-1984	32	0.00139	0.00139	0.5	96322	134	96255	4036441	41.91
1980-1984	33	0.00147	0.00147	0.5	96188	141	96117	3940186	40.96
1980-1984	34	0.00147	0.00147	0.5	96046	141	95976	3844069	40.02
1980-1984	35	0.00150	0.00150	0.5	95905	144	95833	3748093	39.08
1980-1984	36	0.00168	0.00168	0.5	95762	161	95681	3652260	38.14
1980-1984	37	0.00187	0.00187	0.5	95601	179	95512	3556578	37.20
1980-1984	38	0.00206	0.00206	0.5	95422	196	95324	3461067	36.27
1980-1984	39	0.00207	0.00207	0.5	95226	197	95127	3365743	35.34
1980-1984	40	0.00218	0.00217	0.5	95029	207	94926	3270616	34.42
1980-1984	41	0.00265	0.00265	0.5	94822	251	94697	3175690	33.49
1980-1984	42	0.00269	0.00268	0.5	94571	254	94444	3080993	32.58
1980-1984	43	0.00289	0.00289	0.5	94318	273	94181	2986549	31.66
1980-1984	44	0.00357	0.00357	0.5	94045	335	93877	2892367	30.76
1980-1984	45	0.00355	0.00355	0.5	93710	332	93543	2798490	29.86
1980-1984	46	0.00418	0.00417	0.5	93377	390	93182	2704947	28.97
1980-1984	47	0.00476	0.00475	0.5	92987	442	92766	2611765	28.09
1980-1984	48	0.00543	0.00541	0.5	92545	501	92295	2518998	27.22
1980-1984	49	0.00595	0.00593	0.5	92045	546	91772	2426703	26.36
1980-1984	50	0.00600	0.00599	0.5	91499	548	91225	2334931	25.52
1980-1984	51	0.00749	0.00746	0.5	90951	678	90612	2243706	24.67
1980-1984	52	0.00817	0.00814	0.5	90273	735	89905	2153094	23.85
1980-1984	53	0.00874	0.00870	0.5	89538	779	89148	2063189	23.04
1980-1984	54	0.00982	0.00977	0.5	88759	867	88325	1974041	22.24
1980-1984	55	0.01085	0.01079	0.5	87892	948	87418	1885715	21.45
1980-1984	56	0.01194	0.01187	0.5	86944	1032	86428	1798298	20.68
1980-1984	57	0.01262	0.01254	0.5	85912	1078	85373	1711870	19.93
1980-1984	58	0.01413	0.01403	0.5	84834	1190	84239	1626497	19.17
1980-1984	59	0.01569	0.01557	0.5	83644	1302	82993	1542258	18.44
1980-1984	60	0.01670	0.01656	0.5	82342	1363	81660	1459265	17.72
1980-1984	61	0.01817	0.01800	0.5	80978	1458	80249	1377606	17.01
1980-1984	62	0.02097	0.02075	0.5	79520	1650	78695	1297356	16.31
1980-1984	63	0.02238	0.02213	0.5	77870	1724	77008	1218661	15.65
1980-1984	64	0.02429	0.02400	0.5	76147	1828	75233	1141653	14.99
1980-1984	65	0.02604	0.02570	0.5	74319	1910	73364	1066420	14.35
1980-1984	66	0.02912	0.02870	0.5	72409	2078	71370	993056	13.71
1980-1984	67	0.03205	0.03154	0.5	70330	2218	69221	921686	13.11
1980-1984	68	0.03444	0.03385	0.5	68112	2306	66959	852465	12.52
1980-1984	69	0.03838	0.03766	0.5	65806	2478	64567	785506	11.94
1980-1984	70	0.04160	0.04075	0.5	63328	2581	62037	720939	11.38
1980-1984	71	0.04457	0.04360	0.5	60747	2648	59423	658901	10.85
1980-1984	72	0.04946	0.04826	0.5	58099	2804	56697	599479	10.32
1980-1984	73	0.05418	0.05275	0.5	55295	2917	53836	542782	9.82
1980-1984	74	0.05910	0.05741	0.5	52378	3007	50874	488946	9.33
1980-1984	75	0.06339	0.06144	0.5	49371	3034	47854	438071	8.87
1980-1984	76	0.06867	0.06639	0.5	46337	3076	44799	390217	8.42
1980-1984	77	0.07513	0.07241	0.5	43261	3133	41695	345418	7.98
1980-1984	78	0.07943	0.07640	0.5	40128	3066	38595	303723	7.57
1980-1984	79	0.08996	0.08609	0.5	37063	3191	35467	265128	7.15
1980-1984	80	0.09463	0.09035	0.5	33872	3060	32342	229661	6.78
1980-1984	81	0.10314	0.09809	0.5	30812	3022	29300	197319	6.40
1980-1984	82	0.11373	0.10761	0.5	27789	2990	26294	168019	6.05
1980-1984	83	0.12274	0.11564	0.5	24799	2868	23365	141724	5.71
1980-1984	84	0.13143	0.12332	0.5	21931	2705	20579	118359	5.40
1980-1984	85	0.14287	0.13335	0.5	19227	2564	17945	97780	5.09
1980-1984	86	0.15779	0.14625	0.5	16663	2437	15444	79836	4.79
1980-1984	87	0.17121	0.15771	0.5	14226	2244	13104	64391	4.53
1980-1984	88	0.18179	0.16664	0.5	11982	1997	10984	51287	4.28
1980-1984	89	0.19548	0.17807	0.5	9986	1778	9097	40303	4.04
1980-1984	90	0.21317	0.19264	0.5	8207	1581	7417	31207	3.80
1980-1984	91	0.22411	0.20153	0.5	6626	1335	5959	23790	3.59
1980-1984	92	0.24792	0.22058	0.5	5291	1167	4707	17831	3.37
1980-1984	93	0.26814	0.23644	0.5	4124	975	3636	13124	3.18
1980-1984	94	0.28228	0.24737	0.5	3149	779	2759	9487	3.01
1980-1984	95	0.30779	0.26674	0.5	2370	632	2054	6728	2.84
1980-1984	96	0.32880	0.28238	0.5	1738	491	1492	4674	2.69
1980-1984	97	0.35051	0.29824	0.5	1247	372	1061	3182	2.55
1980-1984	98	0.37286	0.31427	0.5	875	275	738	2121	2.42
1980-1984	99	0.39577	0.33039	0.5	600	198	501	1383	2.30
1980-1984	100	0.41915	0.34652	0.5	402	139	332	882	2.20
1980-1984	101	0.44289	0.36259	0.5	263	95	215	550	2.09
1980-1984	102	0.46689	0.37853	0.5	167	63	136	335	2.00
1980-1984	103	0.49106	0.39425	0.5	104	41	84	199	1.92
1980-1984	104	0.51526	0.40971	0.5	63	26	50	116	1.84
1980-1984	105	0.53939	0.42482	0.5	37	16	29	66	1.77
1980-1984	106	0.56334	0.43953	0.5	21	9	17	36	1.70
1980-1984	107	0.58699	0.45380	0.5	12	5	9	20	1.64
1980-1984	108	0.61026	0.46758	0.5	7	3	5	10	1.59
1980-1984	109	0.63303	0.48084	0.5	3	2	3	5	1.55
1980-1984	110+	0.65522	1.00000	1.53	2	2	3	3	1.53
1985-1989	0	0.00956	0.00948	0.07	100000	948	99119	7249805	72.50
1985-1989	1	0.00051	0.00051	0.5	99052	50	99027	7150686	72.19
1985-1989	2	0.00051	0.00051	0.5	99002	51	98977	7051659	71.23
1985-1989	3	0.00033	0.00033	0.5	98951	32	98935	6952682	70.26
1985-1989	4	0.00029	0.00029	0.5	98919	29	98905	6853747	69.29
1985-1989	5	0.00028	0.00028	0.5	98890	28	98876	6754842	68.31
1985-1989	6	0.00022	0.00022	0.5	98862	22	98851	6655967	67.33
1985-1989	7	0.00023	0.00023	0.5	98840	23	98828	6557116	66.34
1985-1989	8	0.00024	0.00024	0.5	98817	24	98805	6458288	65.36
1985-1989	9	0.00022	0.00022	0.5	98793	21	98782	6359483	64.37
1985-1989	10	0.00019	0.00019	0.5	98772	19	98762	6260700	63.39
1985-1989	11	0.00024	0.00024	0.5	98753	24	98741	6161938	62.40
1985-1989	12	0.00019	0.00019	0.5	98729	19	98720	6063196	61.41
1985-1989	13	0.00026	0.00026	0.5	98710	25	98698	5964477	60.42
1985-1989	14	0.00035	0.00035	0.5	98685	35	98668	5865779	59.44
1985-1989	15	0.00056	0.00056	0.5	98650	55	98623	5767111	58.46
1985-1989	16	0.00080	0.00080	0.5	98595	79	98556	5668489	57.49
1985-1989	17	0.00098	0.00097	0.5	98516	96	98468	5569933	56.54
1985-1989	18	0.00123	0.00122	0.5	98420	121	98360	5471465	55.59
1985-1989	19	0.00125	0.00125	0.5	98300	123	98238	5373105	54.66
1985-1989	20	0.00123	0.00123	0.5	98177	121	98117	5274867	53.73
1985-1989	21	0.00130	0.00130	0.5	98056	127	97993	5176750	52.79
1985-1989	22	0.00131	0.00131	0.5	97929	128	97865	5078757	51.86
1985-1989	23	0.00130	0.00130	0.5	97801	127	97737	4980893	50.93
1985-1989	24	0.00125	0.00125	0.5	97674	122	97613	4883155	49.99
1985-1989	25	0.00131	0.00131	0.5	97551	128	97488	4785543	49.06
1985-1989	26	0.00143	0.00143	0.5	97424	139	97354	4688055	48.12
1985-1989	27	0.00132	0.00132	0.5	97285	128	97221	4590701	47.19
1985-1989	28	0.00146	0.00146	0.5	97157	141	97086	4493480	46.25
1985-1989	29	0.00142	0.00142	0.5	97015	138	96946	4396394	45.32
1985-1989	30	0.00155	0.00155	0.5	96877	150	96802	4299448	44.38
1985-1989	31	0.00159	0.00158	0.5	96727	153	96651	4202646	43.45
1985-1989	32	0.00168	0.00168	0.5	96574	162	96493	4105995	42.52
1985-1989	33	0.00168	0.00168	0.5	96412	162	96331	4009502	41.59
1985-1989	34	0.00177	0.00176	0.5	96250	170	96165	3913171	40.66
1985-1989	35	0.00182	0.00181	0.5	96080	174	95993	3817005	39.73
1985-1989	36	0.00194	0.00193	0.5	95906	186	95813	3721012	38.80
1985-1989	37	0.00201	0.00200	0.5	95720	192	95624	3625199	37.87
1985-1989	38	0.00226	0.00226	0.5	95529	216	95421	3529575	36.95
1985-1989	39	0.00215	0.00215	0.5	95313	205	95210	3434154	36.03
1985-1989	40	0.00229	0.00229	0.5	95108	218	94999	3338944	35.11
1985-1989	41	0.00258	0.00258	0.5	94890	245	94768	3243945	34.19
1985-1989	42	0.00288	0.00287	0.5	94646	272	94510	3149177	33.27
1985-1989	43	0.00285	0.00284	0.5	94374	268	94240	3054667	32.37
1985-1989	44	0.00320	0.00320	0.5	94105	301	93955	2960427	31.46
1985-1989	45	0.00354	0.00353	0.5	93805	331	93639	2866472	30.56
1985-1989	46	0.00366	0.00366	0.5	93473	342	93302	2772834	29.66
1985-1989	47	0.00433	0.00432	0.5	93131	402	92930	2679531	28.77
1985-1989	48	0.00494	0.00493	0.5	92729	457	92500	2586601	27.89
1985-1989	49	0.00511	0.00510	0.5	92272	470	92037	2494101	27.03
1985-1989	50	0.00585	0.00583	0.5	91801	535	91534	2402064	26.17
1985-1989	51	0.00629	0.00627	0.5	91266	572	90980	2310531	25.32
1985-1989	52	0.00724	0.00721	0.5	90694	654	90367	2219551	24.47
1985-1989	53	0.00806	0.00803	0.5	90040	723	89678	2129184	23.65
1985-1989	54	0.00850	0.00847	0.5	89317	756	88939	2039506	22.83
1985-1989	55	0.00965	0.00960	0.5	88561	850	88136	1950567	22.03
1985-1989	56	0.01040	0.01035	0.5	87711	908	87257	1862432	21.23
1985-1989	57	0.01129	0.01122	0.5	86803	974	86316	1775175	20.45
1985-1989	58	0.01319	0.01310	0.5	85828	1125	85266	1688859	19.68
1985-1989	59	0.01415	0.01405	0.5	84704	1190	84109	1603593	18.93
1985-1989	60	0.01603	0.01590	0.5	83514	1328	82850	1519485	18.19
1985-1989	61	0.01696	0.01682	0.5	82186	1382	81494	1436635	17.48
1985-1989	62	0.01913	0.01895	0.5	80803	1531	80038	1355141	16.77
1985-1989	63	0.02102	0.02080	0.5	79272	1649	78448	1275103	16.09
1985-1989	64	0.02231	0.02206	0.5	77623	1712	76767	1196655	15.42
1985-1989	65	0.02435	0.02405	0.5	75911	1826	74998	1119888	14.75
1985-1989	66	0.02664	0.02629	0.5	74085	1948	73111	1044890	14.10
1985-1989	67	0.02857	0.02817	0.5	72138	2032	71121	971779	13.47
1985-1989	68	0.03180	0.03130	0.5	70105	2194	69008	900658	12.85
1985-1989	69	0.03485	0.03426	0.5	67911	2326	66748	831649	12.25
1985-1989	70	0.03844	0.03772	0.5	65584	2474	64348	764902	11.66
1985-1989	71	0.04310	0.04219	0.5	63111	2662	61780	700554	11.10
1985-1989	72	0.04741	0.04631	0.5	60448	2799	59049	638775	10.57
1985-1989	73	0.05030	0.04907	0.5	57649	2829	56235	579726	10.06
1985-1989	74	0.05519	0.05371	0.5	54820	2944	53348	523491	9.55
1985-1989	75	0.05891	0.05722	0.5	51876	2969	50392	470143	9.06
1985-1989	76	0.06436	0.06235	0.5	48907	3049	47383	419751	8.58
1985-1989	77	0.07016	0.06778	0.5	45858	3108	44304	372369	8.12
1985-1989	78	0.07642	0.07361	0.5	42750	3147	41176	328065	7.67
1985-1989	79	0.08544	0.08194	0.5	39603	3245	37980	286888	7.24
1985-1989	80	0.09182	0.08779	0.5	36358	3192	34762	248908	6.85
1985-1989	81	0.10125	0.09637	0.5	33166	3196	31568	214146	6.46
1985-1989	82	0.11084	0.10502	0.5	29970	3148	28396	182578	6.09
1985-1989	83	0.12004	0.11324	0.5	26822	3037	25304	154182	5.75
1985-1989	84	0.13202	0.12385	0.5	23785	2946	22312	128878	5.42
1985-1989	85	0.13929	0.13022	0.5	20839	2714	19482	106566	5.11
1985-1989	86	0.15128	0.14065	0.5	18126	2549	16851	87084	4.80
1985-1989	87	0.17141	0.15788	0.5	15576	2459	14347	70233	4.51
1985-1989	88	0.17731	0.16287	0.5	13117	2136	12049	55886	4.26
1985-1989	89	0.19498	0.17766	0.5	10981	1951	10005	43837	3.99
1985-1989	90	0.21605	0.19499	0.5	9030	1761	8150	33832	3.75
1985-1989	91	0.23156	0.20753	0.5	7269	1509	6515	25682	3.53
1985-1989	92	0.24736	0.22013	0.5	5761	1268	5127	19167	3.33
1985-1989	93	0.27774	0.24387	0.5	4493	1096	3945	14041	3.13
1985-1989	94	0.28689	0.25090	0.5	3397	852	2971	10096	2.97
1985-1989	95	0.31171	0.26968	0.5	2545	686	2202	7125	2.80
1985-1989	96	0.33361	0.28592	0.5	1858	531	1593	4923	2.65
1985-1989	97	0.35625	0.30239	0.5	1327	401	1126	3331	2.51
1985-1989	98	0.37955	0.31901	0.5	926	295	778	2204	2.38
1985-1989	99	0.40342	0.33571	0.5	630	212	525	1426	2.26
1985-1989	100	0.42776	0.35239	0.5	419	148	345	902	2.15
1985-1989	101	0.45246	0.36898	0.5	271	100	221	557	2.05
1985-1989	102	0.47739	0.38539	0.5	171	66	138	335	1.96
1985-1989	103	0.50243	0.40155	0.5	105	42	84	197	1.87
1985-1989	104	0.52746	0.41738	0.5	63	26	50	113	1.80
1985-1989	105	0.55235	0.43282	0.5	37	16	29	63	1.73
1985-1989	106	0.57699	0.44780	0.5	21	9	16	35	1.66
1985-1989	107	0.60124	0.46227	0.5	11	5	9	18	1.61
1985-1989	108	0.62501	0.47620	0.5	6	3	5	10	1.56
1985-1989	109	0.64819	0.48954	0.5	3	2	2	5	1.52
1985-1989	110+	0.67070	1.00000	1.49	2	2	2	2	1.49
1990-1994	0	0.00762	0.00757	0.07	100000	757	99293	7374753	73.75
1990-1994	1	0.00050	0.00050	0.5	99243	50	99218	7275460	73.31
1990-1994	2	0.00036	0.00036	0.5	99193	35	99176	7176242	72.35
1990-1994	3	0.00027	0.00027	0.5	99158	26	99145	7077066	71.37
1990-1994	4	0.00020	0.00020	0.5	99132	20	99122	6977922	70.39
1990-1994	5	0.00021	0.00021	0.5	99112	20	99101	6878800	69.40
1990-1994	6	0.00016	0.00016	0.5	99091	15	99083	6779699	68.42
1990-1994	7	0.00018	0.00018	0.5	99076	18	99067	6680616	67.43
1990-1994	8	0.00016	0.00016	0.5	99058	15	99050	6581549	66.44
1990-1994	9	0.00013	0.00013	0.5	99042	13	99036	6482499	65.45
1990-1994	10	0.00013	0.00013	0.5	99030	13	99023	6383463	64.46
1990-1994	11	0.00022	0.00022	0.5	99017	22	99006	6284440	63.47
1990-1994	12	0.00021	0.00021	0.5	98995	20	98985	6185434	62.48
1990-1994	13	0.00025	0.00025	0.5	98975	25	98963	6086448	61.49
1990-1994	14	0.00041	0.00041	0.5	98950	41	98930	5987486	60.51
1990-1994	15	0.00046	0.00046	0.5	98910	46	98887	5888556	59.53
1990-1994	16	0.00069	0.00069	0.5	98864	68	98830	5789669	58.56
1990-1994	17	0.00093	0.00093	0.5	98796	92	98750	5690838	57.60
1990-1994	18	0.00112	0.00112	0.5	98704	111	98649	5592088	56.66
1990-1994	19	0.00105	0.00105	0.5	98593	103	98541	5493440	55.72
1990-1994	20	0.00102	0.00102	0.5	98490	100	98440	5394898	54.78
1990-1994	21	0.00108	0.00108	0.5	98389	106	98336	5296459	53.83
1990-1994	22	0.00113	0.00112	0.5	98283	111	98228	5198122	52.89
1990-1994	23	0.00115	0.00115	0.5	98173	113	98116	5099895	51.95
1990-1994	24	0.00110	0.00110	0.5	98059	108	98005	5001778	51.01
1990-1994	25	0.00114	0.00114	0.5	97951	112	97896	4903773	50.06
1990-1994	26	0.00123	0.00123	0.5	97840	120	97780	4805877	49.12
1990-1994	27	0.00124	0.00124	0.5	97719	121	97659	4708098	48.18
1990-1994	28	0.00138	0.00138	0.5	97598	134	97531	4610439	47.24
1990-1994	29	0.00138	0.00138	0.5	97464	135	97397	4512908	46.30
1990-1994	30	0.00157	0.00157	0.5	97329	153	97253	4415511	45.37
1990-1994	31	0.00170	0.00170	0.5	97177	165	97094	4318258	44.44
1990-1994	32	0.00175	0.00175	0.5	97011	170	96926	4221164	43.51
1990-1994	33	0.00181	0.00180	0.5	96842	175	96754	4124238	42.59
1990-1994	34	0.00197	0.00196	0.5	96667	190	96572	4027484	41.66
1990-1994	35	0.00209	0.00208	0.5	96477	201	96377	3930912	40.74
1990-1994	36	0.00219	0.00219	0.5	96276	211	96170	3834535	39.83
1990-1994	37	0.00233	0.00233	0.5	96065	224	95953	3738365	38.91
1990-1994	38	0.00243	0.00243	0.5	95841	233	95725	3642412	38.00
1990-1994	39	0.00248	0.00248	0.5	95609	237	95490	3546687	37.10
1990-1994	40	0.00256	0.00256	0.5	95372	244	95250	3451197	36.19
1990-1994	41	0.00289	0.00288	0.5	95128	274	94991	3355947	35.28
1990-1994	42	0.00296	0.00295	0.5	94854	280	94714	3260956	34.38
1990-1994	43	0.00319	0.00318	0.5	94574	301	94423	3166242	33.48
1990-1994	44	0.00316	0.00315	0.5	94273	297	94124	3071819	32.58
1990-1994	45	0.00345	0.00344	0.5	93976	323	93814	2977695	31.69
1990-1994	46	0.00374	0.00374	0.5	93653	350	93478	2883880	30.79
1990-1994	47	0.00397	0.00397	0.5	93302	370	93117	2790403	29.91
1990-1994	48	0.00440	0.00439	0.5	92932	408	92728	2697285	29.02
1990-1994	49	0.00474	0.00472	0.5	92524	437	92306	2604557	28.15
1990-1994	50	0.00511	0.00510	0.5	92087	470	91852	2512251	27.28
1990-1994	51	0.00577	0.00575	0.5	91618	527	91354	2420399	26.42
1990-1994	52	0.00615	0.00613	0.5	91090	558	90811	2329045	25.57
1990-1994	53	0.00689	0.00687	0.5	90532	622	90221	2238233	24.72
1990-1994	54	0.00720	0.00717	0.5	89910	645	89588	2148012	23.89
1990-1994	55	0.00812	0.00809	0.5	89266	722	88905	2058424	23.06
1990-1994	56	0.00936	0.00932	0.5	88544	825	88131	1969520	22.24
1990-1994	57	0.01007	0.01002	0.5	87719	879	87279	1881388	21.45
1990-1994	58	0.01177	0.01170	0.5	86839	1016	86332	1794109	20.66
1990-1994	59	0.01235	0.01228	0.5	85824	1054	85297	1707778	19.90
1990-1994	60	0.01376	0.01367	0.5	84770	1158	84191	1622481	19.14
1990-1994	61	0.01509	0.01498	0.5	83612	1252	82985	1538290	18.40
1990-1994	62	0.01699	0.01685	0.5	82359	1387	81666	1455305	17.67
1990-1994	63	0.01857	0.01840	0.5	80972	1490	80227	1373639	16.96
1990-1994	64	0.02013	0.01993	0.5	79482	1584	78690	1293413	16.27
1990-1994	65	0.02150	0.02128	0.5	77898	1657	77069	1214723	15.59
1990-1994	66	0.02410	0.02381	0.5	76240	1815	75333	1137654	14.92
1990-1994	67	0.02570	0.02538	0.5	74425	1889	73481	1062321	14.27
1990-1994	68	0.02916	0.02874	0.5	72536	2084	71494	988841	13.63
1990-1994	69	0.03172	0.03122	0.5	70452	2200	69352	917346	13.02
1990-1994	70	0.03300	0.03246	0.5	68252	2216	67144	847995	12.42
1990-1994	71	0.03632	0.03567	0.5	66037	2356	64859	780850	11.82
1990-1994	72	0.04007	0.03928	0.5	63681	2502	62430	715992	11.24
1990-1994	73	0.04376	0.04282	0.5	61179	2620	59869	653561	10.68
1990-1994	74	0.04831	0.04717	0.5	58560	2762	57179	593692	10.14
1990-1994	75	0.05121	0.04994	0.5	55798	2786	54404	536513	9.62
1990-1994	76	0.05740	0.05580	0.5	53011	2958	51532	482109	9.09
1990-1994	77	0.06223	0.06035	0.5	50053	3021	48543	430576	8.60
1990-1994	78	0.06772	0.06550	0.5	47032	3081	45492	382034	8.12
1990-1994	79	0.07521	0.07248	0.5	43952	3186	42359	336541	7.66
1990-1994	80	0.08461	0.08118	0.5	40766	3309	39111	294183	7.22
1990-1994	81	0.08906	0.08526	0.5	37457	3194	35860	255071	6.81
1990-1994	82	0.09938	0.09468	0.5	34263	3244	32641	219211	6.40
1990-1994	83	0.10947	0.10379	0.5	31019	3220	29409	186570	6.01
1990-1994	84	0.11831	0.11171	0.5	27800	3105	26247	157161	5.65
1990-1994	85	0.13384	0.12545	0.5	24694	3098	23145	130914	5.30
1990-1994	86	0.14417	0.13447	0.5	21596	2904	20144	107768	4.99
1990-1994	87	0.15400	0.14299	0.5	18692	2673	17356	87624	4.69
1990-1994	88	0.17288	0.15913	0.5	16019	2549	14745	70268	4.39
1990-1994	89	0.18568	0.16991	0.5	13470	2289	12326	55523	4.12
1990-1994	90	0.20893	0.18917	0.5	11182	2115	10124	43197	3.86
1990-1994	91	0.21811	0.19667	0.5	9066	1783	8175	33073	3.65
1990-1994	92	0.23810	0.21277	0.5	7283	1550	6509	24898	3.42
1990-1994	93	0.26676	0.23537	0.5	5734	1350	5059	18390	3.21
1990-1994	94	0.27458	0.24143	0.5	4384	1058	3855	13331	3.04
1990-1994	95	0.30305	0.26318	0.5	3326	875	2888	9476	2.85
1990-1994	96	0.32573	0.28011	0.5	2450	686	2107	6588	2.69
1990-1994	97	0.34926	0.29734	0.5	1764	525	1502	4481	2.54
1990-1994	98	0.37355	0.31476	0.5	1240	390	1044	2979	2.40
1990-1994	99	0.39849	0.33228	0.5	849	282	708	1934	2.28
1990-1994	100	0.42397	0.34982	0.5	567	198	468	1226	2.16
1990-1994	101	0.44986	0.36725	0.5	369	135	301	758	2.06
1990-1994	102	0.47603	0.38451	0.5	233	90	188	457	1.96
1990-1994	103	0.50232	0.40149	0.5	144	58	115	269	1.87
1990-1994	104	0.52861	0.41810	0.5	86	36	68	154	1.79
1990-1994	105	0.55473	0.43428	0.5	50	22	39	86	1.72
1990-1994	106	0.58056	0.44995	0.5	28	13	22	47	1.65
1990-1994	107	0.60595	0.46505	0.5	16	7	12	25	1.59
1990-1994	108	0.63079	0.47954	0.5	8	4	6	13	1.54
1990-1994	109	0.65495	0.49338	0.5	4	2	3	7	1.50
1990-1994	110+	0.67833	1.00000	1.47	2	2	3	3	1.47
1995-1999	0	0.00630	0.00626	0.06	100000	626	99413	7496061	74.96
1995-1999	1	0.00042	0.00042	0.5	99374	42	99353	7396649	74.43
1995-1999	2	0.00030	0.00030	0.5	99332	30	99317	7297296	73.46
1995-1999	3	0.00021	0.00021	0.5	99302	21	99291	7197979	72.49
1995-1999	4	0.00016	0.00016	0.5	99281	16	99273	7098687	71.50
1995-1999	5	0.00016	0.00016	0.5	99265	16	99257	6999415	70.51
1995-1999	6	0.00015	0.00015	0.5	99249	15	99242	6900158	69.52
1995-1999	7	0.00014	0.00014	0.5	99234	14	99228	6800916	68.53
1995-1999	8	0.00015	0.00015	0.5	99221	15	99213	6701689	67.54
1995-1999	9	0.00011	0.00011	0.5	99206	11	99201	6602475	66.55
1995-1999	10	0.00015	0.00015	0.5	99195	15	99188	6503275	65.56
1995-1999	11	0.00016	0.00016	0.5	99180	16	99172	6404087	64.57
1995-1999	12	0.00021	0.00021	0.5	99164	21	99154	6304915	63.58
1995-1999	13	0.00022	0.00022	0.5	99144	21	99133	6205761	62.59
1995-1999	14	0.00027	0.00027	0.5	99122	27	99109	6106629	61.61
1995-1999	15	0.00033	0.00033	0.5	99095	33	99079	6007520	60.62
1995-1999	16	0.00057	0.00057	0.5	99062	57	99034	5908441	59.64
1995-1999	17	0.00078	0.00078	0.5	99006	77	98967	5809407	58.68
1995-1999	18	0.00093	0.00093	0.5	98929	92	98883	5710440	57.72
1995-1999	19	0.00100	0.00100	0.5	98836	99	98787	5611558	56.78
1995-1999	20	0.00094	0.00094	0.5	98738	93	98691	5512771	55.83
1995-1999	21	0.00111	0.00111	0.5	98645	109	98590	5414079	54.88
1995-1999	22	0.00112	0.00112	0.5	98535	110	98480	5315489	53.95
1995-1999	23	0.00106	0.00106	0.5	98425	105	98373	5217009	53.00
1995-1999	24	0.00101	0.00101	0.5	98321	99	98271	5118636	52.06
1995-1999	25	0.00097	0.00097	0.5	98222	95	98174	5020365	51.11
1995-1999	26	0.00095	0.00095	0.5	98126	93	98080	4922191	50.16
1995-1999	27	0.00102	0.00102	0.5	98033	100	97984	4824111	49.21
1995-1999	28	0.00112	0.00112	0.5	97934	110	97879	4726128	48.26
1995-1999	29	0.00106	0.00106	0.5	97824	103	97772	4628249	47.31
1995-1999	30	0.00117	0.00117	0.5	97721	115	97663	4530477	46.36
1995-1999	31	0.00136	0.00136	0.5	97606	133	97540	4432813	45.42
1995-1999	32	0.00146	0.00146	0.5	97473	142	97402	4335274	44.48
1995-1999	33	0.00145	0.00145	0.5	97331	141	97261	4237871	43.54
1995-1999	34	0.00161	0.00161	0.5	97190	156	97112	4140611	42.60
1995-1999	35	0.00166	0.00166	0.5	97034	161	96954	4043498	41.67
1995-1999	36	0.00178	0.00178	0.5	96873	172	96787	3946545	40.74
1995-1999	37	0.00182	0.00182	0.5	96701	176	96613	3849757	39.81
1995-1999	38	0.00203	0.00203	0.5	96526	195	96428	3753144	38.88
1995-1999	39	0.00211	0.00211	0.5	96330	203	96228	3656716	37.96
1995-1999	40	0.00232	0.00231	0.5	96127	222	96015	3560488	37.04
1995-1999	41	0.00245	0.00245	0.5	95904	235	95787	3464473	36.12
1995-1999	42	0.00260	0.00259	0.5	95669	248	95545	3368686	35.21
1995-1999	43	0.00270	0.00269	0.5	95421	257	95293	3273141	34.30
1995-1999	44	0.00304	0.00304	0.5	95164	289	95020	3177848	33.39
1995-1999	45	0.00317	0.00317	0.5	94875	300	94725	3082829	32.49
1995-1999	46	0.00355	0.00355	0.5	94575	335	94407	2988104	31.60
1995-1999	47	0.00379	0.00378	0.5	94239	356	94061	2893696	30.71
1995-1999	48	0.00412	0.00411	0.5	93883	386	93690	2799635	29.82
1995-1999	49	0.00422	0.00422	0.5	93497	394	93300	2705945	28.94
1995-1999	50	0.00439	0.00439	0.5	93103	408	92899	2612645	28.06
1995-1999	51	0.00500	0.00499	0.5	92695	462	92464	2519746	27.18
1995-1999	52	0.00554	0.00552	0.5	92233	509	91978	2427282	26.32
1995-1999	53	0.00618	0.00616	0.5	91723	565	91441	2335304	25.46
1995-1999	54	0.00679	0.00676	0.5	91158	617	90850	2243863	24.62
1995-1999	55	0.00728	0.00725	0.5	90542	656	90213	2153014	23.78
1995-1999	56	0.00799	0.00796	0.5	89885	715	89528	2062800	22.95
1995-1999	57	0.00864	0.00860	0.5	89170	767	88786	1973273	22.13
1995-1999	58	0.01021	0.01016	0.5	88403	898	87954	1884486	21.32
1995-1999	59	0.01081	0.01076	0.5	87505	941	87034	1796533	20.53
1995-1999	60	0.01192	0.01185	0.5	86563	1026	86050	1709499	19.75
1995-1999	61	0.01340	0.01331	0.5	85537	1139	84968	1623448	18.98
1995-1999	62	0.01462	0.01451	0.5	84399	1225	83786	1538480	18.23
1995-1999	63	0.01622	0.01609	0.5	83174	1338	82504	1454694	17.49
1995-1999	64	0.01768	0.01753	0.5	81835	1434	81118	1372190	16.77
1995-1999	65	0.01971	0.01951	0.5	80401	1569	79616	1291072	16.06
1995-1999	66	0.02138	0.02116	0.5	78832	1668	77998	1211455	15.37
1995-1999	67	0.02262	0.02237	0.5	77164	1726	76301	1133457	14.69
1995-1999	68	0.02595	0.02562	0.5	75438	1933	74472	1057156	14.01
1995-1999	69	0.02836	0.02796	0.5	73505	2056	72478	982684	13.37
1995-1999	70	0.03089	0.03042	0.5	71450	2174	70363	910207	12.74
1995-1999	71	0.03479	0.03420	0.5	69276	2369	68092	839844	12.12
1995-1999	72	0.03747	0.03678	0.5	66907	2461	65677	771752	11.53
1995-1999	73	0.03959	0.03882	0.5	64447	2502	63196	706075	10.96
1995-1999	74	0.04369	0.04275	0.5	61945	2648	60621	642879	10.38
1995-1999	75	0.04716	0.04607	0.5	59296	2732	57931	582259	9.82
1995-1999	76	0.05155	0.05025	0.5	56565	2842	55144	524328	9.27
1995-1999	77	0.05768	0.05607	0.5	53722	3012	52216	469185	8.73
1995-1999	78	0.06358	0.06162	0.5	50710	3125	49148	416968	8.22
1995-1999	79	0.07200	0.06950	0.5	47586	3307	45932	367820	7.73
1995-1999	80	0.07783	0.07491	0.5	44279	3317	42620	321888	7.27
1995-1999	81	0.08720	0.08355	0.5	40962	3422	39250	279268	6.82
1995-1999	82	0.09612	0.09171	0.5	37539	3443	35818	240018	6.39
1995-1999	83	0.10687	0.10145	0.5	34096	3459	32367	204200	5.99
1995-1999	84	0.11729	0.11079	0.5	30637	3394	28940	171833	5.61
1995-1999	85	0.13164	0.12351	0.5	27243	3365	25561	142893	5.25
1995-1999	86	0.14626	0.13629	0.5	23878	3254	22251	117333	4.91
1995-1999	87	0.15247	0.14167	0.5	20624	2922	19163	95081	4.61
1995-1999	88	0.17090	0.15745	0.5	17702	2787	16308	75918	4.29
1995-1999	89	0.19042	0.17387	0.5	14915	2593	13618	59610	4.00
1995-1999	90	0.20824	0.18861	0.5	12322	2324	11160	45992	3.73
1995-1999	91	0.22925	0.20567	0.5	9998	2056	8970	34832	3.48
1995-1999	92	0.25018	0.22236	0.5	7941	1766	7059	25862	3.26
1995-1999	93	0.27981	0.24547	0.5	6176	1516	5418	18804	3.04
1995-1999	94	0.29689	0.25852	0.5	4660	1205	4057	13386	2.87
1995-1999	95	0.32040	0.27616	0.5	3455	954	2978	9329	2.70
1995-1999	96	0.34586	0.29487	0.5	2501	737	2132	6351	2.54
1995-1999	97	0.37225	0.31383	0.5	1763	553	1487	4219	2.39
1995-1999	98	0.39941	0.33292	0.5	1210	403	1009	2732	2.26
1995-1999	99	0.42721	0.35202	0.5	807	284	665	1723	2.13
1995-1999	100	0.45548	0.37099	0.5	523	194	426	1058	2.02
1995-1999	101	0.48403	0.38971	0.5	329	128	265	632	1.92
1995-1999	102	0.51269	0.40808	0.5	201	82	160	367	1.83
1995-1999	103	0.54127	0.42598	0.5	119	51	94	207	1.75
1995-1999	104	0.56958	0.44332	0.5	68	30	53	114	1.67
1995-1999	105	0.59744	0.46002	0.5	38	17	29	61	1.60
1995-1999	106	0.62468	0.47601	0.5	21	10	16	32	1.54
1995-1999	107	0.65116	0.49123	0.5	11	5	8	16	1.49
1995-1999	108	0.67674	0.50564	0.5	5	3	4	8	1.44
1995-1999	109	0.70130	0.51923	0.5	3	1	2	4	1.40
1995-1999	110+	0.72475	1.00000	1.38	1	1	2	2	1.38
2000-2004	0	0.00599	0.00595	0.06	100000	595	99441	7595306	75.95
2000-2004	1	0.00035	0.00035	0.5	99405	35	99387	7495865	75.41
2000-2004	2	0.00023	0.00023	0.5	99370	23	99358	7396477	74.43
2000-2004	3	0.00016	0.00016	0.5	99347	16	99338	7297119	73.45
2000-2004	4	0.00015	0.00015	0.5	99330	15	99323	7197781	72.46
2000-2004	5	0.00013	0.00013	0.5	99315	13	99308	7098458	71.47
2000-2004	6	0.00012	0.00012	0.5	99302	12	99296	6999149	70.48
2000-2004	7	0.00012	0.00012	0.5	99290	12	99284	6899854	69.49
2000-2004	8	0.00011	0.00011	0.5	99278	11	99273	6800569	68.50
2000-2004	9	0.00012	0.00012	0.5	99268	12	99262	6701296	67.51
2000-2004	10	0.00012	0.00012	0.5	99256	12	99250	6602034	66.52
2000-2004	11	0.00012	0.00012	0.5	99244	12	99238	6502784	65.52
2000-2004	12	0.00015	0.00015	0.5	99232	15	99224	6403546	64.53
2000-2004	13	0.00015	0.00015	0.5	99217	15	99209	6304322	63.54
2000-2004	14	0.00021	0.00021	0.5	99202	21	99191	6205113	62.55
2000-2004	15	0.00031	0.00031	0.5	99181	31	99166	6105921	61.56
2000-2004	16	0.00052	0.00052	0.5	99150	52	99124	6006756	60.58
2000-2004	17	0.00069	0.00069	0.5	99098	68	99064	5907632	59.61
2000-2004	18	0.00085	0.00085	0.5	99030	85	98988	5808567	58.65
2000-2004	19	0.00094	0.00094	0.5	98945	93	98899	5709580	57.70
2000-2004	20	0.00093	0.00093	0.5	98852	92	98806	5610681	56.76
2000-2004	21	0.00114	0.00114	0.5	98760	113	98703	5511875	55.81
2000-2004	22	0.00116	0.00116	0.5	98647	114	98590	5413172	54.87
2000-2004	23	0.00115	0.00115	0.5	98533	113	98476	5314582	53.94
2000-2004	24	0.00109	0.00109	0.5	98420	107	98366	5216105	53.00
2000-2004	25	0.00104	0.00104	0.5	98312	102	98261	5117739	52.06
2000-2004	26	0.00113	0.00113	0.5	98210	111	98155	5019478	51.11
2000-2004	27	0.00105	0.00105	0.5	98100	103	98048	4921323	50.17
2000-2004	28	0.00104	0.00104	0.5	97996	102	97945	4823275	49.22
2000-2004	29	0.00115	0.00115	0.5	97894	113	97838	4725329	48.27
2000-2004	30	0.00115	0.00115	0.5	97781	113	97725	4627492	47.32
2000-2004	31	0.00113	0.00113	0.5	97669	110	97613	4529767	46.38
2000-2004	32	0.00115	0.00115	0.5	97558	112	97502	4432153	45.43
2000-2004	33	0.00123	0.00123	0.5	97446	120	97386	4334651	44.48
2000-2004	34	0.00122	0.00122	0.5	97326	119	97267	4237265	43.54
2000-2004	35	0.00143	0.00143	0.5	97207	139	97138	4139999	42.59
2000-2004	36	0.00156	0.00156	0.5	97069	151	96993	4042861	41.65
2000-2004	37	0.00170	0.00169	0.5	96917	164	96835	3945868	40.71
2000-2004	38	0.00187	0.00187	0.5	96753	181	96663	3849032	39.78
2000-2004	39	0.00193	0.00193	0.5	96572	187	96479	3752369	38.86
2000-2004	40	0.00213	0.00213	0.5	96386	205	96283	3655890	37.93
2000-2004	41	0.00220	0.00220	0.5	96181	211	96075	3559607	37.01
2000-2004	42	0.00251	0.00251	0.5	95970	241	95849	3463532	36.09
2000-2004	43	0.00271	0.00271	0.5	95729	259	95599	3367682	35.18
2000-2004	44	0.00315	0.00314	0.5	95469	300	95319	3272083	34.27
2000-2004	45	0.00300	0.00299	0.5	95169	285	95027	3176764	33.38
2000-2004	46	0.00345	0.00344	0.5	94884	327	94721	3081737	32.48
2000-2004	47	0.00384	0.00384	0.5	94558	363	94377	2987016	31.59
2000-2004	48	0.00418	0.00417	0.5	94195	393	93999	2892640	30.71
2000-2004	49	0.00448	0.00447	0.5	93802	419	93593	2798641	29.84
2000-2004	50	0.00465	0.00464	0.5	93383	433	93167	2705048	28.97
2000-2004	51	0.00487	0.00485	0.5	92950	451	92724	2611881	28.10
2000-2004	52	0.00511	0.00510	0.5	92499	472	92263	2519157	27.23
2000-2004	53	0.00581	0.00579	0.5	92027	533	91760	2426894	26.37
2000-2004	54	0.00607	0.00605	0.5	91494	554	91217	2335134	25.52
2000-2004	55	0.00654	0.00652	0.5	90940	593	90643	2243917	24.67
2000-2004	56	0.00708	0.00706	0.5	90347	638	90028	2153274	23.83
2000-2004	57	0.00817	0.00813	0.5	89709	730	89344	2063246	23.00
2000-2004	58	0.00908	0.00904	0.5	88979	805	88577	1973902	22.18
2000-2004	59	0.00988	0.00983	0.5	88175	867	87741	1885325	21.38
2000-2004	60	0.01068	0.01062	0.5	87308	927	86844	1797584	20.59
2000-2004	61	0.01155	0.01149	0.5	86380	992	85884	1710740	19.80
2000-2004	62	0.01243	0.01236	0.5	85388	1055	84860	1624856	19.03
2000-2004	63	0.01398	0.01388	0.5	84333	1171	83747	1539996	18.26
2000-2004	64	0.01534	0.01523	0.5	83162	1266	82529	1456249	17.51
2000-2004	65	0.01724	0.01709	0.5	81896	1400	81196	1373720	16.77
2000-2004	66	0.01860	0.01843	0.5	80496	1483	79754	1292524	16.06
2000-2004	67	0.02012	0.01992	0.5	79013	1574	78226	1212770	15.35
2000-2004	68	0.02219	0.02195	0.5	77438	1700	76589	1134544	14.65
2000-2004	69	0.02508	0.02477	0.5	75739	1876	74801	1057956	13.97
2000-2004	70	0.02695	0.02660	0.5	73863	1964	72880	983155	13.31
2000-2004	71	0.03014	0.02969	0.5	71898	2135	70831	910275	12.66
2000-2004	72	0.03315	0.03261	0.5	69764	2275	68626	839444	12.03
2000-2004	73	0.03614	0.03550	0.5	67488	2396	66291	770818	11.42
2000-2004	74	0.03975	0.03898	0.5	65093	2537	63824	704528	10.82
2000-2004	75	0.04449	0.04353	0.5	62556	2723	61194	640703	10.24
2000-2004	76	0.04747	0.04637	0.5	59833	2774	58446	579509	9.69
2000-2004	77	0.05252	0.05118	0.5	57059	2920	55598	521063	9.13
2000-2004	78	0.05649	0.05493	0.5	54138	2974	52651	465465	8.60
2000-2004	79	0.06381	0.06184	0.5	51164	3164	49582	412814	8.07
2000-2004	80	0.07103	0.06860	0.5	48000	3293	46354	363231	7.57
2000-2004	81	0.07880	0.07581	0.5	44708	3389	43013	316877	7.09
2000-2004	82	0.08642	0.08284	0.5	41318	3423	39607	273864	6.63
2000-2004	83	0.09820	0.09360	0.5	37895	3547	36122	234257	6.18
2000-2004	84	0.10972	0.10402	0.5	34348	3573	32562	198136	5.77
2000-2004	85	0.12029	0.11347	0.5	30776	3492	29030	165574	5.38
2000-2004	86	0.13768	0.12882	0.5	27283	3515	25526	136544	5.00
2000-2004	87	0.14821	0.13799	0.5	23769	3280	22129	111018	4.67
2000-2004	88	0.16763	0.15467	0.5	20489	3169	18905	88889	4.34
2000-2004	89	0.18591	0.17010	0.5	17320	2946	15847	69984	4.04
2000-2004	90	0.20237	0.18378	0.5	14374	2642	13053	54137	3.77
2000-2004	91	0.21954	0.19782	0.5	11732	2321	10572	41084	3.50
2000-2004	92	0.24788	0.22054	0.5	9411	2076	8374	30512	3.24
2000-2004	93	0.27358	0.24066	0.5	7336	1765	6453	22138	3.02
2000-2004	94	0.30761	0.26661	0.5	5570	1485	4828	15685	2.82
2000-2004	95	0.32353	0.27848	0.5	4085	1138	3516	10857	2.66
2000-2004	96	0.35113	0.29869	0.5	2948	880	2507	7341	2.49
2000-2004	97	0.37976	0.31916	0.5	2067	660	1737	4833	2.34
2000-2004	98	0.40925	0.33973	0.5	1407	478	1168	3096	2.20
2000-2004	99	0.43941	0.36026	0.5	929	335	762	1928	2.07
2000-2004	100	0.47002	0.38058	0.5	595	226	481	1166	1.96
2000-2004	101	0.50086	0.40055	0.5	368	148	294	684	1.86
2000-2004	102	0.53170	0.42003	0.5	221	93	174	390	1.77
2000-2004	103	0.56229	0.43890	0.5	128	56	100	216	1.68
2000-2004	104	0.59242	0.45704	0.5	72	33	55	116	1.61
2000-2004	105	0.62187	0.47437	0.5	39	19	30	60	1.54
2000-2004	106	0.65045	0.49082	0.5	21	10	15	30	1.48
2000-2004	107	0.67798	0.50634	0.5	10	5	8	15	1.43
2000-2004	108	0.70433	0.52089	0.5	5	3	4	7	1.39
2000-2004	109	0.72939	0.53447	0.5	2	1	2	3	1.35
2000-2004	110+	0.75307	1.00000	1.33	1	1	2	2	1.33
2005-2009	0	0.00601	0.00597	0.06	100000	597	99439	7721647	77.22
2005-2009	1	0.00030	0.00030	0.5	99403	30	99388	7622208	76.68
2005-2009	2	0.00022	0.00022	0.5	99373	21	99362	7522820	75.70
2005-2009	3	0.00014	0.00014	0.5	99351	14	99344	7423458	74.72
2005-2009	4	0.00011	0.00011	0.5	99337	11	99332	7324114	73.73
2005-2009	5	0.00012	0.00012	0.5	99327	12	99321	7224782	72.74
2005-2009	6	0.00012	0.00012	0.5	99315	12	99309	7125461	71.75
2005-2009	7	0.00009	0.00009	0.5	99303	9	99299	7026152	70.75
2005-2009	8	0.00009	0.00009	0.5	99294	9	99290	6926854	69.76
2005-2009	9	0.00011	0.00011	0.5	99285	11	99280	6827564	68.77
2005-2009	10	0.00013	0.00013	0.5	99275	13	99268	6728284	67.77
2005-2009	11	0.00009	0.00009	0.5	99262	9	99257	6629016	66.78
2005-2009	12	0.00010	0.00010	0.5	99253	10	99248	6529758	65.79
2005-2009	13	0.00016	0.00016	0.5	99243	16	99235	6430510	64.80
2005-2009	14	0.00018	0.00018	0.5	99228	18	99219	6331275	63.81
2005-2009	15	0.00023	0.00023	0.5	99209	23	99198	6232056	62.82
2005-2009	16	0.00042	0.00042	0.5	99186	42	99166	6132858	61.83
2005-2009	17	0.00057	0.00057	0.5	99145	57	99116	6033693	60.86
2005-2009	18	0.00074	0.00074	0.5	99088	74	99051	5934577	59.89
2005-2009	19	0.00077	0.00077	0.5	99014	77	98976	5835526	58.94
2005-2009	20	0.00091	0.00090	0.5	98938	90	98893	5736550	57.98
2005-2009	21	0.00112	0.00111	0.5	98848	110	98793	5637657	57.03
2005-2009	22	0.00112	0.00112	0.5	98738	110	98683	5538864	56.10
2005-2009	23	0.00116	0.00116	0.5	98627	114	98570	5440181	55.16
2005-2009	24	0.00124	0.00124	0.5	98513	122	98452	5341611	54.22
2005-2009	25	0.00114	0.00113	0.5	98391	112	98335	5243159	53.29
2005-2009	26	0.00113	0.00113	0.5	98280	111	98224	5144823	52.35
2005-2009	27	0.00118	0.00118	0.5	98169	116	98111	5046599	51.41
2005-2009	28	0.00115	0.00115	0.5	98053	113	97996	4948488	50.47
2005-2009	29	0.00113	0.00113	0.5	97940	111	97885	4850492	49.53
2005-2009	30	0.00106	0.00106	0.5	97829	103	97777	4752607	48.58
2005-2009	31	0.00118	0.00117	0.5	97726	115	97668	4654830	47.63
2005-2009	32	0.00112	0.00112	0.5	97611	109	97556	4557162	46.69
2005-2009	33	0.00119	0.00119	0.5	97502	116	97444	4459606	45.74
2005-2009	34	0.00123	0.00123	0.5	97386	120	97326	4362162	44.79
2005-2009	35	0.00134	0.00134	0.5	97266	130	97201	4264836	43.85
2005-2009	36	0.00144	0.00144	0.5	97136	140	97066	4167635	42.91
2005-2009	37	0.00150	0.00150	0.5	96996	146	96923	4070569	41.97
2005-2009	38	0.00156	0.00156	0.5	96850	151	96775	3973646	41.03
2005-2009	39	0.00179	0.00179	0.5	96700	173	96613	3876871	40.09
2005-2009	40	0.00183	0.00183	0.5	96526	177	96438	3780258	39.16
2005-2009	41	0.00193	0.00193	0.5	96350	186	96257	3683820	38.23
2005-2009	42	0.00229	0.00229	0.5	96164	220	96054	3587563	37.31
2005-2009	43	0.00233	0.00233	0.5	95944	223	95832	3491509	36.39
2005-2009	44	0.00270	0.00270	0.5	95721	258	95592	3395677	35.47
2005-2009	45	0.00297	0.00297	0.5	95462	284	95321	3300085	34.57
2005-2009	46	0.00299	0.00298	0.5	95179	284	95037	3204765	33.67
2005-2009	47	0.00330	0.00330	0.5	94895	313	94739	3109728	32.77
2005-2009	48	0.00378	0.00378	0.5	94582	357	94404	3014989	31.88
2005-2009	49	0.00413	0.00412	0.5	94225	388	94031	2920586	31.00
2005-2009	50	0.00444	0.00443	0.5	93837	415	93629	2826555	30.12
2005-2009	51	0.00468	0.00467	0.5	93421	437	93203	2732926	29.25
2005-2009	52	0.00530	0.00529	0.5	92985	492	92739	2639723	28.39
2005-2009	53	0.00557	0.00556	0.5	92493	514	92236	2546984	27.54
2005-2009	54	0.00580	0.00578	0.5	91979	532	91713	2454748	26.69
2005-2009	55	0.00660	0.00658	0.5	91447	602	91147	2363034	25.84
2005-2009	56	0.00695	0.00692	0.5	90846	629	90531	2271888	25.01
2005-2009	57	0.00733	0.00730	0.5	90217	659	89887	2181356	24.18
2005-2009	58	0.00834	0.00831	0.5	89558	744	89186	2091469	23.35
2005-2009	59	0.00852	0.00848	0.5	88814	753	88437	2002283	22.54
2005-2009	60	0.00926	0.00922	0.5	88061	812	87655	1913846	21.73
2005-2009	61	0.01013	0.01008	0.5	87249	879	86809	1826191	20.93
2005-2009	62	0.01095	0.01089	0.5	86370	941	85899	1739381	20.14
2005-2009	63	0.01242	0.01235	0.5	85429	1055	84902	1653482	19.36
2005-2009	64	0.01330	0.01321	0.5	84374	1115	83817	1568580	18.59
2005-2009	65	0.01422	0.01412	0.5	83260	1175	82672	1484763	17.83
2005-2009	66	0.01564	0.01552	0.5	82084	1274	81447	1402091	17.08
2005-2009	67	0.01732	0.01717	0.5	80811	1387	80117	1320644	16.34
2005-2009	68	0.01894	0.01876	0.5	79423	1490	78678	1240527	15.62
2005-2009	69	0.02086	0.02065	0.5	77933	1609	77128	1161849	14.91
2005-2009	70	0.02329	0.02302	0.5	76324	1757	75445	1084720	14.21
2005-2009	71	0.02532	0.02500	0.5	74566	1864	73634	1009275	13.54
2005-2009	72	0.02834	0.02794	0.5	72702	2031	71687	935641	12.87
2005-2009	73	0.03100	0.03053	0.5	70671	2157	69592	863954	12.22
2005-2009	74	0.03349	0.03294	0.5	68514	2257	67385	794362	11.59
2005-2009	75	0.03693	0.03626	0.5	66257	2402	65056	726976	10.97
2005-2009	76	0.04056	0.03976	0.5	63855	2539	62585	661921	10.37
2005-2009	77	0.04584	0.04481	0.5	61316	2748	59942	599335	9.77
2005-2009	78	0.05073	0.04947	0.5	58568	2898	57119	539393	9.21
2005-2009	79	0.05665	0.05509	0.5	55671	3067	54137	482274	8.66
2005-2009	80	0.06103	0.05923	0.5	52604	3115	51046	428137	8.14
2005-2009	81	0.06797	0.06573	0.5	49488	3253	47862	377091	7.62
2005-2009	82	0.07664	0.07381	0.5	46235	3412	44529	329229	7.12
2005-2009	83	0.08441	0.08099	0.5	42823	3468	41089	284700	6.65
2005-2009	84	0.09282	0.08871	0.5	39355	3491	37609	243611	6.19
2005-2009	85	0.10792	0.10240	0.5	35864	3672	34027	206002	5.74
2005-2009	86	0.11919	0.11249	0.5	32191	3621	30381	171975	5.34
2005-2009	87	0.13259	0.12435	0.5	28570	3553	26794	141594	4.96
2005-2009	88	0.14996	0.13950	0.5	25018	3490	23273	114800	4.59
2005-2009	89	0.16706	0.15418	0.5	21528	3319	19868	91528	4.25
2005-2009	90	0.19015	0.17364	0.5	18208	3162	16628	71660	3.94
2005-2009	91	0.21038	0.19035	0.5	15047	2864	13615	55032	3.66
2005-2009	92	0.22962	0.20597	0.5	12183	2509	10928	41418	3.40
2005-2009	93	0.26044	0.23044	0.5	9673	2229	8559	30490	3.15
2005-2009	94	0.28226	0.24735	0.5	7444	1841	6524	21931	2.95
2005-2009	95	0.30732	0.26639	0.5	5603	1493	4857	15407	2.75
2005-2009	96	0.33569	0.28744	0.5	4110	1181	3520	10551	2.57
2005-2009	97	0.36529	0.30887	0.5	2929	905	2477	7031	2.40
2005-2009	98	0.39594	0.33051	0.5	2024	669	1690	4555	2.25
2005-2009	99	0.42744	0.35217	0.5	1355	477	1117	2865	2.11
2005-2009	100	0.45953	0.37368	0.5	878	328	714	1748	1.99
2005-2009	101	0.49197	0.39484	0.5	550	217	441	1034	1.88
2005-2009	102	0.52447	0.41551	0.5	333	138	264	593	1.78
2005-2009	103	0.55677	0.43552	0.5	194	85	152	329	1.69
2005-2009	104	0.58859	0.45476	0.5	110	50	85	177	1.61
2005-2009	105	0.61969	0.47310	0.5	60	28	46	92	1.54
2005-2009	106	0.64984	0.49047	0.5	32	15	24	47	1.48
2005-2009	107	0.67883	0.50681	0.5	16	8	12	23	1.43
2005-2009	108	0.70651	0.52208	0.5	8	4	6	11	1.38
2005-2009	109	0.73274	0.53627	0.5	4	2	3	5	1.34
2005-2009	110+	0.75744	1.00000	1.32	2	2	2	2	1.32
2010-2014	0	0.00528	0.00525	0.06	100000	525	99506	7800672	78.01
2010-2014	1	0.00031	0.00031	0.5	99475	31	99460	7701166	77.42
2010-2014	2	0.00020	0.00020	0.5	99444	20	99434	7601706	76.44
2010-2014	3	0.00014	0.00014	0.5	99424	13	99418	7502272	75.46
2010-2014	4	0.00012	0.00012	0.5	99411	12	99405	7402854	74.47
2010-2014	5	0.00009	0.00009	0.5	99399	9	99395	7303449	73.48
2010-2014	6	0.00009	0.00009	0.5	99390	9	99386	7204055	72.48
2010-2014	7	0.00010	0.00010	0.5	99381	10	99376	7104669	71.49
2010-2014	8	0.00011	0.00011	0.5	99371	11	99365	7005293	70.50
2010-2014	9	0.00010	0.00010	0.5	99360	10	99355	6905928	69.50
2010-2014	10	0.00009	0.00009	0.5	99350	9	99346	6806573	68.51
2010-2014	11	0.00008	0.00008	0.5	99341	8	99337	6707227	67.52
2010-2014	12	0.00012	0.00012	0.5	99333	12	99328	6607890	66.52
2010-2014	13	0.00012	0.00012	0.5	99322	12	99316	6508563	65.53
2010-2014	14	0.00018	0.00018	0.5	99310	18	99301	6409247	64.54
2010-2014	15	0.00021	0.00021	0.5	99292	21	99282	6309945	63.55
2010-2014	16	0.00032	0.00032	0.5	99272	31	99256	6210663	62.56
2010-2014	17	0.00040	0.00040	0.5	99240	40	99220	6111407	61.58
2010-2014	18	0.00059	0.00059	0.5	99201	59	99171	6012187	60.61
2010-2014	19	0.00066	0.00066	0.5	99142	65	99109	5913016	59.64
2010-2014	20	0.00076	0.00076	0.5	99077	75	99039	5813907	58.68
2010-2014	21	0.00096	0.00096	0.5	99001	95	98954	5714868	57.73
2010-2014	22	0.00107	0.00107	0.5	98906	106	98853	5615914	56.78
2010-2014	23	0.00111	0.00111	0.5	98800	109	98746	5517061	55.84
2010-2014	24	0.00122	0.00121	0.5	98691	120	98631	5418315	54.90
2010-2014	25	0.00119	0.00119	0.5	98571	117	98512	5319684	53.97
2010-2014	26	0.00117	0.00117	0.5	98454	115	98396	5221172	53.03
2010-2014	27	0.00120	0.00120	0.5	98339	118	98279	5122776	52.09
2010-2014	28	0.00133	0.00133	0.5	98220	130	98155	5024496	51.16
2010-2014	29	0.00135	0.00135	0.5	98090	132	98024	4926341	50.22
2010-2014	30	0.00133	0.00133	0.5	97958	130	97893	4828317	49.29
2010-2014	31	0.00137	0.00137	0.5	97828	134	97761	4730424	48.35
2010-2014	32	0.00134	0.00134	0.5	97694	130	97629	4632663	47.42
2010-2014	33	0.00137	0.00136	0.5	97563	133	97497	4535035	46.48
2010-2014	34	0.00145	0.00145	0.5	97430	141	97360	4437538	45.55
2010-2014	35	0.00145	0.00145	0.5	97289	141	97218	4340179	44.61
2010-2014	36	0.00140	0.00140	0.5	97148	136	97080	4242960	43.68
2010-2014	37	0.00147	0.00147	0.5	97012	143	96941	4145880	42.74
2010-2014	38	0.00154	0.00154	0.5	96869	149	96795	4048940	41.80
2010-2014	39	0.00167	0.00167	0.5	96721	162	96640	3952145	40.86
2010-2014	40	0.00178	0.00178	0.5	96559	171	96473	3855505	39.93
2010-2014	41	0.00189	0.00189	0.5	96387	182	96296	3759032	39.00
2010-2014	42	0.00209	0.00209	0.5	96205	201	96105	3662736	38.07
2010-2014	43	0.00220	0.00220	0.5	96005	211	95899	3566631	37.15
2010-2014	44	0.00255	0.00255	0.5	95794	244	95672	3470731	36.23
2010-2014	45	0.00263	0.00263	0.5	95550	251	95424	3375060	35.32
2010-2014	46	0.00309	0.00309	0.5	95298	294	95151	3279635	34.41
2010-2014	47	0.00324	0.00324	0.5	95004	307	94850	3184484	33.52
2010-2014	48	0.00352	0.00351	0.5	94697	333	94530	3089634	32.63
2010-2014	49	0.00401	0.00400	0.5	94364	378	94175	2995104	31.74
2010-2014	50	0.00434	0.00433	0.5	93986	407	93782	2900929	30.87
2010-2014	51	0.00460	0.00459	0.5	93579	430	93364	2807146	30.00
2010-2014	52	0.00503	0.00502	0.5	93149	467	92915	2713782	29.13
2010-2014	53	0.00543	0.00541	0.5	92681	502	92431	2620867	28.28
2010-2014	54	0.00564	0.00562	0.5	92180	518	91921	2528437	27.43
2010-2014	55	0.00618	0.00616	0.5	91662	565	91379	2436516	26.58
2010-2014	56	0.00678	0.00676	0.5	91097	616	90789	2345136	25.74
2010-2014	57	0.00717	0.00714	0.5	90481	646	90158	2254347	24.92
2010-2014	58	0.00789	0.00786	0.5	89835	706	89482	2164189	24.09
2010-2014	59	0.00873	0.00870	0.5	89129	775	88742	2074707	23.28
2010-2014	60	0.00905	0.00901	0.5	88354	796	87956	1985966	22.48
2010-2014	61	0.00978	0.00973	0.5	87558	852	87132	1898010	21.68
2010-2014	62	0.01034	0.01029	0.5	86706	892	86260	1810878	20.89
2010-2014	63	0.01130	0.01124	0.5	85813	965	85331	1724618	20.10
2010-2014	64	0.01240	0.01232	0.5	84849	1046	84326	1639287	19.32
2010-2014	65	0.01301	0.01293	0.5	83803	1083	83262	1554961	18.55
2010-2014	66	0.01435	0.01425	0.5	82720	1179	82131	1471699	17.79
2010-2014	67	0.01548	0.01536	0.5	81541	1253	80915	1389569	17.04
2010-2014	68	0.01745	0.01730	0.5	80289	1389	79594	1308654	16.30
2010-2014	69	0.01903	0.01885	0.5	78900	1487	78156	1229060	15.58
2010-2014	70	0.02112	0.02090	0.5	77412	1618	76603	1150904	14.87
2010-2014	71	0.02312	0.02286	0.5	75794	1732	74928	1074301	14.17
2010-2014	72	0.02485	0.02454	0.5	74062	1818	73153	999373	13.49
2010-2014	73	0.02686	0.02650	0.5	72244	1914	71287	926220	12.82
2010-2014	74	0.02978	0.02935	0.5	70330	2064	69298	854933	12.16
2010-2014	75	0.03306	0.03252	0.5	68266	2220	67156	785635	11.51
2010-2014	76	0.03630	0.03565	0.5	66046	2355	64869	718479	10.88
2010-2014	77	0.04042	0.03962	0.5	63691	2523	62429	653611	10.26
2010-2014	78	0.04633	0.04528	0.5	61168	2769	59783	591181	9.66
2010-2014	79	0.05000	0.04878	0.5	58398	2849	56974	531398	9.10
2010-2014	80	0.05496	0.05349	0.5	55550	2972	54064	474424	8.54
2010-2014	81	0.06290	0.06098	0.5	52578	3206	50975	420360	7.99
2010-2014	82	0.07027	0.06788	0.5	49372	3351	47696	369385	7.48
2010-2014	83	0.07746	0.07457	0.5	46020	3432	44305	321689	6.99
2010-2014	84	0.08718	0.08354	0.5	42589	3558	40810	277385	6.51
2010-2014	85	0.09658	0.09213	0.5	39031	3596	37233	236575	6.06
2010-2014	86	0.10843	0.10286	0.5	35435	3645	33613	199342	5.63
2010-2014	87	0.12457	0.11726	0.5	31790	3728	29926	165729	5.21
2010-2014	88	0.13851	0.12954	0.5	28062	3635	26245	135803	4.84
2010-2014	89	0.15322	0.14232	0.5	24427	3476	22689	109558	4.49
2010-2014	90	0.17415	0.16020	0.5	20951	3356	19273	86869	4.15
2010-2014	91	0.19108	0.17442	0.5	17595	3069	16060	67596	3.84
2010-2014	92	0.22046	0.19857	0.5	14526	2884	13084	51536	3.55
2010-2014	93	0.24020	0.21445	0.5	11641	2496	10393	38453	3.30
2010-2014	94	0.26797	0.23631	0.5	9145	2161	8064	28059	3.07
2010-2014	95	0.29099	0.25403	0.5	6984	1774	6097	19995	2.86
2010-2014	96	0.31892	0.27506	0.5	5210	1433	4493	13898	2.67
2010-2014	97	0.34822	0.29658	0.5	3777	1120	3217	9405	2.49
2010-2014	98	0.37871	0.31841	0.5	2657	846	2234	6188	2.33
2010-2014	99	0.41018	0.34038	0.5	1811	616	1503	3955	2.18
2010-2014	100	0.44242	0.36228	0.5	1194	433	978	2452	2.05
2010-2014	101	0.47514	0.38393	0.5	762	292	615	1474	1.94
2010-2014	102	0.50808	0.40515	0.5	469	190	374	858	1.83
2010-2014	103	0.54095	0.42578	0.5	279	119	220	484	1.73
2010-2014	104	0.57346	0.44567	0.5	160	71	125	265	1.65
2010-2014	105	0.60536	0.46470	0.5	89	41	68	140	1.58
2010-2014	106	0.63638	0.48277	0.5	48	23	36	72	1.51
2010-2014	107	0.66630	0.49980	0.5	25	12	18	36	1.45
2010-2014	108	0.69495	0.51574	0.5	12	6	9	17	1.40
2010-2014	109	0.72216	0.53058	0.5	6	3	4	8	1.36
2010-2014	110+	0.74782	1.00000	1.34	3	3	4	4	1.34
2015-2017	0	0.00486	0.00484	0.06	100000	484	99544	7759958	77.60
2015-2017	1	0.00024	0.00024	0.5	99516	24	99504	7660413	76.98
2015-2017	2	0.00021	0.00021	0.5	99492	21	99482	7560909	75.99
2015-2017	3	0.00015	0.00015	0.5	99471	15	99464	7461427	75.01
2015-2017	4	0.00010	0.00010	0.5	99456	10	99451	7361963	74.02
2015-2017	5	0.00009	0.00009	0.5	99446	9	99442	7262512	73.03
2015-2017	6	0.00011	0.00011	0.5	99438	11	99432	7163070	72.04
2015-2017	7	0.00011	0.00011	0.5	99427	11	99422	7063638	71.04
2015-2017	8	0.00010	0.00010	0.5	99416	10	99411	6964216	70.05
2015-2017	9	0.00008	0.00008	0.5	99406	8	99402	6864805	69.06
2015-2017	10	0.00010	0.00010	0.5	99398	10	99393	6765402	68.06
2015-2017	11	0.00007	0.00007	0.5	99388	6	99385	6666009	67.07
2015-2017	12	0.00006	0.00006	0.5	99381	6	99378	6566625	66.08
2015-2017	13	0.00017	0.00017	0.5	99375	17	99367	6467247	65.08
2015-2017	14	0.00019	0.00019	0.5	99358	19	99349	6367880	64.09
2015-2017	15	0.00025	0.00025	0.5	99339	25	99326	6268532	63.10
2015-2017	16	0.00032	0.00032	0.5	99314	31	99298	6169205	62.12
2015-2017	17	0.00042	0.00042	0.5	99282	41	99262	6069907	61.14
2015-2017	18	0.00051	0.00051	0.5	99241	51	99216	5970645	60.16
2015-2017	19	0.00067	0.00067	0.5	99191	67	99157	5871429	59.19
2015-2017	20	0.00079	0.00079	0.5	99124	78	99085	5772272	58.23
2015-2017	21	0.00096	0.00096	0.5	99046	95	98999	5673187	57.28
2015-2017	22	0.00118	0.00118	0.5	98951	117	98893	5574188	56.33
2015-2017	23	0.00139	0.00139	0.5	98835	137	98766	5475295	55.40
2015-2017	24	0.00154	0.00154	0.5	98698	152	98622	5376529	54.47
2015-2017	25	0.00156	0.00156	0.5	98546	154	98469	5277908	53.56
2015-2017	26	0.00172	0.00171	0.5	98392	169	98308	5179439	52.64
2015-2017	27	0.00174	0.00174	0.5	98223	171	98138	5081131	51.73
2015-2017	28	0.00192	0.00192	0.5	98053	188	97959	4982993	50.82
2015-2017	29	0.00183	0.00183	0.5	97865	179	97775	4885034	49.92
2015-2017	30	0.00187	0.00187	0.5	97685	182	97594	4787259	49.01
2015-2017	31	0.00191	0.00191	0.5	97503	186	97410	4689665	48.10
2015-2017	32	0.00199	0.00199	0.5	97316	194	97220	4592255	47.19
2015-2017	33	0.00229	0.00229	0.5	97123	222	97012	4495036	46.28
2015-2017	34	0.00213	0.00213	0.5	96900	206	96797	4398024	45.39
2015-2017	35	0.00219	0.00219	0.5	96694	211	96588	4301227	44.48
2015-2017	36	0.00222	0.00222	0.5	96483	214	96376	4204639	43.58
2015-2017	37	0.00232	0.00232	0.5	96269	223	96157	4108263	42.68
2015-2017	38	0.00234	0.00233	0.5	96045	224	95933	4012106	41.77
2015-2017	39	0.00217	0.00217	0.5	95821	208	95717	3916173	40.87
2015-2017	40	0.00215	0.00214	0.5	95613	205	95511	3820456	39.96
2015-2017	41	0.00239	0.00239	0.5	95408	228	95294	3724945	39.04
2015-2017	42	0.00236	0.00236	0.5	95180	224	95068	3629651	38.13
2015-2017	43	0.00254	0.00254	0.5	94956	241	94835	3534583	37.22
2015-2017	44	0.00289	0.00288	0.5	94715	273	94578	3439747	36.32
2015-2017	45	0.00276	0.00276	0.5	94442	261	94312	3345169	35.42
2015-2017	46	0.00307	0.00306	0.5	94181	288	94037	3250858	34.52
2015-2017	47	0.00346	0.00346	0.5	93893	325	93731	3156820	33.62
2015-2017	48	0.00358	0.00357	0.5	93568	334	93401	3063090	32.74
2015-2017	49	0.00393	0.00392	0.5	93234	366	93051	2969688	31.85
2015-2017	50	0.00447	0.00446	0.5	92868	414	92661	2876637	30.98
2015-2017	51	0.00469	0.00468	0.5	92454	433	92237	2783976	30.11
2015-2017	52	0.00512	0.00510	0.5	92021	470	91786	2691739	29.25
2015-2017	53	0.00537	0.00535	0.5	91551	490	91306	2599952	28.40
2015-2017	54	0.00603	0.00601	0.5	91061	547	90788	2508646	27.55
2015-2017	55	0.00647	0.00645	0.5	90514	584	90222	2417859	26.71
2015-2017	56	0.00672	0.00670	0.5	89930	602	89628	2327637	25.88
2015-2017	57	0.00754	0.00751	0.5	89327	671	88992	2238008	25.05
2015-2017	58	0.00783	0.00780	0.5	88656	692	88310	2149017	24.24
2015-2017	59	0.00858	0.00854	0.5	87964	752	87589	2060707	23.43
2015-2017	60	0.00899	0.00895	0.5	87213	781	86822	1973118	22.62
2015-2017	61	0.00988	0.00983	0.5	86432	850	86007	1886295	21.82
2015-2017	62	0.01087	0.01081	0.5	85582	925	85120	1800288	21.04
2015-2017	63	0.01169	0.01162	0.5	84657	984	84165	1715169	20.26
2015-2017	64	0.01248	0.01241	0.5	83674	1038	83155	1631003	19.49
2015-2017	65	0.01316	0.01307	0.5	82636	1080	82096	1547849	18.73
2015-2017	66	0.01431	0.01421	0.5	81556	1159	80976	1465753	17.97
2015-2017	67	0.01506	0.01494	0.5	80397	1201	79796	1384777	17.22
2015-2017	68	0.01705	0.01690	0.5	79195	1339	78526	1304981	16.48
2015-2017	69	0.01817	0.01801	0.5	77857	1402	77156	1226455	15.75
2015-2017	70	0.01965	0.01946	0.5	76455	1488	75711	1149299	15.03
2015-2017	71	0.02126	0.02104	0.5	74967	1577	74178	1073589	14.32
2015-2017	72	0.02439	0.02410	0.5	73390	1769	72505	999410	13.62
2015-2017	73	0.02656	0.02621	0.5	71621	1877	70682	926905	12.94
2015-2017	74	0.02946	0.02904	0.5	69744	2025	68731	856223	12.28
2015-2017	75	0.03245	0.03193	0.5	67719	2162	66638	787491	11.63
2015-2017	76	0.03628	0.03564	0.5	65556	2336	64388	720854	11.00
2015-2017	77	0.03953	0.03876	0.5	63220	2450	61995	656465	10.38
2015-2017	78	0.04455	0.04358	0.5	60770	2648	59446	594470	9.78
2015-2017	79	0.04817	0.04704	0.5	58121	2734	56755	535024	9.21
2015-2017	80	0.05550	0.05400	0.5	55388	2991	53892	478270	8.63
2015-2017	81	0.06237	0.06048	0.5	52397	3169	50812	424378	8.10
2015-2017	82	0.06877	0.06648	0.5	49228	3273	47591	373565	7.59
2015-2017	83	0.07634	0.07353	0.5	45955	3379	44265	325974	7.09
2015-2017	84	0.08483	0.08138	0.5	42576	3465	40844	281709	6.62
2015-2017	85	0.09420	0.08997	0.5	39111	3519	37352	240865	6.16
2015-2017	86	0.10465	0.09945	0.5	35592	3540	33823	203514	5.72
2015-2017	87	0.12003	0.11323	0.5	32053	3629	30238	169691	5.29
2015-2017	88	0.13393	0.12552	0.5	28423	3568	26639	139453	4.91
2015-2017	89	0.15379	0.14281	0.5	24856	3550	23081	112814	4.54
2015-2017	90	0.16760	0.15464	0.5	21306	3295	19659	89733	4.21
2015-2017	91	0.18786	0.17173	0.5	18011	3093	16465	70074	3.89
2015-2017	92	0.21838	0.19688	0.5	14918	2937	13450	53610	3.59
2015-2017	93	0.23378	0.20931	0.5	11981	2508	10727	40160	3.35
2015-2017	94	0.26646	0.23513	0.5	9473	2227	8360	29433	3.11
2015-2017	95	0.28530	0.24968	0.5	7246	1809	6341	21073	2.91
2015-2017	96	0.31279	0.27049	0.5	5437	1471	4701	14732	2.71
2015-2017	97	0.34166	0.29181	0.5	3966	1157	3387	10031	2.53
2015-2017	98	0.37175	0.31348	0.5	2809	880	2369	6643	2.37
2015-2017	99	0.40287	0.33532	0.5	1928	647	1605	4275	2.22
2015-2017	100	0.43479	0.35715	0.5	1282	458	1053	2670	2.08
2015-2017	101	0.46727	0.37877	0.5	824	312	668	1617	1.96
2015-2017	102	0.50002	0.40001	0.5	512	205	409	949	1.85
2015-2017	103	0.53277	0.42070	0.5	307	129	242	540	1.76
2015-2017	104	0.56525	0.44070	0.5	178	78	139	297	1.67
2015-2017	105	0.59717	0.45986	0.5	100	46	77	159	1.59
2015-2017	106	0.62829	0.47810	0.5	54	26	41	82	1.53
2015-2017	107	0.65838	0.49532	0.5	28	14	21	41	1.47
2015-2017	108	0.68725	0.51149	0.5	14	7	11	20	1.42
2015-2017	109	0.71473	0.52656	0.5	7	4	5	10	1.38
2015-2017	110+	0.74071	1.00000	1.35	3	3	4	4	1.35
