NM: New Mexico, Lifetables (period 1x5), Males Last modified: 3 Dec 2019, MPv5 (May07) 

Year     	Age	mx	qx	ax	lx	dx	Lx	Tx	ex
1960-1964	0	0.03435	0.03336	0.14	100000	3336	97121	6666294	66.66
1960-1964	1	0.00270	0.00270	0.5	96664	261	96533	6569172	67.96
1960-1964	2	0.00169	0.00168	0.5	96403	162	96322	6472639	67.14
1960-1964	3	0.00136	0.00135	0.5	96240	130	96175	6376317	66.25
1960-1964	4	0.00088	0.00088	0.5	96110	84	96068	6280142	65.34
1960-1964	5	0.00080	0.00080	0.5	96026	77	95987	6184074	64.40
1960-1964	6	0.00040	0.00040	0.5	95949	38	95930	6088087	63.45
1960-1964	7	0.00067	0.00067	0.5	95911	64	95878	5992157	62.48
1960-1964	8	0.00050	0.00050	0.5	95846	48	95822	5896278	61.52
1960-1964	9	0.00042	0.00042	0.5	95799	40	95779	5800456	60.55
1960-1964	10	0.00043	0.00043	0.5	95759	41	95738	5704677	59.57
1960-1964	11	0.00038	0.00038	0.5	95718	36	95700	5608939	58.60
1960-1964	12	0.00080	0.00080	0.5	95682	76	95643	5513240	57.62
1960-1964	13	0.00086	0.00086	0.5	95605	82	95564	5417596	56.67
1960-1964	14	0.00084	0.00084	0.5	95523	80	95483	5322032	55.71
1960-1964	15	0.00128	0.00128	0.5	95443	122	95382	5226550	54.76
1960-1964	16	0.00155	0.00155	0.5	95321	147	95247	5131168	53.83
1960-1964	17	0.00151	0.00151	0.5	95173	143	95102	5035921	52.91
1960-1964	18	0.00301	0.00301	0.5	95030	286	94887	4940819	51.99
1960-1964	19	0.00260	0.00260	0.5	94744	246	94621	4845932	51.15
1960-1964	20	0.00318	0.00317	0.5	94498	300	94348	4751311	50.28
1960-1964	21	0.00269	0.00269	0.5	94198	253	94071	4656963	49.44
1960-1964	22	0.00260	0.00260	0.5	93945	244	93822	4562892	48.57
1960-1964	23	0.00273	0.00273	0.5	93700	255	93573	4469070	47.70
1960-1964	24	0.00224	0.00223	0.5	93445	209	93340	4375497	46.82
1960-1964	25	0.00259	0.00259	0.5	93236	241	93116	4282157	45.93
1960-1964	26	0.00253	0.00253	0.5	92995	235	92877	4189041	45.05
1960-1964	27	0.00290	0.00289	0.5	92760	268	92626	4096164	44.16
1960-1964	28	0.00233	0.00233	0.5	92491	215	92384	4003538	43.29
1960-1964	29	0.00207	0.00207	0.5	92276	191	92181	3911154	42.39
1960-1964	30	0.00213	0.00213	0.5	92085	196	91987	3818973	41.47
1960-1964	31	0.00275	0.00275	0.5	91889	252	91763	3726986	40.56
1960-1964	32	0.00214	0.00213	0.5	91637	196	91539	3635223	39.67
1960-1964	33	0.00296	0.00295	0.5	91441	270	91306	3543684	38.75
1960-1964	34	0.00282	0.00281	0.5	91171	256	91043	3452378	37.87
1960-1964	35	0.00339	0.00339	0.5	90915	308	90761	3361335	36.97
1960-1964	36	0.00358	0.00357	0.5	90607	323	90445	3270574	36.10
1960-1964	37	0.00313	0.00312	0.5	90284	282	90143	3180129	35.22
1960-1964	38	0.00424	0.00423	0.5	90002	381	89811	3089986	34.33
1960-1964	39	0.00419	0.00418	0.5	89621	374	89434	3000175	33.48
1960-1964	40	0.00476	0.00475	0.5	89247	424	89035	2910741	32.61
1960-1964	41	0.00459	0.00458	0.5	88823	407	88620	2821706	31.77
1960-1964	42	0.00463	0.00462	0.5	88416	409	88212	2733086	30.91
1960-1964	43	0.00377	0.00376	0.5	88008	331	87842	2644875	30.05
1960-1964	44	0.00605	0.00603	0.5	87677	528	87412	2557032	29.16
1960-1964	45	0.00530	0.00528	0.5	87148	461	86918	2469620	28.34
1960-1964	46	0.00624	0.00622	0.5	86688	540	86418	2382702	27.49
1960-1964	47	0.00769	0.00766	0.5	86148	660	85818	2296284	26.66
1960-1964	48	0.00778	0.00775	0.5	85489	662	85157	2210466	25.86
1960-1964	49	0.00770	0.00767	0.5	84826	651	84501	2125308	25.05
1960-1964	50	0.00906	0.00902	0.5	84175	759	83796	2040807	24.24
1960-1964	51	0.00947	0.00943	0.5	83416	787	83023	1957012	23.46
1960-1964	52	0.01104	0.01098	0.5	82629	907	82176	1873989	22.68
1960-1964	53	0.01160	0.01153	0.5	81722	943	81251	1791814	21.93
1960-1964	54	0.01246	0.01238	0.5	80779	1000	80279	1710563	21.18
1960-1964	55	0.01303	0.01294	0.5	79779	1032	79263	1630284	20.43
1960-1964	56	0.01380	0.01371	0.5	78747	1079	78207	1551021	19.70
1960-1964	57	0.01745	0.01730	0.5	77667	1343	76996	1472814	18.96
1960-1964	58	0.01628	0.01615	0.5	76324	1232	75708	1395818	18.29
1960-1964	59	0.01892	0.01875	0.5	75092	1408	74388	1320110	17.58
1960-1964	60	0.02079	0.02057	0.5	73684	1516	72926	1245723	16.91
1960-1964	61	0.02235	0.02211	0.5	72168	1595	71370	1172797	16.25
1960-1964	62	0.02471	0.02441	0.5	70573	1723	69711	1101426	15.61
1960-1964	63	0.02561	0.02529	0.5	68850	1741	67979	1031715	14.98
1960-1964	64	0.02905	0.02863	0.5	67109	1921	66148	963736	14.36
1960-1964	65	0.03253	0.03201	0.5	65188	2087	64144	897587	13.77
1960-1964	66	0.03149	0.03100	0.5	63101	1956	62123	833443	13.21
1960-1964	67	0.03643	0.03578	0.5	61145	2188	60051	771320	12.61
1960-1964	68	0.03780	0.03710	0.5	58957	2187	57863	711269	12.06
1960-1964	69	0.04257	0.04168	0.5	56770	2366	55587	653406	11.51
1960-1964	70	0.04643	0.04538	0.5	54404	2469	53169	597819	10.99
1960-1964	71	0.04614	0.04510	0.5	51935	2342	50764	544650	10.49
1960-1964	72	0.05184	0.05053	0.5	49593	2506	48340	493886	9.96
1960-1964	73	0.05638	0.05483	0.5	47087	2582	45796	445547	9.46
1960-1964	74	0.06839	0.06613	0.5	44505	2943	43033	399751	8.98
1960-1964	75	0.06555	0.06347	0.5	41562	2638	40243	356717	8.58
1960-1964	76	0.07331	0.07071	0.5	38924	2752	37548	316475	8.13
1960-1964	77	0.07831	0.07536	0.5	36171	2726	34808	278927	7.71
1960-1964	78	0.08550	0.08200	0.5	33446	2742	32074	244119	7.30
1960-1964	79	0.09554	0.09118	0.5	30703	2800	29303	212044	6.91
1960-1964	80	0.10499	0.09976	0.5	27903	2784	26512	182741	6.55
1960-1964	81	0.11307	0.10702	0.5	25120	2688	23776	156229	6.22
1960-1964	82	0.12168	0.11470	0.5	22432	2573	21145	132454	5.90
1960-1964	83	0.13085	0.12282	0.5	19859	2439	18639	111308	5.61
1960-1964	84	0.14060	0.13137	0.5	17420	2288	16275	92669	5.32
1960-1964	85	0.15096	0.14036	0.5	15131	2124	14069	76394	5.05
1960-1964	86	0.16193	0.14980	0.5	13007	1948	12033	62324	4.79
1960-1964	87	0.17353	0.15968	0.5	11059	1766	10176	50291	4.55
1960-1964	88	0.18578	0.16999	0.5	9293	1580	8503	40115	4.32
1960-1964	89	0.19869	0.18074	0.5	7713	1394	7016	31612	4.10
1960-1964	90	0.21226	0.19190	0.5	6319	1213	5713	24596	3.89
1960-1964	91	0.22650	0.20346	0.5	5107	1039	4587	18883	3.70
1960-1964	92	0.24140	0.21540	0.5	4068	876	3630	14296	3.51
1960-1964	93	0.25696	0.22770	0.5	3191	727	2828	10666	3.34
1960-1964	94	0.27315	0.24033	0.5	2465	592	2169	7838	3.18
1960-1964	95	0.28997	0.25325	0.5	1872	474	1635	5669	3.03
1960-1964	96	0.30738	0.26644	0.5	1398	373	1212	4034	2.89
1960-1964	97	0.32537	0.27984	0.5	1026	287	882	2822	2.75
1960-1964	98	0.34388	0.29343	0.5	739	217	630	1940	2.63
1960-1964	99	0.36288	0.30715	0.5	522	160	442	1310	2.51
1960-1964	100	0.38231	0.32096	0.5	362	116	304	868	2.40
1960-1964	101	0.40213	0.33481	0.5	246	82	204	564	2.30
1960-1964	102	0.42228	0.34866	0.5	163	57	135	360	2.20
1960-1964	103	0.44269	0.36246	0.5	106	39	87	225	2.12
1960-1964	104	0.46329	0.37616	0.5	68	26	55	138	2.03
1960-1964	105	0.48402	0.38971	0.5	42	16	34	83	1.96
1960-1964	106	0.50480	0.40307	0.5	26	10	21	49	1.89
1960-1964	107	0.52557	0.41620	0.5	15	6	12	28	1.83
1960-1964	108	0.54625	0.42906	0.5	9	4	7	16	1.77
1960-1964	109	0.56677	0.44162	0.5	5	2	4	9	1.73
1960-1964	110+	0.58707	1.00000	1.7	3	3	5	5	1.70
1965-1969	0	0.02911	0.02839	0.12	100000	2839	97511	6663343	66.63
1965-1969	1	0.00208	0.00208	0.5	97161	202	97061	6565832	67.58
1965-1969	2	0.00144	0.00143	0.5	96960	139	96890	6468771	66.72
1965-1969	3	0.00077	0.00077	0.5	96821	74	96783	6371881	65.81
1965-1969	4	0.00070	0.00070	0.5	96746	67	96712	6275098	64.86
1965-1969	5	0.00069	0.00069	0.5	96679	67	96645	6178385	63.91
1965-1969	6	0.00035	0.00035	0.5	96612	34	96595	6081740	62.95
1965-1969	7	0.00055	0.00055	0.5	96578	53	96551	5985145	61.97
1965-1969	8	0.00046	0.00046	0.5	96524	45	96502	5888594	61.01
1965-1969	9	0.00038	0.00038	0.5	96480	36	96461	5792093	60.03
1965-1969	10	0.00049	0.00049	0.5	96443	48	96419	5695631	59.06
1965-1969	11	0.00036	0.00036	0.5	96396	34	96379	5599212	58.09
1965-1969	12	0.00058	0.00058	0.5	96361	56	96334	5502833	57.11
1965-1969	13	0.00055	0.00054	0.5	96306	52	96280	5406499	56.14
1965-1969	14	0.00116	0.00116	0.5	96253	111	96198	5310220	55.17
1965-1969	15	0.00122	0.00122	0.5	96142	117	96083	5214022	54.23
1965-1969	16	0.00189	0.00189	0.5	96025	182	95934	5117939	53.30
1965-1969	17	0.00240	0.00239	0.5	95843	229	95729	5022005	52.40
1965-1969	18	0.00307	0.00307	0.5	95614	293	95467	4926276	51.52
1965-1969	19	0.00313	0.00312	0.5	95321	298	95172	4830809	50.68
1965-1969	20	0.00306	0.00305	0.5	95023	290	94878	4735637	49.84
1965-1969	21	0.00350	0.00349	0.5	94733	331	94567	4640759	48.99
1965-1969	22	0.00341	0.00340	0.5	94402	321	94241	4546192	48.16
1965-1969	23	0.00303	0.00302	0.5	94081	284	93939	4451951	47.32
1965-1969	24	0.00260	0.00260	0.5	93796	244	93674	4358012	46.46
1965-1969	25	0.00276	0.00276	0.5	93552	258	93424	4264338	45.58
1965-1969	26	0.00332	0.00332	0.5	93295	309	93140	4170914	44.71
1965-1969	27	0.00282	0.00282	0.5	92985	262	92854	4077774	43.85
1965-1969	28	0.00275	0.00274	0.5	92723	254	92596	3984920	42.98
1965-1969	29	0.00294	0.00294	0.5	92469	272	92333	3892323	42.09
1965-1969	30	0.00294	0.00294	0.5	92197	271	92062	3799990	41.22
1965-1969	31	0.00273	0.00273	0.5	91927	251	91801	3707928	40.34
1965-1969	32	0.00331	0.00330	0.5	91676	303	91525	3616127	39.44
1965-1969	33	0.00309	0.00309	0.5	91373	282	91232	3524602	38.57
1965-1969	34	0.00318	0.00317	0.5	91091	289	90947	3433370	37.69
1965-1969	35	0.00310	0.00310	0.5	90802	281	90661	3342423	36.81
1965-1969	36	0.00390	0.00389	0.5	90521	352	90345	3251762	35.92
1965-1969	37	0.00344	0.00343	0.5	90168	309	90014	3161417	35.06
1965-1969	38	0.00436	0.00435	0.5	89859	391	89663	3071403	34.18
1965-1969	39	0.00402	0.00401	0.5	89468	359	89288	2981740	33.33
1965-1969	40	0.00345	0.00345	0.5	89109	307	88955	2892452	32.46
1965-1969	41	0.00454	0.00453	0.5	88802	402	88600	2803497	31.57
1965-1969	42	0.00490	0.00488	0.5	88399	432	88183	2714896	30.71
1965-1969	43	0.00595	0.00593	0.5	87968	522	87707	2626713	29.86
1965-1969	44	0.00554	0.00553	0.5	87446	484	87204	2539006	29.04
1965-1969	45	0.00620	0.00618	0.5	86963	537	86694	2451802	28.19
1965-1969	46	0.00609	0.00607	0.5	86425	525	86163	2365108	27.37
1965-1969	47	0.00761	0.00758	0.5	85900	651	85575	2278945	26.53
1965-1969	48	0.00755	0.00752	0.5	85249	641	84928	2193371	25.73
1965-1969	49	0.00813	0.00810	0.5	84608	685	84265	2108442	24.92
1965-1969	50	0.00946	0.00942	0.5	83923	790	83528	2024177	24.12
1965-1969	51	0.01031	0.01026	0.5	83133	853	82706	1940649	23.34
1965-1969	52	0.01047	0.01041	0.5	82280	857	81852	1857942	22.58
1965-1969	53	0.01271	0.01263	0.5	81423	1029	80909	1776091	21.81
1965-1969	54	0.01330	0.01322	0.5	80395	1063	79863	1695182	21.09
1965-1969	55	0.01292	0.01284	0.5	79332	1018	78823	1615318	20.36
1965-1969	56	0.01489	0.01478	0.5	78314	1158	77735	1536495	19.62
1965-1969	57	0.01628	0.01615	0.5	77156	1246	76533	1458760	18.91
1965-1969	58	0.01829	0.01813	0.5	75910	1376	75222	1382227	18.21
1965-1969	59	0.01900	0.01882	0.5	74534	1403	73832	1307006	17.54
1965-1969	60	0.02053	0.02032	0.5	73131	1486	72388	1233173	16.86
1965-1969	61	0.02210	0.02186	0.5	71645	1566	70862	1160785	16.20
1965-1969	62	0.02486	0.02455	0.5	70079	1721	69218	1089923	15.55
1965-1969	63	0.02732	0.02695	0.5	68358	1842	67437	1020705	14.93
1965-1969	64	0.02989	0.02945	0.5	66516	1959	65536	953268	14.33
1965-1969	65	0.03122	0.03074	0.5	64557	1984	63564	887732	13.75
1965-1969	66	0.03277	0.03224	0.5	62572	2017	61564	824167	13.17
1965-1969	67	0.03631	0.03567	0.5	60555	2160	59475	762604	12.59
1965-1969	68	0.03949	0.03873	0.5	58395	2262	57265	703129	12.04
1965-1969	69	0.03895	0.03820	0.5	56134	2145	55061	645864	11.51
1965-1969	70	0.04805	0.04693	0.5	53989	2534	52722	590803	10.94
1965-1969	71	0.05244	0.05110	0.5	51456	2629	50141	538080	10.46
1965-1969	72	0.05234	0.05101	0.5	48826	2490	47581	487939	9.99
1965-1969	73	0.05398	0.05256	0.5	46336	2435	45118	440358	9.50
1965-1969	74	0.06949	0.06716	0.5	43900	2948	42426	395240	9.00
1965-1969	75	0.07001	0.06764	0.5	40952	2770	39567	352814	8.62
1965-1969	76	0.08164	0.07843	0.5	38182	2995	36685	313247	8.20
1965-1969	77	0.08621	0.08265	0.5	35187	2908	33733	276562	7.86
1965-1969	78	0.07805	0.07512	0.5	32279	2425	31067	242829	7.52
1965-1969	79	0.08761	0.08394	0.5	29854	2506	28601	211763	7.09
1965-1969	80	0.09867	0.09403	0.5	27348	2571	26063	183162	6.70
1965-1969	81	0.10697	0.10154	0.5	24777	2516	23519	157099	6.34
1965-1969	82	0.11589	0.10954	0.5	22261	2439	21042	133580	6.00
1965-1969	83	0.12545	0.11804	0.5	19822	2340	18652	112538	5.68
1965-1969	84	0.13567	0.12705	0.5	17482	2221	16372	93886	5.37
1965-1969	85	0.14659	0.13658	0.5	15261	2084	14219	77514	5.08
1965-1969	86	0.15822	0.14663	0.5	13177	1932	12211	63295	4.80
1965-1969	87	0.17060	0.15719	0.5	11245	1768	10361	51084	4.54
1965-1969	88	0.18373	0.16827	0.5	9477	1595	8680	40723	4.30
1965-1969	89	0.19763	0.17986	0.5	7883	1418	7174	32043	4.07
1965-1969	90	0.21231	0.19193	0.5	6465	1241	5844	24870	3.85
1965-1969	91	0.22777	0.20448	0.5	5224	1068	4690	19025	3.64
1965-1969	92	0.24400	0.21747	0.5	4156	904	3704	14335	3.45
1965-1969	93	0.26101	0.23088	0.5	3252	751	2877	10631	3.27
1965-1969	94	0.27876	0.24466	0.5	2501	612	2195	7755	3.10
1965-1969	95	0.29723	0.25877	0.5	1889	489	1645	5560	2.94
1965-1969	96	0.31639	0.27317	0.5	1400	383	1209	3915	2.80
1965-1969	97	0.33619	0.28781	0.5	1018	293	871	2706	2.66
1965-1969	98	0.35659	0.30263	0.5	725	219	615	1834	2.53
1965-1969	99	0.37752	0.31757	0.5	506	161	425	1219	2.41
1965-1969	100	0.39891	0.33258	0.5	345	115	288	794	2.30
1965-1969	101	0.42070	0.34759	0.5	230	80	190	506	2.20
1965-1969	102	0.44281	0.36254	0.5	150	54	123	316	2.10
1965-1969	103	0.46514	0.37737	0.5	96	36	78	193	2.02
1965-1969	104	0.48761	0.39203	0.5	60	23	48	115	1.94
1965-1969	105	0.51014	0.40646	0.5	36	15	29	67	1.86
1965-1969	106	0.53262	0.42061	0.5	22	9	17	39	1.79
1965-1969	107	0.55497	0.43442	0.5	12	5	10	22	1.73
1965-1969	108	0.57710	0.44787	0.5	7	3	5	12	1.68
1965-1969	109	0.59892	0.46090	0.5	4	2	3	6	1.64
1965-1969	110+	0.62036	1.00000	1.61	2	2	3	3	1.61
1970-1974	0	0.02297	0.02250	0.11	100000	2250	97990	6697968	66.98
1970-1974	1	0.00192	0.00192	0.5	97750	188	97656	6599979	67.52
1970-1974	2	0.00103	0.00103	0.5	97562	101	97512	6502323	66.65
1970-1974	3	0.00097	0.00097	0.5	97461	94	97414	6404811	65.72
1970-1974	4	0.00058	0.00058	0.5	97367	56	97339	6307397	64.78
1970-1974	5	0.00040	0.00040	0.5	97311	39	97291	6210058	63.82
1970-1974	6	0.00055	0.00055	0.5	97272	54	97245	6112767	62.84
1970-1974	7	0.00061	0.00061	0.5	97218	60	97188	6015522	61.88
1970-1974	8	0.00058	0.00058	0.5	97158	57	97130	5918334	60.91
1970-1974	9	0.00042	0.00042	0.5	97102	40	97081	5821204	59.95
1970-1974	10	0.00060	0.00060	0.5	97061	58	97032	5724123	58.97
1970-1974	11	0.00050	0.00050	0.5	97003	48	96979	5627091	58.01
1970-1974	12	0.00053	0.00053	0.5	96954	52	96929	5530112	57.04
1970-1974	13	0.00095	0.00095	0.5	96903	92	96857	5433183	56.07
1970-1974	14	0.00131	0.00131	0.5	96811	127	96747	5336327	55.12
1970-1974	15	0.00135	0.00135	0.5	96684	130	96619	5239579	54.19
1970-1974	16	0.00162	0.00162	0.5	96553	157	96475	5142961	53.27
1970-1974	17	0.00248	0.00248	0.5	96397	239	96277	5046486	52.35
1970-1974	18	0.00262	0.00262	0.5	96158	252	96032	4950208	51.48
1970-1974	19	0.00337	0.00337	0.5	95906	323	95744	4854176	50.61
1970-1974	20	0.00318	0.00317	0.5	95583	303	95431	4758432	49.78
1970-1974	21	0.00350	0.00349	0.5	95280	333	95113	4663000	48.94
1970-1974	22	0.00367	0.00367	0.5	94947	348	94773	4567887	48.11
1970-1974	23	0.00361	0.00360	0.5	94599	341	94428	4473115	47.29
1970-1974	24	0.00353	0.00353	0.5	94258	332	94092	4378686	46.45
1970-1974	25	0.00335	0.00335	0.5	93925	314	93768	4284595	45.62
1970-1974	26	0.00291	0.00291	0.5	93611	272	93475	4190827	44.77
1970-1974	27	0.00324	0.00324	0.5	93339	302	93188	4097352	43.90
1970-1974	28	0.00333	0.00332	0.5	93037	309	92882	4004164	43.04
1970-1974	29	0.00305	0.00305	0.5	92727	282	92586	3911282	42.18
1970-1974	30	0.00300	0.00300	0.5	92445	277	92306	3818695	41.31
1970-1974	31	0.00382	0.00382	0.5	92168	352	91992	3726389	40.43
1970-1974	32	0.00332	0.00331	0.5	91816	304	91664	3634397	39.58
1970-1974	33	0.00393	0.00392	0.5	91511	359	91332	3542734	38.71
1970-1974	34	0.00362	0.00361	0.5	91153	329	90988	3451402	37.86
1970-1974	35	0.00378	0.00377	0.5	90824	343	90652	3360413	37.00
1970-1974	36	0.00519	0.00517	0.5	90481	468	90247	3269761	36.14
1970-1974	37	0.00470	0.00469	0.5	90013	422	89802	3179514	35.32
1970-1974	38	0.00436	0.00435	0.5	89591	390	89396	3089712	34.49
1970-1974	39	0.00419	0.00418	0.5	89201	373	89014	3000316	33.64
1970-1974	40	0.00478	0.00477	0.5	88828	424	88616	2911302	32.77
1970-1974	41	0.00422	0.00421	0.5	88404	372	88218	2822686	31.93
1970-1974	42	0.00520	0.00519	0.5	88032	457	87804	2734468	31.06
1970-1974	43	0.00510	0.00509	0.5	87575	446	87352	2646665	30.22
1970-1974	44	0.00640	0.00638	0.5	87129	556	86852	2559313	29.37
1970-1974	45	0.00583	0.00582	0.5	86574	504	86322	2472461	28.56
1970-1974	46	0.00764	0.00761	0.5	86070	655	85743	2386139	27.72
1970-1974	47	0.00652	0.00650	0.5	85415	555	85137	2300396	26.93
1970-1974	48	0.00833	0.00830	0.5	84860	704	84508	2215259	26.10
1970-1974	49	0.00825	0.00822	0.5	84156	692	83810	2130751	25.32
1970-1974	50	0.00992	0.00987	0.5	83464	824	83052	2046942	24.52
1970-1974	51	0.01028	0.01022	0.5	82640	845	82218	1963889	23.76
1970-1974	52	0.01145	0.01138	0.5	81796	931	81330	1881671	23.00
1970-1974	53	0.01020	0.01015	0.5	80865	821	80454	1800341	22.26
1970-1974	54	0.01257	0.01249	0.5	80044	1000	79544	1719887	21.49
1970-1974	55	0.01316	0.01307	0.5	79044	1033	78527	1640343	20.75
1970-1974	56	0.01354	0.01345	0.5	78011	1049	77486	1561816	20.02
1970-1974	57	0.01434	0.01423	0.5	76962	1095	76414	1484329	19.29
1970-1974	58	0.01830	0.01813	0.5	75867	1376	75179	1407915	18.56
1970-1974	59	0.01894	0.01876	0.5	74491	1398	73792	1332736	17.89
1970-1974	60	0.02052	0.02031	0.5	73093	1484	72351	1258944	17.22
1970-1974	61	0.02112	0.02090	0.5	71609	1497	70860	1186593	16.57
1970-1974	62	0.02608	0.02574	0.5	70112	1805	69209	1115733	15.91
1970-1974	63	0.02563	0.02531	0.5	68307	1729	67442	1046524	15.32
1970-1974	64	0.02906	0.02864	0.5	66578	1907	65625	979082	14.71
1970-1974	65	0.03015	0.02971	0.5	64671	1921	63711	913457	14.12
1970-1974	66	0.03214	0.03163	0.5	62750	1985	61758	849746	13.54
1970-1974	67	0.03231	0.03180	0.5	60765	1932	59799	787989	12.97
1970-1974	68	0.03395	0.03338	0.5	58833	1964	57851	728190	12.38
1970-1974	69	0.03701	0.03633	0.5	56869	2066	55836	670339	11.79
1970-1974	70	0.04604	0.04501	0.5	54803	2467	53569	614503	11.21
1970-1974	71	0.04907	0.04789	0.5	52336	2507	51083	560934	10.72
1970-1974	72	0.04866	0.04750	0.5	49829	2367	48646	509851	10.23
1970-1974	73	0.05541	0.05391	0.5	47462	2559	46183	461205	9.72
1970-1974	74	0.06195	0.06009	0.5	44904	2698	43554	415022	9.24
1970-1974	75	0.06829	0.06604	0.5	42205	2787	40812	371468	8.80
1970-1974	76	0.07188	0.06939	0.5	39418	2735	38051	330656	8.39
1970-1974	77	0.08175	0.07854	0.5	36683	2881	35242	292606	7.98
1970-1974	78	0.08816	0.08444	0.5	33802	2854	32375	257363	7.61
1970-1974	79	0.08413	0.08073	0.5	30948	2498	29699	224988	7.27
1970-1974	80	0.09512	0.09080	0.5	28449	2583	27158	195290	6.86
1970-1974	81	0.10316	0.09810	0.5	25866	2537	24597	168132	6.50
1970-1974	82	0.11179	0.10587	0.5	23329	2470	22094	143535	6.15
1970-1974	83	0.12105	0.11414	0.5	20859	2381	19668	121441	5.82
1970-1974	84	0.13096	0.12292	0.5	18478	2271	17342	101772	5.51
1970-1974	85	0.14156	0.13220	0.5	16207	2143	15136	84430	5.21
1970-1974	86	0.15286	0.14201	0.5	14064	1997	13066	69294	4.93
1970-1974	87	0.16489	0.15233	0.5	12067	1838	11148	56229	4.66
1970-1974	88	0.17767	0.16318	0.5	10229	1669	9394	45081	4.41
1970-1974	89	0.19121	0.17453	0.5	8560	1494	7813	35686	4.17
1970-1974	90	0.20553	0.18638	0.5	7066	1317	6407	27874	3.94
1970-1974	91	0.22063	0.19871	0.5	5749	1142	5178	21466	3.73
1970-1974	92	0.23650	0.21149	0.5	4607	974	4119	16289	3.54
1970-1974	93	0.25315	0.22471	0.5	3632	816	3224	12169	3.35
1970-1974	94	0.27055	0.23831	0.5	2816	671	2481	8945	3.18
1970-1974	95	0.28869	0.25227	0.5	2145	541	1874	6464	3.01
1970-1974	96	0.30753	0.26654	0.5	1604	427	1390	4590	2.86
1970-1974	97	0.32703	0.28107	0.5	1176	331	1011	3200	2.72
1970-1974	98	0.34715	0.29581	0.5	846	250	721	2189	2.59
1970-1974	99	0.36784	0.31069	0.5	596	185	503	1468	2.47
1970-1974	100	0.38902	0.32567	0.5	411	134	344	965	2.35
1970-1974	101	0.41062	0.34068	0.5	277	94	230	622	2.25
1970-1974	102	0.43258	0.35566	0.5	183	65	150	392	2.15
1970-1974	103	0.45481	0.37055	0.5	118	44	96	242	2.06
1970-1974	104	0.47722	0.38528	0.5	74	29	60	146	1.97
1970-1974	105	0.49972	0.39982	0.5	46	18	36	86	1.90
1970-1974	106	0.52222	0.41409	0.5	27	11	22	50	1.83
1970-1974	107	0.54463	0.42806	0.5	16	7	13	28	1.76
1970-1974	108	0.56686	0.44168	0.5	9	4	7	16	1.71
1970-1974	109	0.58883	0.45490	0.5	5	2	4	9	1.67
1970-1974	110+	0.61044	1.00000	1.64	3	3	5	5	1.64
1975-1979	0	0.01753	0.01725	0.09	100000	1725	98433	6897780	68.98
1975-1979	1	0.00157	0.00157	0.5	98275	154	98198	6799347	69.19
1975-1979	2	0.00098	0.00098	0.5	98121	96	98073	6701149	68.30
1975-1979	3	0.00102	0.00102	0.5	98025	100	97975	6603077	67.36
1975-1979	4	0.00052	0.00052	0.5	97925	51	97899	6505102	66.43
1975-1979	5	0.00045	0.00045	0.5	97874	44	97851	6407203	65.46
1975-1979	6	0.00063	0.00063	0.5	97829	62	97798	6309351	64.49
1975-1979	7	0.00029	0.00029	0.5	97767	28	97753	6211553	63.53
1975-1979	8	0.00041	0.00041	0.5	97739	40	97719	6113800	62.55
1975-1979	9	0.00038	0.00038	0.5	97699	37	97680	6016081	61.58
1975-1979	10	0.00042	0.00042	0.5	97662	41	97641	5918401	60.60
1975-1979	11	0.00048	0.00048	0.5	97621	47	97598	5820759	59.63
1975-1979	12	0.00052	0.00052	0.5	97574	51	97549	5723162	58.65
1975-1979	13	0.00047	0.00047	0.5	97523	46	97500	5625613	57.68
1975-1979	14	0.00070	0.00070	0.5	97477	68	97443	5528113	56.71
1975-1979	15	0.00138	0.00138	0.5	97409	135	97342	5430669	55.75
1975-1979	16	0.00175	0.00175	0.5	97274	170	97189	5333327	54.83
1975-1979	17	0.00285	0.00285	0.5	97105	276	96966	5236138	53.92
1975-1979	18	0.00288	0.00287	0.5	96828	278	96689	5139171	53.08
1975-1979	19	0.00280	0.00279	0.5	96550	270	96415	5042482	52.23
1975-1979	20	0.00288	0.00288	0.5	96280	277	96142	4946067	51.37
1975-1979	21	0.00339	0.00339	0.5	96003	325	95841	4849925	50.52
1975-1979	22	0.00380	0.00379	0.5	95678	363	95497	4754085	49.69
1975-1979	23	0.00305	0.00305	0.5	95315	291	95170	4658588	48.88
1975-1979	24	0.00332	0.00331	0.5	95025	315	94867	4563418	48.02
1975-1979	25	0.00315	0.00314	0.5	94710	298	94561	4468551	47.18
1975-1979	26	0.00291	0.00291	0.5	94412	275	94275	4373990	46.33
1975-1979	27	0.00323	0.00322	0.5	94137	303	93986	4279715	45.46
1975-1979	28	0.00319	0.00318	0.5	93834	299	93685	4185729	44.61
1975-1979	29	0.00278	0.00278	0.5	93535	260	93405	4092044	43.75
1975-1979	30	0.00319	0.00319	0.5	93275	297	93127	3998639	42.87
1975-1979	31	0.00280	0.00280	0.5	92978	260	92848	3905512	42.00
1975-1979	32	0.00290	0.00289	0.5	92718	268	92584	3812665	41.12
1975-1979	33	0.00365	0.00365	0.5	92450	337	92281	3720081	40.24
1975-1979	34	0.00298	0.00298	0.5	92112	274	91975	3627800	39.38
1975-1979	35	0.00395	0.00394	0.5	91838	362	91657	3535825	38.50
1975-1979	36	0.00397	0.00396	0.5	91476	362	91295	3444168	37.65
1975-1979	37	0.00386	0.00385	0.5	91114	351	90938	3352873	36.80
1975-1979	38	0.00392	0.00391	0.5	90763	355	90586	3261935	35.94
1975-1979	39	0.00378	0.00377	0.5	90408	341	90238	3171349	35.08
1975-1979	40	0.00410	0.00409	0.5	90067	369	89883	3081111	34.21
1975-1979	41	0.00417	0.00416	0.5	89698	373	89512	2991229	33.35
1975-1979	42	0.00512	0.00511	0.5	89325	456	89097	2901717	32.48
1975-1979	43	0.00500	0.00499	0.5	88869	443	88647	2812620	31.65
1975-1979	44	0.00489	0.00488	0.5	88426	432	88210	2723972	30.81
1975-1979	45	0.00518	0.00516	0.5	87994	454	87767	2635762	29.95
1975-1979	46	0.00599	0.00597	0.5	87540	522	87279	2547995	29.11
1975-1979	47	0.00595	0.00593	0.5	87017	516	86759	2460717	28.28
1975-1979	48	0.00652	0.00650	0.5	86501	562	86220	2373957	27.44
1975-1979	49	0.00772	0.00769	0.5	85939	660	85609	2287737	26.62
1975-1979	50	0.00744	0.00742	0.5	85279	632	84962	2202128	25.82
1975-1979	51	0.00869	0.00865	0.5	84646	732	84280	2117166	25.01
1975-1979	52	0.00914	0.00909	0.5	83914	763	83532	2032886	24.23
1975-1979	53	0.00925	0.00921	0.5	83151	766	82768	1949354	23.44
1975-1979	54	0.01054	0.01049	0.5	82385	864	81954	1866585	22.66
1975-1979	55	0.01182	0.01175	0.5	81522	958	81043	1784632	21.89
1975-1979	56	0.01233	0.01225	0.5	80564	987	80071	1703589	21.15
1975-1979	57	0.01321	0.01313	0.5	79577	1045	79055	1623519	20.40
1975-1979	58	0.01493	0.01482	0.5	78532	1164	77950	1544464	19.67
1975-1979	59	0.01674	0.01660	0.5	77369	1284	76726	1466514	18.95
1975-1979	60	0.01753	0.01737	0.5	76084	1322	75423	1389787	18.27
1975-1979	61	0.01901	0.01883	0.5	74763	1408	74059	1314364	17.58
1975-1979	62	0.02207	0.02183	0.5	73355	1601	72554	1240305	16.91
1975-1979	63	0.02227	0.02202	0.5	71754	1580	70964	1167751	16.27
1975-1979	64	0.02488	0.02458	0.5	70174	1725	69311	1096787	15.63
1975-1979	65	0.02591	0.02557	0.5	68449	1751	67574	1027476	15.01
1975-1979	66	0.02687	0.02651	0.5	66698	1768	65814	959903	14.39
1975-1979	67	0.03043	0.02997	0.5	64930	1946	63957	894088	13.77
1975-1979	68	0.03205	0.03155	0.5	62984	1987	61990	830131	13.18
1975-1979	69	0.03555	0.03493	0.5	60997	2131	59932	768141	12.59
1975-1979	70	0.03967	0.03890	0.5	58866	2290	57721	708209	12.03
1975-1979	71	0.04294	0.04204	0.5	56576	2378	55387	650488	11.50
1975-1979	72	0.04678	0.04571	0.5	54198	2477	52959	595101	10.98
1975-1979	73	0.04878	0.04762	0.5	51721	2463	50489	542142	10.48
1975-1979	74	0.05292	0.05155	0.5	49258	2539	47988	491652	9.98
1975-1979	75	0.06158	0.05974	0.5	46718	2791	45323	443664	9.50
1975-1979	76	0.06650	0.06436	0.5	43928	2827	42514	398341	9.07
1975-1979	77	0.06805	0.06581	0.5	41101	2705	39748	355827	8.66
1975-1979	78	0.07044	0.06804	0.5	38396	2613	37089	316079	8.23
1975-1979	79	0.08071	0.07758	0.5	35783	2776	34395	278989	7.80
1975-1979	80	0.08357	0.08022	0.5	33007	2648	31683	244594	7.41
1975-1979	81	0.09096	0.08700	0.5	30359	2641	29039	212911	7.01
1975-1979	82	0.09893	0.09427	0.5	27718	2613	26412	183872	6.63
1975-1979	83	0.10752	0.10204	0.5	25105	2562	23824	157461	6.27
1975-1979	84	0.11676	0.11032	0.5	22543	2487	21300	133637	5.93
1975-1979	85	0.12668	0.11914	0.5	20056	2389	18862	112337	5.60
1975-1979	86	0.13731	0.12849	0.5	17667	2270	16532	93475	5.29
1975-1979	87	0.14869	0.13840	0.5	15397	2131	14331	76943	5.00
1975-1979	88	0.16083	0.14886	0.5	13266	1975	12279	62612	4.72
1975-1979	89	0.17375	0.15986	0.5	11291	1805	10389	50333	4.46
1975-1979	90	0.18749	0.17142	0.5	9486	1626	8673	39944	4.21
1975-1979	91	0.20204	0.18350	0.5	7860	1442	7139	31271	3.98
1975-1979	92	0.21742	0.19610	0.5	6418	1259	5788	24132	3.76
1975-1979	93	0.23363	0.20920	0.5	5159	1079	4620	18344	3.56
1975-1979	94	0.25067	0.22275	0.5	4080	909	3626	13724	3.36
1975-1979	95	0.26850	0.23672	0.5	3171	751	2796	10099	3.18
1975-1979	96	0.28712	0.25108	0.5	2420	608	2117	7303	3.02
1975-1979	97	0.30650	0.26577	0.5	1813	482	1572	5187	2.86
1975-1979	98	0.32658	0.28074	0.5	1331	374	1144	3615	2.72
1975-1979	99	0.34731	0.29592	0.5	957	283	816	2471	2.58
1975-1979	100	0.36864	0.31127	0.5	674	210	569	1655	2.46
1975-1979	101	0.39050	0.32671	0.5	464	152	388	1086	2.34
1975-1979	102	0.41281	0.34218	0.5	313	107	259	697	2.23
1975-1979	103	0.43548	0.35761	0.5	206	74	169	438	2.13
1975-1979	104	0.45843	0.37294	0.5	132	49	107	269	2.04
1975-1979	105	0.48155	0.38810	0.5	83	32	67	162	1.96
1975-1979	106	0.50475	0.40303	0.5	51	20	40	95	1.88
1975-1979	107	0.52793	0.41768	0.5	30	13	24	55	1.81
1975-1979	108	0.55099	0.43198	0.5	18	8	14	31	1.75
1975-1979	109	0.57383	0.44590	0.5	10	4	8	17	1.71
1975-1979	110+	0.59637	1.00000	1.68	6	6	9	9	1.68
1980-1984	0	0.01260	0.01246	0.08	100000	1246	98853	7094476	70.94
1980-1984	1	0.00114	0.00114	0.5	98754	113	98698	6995624	70.84
1980-1984	2	0.00069	0.00069	0.5	98642	68	98608	6896926	69.92
1980-1984	3	0.00055	0.00055	0.5	98574	55	98546	6798318	68.97
1980-1984	4	0.00050	0.00050	0.5	98519	50	98494	6699772	68.00
1980-1984	5	0.00042	0.00042	0.5	98470	42	98449	6601277	67.04
1980-1984	6	0.00037	0.00037	0.5	98428	37	98410	6502828	66.07
1980-1984	7	0.00022	0.00022	0.5	98391	21	98381	6404419	65.09
1980-1984	8	0.00035	0.00035	0.5	98370	34	98353	6306038	64.11
1980-1984	9	0.00024	0.00024	0.5	98336	24	98324	6207685	63.13
1980-1984	10	0.00041	0.00041	0.5	98312	40	98292	6109361	62.14
1980-1984	11	0.00041	0.00041	0.5	98272	40	98252	6011069	61.17
1980-1984	12	0.00022	0.00022	0.5	98232	22	98221	5912818	60.19
1980-1984	13	0.00047	0.00047	0.5	98210	46	98187	5814597	59.21
1980-1984	14	0.00080	0.00080	0.5	98164	78	98125	5716410	58.23
1980-1984	15	0.00096	0.00096	0.5	98085	94	98039	5618286	57.28
1980-1984	16	0.00140	0.00140	0.5	97992	137	97923	5520247	56.33
1980-1984	17	0.00165	0.00165	0.5	97855	162	97774	5422324	55.41
1980-1984	18	0.00269	0.00268	0.5	97693	262	97562	5324550	54.50
1980-1984	19	0.00234	0.00234	0.5	97431	228	97317	5226988	53.65
1980-1984	20	0.00259	0.00259	0.5	97203	252	97077	5129672	52.77
1980-1984	21	0.00273	0.00273	0.5	96951	264	96819	5032594	51.91
1980-1984	22	0.00305	0.00305	0.5	96687	295	96540	4935775	51.05
1980-1984	23	0.00332	0.00332	0.5	96392	320	96232	4839236	50.20
1980-1984	24	0.00306	0.00305	0.5	96072	293	95926	4743003	49.37
1980-1984	25	0.00300	0.00299	0.5	95779	287	95636	4647078	48.52
1980-1984	26	0.00293	0.00292	0.5	95492	279	95353	4551442	47.66
1980-1984	27	0.00269	0.00268	0.5	95213	255	95085	4456089	46.80
1980-1984	28	0.00267	0.00266	0.5	94958	253	94831	4361004	45.93
1980-1984	29	0.00240	0.00240	0.5	94705	227	94591	4266173	45.05
1980-1984	30	0.00252	0.00251	0.5	94477	237	94359	4171582	44.15
1980-1984	31	0.00232	0.00232	0.5	94240	219	94131	4077223	43.26
1980-1984	32	0.00228	0.00228	0.5	94021	214	93914	3983093	42.36
1980-1984	33	0.00256	0.00256	0.5	93807	240	93687	3889178	41.46
1980-1984	34	0.00224	0.00223	0.5	93567	209	93463	3795491	40.56
1980-1984	35	0.00273	0.00273	0.5	93358	255	93231	3702028	39.65
1980-1984	36	0.00252	0.00252	0.5	93104	234	92987	3608797	38.76
1980-1984	37	0.00276	0.00275	0.5	92869	256	92742	3515810	37.86
1980-1984	38	0.00325	0.00325	0.5	92614	301	92463	3423069	36.96
1980-1984	39	0.00365	0.00364	0.5	92313	336	92145	3330606	36.08
1980-1984	40	0.00302	0.00301	0.5	91977	277	91838	3238461	35.21
1980-1984	41	0.00347	0.00347	0.5	91700	318	91541	3146622	34.31
1980-1984	42	0.00365	0.00365	0.5	91382	333	91215	3055082	33.43
1980-1984	43	0.00416	0.00415	0.5	91049	378	90859	2963866	32.55
1980-1984	44	0.00436	0.00435	0.5	90670	394	90473	2873007	31.69
1980-1984	45	0.00457	0.00456	0.5	90276	411	90070	2782534	30.82
1980-1984	46	0.00429	0.00429	0.5	89865	385	89672	2692464	29.96
1980-1984	47	0.00545	0.00543	0.5	89479	486	89236	2602792	29.09
1980-1984	48	0.00573	0.00571	0.5	88993	508	88739	2513555	28.24
1980-1984	49	0.00578	0.00576	0.5	88485	510	88230	2424816	27.40
1980-1984	50	0.00587	0.00586	0.5	87975	515	87718	2336586	26.56
1980-1984	51	0.00734	0.00731	0.5	87460	640	87140	2248869	25.71
1980-1984	52	0.01014	0.01009	0.5	86820	876	86382	2161729	24.90
1980-1984	53	0.00798	0.00795	0.5	85945	683	85603	2075346	24.15
1980-1984	54	0.01013	0.01007	0.5	85261	859	84832	1989743	23.34
1980-1984	55	0.01011	0.01005	0.5	84402	849	83978	1904911	22.57
1980-1984	56	0.01017	0.01012	0.5	83554	846	83131	1820933	21.79
1980-1984	57	0.01233	0.01226	0.5	82708	1014	82201	1737803	21.01
1980-1984	58	0.01259	0.01252	0.5	81694	1022	81183	1655601	20.27
1980-1984	59	0.01343	0.01334	0.5	80672	1077	80134	1574418	19.52
1980-1984	60	0.01559	0.01547	0.5	79595	1231	78980	1494285	18.77
1980-1984	61	0.01513	0.01502	0.5	78364	1177	77776	1415305	18.06
1980-1984	62	0.01870	0.01852	0.5	77187	1430	76472	1337529	17.33
1980-1984	63	0.02104	0.02082	0.5	75758	1577	74969	1261057	16.65
1980-1984	64	0.02134	0.02112	0.5	74180	1566	73397	1186088	15.99
1980-1984	65	0.02183	0.02160	0.5	72614	1568	71830	1112691	15.32
1980-1984	66	0.02560	0.02528	0.5	71045	1796	70148	1040862	14.65
1980-1984	67	0.02726	0.02689	0.5	69250	1862	68319	970714	14.02
1980-1984	68	0.02968	0.02924	0.5	67388	1971	66402	902396	13.39
1980-1984	69	0.03369	0.03313	0.5	65417	2167	64333	835993	12.78
1980-1984	70	0.03721	0.03653	0.5	63250	2310	62095	771660	12.20
1980-1984	71	0.03902	0.03827	0.5	60939	2332	59773	709565	11.64
1980-1984	72	0.04239	0.04151	0.5	58607	2433	57391	649792	11.09
1980-1984	73	0.05031	0.04907	0.5	56174	2757	54796	592402	10.55
1980-1984	74	0.05124	0.04996	0.5	53418	2669	52083	537606	10.06
1980-1984	75	0.05434	0.05290	0.5	50749	2685	49406	485523	9.57
1980-1984	76	0.06087	0.05907	0.5	48064	2839	46644	436116	9.07
1980-1984	77	0.06689	0.06473	0.5	45225	2927	43761	389472	8.61
1980-1984	78	0.06757	0.06536	0.5	42297	2765	40915	345711	8.17
1980-1984	79	0.07484	0.07214	0.5	39533	2852	38107	304796	7.71
1980-1984	80	0.08646	0.08288	0.5	36681	3040	35161	266690	7.27
1980-1984	81	0.09400	0.08978	0.5	33641	3020	32130	231529	6.88
1980-1984	82	0.10212	0.09716	0.5	30620	2975	29133	199399	6.51
1980-1984	83	0.11086	0.10503	0.5	27645	2904	26193	170266	6.16
1980-1984	84	0.12024	0.11342	0.5	24742	2806	23338	144072	5.82
1980-1984	85	0.13030	0.12233	0.5	21935	2683	20594	120734	5.50
1980-1984	86	0.14107	0.13177	0.5	19252	2537	17984	100140	5.20
1980-1984	87	0.15257	0.14175	0.5	16715	2369	15530	82157	4.92
1980-1984	88	0.16483	0.15228	0.5	14346	2185	13253	66626	4.64
1980-1984	89	0.17786	0.16334	0.5	12161	1986	11168	53373	4.39
1980-1984	90	0.19169	0.17493	0.5	10175	1780	9285	42205	4.15
1980-1984	91	0.20633	0.18704	0.5	8395	1570	7610	32920	3.92
1980-1984	92	0.22178	0.19964	0.5	6825	1363	6144	25310	3.71
1980-1984	93	0.23804	0.21272	0.5	5462	1162	4881	19166	3.51
1980-1984	94	0.25510	0.22624	0.5	4300	973	3814	14285	3.32
1980-1984	95	0.27294	0.24016	0.5	3327	799	2928	10471	3.15
1980-1984	96	0.29154	0.25445	0.5	2528	643	2207	7543	2.98
1980-1984	97	0.31087	0.26905	0.5	1885	507	1631	5337	2.83
1980-1984	98	0.33088	0.28391	0.5	1378	391	1182	3705	2.69
1980-1984	99	0.35153	0.29898	0.5	987	295	839	2523	2.56
1980-1984	100	0.37274	0.31418	0.5	692	217	583	1684	2.43
1980-1984	101	0.39445	0.32947	0.5	474	156	396	1101	2.32
1980-1984	102	0.41659	0.34478	0.5	318	110	263	705	2.22
1980-1984	103	0.43908	0.36003	0.5	208	75	171	441	2.12
1980-1984	104	0.46181	0.37518	0.5	133	50	108	271	2.03
1980-1984	105	0.48470	0.39015	0.5	83	33	67	162	1.95
1980-1984	106	0.50766	0.40489	0.5	51	21	41	95	1.87
1980-1984	107	0.53059	0.41934	0.5	30	13	24	55	1.80
1980-1984	108	0.55339	0.43345	0.5	18	8	14	31	1.75
1980-1984	109	0.57596	0.44718	0.5	10	4	8	17	1.70
1980-1984	110+	0.59823	1.00000	1.67	6	6	9	9	1.67
1985-1989	0	0.01107	0.01096	0.07	100000	1096	98986	7174596	71.75
1985-1989	1	0.00125	0.00125	0.5	98904	123	98842	7075610	71.54
1985-1989	2	0.00079	0.00079	0.5	98781	78	98742	6976768	70.63
1985-1989	3	0.00048	0.00048	0.5	98703	48	98679	6878026	69.68
1985-1989	4	0.00047	0.00047	0.5	98656	47	98632	6779347	68.72
1985-1989	5	0.00038	0.00038	0.5	98609	37	98591	6680714	67.75
1985-1989	6	0.00044	0.00044	0.5	98572	44	98550	6582124	66.77
1985-1989	7	0.00024	0.00024	0.5	98528	23	98517	6483574	65.80
1985-1989	8	0.00035	0.00035	0.5	98505	34	98488	6385057	64.82
1985-1989	9	0.00019	0.00019	0.5	98471	19	98461	6286569	63.84
1985-1989	10	0.00042	0.00042	0.5	98452	41	98431	6188108	62.85
1985-1989	11	0.00029	0.00029	0.5	98410	28	98396	6089677	61.88
1985-1989	12	0.00041	0.00041	0.5	98382	41	98362	5991280	60.90
1985-1989	13	0.00060	0.00060	0.5	98342	59	98312	5892919	59.92
1985-1989	14	0.00077	0.00077	0.5	98283	75	98245	5794607	58.96
1985-1989	15	0.00098	0.00098	0.5	98208	96	98160	5696361	58.00
1985-1989	16	0.00149	0.00148	0.5	98112	146	98039	5598202	57.06
1985-1989	17	0.00181	0.00181	0.5	97966	177	97878	5500163	56.14
1985-1989	18	0.00232	0.00232	0.5	97789	227	97676	5402286	55.24
1985-1989	19	0.00218	0.00218	0.5	97562	212	97456	5304610	54.37
1985-1989	20	0.00266	0.00265	0.5	97350	258	97221	5207154	53.49
1985-1989	21	0.00300	0.00300	0.5	97091	291	96946	5109934	52.63
1985-1989	22	0.00302	0.00302	0.5	96800	292	96654	5012988	51.79
1985-1989	23	0.00238	0.00238	0.5	96509	229	96394	4916333	50.94
1985-1989	24	0.00258	0.00257	0.5	96279	248	96155	4819939	50.06
1985-1989	25	0.00274	0.00273	0.5	96032	263	95900	4723784	49.19
1985-1989	26	0.00243	0.00243	0.5	95769	233	95653	4627884	48.32
1985-1989	27	0.00247	0.00247	0.5	95537	236	95419	4532231	47.44
1985-1989	28	0.00266	0.00266	0.5	95301	253	95174	4436812	46.56
1985-1989	29	0.00283	0.00282	0.5	95047	268	94913	4341638	45.68
1985-1989	30	0.00226	0.00226	0.5	94779	214	94672	4246725	44.81
1985-1989	31	0.00258	0.00257	0.5	94565	243	94443	4152053	43.91
1985-1989	32	0.00263	0.00263	0.5	94321	248	94197	4057610	43.02
1985-1989	33	0.00325	0.00324	0.5	94073	305	93921	3963413	42.13
1985-1989	34	0.00281	0.00281	0.5	93768	264	93637	3869492	41.27
1985-1989	35	0.00290	0.00290	0.5	93505	271	93369	3775856	40.38
1985-1989	36	0.00285	0.00285	0.5	93234	266	93101	3682486	39.50
1985-1989	37	0.00293	0.00293	0.5	92968	272	92832	3589385	38.61
1985-1989	38	0.00309	0.00308	0.5	92696	286	92553	3496553	37.72
1985-1989	39	0.00311	0.00311	0.5	92410	287	92267	3404000	36.84
1985-1989	40	0.00289	0.00289	0.5	92123	266	91990	3311733	35.95
1985-1989	41	0.00323	0.00322	0.5	91857	296	91709	3219742	35.05
1985-1989	42	0.00342	0.00342	0.5	91561	313	91405	3128033	34.16
1985-1989	43	0.00356	0.00356	0.5	91248	324	91086	3036628	33.28
1985-1989	44	0.00383	0.00382	0.5	90924	348	90750	2945542	32.40
1985-1989	45	0.00420	0.00419	0.5	90576	379	90387	2854792	31.52
1985-1989	46	0.00379	0.00378	0.5	90197	341	90026	2764405	30.65
1985-1989	47	0.00518	0.00517	0.5	89856	464	89624	2674379	29.76
1985-1989	48	0.00563	0.00561	0.5	89392	502	89141	2584755	28.91
1985-1989	49	0.00557	0.00555	0.5	88890	493	88644	2495614	28.08
1985-1989	50	0.00539	0.00538	0.5	88397	475	88159	2406970	27.23
1985-1989	51	0.00678	0.00675	0.5	87922	594	87625	2318811	26.37
1985-1989	52	0.00733	0.00730	0.5	87328	638	87009	2231186	25.55
1985-1989	53	0.00690	0.00688	0.5	86690	596	86392	2144178	24.73
1985-1989	54	0.00846	0.00843	0.5	86093	726	85731	2057786	23.90
1985-1989	55	0.00951	0.00947	0.5	85368	808	84964	1972055	23.10
1985-1989	56	0.01048	0.01042	0.5	84560	882	84119	1887091	22.32
1985-1989	57	0.01030	0.01025	0.5	83678	858	83249	1802973	21.55
1985-1989	58	0.01166	0.01160	0.5	82820	960	82340	1719723	20.76
1985-1989	59	0.01421	0.01411	0.5	81860	1155	81282	1637383	20.00
1985-1989	60	0.01366	0.01357	0.5	80705	1095	80157	1556101	19.28
1985-1989	61	0.01455	0.01444	0.5	79610	1150	79035	1475944	18.54
1985-1989	62	0.01810	0.01794	0.5	78460	1408	77756	1396909	17.80
1985-1989	63	0.01789	0.01773	0.5	77052	1366	76369	1319153	17.12
1985-1989	64	0.01856	0.01839	0.5	75686	1392	74990	1242784	16.42
1985-1989	65	0.02135	0.02113	0.5	74294	1570	73509	1167794	15.72
1985-1989	66	0.02334	0.02307	0.5	72724	1678	71885	1094284	15.05
1985-1989	67	0.02441	0.02411	0.5	71047	1713	70190	1022399	14.39
1985-1989	68	0.02722	0.02686	0.5	69333	1862	68402	952209	13.73
1985-1989	69	0.02917	0.02875	0.5	67471	1940	66501	883806	13.10
1985-1989	70	0.03583	0.03520	0.5	65532	2307	64378	817305	12.47
1985-1989	71	0.03781	0.03711	0.5	63225	2346	62052	752927	11.91
1985-1989	72	0.03754	0.03684	0.5	60879	2243	59757	690875	11.35
1985-1989	73	0.04259	0.04170	0.5	58636	2445	57413	631118	10.76
1985-1989	74	0.04912	0.04794	0.5	56191	2694	54844	573705	10.21
1985-1989	75	0.05027	0.04903	0.5	53497	2623	52185	518861	9.70
1985-1989	76	0.05633	0.05479	0.5	50873	2787	49480	466676	9.17
1985-1989	77	0.05999	0.05825	0.5	48086	2801	46686	417196	8.68
1985-1989	78	0.06898	0.06668	0.5	45285	3020	43775	370510	8.18
1985-1989	79	0.07383	0.07120	0.5	42266	3009	40761	326735	7.73
1985-1989	80	0.08164	0.07843	0.5	39256	3079	37717	285974	7.28
1985-1989	81	0.08974	0.08589	0.5	36177	3107	34624	248257	6.86
1985-1989	82	0.09856	0.09393	0.5	33070	3106	31517	213634	6.46
1985-1989	83	0.10815	0.10260	0.5	29964	3074	28426	182117	6.08
1985-1989	84	0.11855	0.11191	0.5	26889	3009	25385	153691	5.72
1985-1989	85	0.12980	0.12189	0.5	23880	2911	22425	128306	5.37
1985-1989	86	0.14195	0.13254	0.5	20969	2779	19580	105882	5.05
1985-1989	87	0.15503	0.14388	0.5	18190	2617	16881	86302	4.74
1985-1989	88	0.16908	0.15590	0.5	15573	2428	14359	69421	4.46
1985-1989	89	0.18412	0.16860	0.5	13145	2216	12037	55062	4.19
1985-1989	90	0.20018	0.18197	0.5	10929	1989	9934	43025	3.94
1985-1989	91	0.21727	0.19598	0.5	8940	1752	8064	33090	3.70
1985-1989	92	0.23539	0.21060	0.5	7188	1514	6431	25026	3.48
1985-1989	93	0.25453	0.22579	0.5	5674	1281	5034	18595	3.28
1985-1989	94	0.27467	0.24150	0.5	4393	1061	3863	13561	3.09
1985-1989	95	0.29576	0.25766	0.5	3332	859	2903	9699	2.91
1985-1989	96	0.31777	0.27420	0.5	2474	678	2134	6796	2.75
1985-1989	97	0.34062	0.29105	0.5	1795	523	1534	4662	2.60
1985-1989	98	0.36424	0.30812	0.5	1273	392	1077	3128	2.46
1985-1989	99	0.38853	0.32533	0.5	881	286	737	2051	2.33
1985-1989	100	0.41339	0.34258	0.5	594	204	492	1314	2.21
1985-1989	101	0.43869	0.35978	0.5	391	141	320	821	2.10
1985-1989	102	0.46432	0.37684	0.5	250	94	203	501	2.00
1985-1989	103	0.49014	0.39367	0.5	156	61	125	298	1.91
1985-1989	104	0.51602	0.41019	0.5	94	39	75	173	1.83
1985-1989	105	0.54180	0.42631	0.5	56	24	44	98	1.75
1985-1989	106	0.56737	0.44198	0.5	32	14	25	54	1.69
1985-1989	107	0.59258	0.45714	0.5	18	8	14	29	1.63
1985-1989	108	0.61731	0.47171	0.5	10	5	7	15	1.57
1985-1989	109	0.64145	0.48568	0.5	5	2	4	8	1.53
1985-1989	110+	0.66490	1.00000	1.5	3	3	4	4	1.50
1990-1994	0	0.00944	0.00935	0.07	100000	935	99130	7263066	72.63
1990-1994	1	0.00088	0.00088	0.5	99065	88	99021	7163935	72.32
1990-1994	2	0.00049	0.00049	0.5	98977	48	98953	7064915	71.38
1990-1994	3	0.00052	0.00052	0.5	98929	51	98903	6965962	70.41
1990-1994	4	0.00041	0.00041	0.5	98878	41	98857	6867058	69.45
1990-1994	5	0.00035	0.00035	0.5	98837	35	98819	6768201	68.48
1990-1994	6	0.00030	0.00030	0.5	98802	29	98787	6669382	67.50
1990-1994	7	0.00029	0.00029	0.5	98773	29	98758	6570594	66.52
1990-1994	8	0.00029	0.00029	0.5	98744	28	98730	6471836	65.54
1990-1994	9	0.00041	0.00041	0.5	98715	41	98695	6373106	64.56
1990-1994	10	0.00026	0.00026	0.5	98675	25	98662	6274411	63.59
1990-1994	11	0.00026	0.00026	0.5	98650	26	98637	6175749	62.60
1990-1994	12	0.00024	0.00023	0.5	98624	23	98612	6077112	61.62
1990-1994	13	0.00037	0.00037	0.5	98601	37	98583	5978500	60.63
1990-1994	14	0.00065	0.00065	0.5	98564	64	98532	5879917	59.66
1990-1994	15	0.00080	0.00080	0.5	98500	79	98461	5781385	58.69
1990-1994	16	0.00140	0.00140	0.5	98422	137	98353	5682924	57.74
1990-1994	17	0.00153	0.00153	0.5	98284	150	98209	5584571	56.82
1990-1994	18	0.00193	0.00193	0.5	98134	190	98040	5486361	55.91
1990-1994	19	0.00237	0.00237	0.5	97945	232	97829	5388322	55.01
1990-1994	20	0.00228	0.00227	0.5	97713	222	97602	5290493	54.14
1990-1994	21	0.00254	0.00254	0.5	97491	248	97367	5192892	53.27
1990-1994	22	0.00226	0.00226	0.5	97243	220	97133	5095525	52.40
1990-1994	23	0.00204	0.00204	0.5	97023	198	96924	4998392	51.52
1990-1994	24	0.00238	0.00238	0.5	96826	230	96711	4901468	50.62
1990-1994	25	0.00251	0.00250	0.5	96596	242	96475	4804757	49.74
1990-1994	26	0.00209	0.00208	0.5	96354	201	96253	4708282	48.86
1990-1994	27	0.00238	0.00237	0.5	96153	228	96039	4612029	47.97
1990-1994	28	0.00246	0.00246	0.5	95925	236	95807	4515990	47.08
1990-1994	29	0.00250	0.00249	0.5	95689	239	95570	4420183	46.19
1990-1994	30	0.00268	0.00268	0.5	95451	256	95323	4324613	45.31
1990-1994	31	0.00270	0.00269	0.5	95195	257	95067	4229290	44.43
1990-1994	32	0.00288	0.00287	0.5	94938	273	94802	4134223	43.55
1990-1994	33	0.00293	0.00292	0.5	94666	277	94527	4039421	42.67
1990-1994	34	0.00327	0.00327	0.5	94389	308	94235	3944894	41.79
1990-1994	35	0.00292	0.00291	0.5	94081	274	93944	3850659	40.93
1990-1994	36	0.00278	0.00277	0.5	93807	260	93677	3756715	40.05
1990-1994	37	0.00303	0.00302	0.5	93547	283	93405	3663039	39.16
1990-1994	38	0.00392	0.00391	0.5	93264	364	93081	3569633	38.27
1990-1994	39	0.00291	0.00291	0.5	92899	270	92764	3476552	37.42
1990-1994	40	0.00320	0.00319	0.5	92629	296	92481	3383788	36.53
1990-1994	41	0.00356	0.00355	0.5	92334	328	92170	3291306	35.65
1990-1994	42	0.00359	0.00359	0.5	92006	330	91841	3199137	34.77
1990-1994	43	0.00365	0.00364	0.5	91676	334	91509	3107296	33.89
1990-1994	44	0.00407	0.00406	0.5	91342	371	91157	3015787	33.02
1990-1994	45	0.00387	0.00386	0.5	90971	351	90795	2924630	32.15
1990-1994	46	0.00399	0.00398	0.5	90620	361	90439	2833835	31.27
1990-1994	47	0.00451	0.00450	0.5	90259	406	90056	2743395	30.39
1990-1994	48	0.00493	0.00492	0.5	89853	442	89632	2653339	29.53
1990-1994	49	0.00499	0.00498	0.5	89411	445	89188	2563708	28.67
1990-1994	50	0.00529	0.00528	0.5	88965	470	88731	2474520	27.81
1990-1994	51	0.00573	0.00571	0.5	88496	505	88243	2385789	26.96
1990-1994	52	0.00654	0.00652	0.5	87990	574	87704	2297546	26.11
1990-1994	53	0.00707	0.00704	0.5	87417	616	87109	2209842	25.28
1990-1994	54	0.00767	0.00764	0.5	86801	663	86470	2122734	24.46
1990-1994	55	0.00775	0.00772	0.5	86138	665	85805	2036264	23.64
1990-1994	56	0.00929	0.00925	0.5	85473	790	85078	1950459	22.82
1990-1994	57	0.01035	0.01030	0.5	84682	872	84246	1865381	22.03
1990-1994	58	0.01159	0.01152	0.5	83810	966	83328	1781135	21.25
1990-1994	59	0.01149	0.01143	0.5	82845	947	82371	1697807	20.49
1990-1994	60	0.01298	0.01290	0.5	81898	1056	81370	1615436	19.72
1990-1994	61	0.01485	0.01474	0.5	80842	1192	80246	1534066	18.98
1990-1994	62	0.01504	0.01493	0.5	79650	1189	79056	1453820	18.25
1990-1994	63	0.01732	0.01717	0.5	78461	1347	77787	1374764	17.52
1990-1994	64	0.01765	0.01749	0.5	77114	1349	76439	1296977	16.82
1990-1994	65	0.02021	0.02001	0.5	75765	1516	75007	1220538	16.11
1990-1994	66	0.02208	0.02184	0.5	74249	1622	73438	1145531	15.43
1990-1994	67	0.02305	0.02279	0.5	72627	1655	71800	1072093	14.76
1990-1994	68	0.02548	0.02516	0.5	70972	1786	70079	1000294	14.09
1990-1994	69	0.02850	0.02809	0.5	69187	1944	68215	930214	13.44
1990-1994	70	0.03305	0.03251	0.5	67243	2186	66150	861999	12.82
1990-1994	71	0.03459	0.03400	0.5	65057	2212	63951	795850	12.23
1990-1994	72	0.03667	0.03601	0.5	62845	2263	61713	731899	11.65
1990-1994	73	0.03988	0.03910	0.5	60582	2369	59397	670186	11.06
1990-1994	74	0.04465	0.04368	0.5	58213	2542	56942	610788	10.49
1990-1994	75	0.04746	0.04636	0.5	55670	2581	54380	553847	9.95
1990-1994	76	0.05393	0.05252	0.5	53090	2788	51696	499467	9.41
1990-1994	77	0.05541	0.05391	0.5	50302	2712	48946	447771	8.90
1990-1994	78	0.06398	0.06199	0.5	47590	2950	46115	398825	8.38
1990-1994	79	0.06763	0.06541	0.5	44640	2920	43180	352711	7.90
1990-1994	80	0.07902	0.07601	0.5	41720	3171	40134	309531	7.42
1990-1994	81	0.08694	0.08332	0.5	38548	3212	36942	269397	6.99
1990-1994	82	0.09558	0.09122	0.5	35336	3223	33725	232455	6.58
1990-1994	83	0.10497	0.09974	0.5	32113	3203	30512	198730	6.19
1990-1994	84	0.11517	0.10890	0.5	28910	3148	27336	168218	5.82
1990-1994	85	0.12622	0.11873	0.5	25762	3059	24233	140882	5.47
1990-1994	86	0.13817	0.12924	0.5	22703	2934	21236	116650	5.14
1990-1994	87	0.15105	0.14044	0.5	19769	2776	18381	95414	4.83
1990-1994	88	0.16490	0.15234	0.5	16993	2589	15698	77033	4.53
1990-1994	89	0.17976	0.16493	0.5	14404	2376	13216	61334	4.26
1990-1994	90	0.19564	0.17820	0.5	12028	2143	10957	48118	4.00
1990-1994	91	0.21255	0.19213	0.5	9885	1899	8935	37162	3.76
1990-1994	92	0.23051	0.20669	0.5	7986	1651	7160	28227	3.53
1990-1994	93	0.24951	0.22184	0.5	6335	1405	5632	21066	3.33
1990-1994	94	0.26953	0.23752	0.5	4930	1171	4344	15434	3.13
1990-1994	95	0.29053	0.25368	0.5	3759	954	3282	11090	2.95
1990-1994	96	0.31246	0.27024	0.5	2805	758	2426	7808	2.78
1990-1994	97	0.33527	0.28714	0.5	2047	588	1753	5381	2.63
1990-1994	98	0.35888	0.30428	0.5	1459	444	1237	3628	2.49
1990-1994	99	0.38319	0.32158	0.5	1015	326	852	2391	2.35
1990-1994	100	0.40810	0.33894	0.5	689	233	572	1539	2.23
1990-1994	101	0.43349	0.35627	0.5	455	162	374	967	2.12
1990-1994	102	0.45923	0.37347	0.5	293	109	238	593	2.02
1990-1994	103	0.48519	0.39047	0.5	184	72	148	354	1.93
1990-1994	104	0.51123	0.40716	0.5	112	46	89	206	1.84
1990-1994	105	0.53722	0.42347	0.5	66	28	52	117	1.77
1990-1994	106	0.56300	0.43933	0.5	38	17	30	65	1.70
1990-1994	107	0.58844	0.45467	0.5	21	10	17	35	1.64
1990-1994	108	0.61342	0.46944	0.5	12	5	9	19	1.58
1990-1994	109	0.63782	0.48360	0.5	6	3	5	10	1.54
1990-1994	110+	0.66153	1.00000	1.51	3	3	5	5	1.51
1995-1999	0	0.00753	0.00747	0.07	100000	747	99301	7357458	73.57
1995-1999	1	0.00057	0.00057	0.5	99253	57	99224	7258157	73.13
1995-1999	2	0.00064	0.00064	0.5	99196	63	99164	7158933	72.17
1995-1999	3	0.00043	0.00043	0.5	99132	42	99111	7059769	71.22
1995-1999	4	0.00027	0.00027	0.5	99090	27	99077	6960657	70.25
1995-1999	5	0.00024	0.00024	0.5	99064	23	99052	6861581	69.26
1995-1999	6	0.00029	0.00029	0.5	99040	29	99026	6762529	68.28
1995-1999	7	0.00014	0.00014	0.5	99011	14	99004	6663503	67.30
1995-1999	8	0.00028	0.00028	0.5	98997	28	98983	6564499	66.31
1995-1999	9	0.00026	0.00026	0.5	98969	26	98956	6465516	65.33
1995-1999	10	0.00019	0.00019	0.5	98943	19	98934	6366559	64.35
1995-1999	11	0.00028	0.00028	0.5	98925	28	98911	6267625	63.36
1995-1999	12	0.00032	0.00032	0.5	98897	32	98881	6168715	62.38
1995-1999	13	0.00034	0.00034	0.5	98865	34	98848	6069834	61.40
1995-1999	14	0.00056	0.00056	0.5	98831	55	98804	5970986	60.42
1995-1999	15	0.00091	0.00091	0.5	98776	90	98731	5872182	59.45
1995-1999	16	0.00111	0.00111	0.5	98686	110	98632	5773451	58.50
1995-1999	17	0.00131	0.00131	0.5	98577	129	98512	5674819	57.57
1995-1999	18	0.00195	0.00195	0.5	98447	192	98351	5576307	56.64
1995-1999	19	0.00207	0.00207	0.5	98256	203	98154	5477956	55.75
1995-1999	20	0.00229	0.00229	0.5	98053	224	97941	5379802	54.87
1995-1999	21	0.00195	0.00195	0.5	97828	190	97733	5281861	53.99
1995-1999	22	0.00166	0.00166	0.5	97638	162	97557	5184128	53.10
1995-1999	23	0.00200	0.00200	0.5	97476	195	97379	5086571	52.18
1995-1999	24	0.00236	0.00236	0.5	97282	230	97167	4989192	51.29
1995-1999	25	0.00211	0.00210	0.5	97052	204	96950	4892025	50.41
1995-1999	26	0.00201	0.00201	0.5	96848	194	96751	4795076	49.51
1995-1999	27	0.00184	0.00184	0.5	96653	178	96564	4698325	48.61
1995-1999	28	0.00212	0.00212	0.5	96476	205	96373	4601761	47.70
1995-1999	29	0.00223	0.00223	0.5	96271	214	96164	4505387	46.80
1995-1999	30	0.00211	0.00211	0.5	96057	202	95955	4409223	45.90
1995-1999	31	0.00264	0.00264	0.5	95854	253	95728	4313268	45.00
1995-1999	32	0.00248	0.00248	0.5	95602	237	95483	4217540	44.12
1995-1999	33	0.00276	0.00276	0.5	95364	263	95233	4122057	43.22
1995-1999	34	0.00265	0.00264	0.5	95101	251	94976	4026824	42.34
1995-1999	35	0.00251	0.00250	0.5	94850	237	94731	3931849	41.45
1995-1999	36	0.00301	0.00301	0.5	94613	285	94470	3837117	40.56
1995-1999	37	0.00314	0.00314	0.5	94328	296	94180	3742647	39.68
1995-1999	38	0.00307	0.00307	0.5	94032	289	93888	3648467	38.80
1995-1999	39	0.00302	0.00301	0.5	93744	282	93603	3554579	37.92
1995-1999	40	0.00338	0.00337	0.5	93461	315	93304	3460976	37.03
1995-1999	41	0.00375	0.00374	0.5	93146	348	92972	3367673	36.15
1995-1999	42	0.00347	0.00346	0.5	92798	321	92637	3274700	35.29
1995-1999	43	0.00388	0.00387	0.5	92477	358	92298	3182063	34.41
1995-1999	44	0.00421	0.00420	0.5	92119	387	91925	3089765	33.54
1995-1999	45	0.00420	0.00419	0.5	91732	384	91540	2997840	32.68
1995-1999	46	0.00452	0.00451	0.5	91348	412	91142	2906300	31.82
1995-1999	47	0.00430	0.00429	0.5	90936	390	90741	2815159	30.96
1995-1999	48	0.00512	0.00511	0.5	90545	462	90314	2724418	30.09
1995-1999	49	0.00446	0.00445	0.5	90083	401	89882	2634104	29.24
1995-1999	50	0.00550	0.00548	0.5	89682	492	89436	2544221	28.37
1995-1999	51	0.00587	0.00585	0.5	89190	522	88929	2454785	27.52
1995-1999	52	0.00609	0.00607	0.5	88669	538	88399	2365856	26.68
1995-1999	53	0.00661	0.00659	0.5	88130	581	87840	2277457	25.84
1995-1999	54	0.00811	0.00808	0.5	87549	707	87196	2189617	25.01
1995-1999	55	0.00831	0.00828	0.5	86842	719	86483	2102421	24.21
1995-1999	56	0.00838	0.00834	0.5	86123	719	85764	2015939	23.41
1995-1999	57	0.00834	0.00830	0.5	85404	709	85050	1930175	22.60
1995-1999	58	0.01085	0.01079	0.5	84695	914	84238	1845125	21.79
1995-1999	59	0.01153	0.01146	0.5	83782	960	83301	1760887	21.02
1995-1999	60	0.01143	0.01136	0.5	82821	941	82351	1677585	20.26
1995-1999	61	0.01285	0.01277	0.5	81880	1046	81357	1595234	19.48
1995-1999	62	0.01441	0.01430	0.5	80834	1156	80256	1513877	18.73
1995-1999	63	0.01558	0.01546	0.5	79678	1232	79062	1433621	17.99
1995-1999	64	0.01560	0.01548	0.5	78446	1215	77839	1354559	17.27
1995-1999	65	0.01726	0.01711	0.5	77232	1322	76571	1276720	16.53
1995-1999	66	0.01984	0.01965	0.5	75910	1492	75164	1200149	15.81
1995-1999	67	0.02035	0.02015	0.5	74418	1499	73669	1124985	15.12
1995-1999	68	0.02507	0.02476	0.5	72919	1805	72016	1051316	14.42
1995-1999	69	0.02552	0.02520	0.5	71114	1792	70218	979300	13.77
1995-1999	70	0.02753	0.02715	0.5	69321	1882	68380	909082	13.11
1995-1999	71	0.03195	0.03145	0.5	67439	2121	66379	840702	12.47
1995-1999	72	0.03449	0.03390	0.5	65318	2215	64211	774323	11.85
1995-1999	73	0.03788	0.03718	0.5	63104	2346	61931	710112	11.25
1995-1999	74	0.03952	0.03875	0.5	60757	2355	59580	648181	10.67
1995-1999	75	0.04576	0.04474	0.5	58403	2613	57097	588601	10.08
1995-1999	76	0.04664	0.04558	0.5	55790	2543	54519	531505	9.53
1995-1999	77	0.05483	0.05336	0.5	53247	2842	51826	476986	8.96
1995-1999	78	0.05662	0.05506	0.5	50406	2775	49018	425160	8.43
1995-1999	79	0.06391	0.06193	0.5	47630	2950	46155	376142	7.90
1995-1999	80	0.07805	0.07512	0.5	44681	3356	43002	329986	7.39
1995-1999	81	0.08621	0.08265	0.5	41324	3415	39617	286984	6.94
1995-1999	82	0.09514	0.09082	0.5	37909	3443	36187	247367	6.53
1995-1999	83	0.10489	0.09966	0.5	34466	3435	32748	211180	6.13
1995-1999	84	0.11551	0.10920	0.5	31031	3389	29337	178431	5.75
1995-1999	85	0.12706	0.11947	0.5	27642	3302	25991	149095	5.39
1995-1999	86	0.13957	0.13047	0.5	24340	3176	22752	123104	5.06
1995-1999	87	0.15310	0.14221	0.5	21164	3010	19659	100352	4.74
1995-1999	88	0.16769	0.15472	0.5	18155	2809	16750	80692	4.44
1995-1999	89	0.18337	0.16797	0.5	15346	2578	14057	63942	4.17
1995-1999	90	0.20016	0.18195	0.5	12768	2323	11607	49885	3.91
1995-1999	91	0.21807	0.19663	0.5	10445	2054	9418	38279	3.66
1995-1999	92	0.23712	0.21198	0.5	8391	1779	7502	28860	3.44
1995-1999	93	0.25728	0.22795	0.5	6612	1507	5859	21359	3.23
1995-1999	94	0.27853	0.24448	0.5	5105	1248	4481	15500	3.04
1995-1999	95	0.30082	0.26149	0.5	3857	1009	3353	11019	2.86
1995-1999	96	0.32410	0.27890	0.5	2848	794	2451	7666	2.69
1995-1999	97	0.34828	0.29662	0.5	2054	609	1749	5215	2.54
1995-1999	98	0.37326	0.31456	0.5	1445	454	1218	3466	2.40
1995-1999	99	0.39895	0.33260	0.5	990	329	826	2248	2.27
1995-1999	100	0.42520	0.35065	0.5	661	232	545	1422	2.15
1995-1999	101	0.45188	0.36860	0.5	429	158	350	877	2.04
1995-1999	102	0.47884	0.38634	0.5	271	105	219	527	1.95
1995-1999	103	0.50592	0.40378	0.5	166	67	133	309	1.86
1995-1999	104	0.53297	0.42083	0.5	99	42	78	176	1.77
1995-1999	105	0.55983	0.43739	0.5	57	25	45	98	1.70
1995-1999	106	0.58634	0.45341	0.5	32	15	25	53	1.63
1995-1999	107	0.61236	0.46882	0.5	18	8	14	28	1.58
1995-1999	108	0.63775	0.48356	0.5	9	5	7	14	1.52
1995-1999	109	0.66240	0.49759	0.5	5	2	4	7	1.48
1995-1999	110+	0.68619	1.00000	1.46	2	2	4	4	1.46
2000-2004	0	0.00690	0.00685	0.06	100000	685	99358	7403920	74.04
2000-2004	1	0.00076	0.00076	0.5	99315	76	99277	7304562	73.55
2000-2004	2	0.00031	0.00031	0.5	99239	31	99223	7205285	72.61
2000-2004	3	0.00032	0.00032	0.5	99208	32	99192	7106062	71.63
2000-2004	4	0.00024	0.00024	0.5	99176	24	99164	7006870	70.65
2000-2004	5	0.00018	0.00018	0.5	99152	18	99143	6907706	69.67
2000-2004	6	0.00015	0.00015	0.5	99134	15	99126	6808563	68.68
2000-2004	7	0.00019	0.00019	0.5	99119	19	99109	6709436	67.69
2000-2004	8	0.00007	0.00007	0.5	99100	7	99096	6610327	66.70
2000-2004	9	0.00020	0.00020	0.5	99093	19	99083	6511230	65.71
2000-2004	10	0.00014	0.00014	0.5	99074	13	99067	6412147	64.72
2000-2004	11	0.00027	0.00027	0.5	99060	27	99047	6313080	63.73
2000-2004	12	0.00032	0.00032	0.5	99033	32	99018	6214034	62.75
2000-2004	13	0.00036	0.00036	0.5	99002	35	98984	6115016	61.77
2000-2004	14	0.00053	0.00053	0.5	98967	52	98940	6016032	60.79
2000-2004	15	0.00060	0.00060	0.5	98914	60	98884	5917091	59.82
2000-2004	16	0.00117	0.00117	0.5	98855	116	98797	5818207	58.86
2000-2004	17	0.00128	0.00127	0.5	98739	126	98676	5719410	57.92
2000-2004	18	0.00174	0.00173	0.5	98613	171	98528	5620734	57.00
2000-2004	19	0.00191	0.00190	0.5	98442	188	98348	5522206	56.10
2000-2004	20	0.00218	0.00218	0.5	98255	214	98148	5423858	55.20
2000-2004	21	0.00181	0.00181	0.5	98041	177	97952	5325710	54.32
2000-2004	22	0.00223	0.00223	0.5	97863	218	97754	5227758	53.42
2000-2004	23	0.00176	0.00175	0.5	97645	171	97560	5130004	52.54
2000-2004	24	0.00193	0.00192	0.5	97474	188	97380	5032444	51.63
2000-2004	25	0.00188	0.00188	0.5	97286	183	97195	4935064	50.73
2000-2004	26	0.00215	0.00215	0.5	97104	209	96999	4837869	49.82
2000-2004	27	0.00194	0.00194	0.5	96895	188	96801	4740870	48.93
2000-2004	28	0.00220	0.00220	0.5	96707	213	96601	4644069	48.02
2000-2004	29	0.00185	0.00185	0.5	96494	178	96405	4547468	47.13
2000-2004	30	0.00223	0.00222	0.5	96316	214	96209	4451063	46.21
2000-2004	31	0.00231	0.00231	0.5	96102	222	95991	4354854	45.32
2000-2004	32	0.00234	0.00234	0.5	95880	225	95767	4258863	44.42
2000-2004	33	0.00270	0.00270	0.5	95655	258	95526	4163096	43.52
2000-2004	34	0.00250	0.00249	0.5	95397	238	95278	4067570	42.64
2000-2004	35	0.00308	0.00308	0.5	95159	293	95013	3972291	41.74
2000-2004	36	0.00286	0.00286	0.5	94867	271	94731	3877278	40.87
2000-2004	37	0.00297	0.00296	0.5	94596	280	94455	3782547	39.99
2000-2004	38	0.00294	0.00294	0.5	94315	277	94177	3688092	39.10
2000-2004	39	0.00339	0.00339	0.5	94038	319	93879	3593915	38.22
2000-2004	40	0.00353	0.00353	0.5	93720	331	93554	3500036	37.35
2000-2004	41	0.00361	0.00360	0.5	93389	337	93221	3406482	36.48
2000-2004	42	0.00395	0.00394	0.5	93052	367	92869	3313261	35.61
2000-2004	43	0.00448	0.00447	0.5	92686	414	92479	3220392	34.75
2000-2004	44	0.00428	0.00427	0.5	92272	394	92075	3127913	33.90
2000-2004	45	0.00418	0.00417	0.5	91878	383	91686	3035838	33.04
2000-2004	46	0.00454	0.00453	0.5	91495	414	91288	2944152	32.18
2000-2004	47	0.00547	0.00546	0.5	91080	497	90832	2852864	31.32
2000-2004	48	0.00529	0.00527	0.5	90583	478	90344	2762032	30.49
2000-2004	49	0.00595	0.00593	0.5	90106	535	89838	2671688	29.65
2000-2004	50	0.00618	0.00616	0.5	89571	552	89295	2581850	28.82
2000-2004	51	0.00656	0.00653	0.5	89019	582	88728	2492555	28.00
2000-2004	52	0.00635	0.00633	0.5	88437	560	88157	2403827	27.18
2000-2004	53	0.00723	0.00720	0.5	87877	633	87561	2315670	26.35
2000-2004	54	0.00752	0.00749	0.5	87244	654	86917	2228109	25.54
2000-2004	55	0.00790	0.00787	0.5	86590	681	86249	2141192	24.73
2000-2004	56	0.00874	0.00870	0.5	85909	748	85535	2054943	23.92
2000-2004	57	0.00870	0.00866	0.5	85161	738	84792	1969408	23.13
2000-2004	58	0.01007	0.01002	0.5	84424	846	84001	1884615	22.32
2000-2004	59	0.01022	0.01016	0.5	83578	850	83153	1800615	21.54
2000-2004	60	0.01142	0.01136	0.5	82728	939	82258	1717462	20.76
2000-2004	61	0.01154	0.01147	0.5	81789	938	81319	1635203	19.99
2000-2004	62	0.01425	0.01415	0.5	80850	1144	80278	1553884	19.22
2000-2004	63	0.01460	0.01450	0.5	79707	1155	79129	1473606	18.49
2000-2004	64	0.01535	0.01524	0.5	78551	1197	77953	1394477	17.75
2000-2004	65	0.01719	0.01705	0.5	77354	1319	76695	1316524	17.02
2000-2004	66	0.01898	0.01880	0.5	76036	1429	75321	1239829	16.31
2000-2004	67	0.01987	0.01968	0.5	74606	1468	73872	1164508	15.61
2000-2004	68	0.02112	0.02090	0.5	73138	1529	72374	1090636	14.91
2000-2004	69	0.02377	0.02349	0.5	71610	1682	70768	1018262	14.22
2000-2004	70	0.02385	0.02357	0.5	69927	1648	69103	947494	13.55
2000-2004	71	0.02850	0.02810	0.5	68279	1919	67320	878390	12.86
2000-2004	72	0.02980	0.02936	0.5	66361	1949	65386	811071	12.22
2000-2004	73	0.03478	0.03419	0.5	64412	2202	63311	745684	11.58
2000-2004	74	0.03996	0.03918	0.5	62210	2437	60991	682374	10.97
2000-2004	75	0.03805	0.03734	0.5	59772	2232	58656	621383	10.40
2000-2004	76	0.04278	0.04189	0.5	57541	2410	56335	562726	9.78
2000-2004	77	0.04977	0.04856	0.5	55130	2677	53792	506391	9.19
2000-2004	78	0.05331	0.05192	0.5	52453	2724	51091	452599	8.63
2000-2004	79	0.06057	0.05879	0.5	49730	2923	48268	401508	8.07
2000-2004	80	0.07120	0.06875	0.5	46806	3218	45197	353240	7.55
2000-2004	81	0.07956	0.07652	0.5	43588	3335	41921	308042	7.07
2000-2004	82	0.08881	0.08504	0.5	40253	3423	38542	266121	6.61
2000-2004	83	0.09902	0.09435	0.5	36830	3475	35093	227580	6.18
2000-2004	84	0.11027	0.10451	0.5	33355	3486	31612	192487	5.77
2000-2004	85	0.12262	0.11553	0.5	29869	3451	28144	160875	5.39
2000-2004	86	0.13614	0.12746	0.5	26418	3367	24735	132731	5.02
2000-2004	87	0.15089	0.14031	0.5	23051	3234	21434	107996	4.69
2000-2004	88	0.16693	0.15407	0.5	19817	3053	18290	86562	4.37
2000-2004	89	0.18431	0.16876	0.5	16764	2829	15349	68272	4.07
2000-2004	90	0.20306	0.18434	0.5	13935	2569	12650	52922	3.80
2000-2004	91	0.22319	0.20079	0.5	11366	2282	10225	40272	3.54
2000-2004	92	0.24471	0.21803	0.5	9084	1981	8093	30047	3.31
2000-2004	93	0.26758	0.23601	0.5	7103	1676	6265	21954	3.09
2000-2004	94	0.29177	0.25463	0.5	5427	1382	4736	15689	2.89
2000-2004	95	0.31720	0.27378	0.5	4045	1107	3491	10953	2.71
2000-2004	96	0.34377	0.29335	0.5	2938	862	2507	7462	2.54
2000-2004	97	0.37135	0.31320	0.5	2076	650	1751	4955	2.39
2000-2004	98	0.39980	0.33319	0.5	1426	475	1188	3204	2.25
2000-2004	99	0.42894	0.35319	0.5	951	336	783	2016	2.12
2000-2004	100	0.45858	0.37304	0.5	615	229	500	1233	2.01
2000-2004	101	0.48851	0.39261	0.5	386	151	310	733	1.90
2000-2004	102	0.51853	0.41177	0.5	234	96	186	423	1.81
2000-2004	103	0.54842	0.43040	0.5	138	59	108	237	1.72
2000-2004	104	0.57796	0.44839	0.5	78	35	61	129	1.65
2000-2004	105	0.60695	0.46564	0.5	43	20	33	68	1.58
2000-2004	106	0.63521	0.48210	0.5	23	11	18	35	1.52
2000-2004	107	0.66257	0.49769	0.5	12	6	9	18	1.46
2000-2004	108	0.68888	0.51239	0.5	6	3	4	9	1.42
2000-2004	109	0.71402	0.52617	0.5	3	2	2	4	1.38
2000-2004	110+	0.73791	1.00000	1.36	1	1	2	2	1.36
2005-2009	0	0.00677	0.00672	0.06	100000	672	99370	7463950	74.64
2005-2009	1	0.00065	0.00065	0.5	99328	65	99295	7364580	74.14
2005-2009	2	0.00041	0.00041	0.5	99263	41	99242	7265285	73.19
2005-2009	3	0.00042	0.00042	0.5	99222	42	99201	7166042	72.22
2005-2009	4	0.00024	0.00024	0.5	99180	24	99168	7066841	71.25
2005-2009	5	0.00020	0.00020	0.5	99156	20	99146	6967673	70.27
2005-2009	6	0.00013	0.00013	0.5	99136	13	99129	6868527	69.28
2005-2009	7	0.00015	0.00015	0.5	99123	15	99115	6769398	68.29
2005-2009	8	0.00012	0.00012	0.5	99108	12	99102	6670283	67.30
2005-2009	9	0.00013	0.00013	0.5	99096	13	99090	6571181	66.31
2005-2009	10	0.00016	0.00016	0.5	99083	15	99076	6472091	65.32
2005-2009	11	0.00023	0.00023	0.5	99068	22	99057	6373015	64.33
2005-2009	12	0.00015	0.00015	0.5	99046	15	99038	6273958	63.34
2005-2009	13	0.00033	0.00033	0.5	99031	32	99014	6174920	62.35
2005-2009	14	0.00047	0.00047	0.5	98998	47	98975	6075906	61.37
2005-2009	15	0.00043	0.00043	0.5	98951	43	98930	5976931	60.40
2005-2009	16	0.00082	0.00082	0.5	98908	82	98868	5878001	59.43
2005-2009	17	0.00105	0.00105	0.5	98827	103	98775	5779134	58.48
2005-2009	18	0.00154	0.00154	0.5	98724	152	98647	5680359	57.54
2005-2009	19	0.00208	0.00208	0.5	98571	205	98469	5581711	56.63
2005-2009	20	0.00166	0.00166	0.5	98366	163	98285	5483243	55.74
2005-2009	21	0.00195	0.00194	0.5	98203	191	98108	5384958	54.83
2005-2009	22	0.00178	0.00178	0.5	98012	174	97925	5286851	53.94
2005-2009	23	0.00214	0.00214	0.5	97838	209	97733	5188926	53.04
2005-2009	24	0.00229	0.00228	0.5	97629	223	97517	5091192	52.15
2005-2009	25	0.00207	0.00207	0.5	97406	202	97305	4993675	51.27
2005-2009	26	0.00190	0.00190	0.5	97204	185	97112	4896370	50.37
2005-2009	27	0.00222	0.00222	0.5	97019	215	96911	4799259	49.47
2005-2009	28	0.00195	0.00194	0.5	96804	188	96710	4702347	48.58
2005-2009	29	0.00227	0.00227	0.5	96616	219	96506	4605638	47.67
2005-2009	30	0.00201	0.00201	0.5	96396	193	96300	4509132	46.78
2005-2009	31	0.00264	0.00264	0.5	96203	254	96076	4412832	45.87
2005-2009	32	0.00256	0.00256	0.5	95949	245	95827	4316756	44.99
2005-2009	33	0.00225	0.00225	0.5	95704	215	95596	4220930	44.10
2005-2009	34	0.00265	0.00265	0.5	95489	253	95362	4125333	43.20
2005-2009	35	0.00262	0.00262	0.5	95236	249	95111	4029971	42.32
2005-2009	36	0.00283	0.00283	0.5	94987	269	94852	3934860	41.43
2005-2009	37	0.00307	0.00306	0.5	94718	290	94573	3840008	40.54
2005-2009	38	0.00289	0.00289	0.5	94427	273	94291	3745435	39.66
2005-2009	39	0.00342	0.00341	0.5	94155	321	93994	3651144	38.78
2005-2009	40	0.00407	0.00406	0.5	93833	381	93643	3557150	37.91
2005-2009	41	0.00386	0.00385	0.5	93452	360	93272	3463507	37.06
2005-2009	42	0.00405	0.00404	0.5	93093	376	92904	3370235	36.20
2005-2009	43	0.00421	0.00420	0.5	92716	389	92522	3277331	35.35
2005-2009	44	0.00452	0.00451	0.5	92327	416	92119	3184809	34.49
2005-2009	45	0.00490	0.00489	0.5	91911	449	91686	3092690	33.65
2005-2009	46	0.00502	0.00500	0.5	91462	458	91233	3001004	32.81
2005-2009	47	0.00531	0.00530	0.5	91004	482	90763	2909771	31.97
2005-2009	48	0.00577	0.00575	0.5	90522	521	90261	2819008	31.14
2005-2009	49	0.00560	0.00558	0.5	90001	503	89750	2728747	30.32
2005-2009	50	0.00632	0.00630	0.5	89499	564	89217	2638997	29.49
2005-2009	51	0.00674	0.00672	0.5	88935	598	88636	2549780	28.67
2005-2009	52	0.00757	0.00754	0.5	88337	666	88004	2461144	27.86
2005-2009	53	0.00732	0.00730	0.5	87671	640	87351	2373140	27.07
2005-2009	54	0.00735	0.00733	0.5	87031	638	86712	2285789	26.26
2005-2009	55	0.00815	0.00811	0.5	86393	701	86043	2199077	25.45
2005-2009	56	0.00864	0.00860	0.5	85692	737	85324	2113034	24.66
2005-2009	57	0.00928	0.00924	0.5	84956	785	84563	2027710	23.87
2005-2009	58	0.00921	0.00917	0.5	84171	771	83785	1943147	23.09
2005-2009	59	0.01042	0.01036	0.5	83399	864	82967	1859362	22.29
2005-2009	60	0.01134	0.01128	0.5	82535	931	82070	1776395	21.52
2005-2009	61	0.01173	0.01166	0.5	81604	951	81129	1694325	20.76
2005-2009	62	0.01254	0.01246	0.5	80653	1005	80150	1613197	20.00
2005-2009	63	0.01292	0.01283	0.5	79648	1022	79137	1533046	19.25
2005-2009	64	0.01450	0.01439	0.5	78626	1132	78060	1453909	18.49
2005-2009	65	0.01676	0.01662	0.5	77494	1288	76850	1375849	17.75
2005-2009	66	0.01613	0.01600	0.5	76206	1219	75596	1298999	17.05
2005-2009	67	0.01764	0.01748	0.5	74987	1311	74331	1223402	16.31
2005-2009	68	0.01974	0.01954	0.5	73676	1440	72956	1149071	15.60
2005-2009	69	0.02046	0.02026	0.5	72236	1463	71504	1076115	14.90
2005-2009	70	0.02306	0.02279	0.5	70773	1613	69966	1004611	14.19
2005-2009	71	0.02332	0.02305	0.5	69160	1594	68362	934645	13.51
2005-2009	72	0.02609	0.02575	0.5	67565	1740	66695	866282	12.82
2005-2009	73	0.03169	0.03120	0.5	65826	2054	64799	799587	12.15
2005-2009	74	0.03450	0.03392	0.5	63772	2163	62691	734788	11.52
2005-2009	75	0.03620	0.03555	0.5	61609	2190	60514	672098	10.91
2005-2009	76	0.03871	0.03797	0.5	59419	2256	58291	611584	10.29
2005-2009	77	0.04456	0.04359	0.5	57162	2492	55917	553293	9.68
2005-2009	78	0.04829	0.04715	0.5	54671	2578	53382	497376	9.10
2005-2009	79	0.05241	0.05107	0.5	52093	2660	50763	443995	8.52
2005-2009	80	0.06096	0.05916	0.5	49433	2924	47971	393232	7.95
2005-2009	81	0.06902	0.06671	0.5	46508	3103	44957	345261	7.42
2005-2009	82	0.07805	0.07512	0.5	43406	3261	41775	300304	6.92
2005-2009	83	0.08815	0.08443	0.5	40145	3389	38450	258529	6.44
2005-2009	84	0.09942	0.09471	0.5	36756	3481	35015	220079	5.99
2005-2009	85	0.11196	0.10602	0.5	33274	3528	31510	185064	5.56
2005-2009	86	0.12585	0.11840	0.5	29746	3522	27985	153553	5.16
2005-2009	87	0.14119	0.13188	0.5	26225	3459	24495	125568	4.79
2005-2009	88	0.15807	0.14649	0.5	22766	3335	21098	101073	4.44
2005-2009	89	0.17654	0.16222	0.5	19431	3152	17855	79974	4.12
2005-2009	90	0.19668	0.17907	0.5	16279	2915	14821	62119	3.82
2005-2009	91	0.21850	0.19698	0.5	13364	2632	12048	47298	3.54
2005-2009	92	0.24201	0.21589	0.5	10731	2317	9573	35250	3.28
2005-2009	93	0.26718	0.23570	0.5	8415	1983	7423	25677	3.05
2005-2009	94	0.29396	0.25629	0.5	6431	1648	5607	18254	2.84
2005-2009	95	0.32225	0.27753	0.5	4783	1327	4119	12647	2.64
2005-2009	96	0.35189	0.29924	0.5	3456	1034	2939	8528	2.47
2005-2009	97	0.38273	0.32125	0.5	2422	778	2033	5589	2.31
2005-2009	98	0.41454	0.34337	0.5	1644	564	1361	3557	2.16
2005-2009	99	0.44708	0.36540	0.5	1079	394	882	2195	2.03
2005-2009	100	0.48007	0.38715	0.5	685	265	552	1313	1.92
2005-2009	101	0.51325	0.40843	0.5	420	171	334	761	1.81
2005-2009	102	0.54630	0.42910	0.5	248	107	195	427	1.72
2005-2009	103	0.57896	0.44899	0.5	142	64	110	232	1.64
2005-2009	104	0.61093	0.46798	0.5	78	37	60	122	1.56
2005-2009	105	0.64198	0.48599	0.5	42	20	31	62	1.50
2005-2009	106	0.67189	0.50293	0.5	21	11	16	31	1.44
2005-2009	107	0.70046	0.51877	0.5	11	6	8	15	1.39
2005-2009	108	0.72755	0.53348	0.5	5	3	4	7	1.34
2005-2009	109	0.75305	0.54707	0.5	2	1	2	3	1.31
2005-2009	110+	0.77690	1.00000	1.29	1	1	1	1	1.29
2010-2014	0	0.00633	0.00630	0.06	100000	630	99409	7530581	75.31
2010-2014	1	0.00067	0.00067	0.5	99370	66	99337	7431172	74.78
2010-2014	2	0.00035	0.00035	0.5	99304	34	99287	7331835	73.83
2010-2014	3	0.00027	0.00027	0.5	99270	27	99256	7232548	72.86
2010-2014	4	0.00022	0.00022	0.5	99242	21	99232	7133292	71.88
2010-2014	5	0.00016	0.00016	0.5	99221	16	99213	7034060	70.89
2010-2014	6	0.00005	0.00005	0.5	99205	5	99202	6934847	69.90
2010-2014	7	0.00016	0.00016	0.5	99199	16	99191	6835645	68.91
2010-2014	8	0.00007	0.00007	0.5	99183	7	99180	6736454	67.92
2010-2014	9	0.00012	0.00012	0.5	99176	12	99170	6637274	66.92
2010-2014	10	0.00006	0.00006	0.5	99164	5	99161	6538104	65.93
2010-2014	11	0.00010	0.00010	0.5	99158	10	99154	6438943	64.94
2010-2014	12	0.00026	0.00026	0.5	99149	26	99136	6339789	63.94
2010-2014	13	0.00022	0.00022	0.5	99123	22	99112	6240654	62.96
2010-2014	14	0.00035	0.00035	0.5	99101	35	99084	6141542	61.97
2010-2014	15	0.00053	0.00053	0.5	99066	52	99040	6042458	60.99
2010-2014	16	0.00070	0.00070	0.5	99014	69	98979	5943418	60.03
2010-2014	17	0.00100	0.00099	0.5	98944	98	98895	5844439	59.07
2010-2014	18	0.00097	0.00097	0.5	98846	96	98798	5745544	58.13
2010-2014	19	0.00137	0.00137	0.5	98750	135	98682	5646746	57.18
2010-2014	20	0.00161	0.00161	0.5	98615	159	98535	5548064	56.26
2010-2014	21	0.00156	0.00156	0.5	98456	153	98379	5449529	55.35
2010-2014	22	0.00188	0.00187	0.5	98303	184	98211	5351149	54.44
2010-2014	23	0.00185	0.00185	0.5	98118	181	98028	5252939	53.54
2010-2014	24	0.00178	0.00178	0.5	97937	174	97850	5154911	52.63
2010-2014	25	0.00221	0.00220	0.5	97763	215	97655	5057061	51.73
2010-2014	26	0.00221	0.00221	0.5	97547	216	97440	4959406	50.84
2010-2014	27	0.00210	0.00210	0.5	97332	204	97230	4861966	49.95
2010-2014	28	0.00247	0.00247	0.5	97128	240	97008	4764736	49.06
2010-2014	29	0.00220	0.00220	0.5	96888	213	96781	4667729	48.18
2010-2014	30	0.00248	0.00247	0.5	96674	239	96555	4570948	47.28
2010-2014	31	0.00202	0.00202	0.5	96435	194	96338	4474393	46.40
2010-2014	32	0.00243	0.00242	0.5	96241	233	96124	4378054	45.49
2010-2014	33	0.00245	0.00245	0.5	96008	235	95890	4281930	44.60
2010-2014	34	0.00253	0.00253	0.5	95773	242	95652	4186040	43.71
2010-2014	35	0.00263	0.00263	0.5	95531	251	95405	4090388	42.82
2010-2014	36	0.00316	0.00316	0.5	95279	301	95129	3994983	41.93
2010-2014	37	0.00270	0.00269	0.5	94978	256	94850	3899854	41.06
2010-2014	38	0.00251	0.00250	0.5	94723	237	94604	3805004	40.17
2010-2014	39	0.00313	0.00312	0.5	94486	295	94338	3710400	39.27
2010-2014	40	0.00356	0.00355	0.5	94190	334	94023	3616062	38.39
2010-2014	41	0.00345	0.00345	0.5	93856	323	93694	3522039	37.53
2010-2014	42	0.00402	0.00401	0.5	93533	375	93345	3428344	36.65
2010-2014	43	0.00477	0.00475	0.5	93157	443	92936	3334999	35.80
2010-2014	44	0.00429	0.00428	0.5	92715	397	92516	3242063	34.97
2010-2014	45	0.00393	0.00392	0.5	92318	362	92137	3149547	34.12
2010-2014	46	0.00508	0.00507	0.5	91956	466	91723	3057410	33.25
2010-2014	47	0.00529	0.00528	0.5	91489	483	91248	2965688	32.42
2010-2014	48	0.00568	0.00566	0.5	91007	515	90749	2874440	31.58
2010-2014	49	0.00614	0.00612	0.5	90491	554	90214	2783691	30.76
2010-2014	50	0.00622	0.00620	0.5	89938	557	89659	2693477	29.95
2010-2014	51	0.00734	0.00731	0.5	89380	654	89053	2603818	29.13
2010-2014	52	0.00750	0.00747	0.5	88727	663	88395	2514764	28.34
2010-2014	53	0.00760	0.00757	0.5	88064	666	87731	2426369	27.55
2010-2014	54	0.00791	0.00788	0.5	87397	689	87053	2338638	26.76
2010-2014	55	0.00891	0.00887	0.5	86709	769	86324	2251585	25.97
2010-2014	56	0.00933	0.00929	0.5	85940	798	85541	2165261	25.20
2010-2014	57	0.00986	0.00982	0.5	85142	836	84724	2079720	24.43
2010-2014	58	0.01011	0.01005	0.5	84306	848	83882	1994996	23.66
2010-2014	59	0.01069	0.01063	0.5	83459	887	83015	1911114	22.90
2010-2014	60	0.01127	0.01120	0.5	82571	925	82109	1828099	22.14
2010-2014	61	0.01153	0.01147	0.5	81646	936	81178	1745990	21.38
2010-2014	62	0.01217	0.01210	0.5	80710	977	80222	1664812	20.63
2010-2014	63	0.01428	0.01417	0.5	79733	1130	79168	1584591	19.87
2010-2014	64	0.01439	0.01429	0.5	78603	1123	78041	1505423	19.15
2010-2014	65	0.01441	0.01430	0.5	77480	1108	76926	1427381	18.42
2010-2014	66	0.01639	0.01626	0.5	76372	1242	75751	1350455	17.68
2010-2014	67	0.01765	0.01750	0.5	75130	1315	74473	1274705	16.97
2010-2014	68	0.01718	0.01703	0.5	73815	1257	73187	1200232	16.26
2010-2014	69	0.02014	0.01994	0.5	72558	1447	71835	1127045	15.53
2010-2014	70	0.02098	0.02077	0.5	71111	1477	70373	1055210	14.84
2010-2014	71	0.02189	0.02165	0.5	69635	1507	68881	984837	14.14
2010-2014	72	0.02657	0.02622	0.5	68127	1786	67234	915956	13.44
2010-2014	73	0.02800	0.02762	0.5	66341	1832	65425	848722	12.79
2010-2014	74	0.03015	0.02970	0.5	64509	1916	63551	783297	12.14
2010-2014	75	0.03157	0.03108	0.5	62593	1946	61620	719746	11.50
2010-2014	76	0.03764	0.03694	0.5	60647	2241	59527	658126	10.85
2010-2014	77	0.03936	0.03860	0.5	58407	2255	57279	598599	10.25
2010-2014	78	0.04400	0.04305	0.5	56152	2417	54943	541320	9.64
2010-2014	79	0.04947	0.04827	0.5	53735	2594	52438	486376	9.05
2010-2014	80	0.05279	0.05143	0.5	51141	2630	49826	433938	8.49
2010-2014	81	0.06009	0.05834	0.5	48511	2830	47095	384113	7.92
2010-2014	82	0.06833	0.06607	0.5	45680	3018	44171	337017	7.38
2010-2014	83	0.07760	0.07471	0.5	42662	3187	41069	292846	6.86
2010-2014	84	0.08802	0.08431	0.5	39475	3328	37811	251777	6.38
2010-2014	85	0.09968	0.09495	0.5	36147	3432	34431	213966	5.92
2010-2014	86	0.11269	0.10668	0.5	32715	3490	30970	179535	5.49
2010-2014	87	0.12716	0.11956	0.5	29225	3494	27478	148565	5.08
2010-2014	88	0.14319	0.13363	0.5	25731	3438	24012	121087	4.71
2010-2014	89	0.16087	0.14890	0.5	22293	3319	20633	97076	4.35
2010-2014	90	0.18028	0.16537	0.5	18973	3138	17404	76443	4.03
2010-2014	91	0.20146	0.18302	0.5	15836	2898	14387	59038	3.73
2010-2014	92	0.22444	0.20180	0.5	12937	2611	11632	44652	3.45
2010-2014	93	0.24924	0.22162	0.5	10327	2289	9182	33020	3.20
2010-2014	94	0.27580	0.24237	0.5	8038	1948	7064	23838	2.97
2010-2014	95	0.30404	0.26392	0.5	6090	1607	5286	16774	2.75
2010-2014	96	0.33384	0.28608	0.5	4483	1282	3841	11487	2.56
2010-2014	97	0.36503	0.30869	0.5	3200	988	2706	7646	2.39
2010-2014	98	0.39739	0.33152	0.5	2212	733	1846	4940	2.23
2010-2014	99	0.43068	0.35437	0.5	1479	524	1217	3094	2.09
2010-2014	100	0.46461	0.37702	0.5	955	360	775	1877	1.97
2010-2014	101	0.49886	0.39927	0.5	595	238	476	1102	1.85
2010-2014	102	0.53313	0.42093	0.5	357	150	282	626	1.75
2010-2014	103	0.56709	0.44182	0.5	207	91	161	344	1.66
2010-2014	104	0.60043	0.46179	0.5	116	53	89	183	1.58
2010-2014	105	0.63286	0.48074	0.5	62	30	47	94	1.51
2010-2014	106	0.66414	0.49858	0.5	32	16	24	47	1.45
2010-2014	107	0.69404	0.51524	0.5	16	8	12	23	1.40
2010-2014	108	0.72238	0.53070	0.5	8	4	6	11	1.35
2010-2014	109	0.74906	0.54496	0.5	4	2	3	5	1.32
2010-2014	110+	0.77397	1.00000	1.29	2	2	2	2	1.29
2015-2017	0	0.00606	0.00603	0.06	100000	603	99434	7489576	74.90
2015-2017	1	0.00056	0.00056	0.5	99397	56	99369	7390142	74.35
2015-2017	2	0.00030	0.00030	0.5	99341	30	99327	7290772	73.39
2015-2017	3	0.00015	0.00015	0.5	99312	15	99304	7191446	72.41
2015-2017	4	0.00015	0.00015	0.5	99297	14	99290	7092141	71.42
2015-2017	5	0.00012	0.00012	0.5	99283	12	99277	6992852	70.43
2015-2017	6	0.00012	0.00012	0.5	99271	12	99265	6893575	69.44
2015-2017	7	0.00026	0.00026	0.5	99259	25	99246	6794310	68.45
2015-2017	8	0.00016	0.00016	0.5	99233	16	99225	6695064	67.47
2015-2017	9	0.00011	0.00011	0.5	99217	11	99212	6595839	66.48
2015-2017	10	0.00018	0.00018	0.5	99206	18	99197	6496627	65.49
2015-2017	11	0.00016	0.00016	0.5	99188	16	99179	6397431	64.50
2015-2017	12	0.00014	0.00014	0.5	99171	14	99164	6298251	63.51
2015-2017	13	0.00028	0.00028	0.5	99157	28	99143	6199087	62.52
2015-2017	14	0.00043	0.00043	0.5	99129	42	99108	6099943	61.54
2015-2017	15	0.00063	0.00063	0.5	99087	63	99056	6000835	60.56
2015-2017	16	0.00056	0.00056	0.5	99024	55	98997	5901779	59.60
2015-2017	17	0.00095	0.00095	0.5	98969	94	98922	5802782	58.63
2015-2017	18	0.00092	0.00092	0.5	98875	91	98829	5703860	57.69
2015-2017	19	0.00130	0.00130	0.5	98784	129	98720	5605031	56.74
2015-2017	20	0.00174	0.00174	0.5	98655	171	98570	5506311	55.81
2015-2017	21	0.00162	0.00162	0.5	98484	160	98404	5407741	54.91
2015-2017	22	0.00202	0.00202	0.5	98325	199	98225	5309337	54.00
2015-2017	23	0.00190	0.00190	0.5	98126	186	98033	5211112	53.11
2015-2017	24	0.00217	0.00216	0.5	97940	212	97834	5113079	52.21
2015-2017	25	0.00200	0.00200	0.5	97728	195	97630	5015245	51.32
2015-2017	26	0.00207	0.00206	0.5	97532	201	97432	4917615	50.42
2015-2017	27	0.00249	0.00248	0.5	97331	242	97210	4820183	49.52
2015-2017	28	0.00211	0.00211	0.5	97089	205	96987	4722973	48.65
2015-2017	29	0.00255	0.00255	0.5	96885	247	96761	4625986	47.75
2015-2017	30	0.00321	0.00320	0.5	96638	310	96483	4529225	46.87
2015-2017	31	0.00284	0.00284	0.5	96328	273	96192	4432742	46.02
2015-2017	32	0.00335	0.00335	0.5	96055	322	95894	4336550	45.15
2015-2017	33	0.00315	0.00314	0.5	95733	301	95583	4240656	44.30
2015-2017	34	0.00350	0.00349	0.5	95432	333	95266	4145073	43.43
2015-2017	35	0.00302	0.00301	0.5	95099	287	94956	4049807	42.59
2015-2017	36	0.00394	0.00393	0.5	94813	372	94626	3954851	41.71
2015-2017	37	0.00333	0.00332	0.5	94440	314	94283	3860225	40.87
2015-2017	38	0.00378	0.00377	0.5	94126	355	93949	3765942	40.01
2015-2017	39	0.00396	0.00395	0.5	93771	370	93586	3671993	39.16
2015-2017	40	0.00337	0.00336	0.5	93401	314	93244	3578407	38.31
2015-2017	41	0.00387	0.00386	0.5	93087	360	92907	3485163	37.44
2015-2017	42	0.00436	0.00435	0.5	92727	403	92525	3392257	36.58
2015-2017	43	0.00456	0.00455	0.5	92324	420	92114	3299731	35.74
2015-2017	44	0.00460	0.00459	0.5	91904	422	91693	3207617	34.90
2015-2017	45	0.00434	0.00433	0.5	91482	397	91284	3115925	34.06
2015-2017	46	0.00579	0.00577	0.5	91085	526	90823	3024641	33.21
2015-2017	47	0.00548	0.00546	0.5	90560	495	90312	2933818	32.40
2015-2017	48	0.00705	0.00702	0.5	90065	632	89749	2843506	31.57
2015-2017	49	0.00674	0.00672	0.5	89432	601	89132	2753757	30.79
2015-2017	50	0.00708	0.00705	0.5	88832	626	88519	2664625	30.00
2015-2017	51	0.00711	0.00708	0.5	88205	625	87893	2576107	29.21
2015-2017	52	0.00751	0.00748	0.5	87581	655	87253	2488214	28.41
2015-2017	53	0.00823	0.00820	0.5	86925	713	86569	2400961	27.62
2015-2017	54	0.00879	0.00875	0.5	86212	754	85835	2314392	26.85
2015-2017	55	0.00902	0.00898	0.5	85458	767	85075	2228557	26.08
2015-2017	56	0.01021	0.01016	0.5	84691	860	84261	2143482	25.31
2015-2017	57	0.00989	0.00984	0.5	83831	825	83418	2059221	24.56
2015-2017	58	0.01017	0.01012	0.5	83006	840	82586	1975803	23.80
2015-2017	59	0.01148	0.01142	0.5	82166	938	81697	1893217	23.04
2015-2017	60	0.01249	0.01241	0.5	81228	1008	80724	1811520	22.30
2015-2017	61	0.01238	0.01230	0.5	80219	987	79726	1730797	21.58
2015-2017	62	0.01322	0.01313	0.5	79233	1041	78712	1651071	20.84
2015-2017	63	0.01487	0.01476	0.5	78192	1154	77615	1572358	20.11
2015-2017	64	0.01541	0.01529	0.5	77038	1178	76449	1494743	19.40
2015-2017	65	0.01669	0.01655	0.5	75860	1256	75232	1418294	18.70
2015-2017	66	0.01659	0.01645	0.5	74605	1227	73991	1343061	18.00
2015-2017	67	0.01661	0.01647	0.5	73377	1209	72773	1269071	17.30
2015-2017	68	0.01727	0.01712	0.5	72168	1236	71550	1196298	16.58
2015-2017	69	0.01867	0.01849	0.5	70933	1312	70277	1124747	15.86
2015-2017	70	0.02089	0.02067	0.5	69621	1439	68901	1054471	15.15
2015-2017	71	0.02273	0.02247	0.5	68182	1532	67416	985569	14.46
2015-2017	72	0.02620	0.02586	0.5	66650	1723	65788	918154	13.78
2015-2017	73	0.02879	0.02839	0.5	64926	1843	64005	852366	13.13
2015-2017	74	0.03193	0.03143	0.5	63083	1983	62092	788361	12.50
2015-2017	75	0.03183	0.03133	0.5	61100	1914	60143	726269	11.89
2015-2017	76	0.03543	0.03481	0.5	59186	2060	58156	666126	11.25
2015-2017	77	0.04236	0.04148	0.5	57126	2370	55941	607970	10.64
2015-2017	78	0.04361	0.04268	0.5	54756	2337	53588	552029	10.08
2015-2017	79	0.04601	0.04498	0.5	52419	2358	51241	498441	9.51
2015-2017	80	0.04957	0.04837	0.5	50062	2422	48851	447200	8.93
2015-2017	81	0.05612	0.05459	0.5	47640	2601	46340	398349	8.36
2015-2017	82	0.06348	0.06153	0.5	45040	2771	43654	352009	7.82
2015-2017	83	0.07173	0.06925	0.5	42268	2927	40805	308355	7.30
2015-2017	84	0.08096	0.07781	0.5	39341	3061	37811	267550	6.80
2015-2017	85	0.09126	0.08728	0.5	36280	3167	34697	229739	6.33
2015-2017	86	0.10273	0.09771	0.5	33114	3236	31496	195042	5.89
2015-2017	87	0.11545	0.10915	0.5	29878	3261	28247	163546	5.47
2015-2017	88	0.12953	0.12165	0.5	26617	3238	24998	135299	5.08
2015-2017	89	0.14503	0.13523	0.5	23379	3161	21798	110301	4.72
2015-2017	90	0.16205	0.14990	0.5	20217	3031	18702	88503	4.38
2015-2017	91	0.18064	0.16568	0.5	17187	2847	15763	69801	4.06
2015-2017	92	0.20085	0.18252	0.5	14339	2617	13031	54038	3.77
2015-2017	93	0.22271	0.20040	0.5	11722	2349	10548	41007	3.50
2015-2017	94	0.24622	0.21923	0.5	9373	2055	8346	30459	3.25
2015-2017	95	0.27134	0.23893	0.5	7318	1748	6444	22114	3.02
2015-2017	96	0.29801	0.25936	0.5	5570	1445	4847	15670	2.81
2015-2017	97	0.32613	0.28041	0.5	4125	1157	3547	10822	2.62
2015-2017	98	0.35556	0.30189	0.5	2968	896	2520	7276	2.45
2015-2017	99	0.38612	0.32364	0.5	2072	671	1737	4755	2.29
2015-2017	100	0.41761	0.34547	0.5	1402	484	1159	3018	2.15
2015-2017	101	0.44978	0.36720	0.5	917	337	749	1859	2.03
2015-2017	102	0.48238	0.38864	0.5	581	226	468	1110	1.91
2015-2017	103	0.51513	0.40962	0.5	355	145	282	642	1.81
2015-2017	104	0.54775	0.42999	0.5	210	90	164	360	1.72
2015-2017	105	0.57996	0.44959	0.5	119	54	93	195	1.64
2015-2017	106	0.61151	0.46832	0.5	66	31	50	103	1.56
2015-2017	107	0.64215	0.48608	0.5	35	17	26	52	1.50
2015-2017	108	0.67167	0.50281	0.5	18	9	13	26	1.45
2015-2017	109	0.69990	0.51846	0.5	9	5	7	13	1.40
2015-2017	110+	0.72668	1.00000	1.38	4	4	6	6	1.38
