NM: New Mexico, Lifetables (period 5x1), Males Last modified: 3 Dec 2019, MPv5 (May07) 

Year	Age	mx	qx	ax	lx	dx	Lx	Tx	ex
1959	0	0.04084	0.03948	0.15	100000	3948	96663	6629609	66.30
1959	1-4	0.00169	0.00673	1.63	96052	646	382675	6532946	68.01
1959	5-9	0.00046	0.00230	2.19	95406	220	476413	6150271	64.46
1959	10-14	0.00072	0.00362	2.29	95187	344	475001	5673857	59.61
1959	15-19	0.00192	0.00954	2.94	94842	905	472349	5198857	54.82
1959	20-24	0.00286	0.01420	2.61	93937	1334	466499	4726507	50.32
1959	25-29	0.00293	0.01453	2.19	92603	1345	459235	4260008	46.00
1959	30-34	0.00297	0.01476	2.41	91258	1347	452803	3800773	41.65
1959	35-39	0.00308	0.01530	2.54	89911	1375	446170	3347970	37.24
1959	40-44	0.00440	0.02174	2.47	88536	1924	437815	2901800	32.78
1959	45-49	0.00788	0.03871	2.74	86611	3353	425480	2463985	28.45
1959	50-54	0.01103	0.05375	2.61	83258	4475	405580	2038505	24.48
1959	55-59	0.01545	0.07455	2.65	78783	5873	380137	1632925	20.73
1959	60-64	0.02600	0.12191	2.45	72910	8889	341918	1252788	17.18
1959	65-69	0.03420	0.15833	2.66	64022	10136	296411	910870	14.23
1959	70-74	0.04617	0.20856	2.68	53885	11238	243399	614459	11.40
1959	75-79	0.07382	0.31223	2.53	42647	13316	180379	371060	8.70
1959	80-84	0.12208	0.46308	2.39	29331	13583	111263	190681	6.50
1959	85-89	0.17102	0.58406	2.29	15749	9198	53784	79419	5.04
1959	90-94	0.23393	0.70174	2.15	6550	4597	19649	25635	3.91
1959	95-99	0.31088	0.80254	1.99	1954	1568	5044	5985	3.06
1959	100-104	0.39966	0.87807	1.81	386	339	848	942	2.44
1959	105-109	0.49559	0.92799	1.63	47	44	88	94	2.00
1959	110+	0.57421	1.00000	1.74	3	3	6	6	1.74
1960	0	0.03939	0.03811	0.15	100000	3811	96763	6614850	66.15
1960	1-4	0.00208	0.00827	1.57	96189	795	382823	6518087	67.76
1960	5-9	0.00059	0.00296	2.19	95393	283	476173	6135264	64.32
1960	10-14	0.00083	0.00412	2.65	95111	392	474634	5659090	59.50
1960	15-19	0.00223	0.01111	2.88	94719	1053	471368	5184457	54.74
1960	20-24	0.00295	0.01464	2.48	93666	1371	464875	4713089	50.32
1960	25-29	0.00271	0.01346	2.48	92295	1242	458340	4248214	46.03
1960	30-34	0.00278	0.01380	2.61	91053	1256	452258	3789873	41.62
1960	35-39	0.00346	0.01718	2.75	89797	1543	445515	3337615	37.17
1960	40-44	0.00469	0.02322	2.76	88254	2049	436679	2892100	32.77
1960	45-49	0.00699	0.03440	2.7	86205	2965	424218	2455421	28.48
1960	50-54	0.01037	0.05066	2.77	83239	4217	406784	2031203	24.40
1960	55-59	0.01488	0.07194	2.71	79023	5685	382085	1624418	20.56
1960	60-64	0.02466	0.11659	2.66	73337	8550	346704	1242333	16.94
1960	65-69	0.03615	0.16650	2.63	64787	10787	298362	895630	13.82
1960	70-74	0.05497	0.24192	2.52	54000	13064	237666	597267	11.06
1960	75-79	0.07328	0.31042	2.54	40937	12708	173409	359601	8.78
1960	80-84	0.11916	0.45501	2.4	28229	12845	107796	186192	6.60
1960	85-89	0.16831	0.57830	2.3	15385	8897	52859	78396	5.10
1960	90-94	0.23197	0.69884	2.16	6488	4534	19545	25537	3.94
1960	95-99	0.31025	0.80211	1.99	1954	1567	5051	5992	3.07
1960	100-104	0.40087	0.87908	1.81	387	340	848	941	2.43
1960	105-109	0.49886	0.92943	1.62	47	43	87	93	1.98
1960	110+	0.57917	1.00000	1.73	3	3	6	6	1.73
1961	0	0.03332	0.03239	0.13	100000	3239	97197	6699239	66.99
1961	1-4	0.00158	0.00628	1.56	96761	608	385560	6602042	68.23
1961	5-9	0.00064	0.00321	2.04	96154	309	479856	6216482	64.65
1961	10-14	0.00083	0.00414	2.92	95845	397	478399	5736627	59.85
1961	15-19	0.00182	0.00907	3.13	95448	866	475618	5258228	55.09
1961	20-24	0.00243	0.01208	2.33	94582	1143	469863	4782610	50.57
1961	25-29	0.00284	0.01411	2.4	93439	1319	463772	4312747	46.16
1961	30-34	0.00276	0.01373	2.59	92121	1265	457557	3848975	41.78
1961	35-39	0.00384	0.01904	2.54	90856	1730	450018	3391418	37.33
1961	40-44	0.00492	0.02431	2.66	89125	2167	440566	2941401	33.00
1961	45-49	0.00657	0.03233	2.6	86959	2812	428032	2500835	28.76
1961	50-54	0.01059	0.05166	2.66	84147	4347	410562	2072803	24.63
1961	55-59	0.01564	0.07535	2.58	79800	6013	384426	1662241	20.83
1961	60-64	0.02278	0.10799	2.59	73788	7968	349719	1277815	17.32
1961	65-69	0.03512	0.16151	2.52	65820	10630	302717	928096	14.10
1961	70-74	0.04997	0.22274	2.57	55189	12293	246013	625379	11.33
1961	75-79	0.07586	0.31895	2.51	42896	13682	180356	379365	8.84
1961	80-84	0.11597	0.44547	2.4	29214	13014	112218	199009	6.81
1961	85-89	0.15959	0.55787	2.3	16200	9038	56630	86791	5.36
1961	90-94	0.21530	0.67004	2.18	7163	4799	22291	30162	4.21
1961	95-99	0.28353	0.77048	2.04	2363	1821	6422	7870	3.33
1961	100-104	0.36309	0.85049	1.88	542	461	1271	1448	2.67
1961	105-109	0.45085	0.90732	1.71	81	74	163	178	2.19
1961	110+	0.52325	1.00000	1.91	8	8	14	14	1.91
1962	0	0.03314	0.03222	0.13	100000	3222	97210	6704394	67.04
1962	1-4	0.00149	0.00594	1.6	96778	575	385731	6607185	68.27
1962	5-9	0.00042	0.00211	2.42	96203	203	480493	6221454	64.67
1962	10-14	0.00051	0.00254	3.2	96000	244	479562	5740961	59.80
1962	15-19	0.00223	0.01112	2.93	95756	1064	476579	5261399	54.95
1962	20-24	0.00252	0.01254	2.4	94692	1187	470377	4784821	50.53
1962	25-29	0.00224	0.01112	2.44	93504	1040	464864	4314444	46.14
1962	30-34	0.00244	0.01214	2.67	92465	1122	459709	3849580	41.63
1962	35-39	0.00405	0.02007	2.69	91342	1833	452479	3389871	37.11
1962	40-44	0.00441	0.02180	2.4	89509	1951	442477	2937392	32.82
1962	45-49	0.00706	0.03479	2.84	87558	3046	431213	2494915	28.49
1962	50-54	0.01068	0.05210	2.71	84512	4403	412456	2063702	24.42
1962	55-59	0.01569	0.07582	2.79	80108	6074	387115	1651246	20.61
1962	60-64	0.02282	0.10838	2.68	74035	8024	351560	1264131	17.07
1962	65-69	0.03289	0.15230	2.58	66011	10053	305707	912571	13.82
1962	70-74	0.05243	0.23274	2.59	55958	13023	248393	606864	10.85
1962	75-79	0.08329	0.34815	2.64	42934	14948	179455	358471	8.35
1962	80-84	0.12039	0.45950	2.43	27987	12860	106822	179016	6.40
1962	85-89	0.17967	0.60432	2.29	15127	9141	50879	72195	4.77
1962	90-94	0.25879	0.74099	2.12	5985	4435	17137	21316	3.56
1962	95-99	0.35689	0.84820	1.91	1550	1315	3684	4178	2.70
1962	100-104	0.46848	0.91798	1.69	235	216	461	494	2.10
1962	105-109	0.58377	0.95679	1.49	19	18	32	33	1.70
1962	110+	0.67520	1.00000	1.48	1	1	1	1	1.48
1963	0	0.03290	0.03199	0.13	100000	3199	97228	6661679	66.62
1963	1-4	0.00167	0.00664	1.56	96801	643	385640	6564451	67.81
1963	5-9	0.00053	0.00263	2.37	96159	253	480129	6178812	64.26
1963	10-14	0.00056	0.00280	2.93	95906	269	478971	5698683	59.42
1963	15-19	0.00191	0.00953	2.89	95637	911	476264	5219712	54.58
1963	20-24	0.00272	0.01351	2.3	94725	1280	470167	4743448	50.08
1963	25-29	0.00226	0.01122	2.43	93445	1049	464527	4273281	45.73
1963	30-34	0.00272	0.01353	2.84	92397	1250	459279	3808755	41.22
1963	35-39	0.00326	0.01616	2.5	91147	1473	452049	3349476	36.75
1963	40-44	0.00473	0.02338	2.51	89674	2097	443154	2897427	32.31
1963	45-49	0.00711	0.03494	2.56	87577	3060	430412	2454273	28.02
1963	50-54	0.01049	0.05115	2.59	84517	4323	412180	2023861	23.95
1963	55-59	0.01627	0.07832	2.64	80194	6281	386126	1611681	20.10
1963	60-64	0.02576	0.12108	2.52	73913	8949	347347	1225556	16.58
1963	65-69	0.03884	0.17760	2.59	64963	11537	297013	878208	13.52
1963	70-74	0.05309	0.23569	2.62	53426	12592	237185	581195	10.88
1963	75-79	0.08182	0.33994	2.51	40834	13881	169652	344010	8.42
1963	80-84	0.12553	0.47194	2.37	26953	12720	101334	174358	6.47
1963	85-89	0.16959	0.58002	2.28	14233	8255	48678	73024	5.13
1963	90-94	0.22486	0.68586	2.16	5978	4100	18233	24346	4.07
1963	95-99	0.29151	0.77960	2.02	1878	1464	5022	6113	3.26
1963	100-104	0.36829	0.85419	1.86	414	354	960	1092	2.64
1963	105-109	0.45233	0.90770	1.7	60	55	121	132	2.18
1963	110+	0.52141	1.00000	1.92	6	6	11	11	1.92
1964	0	0.03282	0.03191	0.13	100000	3191	97233	6658670	66.59
1964	1-4	0.00148	0.00590	1.51	96809	572	385810	6561437	67.78
1964	5-9	0.00060	0.00299	2.33	96237	287	480420	6175627	64.17
1964	10-14	0.00058	0.00292	2.87	95950	280	479153	5695207	59.36
1964	15-19	0.00176	0.00876	2.73	95670	838	476445	5216054	54.52
1964	20-24	0.00281	0.01394	2.28	94831	1322	470563	4739609	49.98
1964	25-29	0.00235	0.01169	2.2	93509	1093	464489	4269046	45.65
1964	30-34	0.00207	0.01029	2.32	92416	951	459529	3804557	41.17
1964	35-39	0.00390	0.01932	2.58	91465	1767	453048	3345028	36.57
1964	40-44	0.00504	0.02489	2.48	89697	2232	442852	2891980	32.24
1964	45-49	0.00693	0.03407	2.65	87465	2980	430313	2449128	28.00
1964	50-54	0.01142	0.05552	2.53	84485	4691	410820	2018815	23.90
1964	55-59	0.01667	0.08010	2.55	79794	6391	383341	1607995	20.15
1964	60-64	0.02580	0.12155	2.62	73403	8922	345751	1224654	16.68
1964	65-69	0.03693	0.16930	2.55	64481	10917	295629	878904	13.63
1964	70-74	0.05559	0.24583	2.65	53564	13168	236885	583274	10.89
1964	75-79	0.07778	0.32389	2.42	40396	13084	168206	346389	8.57
1964	80-84	0.11890	0.45482	2.42	27313	12422	104472	178183	6.52
1964	85-89	0.17290	0.58912	2.3	14890	8772	50736	73711	4.95
1964	90-94	0.24402	0.71857	2.14	6118	4396	18016	22975	3.76
1964	95-99	0.33207	0.82515	1.95	1722	1421	4279	4959	2.88
1964	100-104	0.43339	0.89963	1.75	301	271	625	680	2.26
1964	105-109	0.54082	0.94460	1.56	30	29	53	55	1.83
1964	110+	0.62779	1.00000	1.59	2	2	3	3	1.59
1965	0	0.03096	0.03014	0.13	100000	3014	97372	6673464	66.73
1965	1-4	0.00122	0.00485	1.51	96986	470	386772	6576092	67.80
1965	5-9	0.00058	0.00288	2.12	96516	278	481779	6189320	64.13
1965	10-14	0.00061	0.00304	3.04	96238	293	480614	5707542	59.31
1965	15-19	0.00167	0.00834	2.89	95945	800	478034	5226928	54.48
1965	20-24	0.00341	0.01691	2.47	95145	1609	471655	4748894	49.91
1965	25-29	0.00273	0.01356	2.44	93536	1269	464428	4277238	45.73
1965	30-34	0.00324	0.01605	2.55	92267	1481	457703	3812810	41.32
1965	35-39	0.00332	0.01646	2.68	90786	1494	450459	3355107	36.96
1965	40-44	0.00472	0.02335	2.82	89291	2085	441902	2904648	32.53
1965	45-49	0.00704	0.03465	2.69	87206	3022	429065	2462746	28.24
1965	50-54	0.01140	0.05559	2.78	84185	4680	410516	2033681	24.16
1965	55-59	0.01622	0.07822	2.72	79505	6219	383346	1623165	20.42
1965	60-64	0.02520	0.11872	2.57	73286	8700	345300	1239819	16.92
1965	65-69	0.03498	0.16138	2.61	64585	10423	297993	894519	13.85
1965	70-74	0.05203	0.22903	2.39	54163	12405	238401	596526	11.01
1965	75-79	0.07657	0.31991	2.43	41758	13359	174468	358125	8.58
1965	80-84	0.11772	0.45213	2.44	28399	12840	109078	183656	6.47
1965	85-89	0.17801	0.60115	2.3	15559	9353	52544	74578	4.79
1965	90-94	0.25926	0.74204	2.12	6206	4605	17762	22035	3.55
1965	95-99	0.36055	0.85161	1.9	1601	1363	3781	4272	2.67
1965	100-104	0.47582	0.92154	1.68	238	219	460	491	2.07
1965	105-109	0.59426	0.95941	1.47	19	18	30	31	1.67
1965	110+	0.68758	1.00000	1.45	1	1	1	1	1.45
1966	0	0.02904	0.02832	0.12	100000	2832	97516	6668284	66.68
1966	1-4	0.00137	0.00545	1.47	97168	530	387334	6570768	67.62
1966	5-9	0.00044	0.00220	2.23	96639	213	482604	6183434	63.98
1966	10-14	0.00064	0.00318	2.38	96426	307	481327	5700830	59.12
1966	15-19	0.00224	0.01114	2.97	96119	1070	478423	5219504	54.30
1966	20-24	0.00297	0.01471	2.33	95049	1399	471513	4741081	49.88
1966	25-29	0.00261	0.01297	2.43	93650	1214	465126	4269568	45.59
1966	30-34	0.00298	0.01477	2.51	92436	1366	458782	3804442	41.16
1966	35-39	0.00334	0.01658	2.58	91070	1510	451694	3345661	36.74
1966	40-44	0.00483	0.02388	2.78	89561	2139	443062	2893967	32.31
1966	45-49	0.00701	0.03450	2.61	87422	3016	429901	2450905	28.04
1966	50-54	0.01047	0.05109	2.68	84406	4312	412033	2021004	23.94
1966	55-59	0.01625	0.07837	2.74	80094	6277	386284	1608971	20.09
1966	60-64	0.02532	0.11939	2.61	73816	8813	348037	1222687	16.56
1966	65-69	0.03637	0.16678	2.52	65004	10841	298103	874650	13.46
1966	70-74	0.05671	0.25019	2.65	54162	13551	238950	576547	10.64
1966	75-79	0.08485	0.34945	2.48	40611	14192	167247	337598	8.31
1966	80-84	0.12422	0.46882	2.39	26420	12386	99711	170350	6.45
1966	85-89	0.17208	0.58611	2.28	14034	8225	47798	70639	5.03
1966	90-94	0.23311	0.70009	2.15	5808	4066	17444	22841	3.93
1966	95-99	0.30735	0.79838	1.99	1742	1391	4525	5397	3.10
1966	100-104	0.39286	0.87313	1.82	351	307	781	871	2.48
1966	105-109	0.48549	0.92362	1.65	45	41	85	91	2.04
1966	110+	0.56149	1.00000	1.78	3	3	6	6	1.78
1967	0	0.02715	0.02651	0.12	100000	2651	97661	6681080	66.81
1967	1-4	0.00132	0.00527	1.55	97349	513	388139	6583419	67.63
1967	5-9	0.00064	0.00320	2.42	96836	310	483382	6195280	63.98
1967	10-14	0.00064	0.00319	3.18	96526	308	482072	5711898	59.17
1967	15-19	0.00222	0.01103	2.86	96218	1062	478816	5229826	54.35
1967	20-24	0.00246	0.01223	2.07	95157	1164	472369	4751010	49.93
1967	25-29	0.00297	0.01474	2.68	93992	1386	466746	4278641	45.52
1967	30-34	0.00276	0.01372	2.76	92607	1270	460189	3811894	41.16
1967	35-39	0.00383	0.01897	2.62	91337	1732	452560	3351705	36.70
1967	40-44	0.00434	0.02148	2.76	89604	1925	443711	2899146	32.35
1967	45-49	0.00707	0.03478	2.62	87680	3049	431143	2455434	28.00
1967	50-54	0.01083	0.05282	2.64	84630	4470	412590	2024291	23.92
1967	55-59	0.01683	0.08101	2.69	80160	6493	385793	1611701	20.11
1967	60-64	0.02487	0.11750	2.65	73667	8656	347983	1225908	16.64
1967	65-69	0.03883	0.17719	2.54	65011	11519	296697	877925	13.50
1967	70-74	0.05758	0.25192	2.52	53492	13476	234025	581227	10.87
1967	75-79	0.08110	0.33537	2.42	40016	13420	165480	347202	8.68
1967	80-84	0.11263	0.43646	2.42	26596	11608	103059	181722	6.83
1967	85-89	0.16133	0.56283	2.31	14988	8435	52287	78663	5.25
1967	90-94	0.22526	0.68823	2.17	6552	4509	20019	26376	4.03
1967	95-99	0.30479	0.79656	2	2043	1627	5339	6357	3.11
1967	100-104	0.39765	0.87725	1.82	416	365	917	1018	2.45
1967	105-109	0.49854	0.92954	1.63	51	47	95	101	1.99
1967	110+	0.58139	1.00000	1.72	4	4	6	6	1.72
1968	0	0.02821	0.02753	0.12	100000	2753	97580	6642450	66.42
1968	1-4	0.00108	0.00432	1.58	97247	420	387973	6544870	67.30
1968	5-9	0.00029	0.00147	2.27	96827	142	483747	6156897	63.59
1968	10-14	0.00069	0.00346	3.06	96685	335	482772	5673149	58.68
1968	15-19	0.00280	0.01394	2.91	96350	1343	478939	5190377	53.87
1968	20-24	0.00324	0.01608	2.5	95007	1528	471211	4711438	49.59
1968	25-29	0.00293	0.01454	2.19	93479	1359	463575	4240226	45.36
1968	30-34	0.00298	0.01479	2.67	92120	1363	457419	3776652	41.00
1968	35-39	0.00405	0.02005	2.66	90757	1819	449529	3319233	36.57
1968	40-44	0.00513	0.02535	2.59	88938	2255	439245	2869704	32.27
1968	45-49	0.00776	0.03809	2.67	86683	3302	425707	2430459	28.04
1968	50-54	0.01151	0.05601	2.59	83381	4671	405657	2004752	24.04
1968	55-59	0.01666	0.07994	2.47	78711	6292	377631	1599095	20.32
1968	60-64	0.02434	0.11503	2.62	72419	8331	342294	1221463	16.87
1968	65-69	0.03427	0.15796	2.53	64088	10123	295411	879169	13.72
1968	70-74	0.05704	0.24953	2.49	53965	13466	236061	583759	10.82
1968	75-79	0.08512	0.34737	2.35	40499	14068	165284	347697	8.59
1968	80-84	0.10706	0.42085	2.46	26431	11124	103896	182413	6.90
1968	85-89	0.16279	0.56761	2.33	15307	8689	53373	78517	5.13
1968	90-94	0.23896	0.71211	2.16	6619	4713	19724	25144	3.80
1968	95-99	0.33566	0.82983	1.95	1905	1581	4711	5420	2.84
1968	100-104	0.44810	0.90846	1.73	324	295	657	709	2.19
1968	105-109	0.56650	0.95259	1.52	30	28	50	52	1.75
1968	110+	0.66128	1.00000	1.51	1	1	2	2	1.51
1969	0	0.02987	0.02911	0.13	100000	2911	97453	6654401	66.54
1969	1-4	0.00122	0.00487	1.48	97089	472	387166	6556948	67.54
1969	5-9	0.00048	0.00240	2.38	96617	232	482476	6169781	63.86
1969	10-14	0.00054	0.00271	3.28	96385	261	481475	5687305	59.01
1969	15-19	0.00272	0.01350	2.98	96124	1298	477998	5205830	54.16
1969	20-24	0.00352	0.01743	2.56	94826	1653	470099	4727832	49.86
1969	25-29	0.00333	0.01651	2.65	93173	1539	462249	4257733	45.70
1969	30-34	0.00329	0.01632	2.3	91634	1496	454132	3795484	41.42
1969	35-39	0.00431	0.02134	2.53	90138	1924	445947	3341352	37.07
1969	40-44	0.00536	0.02645	2.67	88215	2333	435633	2895405	32.82
1969	45-49	0.00666	0.03277	2.59	85882	2815	422613	2459772	28.64
1969	50-54	0.01196	0.05815	2.6	83067	4830	403764	2037159	24.52
1969	55-59	0.01521	0.07348	2.69	78237	5749	377893	1633395	20.88
1969	60-64	0.02450	0.11610	2.75	72488	8416	343512	1255502	17.32
1969	65-69	0.03362	0.15545	2.58	64072	9960	296249	911990	14.23
1969	70-74	0.05040	0.22568	2.69	54112	12212	242307	615741	11.38
1969	75-79	0.07359	0.30918	2.42	41900	12955	176040	373434	8.91
1969	80-84	0.11190	0.43455	2.43	28945	12578	112407	197394	6.82
1969	85-89	0.16269	0.56630	2.32	16367	9269	56973	84988	5.19
1969	90-94	0.23001	0.69650	2.17	7099	4944	21495	28015	3.95
1969	95-99	0.31414	0.80710	1.99	2154	1739	5535	6519	3.03
1969	100-104	0.41223	0.88711	1.79	416	369	894	984	2.37
1969	105-109	0.51793	0.93701	1.59	47	44	85	90	1.91
1969	110+	0.60427	1.00000	1.65	3	3	5	5	1.65
1970	0	0.02546	0.02490	0.11	100000	2490	97792	6676170	66.76
1970	1-4	0.00125	0.00500	1.48	97510	488	388813	6578378	67.46
1970	5-9	0.00049	0.00244	2.74	97022	237	484575	6189565	63.80
1970	10-14	0.00073	0.00366	3.43	96786	354	483372	5704990	58.94
1970	15-19	0.00189	0.00941	2.99	96431	908	480330	5221618	54.15
1970	20-24	0.00360	0.01784	2.38	95524	1705	473160	4741288	49.63
1970	25-29	0.00335	0.01661	2.42	93819	1558	465081	4268129	45.49
1970	30-34	0.00352	0.01743	2.59	92261	1608	457433	3803047	41.22
1970	35-39	0.00361	0.01788	2.37	90652	1621	448999	3345614	36.91
1970	40-44	0.00509	0.02520	2.88	89031	2243	440407	2896615	32.53
1970	45-49	0.00826	0.04046	2.52	86788	3511	425232	2456208	28.30
1970	50-54	0.00966	0.04723	2.67	83277	3933	407206	2030976	24.39
1970	55-59	0.01610	0.07767	2.72	79344	6163	382670	1623770	20.46
1970	60-64	0.02496	0.11806	2.71	73181	8640	346121	1241100	16.96
1970	65-69	0.03426	0.15764	2.47	64541	10175	296996	894979	13.87
1970	70-74	0.05460	0.24006	2.49	54367	13051	239037	597983	11.00
1970	75-79	0.08529	0.35063	2.46	41315	14487	169843	358946	8.69
1970	80-84	0.10644	0.41838	2.44	26829	11225	105454	189103	7.05
1970	85-89	0.15577	0.55032	2.33	15604	8587	55129	83649	5.36
1970	90-94	0.22172	0.68288	2.19	7017	4792	21611	28521	4.06
1970	95-99	0.30491	0.79731	2.01	2225	1774	5819	6910	3.11
1970	100-104	0.40275	0.88118	1.81	451	397	987	1091	2.42
1970	105-109	0.50907	0.93391	1.61	54	50	98	104	1.95
1970	110+	0.59625	1.00000	1.68	4	4	6	6	1.68
1971	0	0.02411	0.02360	0.11	100000	2360	97899	6690454	66.90
1971	1-4	0.00127	0.00507	1.59	97640	495	389368	6592555	67.52
1971	5-9	0.00050	0.00249	2.32	97145	242	485075	6203187	63.85
1971	10-14	0.00070	0.00350	2.84	96903	339	483784	5718113	59.01
1971	15-19	0.00249	0.01239	2.97	96564	1196	480393	5234329	54.21
1971	20-24	0.00322	0.01598	2.66	95368	1524	473278	4753937	49.85
1971	25-29	0.00290	0.01442	2.54	93844	1353	465890	4280658	45.61
1971	30-34	0.00353	0.01750	2.42	92491	1619	458276	3814769	41.24
1971	35-39	0.00424	0.02095	2.46	90872	1904	449527	3356493	36.94
1971	40-44	0.00542	0.02679	2.85	88968	2384	439713	2906965	32.67
1971	45-49	0.00676	0.03328	2.64	86584	2882	426130	2467252	28.50
1971	50-54	0.01152	0.05604	2.6	83703	4690	407248	2041122	24.39
1971	55-59	0.01507	0.07263	2.52	79012	5739	380839	1633874	20.68
1971	60-64	0.02371	0.11218	2.61	73273	8219	346732	1253036	17.10
1971	65-69	0.03394	0.15608	2.43	65054	10154	299156	906303	13.93
1971	70-74	0.05361	0.23628	2.49	54900	12972	241953	607147	11.06
1971	75-79	0.07939	0.33070	2.48	41928	13866	174648	365195	8.71
1971	80-84	0.11169	0.43414	2.44	28062	12183	109081	190547	6.79
1971	85-89	0.16449	0.57073	2.32	15879	9063	55096	81466	5.13
1971	90-94	0.23503	0.70497	2.16	6817	4805	20446	26370	3.87
1971	95-99	0.32346	0.81706	1.97	2011	1643	5080	5924	2.95
1971	100-104	0.42627	0.89586	1.76	368	330	773	844	2.29
1971	105-109	0.53607	0.94328	1.56	38	36	67	71	1.85
1971	110+	0.62520	1.00000	1.6	2	2	3	3	1.60
1972	0	0.02019	0.01983	0.1	100000	1983	98214	6708895	67.09
1972	1-4	0.00078	0.00309	1.74	98017	303	391384	6610681	67.44
1972	5-9	0.00045	0.00227	2.57	97714	221	488032	6219297	63.65
1972	10-14	0.00082	0.00411	2.51	97493	401	486466	5731265	58.79
1972	15-19	0.00217	0.01079	3.07	97092	1048	483436	5244799	54.02
1972	20-24	0.00295	0.01465	2.62	96044	1407	476873	4761363	49.57
1972	25-29	0.00308	0.01528	2.79	94637	1446	469987	4284490	45.27
1972	30-34	0.00358	0.01775	2.78	93191	1654	462282	3814503	40.93
1972	35-39	0.00486	0.02398	2.29	91537	2195	451741	3352221	36.62
1972	40-44	0.00546	0.02690	2.42	89342	2403	440506	2900480	32.46
1972	45-49	0.00672	0.03311	2.76	86939	2879	428260	2459974	28.30
1972	50-54	0.01036	0.05045	2.43	84060	4240	409386	2031715	24.17
1972	55-59	0.01622	0.07818	2.69	79820	6240	384664	1622328	20.32
1972	60-64	0.02801	0.13113	2.57	73580	9649	344483	1237665	16.82
1972	65-69	0.03252	0.15070	2.57	63931	9634	296243	893182	13.97
1972	70-74	0.05011	0.22354	2.59	54296	12137	242234	596939	10.99
1972	75-79	0.07393	0.31033	2.41	42159	13083	176965	354704	8.41
1972	80-84	0.13619	0.49553	2.25	29076	14408	105796	177739	6.11
1972	85-89	0.17744	0.59774	2.27	14668	8768	49412	71943	4.90
1972	90-94	0.24108	0.71274	2.13	5900	4205	17444	22531	3.82
1972	95-99	0.31831	0.81016	1.97	1695	1373	4314	5087	3.00
1972	100-104	0.40677	0.88259	1.79	322	284	698	773	2.40
1972	105-109	0.50178	0.93031	1.62	38	35	70	75	1.97
1972	110+	0.57946	1.00000	1.73	3	3	5	5	1.73
1973	0	0.02339	0.02292	0.11	100000	2292	97955	6633768	66.34
1973	1-4	0.00117	0.00467	1.52	97708	456	389702	6535812	66.89
1973	5-9	0.00061	0.00306	2.49	97252	298	485515	6146110	63.20
1973	10-14	0.00081	0.00406	2.92	96955	394	483954	5660595	58.38
1973	15-19	0.00238	0.01182	2.85	96561	1142	480352	5176640	53.61
1973	20-24	0.00415	0.02052	2.56	95420	1958	472329	4696288	49.22
1973	25-29	0.00356	0.01763	2.46	93461	1648	463116	4223959	45.19
1973	30-34	0.00395	0.01953	2.41	91813	1793	454427	3760843	40.96
1973	35-39	0.00468	0.02313	2.62	90020	2082	445147	3306416	36.73
1973	40-44	0.00523	0.02579	2.48	87939	2268	433983	2861268	32.54
1973	45-49	0.00798	0.03913	2.56	85670	3352	420164	2427285	28.33
1973	50-54	0.01193	0.05794	2.55	82318	4770	399896	2007122	24.38
1973	55-59	0.01607	0.07749	2.7	77548	6009	373895	1607226	20.73
1973	60-64	0.02288	0.10844	2.6	71539	7758	339106	1233331	17.24
1973	65-69	0.03465	0.15998	2.6	63781	10204	294450	894225	14.02
1973	70-74	0.05166	0.22894	2.52	53578	12266	237446	599775	11.19
1973	75-79	0.08053	0.33603	2.54	41312	13882	172386	362329	8.77
1973	80-84	0.10492	0.41472	2.48	27430	11376	108425	189944	6.92
1973	85-89	0.16363	0.57014	2.34	16054	9153	55938	81518	5.08
1973	90-94	0.24522	0.72248	2.16	6901	4986	20332	25580	3.71
1973	95-99	0.34951	0.84310	1.93	1915	1615	4620	5248	2.74
1973	100-104	0.47023	0.91963	1.69	301	276	588	628	2.09
1973	105-109	0.59515	0.95994	1.47	24	23	39	40	1.67
1973	110+	0.69341	1.00000	1.44	1	1	1	1	1.44
1974	0	0.02155	0.02115	0.1	100000	2115	98103	6775009	67.75
1974	1-4	0.00119	0.00473	1.44	97885	463	390358	6676906	68.21
1974	5-9	0.00052	0.00258	2.52	97422	251	486487	6286548	64.53
1974	10-14	0.00082	0.00410	3.22	97171	399	485142	5800061	59.69
1974	15-19	0.00248	0.01232	2.83	96772	1192	481276	5314919	54.92
1974	20-24	0.00351	0.01740	2.48	95580	1663	473700	4833643	50.57
1974	25-29	0.00299	0.01482	2.23	93916	1392	465724	4359944	46.42
1974	30-34	0.00314	0.01561	2.65	92524	1444	459229	3894220	42.09
1974	35-39	0.00482	0.02382	2.67	91080	2169	450351	3434991	37.71
1974	40-44	0.00456	0.02256	2.63	88911	2006	439800	2984640	33.57
1974	45-49	0.00684	0.03369	2.73	86905	2928	427883	2544840	29.28
1974	50-54	0.01081	0.05271	2.63	83977	4427	409415	2116957	25.21
1974	55-59	0.01460	0.07069	2.75	79550	5624	385120	1707542	21.46
1974	60-64	0.02255	0.10709	2.65	73927	7917	351042	1322421	17.89
1974	65-69	0.03015	0.14034	2.54	66010	9264	307266	971380	14.72
1974	70-74	0.04985	0.22277	2.62	56747	12642	253610	664114	11.70
1974	75-79	0.07198	0.30378	2.43	44105	13398	186143	410504	9.31
1974	80-84	0.10219	0.40522	2.45	30707	12443	121757	224361	7.31
1974	85-89	0.14739	0.52975	2.35	18264	9675	65642	102604	5.62
1974	90-94	0.20751	0.65742	2.21	8589	5646	27210	36962	4.30
1974	95-99	0.28347	0.77179	2.05	2942	2271	8011	9752	3.31
1974	100-104	0.37370	0.86013	1.86	671	578	1545	1741	2.59
1974	105-109	0.47360	0.91917	1.67	94	86	182	196	2.09
1974	110+	0.55630	1.00000	1.8	8	8	14	14	1.80
1975	0	0.01836	0.01806	0.09	100000	1806	98365	6836328	68.36
1975	1-4	0.00084	0.00334	1.87	98194	328	392080	6737964	68.62
1975	5-9	0.00042	0.00211	2.64	97866	207	488844	6345883	64.84
1975	10-14	0.00061	0.00304	2.73	97660	297	487625	5857039	59.97
1975	15-19	0.00227	0.01130	2.88	97363	1100	484484	5369414	55.15
1975	20-24	0.00281	0.01395	2.56	96263	1343	478041	4884930	50.75
1975	25-29	0.00282	0.01400	2.34	94920	1329	471062	4406889	46.43
1975	30-34	0.00367	0.01817	2.57	93592	1701	463823	3935827	42.05
1975	35-39	0.00482	0.02378	2.4	91891	2185	453761	3472004	37.78
1975	40-44	0.00505	0.02493	2.4	89705	2236	442701	3018243	33.65
1975	45-49	0.00689	0.03389	2.65	87469	2964	430366	2575542	29.45
1975	50-54	0.00869	0.04255	2.61	84505	3596	413936	2145177	25.39
1975	55-59	0.01421	0.06874	2.63	80909	5562	391350	1731241	21.40
1975	60-64	0.02218	0.10558	2.72	75347	7955	358600	1339891	17.78
1975	65-69	0.03286	0.15174	2.48	67392	10226	311177	981291	14.56
1975	70-74	0.05087	0.22598	2.53	57166	12918	253946	670114	11.72
1975	75-79	0.07319	0.31013	2.54	44248	13722	187496	416168	9.41
1975	80-84	0.09418	0.38090	2.49	30525	11627	123456	228672	7.49
1975	85-89	0.14528	0.52589	2.38	18898	9938	68411	105217	5.57
1975	90-94	0.21669	0.67569	2.21	8960	6054	27938	36806	4.11
1975	95-99	0.30960	0.80396	2.01	2906	2336	7546	8868	3.05
1975	100-104	0.42042	0.89347	1.78	570	509	1211	1322	2.32
1975	105-109	0.54013	0.94520	1.56	61	57	106	111	1.84
1975	110+	0.63736	1.00000	1.57	3	3	5	5	1.57
1976	0	0.01873	0.01842	0.1	100000	1842	98333	6862466	68.62
1976	1-4	0.00106	0.00421	1.4	98158	414	391557	6764132	68.91
1976	5-9	0.00049	0.00244	2.32	97744	238	488083	6372575	65.20
1976	10-14	0.00054	0.00269	2.68	97506	262	486922	5884492	60.35
1976	15-19	0.00224	0.01113	2.52	97244	1082	483533	5397570	55.51
1976	20-24	0.00341	0.01691	2.64	96162	1626	476978	4914037	51.10
1976	25-29	0.00344	0.01707	2.63	94536	1614	468857	4437059	46.94
1976	30-34	0.00308	0.01528	2.69	92922	1420	461326	3968202	42.70
1976	35-39	0.00403	0.01998	2.65	91503	1828	453212	3506876	38.33
1976	40-44	0.00425	0.02106	2.86	89674	1889	444337	3053664	34.05
1976	45-49	0.00607	0.02990	2.52	87786	2625	432420	2609327	29.72
1976	50-54	0.00892	0.04365	2.56	85161	3717	416754	2176907	25.56
1976	55-59	0.01360	0.06590	2.65	81444	5367	394592	1760154	21.61
1976	60-64	0.02108	0.10046	2.67	76077	7643	362556	1365562	17.95
1976	65-69	0.02889	0.13559	2.74	68434	9279	321187	1003005	14.66
1976	70-74	0.04923	0.21928	2.51	59155	12972	263470	681818	11.53
1976	75-79	0.07646	0.31998	2.45	46183	14778	193261	418348	9.06
1976	80-84	0.10283	0.40762	2.46	31406	12802	124494	225087	7.17
1976	85-89	0.15306	0.54424	2.35	18604	10125	66150	100593	5.41
1976	90-94	0.22116	0.68241	2.19	8479	5786	26162	34442	4.06
1976	95-99	0.30785	0.80104	2.01	2693	2157	7007	8280	3.07
1976	100-104	0.41018	0.88637	1.8	536	475	1158	1274	2.38
1976	105-109	0.52105	0.93846	1.59	61	57	110	116	1.90
1976	110+	0.61169	1.00000	1.63	4	4	6	6	1.63
1977	0	0.01725	0.01699	0.09	100000	1699	98456	6929001	69.29
1977	1-4	0.00092	0.00368	1.59	98301	362	392332	6830544	69.49
1977	5-9	0.00045	0.00223	1.94	97940	218	489031	6438212	65.74
1977	10-14	0.00048	0.00238	2.33	97721	232	487986	5949182	60.88
1977	15-19	0.00259	0.01287	2.92	97489	1255	484832	5461195	56.02
1977	20-24	0.00302	0.01497	2.51	96234	1441	477581	4976363	51.71
1977	25-29	0.00275	0.01364	2.44	94793	1293	470653	4498783	47.46
1977	30-34	0.00281	0.01397	2.68	93501	1306	464466	4028129	43.08
1977	35-39	0.00342	0.01695	2.68	92194	1563	457337	3563663	38.65
1977	40-44	0.00518	0.02556	2.58	90631	2316	447542	3106326	34.27
1977	45-49	0.00655	0.03230	2.79	88315	2852	435268	2658783	30.11
1977	50-54	0.00932	0.04556	2.62	85463	3894	418036	2223516	26.02
1977	55-59	0.01338	0.06485	2.63	81569	5290	395290	1805480	22.13
1977	60-64	0.02005	0.09568	2.61	76279	7298	363978	1410190	18.49
1977	65-69	0.03186	0.14833	2.68	68981	10232	321151	1046212	15.17
1977	70-74	0.04359	0.19694	2.56	58749	11570	265459	725061	12.34
1977	75-79	0.06472	0.27850	2.5	47179	13139	203033	459602	9.74
1977	80-84	0.09813	0.39251	2.45	34039	13361	136158	256570	7.54
1977	85-89	0.14090	0.51339	2.36	20679	10616	75343	120412	5.82
1977	90-94	0.19783	0.63919	2.23	10062	6432	32511	45069	4.48
1977	95-99	0.27004	0.75446	2.08	3631	2739	10144	12558	3.46
1977	100-104	0.35645	0.84612	1.9	891	754	2116	2415	2.71
1977	105-109	0.45322	0.90939	1.71	137	125	275	299	2.18
1977	110+	0.53366	1.00000	1.87	12	12	23	23	1.87
1978	0	0.01695	0.01669	0.09	100000	1669	98482	6923851	69.24
1978	1-4	0.00110	0.00439	1.48	98331	431	392238	6825369	69.41
1978	5-9	0.00036	0.00179	2.37	97900	175	489038	6433131	65.71
1978	10-14	0.00046	0.00230	2.83	97724	224	488136	5944094	60.83
1978	15-19	0.00212	0.01057	3	97500	1031	485442	5455958	55.96
1978	20-24	0.00353	0.01751	2.53	96469	1689	478171	4970516	51.52
1978	25-29	0.00296	0.01468	2.51	94780	1391	470433	4492344	47.40
1978	30-34	0.00323	0.01604	2.37	93389	1498	463000	4021911	43.07
1978	35-39	0.00366	0.01812	2.43	91891	1665	455177	3558911	38.73
1978	40-44	0.00495	0.02446	2.69	90226	2207	446041	3103734	34.40
1978	45-49	0.00585	0.02889	2.73	88019	2542	434313	2657694	30.19
1978	50-54	0.00969	0.04732	2.58	85476	4045	417610	2223381	26.01
1978	55-59	0.01349	0.06531	2.58	81432	5318	394308	1805771	22.18
1978	60-64	0.02059	0.09794	2.52	76113	7454	362059	1411463	18.54
1978	65-69	0.02784	0.13033	2.56	68659	8949	321427	1049404	15.28
1978	70-74	0.04395	0.19805	2.51	59710	11825	269071	727977	12.19
1978	75-79	0.06710	0.28759	2.52	47885	13771	205230	458906	9.58
1978	80-84	0.10095	0.40111	2.44	34113	13683	135552	253676	7.44
1978	85-89	0.14304	0.51853	2.35	20430	10594	74060	118124	5.78
1978	90-94	0.19845	0.64003	2.23	9836	6296	31723	44064	4.48
1978	95-99	0.26816	0.75159	2.08	3541	2661	9924	12341	3.49
1978	100-104	0.35125	0.84131	1.9	880	740	2107	2417	2.75
1978	105-109	0.44430	0.90452	1.72	140	126	284	310	2.22
1978	110+	0.52160	1.00000	1.92	13	13	26	26	1.92
1979	0	0.01660	0.01635	0.09	100000	1635	98511	6930117	69.30
1979	1-4	0.00119	0.00474	1.79	98365	466	392432	6831605	69.45
1979	5-9	0.00045	0.00224	2.4	97899	219	488926	6439174	65.77
1979	10-14	0.00051	0.00254	2.97	97680	248	487898	5950247	60.92
1979	15-19	0.00243	0.01207	2.84	97432	1176	484627	5462349	56.06
1979	20-24	0.00363	0.01800	2.41	96256	1732	476789	4977722	51.71
1979	25-29	0.00327	0.01623	2.38	94524	1534	468604	4500933	47.62
1979	30-34	0.00281	0.01393	2.34	92990	1296	461504	4032329	43.36
1979	35-39	0.00364	0.01800	2.25	91694	1650	453935	3570825	38.94
1979	40-44	0.00388	0.01922	2.45	90044	1731	445811	3116890	34.62
1979	45-49	0.00595	0.02934	2.65	88313	2591	435467	2671078	30.25
1979	50-54	0.00842	0.04134	2.78	85722	3544	420755	2235612	26.08
1979	55-59	0.01417	0.06867	2.76	82178	5643	398271	1814857	22.08
1979	60-64	0.02158	0.10265	2.62	76535	7856	364007	1416586	18.51
1979	65-69	0.02898	0.13535	2.57	68679	9296	320776	1052579	15.33
1979	70-74	0.04305	0.19535	2.63	59383	11600	269453	731803	12.32
1979	75-79	0.06438	0.27587	2.41	47783	13182	204747	462350	9.68
1979	80-84	0.09366	0.37951	2.5	34601	13131	140197	257603	7.45
1979	85-89	0.14765	0.53228	2.38	21469	11428	77395	117406	5.47
1979	90-94	0.22414	0.68910	2.21	10042	6920	30872	40011	3.98
1979	95-99	0.32413	0.81968	1.99	3122	2559	7895	9139	2.93
1979	100-104	0.44276	0.90644	1.74	563	510	1153	1244	2.21
1979	105-109	0.56875	0.95362	1.52	53	50	88	92	1.75
1979	110+	0.66952	1.00000	1.49	2	2	4	4	1.49
1980	0	0.01309	0.01293	0.08	100000	1293	98810	6964308	69.64
1980	1-4	0.00082	0.00327	1.53	98707	323	394029	6865497	69.55
1980	5-9	0.00033	0.00163	2.12	98384	160	491458	6471468	65.78
1980	10-14	0.00051	0.00256	2.86	98223	251	490580	5980011	60.88
1980	15-19	0.00215	0.01068	2.92	97972	1046	487689	5489431	56.03
1980	20-24	0.00385	0.01906	2.45	96926	1848	479919	5001742	51.60
1980	25-29	0.00356	0.01761	2.27	95078	1674	470821	4521822	47.56
1980	30-34	0.00242	0.01205	2.37	93404	1125	464057	4051001	43.37
1980	35-39	0.00366	0.01812	2.48	92279	1672	457185	3586945	38.87
1980	40-44	0.00353	0.01751	2.72	90606	1586	449407	3129759	34.54
1980	45-49	0.00602	0.02970	2.68	89020	2644	438976	2680353	30.11
1980	50-54	0.00858	0.04208	2.74	86376	3635	423649	2241377	25.95
1980	55-59	0.01298	0.06287	2.52	82741	5202	400823	1817727	21.97
1980	60-64	0.01872	0.08958	2.6	77539	6946	371008	1416904	18.27
1980	65-69	0.02967	0.13878	2.68	70593	9797	330209	1045896	14.82
1980	70-74	0.04515	0.20294	2.51	60796	12338	273238	715687	11.77
1980	75-79	0.06578	0.28236	2.49	48458	13683	208011	442449	9.13
1980	80-84	0.11208	0.43548	2.44	34776	15144	135118	234438	6.74
1980	85-89	0.16687	0.57637	2.32	19632	11315	67807	99320	5.06
1980	90-94	0.24050	0.71387	2.15	8316	5937	24686	31513	3.79
1980	95-99	0.33291	0.82663	1.96	2380	1967	5909	6827	2.87
1980	100-104	0.43995	0.90374	1.74	413	373	847	919	2.23
1980	105-109	0.55317	0.94862	1.54	40	38	68	71	1.79
1980	110+	0.64441	1.00000	1.55	2	2	3	3	1.55
1981	0	0.01181	0.01168	0.08	100000	1168	98921	7112231	71.12
1981	1-4	0.00058	0.00234	1.95	98832	231	394852	7013310	70.96
1981	5-9	0.00034	0.00171	2.57	98601	168	492594	6618457	67.12
1981	10-14	0.00050	0.00248	3.07	98432	244	491692	6125863	62.23
1981	15-19	0.00202	0.01004	2.94	98188	986	488908	5634171	57.38
1981	20-24	0.00276	0.01373	2.68	97202	1334	482918	5145264	52.93
1981	25-29	0.00232	0.01155	2.48	95868	1107	476552	4662346	48.63
1981	30-34	0.00224	0.01115	2.57	94761	1057	471241	4185794	44.17
1981	35-39	0.00291	0.01444	2.61	93705	1354	465294	3714553	39.64
1981	40-44	0.00420	0.02078	2.69	92351	1919	457314	3249259	35.18
1981	45-49	0.00537	0.02651	2.53	90432	2397	446237	2791944	30.87
1981	50-54	0.00865	0.04242	2.7	88035	3735	431580	2345708	26.65
1981	55-59	0.01239	0.06009	2.53	84300	5066	408971	1914128	22.71
1981	60-64	0.01948	0.09317	2.68	79234	7383	379058	1505156	19.00
1981	65-69	0.02654	0.12492	2.65	71852	8976	338136	1126098	15.67
1981	70-74	0.04464	0.20156	2.59	62876	12673	283873	787962	12.53
1981	75-79	0.05949	0.25997	2.58	50202	13051	219365	504090	10.04
1981	80-84	0.09369	0.37881	2.47	37151	14073	150217	284724	7.66
1981	85-89	0.13884	0.50872	2.37	23078	11740	84561	134507	5.83
1981	90-94	0.20041	0.64494	2.24	11338	7312	36486	49946	4.41
1981	95-99	0.27978	0.76797	2.06	4026	3092	11050	13460	3.34
1981	100-104	0.37530	0.86205	1.86	934	805	2145	2410	2.58
1981	105-109	0.48157	0.92317	1.66	129	119	247	264	2.05
1981	110+	0.56969	1.00000	1.76	10	10	17	17	1.76
1982	0	0.01432	0.01413	0.08	100000	1413	98705	7086883	70.87
1982	1-4	0.00069	0.00276	1.68	98587	273	393716	6988178	70.88
1982	5-9	0.00025	0.00126	1.87	98314	124	491184	6594463	67.08
1982	10-14	0.00051	0.00253	2.55	98191	248	490345	6103278	62.16
1982	15-19	0.00172	0.00859	3.09	97942	841	488102	5612934	57.31
1982	20-24	0.00266	0.01320	2.57	97101	1281	482393	5124831	52.78
1982	25-29	0.00264	0.01311	2.58	95819	1256	476053	4642439	48.45
1982	30-34	0.00226	0.01123	2.47	94563	1062	470126	4166386	44.06
1982	35-39	0.00325	0.01614	2.96	93501	1509	464425	3696260	39.53
1982	40-44	0.00450	0.02229	2.8	91992	2050	455461	3231834	35.13
1982	45-49	0.00514	0.02538	2.67	89942	2283	444381	2776374	30.87
1982	50-54	0.00800	0.03926	2.7	87659	3442	430384	2331993	26.60
1982	55-59	0.01024	0.05007	2.75	84217	4216	411587	1901609	22.58
1982	60-64	0.01953	0.09343	2.68	80001	7475	382631	1490022	18.63
1982	65-69	0.02795	0.13118	2.66	72526	9514	340334	1107391	15.27
1982	70-74	0.04605	0.20797	2.68	63012	13105	284605	767057	12.17
1982	75-79	0.06734	0.28772	2.47	49908	14359	213220	482452	9.67
1982	80-84	0.09597	0.38708	2.5	35548	13760	143373	269232	7.57
1982	85-89	0.14206	0.51644	2.36	21788	11252	79206	125858	5.78
1982	90-94	0.20037	0.64417	2.23	10536	6787	33872	46652	4.43
1982	95-99	0.27443	0.76038	2.07	3749	2851	10388	12780	3.41
1982	100-104	0.36300	0.85169	1.88	898	765	2108	2392	2.66
1982	105-109	0.46185	0.91373	1.69	133	122	264	285	2.14
1982	110+	0.54393	1.00000	1.84	11	11	21	21	1.84
1983	0	0.01198	0.01185	0.08	100000	1185	98907	7147344	71.47
1983	1-4	0.00086	0.00344	1.64	98815	340	394459	7048437	71.33
1983	5-9	0.00034	0.00169	2.38	98475	166	491940	6653979	67.57
1983	10-14	0.00044	0.00218	2.98	98309	215	491111	6162039	62.68
1983	15-19	0.00178	0.00887	2.79	98094	870	488544	5670927	57.81
1983	20-24	0.00265	0.01317	2.64	97224	1280	483101	5182384	53.30
1983	25-29	0.00237	0.01177	2.28	95944	1129	476643	4699282	48.98
1983	30-34	0.00241	0.01200	2.44	94815	1138	471157	4222639	44.54
1983	35-39	0.00259	0.01289	2.7	93677	1208	465604	3751482	40.05
1983	40-44	0.00336	0.01664	2.53	92469	1539	458543	3285878	35.53
1983	45-49	0.00495	0.02446	2.65	90930	2225	449419	2827335	31.09
1983	50-54	0.00800	0.03933	2.88	88706	3489	436119	2377916	26.81
1983	55-59	0.01139	0.05547	2.65	85217	4727	414968	1941798	22.79
1983	60-64	0.01657	0.07972	2.64	80490	6416	387291	1526830	18.97
1983	65-69	0.02622	0.12348	2.65	74074	9147	348866	1139539	15.38
1983	70-74	0.04415	0.19883	2.5	64927	12909	292410	790672	12.18
1983	75-79	0.06519	0.28088	2.54	52017	14611	224110	498262	9.58
1983	80-84	0.09750	0.39143	2.48	37406	14642	150179	274152	7.33
1983	85-89	0.14985	0.53714	2.36	22764	12228	81601	123973	5.45
1983	90-94	0.22259	0.68575	2.2	10537	7226	32461	42372	4.02
1983	95-99	0.31661	0.81128	2	3311	2686	8485	9911	2.99
1983	100-104	0.42798	0.89780	1.77	625	561	1311	1427	2.28
1983	105-109	0.54745	0.94737	1.55	64	61	111	116	1.81
1983	110+	0.64411	1.00000	1.55	3	3	5	5	1.55
1984	0	0.01182	0.01170	0.08	100000	1170	98920	7160739	71.61
1984	1-4	0.00066	0.00262	1.49	98830	259	394671	7061819	71.45
1984	5-9	0.00035	0.00173	2.26	98572	170	492391	6667149	67.64
1984	10-14	0.00035	0.00176	2.87	98401	173	491637	6174758	62.75
1984	15-19	0.00132	0.00658	3.04	98228	646	489875	5683121	57.86
1984	20-24	0.00287	0.01424	2.68	97582	1390	484692	5193246	53.22
1984	25-29	0.00284	0.01408	2.38	96192	1355	477410	4708554	48.95
1984	30-34	0.00257	0.01276	2.51	94838	1210	471171	4231144	44.61
1984	35-39	0.00260	0.01293	2.53	93628	1211	465150	3759973	40.16
1984	40-44	0.00313	0.01555	2.59	92417	1437	458617	3294823	35.65
1984	45-49	0.00439	0.02172	2.66	90980	1976	450271	2836206	31.17
1984	50-54	0.00819	0.04014	2.52	89004	3573	436148	2385935	26.81
1984	55-59	0.01155	0.05627	2.74	85431	4807	416297	1949787	22.82
1984	60-64	0.01735	0.08340	2.67	80623	6724	387439	1533490	19.02
1984	65-69	0.02703	0.12691	2.6	73900	9379	347034	1146051	15.51
1984	70-74	0.03887	0.17824	2.67	64521	11500	295865	799016	12.38
1984	75-79	0.06357	0.27457	2.52	53020	14558	229006	503152	9.49
1984	80-84	0.10604	0.41799	2.47	38463	16077	151617	274146	7.13
1984	85-89	0.15172	0.54060	2.34	22386	12102	79760	122528	5.47
1984	90-94	0.21575	0.67252	2.2	10284	6916	32056	42768	4.16
1984	95-99	0.29675	0.78803	2.02	3368	2654	8943	10712	3.18
1984	100-104	0.39252	0.87421	1.83	714	624	1590	1769	2.48
1984	105-109	0.49735	0.92940	1.63	90	83	168	179	1.99
1984	110+	0.58366	1.00000	1.71	6	6	11	11	1.71
1985	0	0.01310	0.01294	0.08	100000	1294	98810	7139515	71.40
1985	1-4	0.00091	0.00365	1.54	98706	360	393938	7040705	71.33
1985	5-9	0.00041	0.00207	2.12	98346	203	491143	6646767	67.59
1985	10-14	0.00064	0.00321	2.82	98142	315	490024	6155624	62.72
1985	15-19	0.00167	0.00831	2.88	97827	813	487414	5665600	57.91
1985	20-24	0.00272	0.01349	2.51	97014	1309	481813	5178186	53.38
1985	25-29	0.00279	0.01385	2.61	95705	1325	475356	4696373	49.07
1985	30-34	0.00233	0.01159	2.54	94379	1094	469206	4221017	44.72
1985	35-39	0.00243	0.01209	2.67	93286	1128	463797	3751811	40.22
1985	40-44	0.00327	0.01621	2.77	92157	1494	457450	3288014	35.68
1985	45-49	0.00490	0.02422	2.69	90663	2196	448250	2830565	31.22
1985	50-54	0.00730	0.03589	2.71	88467	3175	435057	2382315	26.93
1985	55-59	0.01135	0.05522	2.59	85292	4710	415109	1947258	22.83
1985	60-64	0.01610	0.07747	2.56	80582	6243	387696	1532149	19.01
1985	65-69	0.02643	0.12416	2.57	74339	9230	349275	1144453	15.39
1985	70-74	0.04460	0.20136	2.59	65110	13111	293984	795178	12.21
1985	75-79	0.06131	0.26757	2.62	51999	13914	226946	501194	9.64
1985	80-84	0.10116	0.40377	2.5	38085	15378	152012	274248	7.20
1985	85-89	0.15270	0.54386	2.36	22708	12350	80879	122236	5.38
1985	90-94	0.22491	0.68941	2.19	10358	7141	31749	41357	3.99
1985	95-99	0.31765	0.81210	1.99	3217	2613	8225	9608	2.99
1985	100-104	0.42710	0.89708	1.77	604	542	1270	1383	2.29
1985	105-109	0.54444	0.94634	1.55	62	59	108	113	1.82
1985	110+	0.63949	1.00000	1.56	3	3	5	5	1.56
1986	0	0.01096	0.01085	0.07	100000	1085	98996	7131986	71.32
1986	1-4	0.00067	0.00269	1.66	98915	266	395038	7032991	71.10
1986	5-9	0.00029	0.00142	1.82	98649	141	492799	6637953	67.29
1986	10-14	0.00038	0.00189	2.98	98509	186	492168	6145154	62.38
1986	15-19	0.00201	0.01001	2.82	98323	984	489465	5652986	57.49
1986	20-24	0.00299	0.01483	2.47	97338	1444	483035	5163521	53.05
1986	25-29	0.00280	0.01390	2.51	95894	1333	476147	4680486	48.81
1986	30-34	0.00277	0.01374	2.67	94561	1299	469783	4204339	44.46
1986	35-39	0.00290	0.01440	2.54	93262	1343	463006	3734556	40.04
1986	40-44	0.00353	0.01751	2.72	91918	1609	455922	3271549	35.59
1986	45-49	0.00514	0.02537	2.66	90309	2291	446195	2815627	31.18
1986	50-54	0.00753	0.03700	2.72	88018	3257	432660	2369433	26.92
1986	55-59	0.01146	0.05581	2.65	84761	4730	412683	1936773	22.85
1986	60-64	0.01794	0.08611	2.68	80031	6891	384162	1524090	19.04
1986	65-69	0.02609	0.12289	2.64	73140	8988	344526	1139928	15.59
1986	70-74	0.04024	0.18339	2.59	64152	11765	292394	795402	12.40
1986	75-79	0.06338	0.27454	2.57	52387	14382	226913	503008	9.60
1986	80-84	0.09997	0.39765	2.43	38004	15112	151174	276095	7.26
1986	85-89	0.15035	0.53801	2.36	22892	12316	81918	124920	5.46
1986	90-94	0.22026	0.68130	2.2	10576	7205	32714	43003	4.07
1986	95-99	0.31002	0.80384	2.01	3371	2709	8739	10289	3.05
1986	100-104	0.41636	0.89057	1.79	661	589	1414	1549	2.34
1986	105-109	0.53128	0.94212	1.58	72	68	128	135	1.87
1986	110+	0.62492	1.00000	1.6	4	4	7	7	1.60
1987	0	0.00869	0.00862	0.07	100000	862	99197	7194986	71.95
1987	1-4	0.00058	0.00232	1.4	99138	230	395954	7095789	71.57
1987	5-9	0.00035	0.00172	2.32	98908	171	494085	6699835	67.74
1987	10-14	0.00072	0.00362	3.01	98738	357	492976	6205750	62.85
1987	15-19	0.00159	0.00792	3.09	98380	779	490412	5712774	58.07
1987	20-24	0.00261	0.01295	2.34	97601	1264	484649	5222363	53.51
1987	25-29	0.00256	0.01271	2.4	96337	1224	478507	4737713	49.18
1987	30-34	0.00320	0.01588	2.65	95113	1511	472017	4259206	44.78
1987	35-39	0.00331	0.01639	2.54	93603	1534	464244	3787190	40.46
1987	40-44	0.00325	0.01613	2.41	92068	1485	456497	3322946	36.09
1987	45-49	0.00450	0.02226	2.48	90584	2016	447840	2866449	31.64
1987	50-54	0.00715	0.03513	2.54	88567	3111	435181	2418609	27.31
1987	55-59	0.01095	0.05339	2.63	85456	4562	416471	1983428	23.21
1987	60-64	0.01591	0.07665	2.63	80894	6200	389780	1566957	19.37
1987	65-69	0.02403	0.11374	2.65	74693	8495	353490	1177176	15.76
1987	70-74	0.04142	0.18785	2.53	66198	12435	300228	823686	12.44
1987	75-79	0.06257	0.27168	2.58	53763	14606	233433	523458	9.74
1987	80-84	0.09575	0.38486	2.45	39156	15070	157394	290025	7.41
1987	85-89	0.14745	0.53132	2.37	24087	12798	86791	132632	5.51
1987	90-94	0.21981	0.68109	2.21	11289	7689	34980	45841	4.06
1987	95-99	0.31370	0.80834	2	3600	2910	9277	10861	3.02
1987	100-104	0.42531	0.89634	1.77	690	618	1454	1584	2.30
1987	105-109	0.54537	0.94680	1.55	72	68	124	130	1.82
1987	110+	0.64263	1.00000	1.56	4	4	6	6	1.56
1988	0	0.01234	0.01220	0.08	100000	1220	98875	7192313	71.92
1988	1-4	0.00085	0.00338	1.65	98780	334	394332	7093438	71.81
1988	5-9	0.00026	0.00129	2.24	98446	127	491878	6699105	68.05
1988	10-14	0.00043	0.00212	2.81	98318	209	491135	6207228	63.13
1988	15-19	0.00170	0.00847	2.66	98110	831	488601	5716092	58.26
1988	20-24	0.00252	0.01251	2.34	97278	1217	483155	5227492	53.74
1988	25-29	0.00243	0.01206	2.59	96061	1159	477509	4744337	49.39
1988	30-34	0.00243	0.01210	2.59	94903	1149	471740	4266828	44.96
1988	35-39	0.00312	0.01547	2.42	93754	1450	465025	3795088	40.48
1988	40-44	0.00325	0.01610	2.53	92304	1487	457848	3330063	36.08
1988	45-49	0.00508	0.02509	2.66	90817	2279	448758	2872214	31.63
1988	50-54	0.00636	0.03131	2.59	88539	2772	436009	2423456	27.37
1988	55-59	0.01154	0.05628	2.8	85767	4827	418228	1987447	23.17
1988	60-64	0.01627	0.07832	2.63	80940	6340	389698	1569220	19.39
1988	65-69	0.02436	0.11505	2.6	74600	8583	352360	1179521	15.81
1988	70-74	0.03834	0.17514	2.53	66018	11562	301540	827161	12.53
1988	75-79	0.06110	0.26563	2.54	54455	14465	236750	525621	9.65
1988	80-84	0.09696	0.39053	2.51	39991	15618	161065	288870	7.22
1988	85-89	0.15420	0.54963	2.39	24373	13396	86878	127806	5.24
1988	90-94	0.24190	0.71880	2.18	10977	7890	32617	40928	3.73
1988	95-99	0.35562	0.84961	1.93	3087	2623	7374	8310	2.69
1988	100-104	0.48808	0.92813	1.66	464	431	883	936	2.02
1988	105-109	0.62316	0.96621	1.43	33	32	52	53	1.60
1988	110+	0.72702	1.00000	1.38	1	1	2	2	1.38
1989	0	0.01025	0.01015	0.07	100000	1015	99058	7208996	72.09
1989	1-4	0.00072	0.00288	1.52	98985	285	395233	7109937	71.83
1989	5-9	0.00030	0.00150	2.51	98700	148	493132	6714704	68.03
1989	10-14	0.00032	0.00157	2.82	98552	155	492423	6221573	63.13
1989	15-19	0.00181	0.00900	2.91	98397	886	490133	5729150	58.22
1989	20-24	0.00280	0.01392	2.49	97512	1357	484154	5239018	53.73
1989	25-29	0.00255	0.01269	2.53	96154	1220	477751	4754864	49.45
1989	30-34	0.00278	0.01381	2.65	94934	1311	471595	4277113	45.05
1989	35-39	0.00309	0.01534	2.56	93623	1436	464604	3805518	40.65
1989	40-44	0.00359	0.01782	2.72	92187	1642	457181	3340914	36.24
1989	45-49	0.00475	0.02352	2.87	90544	2129	448184	2883732	31.85
1989	50-54	0.00652	0.03213	2.77	88415	2841	435739	2435548	27.55
1989	55-59	0.01072	0.05229	2.65	85574	4475	417374	1999809	23.37
1989	60-64	0.01630	0.07846	2.62	81099	6363	390342	1582435	19.51
1989	65-69	0.02430	0.11471	2.57	74736	8573	352823	1192093	15.95
1989	70-74	0.03743	0.17188	2.62	66163	11372	303793	839271	12.68
1989	75-79	0.05775	0.25292	2.55	54791	13858	239968	535478	9.77
1989	80-84	0.09777	0.39170	2.46	40933	16034	163993	295510	7.22
1989	85-89	0.15541	0.54992	2.34	24900	13693	88106	131516	5.28
1989	90-94	0.23219	0.70229	2.19	11207	7870	33896	43411	3.87
1989	95-99	0.33401	0.82918	1.96	3336	2766	8283	9514	2.85
1989	100-104	0.45366	0.91192	1.72	570	520	1146	1232	2.16
1989	105-109	0.57943	0.95630	1.5	50	48	83	86	1.71
1989	110+	0.67936	1.00000	1.47	2	2	3	3	1.47
1990	0	0.01029	0.01020	0.07	100000	1020	99054	7247221	72.47
1990	1-4	0.00051	0.00204	1.87	98980	202	395490	7148167	72.22
1990	5-9	0.00030	0.00149	2.5	98778	147	493524	6752676	68.36
1990	10-14	0.00046	0.00227	3.27	98631	224	492769	6259152	63.46
1990	15-19	0.00197	0.00981	2.81	98407	965	489926	5766384	58.60
1990	20-24	0.00234	0.01162	2.47	97442	1132	484343	5276458	54.15
1990	25-29	0.00257	0.01275	2.49	96310	1228	478469	4792114	49.76
1990	30-34	0.00306	0.01519	2.68	95082	1444	472060	4313646	45.37
1990	35-39	0.00280	0.01389	2.63	93638	1301	465103	3841586	41.03
1990	40-44	0.00340	0.01687	2.63	92337	1558	457987	3376483	36.57
1990	45-49	0.00449	0.02219	2.58	90779	2015	449023	2918496	32.15
1990	50-54	0.00632	0.03113	2.69	88764	2763	437444	2469473	27.82
1990	55-59	0.01119	0.05456	2.74	86001	4692	419415	2032028	23.63
1990	60-64	0.01574	0.07579	2.55	81309	6162	391455	1612613	19.83
1990	65-69	0.02346	0.11097	2.58	75146	8339	355525	1221159	16.25
1990	70-74	0.03783	0.17326	2.57	66807	11575	305965	865634	12.96
1990	75-79	0.05620	0.24759	2.6	55232	13675	243316	559669	10.13
1990	80-84	0.09257	0.37512	2.47	41558	15589	168394	316353	7.61
1990	85-89	0.14032	0.51419	2.4	25969	13353	95156	147959	5.70
1990	90-94	0.21167	0.66683	2.23	12616	8413	39744	52802	4.19
1990	95-99	0.30329	0.79709	2.02	4203	3350	11047	13058	3.11
1990	100-104	0.41320	0.88913	1.8	853	758	1835	2011	2.36
1990	105-109	0.53270	0.94289	1.57	95	89	167	176	1.86
1990	110+	0.63014	1.00000	1.59	5	5	9	9	1.59
1991	0	0.00959	0.00950	0.07	100000	950	99117	7227862	72.28
1991	1-4	0.00060	0.00239	1.58	99050	237	395626	7128745	71.97
1991	5-9	0.00042	0.00208	2.49	98813	206	493550	6733119	68.14
1991	10-14	0.00038	0.00192	2.61	98608	189	492586	6239570	63.28
1991	15-19	0.00153	0.00765	2.98	98419	753	490573	5746983	58.39
1991	20-24	0.00230	0.01143	2.39	97666	1117	485414	5256411	53.82
1991	25-29	0.00235	0.01168	2.58	96549	1128	480021	4770996	49.42
1991	30-34	0.00279	0.01386	2.54	95421	1323	473854	4290975	44.97
1991	35-39	0.00312	0.01547	2.5	94099	1456	466856	3817121	40.57
1991	40-44	0.00391	0.01938	2.59	92643	1796	458885	3350265	36.16
1991	45-49	0.00482	0.02384	2.65	90847	2166	449146	2891380	31.83
1991	50-54	0.00653	0.03218	2.78	88681	2853	437067	2442233	27.54
1991	55-59	0.01072	0.05226	2.65	85827	4486	418577	2005166	23.36
1991	60-64	0.01621	0.07808	2.64	81342	6351	391740	1586589	19.51
1991	65-69	0.02383	0.11284	2.66	74990	8462	355127	1194849	15.93
1991	70-74	0.03790	0.17349	2.56	66528	11542	304513	839723	12.62
1991	75-79	0.05877	0.25640	2.51	54986	14098	239895	535210	9.73
1991	80-84	0.10073	0.40054	2.44	40888	16378	162588	295316	7.22
1991	85-89	0.15098	0.54061	2.37	24511	13251	87763	132728	5.42
1991	90-94	0.22478	0.68925	2.19	11260	7761	34527	44965	3.99
1991	95-99	0.31799	0.81252	1.99	3499	2843	8941	10438	2.98
1991	100-104	0.42805	0.89768	1.77	656	589	1376	1498	2.28
1991	105-109	0.54599	0.94684	1.55	67	64	116	122	1.82
1991	110+	0.64146	1.00000	1.56	4	4	6	6	1.56
1992	0	0.01002	0.00993	0.07	100000	993	99079	7268375	72.68
1992	1-4	0.00051	0.00205	1.55	99007	202	395533	7169297	72.41
1992	5-9	0.00032	0.00160	3.15	98805	158	493731	6773764	68.56
1992	10-14	0.00034	0.00171	2.9	98646	168	492879	6280033	63.66
1992	15-19	0.00139	0.00695	2.89	98478	684	490944	5787154	58.77
1992	20-24	0.00237	0.01176	2.41	97794	1150	485988	5296210	54.16
1992	25-29	0.00253	0.01255	2.48	96644	1213	480167	4810222	49.77
1992	30-34	0.00297	0.01473	2.51	95431	1405	473655	4330055	45.37
1992	35-39	0.00320	0.01588	2.41	94026	1493	466257	3856400	41.01
1992	40-44	0.00359	0.01782	2.68	92533	1649	458835	3390143	36.64
1992	45-49	0.00436	0.02159	2.66	90885	1962	449823	2931309	32.25
1992	50-54	0.00632	0.03110	2.59	88922	2766	437943	2481486	27.91
1992	55-59	0.00890	0.04363	2.72	86156	3759	422227	2043543	23.72
1992	60-64	0.01563	0.07540	2.66	82397	6213	397435	1621316	19.68
1992	65-69	0.02533	0.11926	2.55	76185	9086	358688	1223881	16.06
1992	70-74	0.03682	0.16889	2.55	67099	11333	307746	865193	12.89
1992	75-79	0.05829	0.25554	2.59	55766	14250	244484	557448	10.00
1992	80-84	0.08727	0.35881	2.52	41516	14896	170685	312963	7.54
1992	85-89	0.15411	0.54826	2.37	26619	14594	94701	142279	5.34
1992	90-94	0.22505	0.69143	2.21	12025	8315	36945	47578	3.96
1992	95-99	0.33151	0.82771	1.98	3711	3071	9264	10633	2.87
1992	100-104	0.45804	0.91470	1.72	639	585	1277	1368	2.14
1992	105-109	0.59089	0.95937	1.48	55	52	89	92	1.68
1992	110+	0.69558	1.00000	1.44	2	2	3	3	1.44
1993	0	0.00837	0.00831	0.07	100000	831	99225	7292634	72.93
1993	1-4	0.00065	0.00258	1.84	99169	256	396124	7193409	72.54
1993	5-9	0.00029	0.00145	2.37	98913	144	494189	6797285	68.72
1993	10-14	0.00034	0.00171	3.08	98769	169	493523	6303096	63.82
1993	15-19	0.00172	0.00856	3.25	98601	844	491527	5809573	58.92
1993	20-24	0.00223	0.01107	2.65	97757	1082	486247	5318046	54.40
1993	25-29	0.00257	0.01276	2.43	96675	1233	480207	4831800	49.98
1993	30-34	0.00274	0.01359	2.53	95441	1297	474008	4351592	45.59
1993	35-39	0.00301	0.01494	2.66	94144	1407	467431	3877585	41.19
1993	40-44	0.00360	0.01783	2.58	92738	1653	459686	3410154	36.77
1993	45-49	0.00406	0.02010	2.6	91085	1831	451022	2950468	32.39
1993	50-54	0.00633	0.03115	2.54	89254	2780	439430	2499446	28.00
1993	55-59	0.01003	0.04902	2.71	86473	4239	422646	2060016	23.82
1993	60-64	0.01558	0.07505	2.58	82235	6172	396224	1637370	19.91
1993	65-69	0.02254	0.10705	2.67	76063	8142	361310	1241145	16.32
1993	70-74	0.03720	0.17081	2.61	67921	11601	311893	879835	12.95
1993	75-79	0.05604	0.24654	2.56	56319	13885	247767	567942	10.08
1993	80-84	0.09060	0.36879	2.48	42434	15649	172735	320176	7.55
1993	85-89	0.14680	0.53198	2.41	26785	14249	97063	147441	5.50
1993	90-94	0.22134	0.68467	2.22	12536	8583	38777	50378	4.02
1993	95-99	0.32295	0.81883	1.99	3953	3237	10022	11601	2.93
1993	100-104	0.44405	0.90736	1.74	716	650	1463	1578	2.20
1993	105-109	0.57267	0.95478	1.51	66	63	111	115	1.73
1993	110+	0.67531	1.00000	1.48	3	3	4	4	1.48
1994	0	0.00891	0.00884	0.07	100000	884	99177	7275130	72.75
1994	1-4	0.00060	0.00242	1.64	99116	239	395900	7175953	72.40
1994	5-9	0.00032	0.00159	2.31	98877	157	493961	6780053	68.57
1994	10-14	0.00026	0.00131	3.2	98720	129	493365	6286092	63.68
1994	15-19	0.00143	0.00715	2.83	98590	705	491422	5792727	58.76
1994	20-24	0.00228	0.01133	2.44	97886	1109	486590	5301305	54.16
1994	25-29	0.00189	0.00942	2.68	96777	912	481767	4814715	49.75
1994	30-34	0.00291	0.01445	2.68	95865	1385	476119	4332948	45.20
1994	35-39	0.00338	0.01677	2.64	94480	1584	468659	3856828	40.82
1994	40-44	0.00354	0.01755	2.5	92896	1631	460410	3388170	36.47
1994	45-49	0.00458	0.02266	2.67	91265	2068	451515	2927759	32.08
1994	50-54	0.00673	0.03314	2.78	89197	2956	439410	2476244	27.76
1994	55-59	0.00960	0.04690	2.55	86241	4045	421294	2036834	23.62
1994	60-64	0.01455	0.07039	2.68	82196	5786	397532	1615540	19.65
1994	65-69	0.02373	0.11237	2.65	76410	8586	361850	1218008	15.94
1994	70-74	0.03810	0.17437	2.57	67824	11826	310403	856158	12.62
1994	75-79	0.05627	0.24711	2.54	55998	13838	245911	545755	9.75
1994	80-84	0.10176	0.40462	2.47	42160	17059	167635	299844	7.11
1994	85-89	0.15690	0.55567	2.38	25101	13948	88899	132209	5.27
1994	90-94	0.23225	0.70180	2.18	11153	7827	33701	43310	3.88
1994	95-99	0.32957	0.82435	1.97	3326	2742	8319	9609	2.89
1994	100-104	0.44368	0.90642	1.74	584	530	1193	1290	2.21
1994	105-109	0.56446	0.95219	1.52	55	52	92	96	1.76
1994	110+	0.66127	1.00000	1.51	3	3	4	4	1.51
1995	0	0.00678	0.00674	0.06	100000	674	99368	7308480	73.08
1995	1-4	0.00043	0.00171	1.69	99326	170	396911	7209112	72.58
1995	5-9	0.00032	0.00158	2.47	99156	157	495382	6812201	68.70
1995	10-14	0.00039	0.00196	2.91	98999	194	494591	6316819	63.81
1995	15-19	0.00149	0.00741	2.85	98805	732	492453	5822228	58.93
1995	20-24	0.00212	0.01057	2.72	98073	1037	487998	5329775	54.34
1995	25-29	0.00267	0.01327	2.5	97036	1288	481961	4841777	49.90
1995	30-34	0.00292	0.01449	2.5	95748	1387	475272	4359816	45.53
1995	35-39	0.00329	0.01630	2.65	94361	1538	468196	3884544	41.17
1995	40-44	0.00400	0.01978	2.48	92823	1836	459485	3416348	36.81
1995	45-49	0.00441	0.02183	2.49	90986	1986	449946	2956864	32.50
1995	50-54	0.00711	0.03496	2.65	89000	3112	437703	2506918	28.17
1995	55-59	0.00898	0.04393	2.57	85888	3773	420277	2069215	24.09
1995	60-64	0.01447	0.06999	2.66	82115	5747	397134	1648938	20.08
1995	65-69	0.02238	0.10629	2.64	76368	8117	362709	1251804	16.39
1995	70-74	0.03511	0.16176	2.58	68251	11040	314488	889095	13.03
1995	75-79	0.05396	0.23844	2.56	57211	13642	252808	574607	10.04
1995	80-84	0.09753	0.39283	2.53	43569	17115	175487	321799	7.39
1995	85-89	0.14328	0.52242	2.41	26454	13820	96456	146312	5.53
1995	90-94	0.22714	0.69387	2.2	12634	8766	38594	49855	3.95
1995	95-99	0.32632	0.82161	1.98	3868	3178	9738	11261	2.91
1995	100-104	0.44347	0.90664	1.74	690	626	1410	1523	2.21
1995	105-109	0.56771	0.95325	1.52	64	61	108	113	1.75
1995	110+	0.66713	1.00000	1.5	3	3	5	5	1.50
1996	0	0.00801	0.00795	0.07	100000	795	99257	7338000	73.38
1996	1-4	0.00060	0.00239	1.82	99205	237	396301	7238743	72.97
1996	5-9	0.00024	0.00119	2.39	98967	118	494529	6842442	69.14
1996	10-14	0.00043	0.00213	2.96	98850	210	493819	6347913	64.22
1996	15-19	0.00157	0.00780	3	98639	770	491658	5854094	59.35
1996	20-24	0.00228	0.01135	2.56	97870	1111	486632	5362436	54.79
1996	25-29	0.00215	0.01069	2.5	96758	1035	481206	4875804	50.39
1996	30-34	0.00255	0.01267	2.71	95724	1213	475837	4394597	45.91
1996	35-39	0.00283	0.01404	2.54	94510	1327	469289	3918760	41.46
1996	40-44	0.00379	0.01877	2.7	93183	1749	461884	3449471	37.02
1996	45-49	0.00433	0.02143	2.62	91434	1959	452509	2987587	32.67
1996	50-54	0.00604	0.02980	2.67	89474	2666	441148	2535078	28.33
1996	55-59	0.01029	0.05029	2.74	86808	4366	424175	2093930	24.12
1996	60-64	0.01284	0.06236	2.69	82443	5141	400360	1669755	20.25
1996	65-69	0.02056	0.09800	2.61	77302	7576	368404	1269396	16.42
1996	70-74	0.03486	0.16080	2.59	69726	11212	321654	900992	12.92
1996	75-79	0.05560	0.24506	2.58	58514	14340	257886	579338	9.90
1996	80-84	0.09383	0.38092	2.53	44174	16827	179335	321452	7.28
1996	85-89	0.16237	0.56821	2.36	27348	15539	95703	142117	5.20
1996	90-94	0.22819	0.69566	2.19	11809	8215	36000	46414	3.93
1996	95-99	0.32806	0.82337	1.98	3594	2959	9020	10414	2.90
1996	100-104	0.44592	0.90794	1.74	635	576	1293	1394	2.20
1996	105-109	0.57064	0.95404	1.51	58	56	98	102	1.74
1996	110+	0.67028	1.00000	1.49	3	3	4	4	1.49
1997	0	0.00706	0.00702	0.06	100000	702	99343	7372279	73.72
1997	1-4	0.00044	0.00175	1.81	99298	173	396814	7272936	73.24
1997	5-9	0.00017	0.00084	2.93	99125	83	495453	6876122	69.37
1997	10-14	0.00028	0.00139	2.86	99042	138	494915	6380669	64.42
1997	15-19	0.00116	0.00579	2.76	98904	573	493237	5885754	59.51
1997	20-24	0.00237	0.01181	2.75	98331	1161	489043	5392517	54.84
1997	25-29	0.00187	0.00930	2.6	97170	904	483679	4903474	50.46
1997	30-34	0.00238	0.01185	2.63	96266	1141	478627	4419795	45.91
1997	35-39	0.00293	0.01453	2.53	95125	1382	472212	3941168	41.43
1997	40-44	0.00360	0.01786	2.52	93743	1674	464556	3468956	37.00
1997	45-49	0.00422	0.02086	2.45	92069	1921	455452	3004400	32.63
1997	50-54	0.00682	0.03358	2.74	90148	3028	443912	2548947	28.28
1997	55-59	0.00970	0.04742	2.66	87121	4131	425922	2105036	24.16
1997	60-64	0.01539	0.07419	2.6	82990	6157	400145	1679113	20.23
1997	65-69	0.02132	0.10159	2.7	76833	7805	366176	1278969	16.65
1997	70-74	0.03290	0.15253	2.61	69027	10528	319986	912792	13.22
1997	75-79	0.05245	0.23174	2.49	58499	13557	258460	592806	10.13
1997	80-84	0.09388	0.38097	2.53	44942	17122	182372	334346	7.44
1997	85-89	0.14871	0.53099	2.31	27820	14772	99336	151974	5.46
1997	90-94	0.22112	0.68368	2.21	13048	8921	40343	52638	4.03
1997	95-99	0.31799	0.81315	2	4127	3356	10555	12295	2.98
1997	100-104	0.43317	0.90105	1.76	771	695	1604	1740	2.26
1997	105-109	0.55640	0.95015	1.53	76	73	130	136	1.78
1997	110+	0.65567	1.00000	1.53	4	4	6	6	1.53
1998	0	0.00788	0.00783	0.07	100000	783	99269	7407741	74.08
1998	1-4	0.00049	0.00194	1.46	99217	192	396382	7308472	73.66
1998	5-9	0.00022	0.00110	2.49	99025	109	494852	6912090	69.80
1998	10-14	0.00033	0.00164	3.25	98916	162	494296	6417238	64.88
1998	15-19	0.00148	0.00736	2.96	98754	727	492283	5922942	59.98
1998	20-24	0.00165	0.00823	2.43	98027	806	488061	5430659	55.40
1998	25-29	0.00198	0.00984	2.48	97221	956	483692	4942598	50.84
1998	30-34	0.00228	0.01136	2.55	96264	1094	478643	4458906	46.32
1998	35-39	0.00280	0.01392	2.49	95171	1325	472524	3980263	41.82
1998	40-44	0.00360	0.01786	2.65	93846	1677	465296	3507739	37.38
1998	45-49	0.00428	0.02119	2.57	92169	1953	456101	3042443	33.01
1998	50-54	0.00590	0.02911	2.64	90216	2626	444881	2586342	28.67
1998	55-59	0.00966	0.04726	2.66	87590	4139	428286	2141461	24.45
1998	60-64	0.01313	0.06364	2.62	83451	5311	404635	1713175	20.53
1998	65-69	0.02146	0.10217	2.66	78140	7984	372019	1308540	16.75
1998	70-74	0.03297	0.15318	2.69	70157	10747	325954	936521	13.35
1998	75-79	0.05010	0.22409	2.65	59410	13313	265758	610567	10.28
1998	80-84	0.08924	0.36429	2.48	46097	16793	188178	344809	7.48
1998	85-89	0.14904	0.53310	2.33	29304	15622	104817	156631	5.35
1998	90-94	0.23771	0.70999	2.16	13682	9714	40866	51814	3.79
1998	95-99	0.34585	0.84131	1.95	3968	3338	9652	10947	2.76
1998	100-104	0.47792	0.92398	1.68	630	582	1217	1295	2.06
1998	105-109	0.61402	0.96447	1.44	48	46	75	78	1.62
1998	110+	0.71937	1.00000	1.39	2	2	2	2	1.39
1999	0	0.00789	0.00783	0.07	100000	783	99268	7360935	73.61
1999	1-4	0.00043	0.00173	1.71	99217	171	396475	7261667	73.19
1999	5-9	0.00028	0.00138	2.52	99045	137	494889	6865192	69.31
1999	10-14	0.00027	0.00133	2.83	98909	132	494258	6370303	64.41
1999	15-19	0.00165	0.00824	3	98777	814	492260	5876045	59.49
1999	20-24	0.00182	0.00907	2.01	97963	889	487157	5383785	54.96
1999	25-29	0.00166	0.00825	2.6	97074	801	483443	4896628	50.44
1999	30-34	0.00245	0.01216	2.58	96273	1171	478531	4413185	45.84
1999	35-39	0.00290	0.01442	2.61	95102	1372	472237	3934654	41.37
1999	40-44	0.00370	0.01832	2.6	93730	1717	464530	3462417	36.94
1999	45-49	0.00531	0.02620	2.56	92014	2411	454185	2997886	32.58
1999	50-54	0.00633	0.03119	2.66	89603	2794	441463	2543701	28.39
1999	55-59	0.00874	0.04282	2.69	86809	3717	425475	2102238	24.22
1999	60-64	0.01389	0.06719	2.59	83091	5583	402011	1676763	20.18
1999	65-69	0.02186	0.10402	2.68	77509	8062	368842	1274752	16.45
1999	70-74	0.03457	0.15945	2.57	69446	11073	320297	905910	13.04
1999	75-79	0.05344	0.23625	2.55	58373	13791	258065	585613	10.03
1999	80-84	0.09433	0.38276	2.54	44583	17065	180895	327548	7.35
1999	85-89	0.14971	0.54041	2.43	27518	14871	99331	146653	5.33
1999	90-94	0.24206	0.71488	2.14	12647	9041	37350	47322	3.74
1999	95-99	0.34518	0.84033	1.95	3606	3030	8779	9972	2.77
1999	100-104	0.47398	0.92201	1.69	576	531	1120	1194	2.07
1999	105-109	0.60711	0.96292	1.45	45	43	71	74	1.64
1999	110+	0.71081	1.00000	1.41	2	2	2	2	1.41
2000	0	0.00728	0.00723	0.06	100000	723	99324	7421147	74.21
2000	1-4	0.00026	0.00106	1.86	99277	105	396883	7321823	73.75
2000	5-9	0.00013	0.00064	1.58	99172	64	495641	6924940	69.83
2000	10-14	0.00031	0.00152	2.92	99108	151	495227	6429299	64.87
2000	15-19	0.00145	0.00724	3.01	98957	717	493355	5934073	59.97
2000	20-24	0.00200	0.00994	2.6	98240	977	488852	5440717	55.38
2000	25-29	0.00196	0.00974	2.54	97263	947	483986	4951865	50.91
2000	30-34	0.00211	0.01051	2.63	96316	1012	479181	4467879	46.39
2000	35-39	0.00272	0.01350	2.49	95303	1286	473290	3988698	41.85
2000	40-44	0.00368	0.01823	2.59	94017	1714	465951	3515408	37.39
2000	45-49	0.00478	0.02363	2.75	92303	2181	456599	3049456	33.04
2000	50-54	0.00660	0.03247	2.49	90122	2926	443252	2592857	28.77
2000	55-59	0.00853	0.04178	2.61	87196	3643	427264	2149606	24.65
2000	60-64	0.01266	0.06141	2.54	83553	5131	405159	1722342	20.61
2000	65-69	0.02074	0.09881	2.61	78421	7749	373602	1317182	16.80
2000	70-74	0.03363	0.15572	2.63	70673	11005	327234	943581	13.35
2000	75-79	0.05211	0.23169	2.61	59668	13825	265315	616347	10.33
2000	80-84	0.08944	0.36696	2.55	45843	16822	188083	351031	7.66
2000	85-89	0.13773	0.50832	2.42	29021	14752	107106	162948	5.61
2000	90-94	0.22755	0.69607	2.21	14269	9932	43648	55842	3.91
2000	95-99	0.33843	0.83467	1.96	4337	3620	10696	12193	2.81
2000	100-104	0.46995	0.92055	1.7	717	660	1404	1498	2.09
2000	105-109	0.60662	0.96298	1.46	57	55	90	93	1.64
2000	110+	0.71300	1.00000	1.4	2	2	3	3	1.40
2001	0	0.00750	0.00745	0.07	100000	745	99303	7395045	73.95
2001	1-4	0.00039	0.00158	1.28	99255	156	396594	7295742	73.51
2001	5-9	0.00013	0.00065	2.23	99098	64	495314	6899148	69.62
2001	10-14	0.00032	0.00159	3.16	99034	158	494881	6403834	64.66
2001	15-19	0.00107	0.00536	2.98	98876	529	493311	5908954	59.76
2001	20-24	0.00169	0.00842	2.26	98347	828	489470	5415643	55.07
2001	25-29	0.00190	0.00947	2.36	97519	923	485159	4926173	50.51
2001	30-34	0.00222	0.01105	2.61	96596	1067	480430	4441014	45.98
2001	35-39	0.00311	0.01545	2.65	95529	1476	474180	3960584	41.46
2001	40-44	0.00386	0.01915	2.65	94053	1801	466039	3486404	37.07
2001	45-49	0.00561	0.02767	2.63	92252	2552	455216	3020366	32.74
2001	50-54	0.00710	0.03491	2.62	89700	3131	441045	2565150	28.60
2001	55-59	0.00902	0.04418	2.71	86569	3825	424081	2124105	24.54
2001	60-64	0.01339	0.06494	2.68	82744	5373	401243	1700024	20.55
2001	65-69	0.02100	0.09988	2.55	77371	7728	367919	1298781	16.79
2001	70-74	0.03127	0.14561	2.64	69643	10141	324297	930862	13.37
2001	75-79	0.04908	0.21961	2.61	59502	13067	266249	606565	10.19
2001	80-84	0.08966	0.36626	2.5	46435	17007	189676	340317	7.33
2001	85-89	0.16171	0.56720	2.37	29428	16691	103218	150641	5.12
2001	90-94	0.24185	0.71929	2.18	12736	9161	37880	47422	3.72
2001	95-99	0.35890	0.85270	1.92	3575	3049	8494	9542	2.67
2001	100-104	0.49487	0.93106	1.65	527	490	991	1048	1.99
2001	105-109	0.63264	0.96808	1.42	36	35	56	57	1.57
2001	110+	0.73763	1.00000	1.36	1	1	2	2	1.36
2002	0	0.00748	0.00743	0.07	100000	743	99305	7372807	73.73
2002	1-4	0.00043	0.00172	1.57	99257	171	396613	7273502	73.28
2002	5-9	0.00016	0.00080	2.89	99086	80	495265	6876889	69.40
2002	10-14	0.00029	0.00146	3.18	99007	145	494771	6381624	64.46
2002	15-19	0.00137	0.00685	2.98	98862	677	492947	5886853	59.55
2002	20-24	0.00184	0.00914	2.41	98185	898	488598	5393906	54.94
2002	25-29	0.00197	0.00980	2.53	97287	954	484083	4905308	50.42
2002	30-34	0.00257	0.01276	2.4	96334	1229	478477	4421225	45.89
2002	35-39	0.00333	0.01651	2.53	95105	1570	471641	3942748	41.46
2002	40-44	0.00448	0.02217	2.59	93534	2074	462683	3471107	37.11
2002	45-49	0.00518	0.02557	2.55	91461	2339	451582	3008424	32.89
2002	50-54	0.00661	0.03252	2.59	89122	2898	438625	2556842	28.69
2002	55-59	0.00967	0.04729	2.7	86224	4078	421739	2118217	24.57
2002	60-64	0.01389	0.06731	2.69	82146	5529	397951	1696478	20.65
2002	65-69	0.02004	0.09572	2.67	76617	7334	365973	1298527	16.95
2002	70-74	0.03086	0.14405	2.7	69283	9980	323423	932554	13.46
2002	75-79	0.04831	0.21659	2.61	59303	12844	265853	609131	10.27
2002	80-84	0.09030	0.36716	2.46	46459	17058	188903	343278	7.39
2002	85-89	0.15670	0.56154	2.48	29401	16510	105359	154374	5.25
2002	90-94	0.23529	0.71074	2.22	12891	9162	38941	49015	3.80
2002	95-99	0.35403	0.84861	1.93	3729	3164	8938	10074	2.70
2002	100-104	0.48920	0.92881	1.66	565	524	1072	1136	2.01
2002	105-109	0.62698	0.96705	1.42	40	39	62	64	1.59
2002	110+	0.73246	1.00000	1.37	1	1	2	2	1.37
2003	0	0.00596	0.00593	0.06	100000	593	99443	7378620	73.79
2003	1-4	0.00054	0.00214	1.48	99407	213	397092	7279177	73.23
2003	5-9	0.00018	0.00091	2.46	99194	90	495743	6882085	69.38
2003	10-14	0.00044	0.00219	2.88	99104	217	495062	6386343	64.44
2003	15-19	0.00143	0.00712	2.81	98887	704	492892	5891281	59.58
2003	20-24	0.00217	0.01077	2.58	98183	1058	488355	5398389	54.98
2003	25-29	0.00214	0.01065	2.52	97126	1034	483067	4910034	50.55
2003	30-34	0.00255	0.01269	2.65	96092	1220	477588	4426967	46.07
2003	35-39	0.00315	0.01563	2.49	94872	1482	470645	3949380	41.63
2003	40-44	0.00390	0.01933	2.65	93390	1806	462698	3478734	37.25
2003	45-49	0.00521	0.02575	2.71	91584	2358	452525	3016037	32.93
2003	50-54	0.00676	0.03326	2.63	89226	2968	439091	2563512	28.73
2003	55-59	0.00925	0.04526	2.6	86258	3904	421916	2124421	24.63
2003	60-64	0.01383	0.06691	2.6	82354	5510	398543	1702505	20.67
2003	65-69	0.02039	0.09731	2.67	76844	7477	366769	1303961	16.97
2003	70-74	0.03233	0.15054	2.71	69366	10442	322939	937193	13.51
2003	75-79	0.04751	0.21350	2.63	58924	12580	264772	614253	10.42
2003	80-84	0.08645	0.35666	2.55	46344	16529	191209	349481	7.54
2003	85-89	0.15072	0.54026	2.38	29815	16108	106873	158272	5.31
2003	90-94	0.23894	0.71536	2.2	13707	9806	41037	51399	3.75
2003	95-99	0.36047	0.85470	1.92	3902	3335	9251	10362	2.66
2003	100-104	0.50270	0.93448	1.64	567	530	1054	1111	1.96
2003	105-109	0.64574	0.97056	1.4	37	36	56	57	1.54
2003	110+	0.75320	1.00000	1.33	1	1	1	1	1.33
2004	0	0.00630	0.00626	0.06	100000	626	99412	7451176	74.51
2004	1-4	0.00042	0.00168	1.56	99374	167	397086	7351764	73.98
2004	5-9	0.00020	0.00098	2.77	99207	97	495817	6954678	70.10
2004	10-14	0.00025	0.00126	3.17	99110	125	495318	6458861	65.17
2004	15-19	0.00136	0.00677	3.09	98984	671	493639	5963542	60.25
2004	20-24	0.00218	0.01082	2.32	98314	1064	488721	5469903	55.64
2004	25-29	0.00205	0.01019	2.52	97250	991	483791	4981182	51.22
2004	30-34	0.00263	0.01308	2.58	96259	1259	478245	4497391	46.72
2004	35-39	0.00297	0.01474	2.52	95000	1401	471522	4019146	42.31
2004	40-44	0.00390	0.01934	2.57	93599	1810	463606	3547624	37.90
2004	45-49	0.00465	0.02302	2.66	91789	2113	454003	3084018	33.60
2004	50-54	0.00674	0.03316	2.59	89676	2974	441222	2630015	29.33
2004	55-59	0.00899	0.04396	2.47	86702	3811	423861	2188792	25.25
2004	60-64	0.01320	0.06400	2.66	82891	5305	402042	1764932	21.29
2004	65-69	0.01855	0.08873	2.56	77585	6884	371118	1362890	17.57
2004	70-74	0.02775	0.13059	2.75	70701	9233	332716	991771	14.03
2004	75-79	0.04510	0.20430	2.7	61468	12558	278433	659055	10.72
2004	80-84	0.08348	0.34643	2.55	48911	16944	202960	380622	7.78
2004	85-89	0.13869	0.51830	2.56	31967	16568	119466	177662	5.56
2004	90-94	0.23718	0.71032	2.18	15398	10938	46115	58195	3.78
2004	95-99	0.35241	0.84825	1.94	4461	3784	10736	12080	2.71
2004	100-104	0.49582	0.93206	1.65	677	631	1272	1344	1.99
2004	105-109	0.64118	0.96988	1.4	46	45	70	71	1.55
2004	110+	0.75072	1.00000	1.33	1	1	2	2	1.33
2005	0	0.00701	0.00697	0.06	100000	697	99348	7444596	74.45
2005	1-4	0.00065	0.00259	1.65	99303	257	396606	7345248	73.97
2005	5-9	0.00018	0.00091	2.57	99046	90	495010	6948642	70.16
2005	10-14	0.00035	0.00175	3.13	98956	173	494455	6453632	65.22
2005	15-19	0.00108	0.00541	3.07	98783	535	492885	5959177	60.33
2005	20-24	0.00193	0.00958	2.45	98248	941	488841	5466291	55.64
2005	25-29	0.00197	0.00981	2.78	97307	955	484418	4977450	51.15
2005	30-34	0.00214	0.01066	2.52	96352	1027	479209	4493032	46.63
2005	35-39	0.00243	0.01206	2.64	95325	1149	473915	4013824	42.11
2005	40-44	0.00404	0.02002	2.51	94176	1885	466177	3539909	37.59
2005	45-49	0.00552	0.02725	2.67	92290	2515	455584	3073732	33.31
2005	50-54	0.00731	0.03592	2.61	89776	3224	441173	2618148	29.16
2005	55-59	0.00863	0.04227	2.64	86551	3658	424123	2176975	25.15
2005	60-64	0.01284	0.06229	2.58	82893	5163	401982	1752852	21.15
2005	65-69	0.01853	0.08848	2.45	77730	6877	371122	1350870	17.38
2005	70-74	0.02939	0.13772	2.72	70852	9758	332032	979748	13.83
2005	75-79	0.04453	0.20103	2.59	61095	12282	275831	647716	10.60
2005	80-84	0.08467	0.35108	2.57	48813	17137	202391	371884	7.62
2005	85-89	0.14582	0.52990	2.42	31676	16785	115107	169494	5.35
2005	90-94	0.24586	0.72586	2.18	14891	10809	43962	54387	3.65
2005	95-99	0.37622	0.86793	1.9	4082	3543	9417	10425	2.55
2005	100-104	0.52842	0.94388	1.6	539	509	963	1008	1.87
2005	105-109	0.67718	0.97556	1.35	30	30	44	45	1.47
2005	110+	0.78500	1.00000	1.27	1	1	1	1	1.27
2006	0	0.00673	0.00669	0.06	100000	669	99373	7454368	74.54
2006	1-4	0.00032	0.00127	1.56	99331	127	397015	7354995	74.05
2006	5-9	0.00021	0.00105	2.43	99204	104	495754	6957980	70.14
2006	10-14	0.00023	0.00116	3.24	99100	115	495298	6462227	65.21
2006	15-19	0.00110	0.00548	3.12	98986	543	493909	5966928	60.28
2006	20-24	0.00188	0.00936	2.84	98443	922	490224	5473020	55.60
2006	25-29	0.00211	0.01051	2.48	97521	1025	485020	4982796	51.09
2006	30-34	0.00260	0.01291	2.59	96496	1246	479481	4497776	46.61
2006	35-39	0.00310	0.01540	2.5	95250	1467	472578	4018294	42.19
2006	40-44	0.00419	0.02071	2.52	93783	1943	464107	3545716	37.81
2006	45-49	0.00534	0.02638	2.63	91841	2423	453451	3081610	33.55
2006	50-54	0.00671	0.03301	2.58	89418	2952	439938	2628158	29.39
2006	55-59	0.00915	0.04475	2.61	86466	3870	423098	2188220	25.31
2006	60-64	0.01322	0.06413	2.67	82597	5297	400635	1765122	21.37
2006	65-69	0.01805	0.08660	2.67	77300	6694	370879	1364487	17.65
2006	70-74	0.02743	0.12850	2.55	70606	9073	330820	993608	14.07
2006	75-79	0.04442	0.20102	2.64	61533	12369	278468	662788	10.77
2006	80-84	0.08454	0.34908	2.5	49164	17162	202999	384320	7.82
2006	85-89	0.13573	0.50248	2.42	32002	16080	118476	181322	5.67
2006	90-94	0.22488	0.69087	2.21	15922	11000	48914	62846	3.95
2006	95-99	0.33561	0.83241	1.97	4922	4097	12208	13932	2.83
2006	100-104	0.46953	0.92059	1.7	825	759	1617	1724	2.09
2006	105-109	0.60885	0.96357	1.45	66	63	104	107	1.63
2006	110+	0.71705	1.00000	1.39	2	2	3	3	1.39
2007	0	0.00766	0.00760	0.07	100000	760	99290	7443151	74.43
2007	1-4	0.00038	0.00153	1.42	99240	152	396567	7343861	74.00
2007	5-9	0.00010	0.00051	1.36	99088	51	495254	6947294	70.11
2007	10-14	0.00025	0.00124	3.08	99037	123	494949	6452040	65.15
2007	15-19	0.00140	0.00697	3.31	98914	690	493402	5957091	60.22
2007	20-24	0.00194	0.00967	2.64	98224	950	488875	5463689	55.62
2007	25-29	0.00209	0.01040	2.39	97274	1011	483727	4974814	51.14
2007	30-34	0.00232	0.01155	2.67	96263	1112	478720	4491086	46.65
2007	35-39	0.00312	0.01546	2.56	95151	1471	472160	4012366	42.17
2007	40-44	0.00417	0.02065	2.68	93680	1934	463914	3540206	37.79
2007	45-49	0.00538	0.02654	2.55	91746	2435	452766	3076292	33.53
2007	50-54	0.00732	0.03597	2.57	89311	3212	438746	2623526	29.38
2007	55-59	0.00936	0.04575	2.57	86099	3939	420925	2184780	25.38
2007	60-64	0.01244	0.06032	2.48	82160	4956	398323	1763855	21.47
2007	65-69	0.01841	0.08818	2.6	77204	6808	369715	1365532	17.69
2007	70-74	0.02754	0.12942	2.67	70396	9110	330788	995817	14.15
2007	75-79	0.04442	0.20062	2.59	61286	12295	276786	665030	10.85
2007	80-84	0.08008	0.33571	2.59	48991	16447	205382	388244	7.92
2007	85-89	0.13373	0.49832	2.44	32544	16217	121268	182862	5.62
2007	90-94	0.23600	0.71223	2.22	16327	11628	49274	61594	3.77
2007	95-99	0.36500	0.85960	1.92	4698	4039	11065	12320	2.62
2007	100-104	0.51853	0.94083	1.61	660	621	1197	1255	1.90
2007	105-109	0.67033	0.97468	1.36	39	38	57	58	1.49
2007	110+	0.78094	1.00000	1.28	1	1	1	1	1.28
2008	0	0.00603	0.00600	0.06	100000	600	99437	7456084	74.56
2008	1-4	0.00043	0.00171	1.59	99400	170	397190	7356647	74.01
2008	5-9	0.00012	0.00058	1.75	99230	57	495965	6959457	70.13
2008	10-14	0.00028	0.00140	2.83	99173	139	495564	6463492	65.17
2008	15-19	0.00124	0.00618	2.97	99034	612	493926	5967929	60.26
2008	20-24	0.00200	0.00997	2.62	98422	982	489772	5474002	55.62
2008	25-29	0.00220	0.01092	2.57	97440	1064	484612	4984231	51.15
2008	30-34	0.00274	0.01359	2.52	96376	1310	478625	4499619	46.69
2008	35-39	0.00327	0.01621	2.76	95066	1541	471886	4020993	42.30
2008	40-44	0.00427	0.02114	2.53	93525	1977	462737	3549107	37.95
2008	45-49	0.00525	0.02588	2.42	91548	2369	451622	3086370	33.71
2008	50-54	0.00730	0.03583	2.51	89178	3195	437924	2634748	29.54
2008	55-59	0.00930	0.04543	2.49	85983	3906	420114	2196824	25.55
2008	60-64	0.01173	0.05707	2.63	82077	4685	399270	1776710	21.65
2008	65-69	0.01889	0.09035	2.58	77393	6992	370068	1377441	17.80
2008	70-74	0.02763	0.12978	2.66	70401	9137	330625	1007373	14.31
2008	75-79	0.04329	0.19558	2.53	61264	11982	276767	676748	11.05
2008	80-84	0.07383	0.31372	2.61	49282	15461	209396	399982	8.12
2008	85-89	0.13421	0.50174	2.49	33821	16970	126436	190586	5.64
2008	90-94	0.23270	0.70567	2.21	16852	11892	51103	64150	3.81
2008	95-99	0.36340	0.85890	1.93	4960	4260	11723	13046	2.63
2008	100-104	0.52154	0.94215	1.61	700	659	1264	1324	1.89
2008	105-109	0.67733	0.97579	1.35	40	40	58	60	1.47
2008	110+	0.78961	1.00000	1.27	1	1	1	1	1.27
2009	0	0.00640	0.00636	0.06	100000	636	99403	7518743	75.19
2009	1-4	0.00039	0.00156	1.98	99364	155	397142	7419340	74.67
2009	5-9	0.00013	0.00063	2.83	99209	63	495909	7022197	70.78
2009	10-14	0.00022	0.00112	3	99146	111	495509	6526288	65.82
2009	15-19	0.00110	0.00551	3.4	99035	545	494307	6030779	60.90
2009	20-24	0.00206	0.01025	2.68	98490	1010	490107	5536473	56.21
2009	25-29	0.00204	0.01016	2.5	97480	990	484926	5046365	51.77
2009	30-34	0.00231	0.01146	2.57	96490	1106	479760	4561439	47.27
2009	35-39	0.00291	0.01447	2.56	95384	1380	473554	4081679	42.79
2009	40-44	0.00404	0.01998	2.51	94004	1878	465351	3608125	38.38
2009	45-49	0.00511	0.02526	2.59	92126	2327	455017	3142774	34.11
2009	50-54	0.00667	0.03280	2.55	89799	2945	441769	2687757	29.93
2009	55-59	0.00917	0.04489	2.65	86854	3899	425122	2245988	25.86
2009	60-64	0.01268	0.06153	2.61	82955	5104	402558	1820866	21.95
2009	65-69	0.01677	0.08061	2.61	77851	6276	374281	1418308	18.22
2009	70-74	0.02593	0.12246	2.74	71575	8765	338046	1044026	14.59
2009	75-79	0.04178	0.19038	2.67	62810	11957	286220	705980	11.24
2009	80-84	0.07051	0.30153	2.6	50852	15333	217474	419760	8.25
2009	85-89	0.13072	0.49553	2.56	35519	17601	134644	202286	5.70
2009	90-94	0.23495	0.71125	2.23	17918	12744	54242	67642	3.78
2009	95-99	0.36951	0.86439	1.92	5174	4472	12103	13400	2.59
2009	100-104	0.53432	0.94657	1.59	702	664	1243	1297	1.85
2009	105-109	0.69413	0.97811	1.33	37	37	53	54	1.44
2009	110+	0.80656	1.00000	1.24	1	1	1	1	1.24
2010	0	0.00608	0.00605	0.06	100000	605	99432	7546943	75.47
2010	1-4	0.00035	0.00142	1.44	99395	141	397219	7447511	74.93
2010	5-9	0.00005	0.00027	1.5	99254	27	496175	7050291	71.03
2010	10-14	0.00021	0.00105	3.31	99227	104	495958	6554116	66.05
2010	15-19	0.00109	0.00543	2.92	99123	538	494493	6058158	61.12
2010	20-24	0.00166	0.00826	2.89	98585	814	491205	5563665	56.44
2010	25-29	0.00226	0.01125	2.38	97770	1100	485969	5072460	51.88
2010	30-34	0.00203	0.01009	2.49	96671	975	480905	4586492	47.44
2010	35-39	0.00257	0.01278	2.64	95696	1223	475592	4105586	42.90
2010	40-44	0.00404	0.01999	2.74	94472	1889	468085	3629994	38.42
2010	45-49	0.00525	0.02594	2.73	92583	2401	457475	3161909	34.15
2010	50-54	0.00704	0.03461	2.63	90182	3121	443520	2704434	29.99
2010	55-59	0.00883	0.04322	2.61	87062	3763	426318	2260914	25.97
2010	60-64	0.01273	0.06178	2.59	83299	5146	404103	1834596	22.02
2010	65-69	0.01761	0.08462	2.68	78153	6613	375433	1430493	18.30
2010	70-74	0.02471	0.11676	2.65	71540	8353	338099	1055059	14.75
2010	75-79	0.04226	0.19235	2.67	63186	12154	287598	716960	11.35
2010	80-84	0.07091	0.30208	2.55	51033	15416	217416	429362	8.41
2010	85-89	0.12489	0.47192	2.41	35617	16808	134587	211946	5.95
2010	90-94	0.21213	0.67242	2.28	18808	12647	59620	77359	4.11
2010	95-99	0.32819	0.82673	2	6161	5094	15521	17739	2.88
2010	100-104	0.47215	0.92270	1.7	1068	985	2086	2218	2.08
2010	105-109	0.62203	0.96663	1.43	83	80	128	132	1.60
2010	110+	0.73678	1.00000	1.36	3	3	4	4	1.36
2011	0	0.00584	0.00581	0.06	100000	581	99454	7546663	75.47
2011	1-4	0.00043	0.00170	1.56	99419	169	397264	7447208	74.91
2011	5-9	0.00012	0.00062	2.84	99250	61	496118	7049945	71.03
2011	10-14	0.00019	0.00097	3.22	99189	96	495773	6553827	66.07
2011	15-19	0.00085	0.00424	3.11	99092	420	494669	6058054	61.14
2011	20-24	0.00173	0.00859	2.34	98672	848	491107	5563385	56.38
2011	25-29	0.00204	0.01013	2.54	97824	991	486686	5072278	51.85
2011	30-34	0.00233	0.01159	2.62	96833	1122	481495	4585592	47.36
2011	35-39	0.00289	0.01437	2.6	95711	1375	475257	4104097	42.88
2011	40-44	0.00362	0.01796	2.53	94336	1694	467499	3628840	38.47
2011	45-49	0.00509	0.02514	2.55	92642	2329	457507	3161341	34.12
2011	50-54	0.00727	0.03574	2.69	90313	3228	444101	2703834	29.94
2011	55-59	0.00983	0.04799	2.51	87085	4179	425034	2259733	25.95
2011	60-64	0.01235	0.06003	2.69	82906	4977	403044	1834699	22.13
2011	65-69	0.01662	0.07991	2.59	77929	6228	374636	1431655	18.37
2011	70-74	0.02446	0.11564	2.65	71702	8292	338998	1057019	14.74
2011	75-79	0.03980	0.18183	2.63	63410	11530	289708	718021	11.32
2011	80-84	0.07170	0.30608	2.61	51880	15879	221483	428313	8.26
2011	85-89	0.13244	0.49506	2.45	36001	17823	134568	206830	5.75
2011	90-94	0.21938	0.68919	2.3	18178	12528	57108	72261	3.98
2011	95-99	0.35548	0.85235	1.95	5650	4816	13547	15153	2.68
2011	100-104	0.51195	0.93887	1.63	834	783	1530	1606	1.93
2011	105-109	0.66786	0.97445	1.37	51	50	74	76	1.49
2011	110+	0.78145	1.00000	1.28	1	1	2	2	1.28
2012	0	0.00820	0.00814	0.07	100000	814	99240	7497422	74.97
2012	1-4	0.00043	0.00174	1.55	99186	172	396321	7398182	74.59
2012	5-9	0.00018	0.00088	2.14	99014	87	494820	7001860	70.72
2012	10-14	0.00018	0.00090	3.28	98927	89	494480	6507041	65.78
2012	15-19	0.00099	0.00495	2.87	98838	489	493148	6012561	60.83
2012	20-24	0.00174	0.00865	2.71	98348	851	489795	5519413	56.12
2012	25-29	0.00246	0.01224	2.5	97497	1193	484503	5029618	51.59
2012	30-34	0.00224	0.01113	2.53	96304	1072	478873	4545115	47.20
2012	35-39	0.00269	0.01337	2.28	95232	1273	472700	4066242	42.70
2012	40-44	0.00407	0.02014	2.6	93959	1892	465255	3593542	38.25
2012	45-49	0.00526	0.02600	2.69	92067	2394	454801	3128288	33.98
2012	50-54	0.00740	0.03636	2.62	89673	3260	440600	2673487	29.81
2012	55-59	0.00996	0.04865	2.65	86413	4204	422166	2232887	25.84
2012	60-64	0.01297	0.06290	2.63	82209	5171	398810	1810721	22.03
2012	65-69	0.01599	0.07696	2.57	77037	5929	370788	1411911	18.33
2012	70-74	0.02720	0.12789	2.67	71109	9094	334325	1041123	14.64
2012	75-79	0.04258	0.19331	2.62	62015	11988	281521	706798	11.40
2012	80-84	0.06990	0.29952	2.61	50027	14984	214380	425277	8.50
2012	85-89	0.12151	0.46976	2.59	35043	16462	135481	210898	6.02
2012	90-94	0.21380	0.67408	2.26	18581	12525	58582	75417	4.06
2012	95-99	0.34116	0.83986	1.98	6056	5086	14908	16835	2.78
2012	100-104	0.49517	0.93275	1.66	970	905	1827	1926	1.99
2012	105-109	0.65170	0.97202	1.39	65	63	97	100	1.53
2012	110+	0.76773	1.00000	1.3	2	2	2	2	1.30
2013	0	0.00596	0.00592	0.06	100000	592	99444	7559660	75.60
2013	1-4	0.00032	0.00127	1.76	99408	126	397348	7460217	75.05
2013	5-9	0.00011	0.00054	2.27	99281	54	496259	7062869	71.14
2013	10-14	0.00017	0.00083	3.17	99227	82	495987	6566610	66.18
2013	15-19	0.00077	0.00382	2.78	99145	379	494886	6070623	61.23
2013	20-24	0.00163	0.00809	2.58	98766	799	491899	5575737	56.45
2013	25-29	0.00192	0.00957	2.63	97967	938	487613	5083837	51.89
2013	30-34	0.00249	0.01238	2.35	97029	1201	481963	4596224	47.37
2013	35-39	0.00281	0.01397	2.57	95828	1339	475881	4114261	42.93
2013	40-44	0.00404	0.01998	2.54	94489	1888	467801	3638380	38.51
2013	45-49	0.00484	0.02394	2.74	92601	2217	457984	3170579	34.24
2013	50-54	0.00742	0.03643	2.46	90384	3292	443558	2712595	30.01
2013	55-59	0.01031	0.05028	2.57	87092	4379	424830	2269037	26.05
2013	60-64	0.01220	0.05924	2.57	82712	4900	401658	1844207	22.30
2013	65-69	0.01767	0.08474	2.6	77813	6594	373224	1442550	18.54
2013	70-74	0.02539	0.11976	2.63	71219	8529	335888	1069326	15.01
2013	75-79	0.03855	0.17643	2.6	62690	11061	286915	733438	11.70
2013	80-84	0.06450	0.28074	2.69	51629	14494	224709	446523	8.65
2013	85-89	0.12270	0.46852	2.48	37135	17398	141791	221814	5.97
2013	90-94	0.21292	0.67605	2.3	19737	13343	62665	80023	4.05
2013	95-99	0.35006	0.84869	1.97	6394	5426	15501	17358	2.71
2013	100-104	0.51343	0.93993	1.63	967	909	1771	1857	1.92
2013	105-109	0.67601	0.97581	1.36	58	57	84	86	1.47
2013	110+	0.79277	1.00000	1.26	1	1	2	2	1.26
2014	0	0.00559	0.00556	0.06	100000	556	99477	7503628	75.04
2014	1-4	0.00034	0.00138	1.33	99444	137	397411	7404151	74.46
2014	5-9	0.00011	0.00054	2.88	99307	54	496421	7006740	70.56
2014	10-14	0.00024	0.00118	3.14	99253	117	496047	6510319	65.59
2014	15-19	0.00086	0.00429	2.93	99136	425	494800	6014272	60.67
2014	20-24	0.00193	0.00958	2.36	98710	946	491058	5519471	55.92
2014	25-29	0.00251	0.01246	2.56	97765	1219	485845	5028413	51.43
2014	30-34	0.00277	0.01376	2.67	96546	1329	479638	4542568	47.05
2014	35-39	0.00314	0.01557	2.5	95218	1483	472386	4062930	42.67
2014	40-44	0.00433	0.02142	2.72	93735	2007	464095	3590544	38.31
2014	45-49	0.00568	0.02804	2.7	91727	2572	452729	3126449	34.08
2014	50-54	0.00746	0.03661	2.52	89155	3264	437693	2673720	29.99
2014	55-59	0.00990	0.04831	2.51	85892	4149	419107	2236027	26.03
2014	60-64	0.01327	0.06431	2.59	81742	5257	396052	1816920	22.23
2014	65-69	0.01755	0.08423	2.61	76485	6442	367030	1420868	18.58
2014	70-74	0.02512	0.11848	2.61	70043	8298	330399	1053838	15.05
2014	75-79	0.03745	0.17197	2.62	61745	10618	283502	723439	11.72
2014	80-84	0.06640	0.28652	2.61	51126	14649	220629	439937	8.60
2014	85-89	0.12149	0.46597	2.5	36478	16998	139911	219308	6.01
2014	90-94	0.21188	0.67595	2.32	19480	13168	62147	79397	4.08
2014	95-99	0.34760	0.84622	1.97	6312	5342	15367	17250	2.73
2014	100-104	0.50786	0.93780	1.64	971	910	1792	1882	1.94
2014	105-109	0.66841	0.97468	1.37	60	59	88	90	1.49
2014	110+	0.78492	1.00000	1.27	2	2	2	2	1.27
2015	0	0.00547	0.00544	0.06	100000	544	99488	7498198	74.98
2015	1-4	0.00026	0.00104	1.2	99456	103	397536	7398709	74.39
2015	5-9	0.00019	0.00097	2.63	99353	96	496538	7001173	70.47
2015	10-14	0.00032	0.00161	2.89	99257	160	495949	6504635	65.53
2015	15-19	0.00077	0.00384	3.06	99097	380	494750	6008686	60.63
2015	20-24	0.00194	0.00963	2.83	98717	951	491522	5513936	55.86
2015	25-29	0.00236	0.01172	2.5	97766	1145	485964	5022415	51.37
2015	30-34	0.00293	0.01452	2.61	96620	1403	479752	4536450	46.95
2015	35-39	0.00336	0.01665	2.33	95217	1585	471857	4056698	42.60
2015	40-44	0.00449	0.02221	2.71	93632	2080	463396	3584841	38.29
2015	45-49	0.00617	0.03041	2.72	91552	2784	451400	3121445	34.09
2015	50-54	0.00756	0.03713	2.62	88768	3296	435998	2670045	30.08
2015	55-59	0.00966	0.04718	2.56	85473	4033	417525	2234047	26.14
2015	60-64	0.01375	0.06646	2.5	81440	5413	393688	1816522	22.31
2015	65-69	0.01664	0.07995	2.54	76027	6078	365212	1422834	18.71
2015	70-74	0.02591	0.12206	2.63	69949	8538	329528	1057622	15.12
2015	75-79	0.03965	0.18054	2.53	61411	11087	279656	728094	11.86
2015	80-84	0.06475	0.27856	2.5	50324	14018	216510	448438	8.91
2015	85-89	0.11210	0.44050	2.57	36306	15992	142657	231928	6.39
2015	90-94	0.19319	0.63829	2.34	20313	12966	67113	89271	4.39
2015	95-99	0.31061	0.80925	2.04	7347	5946	19143	22157	3.02
2015	100-104	0.45475	0.91502	1.73	1402	1282	2820	3015	2.15
2015	105-109	0.60792	0.96402	1.46	119	115	189	195	1.64
2015	110+	0.72658	1.00000	1.38	4	4	6	6	1.38
2016	0	0.00658	0.00654	0.06	100000	654	99387	7479089	74.79
2016	1-4	0.00034	0.00136	1.31	99346	135	397022	7379702	74.28
2016	5-9	0.00014	0.00070	2.68	99211	69	495895	6982680	70.38
2016	10-14	0.00021	0.00106	2.84	99142	105	495483	6486785	65.43
2016	15-19	0.00093	0.00462	2.83	99037	457	494194	5991302	60.50
2016	20-24	0.00186	0.00927	2.73	98580	914	490820	5497109	55.76
2016	25-29	0.00203	0.01012	2.7	97666	989	486055	5006289	51.26
2016	30-34	0.00377	0.01868	2.55	96677	1806	478962	4520234	46.76
2016	35-39	0.00378	0.01873	2.63	94871	1777	470144	4041272	42.60
2016	40-44	0.00385	0.01908	2.62	93094	1776	461237	3571127	38.36
2016	45-49	0.00563	0.02777	2.67	91318	2536	450678	3109890	34.06
2016	50-54	0.00751	0.03688	2.63	88782	3274	436162	2659212	29.95
2016	55-59	0.01048	0.05110	2.6	85508	4369	417064	2223050	26.00
2016	60-64	0.01370	0.06634	2.6	81138	5383	392774	1805986	22.26
2016	65-69	0.01785	0.08547	2.51	75756	6475	362682	1413212	18.65
2016	70-74	0.02554	0.12053	2.67	69281	8350	326938	1050531	15.16
2016	75-79	0.04014	0.18317	2.62	60930	11161	278045	723593	11.88
2016	80-84	0.06305	0.27442	2.64	49770	13658	216599	445548	8.95
2016	85-89	0.11081	0.43713	2.59	36112	15786	142458	228949	6.34
2016	90-94	0.20174	0.65673	2.34	20326	13349	66167	86490	4.26
2016	95-99	0.32293	0.82290	2.02	6978	5742	17780	20323	2.91
2016	100-104	0.47668	0.92554	1.7	1236	1144	2399	2543	2.06
2016	105-109	0.63645	0.96962	1.41	92	89	140	144	1.56
2016	110+	0.75660	1.00000	1.32	3	3	4	4	1.32
2017	0	0.00616	0.00612	0.06	100000	612	99425	7492719	74.93
2017	1-4	0.00027	0.00107	1.69	99388	106	397306	7393294	74.39
2017	5-9	0.00013	0.00065	2.25	99281	64	496231	6995988	70.47
2017	10-14	0.00018	0.00092	3.36	99217	91	495937	6499757	65.51
2017	15-19	0.00093	0.00462	2.8	99126	458	494621	6003820	60.57
2017	20-24	0.00187	0.00929	2.27	98668	916	490843	5509199	55.84
2017	25-29	0.00234	0.01164	2.61	97752	1138	486036	5018356	51.34
2017	30-34	0.00293	0.01455	2.48	96614	1406	479529	4532320	46.91
2017	35-39	0.00367	0.01820	2.78	95208	1733	472186	4052791	42.57
2017	40-44	0.00409	0.02025	2.59	93475	1893	462809	3580605	38.31
2017	45-49	0.00581	0.02865	2.7	91582	2624	451871	3117796	34.04
2017	50-54	0.00817	0.04006	2.55	88958	3564	436067	2665925	29.97
2017	55-59	0.01031	0.05027	2.56	85394	4292	416506	2229858	26.11
2017	60-64	0.01350	0.06543	2.68	81102	5307	393192	1813352	22.36
2017	65-69	0.01695	0.08132	2.5	75795	6164	363561	1420160	18.74
2017	70-74	0.02635	0.12418	2.69	69631	8646	328165	1056599	15.17
2017	75-79	0.03893	0.17844	2.67	60984	10882	279534	728434	11.94
2017	80-84	0.06690	0.28823	2.6	50102	14441	215860	448899	8.96
2017	85-89	0.11044	0.43466	2.55	35661	15500	140348	233040	6.53
2017	90-94	0.18103	0.61214	2.36	20161	12341	68172	92692	4.60
2017	95-99	0.29713	0.79359	2.06	7820	6206	20885	24520	3.14
2017	100-104	0.43281	0.90322	1.77	1614	1458	3368	3636	2.25
2017	105-109	0.58002	0.95760	1.5	156	150	258	267	1.71
2017	110+	0.69689	1.00000	1.43	7	7	10	10	1.43
