UT: Utah, Lifetables (period 5x10), Both sexes Last modified: 3 Dec 2019, MPv5 (May07) 

Year     	Age	mx	qx	ax	lx	dx	Lx	Tx	ex
1960-1969	0	0.01884	0.01853	0.1	100000	1853	98334	7216763	72.17
1960-1969	1-4	0.00098	0.00392	1.67	98147	385	391694	7118429	72.53
1960-1969	5-9	0.00049	0.00243	2.17	97763	238	488142	6726734	68.81
1960-1969	10-14	0.00044	0.00218	2.63	97525	212	487122	6238593	63.97
1960-1969	15-19	0.00095	0.00476	2.71	97313	463	485503	5751470	59.10
1960-1969	20-24	0.00122	0.00609	2.55	96850	590	482807	5265968	54.37
1960-1969	25-29	0.00123	0.00615	2.43	96260	592	479780	4783161	49.69
1960-1969	30-34	0.00141	0.00703	2.54	95668	672	476685	4303381	44.98
1960-1969	35-39	0.00201	0.01000	2.61	94995	950	472707	3826696	40.28
1960-1969	40-44	0.00289	0.01436	2.68	94046	1350	467097	3353989	35.66
1960-1969	45-49	0.00464	0.02298	2.72	92695	2130	458612	2886892	31.14
1960-1969	50-54	0.00744	0.03657	2.64	90565	3312	445005	2428280	26.81
1960-1969	55-59	0.01114	0.05426	2.62	87254	4734	425000	1983275	22.73
1960-1969	60-64	0.01695	0.08150	2.63	82519	6725	396652	1558275	18.88
1960-1969	65-69	0.02578	0.12134	2.58	75794	9197	356739	1161622	15.33
1960-1969	70-74	0.04069	0.18543	2.61	66597	12349	303532	804884	12.09
1960-1969	75-79	0.06407	0.27708	2.56	54248	15031	234620	501352	9.24
1960-1969	80-84	0.10561	0.41732	2.49	39217	16366	154970	266732	6.80
1960-1969	85-89	0.17014	0.58568	2.34	22851	13383	78661	111762	4.89
1960-1969	90-94	0.26182	0.74769	2.13	9468	7079	27037	33101	3.50
1960-1969	95-99	0.37984	0.86857	1.88	2389	2075	5462	6064	2.54
1960-1969	100-104	0.51475	0.93816	1.61	314	295	572	602	1.92
1960-1969	105-109	0.64932	0.97086	1.39	19	19	29	30	1.53
1960-1969	110+	0.75097	1.00000	1.33	1	1	1	1	1.33
1970-1979	0	0.01270	0.01255	0.08	100000	1255	98850	7422435	74.22
1970-1979	1-4	0.00075	0.00300	1.56	98745	296	394257	7323585	74.17
1970-1979	5-9	0.00036	0.00179	2.34	98449	176	491774	6929328	70.39
1970-1979	10-14	0.00037	0.00185	2.73	98272	182	490949	6437554	65.51
1970-1979	15-19	0.00099	0.00496	2.8	98090	487	489383	5946605	60.62
1970-1979	20-24	0.00111	0.00555	2.5	97604	542	486662	5457222	55.91
1970-1979	25-29	0.00114	0.00567	2.54	97062	550	483955	4970560	51.21
1970-1979	30-34	0.00126	0.00627	2.57	96512	605	481087	4486605	46.49
1970-1979	35-39	0.00172	0.00856	2.59	95907	821	477558	4005519	41.76
1970-1979	40-44	0.00254	0.01260	2.64	95086	1198	472600	3527961	37.10
1970-1979	45-49	0.00405	0.02004	2.69	93887	1882	465095	3055361	32.54
1970-1979	50-54	0.00617	0.03043	2.68	92006	2800	453524	2590266	28.15
1970-1979	55-59	0.00998	0.04874	2.64	89205	4348	435745	2136742	23.95
1970-1979	60-64	0.01538	0.07418	2.63	84858	6295	409377	1700996	20.05
1970-1979	65-69	0.02320	0.10992	2.61	78563	8636	372157	1291620	16.44
1970-1979	70-74	0.03487	0.16101	2.62	69927	11259	322859	919463	13.15
1970-1979	75-79	0.05543	0.24441	2.58	58668	14339	258672	596604	10.17
1970-1979	80-84	0.08819	0.36198	2.53	44329	16046	181950	337932	7.62
1970-1979	85-89	0.14383	0.52347	2.4	28283	14805	102935	155983	5.52
1970-1979	90-94	0.22588	0.69324	2.21	13478	9343	41364	53047	3.94
1970-1979	95-99	0.33636	0.83287	1.97	4134	3443	10237	11684	2.83
1970-1979	100-104	0.46889	0.92023	1.7	691	636	1356	1446	2.09
1970-1979	105-109	0.60759	0.96330	1.46	55	53	87	90	1.64
1970-1979	110+	0.71575	1.00000	1.4	2	2	3	3	1.40
1980-1989	0	0.00920	0.00912	0.07	100000	912	99155	7662978	76.63
1980-1989	1-4	0.00052	0.00208	1.6	99088	206	395856	7563823	76.33
1980-1989	5-9	0.00025	0.00122	2.29	98881	121	494079	7167967	72.49
1980-1989	10-14	0.00029	0.00143	2.86	98760	141	493501	6673888	67.58
1980-1989	15-19	0.00085	0.00424	2.75	98620	418	492158	6180387	62.67
1980-1989	20-24	0.00094	0.00470	2.49	98201	462	489847	5688230	57.92
1980-1989	25-29	0.00092	0.00459	2.6	97739	449	487618	5198383	53.19
1980-1989	30-34	0.00115	0.00572	2.67	97290	557	485153	4710765	48.42
1980-1989	35-39	0.00140	0.00699	2.55	96733	676	482008	4225612	43.68
1980-1989	40-44	0.00200	0.00994	2.68	96057	955	478069	3743604	38.97
1980-1989	45-49	0.00302	0.01500	2.69	95102	1427	472214	3265535	34.34
1980-1989	50-54	0.00482	0.02383	2.66	93675	2232	463159	2793322	29.82
1980-1989	55-59	0.00760	0.03733	2.68	91443	3414	449293	2330163	25.48
1980-1989	60-64	0.01211	0.05884	2.62	88030	5179	427842	1880869	21.37
1980-1989	65-69	0.01920	0.09186	2.66	82850	7610	396471	1453027	17.54
1980-1989	70-74	0.03019	0.14084	2.63	75240	10597	351033	1056556	14.04
1980-1989	75-79	0.04835	0.21667	2.6	64643	14006	289657	705523	10.91
1980-1989	80-84	0.07631	0.32176	2.57	50637	16293	213520	415866	8.21
1980-1989	85-89	0.12919	0.48570	2.45	34344	16681	129115	202347	5.89
1980-1989	90-94	0.21020	0.66691	2.26	17663	11780	56040	73232	4.15
1980-1989	95-99	0.32296	0.82096	2.01	5883	4830	14956	17191	2.92
1980-1989	100-104	0.46167	0.91769	1.72	1053	967	2094	2235	2.12
1980-1989	105-109	0.60882	0.96396	1.46	87	84	137	142	1.63
1980-1989	110+	0.72364	1.00000	1.38	3	3	4	4	1.38
1990-1999	0	0.00605	0.00602	0.07	100000	602	99438	7825157	78.25
1990-1999	1-4	0.00039	0.00157	1.71	99398	156	397234	7725720	77.72
1990-1999	5-9	0.00019	0.00095	2.32	99242	94	495957	7328485	73.84
1990-1999	10-14	0.00025	0.00125	2.93	99148	124	495482	6832528	68.91
1990-1999	15-19	0.00073	0.00367	2.74	99024	363	494297	6337046	64.00
1990-1999	20-24	0.00079	0.00396	2.48	98661	391	492318	5842749	59.22
1990-1999	25-29	0.00086	0.00429	2.64	98270	421	490354	5350432	54.45
1990-1999	30-34	0.00117	0.00584	2.66	97849	571	487907	4860078	49.67
1990-1999	35-39	0.00154	0.00768	2.58	97277	747	484581	4372171	44.95
1990-1999	40-44	0.00202	0.01005	2.61	96530	970	480334	3887590	40.27
1990-1999	45-49	0.00275	0.01365	2.61	95560	1304	474677	3407256	35.66
1990-1999	50-54	0.00389	0.01926	2.68	94256	1815	467066	2932579	31.11
1990-1999	55-59	0.00623	0.03074	2.73	92441	2842	455766	2465513	26.67
1990-1999	60-64	0.01008	0.04926	2.66	89599	4414	437683	2009747	22.43
1990-1999	65-69	0.01612	0.07768	2.67	85185	6617	410516	1572064	18.45
1990-1999	70-74	0.02613	0.12310	2.66	78568	9671	370174	1161548	14.78
1990-1999	75-79	0.04190	0.19038	2.61	68896	13117	313078	791374	11.49
1990-1999	80-84	0.06915	0.29644	2.59	55780	16535	239116	478296	8.57
1990-1999	85-89	0.12122	0.46409	2.48	39245	18213	150254	239179	6.09
1990-1999	90-94	0.20366	0.65577	2.29	21031	13792	67719	88925	4.23
1990-1999	95-99	0.32134	0.82035	2.02	7240	5939	18482	21206	2.93
1990-1999	100-104	0.46793	0.92125	1.71	1301	1198	2561	2724	2.09
1990-1999	105-109	0.62286	0.96703	1.44	102	99	159	164	1.60
1990-1999	110+	0.74196	1.00000	1.35	3	3	5	5	1.35
2000-2009	0	0.00532	0.00529	0.06	100000	529	99505	7909694	79.10
2000-2009	1-4	0.00029	0.00117	1.54	99471	117	397597	7810189	78.52
2000-2009	5-9	0.00014	0.00072	2.42	99354	72	496586	7412592	74.61
2000-2009	10-14	0.00017	0.00085	2.85	99283	85	496231	6916005	69.66
2000-2009	15-19	0.00054	0.00271	2.82	99198	269	495405	6419774	64.72
2000-2009	20-24	0.00076	0.00378	2.5	98929	374	493713	5924369	59.88
2000-2009	25-29	0.00092	0.00457	2.55	98555	451	491672	5430657	55.10
2000-2009	30-34	0.00111	0.00552	2.53	98105	541	489185	4938985	50.34
2000-2009	35-39	0.00145	0.00722	2.64	97563	704	486158	4449800	45.61
2000-2009	40-44	0.00203	0.01009	2.62	96859	977	481966	3963642	40.92
2000-2009	45-49	0.00296	0.01470	2.64	95882	1410	476078	3481676	36.31
2000-2009	50-54	0.00406	0.02011	2.63	94472	1900	467864	3005598	31.81
2000-2009	55-59	0.00588	0.02900	2.65	92572	2685	456554	2537734	27.41
2000-2009	60-64	0.00916	0.04482	2.64	89887	4029	439945	2081180	23.15
2000-2009	65-69	0.01369	0.06633	2.66	85858	5695	415971	1641235	19.12
2000-2009	70-74	0.02218	0.10541	2.66	80163	8450	381035	1225264	15.28
2000-2009	75-79	0.03770	0.17310	2.64	71713	12413	329241	844229	11.77
2000-2009	80-84	0.06448	0.27968	2.63	59300	16585	257225	514988	8.68
2000-2009	85-89	0.12039	0.46273	2.5	42715	19765	164175	257763	6.03
2000-2009	90-94	0.21189	0.67237	2.28	22950	15431	72823	93588	4.08
2000-2009	95-99	0.34334	0.84256	1.98	7519	6335	18452	20765	2.76
2000-2009	100-104	0.50384	0.93645	1.65	1184	1109	2200	2313	1.95
2000-2009	105-109	0.66584	0.97436	1.37	75	73	110	113	1.50
2000-2009	110+	0.78391	1.00000	1.28	2	2	2	2	1.28
2010-2017	0	0.00517	0.00515	0.06	100000	515	99517	7973898	79.74
2010-2017	1-4	0.00022	0.00090	1.57	99485	89	397724	7874380	79.15
2010-2017	5-9	0.00011	0.00054	2.28	99396	54	496834	7476656	75.22
2010-2017	10-14	0.00016	0.00078	2.88	99342	77	496548	6979823	70.26
2010-2017	15-19	0.00052	0.00259	2.79	99265	257	495757	6483275	65.31
2010-2017	20-24	0.00077	0.00384	2.52	99008	380	494097	5987518	60.48
2010-2017	25-29	0.00103	0.00512	2.61	98627	505	491932	5493421	55.70
2010-2017	30-34	0.00121	0.00603	2.53	98123	591	489154	5001490	50.97
2010-2017	35-39	0.00144	0.00719	2.57	97531	701	485951	4512336	46.27
2010-2017	40-44	0.00192	0.00954	2.59	96830	924	481930	4026385	41.58
2010-2017	45-49	0.00282	0.01402	2.63	95907	1345	476348	3544455	36.96
2010-2017	50-54	0.00414	0.02049	2.66	94562	1938	468274	3068107	32.45
2010-2017	55-59	0.00600	0.02956	2.62	92624	2738	456596	2599833	28.07
2010-2017	60-64	0.00847	0.04152	2.63	89886	3732	440571	2143237	23.84
2010-2017	65-69	0.01225	0.05952	2.65	86154	5128	418745	1702666	19.76
2010-2017	70-74	0.02025	0.09666	2.65	81026	7832	386688	1283921	15.85
2010-2017	75-79	0.03415	0.15820	2.67	73194	11579	339031	897234	12.26
2010-2017	80-84	0.05858	0.25750	2.65	61615	15866	270829	558203	9.06
2010-2017	85-89	0.11197	0.43848	2.53	45749	20060	179160	287374	6.28
2010-2017	90-94	0.20209	0.65489	2.31	25689	16824	83250	108214	4.21
2010-2017	95-99	0.33522	0.83595	2	8866	7411	22108	24964	2.82
2010-2017	100-104	0.50100	0.93592	1.65	1454	1361	2717	2856	1.96
2010-2017	105-109	0.66938	0.97507	1.37	93	91	136	139	1.49
2010-2017	110+	0.79119	1.00000	1.26	2	2	3	3	1.26
