UT: Utah, Lifetables (period 5x1), Males Last modified: 3 Dec 2019, MPv5 (May07) 

Year	Age	mx	qx	ax	lx	dx	Lx	Tx	ex
1959	0	0.02216	0.02173	0.1	100000	2173	98054	6869448	68.69
1959	1-4	0.00130	0.00518	1.71	97827	507	390147	6771394	69.22
1959	5-9	0.00064	0.00318	1.93	97320	309	485650	6381247	65.57
1959	10-14	0.00054	0.00269	2.89	97011	261	484504	5895597	60.77
1959	15-19	0.00207	0.01029	2.85	96750	996	481609	5411094	55.93
1959	20-24	0.00175	0.00869	2.52	95755	832	476708	4929485	51.48
1959	25-29	0.00154	0.00766	2.23	94923	727	472600	4452777	46.91
1959	30-34	0.00114	0.00571	2.66	94195	538	469719	3980177	42.25
1959	35-39	0.00200	0.00994	2.2	93658	931	465686	3510459	37.48
1959	40-44	0.00404	0.02003	2.72	92727	1857	459405	3044772	32.84
1959	45-49	0.00591	0.02918	2.83	90870	2652	448594	2585367	28.45
1959	50-54	0.01032	0.05041	2.68	88219	4447	430777	2136773	24.22
1959	55-59	0.01491	0.07215	2.75	83772	6044	405255	1705996	20.36
1959	60-64	0.02427	0.11480	2.65	77728	8923	367668	1300741	16.73
1959	65-69	0.03916	0.17908	2.61	68805	12321	314615	933073	13.56
1959	70-74	0.05122	0.22716	2.51	56483	12831	250499	618458	10.95
1959	75-79	0.07988	0.33551	2.62	43652	14646	183360	367960	8.43
1959	80-84	0.12323	0.46693	2.41	29007	13544	109907	184599	6.36
1959	85-89	0.17853	0.60112	2.28	15463	9295	52063	74693	4.83
1959	90-94	0.25095	0.72879	2.12	6168	4495	17912	22629	3.67
1959	95-99	0.34001	0.83250	1.94	1673	1393	4096	4718	2.82
1959	100-104	0.44179	0.90414	1.73	280	253	573	622	2.22
1959	105-109	0.54897	0.94703	1.54	27	25	46	49	1.81
1959	110+	0.63541	1.00000	1.57	1	1	2	2	1.57
1960	0	0.02283	0.02237	0.11	100000	2237	98001	6835486	68.35
1960	1-4	0.00108	0.00432	1.63	97763	423	390048	6737485	68.92
1960	5-9	0.00070	0.00350	2.39	97340	341	485811	6347437	65.21
1960	10-14	0.00050	0.00249	2.72	96999	242	484445	5861626	60.43
1960	15-19	0.00173	0.00863	2.87	96758	835	482011	5377181	55.57
1960	20-24	0.00157	0.00784	2.17	95922	752	477487	4895170	51.03
1960	25-29	0.00172	0.00854	2.32	95171	812	473675	4417682	46.42
1960	30-34	0.00165	0.00820	2.74	94358	774	470042	3944007	41.80
1960	35-39	0.00287	0.01426	2.55	93585	1334	464660	3473966	37.12
1960	40-44	0.00466	0.02303	2.68	92250	2125	456312	3009306	32.62
1960	45-49	0.00711	0.03498	2.77	90125	3152	443585	2552993	28.33
1960	50-54	0.01055	0.05148	2.62	86973	4478	424215	2109409	24.25
1960	55-59	0.01575	0.07598	2.67	82495	6268	397875	1685193	20.43
1960	60-64	0.02248	0.10709	2.8	76227	8163	363160	1287319	16.89
1960	65-69	0.03378	0.15652	2.65	68064	10653	315336	924158	13.58
1960	70-74	0.05495	0.24300	2.62	57411	13951	253882	608823	10.60
1960	75-79	0.08129	0.33521	2.39	43460	14568	179220	354940	8.17
1960	80-84	0.12818	0.48141	2.42	28892	13909	108508	175721	6.08
1960	85-89	0.19367	0.63323	2.27	14983	9488	48988	67213	4.49
1960	90-94	0.28092	0.77086	2.07	5495	4236	15079	18225	3.32
1960	95-99	0.38786	0.87253	1.85	1259	1099	2833	3145	2.50
1960	100-104	0.50683	0.93409	1.62	161	150	296	313	1.95
1960	105-109	0.62574	0.96603	1.42	11	10	16	17	1.59
1960	110+	0.71756	1.00000	1.39	0	0	1	1	1.39
1961	0	0.02192	0.02149	0.1	100000	2149	98074	6899809	69.00
1961	1-4	0.00098	0.00391	1.7	97851	382	390525	6801735	69.51
1961	5-9	0.00036	0.00181	2.22	97468	177	486849	6411210	65.78
1961	10-14	0.00054	0.00267	2.99	97292	260	485935	5924361	60.89
1961	15-19	0.00152	0.00759	2.75	97032	737	483503	5438426	56.05
1961	20-24	0.00192	0.00956	2.46	96295	920	479134	4954922	51.46
1961	25-29	0.00200	0.00994	2.32	95375	948	474337	4475788	46.93
1961	30-34	0.00207	0.01029	2.75	94427	971	469945	4001451	42.38
1961	35-39	0.00242	0.01205	2.6	93455	1126	464574	3531506	37.79
1961	40-44	0.00364	0.01806	2.82	92329	1667	458016	3066932	33.22
1961	45-49	0.00670	0.03300	2.8	90662	2992	446720	2608917	28.78
1961	50-54	0.00980	0.04793	2.77	87670	4202	428964	2162196	24.66
1961	55-59	0.01563	0.07551	2.78	83468	6303	403340	1733233	20.77
1961	60-64	0.02339	0.11059	2.54	77165	8534	364849	1329893	17.23
1961	65-69	0.03235	0.15022	2.62	68631	10310	318659	965044	14.06
1961	70-74	0.04754	0.21321	2.58	58322	12435	261577	646384	11.08
1961	75-79	0.08084	0.33696	2.53	45887	15462	191270	384808	8.39
1961	80-84	0.11925	0.45687	2.44	30425	13900	116561	193538	6.36
1961	85-89	0.18369	0.61359	2.3	16525	10139	55197	76977	4.66
1961	90-94	0.27122	0.75894	2.1	6385	4846	17867	21780	3.41
1961	95-99	0.38018	0.86745	1.87	1539	1335	3512	3912	2.54
1961	100-104	0.50268	0.93286	1.63	204	190	379	400	1.96
1961	105-109	0.62563	0.96617	1.42	14	13	21	22	1.59
1961	110+	0.72042	1.00000	1.39	0	0	1	1	1.39
1962	0	0.02402	0.02352	0.11	100000	2352	97906	6864130	68.64
1962	1-4	0.00123	0.00490	1.52	97648	478	389407	6766224	69.29
1962	5-9	0.00071	0.00354	2.03	97170	344	484831	6376817	65.63
1962	10-14	0.00054	0.00270	2.39	96827	261	483454	5891986	60.85
1962	15-19	0.00134	0.00667	2.83	96566	644	481429	5408532	56.01
1962	20-24	0.00219	0.01089	2.54	95922	1045	477036	4927104	51.37
1962	25-29	0.00162	0.00806	2.39	94877	764	472391	4450068	46.90
1962	30-34	0.00196	0.00973	2.25	94113	916	468045	3977677	42.26
1962	35-39	0.00281	0.01396	2.38	93197	1301	462570	3509632	37.66
1962	40-44	0.00298	0.01478	2.57	91896	1359	456183	3047062	33.16
1962	45-49	0.00614	0.03026	2.69	90537	2739	446357	2590879	28.62
1962	50-54	0.01036	0.05061	2.7	87798	4444	428778	2144522	24.43
1962	55-59	0.01461	0.07058	2.59	83354	5883	402580	1715744	20.58
1962	60-64	0.02310	0.10981	2.76	77471	8507	368278	1313165	16.95
1962	65-69	0.03596	0.16507	2.52	68964	11384	316580	944886	13.70
1962	70-74	0.04887	0.21724	2.45	57580	12508	255978	628306	10.91
1962	75-79	0.07827	0.32714	2.49	45072	14745	188396	372328	8.26
1962	80-84	0.12144	0.46504	2.48	30327	14103	116132	183933	6.07
1962	85-89	0.20657	0.66150	2.28	16224	10732	51952	67800	4.18
1962	90-94	0.32699	0.82605	2.01	5492	4536	13874	15848	2.89
1962	95-99	0.47470	0.92414	1.7	955	883	1860	1974	2.07
1962	100-104	0.62825	0.96792	1.43	72	70	112	115	1.58
1962	105-109	0.76145	0.98469	1.24	2	2	3	3	1.31
1962	110+	0.84953	1.00000	1.18	0	0	0	0	1.18
1963	0	0.02099	0.02060	0.1	100000	2060	98149	6849062	68.49
1963	1-4	0.00117	0.00468	1.51	97940	459	390621	6750914	68.93
1963	5-9	0.00056	0.00279	2.53	97481	272	486735	6360293	65.25
1963	10-14	0.00035	0.00175	3.3	97210	170	485757	5873558	60.42
1963	15-19	0.00138	0.00685	2.37	97039	665	483447	5387801	55.52
1963	20-24	0.00227	0.01130	2.87	96374	1089	479550	4904354	50.89
1963	25-29	0.00162	0.00806	2.57	95285	768	474560	4424804	46.44
1963	30-34	0.00178	0.00886	2.85	94517	838	470782	3950244	41.79
1963	35-39	0.00277	0.01375	2.5	93679	1288	465179	3479462	37.14
1963	40-44	0.00414	0.02050	2.74	92391	1894	457672	3014283	32.63
1963	45-49	0.00683	0.03364	2.71	90497	3044	445522	2556611	28.25
1963	50-54	0.00992	0.04840	2.46	87453	4232	426524	2111089	24.14
1963	55-59	0.01637	0.07881	2.64	83220	6558	400638	1684565	20.24
1963	60-64	0.02118	0.10104	2.72	76662	7746	365674	1283927	16.75
1963	65-69	0.03931	0.17904	2.51	68916	12339	313851	918253	13.32
1963	70-74	0.05319	0.23582	2.6	56578	13342	250856	604402	10.68
1963	75-79	0.07782	0.32648	2.53	43235	14115	181379	353546	8.18
1963	80-84	0.12765	0.48187	2.46	29120	14032	109925	172167	5.91
1963	85-89	0.21114	0.66904	2.26	15088	10094	47808	62242	4.13
1963	90-94	0.32693	0.82513	2	4993	4120	12603	14433	2.89
1963	95-99	0.46776	0.92051	1.71	873	804	1718	1830	2.10
1963	100-104	0.61496	0.96515	1.45	69	67	109	112	1.62
1963	105-109	0.74537	0.98313	1.26	2	2	3	3	1.34
1963	110+	0.83405	1.00000	1.2	0	0	0	0	1.20
1964	0	0.02344	0.02296	0.11	100000	2296	97952	6890087	68.90
1964	1-4	0.00101	0.00405	1.85	97704	396	389968	6792135	69.52
1964	5-9	0.00050	0.00251	2.24	97309	245	485867	6402168	65.79
1964	10-14	0.00043	0.00213	2.25	97064	206	484752	5916301	60.95
1964	15-19	0.00122	0.00607	2.38	96857	588	482749	5431549	56.08
1964	20-24	0.00208	0.01033	2.65	96270	995	479008	4948800	51.41
1964	25-29	0.00162	0.00806	2.43	95275	768	474399	4469792	46.91
1964	30-34	0.00180	0.00898	2.94	94507	849	470786	3995393	42.28
1964	35-39	0.00259	0.01287	2.64	93658	1206	465438	3524607	37.63
1964	40-44	0.00362	0.01795	2.51	92452	1660	458130	3059169	33.09
1964	45-49	0.00644	0.03175	2.74	90792	2882	447434	2601038	28.65
1964	50-54	0.01078	0.05248	2.53	87910	4614	428167	2153605	24.50
1964	55-59	0.01327	0.06428	2.58	83296	5354	403544	1725437	20.71
1964	60-64	0.02350	0.11077	2.42	77942	8634	367426	1321893	16.96
1964	65-69	0.03742	0.17170	2.6	69308	11900	317973	954467	13.77
1964	70-74	0.04988	0.22218	2.54	57408	12755	255696	636494	11.09
1964	75-79	0.07144	0.30178	2.43	44653	13475	188636	380798	8.53
1964	80-84	0.12504	0.47302	2.43	31178	14748	117948	192162	6.16
1964	85-89	0.19137	0.62904	2.28	16430	10335	54006	74214	4.52
1964	90-94	0.28061	0.77088	2.08	6095	4698	16744	20208	3.32
1964	95-99	0.39059	0.87479	1.84	1397	1222	3128	3464	2.48
1964	100-104	0.51298	0.93655	1.61	175	164	319	337	1.93
1964	105-109	0.63462	0.96780	1.41	11	11	17	17	1.57
1964	110+	0.72786	1.00000	1.37	0	0	0	0	1.37
1965	0	0.02086	0.02048	0.1	100000	2048	98159	6875685	68.76
1965	1-4	0.00113	0.00450	1.69	97952	441	390789	6777526	69.19
1965	5-9	0.00061	0.00304	1.97	97511	297	486659	6386737	65.50
1965	10-14	0.00044	0.00221	2.65	97215	215	485568	5900078	60.69
1965	15-19	0.00114	0.00568	3.01	97000	551	483901	5414510	55.82
1965	20-24	0.00170	0.00847	2.46	96448	817	480163	4930608	51.12
1965	25-29	0.00153	0.00763	2.26	95631	729	476161	4450445	46.54
1965	30-34	0.00167	0.00831	2.35	94902	788	472423	3974284	41.88
1965	35-39	0.00284	0.01411	2.6	94114	1327	467376	3501861	37.21
1965	40-44	0.00402	0.01992	2.91	92786	1849	460075	3034485	32.70
1965	45-49	0.00671	0.03302	2.71	90937	3003	447811	2574410	28.31
1965	50-54	0.00994	0.04862	2.78	87934	4275	430179	2126599	24.18
1965	55-59	0.01600	0.07704	2.58	83659	6445	402712	1696420	20.28
1965	60-64	0.02187	0.10402	2.66	77214	8032	367312	1293708	16.75
1965	65-69	0.03602	0.16543	2.54	69183	11445	317756	926396	13.39
1965	70-74	0.05611	0.24585	2.48	57738	14195	252977	608640	10.54
1965	75-79	0.07947	0.33187	2.52	43543	14451	181837	355663	8.17
1965	80-84	0.13312	0.49415	2.39	29093	14376	107991	173826	5.97
1965	85-89	0.19571	0.63643	2.25	14717	9366	47857	65835	4.47
1965	90-94	0.27756	0.76573	2.07	5351	4097	14761	17978	3.36
1965	95-99	0.37699	0.86383	1.86	1253	1083	2872	3217	2.57
1965	100-104	0.48793	0.92619	1.65	171	158	324	345	2.02
1965	105-109	0.60059	0.96055	1.46	13	12	20	21	1.66
1965	110+	0.68912	1.00000	1.45	0	0	1	1	1.45
1966	0	0.02093	0.02055	0.1	100000	2055	98153	6857535	68.58
1966	1-4	0.00113	0.00451	1.76	97945	442	390794	6759382	69.01
1966	5-9	0.00066	0.00328	2.17	97504	320	486614	6368588	65.32
1966	10-14	0.00046	0.00231	2.92	97184	224	485453	5881974	60.52
1966	15-19	0.00174	0.00865	2.63	96960	838	482809	5396521	55.66
1966	20-24	0.00192	0.00957	2.76	96121	920	478546	4913711	51.12
1966	25-29	0.00216	0.01072	2.01	95201	1020	472952	4435166	46.59
1966	30-34	0.00183	0.00913	2.58	94181	860	468823	3962214	42.07
1966	35-39	0.00235	0.01167	2.82	93320	1089	464230	3493391	37.43
1966	40-44	0.00337	0.01672	2.74	92232	1542	457679	3029161	32.84
1966	45-49	0.00608	0.02994	2.45	90690	2716	446525	2571482	28.35
1966	50-54	0.00933	0.04560	2.51	87975	4011	429867	2124957	24.15
1966	55-59	0.01542	0.07442	2.66	83963	6248	405208	1695090	20.19
1966	60-64	0.02594	0.12165	2.45	77715	9454	364426	1289882	16.60
1966	65-69	0.03314	0.15342	2.58	68261	10472	315990	925456	13.56
1966	70-74	0.05832	0.25576	2.6	57788	14780	253427	609466	10.55
1966	75-79	0.08142	0.33532	2.37	43009	14422	177129	356039	8.28
1966	80-84	0.12604	0.47469	2.4	28587	13570	107665	178910	6.26
1966	85-89	0.18261	0.60967	2.28	15017	9155	50136	71245	4.74
1966	90-94	0.25651	0.73683	2.11	5861	4319	16837	21108	3.60
1966	95-99	0.34704	0.83886	1.92	1543	1294	3729	4271	2.77
1966	100-104	0.44999	0.90842	1.72	249	226	502	542	2.18
1966	105-109	0.55769	0.94956	1.53	23	22	39	41	1.78
1966	110+	0.64423	1.00000	1.55	1	1	2	2	1.55
1967	0	0.02003	0.01968	0.1	100000	1968	98227	6940647	69.41
1967	1-4	0.00119	0.00474	1.94	98032	464	391173	6842420	69.80
1967	5-9	0.00065	0.00323	2.2	97568	315	486959	6451247	66.12
1967	10-14	0.00050	0.00250	2.52	97253	243	485664	5964288	61.33
1967	15-19	0.00098	0.00487	2.77	97011	472	483997	5478624	56.47
1967	20-24	0.00135	0.00672	2.35	96538	648	480975	4994627	51.74
1967	25-29	0.00164	0.00819	2.71	95890	785	477653	4513652	47.07
1967	30-34	0.00199	0.00991	2.13	95105	942	472815	4035999	42.44
1967	35-39	0.00262	0.01299	2.57	94162	1223	467842	3563184	37.84
1967	40-44	0.00380	0.01883	2.45	92939	1750	460228	3095342	33.31
1967	45-49	0.00560	0.02765	2.71	91189	2521	450168	2635114	28.90
1967	50-54	0.01015	0.04956	2.61	88668	4394	432844	2184946	24.64
1967	55-59	0.01658	0.07985	2.68	84274	6729	405766	1752102	20.79
1967	60-64	0.02084	0.09917	2.57	77544	7690	369065	1346336	17.36
1967	65-69	0.03426	0.15768	2.47	69855	11015	321456	977272	13.99
1967	70-74	0.05013	0.22405	2.63	58840	13183	262963	655815	11.15
1967	75-79	0.07442	0.31353	2.49	45657	14315	192367	392852	8.60
1967	80-84	0.10975	0.43157	2.53	31342	13526	123245	200486	6.40
1967	85-89	0.19520	0.64098	2.32	17816	11420	58503	77240	4.34
1967	90-94	0.32050	0.82090	2.03	6396	5251	16383	18737	2.93
1967	95-99	0.47731	0.92610	1.7	1146	1061	2223	2354	2.06
1967	100-104	0.64031	0.97039	1.41	85	82	128	132	1.55
1967	105-109	0.77843	0.98620	1.21	3	2	3	3	1.28
1967	110+	0.86642	1.00000	1.15	0	0	0	0	1.15
1968	0	0.02225	0.02182	0.1	100000	2182	98047	6905181	69.05
1968	1-4	0.00080	0.00320	1.3	97818	313	390429	6807134	69.59
1968	5-9	0.00054	0.00270	2.59	97506	264	486893	6416705	65.81
1968	10-14	0.00058	0.00288	2.79	97242	280	485591	5929812	60.98
1968	15-19	0.00155	0.00772	2.6	96962	748	483015	5444221	56.15
1968	20-24	0.00143	0.00711	2.46	96214	684	479334	4961205	51.56
1968	25-29	0.00169	0.00840	2.31	95530	803	475493	4481871	46.92
1968	30-34	0.00198	0.00984	2.5	94727	932	471303	4006378	42.29
1968	35-39	0.00246	0.01221	2.64	93795	1145	466273	3535075	37.69
1968	40-44	0.00375	0.01859	2.49	92650	1723	458933	3068802	33.12
1968	45-49	0.00498	0.02465	2.94	90928	2241	450026	2609869	28.70
1968	50-54	0.00911	0.04459	2.59	88686	3955	433883	2159843	24.35
1968	55-59	0.01424	0.06888	2.62	84732	5836	409780	1725959	20.37
1968	60-64	0.02387	0.11267	2.51	78896	8889	372348	1316179	16.68
1968	65-69	0.03402	0.15678	2.51	70007	10976	322663	943831	13.48
1968	70-74	0.05687	0.24998	2.58	59031	14757	259495	621168	10.52
1968	75-79	0.08454	0.34795	2.46	44274	15405	182235	361674	8.17
1968	80-84	0.12187	0.46469	2.45	28869	13415	110079	179438	6.22
1968	85-89	0.19165	0.63037	2.29	15454	9742	50831	69359	4.49
1968	90-94	0.28710	0.77977	2.07	5712	4454	15515	18529	3.24
1968	95-99	0.40536	0.88541	1.82	1258	1114	2748	3014	2.40
1968	100-104	0.53592	0.94466	1.57	144	136	254	266	1.85
1968	105-109	0.66278	0.97274	1.37	8	8	12	12	1.50
1968	110+	0.75757	1.00000	1.32	0	0	0	0	1.32
1969	0	0.02006	0.01970	0.1	100000	1970	98225	6980073	69.80
1969	1-4	0.00096	0.00383	1.67	98030	376	391247	6881848	70.20
1969	5-9	0.00048	0.00238	2.32	97655	232	487650	6490602	66.46
1969	10-14	0.00054	0.00270	2.68	97422	263	486501	6002952	61.62
1969	15-19	0.00132	0.00660	3.01	97159	642	484518	5516450	56.78
1969	20-24	0.00159	0.00793	2.68	96517	765	480811	5031932	52.13
1969	25-29	0.00151	0.00751	2.07	95752	719	476652	4551121	47.53
1969	30-34	0.00170	0.00846	2.5	95033	804	473156	4074469	42.87
1969	35-39	0.00230	0.01144	2.6	94229	1078	468555	3601314	38.22
1969	40-44	0.00316	0.01569	2.61	93151	1461	462267	3132759	33.63
1969	45-49	0.00504	0.02490	2.8	91690	2283	453423	2670492	29.13
1969	50-54	0.00938	0.04596	2.88	89406	4109	438324	2217068	24.80
1969	55-59	0.01459	0.07046	2.58	85297	6010	411927	1778744	20.85
1969	60-64	0.02379	0.11271	2.67	79287	8937	375591	1366817	17.24
1969	65-69	0.03324	0.15370	2.56	70350	10813	325323	991227	14.09
1969	70-74	0.05062	0.22457	2.49	59537	13370	264155	665904	11.18
1969	75-79	0.07285	0.30775	2.48	46167	14208	195040	401749	8.70
1969	80-84	0.11946	0.45661	2.42	31959	14593	122161	206709	6.47
1969	85-89	0.17589	0.59592	2.29	17366	10349	58836	84548	4.87
1969	90-94	0.25073	0.72896	2.13	7017	5115	20402	25712	3.66
1969	95-99	0.34348	0.83613	1.93	1902	1590	4630	5310	2.79
1969	100-104	0.44970	0.90861	1.72	312	283	630	680	2.18
1969	105-109	0.56104	0.95071	1.52	28	27	48	50	1.77
1969	110+	0.65039	1.00000	1.54	1	1	2	2	1.54
1970	0	0.01774	0.01746	0.09	100000	1746	98416	6925568	69.26
1970	1-4	0.00086	0.00342	1.81	98254	336	392282	6827152	69.48
1970	5-9	0.00050	0.00251	2.47	97919	246	488970	6434869	65.72
1970	10-14	0.00049	0.00244	2.72	97673	239	487820	5945899	60.88
1970	15-19	0.00176	0.00874	2.89	97434	852	485369	5458079	56.02
1970	20-24	0.00197	0.00983	2.71	96582	949	480742	4972709	51.49
1970	25-29	0.00188	0.00937	2.54	95633	896	475964	4491967	46.97
1970	30-34	0.00166	0.00828	2.66	94737	785	471847	4016003	42.39
1970	35-39	0.00242	0.01204	2.64	93952	1131	467087	3544155	37.72
1970	40-44	0.00382	0.01894	2.88	92821	1758	460371	3077068	33.15
1970	45-49	0.00666	0.03283	2.74	91063	2990	448570	2616698	28.73
1970	50-54	0.01028	0.05022	2.76	88074	4423	430458	2168127	24.62
1970	55-59	0.01406	0.06807	2.68	83650	5694	405034	1737670	20.77
1970	60-64	0.02299	0.10903	2.64	77956	8499	369686	1332636	17.09
1970	65-69	0.03734	0.17126	2.58	69457	11895	318539	962950	13.86
1970	70-74	0.05291	0.23460	2.59	57561	13504	255207	644411	11.20
1970	75-79	0.07678	0.32409	2.6	44057	14278	185961	389204	8.83
1970	80-84	0.10557	0.41711	2.48	29779	12421	117655	203243	6.83
1970	85-89	0.16882	0.58253	2.34	17358	10111	59893	85587	4.93
1970	90-94	0.25784	0.74174	2.14	7246	5375	20847	25694	3.55
1970	95-99	0.37168	0.86200	1.89	1871	1613	4340	4848	2.59
1970	100-104	0.50168	0.93310	1.63	258	241	480	508	1.97
1970	105-109	0.63239	0.96776	1.41	17	17	26	27	1.57
1970	110+	0.73232	1.00000	1.37	1	1	1	1	1.37
1971	0	0.01676	0.01651	0.09	100000	1651	98498	6967811	69.68
1971	1-4	0.00114	0.00453	1.56	98349	446	392310	6869313	69.85
1971	5-9	0.00045	0.00227	2.39	97903	222	488938	6477003	66.16
1971	10-14	0.00048	0.00241	2.97	97681	236	487925	5988066	61.30
1971	15-19	0.00139	0.00694	2.75	97445	676	485705	5500140	56.44
1971	20-24	0.00157	0.00780	2.43	96769	755	481903	5014436	51.82
1971	25-29	0.00137	0.00683	2.6	96014	656	478495	4532533	47.21
1971	30-34	0.00157	0.00783	2.83	95358	747	475167	4054037	42.51
1971	35-39	0.00204	0.01015	2.73	94611	960	470875	3578871	37.83
1971	40-44	0.00369	0.01832	2.71	93651	1715	464336	3107995	33.19
1971	45-49	0.00570	0.02816	2.79	91936	2589	453961	2643659	28.76
1971	50-54	0.00847	0.04149	2.56	89347	3707	437671	2189698	24.51
1971	55-59	0.01639	0.07891	2.65	85640	6758	412325	1752027	20.46
1971	60-64	0.02435	0.11489	2.55	78882	9063	372216	1339702	16.98
1971	65-69	0.03485	0.16039	2.52	69820	11198	321304	967485	13.86
1971	70-74	0.05039	0.22444	2.57	58621	13157	261084	646181	11.02
1971	75-79	0.08156	0.34050	2.58	45465	15481	189818	385098	8.47
1971	80-84	0.11887	0.45479	2.42	29984	13636	114720	195280	6.51
1971	85-89	0.17364	0.59084	2.3	16347	9659	55626	80559	4.93
1971	90-94	0.24598	0.72166	2.14	6689	4827	19624	24933	3.73
1971	95-99	0.33561	0.82864	1.95	1862	1543	4597	5310	2.85
1971	100-104	0.43862	0.90261	1.74	319	288	656	713	2.23
1971	105-109	0.54746	0.94669	1.55	31	29	54	56	1.81
1971	110+	0.63534	1.00000	1.57	2	2	3	3	1.57
1972	0	0.01483	0.01463	0.08	100000	1463	98661	6970903	69.71
1972	1-4	0.00119	0.00476	1.77	98537	469	393104	6872242	69.74
1972	5-9	0.00048	0.00239	2.2	98068	234	489683	6479138	66.07
1972	10-14	0.00050	0.00248	2.6	97833	243	488584	5989455	61.22
1972	15-19	0.00171	0.00853	2.98	97590	832	486266	5500872	56.37
1972	20-24	0.00200	0.00996	2.45	96758	964	481337	5014605	51.83
1972	25-29	0.00146	0.00725	2.41	95794	695	477174	4533268	47.32
1972	30-34	0.00155	0.00772	2.36	95100	735	473562	4056094	42.65
1972	35-39	0.00231	0.01147	2.89	94365	1082	469542	3582533	37.96
1972	40-44	0.00382	0.01893	2.7	93283	1766	462345	3112991	33.37
1972	45-49	0.00616	0.03041	2.83	91517	2783	451540	2650646	28.96
1972	50-54	0.00903	0.04419	2.64	88734	3921	434423	2199105	24.78
1972	55-59	0.01479	0.07125	2.43	84812	6043	408534	1764682	20.81
1972	60-64	0.02419	0.11421	2.56	78769	8996	371896	1356148	17.22
1972	65-69	0.03270	0.15178	2.64	69773	10590	323862	984252	14.11
1972	70-74	0.04724	0.21311	2.71	59183	12612	266977	660390	11.16
1972	75-79	0.08237	0.34061	2.46	46571	15862	192567	393414	8.45
1972	80-84	0.12028	0.45525	2.33	30709	13980	116229	200847	6.54
1972	85-89	0.16780	0.57805	2.31	16728	9670	57628	84619	5.06
1972	90-94	0.23853	0.71034	2.15	7059	5014	21020	26991	3.82
1972	95-99	0.32675	0.82019	1.96	2045	1677	5132	5971	2.92
1972	100-104	0.42890	0.89726	1.76	368	330	769	839	2.28
1972	105-109	0.53770	0.94372	1.56	38	36	66	70	1.85
1972	110+	0.62592	1.00000	1.6	2	2	3	3	1.60
1973	0	0.01441	0.01422	0.08	100000	1422	98697	6993962	69.94
1973	1-4	0.00080	0.00319	1.46	98578	315	393514	6895265	69.95
1973	5-9	0.00049	0.00245	2.39	98264	240	490692	6501751	66.17
1973	10-14	0.00044	0.00218	2.59	98023	214	489602	6011059	61.32
1973	15-19	0.00172	0.00856	2.85	97809	838	487243	5521458	56.45
1973	20-24	0.00178	0.00884	2.42	96972	857	482649	5034215	51.91
1973	25-29	0.00175	0.00873	2.72	96115	839	478657	4551566	47.36
1973	30-34	0.00163	0.00811	2.17	95276	773	474194	4072908	42.75
1973	35-39	0.00258	0.01282	2.42	94503	1212	469392	3598714	38.08
1973	40-44	0.00366	0.01813	2.63	93291	1691	462439	3129323	33.54
1973	45-49	0.00580	0.02857	2.47	91600	2617	451367	2666883	29.11
1973	50-54	0.00959	0.04687	2.56	88983	4170	434738	2215516	24.90
1973	55-59	0.01484	0.07176	2.71	84813	6086	410117	1780779	21.00
1973	60-64	0.02097	0.09984	2.6	78727	7860	374782	1370662	17.41
1973	65-69	0.03525	0.16302	2.69	70867	11553	327697	995880	14.05
1973	70-74	0.04847	0.21687	2.57	59314	12863	265364	668183	11.27
1973	75-79	0.07798	0.32752	2.56	46451	15213	195092	402819	8.67
1973	80-84	0.10982	0.42990	2.48	31237	13429	122286	207727	6.65
1973	85-89	0.17515	0.59639	2.33	17808	10621	60639	85441	4.80
1973	90-94	0.26646	0.75364	2.12	7188	5417	20329	24802	3.45
1973	95-99	0.38226	0.86989	1.87	1771	1540	4030	4473	2.53
1973	100-104	0.51316	0.93727	1.61	230	216	421	443	1.92
1973	105-109	0.64327	0.96966	1.4	14	14	22	22	1.55
1973	110+	0.74191	1.00000	1.35	0	0	1	1	1.35
1974	0	0.01434	0.01415	0.08	100000	1415	98703	7091257	70.91
1974	1-4	0.00089	0.00355	1.61	98585	350	393502	6992554	70.93
1974	5-9	0.00060	0.00299	2.34	98235	294	490392	6599052	67.18
1974	10-14	0.00049	0.00246	3.11	97941	241	489249	6108660	62.37
1974	15-19	0.00134	0.00667	2.42	97700	651	486822	5619411	57.52
1974	20-24	0.00153	0.00760	2.39	97049	738	483316	5132589	52.89
1974	25-29	0.00142	0.00707	2.23	96311	681	479665	4649272	48.27
1974	30-34	0.00149	0.00743	2.71	95629	711	476522	4169608	43.60
1974	35-39	0.00223	0.01110	2.5	94918	1054	471961	3693086	38.91
1974	40-44	0.00313	0.01555	2.77	93865	1459	466061	3221125	34.32
1974	45-49	0.00491	0.02429	2.69	92405	2245	456837	2755063	29.82
1974	50-54	0.00804	0.03946	2.73	90161	3558	442736	2298227	25.49
1974	55-59	0.01352	0.06560	2.73	86603	5681	420106	1855491	21.43
1974	60-64	0.02027	0.09671	2.64	80922	7826	386117	1435385	17.74
1974	65-69	0.03419	0.15819	2.64	73095	11563	338183	1049268	14.35
1974	70-74	0.04892	0.21792	2.5	61533	13409	274112	711085	11.56
1974	75-79	0.06999	0.29918	2.57	48123	14397	205694	436974	9.08
1974	80-84	0.10854	0.42517	2.45	33726	14339	132113	231279	6.86
1974	85-89	0.16379	0.56970	2.33	19387	11045	67434	99167	5.12
1974	90-94	0.23886	0.71173	2.16	8342	5937	24856	31733	3.80
1974	95-99	0.33383	0.82789	1.96	2405	1991	5964	6877	2.86
1974	100-104	0.44418	0.90627	1.73	414	375	844	913	2.21
1974	105-109	0.56067	0.95092	1.53	39	37	66	69	1.77
1974	110+	0.65421	1.00000	1.53	2	2	3	3	1.53
1975	0	0.01590	0.01568	0.09	100000	1568	98570	7063749	70.64
1975	1-4	0.00085	0.00338	1.46	98432	333	392883	6965179	70.76
1975	5-9	0.00043	0.00216	2.97	98099	212	490068	6572296	67.00
1975	10-14	0.00057	0.00284	2.27	97888	278	488681	6082227	62.13
1975	15-19	0.00127	0.00633	2.84	97610	618	486712	5593546	57.30
1975	20-24	0.00177	0.00880	2.67	96992	853	482972	5106834	52.65
1975	25-29	0.00150	0.00745	2.35	96138	716	478794	4623862	48.10
1975	30-34	0.00176	0.00873	2.35	95422	833	474906	4145068	43.44
1975	35-39	0.00236	0.01172	2.47	94589	1108	470134	3670162	38.80
1975	40-44	0.00348	0.01725	2.71	93480	1613	463707	3200028	34.23
1975	45-49	0.00513	0.02532	2.58	91867	2326	453711	2736321	29.79
1975	50-54	0.00812	0.03988	2.79	89541	3571	439819	2282610	25.49
1975	55-59	0.01317	0.06381	2.55	85970	5486	416396	1842791	21.44
1975	60-64	0.02193	0.10399	2.52	80484	8370	381641	1426395	17.72
1975	65-69	0.03348	0.15476	2.56	72114	11161	333306	1044754	14.49
1975	70-74	0.04509	0.20397	2.66	60954	12433	275727	711448	11.67
1975	75-79	0.07247	0.30607	2.46	48521	14851	204926	435721	8.98
1975	80-84	0.10663	0.41989	2.47	33670	14138	132592	230795	6.85
1975	85-89	0.16590	0.57526	2.34	19533	11236	67729	98203	5.03
1975	90-94	0.24800	0.72660	2.15	8296	6028	24306	30474	3.67
1975	95-99	0.35260	0.84571	1.92	2268	1918	5440	6167	2.72
1975	100-104	0.47328	0.92095	1.68	350	322	681	727	2.08
1975	105-109	0.59779	0.96051	1.47	28	27	44	46	1.66
1975	110+	0.69558	1.00000	1.44	1	1	2	2	1.44
1976	0	0.01352	0.01335	0.08	100000	1335	98773	7145286	71.45
1976	1-4	0.00095	0.00380	1.49	98665	375	393719	7046513	71.42
1976	5-9	0.00041	0.00207	2.24	98290	203	490890	6652794	67.69
1976	10-14	0.00043	0.00214	2.42	98087	209	489896	6161903	62.82
1976	15-19	0.00130	0.00651	2.77	97878	637	487967	5672008	57.95
1976	20-24	0.00133	0.00665	2.61	97241	646	484657	5184041	53.31
1976	25-29	0.00167	0.00830	2.36	96594	802	480852	4699384	48.65
1976	30-34	0.00170	0.00847	2.68	95792	811	477083	4218532	44.04
1976	35-39	0.00175	0.00874	2.79	94981	830	473073	3741449	39.39
1976	40-44	0.00290	0.01441	2.61	94151	1356	467509	3268376	34.71
1976	45-49	0.00417	0.02066	2.7	92795	1917	459572	2800867	30.18
1976	50-54	0.00739	0.03633	2.78	90878	3302	447052	2341294	25.76
1976	55-59	0.01341	0.06505	2.68	87576	5696	424661	1894243	21.63
1976	60-64	0.02096	0.09994	2.67	81879	8183	390362	1469581	17.95
1976	65-69	0.03268	0.15127	2.55	73696	11148	341173	1079219	14.64
1976	70-74	0.04330	0.19597	2.58	62548	12258	283062	738046	11.80
1976	75-79	0.07037	0.29962	2.52	50290	15068	214137	454984	9.05
1976	80-84	0.10685	0.42060	2.47	35222	14814	138650	240847	6.84
1976	85-89	0.16664	0.57700	2.34	20408	11775	70661	102197	5.01
1976	90-94	0.24956	0.72898	2.15	8632	6293	25216	31535	3.65
1976	95-99	0.35517	0.84796	1.92	2340	1984	5586	6319	2.70
1976	100-104	0.47683	0.92256	1.68	356	328	688	734	2.06
1976	105-109	0.60196	0.96145	1.46	28	26	44	46	1.65
1976	110+	0.69994	1.00000	1.43	1	1	2	2	1.43
1977	0	0.01251	0.01237	0.08	100000	1237	98860	7171626	71.72
1977	1-4	0.00070	0.00281	1.65	98763	277	394400	7072766	71.61
1977	5-9	0.00026	0.00132	2.23	98486	130	492068	6678366	67.81
1977	10-14	0.00055	0.00277	2.5	98356	273	491099	6186298	62.90
1977	15-19	0.00143	0.00713	2.92	98083	699	488963	5695200	58.07
1977	20-24	0.00171	0.00854	2.58	97384	832	484910	5206237	53.46
1977	25-29	0.00164	0.00816	2.52	96552	788	480806	4721327	48.90
1977	30-34	0.00166	0.00829	2.44	95764	794	476793	4240521	44.28
1977	35-39	0.00227	0.01129	2.46	94971	1072	472132	3763728	39.63
1977	40-44	0.00273	0.01357	2.61	93899	1274	466454	3291596	35.05
1977	45-49	0.00484	0.02396	2.7	92625	2219	458030	2825142	30.50
1977	50-54	0.00712	0.03498	2.59	90406	3162	444405	2367112	26.18
1977	55-59	0.01241	0.06026	2.61	87244	5257	423661	1922707	22.04
1977	60-64	0.01940	0.09274	2.63	81987	7604	391947	1499046	18.28
1977	65-69	0.02907	0.13586	2.6	74383	10106	347683	1107099	14.88
1977	70-74	0.04626	0.20799	2.58	64277	13369	289027	759417	11.81
1977	75-79	0.06555	0.28154	2.5	50908	14333	218661	470389	9.24
1977	80-84	0.10666	0.41983	2.47	36575	15355	143968	251728	6.88
1977	85-89	0.16426	0.57128	2.34	21220	12123	73801	107760	5.08
1977	90-94	0.24360	0.71965	2.16	9097	6547	26876	33958	3.73
1977	95-99	0.34456	0.83837	1.94	2550	2138	6206	7083	2.78
1977	100-104	0.46152	0.91534	1.7	412	377	818	877	2.13
1977	105-109	0.58339	0.95705	1.49	35	33	57	59	1.70
1977	110+	0.68000	1.00000	1.47	1	1	2	2	1.47
1978	0	0.01298	0.01282	0.08	100000	1282	98820	7178443	71.78
1978	1-4	0.00083	0.00332	1.45	98718	327	394037	7079622	71.72
1978	5-9	0.00034	0.00172	2.43	98390	169	491518	6685586	67.95
1978	10-14	0.00046	0.00228	3.48	98221	224	490766	6194068	63.06
1978	15-19	0.00138	0.00688	2.8	97997	674	488505	5703301	58.20
1978	20-24	0.00191	0.00952	2.69	97323	927	484471	5214796	53.58
1978	25-29	0.00155	0.00771	2.68	96396	743	480260	4730325	49.07
1978	30-34	0.00167	0.00834	2.77	95653	798	476488	4250065	44.43
1978	35-39	0.00236	0.01173	2.64	94855	1113	471653	3773577	39.78
1978	40-44	0.00288	0.01429	2.47	93742	1339	465328	3301924	35.22
1978	45-49	0.00456	0.02261	2.98	92403	2089	457795	2836597	30.70
1978	50-54	0.00734	0.03607	2.66	90314	3258	443950	2378801	26.34
1978	55-59	0.01228	0.05969	2.68	87057	5196	423232	1934852	22.23
1978	60-64	0.02047	0.09765	2.66	81860	7994	390601	1511619	18.47
1978	65-69	0.02683	0.12575	2.51	73866	9289	346200	1121018	15.18
1978	70-74	0.04510	0.20385	2.64	64577	13164	291875	774818	12.00
1978	75-79	0.06666	0.28633	2.54	51413	14721	220853	482943	9.39
1978	80-84	0.09842	0.39495	2.5	36692	14491	147246	262090	7.14
1978	85-89	0.15813	0.55806	2.36	22201	12389	78348	114844	5.17
1978	90-94	0.24315	0.72022	2.17	9811	7066	29061	36497	3.72
1978	95-99	0.35350	0.84735	1.93	2745	2326	6580	7435	2.71
1978	100-104	0.48175	0.92521	1.67	419	388	805	856	2.04
1978	105-109	0.61326	0.96411	1.44	31	30	49	51	1.62
1978	110+	0.71526	1.00000	1.4	1	1	2	2	1.40
1979	0	0.01295	0.01280	0.08	100000	1280	98823	7235278	72.35
1979	1-4	0.00058	0.00233	1.51	98720	230	394311	7136455	72.29
1979	5-9	0.00033	0.00165	2.45	98491	162	492040	6742145	68.45
1979	10-14	0.00038	0.00191	2.72	98328	187	491216	6250105	63.56
1979	15-19	0.00114	0.00571	3.07	98141	560	489627	5758889	58.68
1979	20-24	0.00186	0.00926	2.37	97581	903	485528	5269263	54.00
1979	25-29	0.00147	0.00734	2.55	96678	710	481651	4783734	49.48
1979	30-34	0.00182	0.00904	2.53	95968	868	477698	4302083	44.83
1979	35-39	0.00191	0.00949	2.55	95100	903	473289	3824386	40.21
1979	40-44	0.00277	0.01378	2.52	94197	1298	467767	3351097	35.58
1979	45-49	0.00440	0.02178	2.69	92899	2023	459827	2883330	31.04
1979	50-54	0.00650	0.03200	2.68	90876	2908	447639	2423503	26.67
1979	55-59	0.01179	0.05736	2.67	87968	5046	428069	1975863	22.46
1979	60-64	0.01765	0.08492	2.77	82922	7041	398891	1547795	18.67
1979	65-69	0.02934	0.13725	2.65	75881	10414	354958	1148904	15.14
1979	70-74	0.04498	0.20257	2.55	65466	13262	294865	793946	12.13
1979	75-79	0.06141	0.26709	2.56	52205	13944	227043	499081	9.56
1979	80-84	0.10157	0.40427	2.48	38261	15468	152286	272037	7.11
1979	85-89	0.15690	0.55425	2.35	22793	12633	80515	119752	5.25
1979	90-94	0.23367	0.70420	2.18	10160	7155	30619	39237	3.86
1979	95-99	0.33228	0.82707	1.96	3005	2486	7481	8618	2.87
1979	100-104	0.44777	0.90862	1.73	520	472	1055	1137	2.19
1979	105-109	0.56962	0.95361	1.51	47	45	80	83	1.74
1979	110+	0.66701	1.00000	1.5	2	2	3	3	1.50
1980	0	0.01219	0.01205	0.08	100000	1205	98888	7238785	72.39
1980	1-4	0.00079	0.00314	1.58	98795	310	394428	7139897	72.27
1980	5-9	0.00041	0.00205	2.26	98484	202	491868	6745469	68.49
1980	10-14	0.00039	0.00195	3.08	98282	192	491042	6253601	63.63
1980	15-19	0.00121	0.00604	2.89	98090	592	489201	5762559	58.75
1980	20-24	0.00165	0.00822	2.45	97498	802	485446	5273358	54.09
1980	25-29	0.00162	0.00807	2.53	96696	780	481556	4787912	49.51
1980	30-34	0.00139	0.00691	2.48	95916	663	477910	4306356	44.90
1980	35-39	0.00181	0.00902	2.25	95253	860	473898	3828445	40.19
1980	40-44	0.00270	0.01342	2.66	94393	1267	469008	3354547	35.54
1980	45-49	0.00441	0.02183	2.71	93127	2033	460988	2885539	30.99
1980	50-54	0.00771	0.03786	2.69	91094	3449	447516	2424552	26.62
1980	55-59	0.01040	0.05074	2.63	87645	4447	427687	1977035	22.56
1980	60-64	0.01772	0.08498	2.61	83198	7070	399072	1549349	18.62
1980	65-69	0.02761	0.12967	2.65	76127	9871	357485	1150277	15.11
1980	70-74	0.04108	0.18649	2.53	66256	12356	300802	792792	11.97
1980	75-79	0.06917	0.29539	2.53	53900	15921	230161	491990	9.13
1980	80-84	0.10633	0.41686	2.41	37978	15832	148899	261829	6.89
1980	85-89	0.16204	0.56679	2.35	22147	12553	77468	112931	5.10
1980	90-94	0.24559	0.72345	2.16	9594	6941	28261	35463	3.70
1980	95-99	0.35302	0.84650	1.93	2653	2246	6362	7201	2.71
1980	100-104	0.47742	0.92306	1.68	407	376	787	839	2.06
1980	105-109	0.60539	0.96232	1.46	31	30	50	51	1.64
1980	110+	0.70531	1.00000	1.42	1	1	2	2	1.42
1981	0	0.01134	0.01122	0.08	100000	1122	98962	7256714	72.57
1981	1-4	0.00060	0.00238	1.64	98878	235	394955	7157752	72.39
1981	5-9	0.00033	0.00164	2.37	98642	162	492785	6762797	68.56
1981	10-14	0.00044	0.00218	3.06	98480	214	491985	6270012	63.67
1981	15-19	0.00130	0.00648	2.73	98266	637	489888	5778027	58.80
1981	20-24	0.00175	0.00870	2.38	97629	850	485923	5288139	54.17
1981	25-29	0.00145	0.00720	2.48	96780	697	482143	4802216	49.62
1981	30-34	0.00168	0.00837	2.63	96083	804	478512	4320072	44.96
1981	35-39	0.00217	0.01080	2.38	95279	1029	473702	3841560	40.32
1981	40-44	0.00276	0.01369	2.54	94250	1290	468081	3367858	35.73
1981	45-49	0.00421	0.02084	2.34	92960	1937	459646	2899777	31.19
1981	50-54	0.00742	0.03643	2.48	91023	3316	446756	2440131	26.81
1981	55-59	0.01156	0.05628	2.65	87707	4937	426919	1993375	22.73
1981	60-64	0.01638	0.07877	2.59	82771	6520	398137	1566457	18.93
1981	65-69	0.02731	0.12802	2.56	76251	9762	357471	1168320	15.32
1981	70-74	0.04484	0.20222	2.58	66489	13445	299844	810849	12.20
1981	75-79	0.06354	0.27672	2.67	53044	14678	231025	511005	9.63
1981	80-84	0.09656	0.38878	2.5	38366	14916	154473	279980	7.30
1981	85-89	0.15206	0.54307	2.37	23450	12735	83749	125507	5.35
1981	90-94	0.23037	0.69941	2.19	10715	7494	32530	41758	3.90
1981	95-99	0.33217	0.82751	1.97	3221	2665	8024	9228	2.87
1981	100-104	0.45207	0.91118	1.72	556	506	1120	1205	2.17
1981	105-109	0.57832	0.95605	1.5	49	47	82	85	1.72
1981	110+	0.67871	1.00000	1.47	2	2	3	3	1.47
1982	0	0.01233	0.01219	0.08	100000	1219	98876	7313885	73.14
1982	1-4	0.00056	0.00222	1.55	98781	219	394585	7215009	73.04
1982	5-9	0.00018	0.00092	3.09	98561	91	492633	6820424	69.20
1982	10-14	0.00041	0.00207	2.94	98470	204	491932	6327791	64.26
1982	15-19	0.00123	0.00614	2.8	98266	604	490003	5835859	59.39
1982	20-24	0.00168	0.00837	2.49	97663	818	486260	5345856	54.74
1982	25-29	0.00131	0.00652	2.55	96845	631	482677	4859596	50.18
1982	30-34	0.00163	0.00813	2.46	96214	782	479085	4376919	45.49
1982	35-39	0.00180	0.00894	2.44	95431	854	474975	3897834	40.84
1982	40-44	0.00289	0.01434	2.87	94578	1356	469996	3422859	36.19
1982	45-49	0.00436	0.02158	2.82	93221	2012	461722	2952864	31.68
1982	50-54	0.00547	0.02703	2.8	91209	2465	450629	2491142	27.31
1982	55-59	0.01042	0.05086	2.7	88744	4514	433341	2040513	22.99
1982	60-64	0.01639	0.07887	2.61	84231	6643	405271	1607172	19.08
1982	65-69	0.02542	0.11996	2.66	77587	9307	366139	1201901	15.49
1982	70-74	0.04183	0.19066	2.68	68280	13018	311241	835763	12.24
1982	75-79	0.06849	0.29403	2.6	55262	16249	237252	524521	9.49
1982	80-84	0.09083	0.37119	2.54	39013	14481	159436	287269	7.36
1982	85-89	0.15398	0.54936	2.39	24532	13477	87525	127833	5.21
1982	90-94	0.24747	0.72835	2.18	11055	8052	32537	40308	3.65
1982	95-99	0.37122	0.86317	1.9	3003	2592	6983	7771	2.59
1982	100-104	0.51441	0.93865	1.62	411	386	750	788	1.92
1982	105-109	0.65661	0.97229	1.38	25	25	37	38	1.52
1982	110+	0.76238	1.00000	1.31	1	1	1	1	1.31
1983	0	0.00961	0.00953	0.07	100000	953	99115	7366165	73.66
1983	1-4	0.00067	0.00266	1.69	99047	263	395581	7267051	73.37
1983	5-9	0.00029	0.00147	2.55	98784	145	493563	6871470	69.56
1983	10-14	0.00042	0.00207	2.98	98639	205	492779	6377907	64.66
1983	15-19	0.00104	0.00517	3.29	98434	509	491297	5885128	59.79
1983	20-24	0.00120	0.00600	2.51	97925	587	488163	5393831	55.08
1983	25-29	0.00128	0.00640	2.52	97337	623	485139	4905668	50.40
1983	30-34	0.00157	0.00781	2.6	96714	756	481757	4420529	45.71
1983	35-39	0.00176	0.00876	2.39	95959	840	477601	3938772	41.05
1983	40-44	0.00303	0.01506	2.59	95119	1432	472134	3461171	36.39
1983	45-49	0.00377	0.01870	2.65	93686	1752	464308	2989036	31.90
1983	50-54	0.00611	0.03010	2.61	91934	2767	453056	2524728	27.46
1983	55-59	0.01027	0.05008	2.57	89167	4465	434969	2071672	23.23
1983	60-64	0.01537	0.07415	2.61	84702	6281	408520	1636703	19.32
1983	65-69	0.02671	0.12584	2.71	78421	9869	369459	1228183	15.66
1983	70-74	0.03615	0.16676	2.68	68553	11432	316199	858724	12.53
1983	75-79	0.06360	0.27704	2.68	57121	15825	248821	542524	9.50
1983	80-84	0.09923	0.39767	2.5	41296	16422	165499	293704	7.11
1983	85-89	0.15900	0.56006	2.36	24874	13931	87615	128205	5.15
1983	90-94	0.24407	0.72156	2.17	10943	7896	32352	40589	3.71
1983	95-99	0.35430	0.84799	1.93	3047	2584	7293	8237	2.70
1983	100-104	0.48227	0.92540	1.67	463	429	889	945	2.04
1983	105-109	0.61341	0.96413	1.44	35	33	54	56	1.62
1983	110+	0.71512	1.00000	1.4	1	1	2	2	1.40
1984	0	0.00999	0.00989	0.07	100000	989	99082	7309734	73.10
1984	1-4	0.00047	0.00188	1.27	99011	186	395535	7210653	72.83
1984	5-9	0.00031	0.00154	2.28	98825	152	493709	6815118	68.96
1984	10-14	0.00034	0.00168	2.66	98672	166	492974	6321408	64.06
1984	15-19	0.00119	0.00592	2.82	98507	583	491264	5828434	59.17
1984	20-24	0.00155	0.00774	2.43	97924	757	487676	5337170	54.50
1984	25-29	0.00119	0.00593	2.49	97166	576	484384	4849495	49.91
1984	30-34	0.00165	0.00820	2.61	96590	792	481054	4365110	45.19
1984	35-39	0.00193	0.00960	2.7	95798	920	476878	3884056	40.54
1984	40-44	0.00232	0.01154	2.74	94878	1095	471916	3407178	35.91
1984	45-49	0.00435	0.02152	2.7	93783	2018	464268	2935262	31.30
1984	50-54	0.00564	0.02784	2.69	91765	2555	452932	2470994	26.93
1984	55-59	0.00974	0.04767	2.74	89210	4253	436431	2018062	22.62
1984	60-64	0.01784	0.08564	2.66	84958	7276	407740	1581631	18.62
1984	65-69	0.02751	0.12927	2.68	77682	10042	365090	1173891	15.11
1984	70-74	0.04410	0.19892	2.54	67640	13455	305115	808801	11.96
1984	75-79	0.06688	0.28695	2.53	54185	15548	232483	503686	9.30
1984	80-84	0.10252	0.40811	2.5	38637	15768	153808	271202	7.02
1984	85-89	0.16006	0.56245	2.36	22869	12863	80362	117394	5.13
1984	90-94	0.24486	0.72265	2.17	10006	7231	29531	37032	3.70
1984	95-99	0.35448	0.84803	1.93	2775	2353	6639	7501	2.70
1984	100-104	0.48159	0.92504	1.67	422	390	810	861	2.04
1984	105-109	0.61191	0.96379	1.45	32	30	50	51	1.63
1984	110+	0.71313	1.00000	1.4	1	1	2	2	1.40
1985	0	0.01095	0.01084	0.07	100000	1084	98997	7346859	73.47
1985	1-4	0.00062	0.00248	1.72	98916	246	395104	7247863	73.27
1985	5-9	0.00035	0.00174	2.47	98670	172	492917	6852758	69.45
1985	10-14	0.00040	0.00199	2.78	98498	196	492056	6359841	64.57
1985	15-19	0.00114	0.00569	3.04	98303	560	490417	5867785	59.69
1985	20-24	0.00136	0.00677	2.49	97743	662	487053	5377368	55.02
1985	25-29	0.00146	0.00727	2.52	97081	706	483656	4890314	50.37
1985	30-34	0.00151	0.00752	2.69	96375	724	480203	4406658	45.72
1985	35-39	0.00167	0.00832	2.47	95651	796	476238	3926455	41.05
1985	40-44	0.00249	0.01237	2.66	94855	1174	471533	3450217	36.37
1985	45-49	0.00350	0.01735	2.69	93681	1625	464656	2978685	31.80
1985	50-54	0.00585	0.02887	2.75	92056	2657	454298	2514029	27.31
1985	55-59	0.01025	0.05017	2.88	89398	4485	437482	2059731	23.04
1985	60-64	0.01563	0.07532	2.61	84913	6396	409305	1622249	19.10
1985	65-69	0.02435	0.11513	2.64	78517	9040	371275	1212943	15.45
1985	70-74	0.04285	0.19394	2.55	69478	13475	314438	841669	12.11
1985	75-79	0.06466	0.27876	2.53	56003	15612	241431	527231	9.41
1985	80-84	0.09972	0.39960	2.52	40391	16140	161857	285800	7.08
1985	85-89	0.16047	0.56366	2.36	24251	13669	85184	123943	5.11
1985	90-94	0.24759	0.72710	2.16	10582	7694	31074	38759	3.66
1985	95-99	0.36050	0.85335	1.91	2888	2464	6836	7685	2.66
1985	100-104	0.49104	0.92912	1.66	423	393	801	849	2.01
1985	105-109	0.62372	0.96622	1.43	30	29	46	48	1.60
1985	110+	0.72577	1.00000	1.38	1	1	1	1	1.38
1986	0	0.01032	0.01022	0.07	100000	1022	99052	7388993	73.89
1986	1-4	0.00055	0.00220	1.78	98978	217	395429	7289941	73.65
1986	5-9	0.00029	0.00145	2.02	98761	143	493376	6894512	69.81
1986	10-14	0.00022	0.00111	2.98	98617	109	492866	6401136	64.91
1986	15-19	0.00138	0.00687	2.77	98508	676	491034	5908270	59.98
1986	20-24	0.00140	0.00696	2.46	97832	681	487428	5417236	55.37
1986	25-29	0.00126	0.00630	2.34	97151	612	484123	4929808	50.74
1986	30-34	0.00158	0.00790	2.96	96538	762	481135	4445685	46.05
1986	35-39	0.00200	0.00994	2.42	95776	952	476424	3964550	41.39
1986	40-44	0.00209	0.01042	2.53	94824	988	471675	3488126	36.79
1986	45-49	0.00351	0.01743	2.77	93836	1635	465532	3016451	32.15
1986	50-54	0.00547	0.02701	2.74	92201	2490	455385	2550919	27.67
1986	55-59	0.00957	0.04692	2.88	89711	4209	439627	2095534	23.36
1986	60-64	0.01477	0.07136	2.64	85502	6102	413101	1655907	19.37
1986	65-69	0.02425	0.11475	2.66	79400	9111	375667	1242806	15.65
1986	70-74	0.04022	0.18460	2.78	70289	12975	322600	867139	12.34
1986	75-79	0.06498	0.28011	2.54	57313	16054	247068	544540	9.50
1986	80-84	0.09469	0.38273	2.5	41259	15791	166770	297472	7.21
1986	85-89	0.15800	0.55863	2.38	25468	14227	90044	130702	5.13
1986	90-94	0.25041	0.73225	2.17	11241	8231	32871	40658	3.62
1986	95-99	0.37154	0.86301	1.9	3010	2597	6991	7787	2.59
1986	100-104	0.51119	0.93727	1.62	412	386	756	796	1.93
1986	105-109	0.65032	0.97118	1.39	26	25	39	40	1.53
1986	110+	0.75463	1.00000	1.33	1	1	1	1	1.33
1987	0	0.00971	0.00962	0.07	100000	962	99106	7417526	74.18
1987	1-4	0.00049	0.00194	1.71	99038	192	395711	7318419	73.89
1987	5-9	0.00030	0.00151	2.21	98846	149	493813	6922708	70.04
1987	10-14	0.00046	0.00231	2.94	98697	228	493015	6428895	65.14
1987	15-19	0.00133	0.00665	2.76	98469	655	490876	5935881	60.28
1987	20-24	0.00139	0.00693	2.25	97814	678	487206	5445005	55.67
1987	25-29	0.00114	0.00566	2.49	97136	550	484301	4957799	51.04
1987	30-34	0.00141	0.00701	2.87	96586	677	481487	4473498	46.32
1987	35-39	0.00196	0.00978	2.57	95909	938	477271	3992011	41.62
1987	40-44	0.00280	0.01389	2.69	94972	1319	471811	3514740	37.01
1987	45-49	0.00337	0.01675	2.95	93653	1569	465041	3042929	32.49
1987	50-54	0.00573	0.02825	2.64	92084	2601	454276	2577888	28.00
1987	55-59	0.00889	0.04356	2.73	89482	3897	438579	2123612	23.73
1987	60-64	0.01514	0.07305	2.58	85585	6252	412799	1685033	19.69
1987	65-69	0.02291	0.10865	2.62	79333	8619	376186	1272234	16.04
1987	70-74	0.03778	0.17357	2.66	70714	12274	324871	896048	12.67
1987	75-79	0.06295	0.27403	2.64	58440	16015	254385	571177	9.77
1987	80-84	0.09128	0.37207	2.52	42425	15785	172934	316792	7.47
1987	85-89	0.14851	0.53510	2.39	26640	14255	95987	143858	5.40
1987	90-94	0.23152	0.70225	2.2	12385	8697	37566	47871	3.87
1987	95-99	0.34105	0.83674	1.96	3688	3086	9047	10305	2.79
1987	100-104	0.47023	0.92044	1.69	602	554	1178	1257	2.09
1987	105-109	0.60431	0.96238	1.46	48	46	76	79	1.65
1987	110+	0.70893	1.00000	1.41	2	2	3	3	1.41
1988	0	0.00900	0.00893	0.07	100000	893	99169	7449204	74.49
1988	1-4	0.00067	0.00266	1.65	99107	264	395810	7350035	74.16
1988	5-9	0.00025	0.00127	2.56	98844	125	493913	6954225	70.36
1988	10-14	0.00045	0.00227	3	98718	224	493142	6460312	65.44
1988	15-19	0.00100	0.00501	3.07	98494	493	491517	5967170	60.58
1988	20-24	0.00106	0.00528	2.16	98001	518	488534	5475653	55.87
1988	25-29	0.00131	0.00654	2.75	97483	637	485983	4987119	51.16
1988	30-34	0.00154	0.00768	2.59	96846	743	482437	4501136	46.48
1988	35-39	0.00177	0.00881	2.8	96102	847	478647	4018700	41.82
1988	40-44	0.00254	0.01263	2.67	95256	1203	473472	3540053	37.16
1988	45-49	0.00337	0.01668	2.44	94053	1569	466251	3066580	32.60
1988	50-54	0.00552	0.02725	2.65	92484	2520	456505	2600330	28.12
1988	55-59	0.00890	0.04360	2.65	89964	3923	440604	2143825	23.83
1988	60-64	0.01439	0.06959	2.65	86041	5988	416111	1703222	19.80
1988	65-69	0.02200	0.10445	2.58	80053	8361	380013	1287111	16.08
1988	70-74	0.03729	0.17107	2.59	71692	12265	328860	907098	12.65
1988	75-79	0.05920	0.25874	2.57	59427	15376	259743	578237	9.73
1988	80-84	0.09467	0.38389	2.54	44051	16911	178635	318494	7.23
1988	85-89	0.15684	0.55579	2.38	27141	15084	96179	139859	5.15
1988	90-94	0.24965	0.73137	2.17	12056	8818	35320	43680	3.62
1988	95-99	0.37232	0.86381	1.9	3239	2798	7514	8361	2.58
1988	100-104	0.51386	0.93834	1.62	441	414	805	847	1.92
1988	105-109	0.65449	0.97191	1.38	27	26	40	41	1.52
1988	110+	0.75942	1.00000	1.32	1	1	1	1	1.32
1989	0	0.00825	0.00819	0.07	100000	819	99236	7499472	74.99
1989	1-4	0.00070	0.00278	1.74	99181	276	396100	7400236	74.61
1989	5-9	0.00024	0.00120	2.2	98905	119	494192	7004136	70.82
1989	10-14	0.00035	0.00176	3	98786	174	493583	6509944	65.90
1989	15-19	0.00108	0.00539	2.9	98613	532	491947	6016361	61.01
1989	20-24	0.00106	0.00529	2.27	98081	519	488987	5524413	56.33
1989	25-29	0.00106	0.00530	2.74	97562	517	486642	5035427	51.61
1989	30-34	0.00140	0.00698	2.69	97045	677	483657	4548785	46.87
1989	35-39	0.00164	0.00815	2.54	96367	786	479900	4065128	42.18
1989	40-44	0.00240	0.01192	2.81	95582	1139	475418	3585228	37.51
1989	45-49	0.00304	0.01511	2.67	94443	1427	468886	3109809	32.93
1989	50-54	0.00501	0.02477	2.68	93015	2304	459741	2640923	28.39
1989	55-59	0.00913	0.04472	2.68	90712	4056	444141	2181182	24.05
1989	60-64	0.01332	0.06452	2.59	86655	5591	419801	1737041	20.05
1989	65-69	0.02202	0.10488	2.74	81064	8502	386070	1317241	16.25
1989	70-74	0.03539	0.16341	2.66	72562	11858	335036	931171	12.83
1989	75-79	0.06036	0.26340	2.58	60704	15990	264886	596135	9.82
1989	80-84	0.09437	0.38028	2.45	44715	17004	180186	331250	7.41
1989	85-89	0.14839	0.53406	2.38	27711	14799	99731	151064	5.45
1989	90-94	0.22483	0.69020	2.2	12912	8912	39636	51333	3.98
1989	95-99	0.32460	0.82009	1.98	4000	3280	10106	11697	2.92
1989	100-104	0.44285	0.90644	1.74	720	652	1473	1591	2.21
1989	105-109	0.56839	0.95350	1.52	67	64	113	118	1.75
1989	110+	0.66883	1.00000	1.5	3	3	5	5	1.50
1990	0	0.00826	0.00820	0.07	100000	820	99235	7494837	74.95
1990	1-4	0.00043	0.00172	1.74	99180	171	396335	7395602	74.57
1990	5-9	0.00018	0.00092	2.23	99009	91	494795	6999267	70.69
1990	10-14	0.00023	0.00115	3.26	98919	114	494395	6504472	65.76
1990	15-19	0.00109	0.00543	2.8	98805	536	492844	6010077	60.83
1990	20-24	0.00136	0.00676	2.19	98269	664	489477	5517233	56.14
1990	25-29	0.00107	0.00532	2.78	97605	520	486871	5027756	51.51
1990	30-34	0.00146	0.00728	2.77	97085	707	483853	4540885	46.77
1990	35-39	0.00215	0.01070	2.43	96379	1031	479239	4057032	42.09
1990	40-44	0.00251	0.01246	2.71	95348	1188	474016	3577794	37.52
1990	45-49	0.00365	0.01810	2.39	94160	1704	466356	3103777	32.96
1990	50-54	0.00483	0.02388	2.53	92456	2207	456820	2637421	28.53
1990	55-59	0.00849	0.04162	2.7	90248	3756	442588	2180601	24.16
1990	60-64	0.01343	0.06512	2.68	86492	5633	419388	1738013	20.09
1990	65-69	0.02006	0.09553	2.51	80859	7725	385064	1318625	16.31
1990	70-74	0.03509	0.16258	2.74	73135	11890	338799	933561	12.76
1990	75-79	0.06018	0.26185	2.52	61245	16037	266473	594763	9.71
1990	80-84	0.09137	0.37198	2.5	45208	16816	184053	328289	7.26
1990	85-89	0.16506	0.57200	2.32	28392	16240	98388	144236	5.08
1990	90-94	0.23827	0.71326	2.19	12152	8667	36375	45849	3.77
1990	95-99	0.35164	0.84632	1.94	3484	2949	8386	9474	2.72
1990	100-104	0.48430	0.92665	1.67	535	496	1025	1088	2.03
1990	105-109	0.62012	0.96566	1.43	39	38	61	63	1.60
1990	110+	0.72477	1.00000	1.38	1	1	2	2	1.38
1991	0	0.00729	0.00724	0.06	100000	724	99322	7525323	75.25
1991	1-4	0.00040	0.00159	1.48	99276	158	396706	7426000	74.80
1991	5-9	0.00019	0.00096	2.98	99118	96	495398	7029295	70.92
1991	10-14	0.00035	0.00177	3.02	99023	175	494766	6533897	65.98
1991	15-19	0.00091	0.00453	2.76	98848	447	493238	6039131	61.10
1991	20-24	0.00120	0.00596	2.35	98400	586	490447	5545892	56.36
1991	25-29	0.00128	0.00639	2.71	97814	625	487643	5055445	51.68
1991	30-34	0.00179	0.00889	2.68	97189	864	483942	4567802	47.00
1991	35-39	0.00215	0.01067	2.48	96325	1028	479040	4083860	42.40
1991	40-44	0.00247	0.01226	2.54	95297	1168	473616	3604820	37.83
1991	45-49	0.00311	0.01546	2.68	94129	1455	467265	3131204	33.27
1991	50-54	0.00534	0.02640	2.86	92674	2447	458127	2663940	28.75
1991	55-59	0.00758	0.03725	2.63	90226	3361	443173	2205813	24.45
1991	60-64	0.01410	0.06827	2.69	86866	5930	420614	1762640	20.29
1991	65-69	0.02030	0.09701	2.72	80936	7851	386745	1342025	16.58
1991	70-74	0.03496	0.16100	2.55	73084	11766	336542	955280	13.07
1991	75-79	0.05512	0.24241	2.52	61318	14864	269659	618739	10.09
1991	80-84	0.09276	0.37892	2.58	46454	17602	189760	349080	7.51
1991	85-89	0.14602	0.52792	2.38	28852	15231	104309	159320	5.52
1991	90-94	0.22048	0.68281	2.21	13620	9300	42182	55010	4.04
1991	95-99	0.31895	0.81439	2	4320	3518	11031	12828	2.97
1991	100-104	0.43625	0.90292	1.75	802	724	1660	1797	2.24
1991	105-109	0.56154	0.95168	1.53	78	74	132	138	1.77
1991	110+	0.66219	1.00000	1.51	4	4	6	6	1.51
1992	0	0.00724	0.00719	0.06	100000	719	99327	7559167	75.59
1992	1-4	0.00049	0.00196	1.6	99281	195	396658	7459840	75.14
1992	5-9	0.00028	0.00141	2.2	99086	139	495042	7063183	71.28
1992	10-14	0.00032	0.00162	2.83	98947	160	494389	6568140	66.38
1992	15-19	0.00097	0.00485	2.69	98787	479	492830	6073752	61.48
1992	20-24	0.00105	0.00526	2.56	98309	517	490284	5580922	56.77
1992	25-29	0.00137	0.00683	2.52	97792	667	487301	5090638	52.06
1992	30-34	0.00128	0.00640	2.35	97124	621	483976	4603337	47.40
1992	35-39	0.00171	0.00850	2.73	96503	820	480658	4119361	42.69
1992	40-44	0.00259	0.01286	2.43	95683	1231	475249	3638703	38.03
1992	45-49	0.00355	0.01760	2.49	94452	1663	468085	3163455	33.49
1992	50-54	0.00473	0.02339	2.74	92790	2170	459036	2695370	29.05
1992	55-59	0.00753	0.03703	2.79	90620	3356	445671	2236333	24.68
1992	60-64	0.01348	0.06532	2.62	87263	5700	422776	1790663	20.52
1992	65-69	0.02142	0.10192	2.62	81563	8313	388014	1367887	16.77
1992	70-74	0.03053	0.14237	2.64	73250	10429	341633	979872	13.38
1992	75-79	0.05366	0.23735	2.57	62822	14911	277886	638240	10.16
1992	80-84	0.08867	0.36291	2.5	47911	17387	196100	360353	7.52
1992	85-89	0.14902	0.53657	2.39	30524	16378	109904	164254	5.38
1992	90-94	0.23274	0.70465	2.2	14146	9968	42828	54350	3.84
1992	95-99	0.34589	0.84149	1.95	4178	3516	10164	11522	2.76
1992	100-104	0.47925	0.92466	1.68	662	612	1278	1358	2.05
1992	105-109	0.61656	0.96503	1.44	50	48	78	81	1.61
1992	110+	0.72259	1.00000	1.38	2	2	2	2	1.38
1993	0	0.00684	0.00680	0.06	100000	680	99363	7534765	75.35
1993	1-4	0.00046	0.00182	1.63	99320	181	396852	7435402	74.86
1993	5-9	0.00028	0.00139	2.59	99139	138	495363	7038550	71.00
1993	10-14	0.00039	0.00193	2.98	99001	191	494619	6543187	66.09
1993	15-19	0.00122	0.00608	2.88	98810	600	492781	6048567	61.21
1993	20-24	0.00126	0.00626	2.48	98210	615	489498	5555786	56.57
1993	25-29	0.00119	0.00591	2.73	97595	577	486666	5066288	51.91
1993	30-34	0.00164	0.00817	2.75	97018	793	483308	4579622	47.20
1993	35-39	0.00220	0.01092	2.45	96225	1051	478449	4096314	42.57
1993	40-44	0.00298	0.01482	2.67	95175	1410	472589	3617865	38.01
1993	45-49	0.00348	0.01727	2.64	93765	1620	464999	3145276	33.54
1993	50-54	0.00404	0.02000	2.48	92145	1843	456086	2680277	29.09
1993	55-59	0.00734	0.03613	2.79	90302	3262	444305	2224191	24.63
1993	60-64	0.01266	0.06146	2.64	87040	5350	422556	1779886	20.45
1993	65-69	0.02140	0.10200	2.7	81690	8332	389300	1357330	16.62
1993	70-74	0.03512	0.16210	2.63	73358	11891	338563	968030	13.20
1993	75-79	0.05212	0.23055	2.5	61467	14171	271904	629467	10.24
1993	80-84	0.08830	0.36220	2.52	47295	17130	194008	357563	7.56
1993	85-89	0.14656	0.53006	2.39	30165	15989	109098	163555	5.42
1993	90-94	0.23259	0.70458	2.2	14176	9988	42942	54457	3.84
1993	95-99	0.34698	0.84262	1.95	4188	3529	10170	11515	2.75
1993	100-104	0.48188	0.92587	1.67	659	610	1266	1345	2.04
1993	105-109	0.62043	0.96584	1.43	49	47	76	78	1.60
1993	110+	0.72705	1.00000	1.38	2	2	2	2	1.38
1994	0	0.00779	0.00774	0.07	100000	774	99277	7534478	75.34
1994	1-4	0.00049	0.00195	1.82	99226	194	396483	7435201	74.93
1994	5-9	0.00024	0.00118	1.99	99032	117	494810	7038718	71.07
1994	10-14	0.00031	0.00157	2.9	98916	155	494252	6543908	66.16
1994	15-19	0.00129	0.00643	2.86	98760	635	492439	6049655	61.26
1994	20-24	0.00138	0.00688	2.68	98125	675	489056	5557216	56.63
1994	25-29	0.00130	0.00647	2.52	97450	630	485686	5068161	52.01
1994	30-34	0.00160	0.00797	2.64	96820	772	482275	4582475	47.33
1994	35-39	0.00190	0.00944	2.47	96048	906	477944	4100200	42.69
1994	40-44	0.00280	0.01392	2.39	95142	1324	472254	3622256	38.07
1994	45-49	0.00381	0.01885	2.55	93818	1769	464750	3150002	33.58
1994	50-54	0.00526	0.02597	2.56	92049	2390	454412	2685252	29.17
1994	55-59	0.00774	0.03802	2.69	89659	3409	440423	2230840	24.88
1994	60-64	0.01229	0.05971	2.62	86250	5150	419012	1790417	20.76
1994	65-69	0.02102	0.10037	2.77	81100	8140	387336	1371405	16.91
1994	70-74	0.03311	0.15348	2.62	72959	11198	338195	984069	13.49
1994	75-79	0.05263	0.23334	2.57	61762	14411	273835	645874	10.46
1994	80-84	0.08543	0.35337	2.56	47351	16732	195861	372039	7.86
1994	85-89	0.13348	0.49878	2.47	30618	15272	114411	176178	5.75
1994	90-94	0.21952	0.68261	2.23	15347	10476	47721	61767	4.02
1994	95-99	0.32869	0.82557	1.99	4871	4021	12234	14047	2.88
1994	100-104	0.45955	0.91584	1.72	850	778	1693	1812	2.13
1994	105-109	0.59699	0.96097	1.47	72	69	115	119	1.67
1994	110+	0.70476	1.00000	1.42	3	3	4	4	1.42
1995	0	0.00535	0.00533	0.06	100000	533	99499	7565685	75.66
1995	1-4	0.00050	0.00199	1.71	99467	198	397417	7466186	75.06
1995	5-9	0.00023	0.00116	2.37	99270	115	496047	7068770	71.21
1995	10-14	0.00030	0.00148	2.98	99155	147	495478	6572723	66.29
1995	15-19	0.00115	0.00571	3.04	99008	566	493933	6077245	61.38
1995	20-24	0.00136	0.00678	2.31	98443	667	490415	5583312	56.72
1995	25-29	0.00116	0.00576	2.73	97775	564	487595	5092897	52.09
1995	30-34	0.00163	0.00811	2.8	97212	789	484321	4605301	47.37
1995	35-39	0.00228	0.01136	2.68	96423	1095	479575	4120980	42.74
1995	40-44	0.00300	0.01491	2.75	95328	1421	473440	3641405	38.20
1995	45-49	0.00327	0.01623	2.74	93907	1524	466091	3167965	33.74
1995	50-54	0.00441	0.02183	2.68	92382	2017	457239	2701874	29.25
1995	55-59	0.00866	0.04250	2.77	90366	3841	443269	2244635	24.84
1995	60-64	0.01205	0.05860	2.65	86525	5071	420715	1801366	20.82
1995	65-69	0.01962	0.09368	2.59	81454	7631	388876	1380651	16.95
1995	70-74	0.03226	0.15011	2.69	73823	11081	343520	991775	13.43
1995	75-79	0.05213	0.23149	2.58	62742	14524	278632	648254	10.33
1995	80-84	0.08511	0.35144	2.52	48218	16946	199097	369623	7.67
1995	85-89	0.14688	0.53195	2.41	31273	16636	113261	170526	5.45
1995	90-94	0.22732	0.69596	2.21	14637	10187	44812	57265	3.91
1995	95-99	0.34011	0.83648	1.96	4450	3723	10945	12453	2.80
1995	100-104	0.47402	0.92252	1.69	728	671	1416	1508	2.07
1995	105-109	0.61268	0.96432	1.45	56	54	89	92	1.62
1995	110+	0.72005	1.00000	1.39	2	2	3	3	1.39
1996	0	0.00748	0.00742	0.07	100000	742	99306	7590296	75.90
1996	1-4	0.00044	0.00175	2.13	99258	174	396705	7490990	75.47
1996	5-9	0.00019	0.00097	2.24	99084	96	495153	7094286	71.60
1996	10-14	0.00030	0.00148	3.28	98987	147	494685	6599133	66.67
1996	15-19	0.00110	0.00548	2.81	98841	542	493015	6104448	61.76
1996	20-24	0.00131	0.00653	2.32	98299	642	489774	5611433	57.09
1996	25-29	0.00125	0.00625	2.69	97657	611	486874	5121659	52.45
1996	30-34	0.00179	0.00890	2.55	97046	864	483113	4634785	47.76
1996	35-39	0.00232	0.01154	2.54	96182	1110	478182	4151672	43.16
1996	40-44	0.00240	0.01193	2.36	95072	1134	472363	3673491	38.64
1996	45-49	0.00325	0.01613	2.7	93938	1515	466206	3201127	34.08
1996	50-54	0.00431	0.02134	2.62	92423	1972	457427	2734922	29.59
1996	55-59	0.00648	0.03192	2.65	90451	2887	445469	2277495	25.18
1996	60-64	0.01207	0.05877	2.76	87564	5146	426304	1832026	20.92
1996	65-69	0.01876	0.08993	2.7	82418	7412	395046	1405722	17.06
1996	70-74	0.02943	0.13787	2.71	75006	10341	351364	1010677	13.47
1996	75-79	0.05108	0.22840	2.69	64665	14770	289154	659312	10.20
1996	80-84	0.09134	0.37219	2.51	49895	18571	203321	370158	7.42
1996	85-89	0.14945	0.54142	2.46	31325	16960	113481	166837	5.33
1996	90-94	0.24221	0.72003	2.18	14365	10343	42704	53356	3.71
1996	95-99	0.36178	0.85540	1.92	4022	3440	9509	10653	2.65
1996	100-104	0.50110	0.93366	1.64	582	543	1084	1143	1.97
1996	105-109	0.64140	0.96973	1.4	39	37	58	60	1.55
1996	110+	0.74737	1.00000	1.34	1	1	2	2	1.34
1997	0	0.00665	0.00661	0.06	100000	661	99381	7604141	76.04
1997	1-4	0.00036	0.00146	1.43	99339	145	396986	7504760	75.55
1997	5-9	0.00018	0.00089	2.73	99195	89	495772	7107774	71.65
1997	10-14	0.00029	0.00147	2.8	99106	145	495209	6612002	66.72
1997	15-19	0.00103	0.00514	3.01	98961	509	493790	6116793	61.81
1997	20-24	0.00123	0.00615	2.3	98452	605	490627	5623003	57.11
1997	25-29	0.00112	0.00561	2.75	97847	549	488000	5132377	52.45
1997	30-34	0.00154	0.00769	2.77	97298	748	484823	4644377	47.73
1997	35-39	0.00171	0.00850	2.59	96550	821	480772	4159554	43.08
1997	40-44	0.00239	0.01187	2.53	95729	1136	475838	3678782	38.43
1997	45-49	0.00330	0.01639	2.7	94593	1551	469404	3202944	33.86
1997	50-54	0.00492	0.02432	2.6	93043	2263	459773	2733540	29.38
1997	55-59	0.00732	0.03601	2.7	90780	3269	446385	2273767	25.05
1997	60-64	0.01113	0.05424	2.67	87511	4746	426510	1827382	20.88
1997	65-69	0.01866	0.08953	2.74	82765	7410	397042	1400872	16.93
1997	70-74	0.03250	0.15052	2.56	75355	11343	349048	1003830	13.32
1997	75-79	0.05177	0.23020	2.6	64012	14735	284647	654782	10.23
1997	80-84	0.08810	0.36344	2.59	49277	17909	203274	370135	7.51
1997	85-89	0.14766	0.53481	2.42	31368	16776	113613	166862	5.32
1997	90-94	0.24789	0.72512	2.14	14592	10581	42684	53248	3.65
1997	95-99	0.36382	0.85747	1.92	4011	3439	9453	10565	2.63
1997	100-104	0.50706	0.93612	1.63	572	535	1055	1111	1.94
1997	105-109	0.65046	0.97135	1.39	37	35	55	56	1.53
1997	110+	0.75768	1.00000	1.32	1	1	1	1	1.32
1998	0	0.00585	0.00582	0.06	100000	582	99454	7602250	76.02
1998	1-4	0.00033	0.00132	1.73	99418	132	397374	7502796	75.47
1998	5-9	0.00021	0.00103	2.09	99287	102	496137	7105422	71.56
1998	10-14	0.00026	0.00132	2.93	99185	131	495653	6609285	66.64
1998	15-19	0.00091	0.00452	2.88	99054	447	494321	6113632	61.72
1998	20-24	0.00107	0.00535	2.5	98607	528	491712	5619311	56.99
1998	25-29	0.00135	0.00673	2.57	98079	660	488792	5127599	52.28
1998	30-34	0.00130	0.00650	2.58	97419	633	485560	4638807	47.62
1998	35-39	0.00219	0.01089	2.58	96786	1054	481384	4153247	42.91
1998	40-44	0.00254	0.01260	2.6	95732	1206	475766	3671863	38.36
1998	45-49	0.00353	0.01750	2.57	94526	1654	468612	3196097	33.81
1998	50-54	0.00438	0.02169	2.75	92872	2014	459827	2727485	29.37
1998	55-59	0.00794	0.03901	2.76	90858	3544	446333	2267658	24.96
1998	60-64	0.01229	0.05971	2.64	87313	5214	424245	1821324	20.86
1998	65-69	0.01890	0.09055	2.68	82100	7434	393225	1397079	17.02
1998	70-74	0.03207	0.14902	2.63	74666	11126	346947	1003855	13.44
1998	75-79	0.05087	0.22686	2.62	63540	14415	283339	656908	10.34
1998	80-84	0.08603	0.35608	2.58	49125	17492	203320	373569	7.60
1998	85-89	0.14603	0.53294	2.47	31633	16858	115440	170248	5.38
1998	90-94	0.24156	0.72000	2.2	14774	10638	44037	54809	3.71
1998	95-99	0.36830	0.86148	1.91	4137	3564	9676	10772	2.60
1998	100-104	0.51610	0.93958	1.62	573	538	1043	1095	1.91
1998	105-109	0.66261	0.97337	1.37	35	34	51	52	1.50
1998	110+	0.77065	1.00000	1.3	1	1	1	1	1.30
1999	0	0.00610	0.00607	0.06	100000	607	99430	7609198	76.09
1999	1-4	0.00034	0.00134	1.9	99393	134	397292	7509768	75.56
1999	5-9	0.00020	0.00102	2.69	99259	101	496064	7112476	71.66
1999	10-14	0.00019	0.00096	3.06	99159	95	495608	6616412	66.73
1999	15-19	0.00084	0.00420	2.86	99063	416	494428	6120804	61.79
1999	20-24	0.00117	0.00584	2.42	98647	576	491750	5626375	57.04
1999	25-29	0.00100	0.00500	2.44	98071	490	489101	5134625	52.36
1999	30-34	0.00158	0.00786	2.72	97581	767	486157	4645524	47.61
1999	35-39	0.00221	0.01097	2.57	96814	1062	481486	4159367	42.96
1999	40-44	0.00274	0.01361	2.66	95751	1303	475705	3677882	38.41
1999	45-49	0.00384	0.01903	2.7	94448	1797	468113	3202176	33.90
1999	50-54	0.00534	0.02639	2.63	92651	2445	457461	2734063	29.51
1999	55-59	0.00644	0.03174	2.73	90206	2864	444532	2276603	25.24
1999	60-64	0.01176	0.05727	2.71	87343	5002	425259	1832070	20.98
1999	65-69	0.01940	0.09263	2.58	82341	7627	393233	1406811	17.09
1999	70-74	0.02994	0.13980	2.64	74714	10445	348901	1013578	13.57
1999	75-79	0.04949	0.22085	2.57	64268	14194	286805	664677	10.34
1999	80-84	0.08534	0.35479	2.63	50075	17766	208182	377871	7.55
1999	85-89	0.15346	0.54348	2.32	32309	17559	114422	169689	5.25
1999	90-94	0.23888	0.71552	2.2	14750	10554	44179	55267	3.75
1999	95-99	0.36239	0.85650	1.92	4196	3594	9917	11088	2.64
1999	100-104	0.50695	0.93619	1.63	602	564	1112	1171	1.94
1999	105-109	0.65169	0.97160	1.39	38	37	57	59	1.53
1999	110+	0.75971	1.00000	1.32	1	1	1	1	1.32
2000	0	0.00637	0.00633	0.06	100000	633	99406	7645755	76.46
2000	1-4	0.00033	0.00131	1.65	99367	130	397162	7546349	75.94
2000	5-9	0.00010	0.00051	2.49	99237	50	496058	7149187	72.04
2000	10-14	0.00025	0.00126	3.02	99187	125	495685	6653129	67.08
2000	15-19	0.00084	0.00421	2.89	99062	417	494431	6157444	62.16
2000	20-24	0.00099	0.00494	2.58	98645	487	492045	5663013	57.41
2000	25-29	0.00102	0.00508	2.57	98158	499	489577	5170969	52.68
2000	30-34	0.00119	0.00593	2.55	97659	579	486874	4681392	47.94
2000	35-39	0.00201	0.00999	2.41	97080	970	482891	4194517	43.21
2000	40-44	0.00246	0.01222	2.62	96111	1174	477757	3711626	38.62
2000	45-49	0.00312	0.01549	2.7	94936	1470	471301	3233869	34.06
2000	50-54	0.00488	0.02412	2.58	93466	2255	461869	2762568	29.56
2000	55-59	0.00759	0.03727	2.67	91211	3400	448122	2300699	25.22
2000	60-64	0.01214	0.05897	2.58	87812	5179	426530	1852577	21.10
2000	65-69	0.01816	0.08723	2.73	82633	7208	396803	1426048	17.26
2000	70-74	0.02926	0.13672	2.61	75425	10312	352471	1029245	13.65
2000	75-79	0.04949	0.21999	2.48	65113	14324	289438	676774	10.39
2000	80-84	0.08591	0.35547	2.57	50789	18054	210137	387336	7.63
2000	85-89	0.14287	0.52425	2.46	32735	17161	120116	177199	5.41
2000	90-94	0.24503	0.72508	2.19	15574	11292	46085	57083	3.67
2000	95-99	0.37385	0.86600	1.9	4282	3708	9918	10998	2.57
2000	100-104	0.52452	0.94254	1.6	574	541	1031	1080	1.88
2000	105-109	0.67245	0.97486	1.36	33	32	48	49	1.48
2000	110+	0.78030	1.00000	1.28	1	1	1	1	1.28
2001	0	0.00519	0.00516	0.06	100000	516	99514	7656197	76.56
2001	1-4	0.00032	0.00127	1.42	99484	126	397610	7556683	75.96
2001	5-9	0.00016	0.00080	1.95	99358	79	496546	7159073	72.05
2001	10-14	0.00029	0.00145	2.68	99278	144	496057	6662527	67.11
2001	15-19	0.00077	0.00384	3.15	99134	381	494967	6166469	62.20
2001	20-24	0.00099	0.00493	2.45	98753	487	492525	5671503	57.43
2001	25-29	0.00096	0.00477	2.54	98266	469	490178	5178977	52.70
2001	30-34	0.00152	0.00755	2.46	97797	738	487113	4688799	47.94
2001	35-39	0.00184	0.00918	2.61	97059	891	483168	4201686	43.29
2001	40-44	0.00243	0.01207	2.37	96168	1161	477789	3718518	38.67
2001	45-49	0.00369	0.01831	2.53	95007	1739	470748	3240730	34.11
2001	50-54	0.00495	0.02444	2.66	93268	2280	461008	2769982	29.70
2001	55-59	0.00751	0.03690	2.73	90988	3357	447312	2308974	25.38
2001	60-64	0.01186	0.05774	2.69	87631	5059	426478	1861661	21.24
2001	65-69	0.01798	0.08617	2.59	82572	7115	395705	1435183	17.38
2001	70-74	0.02787	0.13064	2.61	75457	9858	353758	1039478	13.78
2001	75-79	0.04948	0.22189	2.68	65599	14556	294171	685719	10.45
2001	80-84	0.08320	0.34760	2.63	51043	17743	213246	391548	7.67
2001	85-89	0.14856	0.53907	2.46	33300	17951	120833	178302	5.35
2001	90-94	0.23818	0.71651	2.22	15349	10998	46175	57469	3.74
2001	95-99	0.36946	0.86268	1.91	4351	3754	10160	11294	2.60
2001	100-104	0.51991	0.94104	1.61	598	562	1082	1134	1.90
2001	105-109	0.66840	0.97429	1.36	35	34	51	53	1.49
2001	110+	0.77709	1.00000	1.29	1	1	1	1	1.29
2002	0	0.00621	0.00617	0.06	100000	617	99421	7646296	76.46
2002	1-4	0.00041	0.00164	1.56	99383	163	397133	7546875	75.94
2002	5-9	0.00016	0.00079	2.34	99220	78	495890	7149742	72.06
2002	10-14	0.00017	0.00085	3.27	99141	84	495562	6653852	67.11
2002	15-19	0.00084	0.00420	2.68	99057	416	494320	6158290	62.17
2002	20-24	0.00096	0.00480	2.43	98642	474	491988	5663970	57.42
2002	25-29	0.00124	0.00620	2.5	98168	608	489320	5171982	52.69
2002	30-34	0.00147	0.00732	2.47	97559	714	485989	4682661	48.00
2002	35-39	0.00181	0.00904	2.83	96846	875	482325	4196673	43.33
2002	40-44	0.00291	0.01446	2.62	95970	1388	476549	3714348	38.70
2002	45-49	0.00349	0.01729	2.69	94583	1635	469143	3237798	34.23
2002	50-54	0.00471	0.02328	2.56	92947	2164	459463	2768655	29.79
2002	55-59	0.00684	0.03368	2.71	90783	3058	446907	2309192	25.44
2002	60-64	0.01064	0.05193	2.74	87726	4556	428352	1862285	21.23
2002	65-69	0.01791	0.08594	2.64	83170	7148	398994	1433933	17.24
2002	70-74	0.02977	0.13912	2.65	76022	10576	355215	1034939	13.61
2002	75-79	0.04887	0.21912	2.64	65446	14341	293430	679723	10.39
2002	80-84	0.08576	0.35260	2.48	51105	18020	210108	386293	7.56
2002	85-89	0.14733	0.53137	2.38	33086	17581	119334	176185	5.33
2002	90-94	0.24520	0.72517	2.18	15505	11244	45855	56851	3.67
2002	95-99	0.37209	0.86439	1.9	4261	3683	9899	10995	2.58
2002	100-104	0.52021	0.94096	1.61	578	544	1045	1096	1.90
2002	105-109	0.66636	0.97392	1.37	34	33	50	51	1.50
2002	110+	0.77373	1.00000	1.29	1	1	1	1	1.29
2003	0	0.00599	0.00596	0.06	100000	596	99441	7662309	76.62
2003	1-4	0.00039	0.00156	1.47	99404	155	397225	7562869	76.08
2003	5-9	0.00018	0.00088	2.76	99249	88	496049	7165644	72.20
2003	10-14	0.00024	0.00118	2.74	99161	117	495543	6669595	67.26
2003	15-19	0.00084	0.00419	2.92	99044	415	494358	6174053	62.34
2003	20-24	0.00110	0.00549	2.32	98629	542	491694	5679694	57.59
2003	25-29	0.00125	0.00623	2.43	98087	611	488863	5188000	52.89
2003	30-34	0.00140	0.00698	2.35	97476	680	485580	4699137	48.21
2003	35-39	0.00203	0.01008	2.78	96796	976	481814	4213557	43.53
2003	40-44	0.00269	0.01334	2.59	95820	1278	476016	3731743	38.95
2003	45-49	0.00379	0.01878	2.74	94542	1776	468689	3255727	34.44
2003	50-54	0.00477	0.02358	2.59	92766	2187	458555	2787038	30.04
2003	55-59	0.00723	0.03556	2.62	90579	3221	445224	2328483	25.71
2003	60-64	0.01205	0.05847	2.5	87358	5108	424014	1883259	21.56
2003	65-69	0.01546	0.07466	2.72	82250	6141	397240	1459245	17.74
2003	70-74	0.02607	0.12305	2.73	76109	9365	359308	1062005	13.95
2003	75-79	0.04801	0.21529	2.61	66744	14370	299305	702697	10.53
2003	80-84	0.08038	0.33710	2.61	52374	17656	219641	403392	7.70
2003	85-89	0.14387	0.52180	2.37	34719	18116	125920	183751	5.29
2003	90-94	0.26078	0.74591	2.13	16603	12384	47489	57830	3.48
2003	95-99	0.39339	0.88116	1.87	4219	3717	9449	10341	2.45
2003	100-104	0.55640	0.95262	1.55	501	478	858	892	1.78
2003	105-109	0.71025	0.97990	1.31	24	23	33	33	1.40
2003	110+	0.81683	1.00000	1.22	0	0	1	1	1.22
2004	0	0.00603	0.00600	0.06	100000	600	99437	7677282	76.77
2004	1-4	0.00037	0.00150	1.81	99400	149	397274	7577846	76.24
2004	5-9	0.00009	0.00047	2.15	99251	47	496122	7180571	72.35
2004	10-14	0.00025	0.00127	2.72	99204	126	495733	6684449	67.38
2004	15-19	0.00063	0.00314	2.75	99078	311	494688	6188716	62.46
2004	20-24	0.00105	0.00526	2.42	98767	519	492492	5694028	57.65
2004	25-29	0.00143	0.00712	2.48	98248	699	489475	5201535	52.94
2004	30-34	0.00161	0.00804	2.64	97548	784	485893	4712061	48.30
2004	35-39	0.00177	0.00880	2.64	96764	851	481812	4226168	43.67
2004	40-44	0.00250	0.01243	2.67	95913	1192	476789	3744356	39.04
2004	45-49	0.00341	0.01691	2.56	94721	1602	469702	3267566	34.50
2004	50-54	0.00514	0.02540	2.73	93119	2365	460216	2797865	30.05
2004	55-59	0.00739	0.03630	2.61	90754	3294	445907	2337649	25.76
2004	60-64	0.01216	0.05907	2.58	87460	5166	424817	1891742	21.63
2004	65-69	0.01819	0.08739	2.75	82294	7192	395271	1466926	17.83
2004	70-74	0.02605	0.12273	2.65	75102	9217	353856	1071655	14.27
2004	75-79	0.04419	0.20061	2.7	65885	13217	299082	717799	10.89
2004	80-84	0.07844	0.33000	2.6	52668	17380	221564	418716	7.95
2004	85-89	0.13461	0.50453	2.52	35288	17804	132259	197152	5.59
2004	90-94	0.23949	0.71970	2.23	17484	12583	52542	64894	3.71
2004	95-99	0.38125	0.87277	1.89	4901	4277	11219	12352	2.52
2004	100-104	0.54402	0.94923	1.57	624	592	1088	1133	1.82
2004	105-109	0.70000	0.97873	1.32	32	31	44	45	1.42
2004	110+	0.80931	1.00000	1.24	1	1	1	1	1.24
2005	0	0.00528	0.00525	0.06	100000	525	99506	7724295	77.24
2005	1-4	0.00034	0.00137	1.61	99475	136	397574	7624790	76.65
2005	5-9	0.00012	0.00060	2.23	99338	59	496528	7227216	72.75
2005	10-14	0.00025	0.00126	2.54	99279	125	496088	6730688	67.80
2005	15-19	0.00070	0.00352	2.9	99154	349	495039	6234599	62.88
2005	20-24	0.00127	0.00633	2.51	98805	625	492470	5739560	58.09
2005	25-29	0.00132	0.00657	2.46	98180	645	489261	5247090	53.44
2005	30-34	0.00127	0.00631	2.46	97535	615	486112	4757830	48.78
2005	35-39	0.00181	0.00899	2.78	96920	871	482664	4271718	44.07
2005	40-44	0.00248	0.01234	2.69	96049	1185	477505	3789054	39.45
2005	45-49	0.00366	0.01814	2.59	94863	1721	470174	3311549	34.91
2005	50-54	0.00468	0.02313	2.58	93142	2154	460497	2841375	30.51
2005	55-59	0.00653	0.03217	2.62	90988	2927	447961	2380878	26.17
2005	60-64	0.01075	0.05246	2.73	88061	4619	429838	1932917	21.95
2005	65-69	0.01704	0.08190	2.63	83442	6834	401003	1503079	18.01
2005	70-74	0.02560	0.12066	2.63	76608	9243	361114	1102076	14.39
2005	75-79	0.04318	0.19610	2.66	67365	13210	305929	740962	11.00
2005	80-84	0.07412	0.31238	2.49	54154	16917	228240	435033	8.03
2005	85-89	0.13568	0.50466	2.46	37237	18792	138501	206793	5.55
2005	90-94	0.24121	0.71858	2.19	18445	13254	54950	68292	3.70
2005	95-99	0.37298	0.86652	1.91	5191	4498	12060	13342	2.57
2005	100-104	0.53373	0.94611	1.59	693	656	1228	1282	1.85
2005	105-109	0.68976	0.97745	1.33	37	36	53	54	1.45
2005	110+	0.80052	1.00000	1.25	1	1	1	1	1.25
2006	0	0.00616	0.00612	0.06	100000	612	99426	7731770	77.32
2006	1-4	0.00022	0.00088	1.38	99388	88	397321	7632344	76.79
2006	5-9	0.00017	0.00087	1.86	99300	87	496228	7235023	72.86
2006	10-14	0.00019	0.00095	2.66	99213	95	495846	6738795	67.92
2006	15-19	0.00070	0.00349	3.09	99119	345	494934	6242949	62.98
2006	20-24	0.00124	0.00616	2.4	98773	608	492283	5748015	58.19
2006	25-29	0.00155	0.00770	2.53	98165	756	488958	5255732	53.54
2006	30-34	0.00139	0.00693	2.5	97409	675	485353	4766774	48.94
2006	35-39	0.00173	0.00863	2.48	96733	835	481562	4281421	44.26
2006	40-44	0.00242	0.01203	2.58	95899	1153	476699	3799860	39.62
2006	45-49	0.00352	0.01744	2.66	94745	1652	469856	3323160	35.07
2006	50-54	0.00533	0.02634	2.66	93093	2452	459732	2853305	30.65
2006	55-59	0.00662	0.03263	2.75	90641	2957	446550	2393572	26.41
2006	60-64	0.01043	0.05087	2.64	87684	4461	427895	1947022	22.21
2006	65-69	0.01637	0.07881	2.66	83223	6559	400778	1519127	18.25
2006	70-74	0.02410	0.11409	2.67	76664	8747	362943	1118349	14.59
2006	75-79	0.04094	0.18651	2.62	67918	12668	309419	755406	11.12
2006	80-84	0.07326	0.31299	2.68	55250	17293	236052	445987	8.07
2006	85-89	0.13704	0.50881	2.47	37957	19313	140932	209935	5.53
2006	90-94	0.24123	0.71971	2.2	18644	13418	55625	69002	3.70
2006	95-99	0.37457	0.86799	1.91	5226	4536	12110	13377	2.56
2006	100-104	0.53787	0.94751	1.58	690	654	1215	1267	1.84
2006	105-109	0.69554	0.97823	1.33	36	35	51	52	1.43
2006	110+	0.80649	1.00000	1.24	1	1	1	1	1.24
2007	0	0.00574	0.00571	0.06	100000	571	99464	7724409	77.24
2007	1-4	0.00032	0.00128	1.27	99429	127	397371	7624946	76.69
2007	5-9	0.00023	0.00116	2.73	99302	115	496249	7227575	72.78
2007	10-14	0.00013	0.00065	2.87	99187	65	495797	6731326	67.86
2007	15-19	0.00091	0.00453	3	99122	449	494712	6235528	62.91
2007	20-24	0.00128	0.00638	2.63	98673	630	491872	5740816	58.18
2007	25-29	0.00126	0.00629	2.65	98043	617	488768	5248944	53.54
2007	30-34	0.00177	0.00879	2.4	97426	857	484907	4760176	48.86
2007	35-39	0.00176	0.00877	2.72	96569	847	480920	4275269	44.27
2007	40-44	0.00247	0.01227	2.73	95723	1174	475947	3794349	39.64
2007	45-49	0.00367	0.01821	2.66	94549	1722	468717	3318402	35.10
2007	50-54	0.00527	0.02604	2.58	92827	2417	458279	2849685	30.70
2007	55-59	0.00725	0.03563	2.52	90409	3221	444047	2391406	26.45
2007	60-64	0.01121	0.05455	2.58	87188	4756	424407	1947359	22.34
2007	65-69	0.01642	0.07918	2.75	82432	6527	397460	1522952	18.48
2007	70-74	0.02489	0.11740	2.58	75905	8911	357971	1125492	14.83
2007	75-79	0.03782	0.17361	2.64	66994	11631	307563	767521	11.46
2007	80-84	0.07055	0.30359	2.7	55363	16808	238237	459958	8.31
2007	85-89	0.12657	0.47970	2.48	38555	18495	146119	221721	5.75
2007	90-94	0.23451	0.71728	2.29	20060	14389	61359	75603	3.77
2007	95-99	0.38229	0.87457	1.9	5671	4960	12975	14244	2.51
2007	100-104	0.55436	0.95266	1.56	711	678	1222	1269	1.78
2007	105-109	0.71685	0.98084	1.3	34	33	46	47	1.39
2007	110+	0.82735	1.00000	1.21	1	1	1	1	1.21
2008	0	0.00589	0.00586	0.06	100000	586	99450	7782627	77.83
2008	1-4	0.00035	0.00140	1.31	99414	139	397282	7683177	77.28
2008	5-9	0.00016	0.00082	2.2	99275	81	496148	7285895	73.39
2008	10-14	0.00021	0.00105	3.05	99194	104	495768	6789747	68.45
2008	15-19	0.00073	0.00364	2.91	99090	361	494697	6293979	63.52
2008	20-24	0.00115	0.00574	2.46	98730	567	492209	5799282	58.74
2008	25-29	0.00135	0.00673	2.67	98162	661	489272	5307073	54.06
2008	30-34	0.00135	0.00670	2.5	97502	654	485873	4817801	49.41
2008	35-39	0.00169	0.00844	2.46	96848	817	482167	4331928	44.73
2008	40-44	0.00225	0.01121	2.72	96031	1077	477695	3849761	40.09
2008	45-49	0.00367	0.01817	2.59	94954	1725	470613	3372066	35.51
2008	50-54	0.00519	0.02564	2.56	93229	2390	460303	2901453	31.12
2008	55-59	0.00660	0.03252	2.68	90839	2954	447356	2441150	26.87
2008	60-64	0.01037	0.05062	2.65	87885	4448	428983	1993794	22.69
2008	65-69	0.01497	0.07227	2.61	83437	6030	402799	1564811	18.75
2008	70-74	0.02358	0.11149	2.57	77407	8630	366042	1162012	15.01
2008	75-79	0.03760	0.17250	2.61	68777	11864	315500	795970	11.57
2008	80-84	0.06630	0.28660	2.64	56913	16311	246023	480470	8.44
2008	85-89	0.12538	0.47524	2.45	40601	19295	153891	234447	5.77
2008	90-94	0.23189	0.70812	2.25	21306	15087	65063	80556	3.78
2008	95-99	0.38557	0.87745	1.9	6219	5457	14152	15493	2.49
2008	100-104	0.56275	0.95512	1.54	762	728	1293	1340	1.76
2008	105-109	0.72802	0.98208	1.28	34	34	46	47	1.37
2008	110+	0.83816	1.00000	1.19	1	1	1	1	1.19
2009	0	0.00578	0.00575	0.06	100000	575	99460	7801251	78.01
2009	1-4	0.00029	0.00116	1.32	99425	116	397390	7701791	77.46
2009	5-9	0.00013	0.00064	2.72	99309	64	496401	7304402	73.55
2009	10-14	0.00014	0.00070	2.72	99245	70	496068	6808001	68.60
2009	15-19	0.00070	0.00350	3.11	99176	347	495222	6311933	63.64
2009	20-24	0.00109	0.00542	2.39	98829	535	492743	5816711	58.86
2009	25-29	0.00125	0.00623	2.51	98293	612	489941	5323968	54.16
2009	30-34	0.00143	0.00715	2.47	97681	698	486639	4834027	49.49
2009	35-39	0.00153	0.00762	2.72	96982	739	483230	4347389	44.83
2009	40-44	0.00245	0.01216	2.45	96243	1171	478237	3864159	40.15
2009	45-49	0.00385	0.01906	2.68	95073	1812	471155	3385922	35.61
2009	50-54	0.00481	0.02381	2.74	93260	2220	461294	2914767	31.25
2009	55-59	0.00716	0.03516	2.5	91040	3201	447184	2453473	26.95
2009	60-64	0.00983	0.04796	2.49	87839	4213	428606	2006289	22.84
2009	65-69	0.01489	0.07191	2.62	83626	6013	403844	1577683	18.87
2009	70-74	0.02302	0.10914	2.63	77612	8470	367975	1173839	15.12
2009	75-79	0.03920	0.17958	2.67	69142	12416	316761	805864	11.66
2009	80-84	0.06311	0.27355	2.57	56726	15517	245885	489104	8.62
2009	85-89	0.12192	0.46660	2.49	41208	19228	157707	243219	5.90
2009	90-94	0.22469	0.69534	2.26	21980	15284	68023	85512	3.89
2009	95-99	0.36562	0.86221	1.94	6697	5774	15792	17489	2.61
2009	100-104	0.53715	0.94788	1.59	923	875	1628	1696	1.84
2009	105-109	0.70278	0.97931	1.32	48	47	67	68	1.42
2009	110+	0.81734	1.00000	1.22	1	1	1	1	1.22
2010	0	0.00584	0.00581	0.06	100000	581	99454	7775005	77.75
2010	1-4	0.00023	0.00093	1.83	99419	92	397476	7675550	77.20
2010	5-9	0.00014	0.00070	2.36	99327	70	496450	7278074	73.27
2010	10-14	0.00018	0.00089	2.42	99257	89	496056	6781624	68.32
2010	15-19	0.00067	0.00336	2.93	99168	333	495152	6285568	63.38
2010	20-24	0.00118	0.00587	2.5	98835	580	492720	5790417	58.59
2010	25-29	0.00138	0.00689	2.4	98254	677	489513	5297696	53.92
2010	30-34	0.00147	0.00734	2.41	97577	716	486034	4808183	49.28
2010	35-39	0.00175	0.00871	2.46	96862	843	482168	4322150	44.62
2010	40-44	0.00250	0.01242	2.64	96018	1193	477274	3839981	39.99
2010	45-49	0.00335	0.01661	2.77	94825	1575	470606	3362707	35.46
2010	50-54	0.00433	0.02141	2.61	93250	1996	461488	2892100	31.01
2010	55-59	0.00748	0.03680	2.72	91254	3358	448617	2430612	26.64
2010	60-64	0.00993	0.04848	2.52	87896	4261	428931	1981995	22.55
2010	65-69	0.01613	0.07774	2.69	83635	6501	403162	1553065	18.57
2010	70-74	0.02484	0.11723	2.61	77134	9042	364085	1149903	14.91
2010	75-79	0.03692	0.16972	2.63	68091	11557	313034	785818	11.54
2010	80-84	0.06936	0.29677	2.57	56535	16778	241909	472784	8.36
2010	85-89	0.12844	0.48284	2.43	39757	19196	149458	230875	5.81
2010	90-94	0.22102	0.69173	2.3	20561	14223	64350	81417	3.96
2010	95-99	0.35374	0.85113	1.95	6338	5395	15250	17066	2.69
2010	100-104	0.51194	0.93901	1.63	944	886	1731	1816	1.92
2010	105-109	0.66961	0.97476	1.36	58	56	84	86	1.49
2010	110+	0.78411	1.00000	1.28	1	1	2	2	1.28
2011	0	0.00637	0.00633	0.06	100000	633	99406	7800309	78.00
2011	1-4	0.00025	0.00100	1.61	99367	100	397229	7700903	77.50
2011	5-9	0.00009	0.00046	2.35	99267	46	496214	7303675	73.58
2011	10-14	0.00028	0.00139	3.08	99221	138	495842	6807460	68.61
2011	15-19	0.00059	0.00293	2.84	99083	290	494790	6311618	63.70
2011	20-24	0.00120	0.00600	2.54	98793	592	492508	5816828	58.88
2011	25-29	0.00119	0.00593	2.46	98201	582	489526	5324320	54.22
2011	30-34	0.00133	0.00662	2.54	97619	646	486508	4834794	49.53
2011	35-39	0.00176	0.00878	2.57	96973	851	482800	4348287	44.84
2011	40-44	0.00217	0.01081	2.76	96122	1039	478285	3865487	40.21
2011	45-49	0.00336	0.01669	2.65	95083	1587	471692	3387201	35.62
2011	50-54	0.00521	0.02576	2.68	93496	2408	461882	2915510	31.18
2011	55-59	0.00731	0.03594	2.63	91087	3274	447685	2453627	26.94
2011	60-64	0.01000	0.04883	2.61	87814	4288	428819	2005942	22.84
2011	65-69	0.01436	0.06948	2.7	83525	5803	404272	1577123	18.88
2011	70-74	0.02273	0.10781	2.61	77722	8380	368583	1172851	15.09
2011	75-79	0.03823	0.17567	2.69	69342	12181	318589	804268	11.60
2011	80-84	0.06635	0.28668	2.63	57161	16387	246965	485679	8.50
2011	85-89	0.12628	0.47897	2.48	40774	19530	154656	238714	5.85
2011	90-94	0.22179	0.69429	2.31	21245	14750	66503	84058	3.96
2011	95-99	0.35199	0.85003	1.96	6495	5521	15684	17555	2.70
2011	100-104	0.51308	0.93962	1.63	974	915	1784	1871	1.92
2011	105-109	0.67343	0.97538	1.36	59	57	85	87	1.48
2011	110+	0.78913	1.00000	1.27	1	1	2	2	1.27
2012	0	0.00641	0.00637	0.06	100000	637	99403	7796863	77.97
2012	1-4	0.00023	0.00094	1.81	99363	93	397247	7697460	77.47
2012	5-9	0.00011	0.00053	2.1	99270	52	496196	7300213	73.54
2012	10-14	0.00013	0.00066	3.46	99217	66	495986	6804016	68.58
2012	15-19	0.00068	0.00341	2.68	99152	338	494975	6308031	63.62
2012	20-24	0.00104	0.00521	2.34	98814	514	492703	5813056	58.83
2012	25-29	0.00123	0.00611	2.48	98299	601	489982	5320353	54.12
2012	30-34	0.00142	0.00706	2.34	97699	690	486659	4830371	49.44
2012	35-39	0.00157	0.00780	2.3	97009	757	482996	4343712	44.78
2012	40-44	0.00240	0.01191	2.57	96252	1146	478469	3860716	40.11
2012	45-49	0.00353	0.01751	2.71	95106	1665	471711	3382247	35.56
2012	50-54	0.00535	0.02640	2.72	93441	2467	461577	2910536	31.15
2012	55-59	0.00728	0.03578	2.63	90973	3255	447139	2448959	26.92
2012	60-64	0.00986	0.04820	2.69	87718	4228	428818	2001820	22.82
2012	65-69	0.01490	0.07196	2.62	83491	6008	403125	1573002	18.84
2012	70-74	0.02411	0.11408	2.65	77483	8840	366654	1169876	15.10
2012	75-79	0.03921	0.17971	2.68	68643	12336	314607	803222	11.70
2012	80-84	0.06389	0.27839	2.69	56308	15676	245371	488615	8.68
2012	85-89	0.12357	0.47136	2.48	40632	19152	154988	243244	5.99
2012	90-94	0.20925	0.67157	2.33	21480	14425	68937	88256	4.11
2012	95-99	0.34663	0.84563	1.97	7055	5966	17210	19318	2.74
2012	100-104	0.50881	0.93828	1.64	1089	1022	2008	2108	1.94
2012	105-109	0.67113	0.97512	1.36	67	66	98	100	1.48
2012	110+	0.78841	1.00000	1.27	2	2	2	2	1.27
2013	0	0.00601	0.00598	0.06	100000	598	99439	7790255	77.90
2013	1-4	0.00021	0.00084	1.31	99402	84	397383	7690817	77.37
2013	5-9	0.00012	0.00060	2.77	99318	60	496459	7293434	73.43
2013	10-14	0.00022	0.00108	2.6	99259	107	496037	6796975	68.48
2013	15-19	0.00061	0.00304	2.79	99152	301	495092	6300938	63.55
2013	20-24	0.00109	0.00542	2.61	98851	536	492970	5805846	58.73
2013	25-29	0.00142	0.00706	2.61	98315	694	489917	5312876	54.04
2013	30-34	0.00166	0.00826	2.56	97620	806	486133	4822959	49.41
2013	35-39	0.00168	0.00838	2.52	96814	812	482059	4336826	44.80
2013	40-44	0.00207	0.01028	2.54	96003	987	477585	3854767	40.15
2013	45-49	0.00314	0.01560	2.66	95016	1482	471603	3377182	35.54
2013	50-54	0.00479	0.02367	2.6	93534	2214	462357	2905579	31.06
2013	55-59	0.00743	0.03648	2.61	91319	3331	448629	2443222	26.75
2013	60-64	0.01006	0.04909	2.58	87988	4319	429474	1994593	22.67
2013	65-69	0.01532	0.07398	2.68	83669	6190	403955	1565119	18.71
2013	70-74	0.02437	0.11515	2.6	77479	8922	366027	1161163	14.99
2013	75-79	0.04004	0.18276	2.61	68558	12529	312899	795136	11.60
2013	80-84	0.06695	0.28804	2.58	56028	16138	241039	482237	8.61
2013	85-89	0.11923	0.45955	2.51	39890	18332	153748	241198	6.05
2013	90-94	0.21318	0.68005	2.34	21558	14661	68773	87450	4.06
2013	95-99	0.35119	0.84950	1.96	6898	5859	16685	18677	2.71
2013	100-104	0.51346	0.93985	1.63	1038	976	1900	1992	1.92
2013	105-109	0.67494	0.97563	1.36	62	61	90	92	1.48
2013	110+	0.79115	1.00000	1.26	2	2	2	2	1.26
2014	0	0.00549	0.00547	0.06	100000	547	99486	7803166	78.03
2014	1-4	0.00027	0.00108	1.6	99453	107	397557	7703680	77.46
2014	5-9	0.00009	0.00045	2.42	99346	44	496617	7306124	73.54
2014	10-14	0.00020	0.00098	2.53	99302	97	496268	6809507	68.57
2014	15-19	0.00080	0.00399	3.05	99205	395	495250	6313239	63.64
2014	20-24	0.00096	0.00477	2.53	98809	471	492884	5817988	58.88
2014	25-29	0.00152	0.00758	2.77	98338	745	490031	5325104	54.15
2014	30-34	0.00140	0.00697	2.5	97593	681	486268	4835073	49.54
2014	35-39	0.00190	0.00944	2.75	96913	915	482504	4348805	44.87
2014	40-44	0.00209	0.01040	2.66	95998	998	477656	3866301	40.27
2014	45-49	0.00356	0.01765	2.53	95000	1677	470858	3388646	35.67
2014	50-54	0.00507	0.02505	2.6	93323	2338	461005	2917788	31.27
2014	55-59	0.00702	0.03455	2.66	90986	3144	447559	2456783	27.00
2014	60-64	0.01020	0.04975	2.56	87842	4370	428547	2009224	22.87
2014	65-69	0.01371	0.06635	2.58	83471	5538	403969	1580677	18.94
2014	70-74	0.02182	0.10370	2.62	77933	8081	370412	1176708	15.10
2014	75-79	0.03999	0.18273	2.64	69852	12764	319167	806295	11.54
2014	80-84	0.06703	0.28818	2.57	57087	16452	245434	487129	8.53
2014	85-89	0.12112	0.46357	2.47	40636	18837	155533	241695	5.95
2014	90-94	0.22238	0.69777	2.33	21798	15210	68397	86161	3.95
2014	95-99	0.35292	0.85089	1.96	6588	5606	15884	17765	2.70
2014	100-104	0.51479	0.94025	1.62	982	924	1794	1881	1.91
2014	105-109	0.67559	0.97570	1.36	59	57	85	87	1.47
2014	110+	0.79127	1.00000	1.26	1	1	2	2	1.26
2015	0	0.00530	0.00527	0.06	100000	527	99504	7789995	77.90
2015	1-4	0.00023	0.00092	1.33	99473	92	397646	7690491	77.31
2015	5-9	0.00008	0.00041	1.85	99381	41	496776	7292845	73.38
2015	10-14	0.00020	0.00101	3.18	99340	100	496517	6796070	68.41
2015	15-19	0.00068	0.00337	2.6	99240	335	495395	6299553	63.48
2015	20-24	0.00113	0.00563	2.43	98905	557	493096	5804157	58.68
2015	25-29	0.00142	0.00709	2.72	98348	697	490153	5311062	54.00
2015	30-34	0.00169	0.00843	2.4	97651	824	486116	4820909	49.37
2015	35-39	0.00158	0.00789	2.53	96827	764	482247	4334792	44.77
2015	40-44	0.00238	0.01184	2.53	96064	1137	477515	3852546	40.10
2015	45-49	0.00327	0.01623	2.67	94927	1540	471045	3375031	35.55
2015	50-54	0.00480	0.02372	2.62	93386	2215	461658	2903986	31.10
2015	55-59	0.00775	0.03805	2.57	91172	3469	447434	2442327	26.79
2015	60-64	0.01080	0.05273	2.75	87703	4625	428103	1994893	22.75
2015	65-69	0.01356	0.06560	2.55	83078	5450	402023	1566790	18.86
2015	70-74	0.02513	0.11852	2.6	77628	9201	366070	1164767	15.00
2015	75-79	0.03949	0.18128	2.74	68427	12405	314147	798698	11.67
2015	80-84	0.06613	0.28492	2.57	56022	15962	241353	484551	8.65
2015	85-89	0.11920	0.45889	2.49	40061	18383	154221	243198	6.07
2015	90-94	0.21024	0.66961	2.29	21677	14515	69040	88977	4.10
2015	95-99	0.34039	0.83957	1.98	7162	6013	17665	19937	2.78
2015	100-104	0.49753	0.93388	1.66	1149	1073	2157	2272	1.98
2015	105-109	0.65687	0.97292	1.38	76	74	113	115	1.52
2015	110+	0.77413	1.00000	1.29	2	2	3	3	1.29
2016	0	0.00636	0.00632	0.06	100000	632	99407	7751554	77.52
2016	1-4	0.00026	0.00104	1.46	99368	103	397210	7652147	77.01
2016	5-9	0.00014	0.00071	2.16	99265	70	496124	7254936	73.09
2016	10-14	0.00024	0.00122	2.87	99194	121	495715	6758812	68.14
2016	15-19	0.00079	0.00395	2.92	99074	392	494555	6263098	63.22
2016	20-24	0.00123	0.00611	2.31	98682	603	491791	5768542	58.46
2016	25-29	0.00151	0.00751	2.75	98080	736	488745	5276751	53.80
2016	30-34	0.00188	0.00936	2.4	97343	911	484346	4788006	49.19
2016	35-39	0.00195	0.00972	2.53	96432	937	479849	4303660	44.63
2016	40-44	0.00230	0.01144	2.64	95495	1093	474900	3823812	40.04
2016	45-49	0.00322	0.01600	2.59	94403	1510	468367	3348912	35.47
2016	50-54	0.00511	0.02529	2.78	92892	2349	459253	2880544	31.01
2016	55-59	0.00734	0.03608	2.61	90544	3267	444912	2421292	26.74
2016	60-64	0.01090	0.05310	2.62	87277	4634	425339	1976379	22.65
2016	65-69	0.01489	0.07198	2.7	82642	5948	399535	1551040	18.77
2016	70-74	0.02421	0.11451	2.63	76694	8782	362698	1151505	15.01
2016	75-79	0.03896	0.17845	2.65	67912	12119	311039	788806	11.62
2016	80-84	0.06678	0.28779	2.6	55793	16057	240448	477767	8.56
2016	85-89	0.12080	0.46541	2.53	39737	18494	153091	237319	5.97
2016	90-94	0.22009	0.68875	2.28	21243	14631	66478	84228	3.97
2016	95-99	0.35460	0.85250	1.95	6612	5637	15896	17751	2.68
2016	100-104	0.51833	0.94155	1.62	975	918	1772	1855	1.90
2016	105-109	0.68028	0.97637	1.35	57	56	82	83	1.46
2016	110+	0.79603	1.00000	1.26	1	1	2	2	1.26
2017	0	0.00643	0.00639	0.06	100000	639	99401	7784677	77.85
2017	1-4	0.00022	0.00088	1.62	99361	88	397236	7685276	77.35
2017	5-9	0.00009	0.00045	1.81	99273	45	496224	7288040	73.41
2017	10-14	0.00017	0.00086	3.21	99228	85	495990	6791817	68.45
2017	15-19	0.00078	0.00388	3.13	99143	385	494996	6295827	63.50
2017	20-24	0.00121	0.00601	2.5	98758	594	492309	5800831	58.74
2017	25-29	0.00136	0.00677	2.7	98164	664	489298	5308521	54.08
2017	30-34	0.00188	0.00934	2.52	97500	910	485243	4819224	49.43
2017	35-39	0.00187	0.00929	2.69	96590	897	480882	4333981	44.87
2017	40-44	0.00234	0.01164	2.44	95693	1114	475609	3853099	40.27
2017	45-49	0.00309	0.01532	2.63	94579	1449	469453	3377490	35.71
2017	50-54	0.00519	0.02566	2.65	93130	2390	460027	2908037	31.23
2017	55-59	0.00717	0.03524	2.68	90740	3198	446281	2448010	26.98
2017	60-64	0.01021	0.04985	2.62	87543	4364	427339	2001729	22.87
2017	65-69	0.01466	0.07074	2.54	83178	5884	401426	1574390	18.93
2017	70-74	0.02212	0.10518	2.66	77295	8130	367467	1172964	15.18
2017	75-79	0.03786	0.17366	2.62	69165	12011	317263	805497	11.65
2017	80-84	0.06889	0.29560	2.6	57153	16894	245231	488234	8.54
2017	85-89	0.11888	0.45799	2.49	40259	18438	155101	243002	6.04
2017	90-94	0.21691	0.68351	2.29	21821	14915	68759	87901	4.03
2017	95-99	0.34220	0.84099	1.98	6906	5808	16972	19142	2.77
2017	100-104	0.49789	0.93389	1.65	1098	1026	2060	2170	1.98
2017	105-109	0.65566	0.97268	1.38	73	71	108	110	1.52
2017	110+	0.77202	1.00000	1.3	2	2	3	3	1.30
