OR: Oregon, Lifetables (period 1x5), Both sexes Last modified: 3 Dec 2019, MPv5 (May07) 

Year     	Age	mx	qx	ax	lx	dx	Lx	Tx	ex
1960-1964	0	0.02245	0.02201	0.11	100000	2201	98043	7135567	71.36
1960-1964	1	0.00153	0.00153	0.5	97799	150	97724	7037524	71.96
1960-1964	2	0.00096	0.00096	0.5	97649	94	97602	6939800	71.07
1960-1964	3	0.00073	0.00073	0.5	97555	71	97520	6842198	70.14
1960-1964	4	0.00060	0.00060	0.5	97484	59	97455	6744678	69.19
1960-1964	5	0.00048	0.00048	0.5	97426	46	97402	6647223	68.23
1960-1964	6	0.00041	0.00041	0.5	97379	40	97359	6549820	67.26
1960-1964	7	0.00042	0.00042	0.5	97339	41	97319	6452461	66.29
1960-1964	8	0.00040	0.00040	0.5	97298	39	97279	6355142	65.32
1960-1964	9	0.00036	0.00036	0.5	97260	35	97242	6257863	64.34
1960-1964	10	0.00035	0.00035	0.5	97225	34	97207	6160621	63.36
1960-1964	11	0.00044	0.00044	0.5	97190	43	97169	6063414	62.39
1960-1964	12	0.00049	0.00049	0.5	97147	48	97124	5966245	61.41
1960-1964	13	0.00053	0.00053	0.5	97100	52	97074	5869121	60.44
1960-1964	14	0.00043	0.00043	0.5	97048	41	97027	5772047	59.48
1960-1964	15	0.00067	0.00066	0.5	97007	65	96974	5675020	58.50
1960-1964	16	0.00085	0.00084	0.5	96942	82	96901	5578045	57.54
1960-1964	17	0.00104	0.00104	0.5	96860	101	96810	5481144	56.59
1960-1964	18	0.00121	0.00121	0.5	96759	117	96701	5384334	55.65
1960-1964	19	0.00119	0.00119	0.5	96643	115	96585	5287633	54.71
1960-1964	20	0.00134	0.00134	0.5	96527	129	96463	5191048	53.78
1960-1964	21	0.00149	0.00149	0.5	96398	144	96326	5094586	52.85
1960-1964	22	0.00131	0.00131	0.5	96254	126	96191	4998260	51.93
1960-1964	23	0.00136	0.00136	0.5	96128	131	96063	4902069	51.00
1960-1964	24	0.00113	0.00113	0.5	95997	108	95943	4806006	50.06
1960-1964	25	0.00123	0.00123	0.5	95889	117	95830	4710063	49.12
1960-1964	26	0.00124	0.00124	0.5	95772	119	95712	4614233	48.18
1960-1964	27	0.00118	0.00118	0.5	95653	113	95596	4518521	47.24
1960-1964	28	0.00119	0.00119	0.5	95540	114	95483	4422924	46.29
1960-1964	29	0.00124	0.00124	0.5	95426	119	95367	4327441	45.35
1960-1964	30	0.00147	0.00147	0.5	95308	140	95238	4232075	44.40
1960-1964	31	0.00135	0.00135	0.5	95168	128	95103	4136837	43.47
1960-1964	32	0.00130	0.00130	0.5	95039	123	94978	4041733	42.53
1960-1964	33	0.00151	0.00151	0.5	94916	144	94844	3946756	41.58
1960-1964	34	0.00150	0.00150	0.5	94773	142	94702	3851911	40.64
1960-1964	35	0.00159	0.00159	0.5	94631	150	94556	3757210	39.70
1960-1964	36	0.00187	0.00187	0.5	94480	177	94392	3662654	38.77
1960-1964	37	0.00183	0.00183	0.5	94303	172	94217	3568262	37.84
1960-1964	38	0.00215	0.00215	0.5	94131	202	94030	3474045	36.91
1960-1964	39	0.00253	0.00253	0.5	93929	238	93810	3380015	35.98
1960-1964	40	0.00275	0.00275	0.5	93691	257	93563	3286204	35.07
1960-1964	41	0.00288	0.00288	0.5	93434	269	93299	3192642	34.17
1960-1964	42	0.00312	0.00312	0.5	93165	290	93020	3099342	33.27
1960-1964	43	0.00374	0.00373	0.5	92875	347	92701	3006322	32.37
1960-1964	44	0.00389	0.00388	0.5	92528	359	92348	2913621	31.49
1960-1964	45	0.00422	0.00421	0.5	92168	388	91975	2821273	30.61
1960-1964	46	0.00459	0.00458	0.5	91781	420	91571	2729299	29.74
1960-1964	47	0.00489	0.00488	0.5	91360	446	91138	2637728	28.87
1960-1964	48	0.00575	0.00573	0.5	90915	521	90654	2546590	28.01
1960-1964	49	0.00611	0.00609	0.5	90393	551	90118	2455936	27.17
1960-1964	50	0.00661	0.00659	0.5	89842	592	89547	2365819	26.33
1960-1964	51	0.00736	0.00733	0.5	89251	654	88923	2276272	25.50
1960-1964	52	0.00818	0.00815	0.5	88596	722	88235	2187349	24.69
1960-1964	53	0.00887	0.00883	0.5	87874	776	87486	2099113	23.89
1960-1964	54	0.00974	0.00969	0.5	87098	844	86676	2011627	23.10
1960-1964	55	0.01048	0.01042	0.5	86254	899	85805	1924951	22.32
1960-1964	56	0.01098	0.01092	0.5	85355	932	84889	1839146	21.55
1960-1964	57	0.01138	0.01132	0.5	84423	956	83946	1754257	20.78
1960-1964	58	0.01326	0.01318	0.5	83468	1100	82918	1670311	20.01
1960-1964	59	0.01504	0.01493	0.5	82368	1230	81753	1587393	19.27
1960-1964	60	0.01586	0.01573	0.5	81138	1277	80500	1505640	18.56
1960-1964	61	0.01669	0.01655	0.5	79862	1322	79201	1425139	17.85
1960-1964	62	0.01903	0.01885	0.5	78540	1480	77800	1345938	17.14
1960-1964	63	0.01979	0.01959	0.5	77060	1510	76305	1268138	16.46
1960-1964	64	0.02167	0.02144	0.5	75550	1620	74740	1191834	15.78
1960-1964	65	0.02388	0.02360	0.5	73930	1745	73058	1117094	15.11
1960-1964	66	0.02519	0.02487	0.5	72185	1795	71288	1044036	14.46
1960-1964	67	0.02802	0.02763	0.5	70390	1945	69417	972748	13.82
1960-1964	68	0.02979	0.02936	0.5	68445	2009	67440	903331	13.20
1960-1964	69	0.03247	0.03195	0.5	66436	2123	65374	835890	12.58
1960-1964	70	0.03487	0.03427	0.5	64313	2204	63211	770516	11.98
1960-1964	71	0.03749	0.03680	0.5	62109	2286	60966	707305	11.39
1960-1964	72	0.04259	0.04170	0.5	59823	2495	58576	646339	10.80
1960-1964	73	0.04779	0.04667	0.5	57329	2676	55991	587763	10.25
1960-1964	74	0.05265	0.05130	0.5	54653	2804	53251	531772	9.73
1960-1964	75	0.05580	0.05428	0.5	51849	2814	50442	478521	9.23
1960-1964	76	0.06069	0.05891	0.5	49035	2888	47591	428079	8.73
1960-1964	77	0.06601	0.06390	0.5	46146	2949	44672	380488	8.25
1960-1964	78	0.07570	0.07294	0.5	43198	3151	41622	335816	7.77
1960-1964	79	0.07730	0.07443	0.5	40047	2980	38557	294194	7.35
1960-1964	80	0.08582	0.08229	0.5	37066	3050	35541	255637	6.90
1960-1964	81	0.09325	0.08910	0.5	34016	3031	32501	220096	6.47
1960-1964	82	0.10923	0.10357	0.5	30985	3209	29381	187595	6.05
1960-1964	83	0.11458	0.10837	0.5	27776	3010	26271	158215	5.70
1960-1964	84	0.13010	0.12216	0.5	24766	3025	23253	131944	5.33
1960-1964	85	0.14059	0.13136	0.5	21741	2856	20313	108690	5.00
1960-1964	86	0.15923	0.14749	0.5	18885	2785	17492	88377	4.68
1960-1964	87	0.16816	0.15512	0.5	16100	2497	14851	70885	4.40
1960-1964	88	0.18877	0.17249	0.5	13602	2346	12429	56034	4.12
1960-1964	89	0.20162	0.18316	0.5	11256	2062	10225	43605	3.87
1960-1964	90	0.21990	0.19812	0.5	9194	1822	8284	33380	3.63
1960-1964	91	0.23938	0.21379	0.5	7373	1576	6585	25096	3.40
1960-1964	92	0.26004	0.23012	0.5	5797	1334	5130	18512	3.19
1960-1964	93	0.28188	0.24706	0.5	4463	1103	3911	13382	3.00
1960-1964	94	0.30483	0.26451	0.5	3360	889	2916	9471	2.82
1960-1964	95	0.32884	0.28240	0.5	2471	698	2122	6555	2.65
1960-1964	96	0.35382	0.30064	0.5	1773	533	1507	4433	2.50
1960-1964	97	0.37968	0.31910	0.5	1240	396	1042	2926	2.36
1960-1964	98	0.40629	0.33769	0.5	844	285	702	1883	2.23
1960-1964	99	0.43351	0.35628	0.5	559	199	460	1181	2.11
1960-1964	100	0.46118	0.37477	0.5	360	135	293	722	2.00
1960-1964	101	0.48915	0.39302	0.5	225	88	181	429	1.91
1960-1964	102	0.51722	0.41095	0.5	137	56	109	248	1.82
1960-1964	103	0.54524	0.42844	0.5	80	34	63	140	1.74
1960-1964	104	0.57301	0.44540	0.5	46	20	36	76	1.66
1960-1964	105	0.60036	0.46175	0.5	26	12	20	41	1.60
1960-1964	106	0.62714	0.47743	0.5	14	7	10	21	1.54
1960-1964	107	0.65320	0.49239	0.5	7	4	5	11	1.48
1960-1964	108	0.67840	0.50657	0.5	4	2	3	5	1.44
1960-1964	109	0.70263	0.51996	0.5	2	1	1	3	1.40
1960-1964	110+	0.72580	1.00000	1.38	1	1	1	1	1.38
1965-1969	0	0.02002	0.01967	0.1	100000	1967	98237	7167370	71.67
1965-1969	1	0.00162	0.00161	0.5	98033	158	97954	7069133	72.11
1965-1969	2	0.00100	0.00100	0.5	97875	98	97826	6971179	71.23
1965-1969	3	0.00081	0.00081	0.5	97777	79	97737	6873353	70.30
1965-1969	4	0.00061	0.00061	0.5	97697	60	97667	6775617	69.35
1965-1969	5	0.00051	0.00051	0.5	97638	50	97613	6677949	68.40
1965-1969	6	0.00051	0.00051	0.5	97588	49	97563	6580337	67.43
1965-1969	7	0.00043	0.00043	0.5	97538	42	97517	6482774	66.46
1965-1969	8	0.00042	0.00042	0.5	97496	41	97475	6385256	65.49
1965-1969	9	0.00032	0.00032	0.5	97455	31	97439	6287781	64.52
1965-1969	10	0.00030	0.00030	0.5	97424	29	97409	6190342	63.54
1965-1969	11	0.00044	0.00044	0.5	97395	43	97373	6092932	62.56
1965-1969	12	0.00049	0.00049	0.5	97352	47	97328	5995559	61.59
1965-1969	13	0.00037	0.00037	0.5	97304	36	97286	5898231	60.62
1965-1969	14	0.00057	0.00057	0.5	97268	55	97240	5800945	59.64
1965-1969	15	0.00079	0.00079	0.5	97213	77	97175	5703705	58.67
1965-1969	16	0.00100	0.00100	0.5	97136	97	97088	5606530	57.72
1965-1969	17	0.00146	0.00146	0.5	97039	141	96968	5509443	56.78
1965-1969	18	0.00159	0.00159	0.5	96897	154	96820	5412474	55.86
1965-1969	19	0.00151	0.00151	0.5	96743	146	96670	5315654	54.95
1965-1969	20	0.00127	0.00127	0.5	96597	122	96536	5218984	54.03
1965-1969	21	0.00148	0.00148	0.5	96475	143	96403	5122448	53.10
1965-1969	22	0.00157	0.00157	0.5	96332	151	96257	5026045	52.17
1965-1969	23	0.00129	0.00129	0.5	96181	124	96119	4929788	51.26
1965-1969	24	0.00126	0.00126	0.5	96057	121	95997	4833669	50.32
1965-1969	25	0.00132	0.00132	0.5	95936	127	95873	4737672	49.38
1965-1969	26	0.00123	0.00123	0.5	95809	118	95750	4641799	48.45
1965-1969	27	0.00135	0.00135	0.5	95691	129	95627	4546049	47.51
1965-1969	28	0.00152	0.00152	0.5	95562	145	95490	4450422	46.57
1965-1969	29	0.00132	0.00132	0.5	95417	126	95354	4354932	45.64
1965-1969	30	0.00115	0.00115	0.5	95292	110	95237	4259578	44.70
1965-1969	31	0.00144	0.00144	0.5	95182	137	95113	4164341	43.75
1965-1969	32	0.00145	0.00145	0.5	95044	137	94976	4069228	42.81
1965-1969	33	0.00162	0.00162	0.5	94907	153	94830	3974252	41.88
1965-1969	34	0.00163	0.00163	0.5	94754	155	94676	3879422	40.94
1965-1969	35	0.00189	0.00188	0.5	94599	178	94510	3784746	40.01
1965-1969	36	0.00178	0.00178	0.5	94421	168	94337	3690236	39.08
1965-1969	37	0.00169	0.00169	0.5	94253	160	94173	3595899	38.15
1965-1969	38	0.00214	0.00214	0.5	94093	202	93993	3501726	37.22
1965-1969	39	0.00243	0.00243	0.5	93892	228	93778	3407734	36.29
1965-1969	40	0.00253	0.00253	0.5	93664	237	93545	3313956	35.38
1965-1969	41	0.00281	0.00280	0.5	93427	262	93296	3220411	34.47
1965-1969	42	0.00305	0.00304	0.5	93165	283	93023	3127115	33.57
1965-1969	43	0.00356	0.00355	0.5	92881	330	92716	3034092	32.67
1965-1969	44	0.00387	0.00387	0.5	92552	358	92373	2941375	31.78
1965-1969	45	0.00437	0.00436	0.5	92194	402	91993	2849003	30.90
1965-1969	46	0.00501	0.00500	0.5	91792	459	91562	2757010	30.04
1965-1969	47	0.00489	0.00487	0.5	91333	445	91110	2665448	29.18
1965-1969	48	0.00512	0.00511	0.5	90888	464	90656	2574337	28.32
1965-1969	49	0.00584	0.00582	0.5	90424	526	90160	2483681	27.47
1965-1969	50	0.00633	0.00631	0.5	89897	567	89614	2393521	26.63
1965-1969	51	0.00703	0.00701	0.5	89330	626	89017	2303907	25.79
1965-1969	52	0.00777	0.00774	0.5	88704	687	88361	2214890	24.97
1965-1969	53	0.00926	0.00922	0.5	88017	811	87612	2126529	24.16
1965-1969	54	0.00957	0.00953	0.5	87206	831	86791	2038918	23.38
1965-1969	55	0.00993	0.00988	0.5	86376	854	85949	1952127	22.60
1965-1969	56	0.01091	0.01085	0.5	85522	928	85058	1866178	21.82
1965-1969	57	0.01237	0.01230	0.5	84594	1040	84074	1781120	21.05
1965-1969	58	0.01325	0.01316	0.5	83554	1099	83004	1697046	20.31
1965-1969	59	0.01392	0.01383	0.5	82454	1140	81884	1614042	19.58
1965-1969	60	0.01557	0.01545	0.5	81314	1257	80686	1532158	18.84
1965-1969	61	0.01731	0.01716	0.5	80057	1374	79371	1451472	18.13
1965-1969	62	0.01810	0.01794	0.5	78684	1411	77978	1372102	17.44
1965-1969	63	0.02029	0.02008	0.5	77272	1552	76497	1294124	16.75
1965-1969	64	0.02096	0.02074	0.5	75721	1571	74935	1217627	16.08
1965-1969	65	0.02297	0.02271	0.5	74150	1684	73308	1142692	15.41
1965-1969	66	0.02468	0.02438	0.5	72466	1767	71583	1069384	14.76
1965-1969	67	0.02803	0.02765	0.5	70699	1955	69722	997801	14.11
1965-1969	68	0.02962	0.02919	0.5	68745	2006	67742	928079	13.50
1965-1969	69	0.03198	0.03147	0.5	66738	2101	65688	860337	12.89
1965-1969	70	0.03387	0.03330	0.5	64638	2153	63562	794649	12.29
1965-1969	71	0.03798	0.03727	0.5	62485	2329	61321	731088	11.70
1965-1969	72	0.04271	0.04182	0.5	60156	2516	58898	669767	11.13
1965-1969	73	0.04610	0.04506	0.5	57640	2597	56342	610869	10.60
1965-1969	74	0.04835	0.04721	0.5	55043	2598	53744	554527	10.07
1965-1969	75	0.05336	0.05197	0.5	52445	2726	51082	500783	9.55
1965-1969	76	0.05825	0.05661	0.5	49719	2814	48312	449701	9.04
1965-1969	77	0.06486	0.06283	0.5	46905	2947	45431	401389	8.56
1965-1969	78	0.06952	0.06718	0.5	43958	2953	42481	355958	8.10
1965-1969	79	0.07581	0.07304	0.5	41004	2995	39507	313477	7.64
1965-1969	80	0.08371	0.08035	0.5	38009	3054	36482	273970	7.21
1965-1969	81	0.09033	0.08643	0.5	34955	3021	33445	237488	6.79
1965-1969	82	0.09470	0.09042	0.5	31934	2888	30490	204044	6.39
1965-1969	83	0.11182	0.10590	0.5	29047	3076	27509	173553	5.98
1965-1969	84	0.12323	0.11608	0.5	25971	3015	24463	146045	5.62
1965-1969	85	0.13024	0.12228	0.5	22956	2807	21552	121582	5.30
1965-1969	86	0.14564	0.13575	0.5	20149	2735	18781	100029	4.96
1965-1969	87	0.16090	0.14892	0.5	17414	2593	16117	81248	4.67
1965-1969	88	0.16813	0.15509	0.5	14820	2299	13671	65131	4.39
1965-1969	89	0.18736	0.17132	0.5	12522	2145	11449	51460	4.11
1965-1969	90	0.20411	0.18521	0.5	10377	1922	9416	40010	3.86
1965-1969	91	0.22201	0.19983	0.5	8455	1690	7610	30594	3.62
1965-1969	92	0.24107	0.21514	0.5	6765	1455	6038	22984	3.40
1965-1969	93	0.26128	0.23109	0.5	5310	1227	4696	16947	3.19
1965-1969	94	0.28262	0.24763	0.5	4083	1011	3577	12250	3.00
1965-1969	95	0.30506	0.26469	0.5	3072	813	2665	8673	2.82
1965-1969	96	0.32854	0.28218	0.5	2259	637	1940	6008	2.66
1965-1969	97	0.35297	0.30002	0.5	1621	486	1378	4068	2.51
1965-1969	98	0.37827	0.31810	0.5	1135	361	954	2690	2.37
1965-1969	99	0.40431	0.33632	0.5	774	260	644	1735	2.24
1965-1969	100	0.43097	0.35457	0.5	514	182	423	1092	2.13
1965-1969	101	0.45810	0.37273	0.5	332	124	270	669	2.02
1965-1969	102	0.48553	0.39069	0.5	208	81	167	399	1.92
1965-1969	103	0.51311	0.40835	0.5	127	52	101	232	1.83
1965-1969	104	0.54065	0.42560	0.5	75	32	59	131	1.75
1965-1969	105	0.56800	0.44237	0.5	43	19	34	72	1.68
1965-1969	106	0.59497	0.45856	0.5	24	11	19	39	1.61
1965-1969	107	0.62142	0.47411	0.5	13	6	10	20	1.55
1965-1969	108	0.64719	0.48896	0.5	7	3	5	10	1.50
1965-1969	109	0.67217	0.50309	0.5	3	2	3	5	1.46
1965-1969	110+	0.69623	1.00000	1.44	2	2	2	2	1.44
1970-1974	0	0.01633	0.01609	0.09	100000	1609	98541	7262652	72.63
1970-1974	1	0.00123	0.00123	0.5	98391	121	98330	7164111	72.81
1970-1974	2	0.00097	0.00097	0.5	98270	96	98222	7065781	71.90
1970-1974	3	0.00069	0.00069	0.5	98174	68	98140	6967559	70.97
1970-1974	4	0.00054	0.00053	0.5	98106	52	98079	6869419	70.02
1970-1974	5	0.00038	0.00038	0.5	98053	37	98035	6771340	69.06
1970-1974	6	0.00044	0.00044	0.5	98016	43	97995	6673305	68.08
1970-1974	7	0.00045	0.00045	0.5	97974	44	97951	6575310	67.11
1970-1974	8	0.00040	0.00040	0.5	97929	39	97910	6477359	66.14
1970-1974	9	0.00034	0.00034	0.5	97890	33	97874	6379449	65.17
1970-1974	10	0.00032	0.00032	0.5	97857	31	97841	6281575	64.19
1970-1974	11	0.00032	0.00032	0.5	97826	31	97810	6183734	63.21
1970-1974	12	0.00043	0.00043	0.5	97794	42	97774	6085924	62.23
1970-1974	13	0.00047	0.00047	0.5	97753	46	97729	5988150	61.26
1970-1974	14	0.00058	0.00058	0.5	97706	57	97678	5890421	60.29
1970-1974	15	0.00075	0.00075	0.5	97650	73	97613	5792743	59.32
1970-1974	16	0.00091	0.00091	0.5	97577	89	97532	5695130	58.37
1970-1974	17	0.00119	0.00119	0.5	97487	116	97429	5597598	57.42
1970-1974	18	0.00141	0.00141	0.5	97371	137	97303	5500169	56.49
1970-1974	19	0.00145	0.00145	0.5	97234	141	97164	5402866	55.57
1970-1974	20	0.00141	0.00141	0.5	97094	137	97025	5305702	54.65
1970-1974	21	0.00167	0.00167	0.5	96957	162	96876	5208677	53.72
1970-1974	22	0.00152	0.00152	0.5	96795	147	96721	5111801	52.81
1970-1974	23	0.00153	0.00153	0.5	96648	148	96574	5015080	51.89
1970-1974	24	0.00124	0.00124	0.5	96499	120	96439	4918506	50.97
1970-1974	25	0.00123	0.00123	0.5	96380	118	96321	4822067	50.03
1970-1974	26	0.00130	0.00130	0.5	96261	125	96199	4725746	49.09
1970-1974	27	0.00108	0.00108	0.5	96136	104	96085	4629547	48.16
1970-1974	28	0.00132	0.00132	0.5	96033	127	95969	4533462	47.21
1970-1974	29	0.00125	0.00125	0.5	95906	120	95846	4437493	46.27
1970-1974	30	0.00120	0.00120	0.5	95786	114	95729	4341647	45.33
1970-1974	31	0.00119	0.00119	0.5	95672	114	95614	4245918	44.38
1970-1974	32	0.00150	0.00149	0.5	95557	143	95486	4150304	43.43
1970-1974	33	0.00149	0.00148	0.5	95415	142	95344	4054818	42.50
1970-1974	34	0.00153	0.00153	0.5	95273	146	95200	3959474	41.56
1970-1974	35	0.00143	0.00143	0.5	95127	136	95059	3864274	40.62
1970-1974	36	0.00168	0.00167	0.5	94991	159	94912	3769214	39.68
1970-1974	37	0.00202	0.00202	0.5	94832	191	94737	3674303	38.75
1970-1974	38	0.00221	0.00221	0.5	94641	209	94537	3579566	37.82
1970-1974	39	0.00247	0.00247	0.5	94432	233	94316	3485029	36.91
1970-1974	40	0.00236	0.00236	0.5	94199	222	94088	3390714	36.00
1970-1974	41	0.00251	0.00251	0.5	93977	236	93859	3296626	35.08
1970-1974	42	0.00298	0.00298	0.5	93741	279	93601	3202767	34.17
1970-1974	43	0.00321	0.00321	0.5	93462	300	93312	3109166	33.27
1970-1974	44	0.00335	0.00334	0.5	93162	311	93006	3015854	32.37
1970-1974	45	0.00408	0.00407	0.5	92851	378	92662	2922847	31.48
1970-1974	46	0.00415	0.00414	0.5	92473	383	92281	2830185	30.61
1970-1974	47	0.00462	0.00461	0.5	92090	424	91878	2737904	29.73
1970-1974	48	0.00513	0.00511	0.5	91666	469	91431	2646026	28.87
1970-1974	49	0.00565	0.00564	0.5	91197	514	90940	2554595	28.01
1970-1974	50	0.00623	0.00621	0.5	90683	563	90401	2463655	27.17
1970-1974	51	0.00736	0.00733	0.5	90120	661	89789	2373253	26.33
1970-1974	52	0.00714	0.00712	0.5	89459	637	89141	2283464	25.53
1970-1974	53	0.00790	0.00787	0.5	88822	699	88473	2194323	24.70
1970-1974	54	0.00910	0.00906	0.5	88123	798	87724	2105850	23.90
1970-1974	55	0.00949	0.00945	0.5	87325	825	86913	2018126	23.11
1970-1974	56	0.01086	0.01080	0.5	86500	935	86033	1931214	22.33
1970-1974	57	0.01201	0.01194	0.5	85566	1022	85055	1845181	21.56
1970-1974	58	0.01201	0.01194	0.5	84544	1009	84039	1760126	20.82
1970-1974	59	0.01398	0.01389	0.5	83535	1160	82955	1676087	20.06
1970-1974	60	0.01513	0.01502	0.5	82375	1237	81756	1593132	19.34
1970-1974	61	0.01637	0.01624	0.5	81138	1318	80479	1511375	18.63
1970-1974	62	0.01759	0.01744	0.5	79820	1392	79124	1430896	17.93
1970-1974	63	0.02029	0.02008	0.5	78428	1575	77641	1351772	17.24
1970-1974	64	0.02108	0.02086	0.5	76853	1603	76052	1274131	16.58
1970-1974	65	0.02219	0.02195	0.5	75250	1652	74425	1198079	15.92
1970-1974	66	0.02339	0.02312	0.5	73599	1702	72748	1123654	15.27
1970-1974	67	0.02535	0.02503	0.5	71897	1800	70997	1050907	14.62
1970-1974	68	0.02687	0.02652	0.5	70098	1859	69168	979909	13.98
1970-1974	69	0.03043	0.02998	0.5	68239	2045	67216	910741	13.35
1970-1974	70	0.03279	0.03226	0.5	66193	2136	65126	843525	12.74
1970-1974	71	0.03508	0.03448	0.5	64058	2209	62953	778399	12.15
1970-1974	72	0.03836	0.03764	0.5	61849	2328	60685	715445	11.57
1970-1974	73	0.04283	0.04193	0.5	59521	2496	58273	654760	11.00
1970-1974	74	0.04524	0.04424	0.5	57026	2523	55764	596487	10.46
1970-1974	75	0.05110	0.04983	0.5	54503	2716	53145	540723	9.92
1970-1974	76	0.05639	0.05484	0.5	51787	2840	50367	487578	9.42
1970-1974	77	0.05997	0.05823	0.5	48947	2850	47522	437211	8.93
1970-1974	78	0.06457	0.06255	0.5	46097	2884	44655	389689	8.45
1970-1974	79	0.07369	0.07107	0.5	43213	3071	41678	345034	7.98
1970-1974	80	0.07429	0.07163	0.5	40142	2876	38705	303356	7.56
1970-1974	81	0.08046	0.07734	0.5	37267	2882	35826	264651	7.10
1970-1974	82	0.09323	0.08908	0.5	34384	3063	32853	228825	6.65
1970-1974	83	0.10199	0.09704	0.5	31321	3040	29802	195972	6.26
1970-1974	84	0.11312	0.10706	0.5	28282	3028	26768	166171	5.88
1970-1974	85	0.11998	0.11319	0.5	25254	2859	23825	139403	5.52
1970-1974	86	0.13401	0.12559	0.5	22395	2813	20989	115578	5.16
1970-1974	87	0.14834	0.13810	0.5	19583	2704	18231	94589	4.83
1970-1974	88	0.16633	0.15356	0.5	16878	2592	15582	76359	4.52
1970-1974	89	0.17777	0.16326	0.5	14287	2332	13120	60776	4.25
1970-1974	90	0.19425	0.17705	0.5	11954	2117	10896	47656	3.99
1970-1974	91	0.21190	0.19160	0.5	9838	1885	8895	36760	3.74
1970-1974	92	0.23074	0.20687	0.5	7953	1645	7130	27864	3.50
1970-1974	93	0.25076	0.22283	0.5	6308	1405	5605	20734	3.29
1970-1974	94	0.27195	0.23940	0.5	4902	1174	4315	15129	3.09
1970-1974	95	0.29427	0.25653	0.5	3729	956	3250	10814	2.90
1970-1974	96	0.31768	0.27414	0.5	2772	760	2392	7564	2.73
1970-1974	97	0.34209	0.29212	0.5	2012	588	1718	5172	2.57
1970-1974	98	0.36742	0.31040	0.5	1424	442	1203	3454	2.42
1970-1974	99	0.39356	0.32885	0.5	982	323	821	2250	2.29
1970-1974	100	0.42036	0.34736	0.5	659	229	545	1430	2.17
1970-1974	101	0.44770	0.36581	0.5	430	157	352	885	2.06
1970-1974	102	0.47541	0.38410	0.5	273	105	220	533	1.95
1970-1974	103	0.50331	0.40212	0.5	168	68	134	313	1.86
1970-1974	104	0.53124	0.41975	0.5	100	42	79	179	1.78
1970-1974	105	0.55901	0.43690	0.5	58	25	46	99	1.70
1970-1974	106	0.58646	0.45348	0.5	33	15	25	54	1.63
1970-1974	107	0.61342	0.46944	0.5	18	8	14	28	1.57
1970-1974	108	0.63973	0.48469	0.5	10	5	7	14	1.52
1970-1974	109	0.66525	0.49921	0.5	5	2	4	7	1.48
1970-1974	110+	0.68988	1.00000	1.45	2	2	4	4	1.45
1975-1979	0	0.01296	0.01281	0.08	100000	1281	98827	7431787	74.32
1975-1979	1	0.00100	0.00100	0.5	98719	98	98670	7332960	74.28
1975-1979	2	0.00067	0.00067	0.5	98621	66	98587	7234290	73.35
1975-1979	3	0.00062	0.00062	0.5	98554	61	98524	7135703	72.40
1975-1979	4	0.00053	0.00053	0.5	98493	52	98467	7037179	71.45
1975-1979	5	0.00043	0.00043	0.5	98441	43	98420	6938712	70.49
1975-1979	6	0.00041	0.00041	0.5	98399	41	98378	6840292	69.52
1975-1979	7	0.00037	0.00037	0.5	98358	36	98340	6741914	68.54
1975-1979	8	0.00033	0.00033	0.5	98322	32	98306	6643574	67.57
1975-1979	9	0.00031	0.00031	0.5	98290	30	98275	6545268	66.59
1975-1979	10	0.00034	0.00034	0.5	98260	33	98243	6446993	65.61
1975-1979	11	0.00033	0.00033	0.5	98226	32	98210	6348750	64.63
1975-1979	12	0.00029	0.00029	0.5	98194	29	98179	6250540	63.66
1975-1979	13	0.00044	0.00044	0.5	98165	44	98143	6152361	62.67
1975-1979	14	0.00041	0.00041	0.5	98122	40	98101	6054218	61.70
1975-1979	15	0.00072	0.00072	0.5	98081	71	98046	5956116	60.73
1975-1979	16	0.00101	0.00101	0.5	98010	99	97961	5858071	59.77
1975-1979	17	0.00102	0.00102	0.5	97911	100	97861	5760110	58.83
1975-1979	18	0.00122	0.00121	0.5	97811	119	97752	5662249	57.89
1975-1979	19	0.00133	0.00133	0.5	97693	130	97628	5564497	56.96
1975-1979	20	0.00157	0.00157	0.5	97563	153	97487	5466869	56.03
1975-1979	21	0.00137	0.00136	0.5	97410	133	97344	5369382	55.12
1975-1979	22	0.00132	0.00132	0.5	97277	128	97213	5272039	54.20
1975-1979	23	0.00137	0.00137	0.5	97149	133	97083	5174826	53.27
1975-1979	24	0.00138	0.00138	0.5	97016	134	96949	5077743	52.34
1975-1979	25	0.00107	0.00107	0.5	96882	104	96830	4980794	51.41
1975-1979	26	0.00133	0.00133	0.5	96779	129	96714	4883963	50.47
1975-1979	27	0.00115	0.00115	0.5	96650	111	96594	4787249	49.53
1975-1979	28	0.00127	0.00126	0.5	96539	122	96478	4690655	48.59
1975-1979	29	0.00123	0.00123	0.5	96417	119	96358	4594177	47.65
1975-1979	30	0.00112	0.00112	0.5	96298	108	96244	4497819	46.71
1975-1979	31	0.00114	0.00114	0.5	96191	110	96136	4401574	45.76
1975-1979	32	0.00116	0.00116	0.5	96081	112	96025	4305439	44.81
1975-1979	33	0.00121	0.00121	0.5	95969	116	95911	4209414	43.86
1975-1979	34	0.00117	0.00117	0.5	95853	112	95797	4113503	42.91
1975-1979	35	0.00137	0.00137	0.5	95741	131	95675	4017706	41.96
1975-1979	36	0.00158	0.00158	0.5	95609	151	95534	3922031	41.02
1975-1979	37	0.00152	0.00152	0.5	95459	145	95386	3826497	40.09
1975-1979	38	0.00182	0.00182	0.5	95313	173	95227	3731111	39.15
1975-1979	39	0.00177	0.00177	0.5	95140	168	95056	3635884	38.22
1975-1979	40	0.00192	0.00192	0.5	94972	182	94880	3540828	37.28
1975-1979	41	0.00228	0.00228	0.5	94789	216	94681	3445948	36.35
1975-1979	42	0.00273	0.00272	0.5	94573	258	94444	3351267	35.44
1975-1979	43	0.00270	0.00270	0.5	94315	255	94188	3256823	34.53
1975-1979	44	0.00298	0.00297	0.5	94061	279	93921	3162635	33.62
1975-1979	45	0.00323	0.00322	0.5	93781	302	93630	3068714	32.72
1975-1979	46	0.00360	0.00359	0.5	93479	336	93311	2975083	31.83
1975-1979	47	0.00402	0.00402	0.5	93144	374	92957	2881772	30.94
1975-1979	48	0.00440	0.00439	0.5	92770	407	92566	2788815	30.06
1975-1979	49	0.00464	0.00463	0.5	92362	428	92149	2696249	29.19
1975-1979	50	0.00560	0.00559	0.5	91935	514	91678	2604101	28.33
1975-1979	51	0.00568	0.00566	0.5	91421	518	91162	2512423	27.48
1975-1979	52	0.00681	0.00678	0.5	90903	617	90595	2421261	26.64
1975-1979	53	0.00711	0.00708	0.5	90287	640	89967	2330666	25.81
1975-1979	54	0.00796	0.00793	0.5	89647	711	89292	2240699	24.99
1975-1979	55	0.00864	0.00860	0.5	88936	765	88554	2151408	24.19
1975-1979	56	0.00925	0.00921	0.5	88171	812	87765	2062854	23.40
1975-1979	57	0.01002	0.00997	0.5	87359	871	86924	1975089	22.61
1975-1979	58	0.01153	0.01147	0.5	86488	992	85992	1888166	21.83
1975-1979	59	0.01184	0.01177	0.5	85496	1007	84993	1802173	21.08
1975-1979	60	0.01344	0.01335	0.5	84490	1128	83926	1717181	20.32
1975-1979	61	0.01472	0.01461	0.5	83362	1218	82753	1633255	19.59
1975-1979	62	0.01593	0.01581	0.5	82144	1298	81495	1550502	18.88
1975-1979	63	0.01722	0.01707	0.5	80845	1380	80155	1469008	18.17
1975-1979	64	0.01922	0.01904	0.5	79465	1513	78708	1388852	17.48
1975-1979	65	0.01972	0.01953	0.5	77952	1522	77191	1310144	16.81
1975-1979	66	0.02127	0.02104	0.5	76430	1608	75625	1232953	16.13
1975-1979	67	0.02344	0.02317	0.5	74821	1734	73954	1157328	15.47
1975-1979	68	0.02590	0.02556	0.5	73088	1868	72153	1083373	14.82
1975-1979	69	0.02702	0.02666	0.5	71219	1898	70270	1011220	14.20
1975-1979	70	0.02943	0.02901	0.5	69321	2011	68315	940950	13.57
1975-1979	71	0.03264	0.03212	0.5	67310	2162	66229	872634	12.96
1975-1979	72	0.03483	0.03424	0.5	65148	2230	64033	806405	12.38
1975-1979	73	0.03789	0.03719	0.5	62918	2340	61748	742372	11.80
1975-1979	74	0.04031	0.03951	0.5	60578	2393	59381	680624	11.24
1975-1979	75	0.04554	0.04453	0.5	58185	2591	56889	621243	10.68
1975-1979	76	0.04750	0.04640	0.5	55594	2579	54304	564353	10.15
1975-1979	77	0.05276	0.05141	0.5	53014	2725	51652	510049	9.62
1975-1979	78	0.05657	0.05502	0.5	50289	2767	48906	458397	9.12
1975-1979	79	0.06367	0.06170	0.5	47522	2932	46056	409492	8.62
1975-1979	80	0.06572	0.06363	0.5	44590	2837	43172	363435	8.15
1975-1979	81	0.07254	0.07000	0.5	41753	2923	40291	320264	7.67
1975-1979	82	0.07747	0.07458	0.5	38830	2896	37382	279972	7.21
1975-1979	83	0.08787	0.08417	0.5	35934	3025	34422	242590	6.75
1975-1979	84	0.09693	0.09245	0.5	32910	3042	31388	208168	6.33
1975-1979	85	0.10810	0.10256	0.5	29867	3063	28336	176780	5.92
1975-1979	86	0.12080	0.11392	0.5	26804	3053	25277	148444	5.54
1975-1979	87	0.13426	0.12581	0.5	23751	2988	22257	123167	5.19
1975-1979	88	0.14848	0.13822	0.5	20763	2870	19328	100910	4.86
1975-1979	89	0.15859	0.14694	0.5	17893	2629	16578	81583	4.56
1975-1979	90	0.17596	0.16173	0.5	15264	2469	14029	65004	4.26
1975-1979	91	0.19284	0.17588	0.5	12795	2250	11670	50975	3.98
1975-1979	92	0.21098	0.19085	0.5	10545	2012	9538	39305	3.73
1975-1979	93	0.23040	0.20660	0.5	8532	1763	7651	29767	3.49
1975-1979	94	0.25111	0.22310	0.5	6769	1510	6014	22116	3.27
1975-1979	95	0.27309	0.24028	0.5	5259	1264	4627	16102	3.06
1975-1979	96	0.29630	0.25807	0.5	3995	1031	3480	11475	2.87
1975-1979	97	0.32069	0.27638	0.5	2964	819	2555	7995	2.70
1975-1979	98	0.34618	0.29510	0.5	2145	633	1829	5440	2.54
1975-1979	99	0.37265	0.31412	0.5	1512	475	1275	3611	2.39
1975-1979	100	0.39998	0.33332	0.5	1037	346	864	2337	2.25
1975-1979	101	0.42803	0.35257	0.5	691	244	570	1473	2.13
1975-1979	102	0.45661	0.37174	0.5	448	166	364	903	2.02
1975-1979	103	0.48554	0.39069	0.5	281	110	226	539	1.92
1975-1979	104	0.51464	0.40931	0.5	171	70	136	312	1.82
1975-1979	105	0.54369	0.42748	0.5	101	43	80	176	1.74
1975-1979	106	0.57250	0.44509	0.5	58	26	45	96	1.66
1975-1979	107	0.60087	0.46206	0.5	32	15	25	51	1.60
1975-1979	108	0.62863	0.47829	0.5	17	8	13	27	1.54
1975-1979	109	0.65560	0.49375	0.5	9	4	7	13	1.50
1975-1979	110+	0.68163	1.00000	1.47	5	5	7	7	1.47
1980-1984	0	0.01058	0.01048	0.08	100000	1048	99033	7542890	75.43
1980-1984	1	0.00082	0.00082	0.5	98952	81	98911	7443857	75.23
1980-1984	2	0.00071	0.00071	0.5	98871	70	98836	7344945	74.29
1980-1984	3	0.00040	0.00040	0.5	98801	40	98781	7246110	73.34
1980-1984	4	0.00033	0.00033	0.5	98761	33	98745	7147329	72.37
1980-1984	5	0.00029	0.00029	0.5	98728	28	98714	7048584	71.39
1980-1984	6	0.00025	0.00025	0.5	98700	24	98688	6949870	70.41
1980-1984	7	0.00024	0.00024	0.5	98675	24	98663	6851183	69.43
1980-1984	8	0.00031	0.00031	0.5	98651	30	98636	6752519	68.45
1980-1984	9	0.00031	0.00031	0.5	98621	30	98606	6653883	67.47
1980-1984	10	0.00021	0.00021	0.5	98590	21	98580	6555278	66.49
1980-1984	11	0.00021	0.00021	0.5	98569	20	98559	6456698	65.50
1980-1984	12	0.00029	0.00029	0.5	98549	29	98535	6358139	64.52
1980-1984	13	0.00026	0.00026	0.5	98520	25	98508	6259604	63.54
1980-1984	14	0.00044	0.00044	0.5	98495	44	98473	6161096	62.55
1980-1984	15	0.00054	0.00054	0.5	98451	54	98424	6062623	61.58
1980-1984	16	0.00079	0.00078	0.5	98398	77	98359	5964199	60.61
1980-1984	17	0.00100	0.00100	0.5	98320	98	98271	5865840	59.66
1980-1984	18	0.00117	0.00117	0.5	98222	115	98165	5767568	58.72
1980-1984	19	0.00121	0.00121	0.5	98108	118	98048	5669403	57.79
1980-1984	20	0.00121	0.00121	0.5	97989	118	97930	5571355	56.86
1980-1984	21	0.00127	0.00127	0.5	97871	125	97809	5473425	55.92
1980-1984	22	0.00129	0.00129	0.5	97746	126	97683	5375616	55.00
1980-1984	23	0.00113	0.00113	0.5	97620	110	97565	5277933	54.07
1980-1984	24	0.00110	0.00110	0.5	97510	107	97456	5180368	53.13
1980-1984	25	0.00106	0.00106	0.5	97403	103	97351	5082912	52.18
1980-1984	26	0.00110	0.00110	0.5	97299	107	97246	4985561	51.24
1980-1984	27	0.00121	0.00121	0.5	97192	117	97134	4888315	50.30
1980-1984	28	0.00098	0.00098	0.5	97075	95	97028	4791181	49.36
1980-1984	29	0.00111	0.00111	0.5	96980	107	96927	4694153	48.40
1980-1984	30	0.00105	0.00105	0.5	96873	102	96822	4597226	47.46
1980-1984	31	0.00114	0.00114	0.5	96771	111	96716	4500404	46.51
1980-1984	32	0.00113	0.00113	0.5	96660	110	96606	4403689	45.56
1980-1984	33	0.00114	0.00114	0.5	96551	110	96496	4307083	44.61
1980-1984	34	0.00108	0.00108	0.5	96441	104	96389	4210587	43.66
1980-1984	35	0.00121	0.00121	0.5	96337	117	96279	4114198	42.71
1980-1984	36	0.00137	0.00136	0.5	96221	131	96155	4017919	41.76
1980-1984	37	0.00139	0.00139	0.5	96089	133	96023	3921764	40.81
1980-1984	38	0.00156	0.00156	0.5	95956	150	95882	3825741	39.87
1980-1984	39	0.00166	0.00165	0.5	95807	159	95728	3729859	38.93
1980-1984	40	0.00170	0.00169	0.5	95648	162	95567	3634132	37.99
1980-1984	41	0.00204	0.00204	0.5	95486	195	95389	3538564	37.06
1980-1984	42	0.00202	0.00202	0.5	95292	193	95195	3443175	36.13
1980-1984	43	0.00232	0.00232	0.5	95099	220	94989	3347980	35.21
1980-1984	44	0.00265	0.00265	0.5	94879	252	94753	3252991	34.29
1980-1984	45	0.00283	0.00282	0.5	94627	267	94494	3158238	33.38
1980-1984	46	0.00342	0.00341	0.5	94360	322	94199	3063745	32.47
1980-1984	47	0.00360	0.00359	0.5	94038	337	93870	2969545	31.58
1980-1984	48	0.00417	0.00416	0.5	93701	390	93506	2875676	30.69
1980-1984	49	0.00432	0.00431	0.5	93311	402	93110	2782170	29.82
1980-1984	50	0.00461	0.00460	0.5	92909	427	92696	2689060	28.94
1980-1984	51	0.00571	0.00570	0.5	92482	527	92219	2596364	28.07
1980-1984	52	0.00586	0.00584	0.5	91955	537	91687	2504145	27.23
1980-1984	53	0.00652	0.00650	0.5	91418	594	91121	2412458	26.39
1980-1984	54	0.00696	0.00694	0.5	90824	630	90510	2321337	25.56
1980-1984	55	0.00800	0.00797	0.5	90195	719	89835	2230828	24.73
1980-1984	56	0.00830	0.00827	0.5	89476	740	89106	2140992	23.93
1980-1984	57	0.00932	0.00928	0.5	88736	823	88324	2051887	23.12
1980-1984	58	0.01041	0.01035	0.5	87912	910	87457	1963563	22.34
1980-1984	59	0.01167	0.01160	0.5	87002	1009	86497	1876106	21.56
1980-1984	60	0.01247	0.01239	0.5	85993	1065	85460	1789608	20.81
1980-1984	61	0.01318	0.01309	0.5	84927	1112	84372	1704148	20.07
1980-1984	62	0.01534	0.01522	0.5	83816	1276	83178	1619776	19.33
1980-1984	63	0.01561	0.01549	0.5	82540	1278	81901	1536599	18.62
1980-1984	64	0.01674	0.01661	0.5	81262	1349	80587	1454698	17.90
1980-1984	65	0.01870	0.01853	0.5	79912	1481	79172	1374110	17.20
1980-1984	66	0.01972	0.01953	0.5	78432	1532	77666	1294938	16.51
1980-1984	67	0.02173	0.02150	0.5	76900	1653	76074	1217272	15.83
1980-1984	68	0.02379	0.02351	0.5	75247	1769	74363	1141198	15.17
1980-1984	69	0.02604	0.02570	0.5	73478	1889	72534	1066836	14.52
1980-1984	70	0.02848	0.02808	0.5	71589	2010	70584	994302	13.89
1980-1984	71	0.03006	0.02961	0.5	69579	2060	68549	923719	13.28
1980-1984	72	0.03364	0.03308	0.5	67518	2234	66401	855170	12.67
1980-1984	73	0.03674	0.03607	0.5	65285	2355	64107	788769	12.08
1980-1984	74	0.03954	0.03877	0.5	62929	2440	61710	724662	11.52
1980-1984	75	0.04299	0.04209	0.5	60490	2546	59217	662952	10.96
1980-1984	76	0.04717	0.04608	0.5	57944	2670	56609	603735	10.42
1980-1984	77	0.04809	0.04696	0.5	55274	2596	53976	547127	9.90
1980-1984	78	0.05431	0.05287	0.5	52678	2785	51285	493151	9.36
1980-1984	79	0.06147	0.05964	0.5	49893	2975	48405	441866	8.86
1980-1984	80	0.06588	0.06378	0.5	46917	2992	45421	393461	8.39
1980-1984	81	0.07166	0.06918	0.5	43925	3039	42406	348040	7.92
1980-1984	82	0.08039	0.07728	0.5	40886	3160	39306	305634	7.48
1980-1984	83	0.08273	0.07945	0.5	37726	2997	36228	266328	7.06
1980-1984	84	0.09415	0.08992	0.5	34729	3123	33168	230100	6.63
1980-1984	85	0.09956	0.09484	0.5	31606	2998	30108	196932	6.23
1980-1984	86	0.11101	0.10517	0.5	28609	3009	27104	166825	5.83
1980-1984	87	0.12385	0.11663	0.5	25600	2986	24107	139720	5.46
1980-1984	88	0.13392	0.12551	0.5	22614	2838	21195	115613	5.11
1980-1984	89	0.15185	0.14113	0.5	19776	2791	18380	94418	4.77
1980-1984	90	0.16617	0.15342	0.5	16985	2606	15682	76037	4.48
1980-1984	91	0.18158	0.16647	0.5	14379	2394	13182	60355	4.20
1980-1984	92	0.19813	0.18028	0.5	11985	2161	10905	47173	3.94
1980-1984	93	0.21584	0.19481	0.5	9825	1914	8868	36268	3.69
1980-1984	94	0.23471	0.21006	0.5	7911	1662	7080	27400	3.46
1980-1984	95	0.25475	0.22596	0.5	6249	1412	5543	20320	3.25
1980-1984	96	0.27593	0.24247	0.5	4837	1173	4251	14777	3.06
1980-1984	97	0.29822	0.25952	0.5	3664	951	3189	10527	2.87
1980-1984	98	0.32158	0.27703	0.5	2713	752	2337	7338	2.70
1980-1984	99	0.34592	0.29491	0.5	1962	578	1672	5001	2.55
1980-1984	100	0.37116	0.31306	0.5	1383	433	1167	3328	2.41
1980-1984	101	0.39718	0.33138	0.5	950	315	793	2162	2.28
1980-1984	102	0.42387	0.34974	0.5	635	222	524	1369	2.16
1980-1984	103	0.45106	0.36805	0.5	413	152	337	845	2.05
1980-1984	104	0.47861	0.38619	0.5	261	101	211	508	1.95
1980-1984	105	0.50634	0.40405	0.5	160	65	128	297	1.85
1980-1984	106	0.53409	0.42153	0.5	95	40	75	169	1.77
1980-1984	107	0.56168	0.43853	0.5	55	24	43	94	1.70
1980-1984	108	0.58895	0.45497	0.5	31	14	24	51	1.64
1980-1984	109	0.61572	0.47078	0.5	17	8	13	27	1.59
1980-1984	110+	0.64185	1.00000	1.56	9	9	14	14	1.56
1985-1989	0	0.00954	0.00946	0.07	100000	946	99125	7586264	75.86
1985-1989	1	0.00089	0.00089	0.5	99054	88	99010	7487139	75.59
1985-1989	2	0.00062	0.00062	0.5	98966	61	98936	7388129	74.65
1985-1989	3	0.00035	0.00035	0.5	98905	34	98888	7289193	73.70
1985-1989	4	0.00037	0.00037	0.5	98871	36	98853	7190305	72.72
1985-1989	5	0.00025	0.00025	0.5	98835	25	98822	7091452	71.75
1985-1989	6	0.00022	0.00022	0.5	98810	22	98799	6992630	70.77
1985-1989	7	0.00022	0.00022	0.5	98788	22	98777	6893831	69.78
1985-1989	8	0.00021	0.00021	0.5	98767	21	98756	6795053	68.80
1985-1989	9	0.00016	0.00016	0.5	98746	16	98738	6696297	67.81
1985-1989	10	0.00021	0.00021	0.5	98729	21	98719	6597560	66.82
1985-1989	11	0.00024	0.00024	0.5	98708	24	98697	6498841	65.84
1985-1989	12	0.00021	0.00021	0.5	98685	21	98674	6400144	64.85
1985-1989	13	0.00030	0.00030	0.5	98664	29	98649	6301470	63.87
1985-1989	14	0.00043	0.00043	0.5	98635	42	98614	6202821	62.89
1985-1989	15	0.00062	0.00062	0.5	98592	61	98562	6104207	61.91
1985-1989	16	0.00086	0.00086	0.5	98531	85	98489	6005645	60.95
1985-1989	17	0.00107	0.00107	0.5	98446	106	98394	5907156	60.00
1985-1989	18	0.00111	0.00111	0.5	98341	109	98286	5808762	59.07
1985-1989	19	0.00120	0.00120	0.5	98231	118	98172	5710476	58.13
1985-1989	20	0.00108	0.00108	0.5	98113	106	98060	5612304	57.20
1985-1989	21	0.00105	0.00105	0.5	98007	103	97956	5514244	56.26
1985-1989	22	0.00115	0.00115	0.5	97905	112	97848	5416288	55.32
1985-1989	23	0.00118	0.00118	0.5	97792	116	97734	5318439	54.39
1985-1989	24	0.00118	0.00118	0.5	97677	115	97619	5220705	53.45
1985-1989	25	0.00114	0.00114	0.5	97562	111	97506	5123086	52.51
1985-1989	26	0.00128	0.00128	0.5	97451	124	97389	5025580	51.57
1985-1989	27	0.00110	0.00110	0.5	97326	107	97273	4928191	50.64
1985-1989	28	0.00119	0.00119	0.5	97219	116	97161	4830918	49.69
1985-1989	29	0.00105	0.00105	0.5	97103	102	97052	4733757	48.75
1985-1989	30	0.00112	0.00112	0.5	97001	109	96947	4636705	47.80
1985-1989	31	0.00118	0.00118	0.5	96893	114	96836	4539758	46.85
1985-1989	32	0.00129	0.00129	0.5	96778	125	96716	4442922	45.91
1985-1989	33	0.00126	0.00126	0.5	96653	122	96592	4346206	44.97
1985-1989	34	0.00136	0.00135	0.5	96531	131	96466	4249614	44.02
1985-1989	35	0.00136	0.00135	0.5	96401	131	96335	4153148	43.08
1985-1989	36	0.00153	0.00153	0.5	96270	147	96197	4056812	42.14
1985-1989	37	0.00140	0.00140	0.5	96123	134	96056	3960616	41.20
1985-1989	38	0.00163	0.00163	0.5	95989	157	95911	3864560	40.26
1985-1989	39	0.00163	0.00163	0.5	95832	156	95754	3768649	39.33
1985-1989	40	0.00163	0.00163	0.5	95676	156	95598	3672895	38.39
1985-1989	41	0.00179	0.00179	0.5	95520	171	95435	3577296	37.45
1985-1989	42	0.00208	0.00208	0.5	95350	198	95250	3481861	36.52
1985-1989	43	0.00220	0.00220	0.5	95151	209	95047	3386611	35.59
1985-1989	44	0.00246	0.00246	0.5	94942	233	94825	3291564	34.67
1985-1989	45	0.00267	0.00267	0.5	94709	253	94582	3196739	33.75
1985-1989	46	0.00290	0.00289	0.5	94456	273	94319	3102156	32.84
1985-1989	47	0.00309	0.00308	0.5	94183	290	94037	3007837	31.94
1985-1989	48	0.00411	0.00410	0.5	93892	385	93700	2913800	31.03
1985-1989	49	0.00375	0.00375	0.5	93507	350	93332	2820100	30.16
1985-1989	50	0.00406	0.00406	0.5	93157	378	92968	2726768	29.27
1985-1989	51	0.00511	0.00510	0.5	92779	473	92542	2633800	28.39
1985-1989	52	0.00506	0.00505	0.5	92306	466	92073	2541258	27.53
1985-1989	53	0.00616	0.00614	0.5	91840	564	91558	2449185	26.67
1985-1989	54	0.00630	0.00628	0.5	91276	573	90990	2357627	25.83
1985-1989	55	0.00755	0.00752	0.5	90703	682	90362	2266637	24.99
1985-1989	56	0.00824	0.00821	0.5	90021	739	89652	2176275	24.18
1985-1989	57	0.00892	0.00888	0.5	89282	793	88885	2086623	23.37
1985-1989	58	0.01056	0.01050	0.5	88489	929	88024	1997738	22.58
1985-1989	59	0.01026	0.01021	0.5	87560	894	87113	1909713	21.81
1985-1989	60	0.01184	0.01177	0.5	86666	1020	86156	1822601	21.03
1985-1989	61	0.01258	0.01250	0.5	85646	1071	85110	1736445	20.27
1985-1989	62	0.01458	0.01448	0.5	84575	1224	83963	1651335	19.53
1985-1989	63	0.01550	0.01538	0.5	83351	1282	82710	1567372	18.80
1985-1989	64	0.01618	0.01605	0.5	82069	1317	81410	1484662	18.09
1985-1989	65	0.01700	0.01686	0.5	80752	1361	80071	1403252	17.38
1985-1989	66	0.01962	0.01943	0.5	79390	1543	78619	1323181	16.67
1985-1989	67	0.02094	0.02072	0.5	77848	1613	77041	1244562	15.99
1985-1989	68	0.02271	0.02246	0.5	76234	1712	75378	1167521	15.31
1985-1989	69	0.02433	0.02404	0.5	74522	1791	73626	1092143	14.66
1985-1989	70	0.02724	0.02687	0.5	72731	1954	71754	1018516	14.00
1985-1989	71	0.02890	0.02849	0.5	70777	2017	69768	946763	13.38
1985-1989	72	0.03300	0.03247	0.5	68760	2232	67644	876994	12.75
1985-1989	73	0.03653	0.03588	0.5	66528	2387	65334	809351	12.17
1985-1989	74	0.03808	0.03737	0.5	64141	2397	62942	744016	11.60
1985-1989	75	0.04225	0.04137	0.5	61744	2554	60467	681074	11.03
1985-1989	76	0.04592	0.04489	0.5	59190	2657	57861	620607	10.49
1985-1989	77	0.04794	0.04682	0.5	56533	2647	55209	562746	9.95
1985-1989	78	0.05271	0.05136	0.5	53886	2768	52502	507537	9.42
1985-1989	79	0.06044	0.05867	0.5	51118	2999	49619	455035	8.90
1985-1989	80	0.06284	0.06093	0.5	48119	2932	46653	405416	8.43
1985-1989	81	0.07036	0.06797	0.5	45187	3071	43652	358763	7.94
1985-1989	82	0.07661	0.07378	0.5	42116	3107	40562	315111	7.48
1985-1989	83	0.08369	0.08032	0.5	39009	3133	37442	274549	7.04
1985-1989	84	0.09213	0.08807	0.5	35875	3160	34296	237107	6.61
1985-1989	85	0.10502	0.09978	0.5	32716	3264	31084	202811	6.20
1985-1989	86	0.11363	0.10752	0.5	29451	3167	27868	171727	5.83
1985-1989	87	0.11842	0.11180	0.5	26285	2939	24815	143859	5.47
1985-1989	88	0.13278	0.12452	0.5	23346	2907	21893	119044	5.10
1985-1989	89	0.15044	0.13991	0.5	20439	2860	19009	97151	4.75
1985-1989	90	0.16537	0.15274	0.5	17579	2685	16237	78142	4.45
1985-1989	91	0.18153	0.16643	0.5	14894	2479	13655	61905	4.16
1985-1989	92	0.19897	0.18097	0.5	12416	2247	11292	48250	3.89
1985-1989	93	0.21772	0.19635	0.5	10169	1997	9170	36958	3.63
1985-1989	94	0.23779	0.21252	0.5	8172	1737	7304	27787	3.40
1985-1989	95	0.25919	0.22945	0.5	6435	1477	5697	20484	3.18
1985-1989	96	0.28189	0.24707	0.5	4959	1225	4346	14787	2.98
1985-1989	97	0.30585	0.26528	0.5	3734	990	3238	10441	2.80
1985-1989	98	0.33101	0.28400	0.5	2743	779	2354	7202	2.63
1985-1989	99	0.35726	0.30312	0.5	1964	595	1666	4849	2.47
1985-1989	100	0.38450	0.32250	0.5	1369	441	1148	3182	2.32
1985-1989	101	0.41257	0.34202	0.5	927	317	769	2034	2.19
1985-1989	102	0.44132	0.36154	0.5	610	221	500	1265	2.07
1985-1989	103	0.47055	0.38093	0.5	390	148	315	765	1.96
1985-1989	104	0.50006	0.40004	0.5	241	96	193	450	1.87
1985-1989	105	0.52966	0.41876	0.5	145	61	114	257	1.78
1985-1989	106	0.55912	0.43697	0.5	84	37	66	143	1.70
1985-1989	107	0.58824	0.45455	0.5	47	22	37	77	1.63
1985-1989	108	0.61682	0.47143	0.5	26	12	20	40	1.57
1985-1989	109	0.64467	0.48752	0.5	14	7	10	21	1.52
1985-1989	110+	0.67162	1.00000	1.49	7	7	10	10	1.49
1990-1994	0	0.00747	0.00742	0.07	100000	742	99309	7672211	76.72
1990-1994	1	0.00069	0.00069	0.5	99258	68	99224	7572901	76.29
1990-1994	2	0.00034	0.00034	0.5	99190	34	99173	7473677	75.35
1990-1994	3	0.00035	0.00035	0.5	99156	35	99139	7374504	74.37
1990-1994	4	0.00029	0.00029	0.5	99121	29	99107	7275365	73.40
1990-1994	5	0.00024	0.00024	0.5	99092	24	99081	7176259	72.42
1990-1994	6	0.00019	0.00019	0.5	99069	19	99060	7077178	71.44
1990-1994	7	0.00019	0.00019	0.5	99050	18	99041	6978118	70.45
1990-1994	8	0.00017	0.00017	0.5	99032	17	99023	6879077	69.46
1990-1994	9	0.00018	0.00018	0.5	99015	18	99006	6780054	68.48
1990-1994	10	0.00014	0.00014	0.5	98997	14	98990	6681048	67.49
1990-1994	11	0.00020	0.00020	0.5	98983	20	98973	6582058	66.50
1990-1994	12	0.00026	0.00026	0.5	98963	25	98950	6483086	65.51
1990-1994	13	0.00029	0.00029	0.5	98937	28	98923	6384136	64.53
1990-1994	14	0.00039	0.00039	0.5	98909	39	98889	6285213	63.55
1990-1994	15	0.00046	0.00046	0.5	98870	45	98847	6186323	62.57
1990-1994	16	0.00074	0.00074	0.5	98825	73	98788	6087476	61.60
1990-1994	17	0.00082	0.00082	0.5	98751	81	98711	5988688	60.64
1990-1994	18	0.00097	0.00097	0.5	98670	96	98622	5889977	59.69
1990-1994	19	0.00095	0.00095	0.5	98574	94	98527	5791355	58.75
1990-1994	20	0.00098	0.00098	0.5	98480	96	98432	5692827	57.81
1990-1994	21	0.00096	0.00096	0.5	98384	95	98337	5594395	56.86
1990-1994	22	0.00099	0.00099	0.5	98289	98	98241	5496058	55.92
1990-1994	23	0.00095	0.00095	0.5	98192	93	98145	5397818	54.97
1990-1994	24	0.00107	0.00107	0.5	98099	105	98046	5299672	54.02
1990-1994	25	0.00101	0.00101	0.5	97994	99	97944	5201626	53.08
1990-1994	26	0.00098	0.00098	0.5	97895	96	97847	5103682	52.13
1990-1994	27	0.00101	0.00101	0.5	97798	99	97749	5005835	51.19
1990-1994	28	0.00109	0.00109	0.5	97700	106	97647	4908086	50.24
1990-1994	29	0.00114	0.00114	0.5	97594	111	97538	4810439	49.29
1990-1994	30	0.00113	0.00113	0.5	97483	110	97428	4712901	48.35
1990-1994	31	0.00125	0.00125	0.5	97373	122	97312	4615473	47.40
1990-1994	32	0.00126	0.00126	0.5	97251	123	97190	4518161	46.46
1990-1994	33	0.00129	0.00129	0.5	97129	126	97066	4420971	45.52
1990-1994	34	0.00143	0.00142	0.5	97003	138	96934	4323905	44.57
1990-1994	35	0.00142	0.00142	0.5	96865	137	96796	4226971	43.64
1990-1994	36	0.00153	0.00153	0.5	96728	148	96654	4130175	42.70
1990-1994	37	0.00145	0.00145	0.5	96580	140	96510	4033521	41.76
1990-1994	38	0.00178	0.00178	0.5	96440	171	96354	3937011	40.82
1990-1994	39	0.00174	0.00174	0.5	96269	167	96185	3840657	39.90
1990-1994	40	0.00175	0.00175	0.5	96101	168	96017	3744472	38.96
1990-1994	41	0.00208	0.00207	0.5	95933	199	95834	3648455	38.03
1990-1994	42	0.00205	0.00205	0.5	95734	196	95636	3552621	37.11
1990-1994	43	0.00225	0.00225	0.5	95538	215	95430	3456985	36.18
1990-1994	44	0.00226	0.00225	0.5	95323	215	95215	3361555	35.27
1990-1994	45	0.00247	0.00247	0.5	95108	234	94991	3266340	34.34
1990-1994	46	0.00269	0.00269	0.5	94873	255	94746	3171349	33.43
1990-1994	47	0.00307	0.00306	0.5	94618	290	94473	3076604	32.52
1990-1994	48	0.00335	0.00334	0.5	94328	315	94171	2982130	31.61
1990-1994	49	0.00367	0.00366	0.5	94013	344	93841	2887960	30.72
1990-1994	50	0.00377	0.00376	0.5	93669	352	93493	2794118	29.83
1990-1994	51	0.00462	0.00461	0.5	93317	430	93101	2700626	28.94
1990-1994	52	0.00513	0.00512	0.5	92886	475	92649	2607524	28.07
1990-1994	53	0.00558	0.00556	0.5	92411	514	92154	2514876	27.21
1990-1994	54	0.00601	0.00599	0.5	91897	550	91622	2422722	26.36
1990-1994	55	0.00636	0.00634	0.5	91347	579	91057	2331099	25.52
1990-1994	56	0.00751	0.00748	0.5	90768	679	90428	2240042	24.68
1990-1994	57	0.00801	0.00797	0.5	90088	718	89729	2149614	23.86
1990-1994	58	0.00942	0.00937	0.5	89370	838	88951	2059885	23.05
1990-1994	59	0.00950	0.00945	0.5	88532	837	88114	1970934	22.26
1990-1994	60	0.01120	0.01114	0.5	87695	977	87207	1882820	21.47
1990-1994	61	0.01230	0.01222	0.5	86718	1060	86188	1795613	20.71
1990-1994	62	0.01310	0.01301	0.5	85658	1115	85101	1709425	19.96
1990-1994	63	0.01365	0.01355	0.5	84544	1146	83971	1624324	19.21
1990-1994	64	0.01540	0.01528	0.5	83398	1275	82761	1540353	18.47
1990-1994	65	0.01665	0.01652	0.5	82123	1356	81445	1457593	17.75
1990-1994	66	0.01867	0.01850	0.5	80767	1494	80020	1376148	17.04
1990-1994	67	0.01972	0.01952	0.5	79273	1548	78499	1296128	16.35
1990-1994	68	0.02195	0.02171	0.5	77725	1687	76881	1217629	15.67
1990-1994	69	0.02338	0.02311	0.5	76038	1757	75159	1140747	15.00
1990-1994	70	0.02587	0.02554	0.5	74281	1897	73332	1065588	14.35
1990-1994	71	0.02771	0.02733	0.5	72384	1978	71395	992256	13.71
1990-1994	72	0.03019	0.02974	0.5	70406	2094	69359	920861	13.08
1990-1994	73	0.03410	0.03353	0.5	68311	2291	67166	851502	12.46
1990-1994	74	0.03560	0.03498	0.5	66021	2309	64866	784336	11.88
1990-1994	75	0.03910	0.03835	0.5	63711	2443	62490	719470	11.29
1990-1994	76	0.04413	0.04318	0.5	61268	2645	59945	656981	10.72
1990-1994	77	0.04758	0.04647	0.5	58623	2724	57260	597035	10.18
1990-1994	78	0.04922	0.04804	0.5	55898	2685	54555	539775	9.66
1990-1994	79	0.05540	0.05390	0.5	53213	2868	51778	485220	9.12
1990-1994	80	0.06095	0.05915	0.5	50344	2978	48855	433441	8.61
1990-1994	81	0.06445	0.06244	0.5	47366	2957	45888	384586	8.12
1990-1994	82	0.07252	0.06998	0.5	44409	3108	42855	338698	7.63
1990-1994	83	0.08132	0.07814	0.5	41301	3227	39688	295843	7.16
1990-1994	84	0.08802	0.08431	0.5	38074	3210	36469	256155	6.73
1990-1994	85	0.09734	0.09283	0.5	34864	3236	33246	219686	6.30
1990-1994	86	0.10757	0.10208	0.5	31628	3228	30013	186441	5.89
1990-1994	87	0.12252	0.11545	0.5	28399	3279	26760	156427	5.51
1990-1994	88	0.12963	0.12174	0.5	25120	3058	23591	129667	5.16
1990-1994	89	0.14689	0.13684	0.5	22062	3019	20553	106076	4.81
1990-1994	90	0.16194	0.14981	0.5	19043	2853	17617	85523	4.49
1990-1994	91	0.17826	0.16367	0.5	16190	2650	14865	67906	4.19
1990-1994	92	0.19589	0.17841	0.5	13540	2416	12333	53041	3.92
1990-1994	93	0.21485	0.19401	0.5	11125	2158	10046	40708	3.66
1990-1994	94	0.23517	0.21043	0.5	8966	1887	8023	30663	3.42
1990-1994	95	0.25684	0.22761	0.5	7080	1611	6274	22640	3.20
1990-1994	96	0.27984	0.24549	0.5	5468	1342	4797	16366	2.99
1990-1994	97	0.30413	0.26398	0.5	4126	1089	3581	11569	2.80
1990-1994	98	0.32962	0.28298	0.5	3037	859	2607	7988	2.63
1990-1994	99	0.35623	0.30237	0.5	2177	658	1848	5381	2.47
1990-1994	100	0.38383	0.32203	0.5	1519	489	1274	3533	2.33
1990-1994	101	0.41227	0.34181	0.5	1030	352	854	2258	2.19
1990-1994	102	0.44138	0.36158	0.5	678	245	555	1404	2.07
1990-1994	103	0.47097	0.38120	0.5	433	165	350	849	1.96
1990-1994	104	0.50083	0.40053	0.5	268	107	214	499	1.86
1990-1994	105	0.53075	0.41944	0.5	161	67	127	285	1.77
1990-1994	106	0.56052	0.43782	0.5	93	41	73	158	1.69
1990-1994	107	0.58991	0.45554	0.5	52	24	40	85	1.62
1990-1994	108	0.61872	0.47254	0.5	29	13	22	45	1.56
1990-1994	109	0.64678	0.48873	0.5	15	7	11	23	1.51
1990-1994	110+	0.67390	1.00000	1.48	8	8	11	11	1.48
1995-1999	0	0.00589	0.00585	0.06	100000	585	99453	7720990	77.21
1995-1999	1	0.00050	0.00050	0.5	99415	50	99390	7621538	76.66
1995-1999	2	0.00033	0.00033	0.5	99365	32	99348	7522148	75.70
1995-1999	3	0.00031	0.00031	0.5	99332	31	99317	7422800	74.73
1995-1999	4	0.00024	0.00024	0.5	99301	24	99289	7323483	73.75
1995-1999	5	0.00020	0.00020	0.5	99277	20	99268	7224194	72.77
1995-1999	6	0.00019	0.00019	0.5	99258	19	99249	7124926	71.78
1995-1999	7	0.00019	0.00019	0.5	99239	19	99230	7025678	70.80
1995-1999	8	0.00015	0.00015	0.5	99221	14	99213	6926448	69.81
1995-1999	9	0.00013	0.00013	0.5	99206	13	99200	6827234	68.82
1995-1999	10	0.00024	0.00024	0.5	99193	24	99181	6728035	67.83
1995-1999	11	0.00013	0.00013	0.5	99169	13	99162	6628854	66.84
1995-1999	12	0.00023	0.00023	0.5	99156	23	99144	6529691	65.85
1995-1999	13	0.00022	0.00022	0.5	99133	22	99122	6430547	64.87
1995-1999	14	0.00041	0.00040	0.5	99111	40	99091	6331425	63.88
1995-1999	15	0.00040	0.00040	0.5	99071	40	99051	6232335	62.91
1995-1999	16	0.00060	0.00060	0.5	99031	59	99001	6133284	61.93
1995-1999	17	0.00080	0.00080	0.5	98972	79	98932	6034283	60.97
1995-1999	18	0.00084	0.00084	0.5	98893	83	98851	5935351	60.02
1995-1999	19	0.00087	0.00087	0.5	98810	86	98767	5836499	59.07
1995-1999	20	0.00099	0.00098	0.5	98724	97	98675	5737732	58.12
1995-1999	21	0.00093	0.00093	0.5	98627	92	98581	5639057	57.18
1995-1999	22	0.00094	0.00094	0.5	98535	93	98489	5540476	56.23
1995-1999	23	0.00091	0.00091	0.5	98442	90	98397	5441987	55.28
1995-1999	24	0.00082	0.00082	0.5	98352	81	98312	5343590	54.33
1995-1999	25	0.00093	0.00093	0.5	98271	91	98226	5245279	53.38
1995-1999	26	0.00095	0.00095	0.5	98180	93	98133	5147053	52.42
1995-1999	27	0.00092	0.00092	0.5	98087	91	98041	5048920	51.47
1995-1999	28	0.00096	0.00096	0.5	97996	94	97949	4950878	50.52
1995-1999	29	0.00096	0.00096	0.5	97902	94	97855	4852929	49.57
1995-1999	30	0.00102	0.00102	0.5	97808	100	97758	4755074	48.62
1995-1999	31	0.00114	0.00114	0.5	97708	111	97652	4657316	47.67
1995-1999	32	0.00119	0.00119	0.5	97597	116	97538	4559664	46.72
1995-1999	33	0.00124	0.00123	0.5	97480	120	97420	4462126	45.77
1995-1999	34	0.00135	0.00135	0.5	97360	131	97294	4364706	44.83
1995-1999	35	0.00146	0.00146	0.5	97229	142	97158	4267412	43.89
1995-1999	36	0.00159	0.00159	0.5	97087	154	97010	4170254	42.95
1995-1999	37	0.00165	0.00165	0.5	96932	160	96852	4073244	42.02
1995-1999	38	0.00175	0.00175	0.5	96772	169	96688	3976392	41.09
1995-1999	39	0.00170	0.00169	0.5	96603	164	96522	3879704	40.16
1995-1999	40	0.00177	0.00176	0.5	96440	170	96355	3783182	39.23
1995-1999	41	0.00206	0.00206	0.5	96270	198	96171	3686827	38.30
1995-1999	42	0.00211	0.00210	0.5	96072	202	95971	3590657	37.37
1995-1999	43	0.00242	0.00242	0.5	95870	232	95754	3494686	36.45
1995-1999	44	0.00247	0.00247	0.5	95637	236	95520	3398933	35.54
1995-1999	45	0.00274	0.00274	0.5	95402	261	95271	3303413	34.63
1995-1999	46	0.00277	0.00277	0.5	95140	263	95009	3208142	33.72
1995-1999	47	0.00286	0.00286	0.5	94877	271	94742	3113133	32.81
1995-1999	48	0.00332	0.00331	0.5	94606	313	94450	3018392	31.90
1995-1999	49	0.00332	0.00331	0.5	94293	312	94137	2923942	31.01
1995-1999	50	0.00362	0.00362	0.5	93981	340	93811	2829805	30.11
1995-1999	51	0.00405	0.00404	0.5	93641	378	93452	2735994	29.22
1995-1999	52	0.00476	0.00475	0.5	93263	443	93041	2642542	28.33
1995-1999	53	0.00537	0.00536	0.5	92820	497	92571	2549501	27.47
1995-1999	54	0.00535	0.00534	0.5	92322	493	92076	2456930	26.61
1995-1999	55	0.00597	0.00596	0.5	91830	547	91556	2364854	25.75
1995-1999	56	0.00665	0.00663	0.5	91283	605	90980	2273298	24.90
1995-1999	57	0.00778	0.00775	0.5	90677	702	90326	2182318	24.07
1995-1999	58	0.00820	0.00817	0.5	89975	735	89607	2091992	23.25
1995-1999	59	0.00877	0.00873	0.5	89240	779	88850	2002385	22.44
1995-1999	60	0.00945	0.00941	0.5	88460	832	88044	1913534	21.63
1995-1999	61	0.01095	0.01089	0.5	87628	954	87151	1825490	20.83
1995-1999	62	0.01258	0.01251	0.5	86674	1084	86132	1738339	20.06
1995-1999	63	0.01367	0.01357	0.5	85590	1162	85009	1652208	19.30
1995-1999	64	0.01480	0.01469	0.5	84428	1241	83808	1567199	18.56
1995-1999	65	0.01591	0.01579	0.5	83188	1313	82531	1483391	17.83
1995-1999	66	0.01741	0.01726	0.5	81874	1413	81168	1400860	17.11
1995-1999	67	0.01859	0.01841	0.5	80461	1482	79721	1319692	16.40
1995-1999	68	0.02039	0.02019	0.5	78980	1594	78183	1239971	15.70
1995-1999	69	0.02206	0.02182	0.5	77385	1688	76541	1161789	15.01
1995-1999	70	0.02460	0.02430	0.5	75697	1840	74777	1085247	14.34
1995-1999	71	0.02800	0.02761	0.5	73857	2039	72838	1010470	13.68
1995-1999	72	0.03060	0.03014	0.5	71818	2164	70736	937632	13.06
1995-1999	73	0.03219	0.03168	0.5	69654	2206	68551	866896	12.45
1995-1999	74	0.03426	0.03368	0.5	67448	2272	66312	798345	11.84
1995-1999	75	0.03814	0.03743	0.5	65176	2439	63956	732033	11.23
1995-1999	76	0.04198	0.04111	0.5	62736	2579	61447	668077	10.65
1995-1999	77	0.04595	0.04492	0.5	60157	2702	58806	606630	10.08
1995-1999	78	0.04948	0.04828	0.5	57455	2774	56068	547824	9.53
1995-1999	79	0.05436	0.05292	0.5	54681	2894	53234	491756	8.99
1995-1999	80	0.06006	0.05830	0.5	51787	3019	50277	438522	8.47
1995-1999	81	0.06436	0.06235	0.5	48768	3041	47247	388245	7.96
1995-1999	82	0.07258	0.07004	0.5	45727	3203	44126	340997	7.46
1995-1999	83	0.08375	0.08038	0.5	42524	3418	40815	296872	6.98
1995-1999	84	0.09155	0.08754	0.5	39106	3423	37394	256057	6.55
1995-1999	85	0.09892	0.09426	0.5	35683	3364	34001	218662	6.13
1995-1999	86	0.11161	0.10571	0.5	32319	3416	30611	184661	5.71
1995-1999	87	0.12280	0.11569	0.5	28903	3344	27231	154050	5.33
1995-1999	88	0.13774	0.12886	0.5	25559	3294	23912	126820	4.96
1995-1999	89	0.15086	0.14028	0.5	22265	3123	20704	102907	4.62
1995-1999	90	0.16977	0.15649	0.5	19142	2996	17644	82204	4.29
1995-1999	91	0.18776	0.17165	0.5	16146	2771	14761	64560	4.00
1995-1999	92	0.20722	0.18777	0.5	13375	2511	12119	49799	3.72
1995-1999	93	0.22818	0.20481	0.5	10864	2225	9751	37679	3.47
1995-1999	94	0.25064	0.22272	0.5	8639	1924	7677	27928	3.23
1995-1999	95	0.27457	0.24143	0.5	6715	1621	5904	20252	3.02
1995-1999	96	0.29994	0.26082	0.5	5094	1329	4429	14348	2.82
1995-1999	97	0.32666	0.28080	0.5	3765	1057	3236	9918	2.63
1995-1999	98	0.35461	0.30121	0.5	2708	816	2300	6682	2.47
1995-1999	99	0.38366	0.32191	0.5	1892	609	1588	4382	2.32
1995-1999	100	0.41363	0.34274	0.5	1283	440	1063	2794	2.18
1995-1999	101	0.44431	0.36355	0.5	843	307	690	1731	2.05
1995-1999	102	0.47550	0.38416	0.5	537	206	434	1041	1.94
1995-1999	103	0.50693	0.40442	0.5	331	134	264	607	1.84
1995-1999	104	0.53837	0.42419	0.5	197	84	155	344	1.75
1995-1999	105	0.56957	0.44332	0.5	113	50	88	189	1.66
1995-1999	106	0.60027	0.46170	0.5	63	29	49	100	1.59
1995-1999	107	0.63026	0.47924	0.5	34	16	26	52	1.53
1995-1999	108	0.65932	0.49586	0.5	18	9	13	26	1.47
1995-1999	109	0.68727	0.51150	0.5	9	5	7	13	1.43
1995-1999	110+	0.71396	1.00000	1.4	4	4	6	6	1.40
2000-2004	0	0.00565	0.00562	0.06	100000	562	99474	7794755	77.95
2000-2004	1	0.00049	0.00049	0.5	99438	48	99414	7695281	77.39
2000-2004	2	0.00030	0.00030	0.5	99390	30	99375	7595867	76.42
2000-2004	3	0.00024	0.00024	0.5	99360	24	99348	7496492	75.45
2000-2004	4	0.00021	0.00021	0.5	99336	21	99325	7397144	74.47
2000-2004	5	0.00017	0.00017	0.5	99315	17	99307	7297819	73.48
2000-2004	6	0.00016	0.00016	0.5	99298	16	99290	7198512	72.49
2000-2004	7	0.00015	0.00015	0.5	99283	15	99275	7099222	71.51
2000-2004	8	0.00013	0.00013	0.5	99268	13	99261	6999946	70.52
2000-2004	9	0.00016	0.00016	0.5	99255	16	99247	6900685	69.52
2000-2004	10	0.00013	0.00013	0.5	99239	13	99233	6801438	68.54
2000-2004	11	0.00013	0.00013	0.5	99226	13	99220	6702205	67.54
2000-2004	12	0.00014	0.00014	0.5	99213	14	99207	6602985	66.55
2000-2004	13	0.00023	0.00023	0.5	99200	22	99189	6503779	65.56
2000-2004	14	0.00024	0.00024	0.5	99177	24	99165	6404590	64.58
2000-2004	15	0.00036	0.00036	0.5	99153	35	99135	6305425	63.59
2000-2004	16	0.00051	0.00051	0.5	99118	51	99092	6206289	62.62
2000-2004	17	0.00049	0.00049	0.5	99067	48	99043	6107197	61.65
2000-2004	18	0.00082	0.00082	0.5	99018	81	98978	6008155	60.68
2000-2004	19	0.00072	0.00072	0.5	98937	71	98902	5909177	59.73
2000-2004	20	0.00073	0.00073	0.5	98866	72	98830	5810275	58.77
2000-2004	21	0.00083	0.00083	0.5	98794	82	98753	5711445	57.81
2000-2004	22	0.00079	0.00079	0.5	98712	78	98673	5612692	56.86
2000-2004	23	0.00082	0.00082	0.5	98634	81	98594	5514019	55.90
2000-2004	24	0.00074	0.00074	0.5	98553	73	98516	5415426	54.95
2000-2004	25	0.00074	0.00074	0.5	98480	73	98443	5316909	53.99
2000-2004	26	0.00087	0.00087	0.5	98407	85	98364	5218466	53.03
2000-2004	27	0.00073	0.00073	0.5	98321	72	98286	5120102	52.08
2000-2004	28	0.00080	0.00080	0.5	98250	78	98211	5021816	51.11
2000-2004	29	0.00069	0.00069	0.5	98172	68	98138	4923606	50.15
2000-2004	30	0.00083	0.00083	0.5	98104	81	98063	4825468	49.19
2000-2004	31	0.00085	0.00085	0.5	98023	83	97981	4727404	48.23
2000-2004	32	0.00097	0.00097	0.5	97940	95	97892	4629423	47.27
2000-2004	33	0.00113	0.00113	0.5	97845	110	97790	4531531	46.31
2000-2004	34	0.00106	0.00106	0.5	97735	104	97683	4433741	45.36
2000-2004	35	0.00113	0.00113	0.5	97631	110	97576	4336058	44.41
2000-2004	36	0.00120	0.00120	0.5	97521	117	97462	4238482	43.46
2000-2004	37	0.00151	0.00151	0.5	97404	147	97331	4141019	42.51
2000-2004	38	0.00163	0.00163	0.5	97257	158	97178	4043689	41.58
2000-2004	39	0.00158	0.00158	0.5	97099	154	97022	3946511	40.64
2000-2004	40	0.00176	0.00176	0.5	96945	171	96860	3849489	39.71
2000-2004	41	0.00190	0.00190	0.5	96775	183	96683	3752629	38.78
2000-2004	42	0.00210	0.00210	0.5	96591	203	96490	3655946	37.85
2000-2004	43	0.00230	0.00230	0.5	96388	222	96277	3559456	36.93
2000-2004	44	0.00265	0.00264	0.5	96167	254	96040	3463178	36.01
2000-2004	45	0.00271	0.00271	0.5	95912	260	95783	3367139	35.11
2000-2004	46	0.00271	0.00271	0.5	95653	259	95523	3271356	34.20
2000-2004	47	0.00319	0.00319	0.5	95394	304	95242	3175833	33.29
2000-2004	48	0.00346	0.00346	0.5	95089	329	94925	3080591	32.40
2000-2004	49	0.00367	0.00367	0.5	94761	348	94587	2985666	31.51
2000-2004	50	0.00373	0.00372	0.5	94413	352	94237	2891079	30.62
2000-2004	51	0.00433	0.00432	0.5	94062	406	93859	2796842	29.73
2000-2004	52	0.00469	0.00468	0.5	93656	438	93437	2702983	28.86
2000-2004	53	0.00488	0.00487	0.5	93218	454	92991	2609546	27.99
2000-2004	54	0.00532	0.00530	0.5	92764	492	92518	2516556	27.13
2000-2004	55	0.00572	0.00570	0.5	92272	526	92009	2424038	26.27
2000-2004	56	0.00652	0.00650	0.5	91746	596	91448	2332029	25.42
2000-2004	57	0.00684	0.00682	0.5	91150	621	90839	2240581	24.58
2000-2004	58	0.00743	0.00740	0.5	90528	670	90193	2149742	23.75
2000-2004	59	0.00852	0.00848	0.5	89858	762	89477	2059549	22.92
2000-2004	60	0.00937	0.00932	0.5	89096	831	88681	1970072	22.11
2000-2004	61	0.01019	0.01014	0.5	88266	895	87818	1881391	21.32
2000-2004	62	0.01112	0.01106	0.5	87371	967	86888	1793572	20.53
2000-2004	63	0.01241	0.01233	0.5	86404	1066	85871	1706685	19.75
2000-2004	64	0.01334	0.01325	0.5	85339	1131	84773	1620813	18.99
2000-2004	65	0.01470	0.01459	0.5	84208	1229	83594	1536040	18.24
2000-2004	66	0.01668	0.01654	0.5	82979	1372	82293	1452446	17.50
2000-2004	67	0.01694	0.01680	0.5	81607	1371	80921	1370153	16.79
2000-2004	68	0.01875	0.01858	0.5	80236	1491	79491	1289232	16.07
2000-2004	69	0.02102	0.02080	0.5	78745	1638	77926	1209741	15.36
2000-2004	70	0.02269	0.02244	0.5	77107	1730	76242	1131815	14.68
2000-2004	71	0.02604	0.02570	0.5	75377	1937	74408	1055573	14.00
2000-2004	72	0.02750	0.02713	0.5	73440	1992	72443	981164	13.36
2000-2004	73	0.03024	0.02979	0.5	71447	2128	70383	908721	12.72
2000-2004	74	0.03261	0.03209	0.5	69319	2224	68207	838338	12.09
2000-2004	75	0.03647	0.03582	0.5	67095	2403	65893	770130	11.48
2000-2004	76	0.03969	0.03892	0.5	64692	2518	63433	704237	10.89
2000-2004	77	0.04336	0.04244	0.5	62174	2639	60855	640804	10.31
2000-2004	78	0.04717	0.04609	0.5	59535	2744	58163	579950	9.74
2000-2004	79	0.05197	0.05065	0.5	56792	2877	55353	521786	9.19
2000-2004	80	0.05588	0.05436	0.5	53915	2931	52450	466433	8.65
2000-2004	81	0.06158	0.05974	0.5	50984	3046	49461	413983	8.12
2000-2004	82	0.07027	0.06789	0.5	47938	3254	46311	364522	7.60
2000-2004	83	0.07850	0.07554	0.5	44684	3375	42996	318211	7.12
2000-2004	84	0.08650	0.08292	0.5	41309	3425	39596	275214	6.66
2000-2004	85	0.09455	0.09028	0.5	37884	3420	36174	235618	6.22
2000-2004	86	0.10548	0.10020	0.5	34463	3453	32737	199444	5.79
2000-2004	87	0.12044	0.11360	0.5	31010	3523	29249	166707	5.38
2000-2004	88	0.13307	0.12477	0.5	27488	3430	25773	137458	5.00
2000-2004	89	0.15197	0.14124	0.5	24058	3398	22359	111686	4.64
2000-2004	90	0.16612	0.15338	0.5	20660	3169	19076	89327	4.32
2000-2004	91	0.18459	0.16899	0.5	17491	2956	16013	70251	4.02
2000-2004	92	0.20464	0.18564	0.5	14535	2698	13186	54238	3.73
2000-2004	93	0.22629	0.20329	0.5	11837	2406	10634	41051	3.47
2000-2004	94	0.24955	0.22187	0.5	9431	2092	8384	30418	3.23
2000-2004	95	0.27439	0.24129	0.5	7338	1771	6453	22033	3.00
2000-2004	96	0.30076	0.26144	0.5	5568	1456	4840	15580	2.80
2000-2004	97	0.32855	0.28220	0.5	4112	1160	3532	10740	2.61
2000-2004	98	0.35765	0.30340	0.5	2952	896	2504	7209	2.44
2000-2004	99	0.38789	0.32488	0.5	2056	668	1722	4705	2.29
2000-2004	100	0.41906	0.34647	0.5	1388	481	1148	2983	2.15
2000-2004	101	0.45095	0.36798	0.5	907	334	740	1835	2.02
2000-2004	102	0.48329	0.38924	0.5	573	223	462	1095	1.91
2000-2004	103	0.51583	0.41007	0.5	350	144	278	633	1.81
2000-2004	104	0.54828	0.43031	0.5	207	89	162	355	1.72
2000-2004	105	0.58036	0.44983	0.5	118	53	91	192	1.63
2000-2004	106	0.61183	0.46851	0.5	65	30	50	101	1.56
2000-2004	107	0.64243	0.48624	0.5	34	17	26	52	1.50
2000-2004	108	0.67195	0.50297	0.5	18	9	13	26	1.45
2000-2004	109	0.70020	0.51863	0.5	9	5	7	12	1.40
2000-2004	110+	0.72704	1.00000	1.38	4	4	6	6	1.38
2005-2009	0	0.00555	0.00552	0.06	100000	552	99483	7880370	78.80
2005-2009	1	0.00036	0.00036	0.5	99448	35	99430	7780887	78.24
2005-2009	2	0.00025	0.00025	0.5	99413	25	99400	7681456	77.27
2005-2009	3	0.00016	0.00016	0.5	99388	16	99380	7582056	76.29
2005-2009	4	0.00022	0.00022	0.5	99372	21	99361	7482676	75.30
2005-2009	5	0.00016	0.00016	0.5	99351	16	99343	7383315	74.32
2005-2009	6	0.00014	0.00014	0.5	99335	14	99328	7283972	73.33
2005-2009	7	0.00008	0.00008	0.5	99321	8	99317	7184644	72.34
2005-2009	8	0.00014	0.00014	0.5	99313	14	99306	7085327	71.34
2005-2009	9	0.00014	0.00014	0.5	99299	14	99292	6986021	70.35
2005-2009	10	0.00010	0.00010	0.5	99285	10	99281	6886728	69.36
2005-2009	11	0.00017	0.00017	0.5	99276	17	99267	6787448	68.37
2005-2009	12	0.00016	0.00016	0.5	99259	16	99251	6688180	67.38
2005-2009	13	0.00014	0.00014	0.5	99243	13	99237	6588929	66.39
2005-2009	14	0.00020	0.00020	0.5	99230	20	99220	6489693	65.40
2005-2009	15	0.00030	0.00030	0.5	99210	30	99195	6390473	64.41
2005-2009	16	0.00035	0.00035	0.5	99180	34	99163	6291278	63.43
2005-2009	17	0.00043	0.00043	0.5	99146	43	99124	6192115	62.45
2005-2009	18	0.00060	0.00060	0.5	99103	59	99073	6092991	61.48
2005-2009	19	0.00065	0.00065	0.5	99044	65	99011	5993918	60.52
2005-2009	20	0.00085	0.00085	0.5	98979	85	98937	5894906	59.56
2005-2009	21	0.00086	0.00086	0.5	98895	85	98852	5795969	58.61
2005-2009	22	0.00084	0.00084	0.5	98810	83	98769	5697117	57.66
2005-2009	23	0.00088	0.00088	0.5	98727	87	98684	5598348	56.71
2005-2009	24	0.00080	0.00080	0.5	98640	79	98601	5499665	55.75
2005-2009	25	0.00081	0.00081	0.5	98561	80	98521	5401064	54.80
2005-2009	26	0.00081	0.00081	0.5	98481	80	98442	5302543	53.84
2005-2009	27	0.00082	0.00082	0.5	98402	81	98362	5204101	52.89
2005-2009	28	0.00086	0.00086	0.5	98321	85	98279	5105739	51.93
2005-2009	29	0.00078	0.00078	0.5	98237	76	98199	5007460	50.97
2005-2009	30	0.00089	0.00089	0.5	98160	87	98117	4909262	50.01
2005-2009	31	0.00102	0.00102	0.5	98073	100	98023	4811145	49.06
2005-2009	32	0.00095	0.00095	0.5	97973	93	97926	4713122	48.11
2005-2009	33	0.00094	0.00094	0.5	97880	92	97834	4615196	47.15
2005-2009	34	0.00095	0.00094	0.5	97788	92	97741	4517362	46.20
2005-2009	35	0.00106	0.00106	0.5	97695	104	97643	4419621	45.24
2005-2009	36	0.00120	0.00120	0.5	97591	117	97533	4321977	44.29
2005-2009	37	0.00134	0.00134	0.5	97474	131	97409	4224445	43.34
2005-2009	38	0.00143	0.00143	0.5	97343	139	97274	4127036	42.40
2005-2009	39	0.00161	0.00161	0.5	97204	156	97126	4029762	41.46
2005-2009	40	0.00173	0.00173	0.5	97048	168	96964	3932636	40.52
2005-2009	41	0.00188	0.00188	0.5	96880	182	96789	3835672	39.59
2005-2009	42	0.00205	0.00204	0.5	96698	198	96599	3738883	38.67
2005-2009	43	0.00218	0.00217	0.5	96500	210	96395	3642284	37.74
2005-2009	44	0.00235	0.00235	0.5	96290	226	96177	3545889	36.82
2005-2009	45	0.00274	0.00274	0.5	96064	263	95933	3449712	35.91
2005-2009	46	0.00312	0.00311	0.5	95801	298	95652	3353779	35.01
2005-2009	47	0.00333	0.00332	0.5	95503	317	95344	3258127	34.12
2005-2009	48	0.00350	0.00349	0.5	95186	332	95020	3162783	33.23
2005-2009	49	0.00382	0.00381	0.5	94854	361	94673	3067763	32.34
2005-2009	50	0.00389	0.00388	0.5	94492	367	94309	2973090	31.46
2005-2009	51	0.00455	0.00454	0.5	94125	427	93912	2878782	30.58
2005-2009	52	0.00465	0.00464	0.5	93698	434	93481	2784870	29.72
2005-2009	53	0.00524	0.00523	0.5	93263	488	93020	2691390	28.86
2005-2009	54	0.00548	0.00547	0.5	92776	507	92522	2598370	28.01
2005-2009	55	0.00569	0.00567	0.5	92269	524	92007	2505848	27.16
2005-2009	56	0.00606	0.00605	0.5	91745	555	91468	2413841	26.31
2005-2009	57	0.00651	0.00649	0.5	91190	592	90894	2322373	25.47
2005-2009	58	0.00731	0.00728	0.5	90598	660	90269	2231479	24.63
2005-2009	59	0.00761	0.00759	0.5	89939	682	89598	2141210	23.81
2005-2009	60	0.00863	0.00859	0.5	89256	767	88873	2051613	22.99
2005-2009	61	0.00866	0.00862	0.5	88489	763	88108	1962740	22.18
2005-2009	62	0.01018	0.01013	0.5	87727	889	87282	1874632	21.37
2005-2009	63	0.01098	0.01092	0.5	86838	948	86364	1787350	20.58
2005-2009	64	0.01200	0.01192	0.5	85890	1024	85378	1700986	19.80
2005-2009	65	0.01264	0.01256	0.5	84866	1066	84333	1615608	19.04
2005-2009	66	0.01372	0.01363	0.5	83800	1142	83229	1531275	18.27
2005-2009	67	0.01525	0.01514	0.5	82658	1251	82033	1448046	17.52
2005-2009	68	0.01665	0.01651	0.5	81407	1344	80735	1366013	16.78
2005-2009	69	0.01823	0.01807	0.5	80063	1446	79339	1285279	16.05
2005-2009	70	0.02068	0.02047	0.5	78616	1609	77812	1205939	15.34
2005-2009	71	0.02168	0.02144	0.5	77007	1651	76181	1128128	14.65
2005-2009	72	0.02391	0.02363	0.5	75356	1781	74465	1051946	13.96
2005-2009	73	0.02627	0.02593	0.5	73575	1908	72621	977481	13.29
2005-2009	74	0.03020	0.02975	0.5	71667	2132	70601	904860	12.63
2005-2009	75	0.03124	0.03076	0.5	69535	2139	68466	834258	12.00
2005-2009	76	0.03466	0.03406	0.5	67396	2296	66249	765792	11.36
2005-2009	77	0.03995	0.03916	0.5	65101	2550	63826	699544	10.75
2005-2009	78	0.04273	0.04184	0.5	62551	2617	61242	635718	10.16
2005-2009	79	0.04696	0.04589	0.5	59934	2750	58559	574476	9.59
2005-2009	80	0.05064	0.04939	0.5	57184	2824	55772	515917	9.02
2005-2009	81	0.05809	0.05645	0.5	54360	3069	52825	460145	8.46
2005-2009	82	0.06252	0.06062	0.5	51291	3109	49736	407320	7.94
2005-2009	83	0.07042	0.06803	0.5	48181	3278	46543	357584	7.42
2005-2009	84	0.07903	0.07603	0.5	44904	3414	43197	311041	6.93
2005-2009	85	0.08918	0.08537	0.5	41490	3542	39719	267844	6.46
2005-2009	86	0.09813	0.09354	0.5	37948	3549	36173	228126	6.01
2005-2009	87	0.11112	0.10527	0.5	34398	3621	32588	191953	5.58
2005-2009	88	0.12683	0.11927	0.5	30777	3671	28942	159365	5.18
2005-2009	89	0.13926	0.13019	0.5	27106	3529	25342	130423	4.81
2005-2009	90	0.15603	0.14474	0.5	23577	3413	21871	105081	4.46
2005-2009	91	0.17616	0.16190	0.5	20165	3265	18532	83210	4.13
2005-2009	92	0.19611	0.17860	0.5	16900	3018	15391	64678	3.83
2005-2009	93	0.21774	0.19636	0.5	13882	2726	12519	49287	3.55
2005-2009	94	0.24106	0.21513	0.5	11156	2400	9956	36768	3.30
2005-2009	95	0.26605	0.23482	0.5	8756	2056	7728	26812	3.06
2005-2009	96	0.29266	0.25530	0.5	6700	1710	5845	19084	2.85
2005-2009	97	0.32080	0.27645	0.5	4989	1379	4300	13240	2.65
2005-2009	98	0.35033	0.29811	0.5	3610	1076	3072	8940	2.48
2005-2009	99	0.38109	0.32010	0.5	2534	811	2128	5868	2.32
2005-2009	100	0.41287	0.34222	0.5	1723	590	1428	3740	2.17
2005-2009	101	0.44543	0.36429	0.5	1133	413	927	2312	2.04
2005-2009	102	0.47850	0.38612	0.5	720	278	581	1385	1.92
2005-2009	103	0.51179	0.40751	0.5	442	180	352	804	1.82
2005-2009	104	0.54502	0.42831	0.5	262	112	206	451	1.72
2005-2009	105	0.57789	0.44835	0.5	150	67	116	246	1.64
2005-2009	106	0.61012	0.46750	0.5	83	39	63	129	1.57
2005-2009	107	0.64145	0.48568	0.5	44	21	33	66	1.50
2005-2009	108	0.67164	0.50279	0.5	23	11	17	33	1.45
2005-2009	109	0.70051	0.51880	0.5	11	6	8	16	1.40
2005-2009	110+	0.72790	1.00000	1.37	5	5	7	7	1.37
2010-2014	0	0.00497	0.00495	0.06	100000	495	99536	7955917	79.56
2010-2014	1	0.00032	0.00032	0.5	99505	32	99489	7856381	78.95
2010-2014	2	0.00022	0.00022	0.5	99473	22	99462	7756892	77.98
2010-2014	3	0.00018	0.00018	0.5	99451	18	99442	7657430	77.00
2010-2014	4	0.00015	0.00015	0.5	99433	15	99425	7557988	76.01
2010-2014	5	0.00013	0.00013	0.5	99418	13	99412	7458563	75.02
2010-2014	6	0.00009	0.00009	0.5	99405	9	99401	7359151	74.03
2010-2014	7	0.00013	0.00013	0.5	99396	12	99390	7259751	73.04
2010-2014	8	0.00007	0.00007	0.5	99384	7	99380	7160361	72.05
2010-2014	9	0.00010	0.00010	0.5	99377	10	99372	7060981	71.05
2010-2014	10	0.00008	0.00008	0.5	99367	8	99363	6961609	70.06
2010-2014	11	0.00013	0.00013	0.5	99359	13	99353	6862246	69.07
2010-2014	12	0.00012	0.00012	0.5	99346	12	99340	6762893	68.07
2010-2014	13	0.00013	0.00013	0.5	99334	13	99327	6663553	67.08
2010-2014	14	0.00020	0.00020	0.5	99321	20	99311	6564226	66.09
2010-2014	15	0.00023	0.00023	0.5	99301	23	99290	6464915	65.10
2010-2014	16	0.00032	0.00032	0.5	99278	32	99262	6365625	64.12
2010-2014	17	0.00040	0.00040	0.5	99246	39	99227	6266363	63.14
2010-2014	18	0.00055	0.00055	0.5	99207	55	99180	6167136	62.16
2010-2014	19	0.00062	0.00062	0.5	99152	62	99122	6067956	61.20
2010-2014	20	0.00058	0.00058	0.5	99091	57	99062	5968835	60.24
2010-2014	21	0.00069	0.00069	0.5	99033	69	98999	5869773	59.27
2010-2014	22	0.00070	0.00070	0.5	98965	69	98930	5770774	58.31
2010-2014	23	0.00073	0.00073	0.5	98896	72	98860	5671844	57.35
2010-2014	24	0.00089	0.00089	0.5	98824	88	98780	5572984	56.39
2010-2014	25	0.00072	0.00072	0.5	98736	71	98700	5474204	55.44
2010-2014	26	0.00075	0.00075	0.5	98664	74	98627	5375504	54.48
2010-2014	27	0.00085	0.00085	0.5	98590	83	98548	5276877	53.52
2010-2014	28	0.00080	0.00080	0.5	98507	79	98467	5178329	52.57
2010-2014	29	0.00089	0.00089	0.5	98427	87	98384	5079862	51.61
2010-2014	30	0.00091	0.00091	0.5	98340	89	98296	4981478	50.66
2010-2014	31	0.00089	0.00089	0.5	98251	87	98208	4883182	49.70
2010-2014	32	0.00088	0.00088	0.5	98164	87	98121	4784975	48.74
2010-2014	33	0.00094	0.00094	0.5	98077	92	98031	4686854	47.79
2010-2014	34	0.00102	0.00102	0.5	97985	100	97935	4588823	46.83
2010-2014	35	0.00109	0.00109	0.5	97885	107	97832	4490888	45.88
2010-2014	36	0.00129	0.00129	0.5	97778	126	97715	4393056	44.93
2010-2014	37	0.00113	0.00113	0.5	97652	110	97597	4295341	43.99
2010-2014	38	0.00131	0.00131	0.5	97542	127	97478	4197744	43.04
2010-2014	39	0.00140	0.00139	0.5	97415	136	97347	4100266	42.09
2010-2014	40	0.00135	0.00135	0.5	97279	131	97213	4002919	41.15
2010-2014	41	0.00164	0.00163	0.5	97147	159	97068	3905706	40.20
2010-2014	42	0.00185	0.00185	0.5	96989	179	96899	3808638	39.27
2010-2014	43	0.00195	0.00195	0.5	96809	189	96715	3711739	38.34
2010-2014	44	0.00224	0.00224	0.5	96621	216	96513	3615024	37.41
2010-2014	45	0.00233	0.00233	0.5	96405	225	96292	3518511	36.50
2010-2014	46	0.00271	0.00270	0.5	96180	260	96050	3422219	35.58
2010-2014	47	0.00296	0.00296	0.5	95920	284	95778	3326169	34.68
2010-2014	48	0.00308	0.00307	0.5	95636	294	95489	3230391	33.78
2010-2014	49	0.00378	0.00377	0.5	95342	359	95162	3134902	32.88
2010-2014	50	0.00407	0.00406	0.5	94983	385	94790	3039739	32.00
2010-2014	51	0.00436	0.00435	0.5	94597	411	94392	2944949	31.13
2010-2014	52	0.00470	0.00469	0.5	94186	442	93965	2850558	30.27
2010-2014	53	0.00505	0.00504	0.5	93744	472	93508	2756592	29.41
2010-2014	54	0.00532	0.00531	0.5	93272	495	93024	2663084	28.55
2010-2014	55	0.00590	0.00589	0.5	92777	546	92504	2570060	27.70
2010-2014	56	0.00625	0.00623	0.5	92231	575	91943	2477556	26.86
2010-2014	57	0.00655	0.00653	0.5	91656	599	91357	2385613	26.03
2010-2014	58	0.00696	0.00694	0.5	91058	632	90742	2294256	25.20
2010-2014	59	0.00782	0.00779	0.5	90426	704	90074	2203514	24.37
2010-2014	60	0.00831	0.00828	0.5	89722	743	89350	2113440	23.56
2010-2014	61	0.00885	0.00881	0.5	88979	784	88587	2024090	22.75
2010-2014	62	0.00938	0.00934	0.5	88195	824	87783	1935503	21.95
2010-2014	63	0.01077	0.01071	0.5	87371	936	86903	1847720	21.15
2010-2014	64	0.01108	0.01102	0.5	86435	952	85959	1760817	20.37
2010-2014	65	0.01235	0.01228	0.5	85483	1049	84958	1674858	19.59
2010-2014	66	0.01291	0.01283	0.5	84433	1083	83892	1589900	18.83
2010-2014	67	0.01413	0.01403	0.5	83350	1169	82766	1506008	18.07
2010-2014	68	0.01460	0.01449	0.5	82181	1191	81585	1423242	17.32
2010-2014	69	0.01642	0.01629	0.5	80990	1319	80330	1341657	16.57
2010-2014	70	0.01869	0.01852	0.5	79671	1475	78933	1261326	15.83
2010-2014	71	0.01994	0.01975	0.5	78196	1544	77424	1182393	15.12
2010-2014	72	0.02143	0.02120	0.5	76652	1625	75839	1104969	14.42
2010-2014	73	0.02416	0.02387	0.5	75027	1791	74131	1029130	13.72
2010-2014	74	0.02672	0.02637	0.5	73236	1931	72270	954999	13.04
2010-2014	75	0.02963	0.02920	0.5	71305	2082	70263	882729	12.38
2010-2014	76	0.03198	0.03147	0.5	69222	2179	68133	812465	11.74
2010-2014	77	0.03608	0.03544	0.5	67044	2376	65856	744332	11.10
2010-2014	78	0.04112	0.04029	0.5	64668	2606	63365	678476	10.49
2010-2014	79	0.04388	0.04294	0.5	62062	2665	60730	615111	9.91
2010-2014	80	0.04891	0.04774	0.5	59397	2836	57979	554382	9.33
2010-2014	81	0.05411	0.05269	0.5	56562	2980	55072	496402	8.78
2010-2014	82	0.05827	0.05662	0.5	53581	3034	52065	441331	8.24
2010-2014	83	0.06600	0.06389	0.5	50548	3230	48933	389266	7.70
2010-2014	84	0.07463	0.07195	0.5	47318	3404	45616	340333	7.19
2010-2014	85	0.08375	0.08038	0.5	43914	3530	42149	294717	6.71
2010-2014	86	0.09096	0.08700	0.5	40384	3514	38627	252568	6.25
2010-2014	87	0.10552	0.10023	0.5	36870	3696	35023	213941	5.80
2010-2014	88	0.11759	0.11106	0.5	33175	3684	31332	178918	5.39
2010-2014	89	0.13359	0.12522	0.5	29490	3693	27644	147585	5.00
2010-2014	90	0.14951	0.13911	0.5	25797	3589	24003	119942	4.65
2010-2014	91	0.16540	0.15277	0.5	22209	3393	20512	95939	4.32
2010-2014	92	0.18424	0.16870	0.5	18816	3174	17229	75426	4.01
2010-2014	93	0.20469	0.18568	0.5	15642	2904	14190	58197	3.72
2010-2014	94	0.22677	0.20367	0.5	12737	2594	11440	44008	3.46
2010-2014	95	0.25047	0.22259	0.5	10143	2258	9014	32568	3.21
2010-2014	96	0.27575	0.24234	0.5	7885	1911	6930	23553	2.99
2010-2014	97	0.30255	0.26280	0.5	5974	1570	5189	16623	2.78
2010-2014	98	0.33076	0.28382	0.5	4404	1250	3779	11434	2.60
2010-2014	99	0.36024	0.30526	0.5	3154	963	2673	7655	2.43
2010-2014	100	0.39082	0.32693	0.5	2191	716	1833	4982	2.27
2010-2014	101	0.42228	0.34866	0.5	1475	514	1218	3149	2.13
2010-2014	102	0.45439	0.37027	0.5	961	356	783	1931	2.01
2010-2014	103	0.48690	0.39157	0.5	605	237	487	1148	1.90
2010-2014	104	0.51953	0.41240	0.5	368	152	292	661	1.80
2010-2014	105	0.55201	0.43261	0.5	216	94	170	369	1.71
2010-2014	106	0.58407	0.45206	0.5	123	55	95	200	1.63
2010-2014	107	0.61546	0.47063	0.5	67	32	51	105	1.56
2010-2014	108	0.64593	0.48824	0.5	36	17	27	53	1.50
2010-2014	109	0.67528	0.50483	0.5	18	9	14	26	1.45
2010-2014	110+	0.70333	1.00000	1.42	9	9	13	13	1.42
2015-2017	0	0.00496	0.00494	0.06	100000	494	99537	7956117	79.56
2015-2017	1	0.00033	0.00033	0.5	99506	33	99490	7856581	78.96
2015-2017	2	0.00018	0.00018	0.5	99473	18	99464	7757091	77.98
2015-2017	3	0.00016	0.00016	0.5	99455	16	99447	7657627	77.00
2015-2017	4	0.00015	0.00015	0.5	99439	15	99431	7558180	76.01
2015-2017	5	0.00009	0.00009	0.5	99423	9	99419	7458749	75.02
2015-2017	6	0.00009	0.00009	0.5	99414	9	99410	7359330	74.03
2015-2017	7	0.00010	0.00010	0.5	99405	9	99401	7259920	73.03
2015-2017	8	0.00010	0.00010	0.5	99396	10	99391	7160519	72.04
2015-2017	9	0.00007	0.00007	0.5	99386	7	99382	7061129	71.05
2015-2017	10	0.00014	0.00014	0.5	99379	14	99372	6961746	70.05
2015-2017	11	0.00013	0.00013	0.5	99365	13	99359	6862374	69.06
2015-2017	12	0.00012	0.00012	0.5	99352	12	99346	6763015	68.07
2015-2017	13	0.00017	0.00017	0.5	99340	17	99331	6663669	67.08
2015-2017	14	0.00025	0.00025	0.5	99323	25	99310	6564338	66.09
2015-2017	15	0.00030	0.00030	0.5	99298	30	99283	6465028	65.11
2015-2017	16	0.00035	0.00035	0.5	99268	35	99250	6365745	64.13
2015-2017	17	0.00037	0.00037	0.5	99233	37	99215	6266495	63.15
2015-2017	18	0.00067	0.00067	0.5	99196	66	99163	6167280	62.17
2015-2017	19	0.00052	0.00052	0.5	99130	52	99104	6068118	61.21
2015-2017	20	0.00069	0.00069	0.5	99078	68	99043	5969014	60.25
2015-2017	21	0.00096	0.00096	0.5	99009	95	98962	5869971	59.29
2015-2017	22	0.00075	0.00075	0.5	98915	74	98878	5771009	58.34
2015-2017	23	0.00088	0.00088	0.5	98841	87	98798	5672131	57.39
2015-2017	24	0.00092	0.00092	0.5	98754	91	98709	5573333	56.44
2015-2017	25	0.00082	0.00082	0.5	98664	81	98623	5474624	55.49
2015-2017	26	0.00094	0.00094	0.5	98583	93	98536	5376001	54.53
2015-2017	27	0.00074	0.00074	0.5	98490	73	98453	5277465	53.58
2015-2017	28	0.00087	0.00087	0.5	98417	86	98374	5179011	52.62
2015-2017	29	0.00112	0.00112	0.5	98331	110	98276	5080637	51.67
2015-2017	30	0.00099	0.00099	0.5	98221	98	98172	4982361	50.73
2015-2017	31	0.00091	0.00091	0.5	98123	89	98079	4884189	49.78
2015-2017	32	0.00098	0.00098	0.5	98034	96	97986	4786111	48.82
2015-2017	33	0.00097	0.00097	0.5	97938	95	97891	4688125	47.87
2015-2017	34	0.00102	0.00102	0.5	97843	100	97793	4590234	46.91
2015-2017	35	0.00123	0.00123	0.5	97744	120	97683	4492441	45.96
2015-2017	36	0.00154	0.00154	0.5	97623	150	97548	4394757	45.02
2015-2017	37	0.00135	0.00135	0.5	97473	131	97408	4297209	44.09
2015-2017	38	0.00137	0.00137	0.5	97342	133	97275	4199802	43.14
2015-2017	39	0.00158	0.00158	0.5	97209	153	97132	4102526	42.20
2015-2017	40	0.00139	0.00139	0.5	97055	135	96988	4005394	41.27
2015-2017	41	0.00154	0.00154	0.5	96920	149	96846	3908406	40.33
2015-2017	42	0.00171	0.00171	0.5	96771	165	96689	3811560	39.39
2015-2017	43	0.00175	0.00175	0.5	96606	169	96522	3714872	38.45
2015-2017	44	0.00199	0.00199	0.5	96437	192	96342	3618350	37.52
2015-2017	45	0.00227	0.00226	0.5	96246	218	96137	3522008	36.59
2015-2017	46	0.00267	0.00266	0.5	96028	256	95900	3425872	35.68
2015-2017	47	0.00260	0.00259	0.5	95772	248	95648	3329972	34.77
2015-2017	48	0.00305	0.00305	0.5	95524	291	95378	3234324	33.86
2015-2017	49	0.00348	0.00347	0.5	95232	331	95067	3138946	32.96
2015-2017	50	0.00380	0.00379	0.5	94901	360	94721	3043880	32.07
2015-2017	51	0.00415	0.00414	0.5	94542	392	94346	2949158	31.19
2015-2017	52	0.00473	0.00472	0.5	94150	444	93928	2854812	30.32
2015-2017	53	0.00502	0.00500	0.5	93705	469	93471	2760885	29.46
2015-2017	54	0.00543	0.00542	0.5	93237	505	92984	2667414	28.61
2015-2017	55	0.00605	0.00603	0.5	92731	559	92451	2574430	27.76
2015-2017	56	0.00626	0.00624	0.5	92172	575	91884	2481978	26.93
2015-2017	57	0.00698	0.00695	0.5	91596	637	91278	2390094	26.09
2015-2017	58	0.00742	0.00739	0.5	90960	672	90624	2298817	25.27
2015-2017	59	0.00822	0.00819	0.5	90287	739	89918	2208193	24.46
2015-2017	60	0.00841	0.00838	0.5	89548	750	89173	2118275	23.66
2015-2017	61	0.00893	0.00889	0.5	88798	789	88403	2029102	22.85
2015-2017	62	0.00969	0.00964	0.5	88008	849	87584	1940699	22.05
2015-2017	63	0.01077	0.01071	0.5	87160	934	86693	1853115	21.26
2015-2017	64	0.01095	0.01089	0.5	86226	939	85756	1766422	20.49
2015-2017	65	0.01214	0.01207	0.5	85287	1029	84772	1680666	19.71
2015-2017	66	0.01238	0.01230	0.5	84258	1037	83739	1595894	18.94
2015-2017	67	0.01370	0.01360	0.5	83221	1132	82655	1512154	18.17
2015-2017	68	0.01592	0.01579	0.5	82089	1296	81441	1429500	17.41
2015-2017	69	0.01605	0.01592	0.5	80792	1286	80149	1348059	16.69
2015-2017	70	0.01763	0.01747	0.5	79506	1389	78811	1267910	15.95
2015-2017	71	0.01826	0.01810	0.5	78117	1414	77410	1189098	15.22
2015-2017	72	0.02069	0.02048	0.5	76703	1571	75918	1111688	14.49
2015-2017	73	0.02364	0.02336	0.5	75132	1755	74255	1035771	13.79
2015-2017	74	0.02667	0.02632	0.5	73377	1931	72412	961516	13.10
2015-2017	75	0.02797	0.02758	0.5	71446	1971	70461	889105	12.44
2015-2017	76	0.03236	0.03185	0.5	69475	2213	68369	818644	11.78
2015-2017	77	0.03465	0.03406	0.5	67263	2291	66117	750275	11.15
2015-2017	78	0.03905	0.03831	0.5	64972	2489	63728	684157	10.53
2015-2017	79	0.04375	0.04282	0.5	62483	2675	61146	620430	9.93
2015-2017	80	0.04817	0.04704	0.5	59808	2813	58401	559284	9.35
2015-2017	81	0.05552	0.05402	0.5	56994	3079	55455	500883	8.79
2015-2017	82	0.05954	0.05782	0.5	53916	3117	52357	445428	8.26
2015-2017	83	0.06686	0.06469	0.5	50798	3286	49155	393071	7.74
2015-2017	84	0.07442	0.07175	0.5	47512	3409	45807	343916	7.24
2015-2017	85	0.07883	0.07584	0.5	44103	3345	42431	298109	6.76
2015-2017	86	0.09375	0.08956	0.5	40758	3650	38933	255678	6.27
2015-2017	87	0.10440	0.09922	0.5	37108	3682	35267	216745	5.84
2015-2017	88	0.11358	0.10748	0.5	33426	3593	31630	181478	5.43
2015-2017	89	0.13195	0.12378	0.5	29834	3693	27987	149848	5.02
2015-2017	90	0.14764	0.13749	0.5	26141	3594	24344	121861	4.66
2015-2017	91	0.16490	0.15234	0.5	22546	3435	20829	97517	4.33
2015-2017	92	0.18374	0.16828	0.5	19112	3216	17504	76688	4.01
2015-2017	93	0.20422	0.18530	0.5	15896	2945	14423	59185	3.72
2015-2017	94	0.22635	0.20333	0.5	12950	2633	11634	44762	3.46
2015-2017	95	0.25013	0.22232	0.5	10317	2294	9170	33128	3.21
2015-2017	96	0.27552	0.24216	0.5	8023	1943	7052	23958	2.99
2015-2017	97	0.30247	0.26274	0.5	6080	1598	5282	16906	2.78
2015-2017	98	0.33087	0.28390	0.5	4483	1273	3846	11625	2.59
2015-2017	99	0.36056	0.30549	0.5	3210	981	2720	7778	2.42
2015-2017	100	0.39139	0.32733	0.5	2229	730	1865	5059	2.27
2015-2017	101	0.42312	0.34923	0.5	1500	524	1238	3194	2.13
2015-2017	102	0.45552	0.37102	0.5	976	362	795	1956	2.00
2015-2017	103	0.48832	0.39249	0.5	614	241	493	1161	1.89
2015-2017	104	0.52125	0.41349	0.5	373	154	296	668	1.79
2015-2017	105	0.55402	0.43384	0.5	219	95	171	372	1.70
2015-2017	106	0.58635	0.45342	0.5	124	56	96	201	1.62
2015-2017	107	0.61798	0.47210	0.5	68	32	52	105	1.55
2015-2017	108	0.64866	0.48980	0.5	36	18	27	53	1.49
2015-2017	109	0.67818	0.50645	0.5	18	9	14	26	1.45
2015-2017	110+	0.70636	1.00000	1.42	9	9	13	13	1.42
