MA: Massachusetts, Lifetables (period 5x1), Both sexes Last modified: 3 Dec 2019, MPv5 (May07) 

Year	Age	mx	qx	ax	lx	dx	Lx	Tx	ex
1959	0	0.02266	0.02222	0.11	100000	2222	98027	7079303	70.79
1959	1-4	0.00080	0.00321	1.79	97778	314	390419	6981275	71.40
1959	5-9	0.00043	0.00215	2.33	97465	210	486763	6590856	67.62
1959	10-14	0.00039	0.00196	2.68	97255	191	485832	6104093	62.76
1959	15-19	0.00066	0.00331	2.48	97064	322	484511	5618262	57.88
1959	20-24	0.00092	0.00461	2.52	96743	446	482606	5133750	53.07
1959	25-29	0.00085	0.00425	2.67	96297	410	480527	4651144	48.30
1959	30-34	0.00135	0.00673	2.62	95887	645	477897	4170617	43.50
1959	35-39	0.00196	0.00977	2.76	95242	930	474121	3692720	38.77
1959	40-44	0.00311	0.01544	2.66	94311	1456	468153	3218599	34.13
1959	45-49	0.00544	0.02688	2.7	92855	2496	458526	2750446	29.62
1959	50-54	0.00868	0.04253	2.64	90359	3843	442732	2291920	25.36
1959	55-59	0.01352	0.06555	2.66	86516	5671	419333	1849188	21.37
1959	60-64	0.02032	0.09694	2.63	80845	7837	385650	1429855	17.69
1959	65-69	0.03202	0.14852	2.56	73008	10843	338629	1044204	14.30
1959	70-74	0.04811	0.21546	2.58	62165	13394	278397	705576	11.35
1959	75-79	0.07355	0.31112	2.53	48771	15173	206315	427179	8.76
1959	80-84	0.11454	0.44337	2.45	33597	14896	130054	220865	6.57
1959	85-89	0.17536	0.59394	2.28	18701	11108	63340	90811	4.86
1959	90-94	0.25308	0.73460	2.14	7594	5578	22042	27470	3.62
1959	95-99	0.35662	0.84868	1.91	2015	1710	4796	5428	2.69
1959	100-104	0.47450	0.92126	1.68	305	281	592	632	2.07
1959	105-109	0.59669	0.96017	1.47	24	23	39	40	1.67
1959	110+	0.69328	1.00000	1.44	1	1	1	1	1.44
1960	0	0.02213	0.02171	0.11	100000	2171	98069	7052771	70.53
1960	1-4	0.00072	0.00288	1.74	97829	282	390680	6954702	71.09
1960	5-9	0.00049	0.00245	2.2	97547	239	487069	6564022	67.29
1960	10-14	0.00031	0.00156	2.65	97309	152	486187	6076954	62.45
1960	15-19	0.00066	0.00329	2.8	97157	320	485080	5590766	57.54
1960	20-24	0.00088	0.00440	2.63	96837	426	483174	5105686	52.72
1960	25-29	0.00088	0.00439	2.48	96411	423	480989	4622512	47.95
1960	30-34	0.00122	0.00608	2.49	95988	584	478478	4141523	43.15
1960	35-39	0.00212	0.01056	2.75	95404	1008	474757	3663045	38.39
1960	40-44	0.00328	0.01626	2.76	94397	1535	468545	3188288	33.78
1960	45-49	0.00547	0.02703	2.72	92862	2510	458590	2719743	29.29
1960	50-54	0.00929	0.04548	2.66	90352	4109	442164	2261153	25.03
1960	55-59	0.01366	0.06626	2.72	86243	5714	418165	1818989	21.09
1960	60-64	0.02211	0.10512	2.67	80529	8465	382888	1400824	17.40
1960	65-69	0.03315	0.15372	2.64	72063	11078	334158	1017936	14.13
1960	70-74	0.04864	0.21738	2.56	60985	13257	272529	683778	11.21
1960	75-79	0.07542	0.31788	2.53	47729	15172	201163	411249	8.62
1960	80-84	0.11780	0.45303	2.45	32557	14749	125200	210086	6.45
1960	85-89	0.17847	0.60088	2.28	17808	10700	59956	84886	4.77
1960	90-94	0.26363	0.75333	2.16	7107	5354	20309	24929	3.51
1960	95-99	0.36544	0.85587	1.89	1753	1501	4106	4620	2.64
1960	100-104	0.48416	0.92537	1.66	253	234	483	514	2.03
1960	105-109	0.60588	0.96215	1.45	19	18	30	31	1.64
1960	110+	0.70142	1.00000	1.43	1	1	1	1	1.43
1961	0	0.02216	0.02173	0.11	100000	2173	98065	7077154	70.77
1961	1-4	0.00084	0.00335	1.67	97827	328	390545	6979088	71.34
1961	5-9	0.00039	0.00196	2.17	97499	191	486954	6588543	67.58
1961	10-14	0.00040	0.00202	2.66	97308	196	486082	6101589	62.70
1961	15-19	0.00056	0.00281	2.79	97112	273	484956	5615507	57.83
1961	20-24	0.00094	0.00471	2.52	96839	456	483062	5130551	52.98
1961	25-29	0.00090	0.00450	2.55	96383	434	480852	4647489	48.22
1961	30-34	0.00125	0.00622	2.62	95949	597	478322	4166637	43.43
1961	35-39	0.00193	0.00961	2.69	95352	916	474646	3688315	38.68
1961	40-44	0.00323	0.01605	2.66	94436	1516	468633	3213669	34.03
1961	45-49	0.00549	0.02711	2.7	92921	2519	458821	2745035	29.54
1961	50-54	0.00893	0.04376	2.7	90402	3956	442919	2286214	25.29
1961	55-59	0.01399	0.06777	2.69	86446	5859	418702	1843295	21.32
1961	60-64	0.02074	0.09884	2.62	80587	7965	383973	1424592	17.68
1961	65-69	0.03218	0.14928	2.58	72622	10841	336865	1040619	14.33
1961	70-74	0.04788	0.21430	2.55	61781	13239	276516	703755	11.39
1961	75-79	0.07275	0.30866	2.55	48542	14983	205944	427238	8.80
1961	80-84	0.11404	0.44236	2.47	33559	14845	130177	221295	6.59
1961	85-89	0.17312	0.59006	2.3	18714	11042	63783	91118	4.87
1961	90-94	0.25754	0.73745	2.1	7672	5657	21967	27335	3.56
1961	95-99	0.36073	0.85223	1.91	2014	1717	4759	5368	2.67
1961	100-104	0.48033	0.92388	1.67	298	275	572	610	2.05
1961	105-109	0.60348	0.96171	1.46	23	22	36	37	1.65
1961	110+	0.70029	1.00000	1.43	1	1	1	1	1.43
1962	0	0.02177	0.02135	0.11	100000	2135	98097	7095711	70.96
1962	1-4	0.00080	0.00317	1.76	97865	311	390762	6997614	71.50
1962	5-9	0.00040	0.00201	2.17	97554	196	487215	6606851	67.73
1962	10-14	0.00035	0.00174	2.63	97358	170	486386	6119636	62.86
1962	15-19	0.00062	0.00310	2.78	97188	301	485273	5633251	57.96
1962	20-24	0.00079	0.00392	2.55	96887	380	483503	5147978	53.13
1962	25-29	0.00094	0.00468	2.73	96507	452	481508	4664475	48.33
1962	30-34	0.00124	0.00616	2.69	96055	592	478906	4182966	43.55
1962	35-39	0.00190	0.00944	2.79	95463	901	475324	3704060	38.80
1962	40-44	0.00307	0.01523	2.68	94563	1440	469471	3228736	34.14
1962	45-49	0.00543	0.02681	2.74	93122	2496	459962	2759266	29.63
1962	50-54	0.00898	0.04397	2.65	90626	3985	443769	2299303	25.37
1962	55-59	0.01367	0.06625	2.67	86641	5740	419838	1855534	21.42
1962	60-64	0.02031	0.09692	2.65	80901	7841	386104	1435696	17.75
1962	65-69	0.03213	0.14909	2.58	73060	10892	338961	1049592	14.37
1962	70-74	0.04756	0.21311	2.56	62167	13249	278559	710630	11.43
1962	75-79	0.07058	0.30106	2.56	48919	14728	208652	432072	8.83
1962	80-84	0.11438	0.44282	2.45	34191	15140	132365	223419	6.53
1962	85-89	0.17673	0.59618	2.27	19051	11358	64267	91054	4.78
1962	90-94	0.26420	0.74973	2.12	7693	5768	21831	26787	3.48
1962	95-99	0.37463	0.86371	1.88	1925	1663	4439	4956	2.57
1962	100-104	0.50036	0.93230	1.64	262	245	489	517	1.97
1962	105-109	0.62758	0.96674	1.42	18	17	27	28	1.59
1962	110+	0.72580	1.00000	1.38	1	1	1	1	1.38
1963	0	0.02096	0.02058	0.11	100000	2058	98162	7139839	71.40
1963	1-4	0.00066	0.00264	1.56	97942	259	391139	7041677	71.90
1963	5-9	0.00035	0.00177	2.29	97683	173	487949	6650538	68.08
1963	10-14	0.00029	0.00147	2.34	97511	143	487174	6162589	63.20
1963	15-19	0.00061	0.00306	2.74	97368	298	486167	5675415	58.29
1963	20-24	0.00075	0.00374	2.42	97070	363	484415	5189249	53.46
1963	25-29	0.00086	0.00430	2.62	96707	416	482546	4704834	48.65
1963	30-34	0.00112	0.00558	2.58	96291	537	480155	4222288	43.85
1963	35-39	0.00181	0.00899	2.81	95754	861	476883	3742133	39.08
1963	40-44	0.00306	0.01520	2.73	94893	1442	471195	3265251	34.41
1963	45-49	0.00534	0.02638	2.66	93450	2465	461473	2794056	29.90
1963	50-54	0.00842	0.04127	2.67	90985	3755	446179	2332583	25.64
1963	55-59	0.01309	0.06351	2.68	87230	5540	423317	1886404	21.63
1963	60-64	0.01972	0.09424	2.65	81690	7698	390385	1463087	17.91
1963	65-69	0.03126	0.14526	2.57	73992	10748	343810	1072702	14.50
1963	70-74	0.04712	0.21136	2.56	63244	13367	283663	728892	11.53
1963	75-79	0.06883	0.29338	2.49	49877	14633	212602	445229	8.93
1963	80-84	0.11251	0.43679	2.44	35244	15394	136826	232628	6.60
1963	85-89	0.17408	0.59472	2.34	19850	11805	67814	95802	4.83
1963	90-94	0.26463	0.75008	2.11	8045	6034	22802	27987	3.48
1963	95-99	0.37365	0.86319	1.88	2010	1735	4645	5185	2.58
1963	100-104	0.50139	0.93285	1.63	275	257	512	541	1.97
1963	105-109	0.63066	0.96740	1.42	18	18	28	29	1.58
1963	110+	0.73020	1.00000	1.37	1	1	1	1	1.37
1964	0	0.01947	0.01913	0.1	100000	1913	98283	7256012	72.56
1964	1-4	0.00061	0.00244	1.73	98087	240	391803	7157729	72.97
1964	5-9	0.00037	0.00185	2.38	97847	181	488761	6765926	69.15
1964	10-14	0.00030	0.00151	2.57	97666	147	487973	6277165	64.27
1964	15-19	0.00061	0.00306	2.73	97519	299	486917	5789191	59.36
1964	20-24	0.00080	0.00399	2.45	97220	388	485109	5302274	54.54
1964	25-29	0.00077	0.00383	2.71	96832	371	483308	4817165	49.75
1964	30-34	0.00115	0.00573	2.71	96461	553	481036	4333857	44.93
1964	35-39	0.00185	0.00922	2.62	95907	884	477433	3852821	40.17
1964	40-44	0.00292	0.01451	2.68	95023	1379	471920	3375388	35.52
1964	45-49	0.00466	0.02304	2.69	93644	2158	463237	2903468	31.01
1964	50-54	0.00783	0.03848	2.74	91486	3521	449473	2440230	26.67
1964	55-59	0.01224	0.05950	2.63	87966	5234	427434	1990758	22.63
1964	60-64	0.01836	0.08793	2.6	82732	7274	396194	1563324	18.90
1964	65-69	0.02766	0.12966	2.59	75458	9784	353664	1167129	15.47
1964	70-74	0.04181	0.19000	2.6	65674	12478	298413	813465	12.39
1964	75-79	0.06062	0.26353	2.52	53196	14019	231256	515052	9.68
1964	80-84	0.09849	0.39485	2.49	39177	15469	157068	283796	7.24
1964	85-89	0.15417	0.54764	2.36	23708	12984	84214	126729	5.35
1964	90-94	0.22590	0.68988	2.18	10724	7399	32751	42514	3.96
1964	95-99	0.32322	0.81852	1.99	3326	2722	8423	9764	2.94
1964	100-104	0.44033	0.90511	1.75	604	546	1241	1341	2.22
1964	105-109	0.56614	0.95298	1.52	57	55	96	100	1.75
1964	110+	0.66767	1.00000	1.5	3	3	4	4	1.50
1965	0	0.02201	0.02158	0.11	100000	2158	98077	7077624	70.78
1965	1-4	0.00078	0.00313	1.62	97842	306	390639	6979547	71.34
1965	5-9	0.00036	0.00180	2.12	97535	176	487170	6588908	67.55
1965	10-14	0.00030	0.00151	2.33	97359	147	486405	6101738	62.67
1965	15-19	0.00072	0.00359	2.89	97212	349	485326	5615333	57.76
1965	20-24	0.00094	0.00466	2.55	96864	452	483210	5130007	52.96
1965	25-29	0.00099	0.00494	2.56	96412	476	480896	4646797	48.20
1965	30-34	0.00138	0.00688	2.75	95936	660	478194	4165901	43.42
1965	35-39	0.00208	0.01033	2.61	95276	984	474029	3687707	38.71
1965	40-44	0.00341	0.01691	2.68	94292	1594	467759	3213678	34.08
1965	45-49	0.00556	0.02744	2.65	92697	2543	457517	2745918	29.62
1965	50-54	0.00887	0.04343	2.66	90154	3915	441621	2288401	25.38
1965	55-59	0.01396	0.06763	2.68	86239	5833	417681	1846781	21.41
1965	60-64	0.02080	0.09907	2.6	80406	7966	382931	1429100	17.77
1965	65-69	0.03078	0.14330	2.6	72440	10380	337266	1046169	14.44
1965	70-74	0.04847	0.21704	2.6	62060	13470	277922	708902	11.42
1965	75-79	0.07115	0.30199	2.5	48590	14674	206232	430980	8.87
1965	80-84	0.11284	0.43811	2.45	33916	14859	131681	224748	6.63
1965	85-89	0.17337	0.59121	2.31	19057	11267	64989	93067	4.88
1965	90-94	0.25303	0.73170	2.12	7790	5700	22528	28078	3.60
1965	95-99	0.36204	0.85361	1.9	2090	1784	4928	5550	2.66
1965	100-104	0.48458	0.92591	1.66	306	283	585	622	2.03
1965	105-109	0.61071	0.96338	1.45	23	22	36	37	1.63
1965	110+	0.70949	1.00000	1.41	1	1	1	1	1.41
1966	0	0.02122	0.02082	0.11	100000	2082	98141	7116712	71.17
1966	1-4	0.00070	0.00279	1.58	97918	273	391009	7018571	71.68
1966	5-9	0.00037	0.00185	2.27	97645	180	487732	6627561	67.87
1966	10-14	0.00030	0.00148	2.76	97464	144	487000	6139830	63.00
1966	15-19	0.00072	0.00358	2.89	97320	348	485867	5652830	58.08
1966	20-24	0.00091	0.00456	2.59	96972	442	483798	5166963	53.28
1966	25-29	0.00090	0.00451	2.54	96530	435	481581	4683166	48.51
1966	30-34	0.00130	0.00647	2.58	96095	622	478970	4201585	43.72
1966	35-39	0.00192	0.00958	2.71	95473	914	475277	3722615	38.99
1966	40-44	0.00340	0.01685	2.64	94559	1593	469036	3247338	34.34
1966	45-49	0.00532	0.02627	2.68	92966	2443	459165	2778301	29.89
1966	50-54	0.00855	0.04192	2.62	90523	3795	443585	2319137	25.62
1966	55-59	0.01379	0.06685	2.7	86729	5798	420326	1875552	21.63
1966	60-64	0.02054	0.09799	2.65	80931	7930	386042	1455226	17.98
1966	65-69	0.03011	0.14033	2.58	73000	10244	340238	1069184	14.65
1966	70-74	0.04629	0.20813	2.58	62756	13061	282177	728946	11.62
1966	75-79	0.07080	0.30065	2.49	49695	14941	211041	446769	8.99
1966	80-84	0.10911	0.42636	2.44	34754	14818	135810	235728	6.78
1966	85-89	0.16609	0.57294	2.29	19936	11422	68771	99918	5.01
1966	90-94	0.25074	0.72605	2.1	8514	6182	24653	31147	3.66
1966	95-99	0.34343	0.83738	1.94	2332	1953	5687	6495	2.78
1966	100-104	0.46096	0.91522	1.71	379	347	753	808	2.13
1966	105-109	0.58473	0.95751	1.49	32	31	53	55	1.70
1966	110+	0.68349	1.00000	1.46	1	1	2	2	1.46
1967	0	0.02004	0.01968	0.1	100000	1968	98236	7129092	71.29
1967	1-4	0.00075	0.00300	1.62	98032	294	391426	7030855	71.72
1967	5-9	0.00036	0.00179	2.46	97738	175	488243	6639430	67.93
1967	10-14	0.00031	0.00155	2.57	97562	151	487445	6151186	63.05
1967	15-19	0.00071	0.00355	2.81	97411	346	486299	5663741	58.14
1967	20-24	0.00096	0.00477	2.48	97065	463	484157	5177442	53.34
1967	25-29	0.00095	0.00472	2.66	96602	456	481944	4693285	48.58
1967	30-34	0.00117	0.00582	2.7	96146	559	479445	4211341	43.80
1967	35-39	0.00216	0.01074	2.67	95587	1027	475545	3731896	39.04
1967	40-44	0.00308	0.01527	2.67	94560	1444	469438	3256350	34.44
1967	45-49	0.00525	0.02592	2.64	93116	2413	459888	2786912	29.93
1967	50-54	0.00859	0.04209	2.6	90702	3818	444347	2327025	25.66
1967	55-59	0.01317	0.06386	2.62	86885	5549	421215	1882678	21.67
1967	60-64	0.02094	0.09972	2.62	81336	8111	387336	1461464	17.97
1967	65-69	0.03041	0.14165	2.59	73225	10373	341105	1074127	14.67
1967	70-74	0.04720	0.21200	2.6	62852	13325	282311	733023	11.66
1967	75-79	0.06931	0.29582	2.52	49528	14651	211373	450712	9.10
1967	80-84	0.10589	0.41673	2.45	34877	14534	137250	239339	6.86
1967	85-89	0.16680	0.57801	2.34	20343	11758	70494	102089	5.02
1967	90-94	0.24768	0.72545	2.15	8584	6228	25144	31595	3.68
1967	95-99	0.34981	0.84348	1.93	2357	1988	5683	6451	2.74
1967	100-104	0.47204	0.92061	1.69	369	340	719	768	2.08
1967	105-109	0.59930	0.96100	1.47	29	28	47	49	1.66
1967	110+	0.69966	1.00000	1.43	1	1	2	2	1.43
1968	0	0.01992	0.01957	0.1	100000	1957	98246	7115264	71.15
1968	1-4	0.00070	0.00281	1.64	98043	275	391522	7017018	71.57
1968	5-9	0.00039	0.00194	2.37	97767	190	488338	6625496	67.77
1968	10-14	0.00035	0.00177	2.58	97578	173	487471	6137158	62.89
1968	15-19	0.00079	0.00397	2.67	97405	386	486126	5649687	58.00
1968	20-24	0.00102	0.00510	2.51	97019	495	483860	5163561	53.22
1968	25-29	0.00091	0.00452	2.47	96524	436	481514	4679701	48.48
1968	30-34	0.00131	0.00652	2.69	96088	627	478995	4198187	43.69
1968	35-39	0.00194	0.00965	2.58	95461	921	475077	3719192	38.96
1968	40-44	0.00311	0.01541	2.65	94540	1457	469274	3244115	34.31
1968	45-49	0.00534	0.02638	2.69	93083	2456	459751	2774841	29.81
1968	50-54	0.00887	0.04348	2.71	90627	3940	444121	2315090	25.55
1968	55-59	0.01378	0.06671	2.63	86687	5783	419714	1870969	21.58
1968	60-64	0.02016	0.09616	2.61	80904	7779	385913	1451254	17.94
1968	65-69	0.03051	0.14201	2.57	73125	10384	340400	1065341	14.57
1968	70-74	0.04713	0.21138	2.56	62741	13262	281381	724941	11.55
1968	75-79	0.07065	0.30050	2.52	49479	14868	210446	443560	8.96
1968	80-84	0.11009	0.43048	2.47	34610	14899	135334	233113	6.74
1968	85-89	0.16896	0.58233	2.33	19711	11478	67936	97780	4.96
1968	90-94	0.25242	0.73578	2.17	8233	6057	23997	29843	3.62
1968	95-99	0.35715	0.84964	1.92	2175	1848	5175	5846	2.69
1968	100-104	0.47952	0.92380	1.67	327	302	630	671	2.05
1968	105-109	0.60589	0.96238	1.45	25	24	40	41	1.64
1968	110+	0.70508	1.00000	1.42	1	1	1	1	1.42
1969	0	0.01861	0.01830	0.1	100000	1830	98353	7155566	71.56
1969	1-4	0.00068	0.00270	1.88	98170	265	392115	7057213	71.89
1969	5-9	0.00037	0.00184	2.15	97904	180	489009	6665098	68.08
1969	10-14	0.00029	0.00145	2.64	97724	142	488287	6176090	63.20
1969	15-19	0.00078	0.00389	2.68	97582	379	487030	5687803	58.29
1969	20-24	0.00103	0.00514	2.53	97203	500	484783	5200773	53.50
1969	25-29	0.00093	0.00465	2.57	96703	449	482422	4715990	48.77
1969	30-34	0.00137	0.00682	2.57	96254	656	479674	4233568	43.98
1969	35-39	0.00204	0.01014	2.59	95597	969	475652	3753894	39.27
1969	40-44	0.00355	0.01760	2.75	94628	1665	469402	3278242	34.64
1969	45-49	0.00504	0.02488	2.68	92963	2313	459441	2808840	30.21
1969	50-54	0.00868	0.04254	2.68	90650	3856	444306	2349399	25.92
1969	55-59	0.01309	0.06347	2.64	86794	5509	420958	1905093	21.95
1969	60-64	0.02016	0.09620	2.63	81284	7820	387901	1484135	18.26
1969	65-69	0.03000	0.13980	2.57	73465	10270	342334	1096234	14.92
1969	70-74	0.04463	0.20169	2.61	63194	12746	285568	753900	11.93
1969	75-79	0.06733	0.28878	2.54	50449	14569	216380	468332	9.28
1969	80-84	0.10374	0.41139	2.49	35880	14761	142284	251952	7.02
1969	85-89	0.15981	0.56181	2.36	21119	11865	74243	109668	5.19
1969	90-94	0.23635	0.71390	2.23	9254	6607	27953	35425	3.83
1969	95-99	0.33798	0.83280	1.95	2648	2205	6524	7472	2.82
1969	100-104	0.45794	0.91406	1.71	443	405	884	948	2.14
1969	105-109	0.58477	0.95768	1.49	38	36	62	65	1.70
1969	110+	0.68590	1.00000	1.46	2	2	2	2	1.46
1970	0	0.01726	0.01700	0.1	100000	1700	98464	7188461	71.88
1970	1-4	0.00063	0.00250	1.73	98300	246	392642	7089997	72.13
1970	5-9	0.00034	0.00172	2.27	98054	168	489813	6697355	68.30
1970	10-14	0.00031	0.00153	2.93	97886	150	489120	6207542	63.42
1970	15-19	0.00079	0.00395	2.83	97736	386	487841	5718422	58.51
1970	20-24	0.00100	0.00498	2.4	97350	485	485492	5230581	53.73
1970	25-29	0.00096	0.00480	2.51	96866	465	483172	4745089	48.99
1970	30-34	0.00128	0.00636	2.74	96401	613	480620	4261917	44.21
1970	35-39	0.00202	0.01006	2.71	95788	963	476731	3781297	39.48
1970	40-44	0.00343	0.01704	2.7	94824	1616	470406	3304567	34.85
1970	45-49	0.00516	0.02548	2.63	93209	2375	460423	2834161	30.41
1970	50-54	0.00836	0.04102	2.69	90834	3726	445575	2373737	26.13
1970	55-59	0.01297	0.06290	2.62	87108	5480	422483	1928162	22.14
1970	60-64	0.01975	0.09431	2.63	81629	7698	389873	1505679	18.45
1970	65-69	0.02953	0.13788	2.6	73930	10194	345215	1115806	15.09
1970	70-74	0.04362	0.19777	2.64	63737	12605	288967	770591	12.09
1970	75-79	0.06714	0.28817	2.54	51132	14735	219458	481624	9.42
1970	80-84	0.09917	0.39725	2.5	36397	14459	145800	262166	7.20
1970	85-89	0.15611	0.54779	2.28	21938	12018	76983	116365	5.30
1970	90-94	0.22648	0.69860	2.26	9921	6931	30601	39383	3.97
1970	95-99	0.32328	0.81834	1.98	2990	2447	7569	8781	2.94
1970	100-104	0.43838	0.90387	1.75	543	491	1120	1212	2.23
1970	105-109	0.56203	0.95175	1.53	52	50	88	92	1.77
1970	110+	0.66202	1.00000	1.51	3	3	4	4	1.51
1971	0	0.01633	0.01610	0.09	100000	1610	98541	7213232	72.13
1971	1-4	0.00063	0.00253	1.7	98390	249	392989	7114691	72.31
1971	5-9	0.00036	0.00179	2.3	98142	176	490234	6721702	68.49
1971	10-14	0.00033	0.00166	2.69	97966	163	489453	6231468	63.61
1971	15-19	0.00093	0.00464	2.81	97803	454	488020	5742015	58.71
1971	20-24	0.00102	0.00509	2.49	97349	496	485499	5253996	53.97
1971	25-29	0.00111	0.00551	2.55	96853	534	482957	4768497	49.23
1971	30-34	0.00138	0.00690	2.67	96319	664	480046	4285540	44.49
1971	35-39	0.00173	0.00863	2.73	95655	825	476397	3805495	39.78
1971	40-44	0.00338	0.01675	2.72	94830	1588	470525	3329097	35.11
1971	45-49	0.00510	0.02518	2.63	93241	2348	460643	2858572	30.66
1971	50-54	0.00790	0.03880	2.66	90893	3527	446215	2397929	26.38
1971	55-59	0.01288	0.06247	2.63	87366	5458	423904	1951714	22.34
1971	60-64	0.01936	0.09258	2.64	81909	7583	391639	1527810	18.65
1971	65-69	0.02796	0.13096	2.59	74326	9734	348142	1136171	15.29
1971	70-74	0.04210	0.19096	2.57	64592	12334	293007	788029	12.20
1971	75-79	0.06629	0.28526	2.56	52257	14907	224884	495022	9.47
1971	80-84	0.09838	0.39550	2.52	37351	14772	150146	270139	7.23
1971	85-89	0.15376	0.54504	2.33	22579	12306	80034	119992	5.31
1971	90-94	0.23081	0.70097	2.2	10272	7201	31197	39958	3.89
1971	95-99	0.33389	0.82915	1.96	3072	2547	7628	8760	2.85
1971	100-104	0.45438	0.91239	1.72	525	479	1054	1132	2.16
1971	105-109	0.58164	0.95694	1.49	46	44	76	79	1.71
1971	110+	0.68306	1.00000	1.46	2	2	3	3	1.46
1972	0	0.01404	0.01386	0.09	100000	1386	98736	7234434	72.34
1972	1-4	0.00071	0.00285	1.7	98614	282	393809	7135698	72.36
1972	5-9	0.00036	0.00179	2.15	98332	176	491161	6741889	68.56
1972	10-14	0.00035	0.00172	2.67	98157	169	490388	6250729	63.68
1972	15-19	0.00100	0.00498	2.84	97987	488	488882	5760341	58.79
1972	20-24	0.00107	0.00533	2.51	97499	520	486201	5271459	54.07
1972	25-29	0.00099	0.00494	2.53	96979	479	483712	4785257	49.34
1972	30-34	0.00125	0.00623	2.5	96500	601	481001	4301545	44.58
1972	35-39	0.00204	0.01018	2.76	95899	976	477311	3820544	39.84
1972	40-44	0.00311	0.01543	2.72	94923	1464	471270	3343232	35.22
1972	45-49	0.00519	0.02564	2.64	93459	2396	461636	2871962	30.73
1972	50-54	0.00790	0.03878	2.65	91063	3532	447017	2410326	26.47
1972	55-59	0.01254	0.06089	2.62	87531	5330	424977	1963308	22.43
1972	60-64	0.01862	0.08918	2.64	82201	7331	393726	1538331	18.71
1972	65-69	0.02826	0.13225	2.58	74870	9902	350383	1144605	15.29
1972	70-74	0.04235	0.19202	2.57	64969	12475	294551	794222	12.22
1972	75-79	0.06653	0.28624	2.56	52493	15026	225860	499671	9.52
1972	80-84	0.09691	0.38933	2.48	37468	14587	150519	273811	7.31
1972	85-89	0.15110	0.54071	2.37	22881	12372	81876	123291	5.39
1972	90-94	0.22689	0.68926	2.15	10509	7243	31925	41415	3.94
1972	95-99	0.32658	0.82231	1.98	3265	2685	8222	9490	2.91
1972	100-104	0.44807	0.90950	1.73	580	528	1178	1268	2.19
1972	105-109	0.57821	0.95628	1.5	53	50	87	90	1.72
1972	110+	0.68254	1.00000	1.47	2	2	3	3	1.47
1973	0	0.01500	0.01479	0.09	100000	1479	98654	7247924	72.48
1973	1-4	0.00063	0.00253	1.75	98521	250	393520	7149270	72.57
1973	5-9	0.00034	0.00172	2.3	98271	169	490899	6755750	68.75
1973	10-14	0.00029	0.00145	2.8	98102	142	490199	6264850	63.86
1973	15-19	0.00095	0.00474	2.97	97960	465	488858	5774651	58.95
1973	20-24	0.00109	0.00541	2.44	97496	528	486127	5285794	54.22
1973	25-29	0.00105	0.00522	2.4	96968	506	483521	4799667	49.50
1973	30-34	0.00127	0.00633	2.72	96462	610	480917	4316145	44.74
1973	35-39	0.00186	0.00928	2.67	95851	890	477185	3835228	40.01
1973	40-44	0.00312	0.01551	2.65	94962	1472	471340	3358043	35.36
1973	45-49	0.00501	0.02475	2.71	93489	2314	462145	2886702	30.88
1973	50-54	0.00752	0.03695	2.65	91175	3369	447943	2424557	26.59
1973	55-59	0.01238	0.06015	2.65	87806	5282	426602	1976614	22.51
1973	60-64	0.01871	0.08950	2.58	82525	7386	394769	1550012	18.78
1973	65-69	0.02792	0.13082	2.59	75138	9829	352028	1155244	15.37
1973	70-74	0.04083	0.18575	2.57	65309	12131	297108	803216	12.30
1973	75-79	0.06547	0.28232	2.56	53178	15013	229330	506108	9.52
1973	80-84	0.09921	0.39743	2.5	38164	15168	152878	276778	7.25
1973	85-89	0.15333	0.54632	2.37	22997	12564	81937	123900	5.39
1973	90-94	0.22137	0.68424	2.21	10433	7139	32247	41963	4.02
1973	95-99	0.32156	0.81680	1.99	3294	2691	8368	9716	2.95
1973	100-104	0.43809	0.90390	1.75	604	546	1245	1347	2.23
1973	105-109	0.56379	0.95236	1.52	58	55	98	102	1.76
1973	110+	0.66550	1.00000	1.5	3	3	4	4	1.50
1974	0	0.01381	0.01364	0.09	100000	1364	98755	7297752	72.98
1974	1-4	0.00063	0.00252	1.81	98636	249	393999	7198997	72.99
1974	5-9	0.00031	0.00154	2.16	98387	152	491503	6804998	69.17
1974	10-14	0.00028	0.00138	2.84	98235	136	490883	6313495	64.27
1974	15-19	0.00087	0.00435	2.93	98100	427	489614	5822612	59.35
1974	20-24	0.00108	0.00539	2.38	97673	527	486984	5332999	54.60
1974	25-29	0.00108	0.00538	2.63	97146	523	484494	4846015	49.88
1974	30-34	0.00112	0.00558	2.59	96623	539	481817	4361521	45.14
1974	35-39	0.00186	0.00927	2.68	96084	891	478351	3879704	40.38
1974	40-44	0.00301	0.01494	2.72	95194	1422	472721	3401353	35.73
1974	45-49	0.00494	0.02443	2.69	93772	2291	463563	2928632	31.23
1974	50-54	0.00743	0.03653	2.66	91480	3342	449580	2465069	26.95
1974	55-59	0.01160	0.05647	2.69	88139	4978	429208	2015489	22.87
1974	60-64	0.01824	0.08742	2.62	83161	7270	398526	1586280	19.07
1974	65-69	0.02671	0.12547	2.59	75891	9522	356521	1187754	15.65
1974	70-74	0.04012	0.18294	2.6	66369	12142	302652	831232	12.52
1974	75-79	0.06174	0.26831	2.56	54227	14550	235645	528581	9.75
1974	80-84	0.09557	0.38538	2.49	39677	15291	159989	292936	7.38
1974	85-89	0.14962	0.53658	2.37	24387	13085	87460	132947	5.45
1974	90-94	0.22138	0.68371	2.2	11301	7727	34902	45487	4.02
1974	95-99	0.32005	0.81533	1.99	3575	2914	9106	10585	2.96
1974	100-104	0.43651	0.90303	1.75	660	596	1366	1479	2.24
1974	105-109	0.56175	0.95177	1.53	64	61	108	113	1.77
1974	110+	0.66299	1.00000	1.51	3	3	5	5	1.51
1975	0	0.01334	0.01318	0.09	100000	1318	98795	7355205	73.55
1975	1-4	0.00049	0.00197	1.61	98682	194	394264	7256410	73.53
1975	5-9	0.00025	0.00127	2.24	98488	125	492096	6862146	69.67
1975	10-14	0.00027	0.00135	2.85	98363	133	491530	6370051	64.76
1975	15-19	0.00077	0.00385	2.89	98230	378	490356	5878521	59.84
1975	20-24	0.00106	0.00531	2.47	97852	519	487948	5388165	55.06
1975	25-29	0.00106	0.00527	2.51	97333	513	485387	4900217	50.34
1975	30-34	0.00118	0.00590	2.68	96820	572	482776	4414830	45.60
1975	35-39	0.00173	0.00861	2.69	96248	829	479330	3932054	40.85
1975	40-44	0.00284	0.01409	2.65	95420	1345	473939	3452724	36.18
1975	45-49	0.00479	0.02371	2.7	94075	2231	465248	2978785	31.66
1975	50-54	0.00722	0.03550	2.66	91844	3261	451581	2513537	27.37
1975	55-59	0.01122	0.05468	2.66	88583	4844	431558	2061956	23.28
1975	60-64	0.01772	0.08499	2.61	83740	7117	401698	1630398	19.47
1975	65-69	0.02587	0.12177	2.59	76622	9330	360651	1228699	16.04
1975	70-74	0.03921	0.17920	2.6	67292	12059	307569	868049	12.90
1975	75-79	0.05860	0.25653	2.58	55233	14169	241809	560479	10.15
1975	80-84	0.09094	0.37012	2.49	41064	15199	167129	318670	7.76
1975	85-89	0.13499	0.50029	2.41	25865	12940	95858	151541	5.86
1975	90-94	0.20514	0.65731	2.27	12925	8496	41415	55684	4.31
1975	95-99	0.29094	0.78269	2.05	4429	3467	11916	14269	3.22
1975	100-104	0.39741	0.87891	1.83	963	846	2129	2352	2.44
1975	105-109	0.51566	0.93721	1.6	117	109	212	224	1.92
1975	110+	0.61355	1.00000	1.63	7	7	12	12	1.63
1976	0	0.01184	0.01172	0.08	100000	1172	98924	7402418	74.02
1976	1-4	0.00045	0.00181	1.63	98828	179	394889	7303494	73.90
1976	5-9	0.00022	0.00110	2.52	98649	109	492976	6908605	70.03
1976	10-14	0.00022	0.00111	2.42	98540	110	492418	6415629	65.11
1976	15-19	0.00072	0.00361	2.88	98430	356	491399	5923211	60.18
1976	20-24	0.00101	0.00506	2.59	98075	496	489181	5431813	55.38
1976	25-29	0.00094	0.00471	2.53	97579	459	486762	4942632	50.65
1976	30-34	0.00103	0.00514	2.62	97120	499	484410	4455869	45.88
1976	35-39	0.00159	0.00794	2.61	96621	767	481270	3971460	41.10
1976	40-44	0.00258	0.01285	2.69	95853	1231	476424	3490190	36.41
1976	45-49	0.00447	0.02211	2.68	94622	2092	468250	3013766	31.85
1976	50-54	0.00696	0.03425	2.64	92530	3169	455186	2545516	27.51
1976	55-59	0.01097	0.05347	2.65	89361	4778	435588	2090330	23.39
1976	60-64	0.01675	0.08054	2.61	84583	6812	406663	1654742	19.56
1976	65-69	0.02531	0.11928	2.59	77771	9277	366493	1248080	16.05
1976	70-74	0.03764	0.17255	2.59	68495	11819	313992	881587	12.87
1976	75-79	0.05931	0.25874	2.54	56676	14665	247252	567595	10.01
1976	80-84	0.09149	0.37269	2.51	42012	15657	171138	320344	7.63
1976	85-89	0.14146	0.51694	2.4	26354	13624	96308	149206	5.66
1976	90-94	0.21232	0.67215	2.27	12731	8557	40301	52898	4.16
1976	95-99	0.31276	0.80819	2.01	4174	3373	10785	12597	3.02
1976	100-104	0.43151	0.90066	1.77	801	721	1671	1812	2.26
1976	105-109	0.56048	0.95166	1.53	80	76	135	141	1.77
1976	110+	0.66500	1.00000	1.5	4	4	6	6	1.50
1977	0	0.01197	0.01184	0.08	100000	1184	98912	7462703	74.63
1977	1-4	0.00040	0.00161	1.54	98816	159	394873	7363790	74.52
1977	5-9	0.00025	0.00123	2.6	98657	121	492993	6968918	70.64
1977	10-14	0.00027	0.00134	2.91	98536	132	492403	6475925	65.72
1977	15-19	0.00072	0.00362	2.84	98403	356	491249	5983522	60.81
1977	20-24	0.00093	0.00465	2.46	98048	456	489077	5492273	56.02
1977	25-29	0.00092	0.00457	2.45	97591	446	486820	5003196	51.27
1977	30-34	0.00103	0.00514	2.59	97145	500	484523	4516376	46.49
1977	35-39	0.00147	0.00731	2.8	96646	706	481676	4031853	41.72
1977	40-44	0.00250	0.01245	2.82	95939	1194	477092	3550177	37.00
1977	45-49	0.00405	0.02005	2.67	94745	1899	469300	3073085	32.44
1977	50-54	0.00692	0.03406	2.66	92846	3162	456830	2603785	28.04
1977	55-59	0.01038	0.05065	2.66	89683	4543	437785	2146955	23.94
1977	60-64	0.01602	0.07719	2.66	85141	6572	410303	1709170	20.07
1977	65-69	0.02479	0.11701	2.61	78569	9193	370899	1298868	16.53
1977	70-74	0.03585	0.16495	2.58	69376	11443	319228	927968	13.38
1977	75-79	0.05476	0.24142	2.55	57932	13986	255391	608741	10.51
1977	80-84	0.08493	0.35098	2.53	43946	15424	181601	353350	8.04
1977	85-89	0.12999	0.48623	2.41	28522	13868	106683	171749	6.02
1977	90-94	0.19543	0.63588	2.25	14654	9318	47679	65065	4.44
1977	95-99	0.28645	0.77791	2.06	5336	4151	14490	17387	3.26
1977	100-104	0.39699	0.87920	1.83	1185	1042	2624	2896	2.44
1977	105-109	0.52072	0.93936	1.6	143	134	258	272	1.90
1977	110+	0.62331	1.00000	1.6	9	9	14	14	1.60
1978	0	0.01101	0.01090	0.08	100000	1090	98996	7463248	74.63
1978	1-4	0.00052	0.00207	1.63	98910	204	395154	7364252	74.45
1978	5-9	0.00026	0.00132	1.9	98705	131	493122	6969099	70.61
1978	10-14	0.00027	0.00134	2.84	98575	132	492587	6475976	65.70
1978	15-19	0.00078	0.00390	2.89	98442	384	491404	5983389	60.78
1978	20-24	0.00097	0.00482	2.48	98058	473	489100	5491985	56.01
1978	25-29	0.00102	0.00507	2.38	97586	495	486633	5002884	51.27
1978	30-34	0.00108	0.00536	2.66	97091	521	484239	4516252	46.52
1978	35-39	0.00150	0.00748	2.75	96570	722	481225	4032013	41.75
1978	40-44	0.00257	0.01277	2.73	95848	1224	476467	3550788	37.05
1978	45-49	0.00430	0.02129	2.66	94624	2015	468407	3074321	32.49
1978	50-54	0.00658	0.03238	2.67	92609	2999	456067	2605914	28.14
1978	55-59	0.01012	0.04942	2.68	89610	4428	437795	2149847	23.99
1978	60-64	0.01642	0.07902	2.62	85182	6731	409914	1712052	20.10
1978	65-69	0.02418	0.11427	2.6	78450	8965	370763	1302138	16.60
1978	70-74	0.03573	0.16451	2.6	69485	11431	319973	931375	13.40
1978	75-79	0.05342	0.23624	2.55	58054	13715	256709	611402	10.53
1978	80-84	0.08430	0.34810	2.5	44339	15435	183090	354693	8.00
1978	85-89	0.13161	0.48997	2.39	28905	14163	107610	171603	5.94
1978	90-94	0.20122	0.64948	2.27	14742	9575	47584	63993	4.34
1978	95-99	0.29476	0.78828	2.05	5168	4073	13820	16410	3.18
1978	100-104	0.41089	0.88863	1.81	1094	972	2366	2590	2.37
1978	105-109	0.53978	0.94577	1.57	122	115	213	224	1.84
1978	110+	0.64558	1.00000	1.55	7	7	10	10	1.55
1979	0	0.01097	0.01086	0.08	100000	1086	99000	7505098	75.05
1979	1-4	0.00041	0.00165	1.83	98914	163	395304	7406098	74.87
1979	5-9	0.00026	0.00130	2.71	98751	128	493462	7010794	70.99
1979	10-14	0.00022	0.00109	2.88	98623	107	492888	6517331	66.08
1979	15-19	0.00076	0.00381	2.97	98516	376	491818	6024443	61.15
1979	20-24	0.00100	0.00501	2.34	98140	491	489396	5532626	56.37
1979	25-29	0.00098	0.00489	2.46	97649	477	487034	5043230	51.65
1979	30-34	0.00098	0.00489	2.54	97172	475	484688	4556196	46.89
1979	35-39	0.00135	0.00672	2.67	96696	650	481966	4071508	42.11
1979	40-44	0.00243	0.01209	2.66	96046	1162	477518	3589542	37.37
1979	45-49	0.00398	0.01975	2.72	94885	1874	470160	3112024	32.80
1979	50-54	0.00665	0.03276	2.74	93011	3047	458185	2641864	28.40
1979	55-59	0.00987	0.04824	2.67	89964	4340	439713	2183680	24.27
1979	60-64	0.01546	0.07460	2.66	85624	6388	413160	1743967	20.37
1979	65-69	0.02395	0.11333	2.63	79236	8980	374898	1330807	16.80
1979	70-74	0.03501	0.16140	2.58	70257	11339	323845	955909	13.61
1979	75-79	0.05219	0.23185	2.59	58917	13660	261722	632065	10.73
1979	80-84	0.08292	0.34429	2.54	45257	15582	187909	370343	8.18
1979	85-89	0.12619	0.47466	2.39	29676	14086	111624	182434	6.15
1979	90-94	0.18973	0.62539	2.28	15590	9750	51388	70810	4.54
1979	95-99	0.27947	0.76944	2.08	5840	4494	16079	19423	3.33
1979	100-104	0.39002	0.87463	1.85	1347	1178	3020	3344	2.48
1979	105-109	0.51510	0.93756	1.61	169	158	307	324	1.92
1979	110+	0.61937	1.00000	1.61	11	11	17	17	1.61
1980	0	0.01067	0.01057	0.08	100000	1057	99025	7475193	74.75
1980	1-4	0.00048	0.00193	1.69	98943	191	395332	7376168	74.55
1980	5-9	0.00019	0.00096	2.5	98753	95	493525	6980836	70.69
1980	10-14	0.00021	0.00107	2.85	98658	106	493060	6487310	65.76
1980	15-19	0.00069	0.00343	2.87	98552	338	492040	5994250	60.82
1980	20-24	0.00102	0.00508	2.5	98214	498	489824	5502210	56.02
1980	25-29	0.00096	0.00478	2.52	97715	467	487421	5012386	51.30
1980	30-34	0.00104	0.00518	2.62	97249	503	485045	4524964	46.53
1980	35-39	0.00150	0.00749	2.6	96745	725	481989	4039919	41.76
1980	40-44	0.00241	0.01197	2.77	96020	1149	477537	3557930	37.05
1980	45-49	0.00380	0.01886	2.75	94871	1789	470338	3080393	32.47
1980	50-54	0.00649	0.03198	2.7	93082	2977	458577	2610055	28.04
1980	55-59	0.01034	0.05046	2.65	90105	4547	439821	2151478	23.88
1980	60-64	0.01539	0.07423	2.62	85558	6351	412670	1711657	20.01
1980	65-69	0.02451	0.11583	2.63	79207	9175	374302	1298987	16.40
1980	70-74	0.03569	0.16427	2.58	70033	11504	322372	924685	13.20
1980	75-79	0.05478	0.24152	2.55	58528	14136	258023	602313	10.29
1980	80-84	0.08780	0.36014	2.51	44393	15988	182082	344290	7.76
1980	85-89	0.13835	0.50804	2.39	28405	14431	104310	162208	5.71
1980	90-94	0.21288	0.66736	2.21	13974	9326	43806	57898	4.14
1980	95-99	0.31087	0.80653	2.02	4648	3749	12060	14091	3.03
1980	100-104	0.43215	0.90131	1.77	899	811	1876	2032	2.26
1980	105-109	0.56419	0.95284	1.52	89	85	150	156	1.76
1980	110+	0.67107	1.00000	1.49	4	4	6	6	1.49
1981	0	0.00983	0.00974	0.08	100000	974	99099	7526450	75.26
1981	1-4	0.00045	0.00178	1.57	99026	176	395674	7427351	75.00
1981	5-9	0.00027	0.00133	2.23	98849	131	493883	7031677	71.14
1981	10-14	0.00023	0.00114	2.53	98718	113	493312	6537794	66.23
1981	15-19	0.00064	0.00320	2.92	98605	316	492369	6044482	61.30
1981	20-24	0.00087	0.00436	2.36	98289	428	490318	5552113	56.49
1981	25-29	0.00091	0.00452	2.48	97861	442	488193	5061795	51.72
1981	30-34	0.00107	0.00533	2.5	97419	519	485798	4573602	46.95
1981	35-39	0.00141	0.00702	2.62	96900	681	482878	4087804	42.19
1981	40-44	0.00227	0.01127	2.67	96219	1085	478564	3604926	37.47
1981	45-49	0.00378	0.01875	2.77	95134	1784	471695	3126363	32.86
1981	50-54	0.00662	0.03263	2.77	93351	3046	459953	2654668	28.44
1981	55-59	0.00985	0.04815	2.66	90304	4348	441341	2194715	24.30
1981	60-64	0.01538	0.07417	2.62	85956	6376	414629	1753374	20.40
1981	65-69	0.02408	0.11380	2.6	79581	9057	376145	1338744	16.82
1981	70-74	0.03425	0.15825	2.6	70524	11160	325872	962599	13.65
1981	75-79	0.05195	0.23038	2.55	59364	13676	263275	636727	10.73
1981	80-84	0.08310	0.34438	2.52	45688	15734	189347	373452	8.17
1981	85-89	0.12664	0.47745	2.42	29954	14301	112929	184104	6.15
1981	90-94	0.19027	0.62737	2.29	15652	9820	51610	71175	4.55
1981	95-99	0.27695	0.76595	2.08	5832	4467	16130	19566	3.35
1981	100-104	0.38455	0.87046	1.86	1365	1188	3090	3435	2.52
1981	105-109	0.50639	0.93423	1.62	177	165	326	345	1.95
1981	110+	0.60820	1.00000	1.64	12	12	19	19	1.64
1982	0	0.01024	0.01014	0.08	100000	1014	99064	7550520	75.51
1982	1-4	0.00041	0.00163	1.59	98986	162	395553	7451456	75.28
1982	5-9	0.00023	0.00113	2.15	98824	111	493804	7055903	71.40
1982	10-14	0.00018	0.00089	2.75	98713	88	493366	6562098	66.48
1982	15-19	0.00066	0.00328	3	98625	323	492478	6068732	61.53
1982	20-24	0.00071	0.00355	2.52	98301	349	490642	5576255	56.73
1982	25-29	0.00083	0.00412	2.59	97953	404	488792	5085613	51.92
1982	30-34	0.00103	0.00513	2.57	97549	501	486531	4596821	47.12
1982	35-39	0.00127	0.00633	2.7	97049	615	483831	4110290	42.35
1982	40-44	0.00213	0.01059	2.67	96434	1021	479787	3626458	37.61
1982	45-49	0.00379	0.01880	2.72	95413	1794	472980	3146671	32.98
1982	50-54	0.00653	0.03215	2.65	93619	3010	461025	2673691	28.56
1982	55-59	0.00958	0.04686	2.67	90609	4246	443139	2212666	24.42
1982	60-64	0.01550	0.07480	2.66	86363	6460	416720	1769528	20.49
1982	65-69	0.02343	0.11100	2.64	79903	8870	378552	1352808	16.93
1982	70-74	0.03499	0.16148	2.61	71034	11470	327796	974256	13.72
1982	75-79	0.05203	0.23091	2.57	59563	13754	264356	646459	10.85
1982	80-84	0.07982	0.33365	2.54	45810	15284	191488	382104	8.34
1982	85-89	0.12345	0.46935	2.45	30525	14327	116051	190616	6.24
1982	90-94	0.18502	0.61728	2.3	16198	9999	54041	74565	4.60
1982	95-99	0.28060	0.77127	2.08	6200	4781	17040	20525	3.31
1982	100-104	0.39439	0.87795	1.84	1418	1245	3157	3484	2.46
1982	105-109	0.52259	0.94031	1.6	173	163	311	328	1.89
1982	110+	0.62901	1.00000	1.59	10	10	16	16	1.59
1983	0	0.00909	0.00901	0.07	100000	901	99165	7548392	75.48
1983	1-4	0.00042	0.00168	1.57	99099	167	395989	7449227	75.17
1983	5-9	0.00018	0.00092	2.27	98932	91	494409	7053238	71.29
1983	10-14	0.00020	0.00102	2.78	98840	101	493977	6558829	66.36
1983	15-19	0.00066	0.00328	2.79	98739	324	492979	6064852	61.42
1983	20-24	0.00080	0.00397	2.47	98415	391	491086	5571873	56.62
1983	25-29	0.00080	0.00398	2.53	98024	391	489156	5080787	51.83
1983	30-34	0.00094	0.00469	2.59	97634	458	487065	4591631	47.03
1983	35-39	0.00139	0.00694	2.78	97176	674	484379	4104566	42.24
1983	40-44	0.00217	0.01080	2.65	96502	1043	480053	3620187	37.51
1983	45-49	0.00379	0.01878	2.76	95459	1793	473276	3140134	32.90
1983	50-54	0.00642	0.03162	2.66	93667	2962	461414	2666858	28.47
1983	55-59	0.00996	0.04869	2.67	90705	4417	443224	2205443	24.31
1983	60-64	0.01541	0.07439	2.69	86288	6419	416609	1762220	20.42
1983	65-69	0.02283	0.10833	2.65	79869	8652	379023	1345611	16.85
1983	70-74	0.03518	0.16234	2.63	71217	11562	328631	966587	13.57
1983	75-79	0.05206	0.23105	2.57	59655	13783	264764	637956	10.69
1983	80-84	0.08222	0.34150	2.52	45872	15665	190520	373192	8.14
1983	85-89	0.12648	0.47645	2.41	30207	14392	113789	182673	6.05
1983	90-94	0.20109	0.64972	2.28	15815	10275	51097	68884	4.36
1983	95-99	0.29069	0.78378	2.06	5540	4342	14936	17787	3.21
1983	100-104	0.40828	0.88725	1.81	1198	1063	2603	2851	2.38
1983	105-109	0.53954	0.94587	1.57	135	128	237	248	1.84
1983	110+	0.64763	1.00000	1.54	7	7	11	11	1.54
1984	0	0.00907	0.00900	0.07	100000	900	99166	7546957	75.47
1984	1-4	0.00034	0.00134	1.41	99100	133	396057	7447790	75.15
1984	5-9	0.00021	0.00104	2.23	98967	103	494552	7051733	71.25
1984	10-14	0.00021	0.00106	2.66	98864	105	494077	6557182	66.32
1984	15-19	0.00064	0.00321	2.93	98760	317	493143	6063105	61.39
1984	20-24	0.00079	0.00392	2.5	98443	386	491249	5569962	56.58
1984	25-29	0.00076	0.00377	2.61	98057	370	489402	5078713	51.79
1984	30-34	0.00101	0.00503	2.52	97687	491	487219	4589311	46.98
1984	35-39	0.00141	0.00701	2.59	97196	681	484337	4102092	42.20
1984	40-44	0.00211	0.01049	2.64	96515	1012	480185	3617754	37.48
1984	45-49	0.00373	0.01851	2.7	95503	1768	473446	3137570	32.85
1984	50-54	0.00635	0.03129	2.68	93735	2933	461861	2664124	28.42
1984	55-59	0.00988	0.04833	2.72	90802	4389	443986	2202263	24.25
1984	60-64	0.01528	0.07377	2.66	86414	6375	417127	1758276	20.35
1984	65-69	0.02302	0.10916	2.63	80039	8737	379525	1341150	16.76
1984	70-74	0.03614	0.16622	2.59	71302	11851	327952	961625	13.49
1984	75-79	0.05307	0.23543	2.61	59450	13996	263736	633673	10.66
1984	80-84	0.08120	0.33860	2.55	45454	15391	189533	369937	8.14
1984	85-89	0.12922	0.48467	2.42	30063	14571	112760	180404	6.00
1984	90-94	0.19832	0.64531	2.29	15492	9998	50410	67644	4.37
1984	95-99	0.29859	0.79328	2.05	5495	4359	14599	17233	3.14
1984	100-104	0.41989	0.89453	1.79	1136	1016	2420	2635	2.32
1984	105-109	0.55367	0.95011	1.54	120	114	206	215	1.79
1984	110+	0.66278	1.00000	1.51	6	6	9	9	1.51
1985	0	0.00933	0.00925	0.07	100000	925	99144	7556080	75.56
1985	1-4	0.00038	0.00154	1.66	99075	152	395944	7456936	75.27
1985	5-9	0.00014	0.00072	2.63	98923	72	494446	7060992	71.38
1985	10-14	0.00022	0.00108	3.02	98851	107	494046	6566546	66.43
1985	15-19	0.00068	0.00341	2.84	98745	337	492995	6072500	61.50
1985	20-24	0.00076	0.00380	2.46	98408	374	491090	5579505	56.70
1985	25-29	0.00078	0.00391	2.52	98034	383	489219	5088415	51.90
1985	30-34	0.00104	0.00521	2.57	97651	509	487016	4599196	47.10
1985	35-39	0.00141	0.00703	2.62	97142	683	484082	4112180	42.33
1985	40-44	0.00211	0.01049	2.73	96459	1012	479998	3628098	37.61
1985	45-49	0.00353	0.01750	2.69	95446	1670	473379	3148100	32.98
1985	50-54	0.00598	0.02949	2.68	93776	2766	462477	2674721	28.52
1985	55-59	0.00969	0.04736	2.67	91011	4310	445026	2212244	24.31
1985	60-64	0.01534	0.07401	2.64	86701	6417	418355	1767219	20.38
1985	65-69	0.02322	0.11009	2.64	80284	8838	380573	1348864	16.80
1985	70-74	0.03530	0.16252	2.57	71445	11611	328962	968291	13.55
1985	75-79	0.05199	0.23101	2.59	59834	13822	265855	639329	10.69
1985	80-84	0.08094	0.33726	2.53	46012	15518	191735	373474	8.12
1985	85-89	0.12985	0.48600	2.41	30494	14820	114133	181739	5.96
1985	90-94	0.20190	0.65194	2.28	15674	10218	50612	67606	4.31
1985	95-99	0.30085	0.79595	2.04	5455	4342	14433	16994	3.12
1985	100-104	0.42352	0.89675	1.79	1113	998	2357	2561	2.30
1985	105-109	0.55845	0.95149	1.54	115	109	196	204	1.78
1985	110+	0.66816	1.00000	1.5	6	6	8	8	1.50
1986	0	0.00851	0.00844	0.07	100000	844	99216	7572490	75.72
1986	1-4	0.00044	0.00176	1.7	99156	175	396220	7473274	75.37
1986	5-9	0.00019	0.00093	2.19	98981	92	494645	7077053	71.50
1986	10-14	0.00017	0.00083	2.68	98888	82	494251	6582409	66.56
1986	15-19	0.00066	0.00332	2.68	98806	328	493268	6088158	61.62
1986	20-24	0.00075	0.00375	2.5	98478	369	491467	5594890	56.81
1986	25-29	0.00084	0.00418	2.56	98109	410	489546	5103423	52.02
1986	30-34	0.00111	0.00553	2.49	97699	540	487137	4613877	47.23
1986	35-39	0.00147	0.00730	2.69	97159	710	484156	4126739	42.47
1986	40-44	0.00214	0.01065	2.66	96449	1027	479839	3642584	37.77
1986	45-49	0.00353	0.01752	2.7	95422	1672	473272	3162744	33.14
1986	50-54	0.00575	0.02838	2.72	93751	2661	462676	2689473	28.69
1986	55-59	0.00910	0.04455	2.64	91090	4058	445889	2226797	24.45
1986	60-64	0.01463	0.07068	2.6	87031	6151	420408	1780908	20.46
1986	65-69	0.02217	0.10530	2.62	80880	8516	384163	1360500	16.82
1986	70-74	0.03532	0.16251	2.54	72364	11760	332930	976337	13.49
1986	75-79	0.05272	0.23350	2.56	60603	14151	268420	643407	10.62
1986	80-84	0.08189	0.33967	2.49	46453	15779	192683	374987	8.07
1986	85-89	0.12974	0.48565	2.41	30674	14897	114817	182305	5.94
1986	90-94	0.20363	0.65202	2.24	15777	10287	50518	67488	4.28
1986	95-99	0.30353	0.79901	2.04	5490	4387	14452	16970	3.09
1986	100-104	0.42730	0.89899	1.78	1103	992	2321	2518	2.28
1986	105-109	0.56314	0.95280	1.53	111	106	189	196	1.76
1986	110+	0.67331	1.00000	1.49	5	5	8	8	1.49
1987	0	0.00730	0.00725	0.07	100000	725	99325	7591325	75.91
1987	1-4	0.00031	0.00124	1.56	99275	123	396801	7492001	75.47
1987	5-9	0.00018	0.00092	2.61	99152	91	495544	7095199	71.56
1987	10-14	0.00023	0.00114	2.58	99061	113	495034	6599656	66.62
1987	15-19	0.00056	0.00278	2.78	98949	275	494134	6104622	61.69
1987	20-24	0.00077	0.00385	2.58	98674	380	492450	5610488	56.86
1987	25-29	0.00089	0.00443	2.52	98294	435	490392	5118039	52.07
1987	30-34	0.00126	0.00627	2.68	97859	614	487870	4627647	47.29
1987	35-39	0.00143	0.00711	2.64	97245	691	484593	4139777	42.57
1987	40-44	0.00211	0.01051	2.62	96554	1015	480352	3655184	37.86
1987	45-49	0.00354	0.01753	2.68	95539	1675	473818	3174832	33.23
1987	50-54	0.00587	0.02895	2.65	93864	2717	462931	2701015	28.78
1987	55-59	0.00916	0.04485	2.66	91147	4088	446188	2238084	24.55
1987	60-64	0.01443	0.06972	2.6	87059	6070	420749	1791896	20.58
1987	65-69	0.02255	0.10701	2.62	80989	8666	384345	1371146	16.93
1987	70-74	0.03401	0.15710	2.58	72323	11362	334082	986802	13.64
1987	75-79	0.05192	0.23050	2.57	60961	14052	270660	652720	10.71
1987	80-84	0.08196	0.34063	2.52	46910	15979	194965	382060	8.14
1987	85-89	0.12741	0.47895	2.41	30931	14814	116275	187095	6.05
1987	90-94	0.19700	0.63872	2.25	16117	10294	52254	70820	4.39
1987	95-99	0.29303	0.78661	2.06	5823	4580	15630	18567	3.19
1987	100-104	0.41144	0.88924	1.81	1242	1105	2685	2937	2.36
1987	105-109	0.54302	0.94692	1.56	138	130	240	251	1.83
1987	110+	0.65104	1.00000	1.54	7	7	11	11	1.54
1988	0	0.00808	0.00802	0.07	100000	802	99255	7577886	75.78
1988	1-4	0.00032	0.00130	1.75	99198	129	396502	7478631	75.39
1988	5-9	0.00022	0.00109	2.39	99069	108	495065	7082128	71.49
1988	10-14	0.00017	0.00083	2.54	98962	82	494606	6587063	66.56
1988	15-19	0.00059	0.00293	2.9	98880	290	493788	6092457	61.61
1988	20-24	0.00079	0.00396	2.42	98590	390	491943	5598668	56.79
1988	25-29	0.00099	0.00493	2.67	98200	484	489869	5106725	52.00
1988	30-34	0.00113	0.00562	2.61	97716	549	487264	4616856	47.25
1988	35-39	0.00164	0.00818	2.5	97167	794	483849	4129592	42.50
1988	40-44	0.00226	0.01125	2.66	96372	1084	479320	3645743	37.83
1988	45-49	0.00377	0.01867	2.7	95288	1779	472348	3166422	33.23
1988	50-54	0.00575	0.02839	2.69	93510	2654	461416	2694074	28.81
1988	55-59	0.00928	0.04541	2.65	90855	4126	444580	2232658	24.57
1988	60-64	0.01444	0.06984	2.65	86729	6057	419391	1788079	20.62
1988	65-69	0.02193	0.10423	2.62	80672	8408	383379	1368688	16.97
1988	70-74	0.03485	0.16095	2.63	72264	11631	333697	985309	13.63
1988	75-79	0.04995	0.22257	2.56	60633	13495	270177	651612	10.75
1988	80-84	0.08151	0.33925	2.53	47138	15991	196197	381435	8.09
1988	85-89	0.13033	0.48883	2.44	31146	15225	116818	185238	5.95
1988	90-94	0.20172	0.64902	2.25	15921	10333	51224	68420	4.30
1988	95-99	0.30506	0.80080	2.03	5588	4475	14669	17195	3.08
1988	100-104	0.42973	0.90039	1.77	1113	1002	2332	2527	2.27
1988	105-109	0.56596	0.95355	1.52	111	106	187	194	1.75
1988	110+	0.67610	1.00000	1.48	5	5	8	8	1.48
1989	0	0.00799	0.00793	0.07	100000	793	99263	7638112	76.38
1989	1-4	0.00032	0.00129	1.7	99207	128	396535	7538849	75.99
1989	5-9	0.00014	0.00071	2.39	99079	71	495211	7142314	72.09
1989	10-14	0.00021	0.00103	2.34	99008	102	494771	6647103	67.14
1989	15-19	0.00057	0.00286	2.64	98907	283	493866	6152331	62.20
1989	20-24	0.00078	0.00389	2.54	98624	384	492178	5658465	57.37
1989	25-29	0.00084	0.00418	2.57	98241	411	490206	5166287	52.59
1989	30-34	0.00116	0.00581	2.64	97830	568	487808	4676081	47.80
1989	35-39	0.00163	0.00812	2.59	97262	790	484408	4188273	43.06
1989	40-44	0.00220	0.01097	2.56	96472	1058	479782	3703866	38.39
1989	45-49	0.00343	0.01703	2.71	95414	1625	473350	3224084	33.79
1989	50-54	0.00537	0.02651	2.67	93789	2486	463147	2750734	29.33
1989	55-59	0.00873	0.04281	2.7	91303	3909	447526	2287587	25.05
1989	60-64	0.01413	0.06837	2.64	87394	5975	422863	1840061	21.05
1989	65-69	0.02158	0.10263	2.63	81419	8356	387251	1417198	17.41
1989	70-74	0.03299	0.15290	2.61	73063	11172	338651	1029947	14.10
1989	75-79	0.04912	0.21915	2.54	61891	13563	276149	691296	11.17
1989	80-84	0.07478	0.31604	2.55	48328	15273	204241	415148	8.59
1989	85-89	0.11800	0.45194	2.41	33055	14939	126602	210906	6.38
1989	90-94	0.18224	0.61028	2.29	18116	11056	60667	84305	4.65
1989	95-99	0.27642	0.76647	2.09	7060	5411	19577	23638	3.35
1989	100-104	0.39310	0.87749	1.85	1649	1447	3680	4061	2.46
1989	105-109	0.52506	0.94139	1.59	202	190	362	381	1.89
1989	110+	0.63456	1.00000	1.58	12	12	19	19	1.58
1990	0	0.00727	0.00722	0.07	100000	722	99327	7681016	76.81
1990	1-4	0.00028	0.00111	1.53	99278	110	396838	7581688	76.37
1990	5-9	0.00014	0.00072	2.17	99168	71	495637	7184850	72.45
1990	10-14	0.00018	0.00088	2.77	99097	88	495288	6689213	67.50
1990	15-19	0.00066	0.00328	2.77	99009	325	494322	6193925	62.56
1990	20-24	0.00064	0.00319	2.69	98684	315	492696	5699603	57.76
1990	25-29	0.00084	0.00422	2.61	98370	415	490859	5206907	52.93
1990	30-34	0.00114	0.00569	2.63	97955	557	488454	4716048	48.15
1990	35-39	0.00158	0.00789	2.55	97398	768	485110	4227594	43.41
1990	40-44	0.00196	0.00974	2.59	96630	941	480879	3742484	38.73
1990	45-49	0.00315	0.01564	2.62	95689	1497	474888	3261605	34.09
1990	50-54	0.00526	0.02599	2.66	94192	2448	465224	2786717	29.59
1990	55-59	0.00879	0.04309	2.67	91744	3953	449520	2321494	25.30
1990	60-64	0.01339	0.06492	2.65	87791	5700	425581	1871974	21.32
1990	65-69	0.02041	0.09736	2.63	82092	7993	391542	1446393	17.62
1990	70-74	0.03184	0.14781	2.58	74099	10952	344001	1054850	14.24
1990	75-79	0.04674	0.20977	2.56	63146	13246	283397	710850	11.26
1990	80-84	0.07655	0.32165	2.52	49900	16050	209669	427453	8.57
1990	85-89	0.11559	0.44611	2.44	33850	15101	130646	217784	6.43
1990	90-94	0.18376	0.61455	2.31	18749	11522	62703	87138	4.65
1990	95-99	0.27330	0.76231	2.1	7227	5509	20157	24435	3.38
1990	100-104	0.38843	0.87417	1.85	1718	1502	3866	4278	2.49
1990	105-109	0.51937	0.93945	1.6	216	203	391	412	1.91
1990	110+	0.62845	1.00000	1.59	13	13	21	21	1.59
1991	0	0.00669	0.00665	0.07	100000	665	99379	7703863	77.04
1991	1-4	0.00024	0.00095	1.63	99335	94	397117	7604483	76.55
1991	5-9	0.00017	0.00086	2.67	99241	85	496006	7207366	72.62
1991	10-14	0.00017	0.00086	3.11	99156	85	495617	6711360	67.69
1991	15-19	0.00054	0.00270	2.98	99070	267	494812	6215742	62.74
1991	20-24	0.00065	0.00323	2.59	98803	320	493245	5720930	57.90
1991	25-29	0.00084	0.00420	2.46	98483	414	491365	5227685	53.08
1991	30-34	0.00119	0.00593	2.52	98069	582	488906	4736320	48.30
1991	35-39	0.00176	0.00876	2.61	97488	854	485400	4247414	43.57
1991	40-44	0.00213	0.01061	2.58	96634	1025	480693	3762014	38.93
1991	45-49	0.00324	0.01609	2.61	95609	1538	474367	3281321	34.32
1991	50-54	0.00479	0.02367	2.6	94070	2227	464998	2806954	29.84
1991	55-59	0.00849	0.04162	2.64	91843	3823	450197	2341956	25.50
1991	60-64	0.01329	0.06442	2.66	88020	5671	426836	1891759	21.49
1991	65-69	0.02012	0.09605	2.65	82350	7910	393173	1464923	17.79
1991	70-74	0.03042	0.14188	2.63	74440	10562	347215	1071749	14.40
1991	75-79	0.04617	0.20734	2.54	63878	13244	286833	724535	11.34
1991	80-84	0.07366	0.31212	2.56	50634	15804	214546	437702	8.64
1991	85-89	0.11668	0.44916	2.44	34830	15644	134074	223155	6.41
1991	90-94	0.18220	0.60953	2.29	19186	11694	64183	89082	4.64
1991	95-99	0.27844	0.76947	2.09	7492	5765	20703	24898	3.32
1991	100-104	0.39892	0.88179	1.84	1727	1523	3818	4195	2.43
1991	105-109	0.53495	0.94480	1.58	204	193	361	378	1.85
1991	110+	0.64732	1.00000	1.54	11	11	17	17	1.54
1992	0	0.00668	0.00664	0.07	100000	664	99380	7695118	76.95
1992	1-4	0.00032	0.00127	1.7	99336	126	397053	7595737	76.47
1992	5-9	0.00014	0.00072	2.55	99210	72	495872	7198685	72.56
1992	10-14	0.00017	0.00086	3.07	99138	86	495523	6702813	67.61
1992	15-19	0.00048	0.00240	2.57	99052	238	494683	6207289	62.67
1992	20-24	0.00062	0.00311	2.54	98814	307	493315	5712607	57.81
1992	25-29	0.00082	0.00409	2.75	98507	403	491627	5219292	52.98
1992	30-34	0.00139	0.00694	2.65	98104	681	488916	4727666	48.19
1992	35-39	0.00178	0.00885	2.63	97422	862	485071	4238749	43.51
1992	40-44	0.00224	0.01114	2.62	96561	1076	480238	3753678	38.87
1992	45-49	0.00342	0.01699	2.68	95485	1622	473663	3273440	34.28
1992	50-54	0.00515	0.02547	2.72	93863	2390	463866	2799777	29.83
1992	55-59	0.00838	0.04111	2.71	91472	3761	448764	2335911	25.54
1992	60-64	0.01322	0.06409	2.65	87712	5621	425349	1887146	21.52
1992	65-69	0.01987	0.09490	2.65	82090	7791	392153	1461798	17.81
1992	70-74	0.03084	0.14371	2.64	74300	10678	346257	1069645	14.40
1992	75-79	0.04692	0.21054	2.57	63622	13395	285506	723388	11.37
1992	80-84	0.07324	0.31005	2.53	50227	15573	212629	437882	8.72
1992	85-89	0.11459	0.44401	2.47	34654	15387	134276	225253	6.50
1992	90-94	0.17923	0.60317	2.29	19267	11621	64842	90977	4.72
1992	95-99	0.26973	0.75768	2.11	7646	5793	21477	26136	3.42
1992	100-104	0.38425	0.87120	1.86	1853	1614	4201	4659	2.51
1992	105-109	0.51462	0.93779	1.61	239	224	435	459	1.92
1992	110+	0.62337	1.00000	1.6	15	15	24	24	1.60
1993	0	0.00629	0.00625	0.07	100000	625	99416	7688395	76.88
1993	1-4	0.00035	0.00142	1.38	99375	141	397131	7588979	76.37
1993	5-9	0.00011	0.00056	2.04	99234	56	496005	7191848	72.47
1993	10-14	0.00019	0.00095	2.95	99178	94	495699	6695843	67.51
1993	15-19	0.00056	0.00281	2.7	99084	278	494780	6200144	62.57
1993	20-24	0.00057	0.00283	2.47	98806	280	493321	5705364	57.74
1993	25-29	0.00079	0.00395	2.68	98526	389	491728	5212043	52.90
1993	30-34	0.00129	0.00644	2.57	98137	632	489150	4720315	48.10
1993	35-39	0.00177	0.00882	2.6	97505	860	485459	4231164	43.39
1993	40-44	0.00236	0.01174	2.6	96645	1135	480503	3745705	38.76
1993	45-49	0.00317	0.01574	2.61	95510	1504	473961	3265202	34.19
1993	50-54	0.00508	0.02508	2.61	94007	2357	464387	2791241	29.69
1993	55-59	0.00808	0.03966	2.71	91649	3635	449916	2326853	25.39
1993	60-64	0.01358	0.06578	2.63	88014	5790	426358	1876937	21.33
1993	65-69	0.02014	0.09609	2.61	82224	7901	392263	1450579	17.64
1993	70-74	0.03039	0.14175	2.63	74324	10535	346664	1058316	14.24
1993	75-79	0.04788	0.21454	2.58	63788	13685	285822	711651	11.16
1993	80-84	0.07326	0.31030	2.54	50103	15547	212223	425829	8.50
1993	85-89	0.12183	0.46510	2.46	34556	16072	131919	213606	6.18
1993	90-94	0.19482	0.64326	2.36	18484	11890	61029	81686	4.42
1993	95-99	0.29802	0.79380	2.06	6594	5234	17564	20657	3.13
1993	100-104	0.42827	0.90026	1.78	1360	1224	2858	3094	2.28
1993	105-109	0.57123	0.95528	1.52	136	130	227	236	1.74
1993	110+	0.68635	1.00000	1.46	6	6	9	9	1.46
1994	0	0.00610	0.00606	0.07	100000	606	99433	7713421	77.13
1994	1-4	0.00024	0.00097	1.57	99394	97	397340	7613988	76.60
1994	5-9	0.00012	0.00058	2.44	99297	57	496339	7216648	72.68
1994	10-14	0.00016	0.00082	2.75	99240	81	496017	6720308	67.72
1994	15-19	0.00054	0.00271	2.9	99159	268	495230	6224291	62.77
1994	20-24	0.00063	0.00315	2.48	98890	312	493666	5729061	57.93
1994	25-29	0.00076	0.00381	2.74	98579	376	492041	5235395	53.11
1994	30-34	0.00129	0.00645	2.68	98203	634	489542	4743353	48.30
1994	35-39	0.00193	0.00962	2.61	97569	939	485597	4253812	43.60
1994	40-44	0.00248	0.01231	2.57	96630	1189	480265	3768214	39.00
1994	45-49	0.00305	0.01515	2.58	95441	1446	473701	3287949	34.45
1994	50-54	0.00487	0.02409	2.63	93994	2264	464609	2814248	29.94
1994	55-59	0.00801	0.03931	2.67	91730	3606	450241	2349639	25.61
1994	60-64	0.01317	0.06391	2.68	88123	5632	427553	1899399	21.55
1994	65-69	0.01974	0.09434	2.66	82492	7782	394223	1471846	17.84
1994	70-74	0.03035	0.14156	2.63	74710	10576	348496	1077622	14.42
1994	75-79	0.04537	0.20468	2.61	64133	13127	289319	729126	11.37
1994	80-84	0.07250	0.30742	2.53	51006	15680	216284	439807	8.62
1994	85-89	0.11913	0.45655	2.44	35326	16128	135378	223523	6.33
1994	90-94	0.18559	0.61661	2.28	19198	11838	63783	88145	4.59
1994	95-99	0.28000	0.77126	2.09	7360	5677	20274	24363	3.31
1994	100-104	0.39913	0.88170	1.83	1684	1484	3719	4089	2.43
1994	105-109	0.53286	0.94398	1.58	199	188	353	370	1.86
1994	110+	0.64321	1.00000	1.55	11	11	17	17	1.55
1995	0	0.00520	0.00518	0.06	100000	518	99515	7735040	77.35
1995	1-4	0.00024	0.00095	1.71	99482	94	397712	7635525	76.75
1995	5-9	0.00013	0.00065	2.11	99388	65	496752	7237813	72.82
1995	10-14	0.00018	0.00088	2.79	99323	88	496422	6741062	67.87
1995	15-19	0.00049	0.00243	2.75	99236	241	495635	6244639	62.93
1995	20-24	0.00066	0.00329	2.44	98994	325	494136	5749005	58.07
1995	25-29	0.00077	0.00382	2.78	98669	377	492505	5254868	53.26
1995	30-34	0.00139	0.00693	2.64	98291	682	489850	4762363	48.45
1995	35-39	0.00185	0.00920	2.59	97610	898	485886	4272513	43.77
1995	40-44	0.00238	0.01181	2.52	96712	1143	480727	3786627	39.15
1995	45-49	0.00331	0.01642	2.66	95569	1569	474172	3305900	34.59
1995	50-54	0.00474	0.02344	2.67	94000	2203	464861	2831729	30.12
1995	55-59	0.00748	0.03676	2.68	91797	3375	451152	2366867	25.78
1995	60-64	0.01248	0.06058	2.62	88423	5357	429382	1915715	21.67
1995	65-69	0.01899	0.09090	2.66	83066	7551	397659	1486332	17.89
1995	70-74	0.02914	0.13619	2.6	75515	10284	352915	1088673	14.42
1995	75-79	0.04564	0.20555	2.59	65231	13408	293817	735758	11.28
1995	80-84	0.07363	0.31193	2.55	51822	16165	219534	441941	8.53
1995	85-89	0.11963	0.45711	2.42	35658	16299	136250	222407	6.24
1995	90-94	0.19154	0.63008	2.29	19358	12197	63679	86157	4.45
1995	95-99	0.29734	0.79300	2.06	7161	5679	19098	22478	3.14
1995	100-104	0.42727	0.89968	1.78	1482	1334	3121	3380	2.28
1995	105-109	0.57001	0.95496	1.52	149	142	249	259	1.74
1995	110+	0.68505	1.00000	1.46	7	7	10	10	1.46
1996	0	0.00505	0.00503	0.06	100000	503	99529	7768972	77.69
1996	1-4	0.00024	0.00098	1.72	99497	97	397768	7669443	77.08
1996	5-9	0.00013	0.00066	2.16	99400	66	496814	7271675	73.16
1996	10-14	0.00015	0.00074	2.62	99334	73	496497	6774861	68.20
1996	15-19	0.00050	0.00249	2.94	99261	247	495797	6278364	63.25
1996	20-24	0.00063	0.00317	2.4	99014	314	494254	5782567	58.40
1996	25-29	0.00068	0.00341	2.7	98701	336	492728	5288313	53.58
1996	30-34	0.00111	0.00552	2.7	98364	543	490572	4795585	48.75
1996	35-39	0.00145	0.00725	2.62	97822	709	487424	4305013	44.01
1996	40-44	0.00216	0.01072	2.6	97113	1041	483069	3817589	39.31
1996	45-49	0.00305	0.01514	2.66	96072	1454	476952	3334521	34.71
1996	50-54	0.00466	0.02304	2.73	94617	2180	468138	2857568	30.20
1996	55-59	0.00750	0.03684	2.67	92437	3406	454232	2389431	25.85
1996	60-64	0.01185	0.05765	2.69	89031	5133	433295	1935199	21.74
1996	65-69	0.01843	0.08832	2.66	83899	7410	402175	1501904	17.90
1996	70-74	0.02946	0.13763	2.62	76488	10527	357338	1099728	14.38
1996	75-79	0.04541	0.20483	2.61	65961	13511	297543	742391	11.25
1996	80-84	0.07474	0.31561	2.54	52450	16554	221492	444848	8.48
1996	85-89	0.11979	0.45800	2.43	35897	16441	137251	223356	6.22
1996	90-94	0.19402	0.63779	2.31	19456	12409	63957	86105	4.43
1996	95-99	0.29708	0.79251	2.06	7047	5585	18799	22148	3.14
1996	100-104	0.42539	0.89844	1.79	1462	1314	3088	3349	2.29
1996	105-109	0.56636	0.95392	1.52	149	142	250	260	1.75
1996	110+	0.68025	1.00000	1.47	7	7	10	10	1.47
1997	0	0.00538	0.00535	0.06	100000	535	99499	7807481	78.07
1997	1-4	0.00021	0.00085	1.79	99465	85	397671	7707982	77.49
1997	5-9	0.00008	0.00040	2.55	99380	40	496802	7310311	73.56
1997	10-14	0.00017	0.00084	2.75	99340	83	496514	6813509	68.59
1997	15-19	0.00050	0.00251	2.73	99257	249	495719	6316995	63.64
1997	20-24	0.00060	0.00298	2.43	99008	295	494281	5821275	58.80
1997	25-29	0.00054	0.00270	2.73	98713	266	492961	5326994	53.96
1997	30-34	0.00088	0.00437	2.61	98447	430	491207	4834033	49.10
1997	35-39	0.00130	0.00650	2.72	98017	637	488633	4342826	44.31
1997	40-44	0.00191	0.00949	2.64	97380	925	484716	3854193	39.58
1997	45-49	0.00289	0.01433	2.62	96455	1382	478984	3369477	34.93
1997	50-54	0.00439	0.02174	2.66	95073	2067	470518	2890493	30.40
1997	55-59	0.00726	0.03570	2.7	93006	3320	457399	2419975	26.02
1997	60-64	0.01168	0.05688	2.69	89685	5101	436654	1962576	21.88
1997	65-69	0.01815	0.08705	2.66	84584	7363	405705	1525922	18.04
1997	70-74	0.02823	0.13224	2.61	77221	10212	361722	1120217	14.51
1997	75-79	0.04404	0.19929	2.62	67009	13354	303233	758495	11.32
1997	80-84	0.07487	0.31615	2.54	53655	16963	226575	455262	8.48
1997	85-89	0.12015	0.45955	2.44	36692	16862	140346	228687	6.23
1997	90-94	0.19194	0.63264	2.31	19830	12545	65361	88341	4.45
1997	95-99	0.29573	0.79100	2.06	7285	5762	19485	22980	3.15
1997	100-104	0.42427	0.89787	1.79	1523	1367	3222	3495	2.30
1997	105-109	0.56594	0.95386	1.53	155	148	262	273	1.75
1997	110+	0.68050	1.00000	1.47	7	7	11	11	1.47
1998	0	0.00533	0.00530	0.06	100000	530	99503	7816459	78.16
1998	1-4	0.00019	0.00076	1.35	99470	76	397678	7716956	77.58
1998	5-9	0.00006	0.00031	2.07	99394	31	496880	7319278	73.64
1998	10-14	0.00010	0.00049	2.97	99363	49	496718	6822398	68.66
1998	15-19	0.00051	0.00252	2.84	99315	251	496032	6325679	63.69
1998	20-24	0.00055	0.00275	2.55	99064	272	494653	5829647	58.85
1998	25-29	0.00056	0.00280	2.46	98792	277	493255	5334994	54.00
1998	30-34	0.00082	0.00409	2.63	98515	403	491622	4841739	49.15
1998	35-39	0.00135	0.00671	2.71	98113	658	489058	4350117	44.34
1998	40-44	0.00192	0.00958	2.67	97454	934	485097	3861059	39.62
1998	45-49	0.00274	0.01360	2.6	96521	1313	479459	3375962	34.98
1998	50-54	0.00438	0.02168	2.7	95208	2064	471296	2896504	30.42
1998	55-59	0.00706	0.03474	2.65	93143	3235	458126	2425208	26.04
1998	60-64	0.01160	0.05650	2.69	89908	5080	437816	1967082	21.88
1998	65-69	0.01846	0.08839	2.59	84829	7498	406066	1529267	18.03
1998	70-74	0.02825	0.13234	2.62	77331	10234	362285	1123201	14.52
1998	75-79	0.04366	0.19789	2.64	67097	13278	304093	760916	11.34
1998	80-84	0.07368	0.31243	2.57	53819	16815	228198	456822	8.49
1998	85-89	0.12029	0.46079	2.46	37004	17051	141749	228624	6.18
1998	90-94	0.19738	0.64259	2.29	19953	12822	64961	86875	4.35
1998	95-99	0.30455	0.80155	2.05	7131	5716	18769	21914	3.07
1998	100-104	0.43938	0.90662	1.76	1415	1283	2920	3144	2.22
1998	105-109	0.58593	0.95899	1.49	132	127	216	224	1.70
1998	110+	0.70258	1.00000	1.42	5	5	8	8	1.42
1999	0	0.00535	0.00532	0.06	100000	532	99502	7825390	78.25
1999	1-4	0.00020	0.00081	1.75	99468	80	397690	7725888	77.67
1999	5-9	0.00010	0.00048	2.56	99387	48	496820	7328198	73.73
1999	10-14	0.00014	0.00070	3.12	99339	69	496567	6831378	68.77
1999	15-19	0.00043	0.00214	2.88	99270	213	495900	6334811	63.81
1999	20-24	0.00060	0.00301	2.76	99058	298	494621	5838911	58.94
1999	25-29	0.00059	0.00297	2.56	98760	293	493083	5344290	54.11
1999	30-34	0.00086	0.00429	2.66	98466	423	491344	4851207	49.27
1999	35-39	0.00126	0.00629	2.57	98044	617	488720	4359863	44.47
1999	40-44	0.00199	0.00991	2.73	97427	965	484943	3871144	39.73
1999	45-49	0.00277	0.01374	2.69	96461	1326	479242	3386201	35.10
1999	50-54	0.00418	0.02071	2.7	95136	1970	471147	2906959	30.56
1999	55-59	0.00692	0.03405	2.67	93166	3172	458427	2435812	26.14
1999	60-64	0.01084	0.05285	2.68	89993	4756	438908	1977385	21.97
1999	65-69	0.01794	0.08607	2.65	85237	7336	408922	1538477	18.05
1999	70-74	0.02739	0.12854	2.61	77901	10014	365600	1129555	14.50
1999	75-79	0.04387	0.19852	2.61	67887	13477	307180	763955	11.25
1999	80-84	0.07525	0.31743	2.54	54410	17271	229509	456774	8.40
1999	85-89	0.12206	0.46466	2.43	37138	17257	141376	227265	6.12
1999	90-94	0.19915	0.64674	2.29	19882	12858	64565	85889	4.32
1999	95-99	0.30894	0.80625	2.04	7023	5663	18329	21324	3.04
1999	100-104	0.44393	0.90892	1.75	1361	1237	2786	2995	2.20
1999	105-109	0.58985	0.95985	1.49	124	119	202	209	1.68
1999	110+	0.70560	1.00000	1.42	5	5	7	7	1.42
2000	0	0.00480	0.00478	0.06	100000	478	99551	7821953	78.22
2000	1-4	0.00022	0.00089	1.52	99522	89	397866	7722401	77.60
2000	5-9	0.00012	0.00061	2.54	99433	61	497014	7324535	73.66
2000	10-14	0.00013	0.00067	2.83	99372	66	496716	6827520	68.71
2000	15-19	0.00040	0.00199	2.75	99306	198	496084	6330804	63.75
2000	20-24	0.00059	0.00296	2.51	99108	293	494809	5834721	58.87
2000	25-29	0.00059	0.00296	2.64	98815	293	493381	5339912	54.04
2000	30-34	0.00074	0.00368	2.61	98522	362	491743	4846530	49.19
2000	35-39	0.00135	0.00671	2.58	98160	659	489203	4354788	44.36
2000	40-44	0.00198	0.00985	2.65	97501	960	485248	3865585	39.65
2000	45-49	0.00289	0.01436	2.62	96540	1387	479398	3380337	35.01
2000	50-54	0.00432	0.02136	2.63	95154	2033	470951	2900939	30.49
2000	55-59	0.00702	0.03454	2.7	93121	3216	458210	2429988	26.09
2000	60-64	0.01109	0.05404	2.64	89905	4858	438044	1971778	21.93
2000	65-69	0.01750	0.08402	2.65	85047	7146	408440	1533733	18.03
2000	70-74	0.02816	0.13198	2.63	77901	10281	365096	1125294	14.45
2000	75-79	0.04479	0.20211	2.59	67620	13666	305125	760198	11.24
2000	80-84	0.07367	0.31221	2.56	53953	16845	228658	455073	8.43
2000	85-89	0.12234	0.46602	2.44	37108	17293	141351	226415	6.10
2000	90-94	0.19999	0.64955	2.3	19815	12871	64357	85064	4.29
2000	95-99	0.31526	0.81335	2.02	6944	5648	17916	20707	2.98
2000	100-104	0.45441	0.91439	1.73	1296	1185	2608	2791	2.15
2000	105-109	0.60306	0.96284	1.47	111	107	177	183	1.65
2000	110+	0.71950	1.00000	1.39	4	4	6	6	1.39
2001	0	0.00509	0.00507	0.06	100000	507	99525	7827257	78.27
2001	1-4	0.00019	0.00077	1.76	99493	77	397799	7727733	77.67
2001	5-9	0.00008	0.00040	2.29	99416	40	496971	7329933	73.73
2001	10-14	0.00017	0.00083	2.41	99376	83	496665	6832962	68.76
2001	15-19	0.00041	0.00206	3.07	99293	205	496071	6336297	63.81
2001	20-24	0.00065	0.00324	2.53	99089	321	494648	5840226	58.94
2001	25-29	0.00077	0.00384	2.54	98767	380	492901	5345578	54.12
2001	30-34	0.00089	0.00445	2.5	98388	438	490845	4852676	49.32
2001	35-39	0.00135	0.00672	2.67	97950	658	488219	4361831	44.53
2001	40-44	0.00209	0.01040	2.7	97292	1012	484135	3873612	39.81
2001	45-49	0.00301	0.01494	2.68	96280	1439	478060	3389477	35.20
2001	50-54	0.00433	0.02144	2.7	94841	2034	469520	2911417	30.70
2001	55-59	0.00692	0.03408	2.72	92807	3163	456829	2441898	26.31
2001	60-64	0.01043	0.05092	2.63	89645	4564	437428	1985068	22.14
2001	65-69	0.01706	0.08203	2.66	85081	6980	409095	1547641	18.19
2001	70-74	0.02721	0.12781	2.63	78101	9982	366852	1138545	14.58
2001	75-79	0.04280	0.19392	2.58	68119	13210	308613	771693	11.33
2001	80-84	0.07343	0.31148	2.57	54909	17103	232922	463081	8.43
2001	85-89	0.12327	0.46926	2.46	37806	17741	143919	230158	6.09
2001	90-94	0.19945	0.64903	2.31	20065	13023	65295	86239	4.30
2001	95-99	0.31604	0.81441	2.02	7042	5735	18147	20944	2.97
2001	100-104	0.45752	0.91610	1.73	1307	1197	2617	2796	2.14
2001	105-109	0.60861	0.96410	1.46	110	106	174	179	1.63
2001	110+	0.72642	1.00000	1.38	4	4	5	5	1.38
2002	0	0.00499	0.00497	0.06	100000	497	99534	7837230	78.37
2002	1-4	0.00023	0.00091	1.76	99503	90	397812	7737696	77.76
2002	5-9	0.00010	0.00052	2.37	99413	52	496930	7339884	73.83
2002	10-14	0.00012	0.00060	2.56	99361	59	496662	6842954	68.87
2002	15-19	0.00039	0.00195	3.11	99302	194	496144	6346291	63.91
2002	20-24	0.00070	0.00348	2.51	99108	345	494684	5850147	59.03
2002	25-29	0.00068	0.00338	2.65	98764	334	493034	5355463	54.23
2002	30-34	0.00093	0.00465	2.61	98430	457	491055	4862429	49.40
2002	35-39	0.00126	0.00630	2.71	97972	617	488449	4371374	44.62
2002	40-44	0.00210	0.01043	2.71	97355	1016	484455	3882926	39.88
2002	45-49	0.00307	0.01524	2.66	96340	1468	478265	3398471	35.28
2002	50-54	0.00436	0.02160	2.67	94872	2049	469585	2920206	30.78
2002	55-59	0.00677	0.03334	2.73	92823	3095	457096	2450621	26.40
2002	60-64	0.01071	0.05226	2.71	89728	4689	437903	1993525	22.22
2002	65-69	0.01654	0.07961	2.67	85039	6770	409390	1555622	18.29
2002	70-74	0.02661	0.12504	2.59	78269	9787	367760	1146231	14.64
2002	75-79	0.04160	0.18908	2.6	68482	12948	311282	778471	11.37
2002	80-84	0.07267	0.30881	2.57	55534	17150	235987	467189	8.41
2002	85-89	0.12499	0.47508	2.48	38384	18236	145898	231202	6.02
2002	90-94	0.20361	0.65694	2.3	20149	13237	65008	85304	4.23
2002	95-99	0.32075	0.81933	2.02	6912	5663	17657	20296	2.94
2002	100-104	0.46361	0.91896	1.72	1249	1148	2475	2639	2.11
2002	105-109	0.61481	0.96533	1.45	101	98	159	164	1.62
2002	110+	0.73191	1.00000	1.37	4	4	5	5	1.37
2003	0	0.00499	0.00496	0.06	100000	496	99535	7853254	78.53
2003	1-4	0.00017	0.00069	1.61	99504	69	397850	7753720	77.92
2003	5-9	0.00012	0.00058	2.49	99435	58	497028	7355870	73.98
2003	10-14	0.00011	0.00054	2.99	99377	54	496776	6858842	69.02
2003	15-19	0.00047	0.00235	2.77	99323	233	496094	6362066	64.05
2003	20-24	0.00066	0.00332	2.58	99090	329	494652	5865972	59.20
2003	25-29	0.00071	0.00354	2.63	98761	350	492978	5371320	54.39
2003	30-34	0.00093	0.00464	2.66	98411	457	490987	4878342	49.57
2003	35-39	0.00139	0.00691	2.66	97954	677	488187	4387356	44.79
2003	40-44	0.00204	0.01014	2.62	97277	986	484037	3899169	40.08
2003	45-49	0.00314	0.01558	2.66	96291	1500	477941	3415132	35.47
2003	50-54	0.00421	0.02083	2.56	94791	1975	469143	2937190	30.99
2003	55-59	0.00656	0.03229	2.67	92816	2997	457083	2468048	26.59
2003	60-64	0.01055	0.05146	2.65	89819	4622	438246	2010965	22.39
2003	65-69	0.01661	0.07992	2.65	85196	6809	409983	1572718	18.46
2003	70-74	0.02564	0.12083	2.63	78388	9472	369486	1162736	14.83
2003	75-79	0.04118	0.18737	2.6	68916	12913	313583	793250	11.51
2003	80-84	0.07061	0.30152	2.58	56003	16886	239130	479667	8.56
2003	85-89	0.11923	0.45854	2.48	39117	17937	150435	240537	6.15
2003	90-94	0.20280	0.65406	2.29	21180	13853	68312	90102	4.25
2003	95-99	0.31587	0.81451	2.03	7327	5968	18894	21790	2.97
2003	100-104	0.45938	0.91715	1.73	1359	1246	2713	2896	2.13
2003	105-109	0.61219	0.96489	1.45	113	109	177	183	1.62
2003	110+	0.73082	1.00000	1.37	4	4	5	5	1.37
2004	0	0.00499	0.00497	0.06	100000	497	99534	7902600	79.03
2004	1-4	0.00015	0.00059	1.49	99503	58	397867	7803065	78.42
2004	5-9	0.00009	0.00046	2.27	99445	45	497102	7405198	74.47
2004	10-14	0.00013	0.00065	2.8	99400	64	496857	6908096	69.50
2004	15-19	0.00043	0.00215	2.86	99335	214	496220	6411239	64.54
2004	20-24	0.00075	0.00375	2.63	99122	372	494727	5915020	59.67
2004	25-29	0.00069	0.00346	2.6	98750	341	492929	5420293	54.89
2004	30-34	0.00081	0.00405	2.73	98408	399	491136	4927364	50.07
2004	35-39	0.00126	0.00630	2.69	98009	617	488622	4436228	45.26
2004	40-44	0.00188	0.00937	2.76	97392	913	484916	3947606	40.53
2004	45-49	0.00297	0.01473	2.63	96480	1422	479031	3462690	35.89
2004	50-54	0.00418	0.02067	2.6	95058	1965	470577	2983659	31.39
2004	55-59	0.00619	0.03051	2.66	93093	2840	458827	2513082	27.00
2004	60-64	0.01000	0.04886	2.7	90252	4410	441134	2054254	22.76
2004	65-69	0.01526	0.07368	2.67	85842	6325	414494	1613120	18.79
2004	70-74	0.02515	0.11867	2.63	79517	9436	375193	1198626	15.07
2004	75-79	0.03911	0.17867	2.59	70081	12521	320178	823433	11.75
2004	80-84	0.06810	0.29284	2.61	57560	16856	247497	503254	8.74
2004	85-89	0.11737	0.45324	2.49	40704	18449	157181	255758	6.28
2004	90-94	0.19210	0.63446	2.32	22255	14120	73504	98576	4.43
2004	95-99	0.30311	0.80050	2.05	8135	6512	21485	25072	3.08
2004	100-104	0.44168	0.90817	1.76	1623	1474	3337	3587	2.21
2004	105-109	0.59172	0.96046	1.48	149	143	242	250	1.68
2004	110+	0.71028	1.00000	1.41	6	6	8	8	1.41
2005	0	0.00532	0.00529	0.06	100000	529	99504	7929440	79.29
2005	1-4	0.00015	0.00060	1.75	99471	59	397751	7829935	78.72
2005	5-9	0.00008	0.00040	2.01	99412	40	496940	7432184	74.76
2005	10-14	0.00009	0.00043	2.66	99372	43	496761	6935244	69.79
2005	15-19	0.00038	0.00188	2.91	99330	187	496256	6438483	64.82
2005	20-24	0.00074	0.00371	2.56	99142	368	494816	5942227	59.94
2005	25-29	0.00069	0.00345	2.41	98775	341	492991	5447411	55.15
2005	30-34	0.00091	0.00455	2.66	98434	448	491120	4954420	50.33
2005	35-39	0.00110	0.00547	2.72	97986	536	488708	4463300	45.55
2005	40-44	0.00190	0.00947	2.74	97451	923	485170	3974592	40.79
2005	45-49	0.00278	0.01380	2.66	96528	1332	479520	3489423	36.15
2005	50-54	0.00420	0.02078	2.65	95196	1978	471338	3009903	31.62
2005	55-59	0.00605	0.02981	2.63	93218	2778	459506	2538564	27.23
2005	60-64	0.00954	0.04668	2.67	90439	4221	442352	2079058	22.99
2005	65-69	0.01530	0.07388	2.67	86218	6370	416274	1636706	18.98
2005	70-74	0.02433	0.11502	2.63	79848	9184	377440	1220433	15.28
2005	75-79	0.03782	0.17355	2.63	70664	12264	324288	842993	11.93
2005	80-84	0.06424	0.27840	2.61	58401	16259	253102	518705	8.88
2005	85-89	0.11470	0.44558	2.5	42142	18778	163705	265603	6.30
2005	90-94	0.19520	0.63609	2.26	23364	14862	76136	101898	4.36
2005	95-99	0.30881	0.80741	2.05	8503	6865	22231	25761	3.03
2005	100-104	0.45360	0.91459	1.74	1638	1498	3302	3530	2.16
2005	105-109	0.60838	0.96420	1.46	140	135	222	229	1.63
2005	110+	0.72868	1.00000	1.37	5	5	7	7	1.37
2006	0	0.00497	0.00495	0.06	100000	495	99536	7956297	79.56
2006	1-4	0.00016	0.00065	1.55	99505	64	397863	7856761	78.96
2006	5-9	0.00008	0.00041	2.53	99441	41	497102	7458898	75.01
2006	10-14	0.00011	0.00055	2.82	99400	55	496878	6961796	70.04
2006	15-19	0.00034	0.00168	3	99345	167	496389	6464918	65.08
2006	20-24	0.00073	0.00363	2.67	99177	360	495049	5968529	60.18
2006	25-29	0.00068	0.00342	2.57	98818	338	493267	5473480	55.39
2006	30-34	0.00078	0.00389	2.47	98480	383	491432	4980213	50.57
2006	35-39	0.00105	0.00522	2.69	98097	512	489301	4488781	45.76
2006	40-44	0.00172	0.00859	2.69	97585	838	485991	3999480	40.98
2006	45-49	0.00283	0.01405	2.69	96747	1359	480600	3513489	36.32
2006	50-54	0.00423	0.02093	2.64	95388	1997	472236	3032889	31.80
2006	55-59	0.00610	0.03008	2.7	93391	2809	460488	2560653	27.42
2006	60-64	0.00955	0.04674	2.7	90582	4233	443163	2100166	23.19
2006	65-69	0.01466	0.07087	2.68	86349	6119	417517	1657003	19.19
2006	70-74	0.02343	0.11095	2.62	80230	8902	379971	1239486	15.45
2006	75-79	0.03754	0.17235	2.63	71328	12294	327443	859515	12.05
2006	80-84	0.06307	0.27362	2.58	59034	16153	256128	532072	9.01
2006	85-89	0.11056	0.43347	2.51	42881	18588	168129	275944	6.44
2006	90-94	0.19078	0.63125	2.32	24294	15335	80383	107815	4.44
2006	95-99	0.30474	0.80325	2.06	8958	7196	23612	27431	3.06
2006	100-104	0.45097	0.91354	1.74	1763	1610	3570	3819	2.17
2006	105-109	0.60821	0.96429	1.46	152	147	242	249	1.63
2006	110+	0.73049	1.00000	1.37	5	5	7	7	1.37
2007	0	0.00514	0.00512	0.06	100000	512	99520	7974983	79.75
2007	1-4	0.00016	0.00064	1.66	99488	64	397805	7875463	79.16
2007	5-9	0.00009	0.00047	2.67	99425	46	497016	7477658	75.21
2007	10-14	0.00012	0.00058	2.55	99378	57	496751	6980642	70.24
2007	15-19	0.00042	0.00209	2.91	99321	208	496172	6483890	65.28
2007	20-24	0.00069	0.00346	2.62	99114	343	494751	5987718	60.41
2007	25-29	0.00075	0.00373	2.43	98770	368	492906	5492967	55.61
2007	30-34	0.00076	0.00378	2.61	98402	372	491121	5000061	50.81
2007	35-39	0.00124	0.00617	2.65	98030	605	488730	4508940	46.00
2007	40-44	0.00171	0.00852	2.64	97425	830	485165	4020210	41.26
2007	45-49	0.00273	0.01358	2.63	96596	1312	479870	3535045	36.60
2007	50-54	0.00392	0.01944	2.63	95284	1852	472022	3055175	32.06
2007	55-59	0.00614	0.03025	2.63	93432	2826	460453	2583153	27.65
2007	60-64	0.00903	0.04424	2.72	90605	4009	443899	2122700	23.43
2007	65-69	0.01450	0.07011	2.66	86597	6071	418759	1678801	19.39
2007	70-74	0.02282	0.10830	2.66	80526	8721	382212	1260042	15.65
2007	75-79	0.03664	0.16849	2.62	71805	12098	330222	877830	12.23
2007	80-84	0.06089	0.26581	2.61	59707	15871	260637	547608	9.17
2007	85-89	0.10919	0.43046	2.54	43836	18869	172811	286971	6.55
2007	90-94	0.18329	0.61676	2.35	24967	15398	84011	114160	4.57
2007	95-99	0.29474	0.79169	2.08	9568	7575	25700	30149	3.15
2007	100-104	0.43685	0.90612	1.77	1993	1806	4134	4448	2.23
2007	105-109	0.59161	0.96067	1.49	187	180	304	314	1.68
2007	110+	0.71374	1.00000	1.4	7	7	10	10	1.40
2008	0	0.00529	0.00526	0.06	100000	526	99507	7998396	79.98
2008	1-4	0.00016	0.00063	1.52	99474	62	397742	7898888	79.41
2008	5-9	0.00008	0.00039	2.53	99412	39	496963	7501147	75.46
2008	10-14	0.00009	0.00046	2.44	99373	46	496747	7004184	70.48
2008	15-19	0.00033	0.00166	2.82	99327	165	496275	6507436	65.52
2008	20-24	0.00060	0.00297	2.75	99162	295	495147	6011161	60.62
2008	25-29	0.00073	0.00362	2.43	98867	358	493416	5516014	55.79
2008	30-34	0.00075	0.00376	2.57	98509	371	491645	5022598	50.99
2008	35-39	0.00113	0.00563	2.7	98139	552	489424	4530953	46.17
2008	40-44	0.00164	0.00816	2.78	97587	797	486164	4041529	41.41
2008	45-49	0.00268	0.01332	2.71	96790	1289	480992	3555365	36.73
2008	50-54	0.00396	0.01961	2.67	95501	1873	473149	3074373	32.19
2008	55-59	0.00554	0.02734	2.62	93628	2559	462061	2601223	27.78
2008	60-64	0.00866	0.04241	2.64	91069	3862	446238	2139162	23.49
2008	65-69	0.01362	0.06597	2.64	87207	5753	422432	1692924	19.41
2008	70-74	0.02238	0.10633	2.65	81453	8661	386915	1270492	15.60
2008	75-79	0.03732	0.17151	2.65	72792	12485	334561	883576	12.14
2008	80-84	0.06175	0.26881	2.59	60308	16212	262533	549015	9.10
2008	85-89	0.10884	0.42757	2.49	44096	18854	173220	286482	6.50
2008	90-94	0.18814	0.62480	2.31	25242	15771	83826	113262	4.49
2008	95-99	0.29935	0.79728	2.07	9471	7551	25224	29436	3.11
2008	100-104	0.44503	0.91065	1.76	1920	1748	3929	4211	2.19
2008	105-109	0.60298	0.96327	1.47	172	165	274	283	1.65
2008	110+	0.72651	1.00000	1.38	6	6	9	9	1.38
2009	0	0.00519	0.00517	0.06	100000	517	99516	8022982	80.23
2009	1-4	0.00015	0.00058	1.68	99483	58	397799	7923466	79.65
2009	5-9	0.00008	0.00040	1.98	99425	40	497005	7525668	75.69
2009	10-14	0.00011	0.00055	2.78	99385	55	496805	7028662	70.72
2009	15-19	0.00030	0.00151	3.11	99331	150	496369	6531857	65.76
2009	20-24	0.00066	0.00327	2.6	99181	325	495123	6035488	60.85
2009	25-29	0.00073	0.00366	2.48	98856	361	493370	5540364	56.04
2009	30-34	0.00086	0.00431	2.59	98495	425	491452	5046994	51.24
2009	35-39	0.00112	0.00557	2.62	98070	546	489051	4555542	46.45
2009	40-44	0.00175	0.00872	2.59	97524	851	485563	4066491	41.70
2009	45-49	0.00265	0.01317	2.71	96673	1273	480444	3580928	37.04
2009	50-54	0.00406	0.02009	2.67	95400	1916	472529	3100483	32.50
2009	55-59	0.00586	0.02888	2.6	93484	2700	460926	2627954	28.11
2009	60-64	0.00845	0.04144	2.67	90784	3762	445156	2167029	23.87
2009	65-69	0.01367	0.06620	2.64	87022	5761	421531	1721872	19.79
2009	70-74	0.02122	0.10104	2.64	81262	8210	386905	1300341	16.00
2009	75-79	0.03554	0.16381	2.62	73051	11966	336749	913436	12.50
2009	80-84	0.05810	0.25502	2.6	61085	15578	268101	576687	9.44
2009	85-89	0.10189	0.40652	2.52	45507	18500	181573	308586	6.78
2009	90-94	0.17777	0.60288	2.33	27007	16282	91593	127013	4.70
2009	95-99	0.27868	0.77202	2.11	10725	8280	29712	35420	3.30
2009	100-104	0.41591	0.89419	1.81	2445	2186	5257	5708	2.33
2009	105-109	0.56879	0.95522	1.52	259	247	434	451	1.74
2009	110+	0.69186	1.00000	1.45	12	12	17	17	1.45
2010	0	0.00447	0.00445	0.06	100000	445	99582	8052311	80.52
2010	1-4	0.00017	0.00068	1.61	99555	68	398060	7952729	79.88
2010	5-9	0.00007	0.00036	2.66	99488	36	497354	7554669	75.94
2010	10-14	0.00009	0.00043	2.85	99452	43	497166	7057316	70.96
2010	15-19	0.00031	0.00153	2.88	99409	152	496722	6560150	65.99
2010	20-24	0.00066	0.00331	2.72	99257	329	495534	6063428	61.09
2010	25-29	0.00072	0.00361	2.66	98928	357	493804	5567894	56.28
2010	30-34	0.00085	0.00422	2.51	98571	416	491816	5074090	51.48
2010	35-39	0.00095	0.00474	2.75	98154	465	489726	4582274	46.68
2010	40-44	0.00163	0.00810	2.68	97689	792	486608	4092548	41.89
2010	45-49	0.00244	0.01213	2.66	96898	1175	481738	3605940	37.21
2010	50-54	0.00391	0.01938	2.68	95723	1855	474303	3124202	32.64
2010	55-59	0.00575	0.02839	2.66	93868	2665	463103	2649898	28.23
2010	60-64	0.00852	0.04178	2.7	91202	3810	447245	2186796	23.98
2010	65-69	0.01341	0.06504	2.71	87392	5684	423962	1739551	19.91
2010	70-74	0.02060	0.09821	2.63	81708	8024	389536	1315588	16.10
2010	75-79	0.03427	0.15833	2.6	73684	11666	340417	926052	12.57
2010	80-84	0.05784	0.25423	2.62	62018	15767	272603	585635	9.44
2010	85-89	0.10154	0.40554	2.52	46251	18756	184726	313031	6.77
2010	90-94	0.17845	0.60441	2.33	27494	16618	93125	128305	4.67
2010	95-99	0.28522	0.78082	2.1	10876	8493	29775	35180	3.23
2010	100-104	0.42925	0.90245	1.79	2384	2151	5012	5404	2.27
2010	105-109	0.58843	0.96021	1.49	233	223	380	392	1.69
2010	110+	0.71460	1.00000	1.4	9	9	13	13	1.40
2011	0	0.00427	0.00425	0.06	100000	425	99601	8054618	80.55
2011	1-4	0.00014	0.00054	1.84	99575	54	398183	7955018	79.89
2011	5-9	0.00010	0.00052	2.4	99521	52	497469	7556835	75.93
2011	10-14	0.00009	0.00045	2.73	99469	44	497243	7059366	70.97
2011	15-19	0.00029	0.00146	2.86	99425	145	496812	6562123	66.00
2011	20-24	0.00071	0.00355	2.63	99279	352	495563	6065311	61.09
2011	25-29	0.00077	0.00382	2.62	98927	378	493735	5569748	56.30
2011	30-34	0.00086	0.00429	2.41	98549	422	491652	5076012	51.51
2011	35-39	0.00106	0.00529	2.58	98127	520	489375	4584360	46.72
2011	40-44	0.00162	0.00805	2.69	97607	786	486216	4094984	41.95
2011	45-49	0.00250	0.01243	2.71	96821	1204	481351	3608768	37.27
2011	50-54	0.00386	0.01910	2.58	95617	1826	473666	3127417	32.71
2011	55-59	0.00564	0.02782	2.69	93791	2609	462928	2653751	28.29
2011	60-64	0.00821	0.04027	2.7	91182	3672	447473	2190823	24.03
2011	65-69	0.01288	0.06254	2.68	87511	5473	424834	1743350	19.92
2011	70-74	0.02061	0.09819	2.61	82038	8055	390900	1318516	16.07
2011	75-79	0.03415	0.15801	2.64	73983	11690	342332	927616	12.54
2011	80-84	0.05819	0.25531	2.6	62293	15904	273292	585284	9.40
2011	85-89	0.10235	0.40866	2.54	46389	18957	185215	311993	6.73
2011	90-94	0.18046	0.60905	2.33	27431	16707	92578	126778	4.62
2011	95-99	0.29021	0.78679	2.09	10724	8438	29075	34199	3.19
2011	100-104	0.43472	0.90532	1.78	2286	2070	4762	5124	2.24
2011	105-109	0.59283	0.96111	1.48	216	208	351	363	1.68
2011	110+	0.71747	1.00000	1.39	8	8	12	12	1.39
2012	0	0.00422	0.00420	0.06	100000	420	99605	8085707	80.86
2012	1-4	0.00015	0.00059	1.68	99580	58	398184	7986102	80.20
2012	5-9	0.00007	0.00037	2.84	99521	36	497529	7587918	76.24
2012	10-14	0.00007	0.00035	2.55	99485	35	497341	7090389	71.27
2012	15-19	0.00029	0.00144	2.94	99450	144	496957	6593048	66.29
2012	20-24	0.00058	0.00291	2.66	99307	289	495858	6096091	61.39
2012	25-29	0.00070	0.00350	2.62	99018	346	494263	5600233	56.56
2012	30-34	0.00089	0.00443	2.59	98671	437	492304	5105970	51.75
2012	35-39	0.00110	0.00549	2.67	98234	539	489916	4613667	46.97
2012	40-44	0.00161	0.00804	2.69	97695	785	486665	4123751	42.21
2012	45-49	0.00243	0.01210	2.6	96910	1173	481731	3637086	37.53
2012	50-54	0.00381	0.01889	2.58	95737	1809	474314	3155355	32.96
2012	55-59	0.00549	0.02709	2.67	93928	2544	463710	2681042	28.54
2012	60-64	0.00800	0.03926	2.6	91384	3588	448318	2217332	24.26
2012	65-69	0.01282	0.06228	2.69	87797	5468	426367	1769014	20.15
2012	70-74	0.01980	0.09456	2.64	82329	7785	393234	1342648	16.31
2012	75-79	0.03305	0.15344	2.67	74544	11438	346057	949414	12.74
2012	80-84	0.05753	0.25267	2.59	63106	15945	277171	603357	9.56
2012	85-89	0.09876	0.39778	2.56	47161	18760	189961	326185	6.92
2012	90-94	0.17146	0.59086	2.37	28401	16781	97874	136224	4.80
2012	95-99	0.27866	0.77228	2.11	11620	8974	32204	38350	3.30
2012	100-104	0.41814	0.89576	1.81	2646	2370	5669	6146	2.32
2012	105-109	0.57346	0.95651	1.52	276	264	460	477	1.73
2012	110+	0.69801	1.00000	1.43	12	12	17	17	1.43
2013	0	0.00411	0.00409	0.06	100000	409	99615	8074259	80.74
2013	1-4	0.00015	0.00059	1.57	99591	58	398220	7974644	80.07
2013	5-9	0.00008	0.00042	2.32	99532	42	497549	7576424	76.12
2013	10-14	0.00010	0.00051	2.74	99490	51	497336	7078875	71.15
2013	15-19	0.00027	0.00133	2.89	99439	132	496918	6581539	66.19
2013	20-24	0.00067	0.00334	2.85	99307	332	495823	6084620	61.27
2013	25-29	0.00073	0.00365	2.49	98975	362	493967	5588798	56.47
2013	30-34	0.00098	0.00487	2.52	98613	481	491875	5094831	51.66
2013	35-39	0.00115	0.00571	2.53	98133	561	489278	4602955	46.91
2013	40-44	0.00168	0.00838	2.68	97572	817	485963	4113678	42.16
2013	45-49	0.00247	0.01227	2.68	96755	1187	481023	3627715	37.49
2013	50-54	0.00378	0.01871	2.59	95568	1788	473535	3146692	32.93
2013	55-59	0.00559	0.02760	2.63	93780	2588	462768	2673158	28.50
2013	60-64	0.00820	0.04021	2.65	91192	3667	447355	2210390	24.24
2013	65-69	0.01226	0.05960	2.69	87525	5216	425570	1763035	20.14
2013	70-74	0.02033	0.09703	2.67	82309	7987	392902	1337465	16.25
2013	75-79	0.03327	0.15429	2.65	74322	11467	344664	944563	12.71
2013	80-84	0.05701	0.25081	2.61	62855	15765	276521	599898	9.54
2013	85-89	0.10003	0.40149	2.54	47091	18906	189004	323377	6.87
2013	90-94	0.17266	0.59341	2.37	28184	16725	96865	134374	4.77
2013	95-99	0.28144	0.77584	2.11	11459	8891	31589	37509	3.27
2013	100-104	0.42178	0.89788	1.8	2569	2306	5468	5919	2.30
2013	105-109	0.57710	0.95737	1.51	262	251	435	451	1.72
2013	110+	0.70111	1.00000	1.43	11	11	16	16	1.43
2014	0	0.00435	0.00433	0.06	100000	433	99593	8064886	80.65
2014	1-4	0.00020	0.00078	1.63	99567	78	398084	7965293	80.00
2014	5-9	0.00008	0.00042	2.64	99489	42	497347	7567209	76.06
2014	10-14	0.00010	0.00050	2.35	99447	50	497103	7069862	71.09
2014	15-19	0.00028	0.00140	2.78	99397	139	496677	6572759	66.13
2014	20-24	0.00064	0.00320	2.89	99258	318	495618	6076082	61.22
2014	25-29	0.00103	0.00511	2.54	98940	506	493455	5580464	56.40
2014	30-34	0.00114	0.00567	2.6	98434	558	490829	5087009	51.68
2014	35-39	0.00129	0.00641	2.51	97876	628	487815	4596180	46.96
2014	40-44	0.00163	0.00813	2.64	97248	790	484374	4108365	42.25
2014	45-49	0.00258	0.01284	2.74	96457	1238	479482	3623992	37.57
2014	50-54	0.00388	0.01924	2.63	95219	1832	471753	3144509	33.02
2014	55-59	0.00583	0.02876	2.67	93387	2685	460679	2672756	28.62
2014	60-64	0.00796	0.03905	2.63	90701	3542	445119	2212077	24.39
2014	65-69	0.01242	0.06031	2.63	87159	5256	423335	1766958	20.27
2014	70-74	0.02001	0.09549	2.62	81903	7821	390930	1343623	16.41
2014	75-79	0.03201	0.14876	2.63	74082	11020	344256	952693	12.86
2014	80-84	0.05595	0.24673	2.61	63061	15559	278093	608437	9.65
2014	85-89	0.09759	0.39341	2.54	47502	18688	191496	330344	6.95
2014	90-94	0.17030	0.58919	2.39	28814	16977	99690	138848	4.82
2014	95-99	0.27769	0.77127	2.12	11837	9130	32878	39159	3.31
2014	100-104	0.41862	0.89621	1.81	2707	2426	5796	6281	2.32
2014	105-109	0.57565	0.95713	1.51	281	269	467	484	1.72
2014	110+	0.70137	1.00000	1.43	12	12	17	17	1.43
2015	0	0.00428	0.00426	0.06	100000	426	99600	8031360	80.31
2015	1-4	0.00017	0.00067	1.68	99574	67	398141	7931761	79.66
2015	5-9	0.00009	0.00045	2.45	99507	45	497420	7533620	75.71
2015	10-14	0.00009	0.00045	2.75	99462	45	497209	7036199	70.74
2015	15-19	0.00030	0.00149	3	99417	148	496788	6538991	65.77
2015	20-24	0.00077	0.00385	2.8	99269	382	495503	6042203	60.87
2015	25-29	0.00111	0.00552	2.61	98886	546	493125	5546700	56.09
2015	30-34	0.00133	0.00662	2.59	98341	651	490136	5053575	51.39
2015	35-39	0.00148	0.00737	2.53	97690	720	486668	4563439	46.71
2015	40-44	0.00170	0.00848	2.63	96970	822	482897	4076771	42.04
2015	45-49	0.00255	0.01269	2.7	96148	1220	477936	3593874	37.38
2015	50-54	0.00390	0.01933	2.64	94928	1835	470308	3115938	32.82
2015	55-59	0.00580	0.02862	2.6	93093	2664	459077	2645629	28.42
2015	60-64	0.00812	0.03982	2.65	90429	3601	443693	2186552	24.18
2015	65-69	0.01221	0.05937	2.68	86828	5155	422197	1742859	20.07
2015	70-74	0.02005	0.09575	2.65	81673	7821	389965	1320661	16.17
2015	75-79	0.03380	0.15653	2.65	73852	11560	342057	930696	12.60
2015	80-84	0.05736	0.25212	2.6	62292	15705	273799	588639	9.45
2015	85-89	0.10084	0.40349	2.52	46587	18797	186405	314839	6.76
2015	90-94	0.18068	0.61032	2.34	27790	16961	93874	128435	4.62
2015	95-99	0.28979	0.78648	2.09	10829	8517	29390	34560	3.19
2015	100-104	0.43570	0.90600	1.78	2312	2095	4808	5171	2.24
2015	105-109	0.59546	0.96176	1.48	217	209	351	363	1.67
2015	110+	0.72109	1.00000	1.39	8	8	12	12	1.39
2016	0	0.00388	0.00387	0.06	100000	387	99636	8049495	80.49
2016	1-4	0.00014	0.00056	1.71	99613	56	398324	7949859	79.81
2016	5-9	0.00009	0.00044	2.88	99557	44	497691	7551536	75.85
2016	10-14	0.00011	0.00053	2.86	99513	53	497451	7053845	70.88
2016	15-19	0.00030	0.00149	2.91	99460	148	496990	6556394	65.92
2016	20-24	0.00079	0.00394	2.9	99312	392	495738	6059404	61.01
2016	25-29	0.00123	0.00611	2.62	98920	605	493162	5563666	56.24
2016	30-34	0.00143	0.00713	2.65	98315	701	489928	5070504	51.57
2016	35-39	0.00162	0.00807	2.53	97615	788	486126	4580576	46.93
2016	40-44	0.00192	0.00958	2.67	96827	927	481970	4094450	42.29
2016	45-49	0.00254	0.01265	2.7	95899	1213	476711	3612481	37.67
2016	50-54	0.00389	0.01928	2.64	94686	1826	469117	3135769	33.12
2016	55-59	0.00572	0.02820	2.6	92860	2619	458025	2666652	28.72
2016	60-64	0.00791	0.03881	2.65	90242	3503	442964	2208627	24.47
2016	65-69	0.01227	0.05964	2.66	86739	5173	421614	1765663	20.36
2016	70-74	0.01956	0.09358	2.7	81566	7633	390289	1344049	16.48
2016	75-79	0.03234	0.15015	2.62	73933	11101	343206	953760	12.90
2016	80-84	0.05527	0.24404	2.6	62832	15333	277420	610553	9.72
2016	85-89	0.09645	0.39035	2.56	47499	18541	192241	333134	7.01
2016	90-94	0.16780	0.58163	2.36	28958	16843	100376	140893	4.87
2016	95-99	0.27406	0.76656	2.13	12115	9287	33886	40517	3.34
2016	100-104	0.41373	0.89326	1.82	2828	2526	6106	6631	2.34
2016	105-109	0.57016	0.95576	1.52	302	289	506	525	1.74
2016	110+	0.69598	1.00000	1.44	13	13	19	19	1.44
2017	0	0.00368	0.00366	0.06	100000	366	99655	8037355	80.37
2017	1-4	0.00016	0.00063	1.8	99634	63	398396	7937700	79.67
2017	5-9	0.00009	0.00044	2.25	99570	44	497731	7539305	75.72
2017	10-14	0.00011	0.00055	2.74	99526	55	497507	7041574	70.75
2017	15-19	0.00033	0.00162	2.7	99472	162	496987	6544067	65.79
2017	20-24	0.00071	0.00355	2.86	99310	353	495793	6047080	60.89
2017	25-29	0.00120	0.00599	2.6	98957	593	493363	5551286	56.10
2017	30-34	0.00142	0.00709	2.59	98364	698	490143	5057923	51.42
2017	35-39	0.00174	0.00868	2.6	97667	848	486300	4567780	46.77
2017	40-44	0.00188	0.00936	2.59	96819	906	481906	4081480	42.16
2017	45-49	0.00261	0.01297	2.65	95912	1244	476642	3599574	37.53
2017	50-54	0.00403	0.01998	2.64	94668	1892	468874	3122932	32.99
2017	55-59	0.00558	0.02756	2.69	92776	2557	457979	2654059	28.61
2017	60-64	0.00827	0.04055	2.66	90220	3658	442528	2196080	24.34
2017	65-69	0.01201	0.05836	2.62	86561	5052	420766	1753552	20.26
2017	70-74	0.01994	0.09528	2.67	81510	7766	389444	1332787	16.35
2017	75-79	0.03213	0.14940	2.65	73744	11017	342861	943343	12.79
2017	80-84	0.05702	0.25072	2.6	62726	15727	275827	600482	9.57
2017	85-89	0.09865	0.39695	2.54	46999	18657	189122	324655	6.91
2017	90-94	0.17248	0.59288	2.36	28343	16804	97423	135533	4.78
2017	95-99	0.27829	0.77196	2.12	11539	8908	32009	38110	3.30
2017	100-104	0.41886	0.89631	1.81	2631	2358	5631	6101	2.32
2017	105-109	0.57550	0.95708	1.51	273	261	454	470	1.72
2017	110+	0.70099	1.00000	1.43	12	12	17	17	1.43
