MA: Massachusetts, Lifetables (period 1x5), Both sexes Last modified: 3 Dec 2019, MPv5 (May07) 

Year     	Age	mx	qx	ax	lx	dx	Lx	Tx	ex
1960-1964	0	0.02132	0.02092	0.11	100000	2092	98133	7123191	71.23
1960-1964	1	0.00106	0.00105	0.5	97908	103	97856	7025058	71.75
1960-1964	2	0.00074	0.00074	0.5	97805	73	97768	6927201	70.83
1960-1964	3	0.00059	0.00059	0.5	97732	57	97703	6829433	69.88
1960-1964	4	0.00052	0.00052	0.5	97674	50	97649	6731730	68.92
1960-1964	5	0.00048	0.00048	0.5	97624	46	97601	6634081	67.96
1960-1964	6	0.00047	0.00047	0.5	97578	46	97555	6536480	66.99
1960-1964	7	0.00045	0.00045	0.5	97532	44	97510	6438926	66.02
1960-1964	8	0.00032	0.00032	0.5	97488	31	97472	6341416	65.05
1960-1964	9	0.00029	0.00029	0.5	97457	28	97443	6243943	64.07
1960-1964	10	0.00034	0.00034	0.5	97429	33	97412	6146501	63.09
1960-1964	11	0.00028	0.00028	0.5	97396	27	97382	6049089	62.11
1960-1964	12	0.00033	0.00033	0.5	97368	32	97352	5951706	61.13
1960-1964	13	0.00033	0.00033	0.5	97336	32	97320	5854354	60.15
1960-1964	14	0.00038	0.00038	0.5	97304	37	97286	5757034	59.17
1960-1964	15	0.00039	0.00039	0.5	97267	38	97248	5659749	58.19
1960-1964	16	0.00058	0.00058	0.5	97229	56	97201	5562501	57.21
1960-1964	17	0.00068	0.00068	0.5	97173	66	97140	5465300	56.24
1960-1964	18	0.00067	0.00067	0.5	97107	65	97075	5368160	55.28
1960-1964	19	0.00076	0.00076	0.5	97042	74	97005	5271085	54.32
1960-1964	20	0.00079	0.00079	0.5	96969	77	96930	5174079	53.36
1960-1964	21	0.00083	0.00083	0.5	96892	81	96851	5077149	52.40
1960-1964	22	0.00086	0.00086	0.5	96811	83	96769	4980298	51.44
1960-1964	23	0.00084	0.00083	0.5	96727	81	96687	4883529	50.49
1960-1964	24	0.00083	0.00083	0.5	96647	80	96607	4786842	49.53
1960-1964	25	0.00083	0.00083	0.5	96567	81	96526	4690236	48.57
1960-1964	26	0.00075	0.00075	0.5	96486	72	96450	4593709	47.61
1960-1964	27	0.00081	0.00081	0.5	96414	78	96375	4497259	46.65
1960-1964	28	0.00098	0.00098	0.5	96336	95	96289	4400884	45.68
1960-1964	29	0.00097	0.00097	0.5	96241	94	96195	4304595	44.73
1960-1964	30	0.00104	0.00104	0.5	96148	100	96098	4208401	43.77
1960-1964	31	0.00124	0.00123	0.5	96048	119	95989	4112303	42.82
1960-1964	32	0.00113	0.00112	0.5	95929	108	95876	4016314	41.87
1960-1964	33	0.00115	0.00115	0.5	95822	110	95766	3920438	40.91
1960-1964	34	0.00143	0.00143	0.5	95711	137	95643	3824672	39.96
1960-1964	35	0.00150	0.00150	0.5	95575	143	95503	3729029	39.02
1960-1964	36	0.00169	0.00169	0.5	95431	161	95351	3633526	38.07
1960-1964	37	0.00185	0.00185	0.5	95270	176	95182	3538176	37.14
1960-1964	38	0.00218	0.00218	0.5	95094	208	94990	3442994	36.21
1960-1964	39	0.00239	0.00239	0.5	94886	226	94773	3348004	35.28
1960-1964	40	0.00244	0.00243	0.5	94660	230	94545	3253230	34.37
1960-1964	41	0.00277	0.00277	0.5	94430	261	94299	3158686	33.45
1960-1964	42	0.00308	0.00307	0.5	94168	289	94024	3064387	32.54
1960-1964	43	0.00366	0.00365	0.5	93879	343	93708	2970363	31.64
1960-1964	44	0.00362	0.00361	0.5	93536	338	93367	2876656	30.75
1960-1964	45	0.00407	0.00406	0.5	93198	379	93009	2783288	29.86
1960-1964	46	0.00481	0.00480	0.5	92819	446	92597	2690280	28.98
1960-1964	47	0.00533	0.00532	0.5	92374	491	92128	2597683	28.12
1960-1964	48	0.00580	0.00578	0.5	91882	531	91617	2505555	27.27
1960-1964	49	0.00638	0.00636	0.5	91351	581	91061	2413938	26.42
1960-1964	50	0.00729	0.00727	0.5	90770	659	90440	2322877	25.59
1960-1964	51	0.00750	0.00747	0.5	90111	674	89774	2232437	24.77
1960-1964	52	0.00851	0.00847	0.5	89437	758	89058	2142663	23.96
1960-1964	53	0.00950	0.00945	0.5	88679	838	88260	2053604	23.16
1960-1964	54	0.01068	0.01063	0.5	87841	934	87374	1965344	22.37
1960-1964	55	0.01083	0.01077	0.5	86908	936	86440	1877970	21.61
1960-1964	56	0.01184	0.01177	0.5	85971	1012	85466	1791530	20.84
1960-1964	57	0.01310	0.01301	0.5	84960	1106	84407	1706065	20.08
1960-1964	58	0.01480	0.01469	0.5	83854	1232	83238	1621658	19.34
1960-1964	59	0.01625	0.01612	0.5	82622	1332	81956	1538419	18.62
1960-1964	60	0.01715	0.01700	0.5	81291	1382	80600	1456463	17.92
1960-1964	61	0.01778	0.01762	0.5	79909	1408	79204	1375863	17.22
1960-1964	62	0.02061	0.02040	0.5	78500	1601	77700	1296659	16.52
1960-1964	63	0.02192	0.02168	0.5	76899	1667	76066	1218959	15.85
1960-1964	64	0.02418	0.02389	0.5	75232	1797	74333	1142894	15.19
1960-1964	65	0.02718	0.02681	0.5	73435	1969	72450	1068560	14.55
1960-1964	66	0.02812	0.02773	0.5	71466	1982	70475	996110	13.94
1960-1964	67	0.03163	0.03114	0.5	69484	2164	68402	925635	13.32
1960-1964	68	0.03385	0.03329	0.5	67320	2241	66200	857233	12.73
1960-1964	69	0.03629	0.03565	0.5	65079	2320	63919	791034	12.15
1960-1964	70	0.04055	0.03974	0.5	62759	2494	61512	727114	11.59
1960-1964	71	0.04059	0.03978	0.5	60265	2398	59066	665602	11.04
1960-1964	72	0.04818	0.04705	0.5	57867	2723	56506	606536	10.48
1960-1964	73	0.05124	0.04996	0.5	55145	2755	53767	550030	9.97
1960-1964	74	0.05403	0.05261	0.5	52390	2756	51012	496262	9.47
1960-1964	75	0.05996	0.05822	0.5	49634	2889	48189	445251	8.97
1960-1964	76	0.06391	0.06193	0.5	46744	2895	45297	397062	8.49
1960-1964	77	0.06734	0.06514	0.5	43849	2856	42421	351765	8.02
1960-1964	78	0.07694	0.07409	0.5	40993	3037	39474	309344	7.55
1960-1964	79	0.08277	0.07948	0.5	37956	3017	36447	269870	7.11
1960-1964	80	0.09752	0.09299	0.5	34939	3249	33315	233423	6.68
1960-1964	81	0.09714	0.09264	0.5	31690	2936	30222	200108	6.31
1960-1964	82	0.11236	0.10638	0.5	28754	3059	27225	169886	5.91
1960-1964	83	0.12332	0.11616	0.5	25695	2985	24203	142661	5.55
1960-1964	84	0.13770	0.12883	0.5	22711	2926	21248	118458	5.22
1960-1964	85	0.15019	0.13970	0.5	19785	2764	18403	97211	4.91
1960-1964	86	0.16131	0.14927	0.5	17021	2541	15750	78808	4.63
1960-1964	87	0.17346	0.15962	0.5	14480	2311	13324	63058	4.35
1960-1964	88	0.18837	0.17216	0.5	12169	2095	11121	49733	4.09
1960-1964	89	0.20604	0.18680	0.5	10074	1882	9133	38612	3.83
1960-1964	90	0.22951	0.20588	0.5	8192	1687	7349	29479	3.60
1960-1964	91	0.23675	0.21169	0.5	6505	1377	5817	22130	3.40
1960-1964	92	0.26555	0.23443	0.5	5128	1202	4527	16313	3.18
1960-1964	93	0.28362	0.24839	0.5	3926	975	3438	11786	3.00
1960-1964	94	0.30591	0.26533	0.5	2951	783	2559	8348	2.83
1960-1964	95	0.32858	0.28221	0.5	2168	612	1862	5788	2.67
1960-1964	96	0.35211	0.29940	0.5	1556	466	1323	3926	2.52
1960-1964	97	0.37641	0.31679	0.5	1090	345	918	2603	2.39
1960-1964	98	0.40139	0.33430	0.5	745	249	620	1686	2.26
1960-1964	99	0.42693	0.35183	0.5	496	174	409	1065	2.15
1960-1964	100	0.45290	0.36928	0.5	321	119	262	657	2.04
1960-1964	101	0.47917	0.38656	0.5	203	78	164	395	1.95
1960-1964	102	0.50559	0.40357	0.5	124	50	99	231	1.86
1960-1964	103	0.53201	0.42022	0.5	74	31	59	132	1.78
1960-1964	104	0.55828	0.43645	0.5	43	19	34	73	1.71
1960-1964	105	0.58426	0.45217	0.5	24	11	19	40	1.64
1960-1964	106	0.60982	0.46733	0.5	13	6	10	21	1.58
1960-1964	107	0.63481	0.48186	0.5	7	3	5	11	1.53
1960-1964	108	0.65912	0.49575	0.5	4	2	3	5	1.48
1960-1964	109	0.68265	0.50894	0.5	2	1	1	3	1.44
1960-1964	110+	0.70531	1.00000	1.42	1	1	1	1	1.42
1965-1969	0	0.02040	0.02004	0.1	100000	2004	98207	7118376	71.18
1965-1969	1	0.00109	0.00109	0.5	97996	106	97943	7020169	71.64
1965-1969	2	0.00075	0.00075	0.5	97890	73	97853	6922226	70.71
1965-1969	3	0.00057	0.00057	0.5	97817	56	97789	6824373	69.77
1965-1969	4	0.00049	0.00049	0.5	97761	48	97737	6726584	68.81
1965-1969	5	0.00046	0.00046	0.5	97713	45	97691	6628846	67.84
1965-1969	6	0.00039	0.00039	0.5	97668	38	97649	6531156	66.87
1965-1969	7	0.00039	0.00039	0.5	97630	38	97611	6433507	65.90
1965-1969	8	0.00029	0.00029	0.5	97591	29	97577	6335897	64.92
1965-1969	9	0.00031	0.00031	0.5	97563	30	97548	6238320	63.94
1965-1969	10	0.00030	0.00030	0.5	97533	29	97518	6140772	62.96
1965-1969	11	0.00030	0.00030	0.5	97504	30	97489	6043253	61.98
1965-1969	12	0.00028	0.00028	0.5	97474	27	97461	5945764	61.00
1965-1969	13	0.00033	0.00033	0.5	97447	32	97431	5848304	60.02
1965-1969	14	0.00035	0.00035	0.5	97415	34	97398	5750873	59.03
1965-1969	15	0.00048	0.00048	0.5	97381	46	97358	5653474	58.05
1965-1969	16	0.00068	0.00068	0.5	97335	66	97302	5556116	57.08
1965-1969	17	0.00079	0.00079	0.5	97269	77	97231	5458814	56.12
1965-1969	18	0.00089	0.00089	0.5	97193	86	97149	5361583	55.16
1965-1969	19	0.00089	0.00089	0.5	97106	87	97063	5264433	54.21
1965-1969	20	0.00089	0.00089	0.5	97019	86	96976	5167371	53.26
1965-1969	21	0.00102	0.00102	0.5	96933	99	96884	5070395	52.31
1965-1969	22	0.00102	0.00102	0.5	96835	98	96785	4973511	51.36
1965-1969	23	0.00098	0.00098	0.5	96736	95	96688	4876725	50.41
1965-1969	24	0.00097	0.00097	0.5	96641	94	96594	4780037	49.46
1965-1969	25	0.00086	0.00086	0.5	96547	83	96506	4683443	48.51
1965-1969	26	0.00092	0.00092	0.5	96464	89	96420	4586937	47.55
1965-1969	27	0.00094	0.00094	0.5	96376	91	96330	4490517	46.59
1965-1969	28	0.00100	0.00100	0.5	96285	96	96237	4394187	45.64
1965-1969	29	0.00096	0.00096	0.5	96189	92	96143	4297950	44.68
1965-1969	30	0.00112	0.00112	0.5	96097	107	96043	4201807	43.72
1965-1969	31	0.00123	0.00123	0.5	95990	118	95930	4105763	42.77
1965-1969	32	0.00123	0.00123	0.5	95871	118	95812	4009833	41.83
1965-1969	33	0.00136	0.00135	0.5	95753	130	95688	3914021	40.88
1965-1969	34	0.00158	0.00158	0.5	95623	151	95547	3818333	39.93
1965-1969	35	0.00175	0.00175	0.5	95472	167	95388	3722786	38.99
1965-1969	36	0.00190	0.00190	0.5	95305	181	95214	3627398	38.06
1965-1969	37	0.00201	0.00201	0.5	95124	191	95028	3532184	37.13
1965-1969	38	0.00215	0.00215	0.5	94933	204	94831	3437155	36.21
1965-1969	39	0.00233	0.00232	0.5	94729	220	94619	3342324	35.28
1965-1969	40	0.00266	0.00266	0.5	94509	251	94383	3247706	34.36
1965-1969	41	0.00298	0.00298	0.5	94258	281	94117	3153322	33.45
1965-1969	42	0.00341	0.00341	0.5	93977	320	93817	3059205	32.55
1965-1969	43	0.00359	0.00359	0.5	93657	336	93489	2965388	31.66
1965-1969	44	0.00389	0.00389	0.5	93321	363	93139	2871900	30.77
1965-1969	45	0.00439	0.00438	0.5	92958	407	92754	2778760	29.89
1965-1969	46	0.00476	0.00475	0.5	92551	440	92331	2686006	29.02
1965-1969	47	0.00530	0.00529	0.5	92111	487	91868	2593675	28.16
1965-1969	48	0.00587	0.00585	0.5	91624	536	91356	2501807	27.31
1965-1969	49	0.00621	0.00619	0.5	91088	564	90806	2410451	26.46
1965-1969	50	0.00736	0.00734	0.5	90525	664	90193	2319644	25.62
1965-1969	51	0.00772	0.00769	0.5	89860	691	89515	2229452	24.81
1965-1969	52	0.00889	0.00885	0.5	89169	789	88775	2139937	24.00
1965-1969	53	0.00931	0.00927	0.5	88381	819	87971	2051162	23.21
1965-1969	54	0.01035	0.01029	0.5	87561	901	87111	1963191	22.42
1965-1969	55	0.01089	0.01084	0.5	86660	939	86191	1876080	21.65
1965-1969	56	0.01258	0.01250	0.5	85721	1071	85185	1789889	20.88
1965-1969	57	0.01356	0.01347	0.5	84650	1140	84080	1704704	20.14
1965-1969	58	0.01515	0.01503	0.5	83510	1256	82882	1620624	19.41
1965-1969	59	0.01575	0.01563	0.5	82254	1286	81612	1537742	18.69
1965-1969	60	0.01733	0.01718	0.5	80969	1391	80273	1456130	17.98
1965-1969	61	0.01836	0.01819	0.5	79577	1448	78854	1375857	17.29
1965-1969	62	0.02128	0.02105	0.5	78130	1645	77307	1297004	16.60
1965-1969	63	0.02214	0.02189	0.5	76485	1675	75648	1219696	15.95
1965-1969	64	0.02382	0.02354	0.5	74810	1761	73930	1144049	15.29
1965-1969	65	0.02681	0.02645	0.5	73049	1932	72083	1070119	14.65
1965-1969	66	0.02688	0.02653	0.5	71117	1887	70174	998036	14.03
1965-1969	67	0.03122	0.03074	0.5	69230	2128	68166	927862	13.40
1965-1969	68	0.03300	0.03246	0.5	67102	2178	66013	859696	12.81
1965-1969	69	0.03456	0.03397	0.5	64924	2206	63821	793683	12.22
1965-1969	70	0.03977	0.03900	0.5	62718	2446	61496	729861	11.64
1965-1969	71	0.04091	0.04009	0.5	60273	2416	59064	668366	11.09
1965-1969	72	0.04763	0.04652	0.5	57856	2692	56510	609301	10.53
1965-1969	73	0.05083	0.04957	0.5	55165	2735	53797	552791	10.02
1965-1969	74	0.05657	0.05502	0.5	52430	2885	50988	498994	9.52
1965-1969	75	0.06119	0.05938	0.5	49545	2942	48074	448006	9.04
1965-1969	76	0.06354	0.06159	0.5	46603	2870	45168	399932	8.58
1965-1969	77	0.06995	0.06759	0.5	43733	2956	42255	354763	8.11
1965-1969	78	0.07592	0.07314	0.5	40777	2982	39286	312508	7.66
1965-1969	79	0.08237	0.07911	0.5	37795	2990	36300	273222	7.23
1965-1969	80	0.09420	0.08996	0.5	34805	3131	33239	236922	6.81
1965-1969	81	0.09632	0.09190	0.5	31674	2911	30218	203682	6.43
1965-1969	82	0.10864	0.10304	0.5	28763	2964	27281	173464	6.03
1965-1969	83	0.12269	0.11560	0.5	25799	2982	24308	146183	5.67
1965-1969	84	0.12996	0.12203	0.5	22817	2784	21425	121875	5.34
1965-1969	85	0.14468	0.13492	0.5	20033	2703	18681	100450	5.01
1965-1969	86	0.15542	0.14421	0.5	17330	2499	16080	81769	4.72
1965-1969	87	0.17291	0.15915	0.5	14831	2360	13650	65688	4.43
1965-1969	88	0.18135	0.16628	0.5	12470	2074	11434	52038	4.17
1965-1969	89	0.20400	0.18512	0.5	10397	1925	9434	40604	3.91
1965-1969	90	0.22063	0.19871	0.5	8472	1683	7630	31170	3.68
1965-1969	91	0.23642	0.21142	0.5	6789	1435	6071	23539	3.47
1965-1969	92	0.25295	0.22455	0.5	5353	1202	4752	17468	3.26
1965-1969	93	0.27989	0.24553	0.5	4151	1019	3642	12716	3.06
1965-1969	94	0.29700	0.25860	0.5	3132	810	2727	9074	2.90
1965-1969	95	0.31925	0.27530	0.5	2322	639	2002	6347	2.73
1965-1969	96	0.34240	0.29235	0.5	1683	492	1437	4345	2.58
1965-1969	97	0.36638	0.30965	0.5	1191	369	1006	2908	2.44
1965-1969	98	0.39108	0.32712	0.5	822	269	688	1901	2.31
1965-1969	99	0.41641	0.34465	0.5	553	191	458	1214	2.19
1965-1969	100	0.44224	0.36216	0.5	363	131	297	756	2.09
1965-1969	101	0.46844	0.37954	0.5	231	88	187	459	1.99
1965-1969	102	0.49485	0.39670	0.5	143	57	115	272	1.89
1965-1969	103	0.52134	0.41354	0.5	87	36	69	157	1.81
1965-1969	104	0.54776	0.42999	0.5	51	22	40	88	1.73
1965-1969	105	0.57395	0.44597	0.5	29	13	22	48	1.66
1965-1969	106	0.59977	0.46140	0.5	16	7	12	26	1.60
1965-1969	107	0.62508	0.47624	0.5	9	4	7	13	1.55
1965-1969	108	0.64977	0.49043	0.5	5	2	3	7	1.50
1965-1969	109	0.67370	0.50395	0.5	2	1	2	3	1.46
1965-1969	110+	0.69680	1.00000	1.44	1	1	2	2	1.44
1970-1974	0	0.01541	0.01519	0.09	100000	1519	98619	7235261	72.35
1970-1974	1	0.00090	0.00090	0.5	98481	89	98436	7136642	72.47
1970-1974	2	0.00068	0.00068	0.5	98392	67	98358	7038206	71.53
1970-1974	3	0.00052	0.00052	0.5	98325	51	98300	6939848	70.58
1970-1974	4	0.00049	0.00049	0.5	98274	49	98250	6841548	69.62
1970-1974	5	0.00045	0.00045	0.5	98225	44	98203	6743298	68.65
1970-1974	6	0.00036	0.00036	0.5	98181	35	98163	6645095	67.68
1970-1974	7	0.00035	0.00035	0.5	98146	35	98129	6546932	66.71
1970-1974	8	0.00030	0.00030	0.5	98111	29	98097	6448803	65.73
1970-1974	9	0.00026	0.00026	0.5	98082	25	98069	6350706	64.75
1970-1974	10	0.00027	0.00027	0.5	98057	27	98044	6252637	63.77
1970-1974	11	0.00025	0.00025	0.5	98030	24	98018	6154593	62.78
1970-1974	12	0.00025	0.00025	0.5	98006	25	97994	6056575	61.80
1970-1974	13	0.00034	0.00034	0.5	97982	34	97965	5958581	60.81
1970-1974	14	0.00044	0.00044	0.5	97948	43	97927	5860617	59.83
1970-1974	15	0.00055	0.00055	0.5	97905	54	97878	5762690	58.86
1970-1974	16	0.00069	0.00069	0.5	97851	68	97817	5664812	57.89
1970-1974	17	0.00097	0.00097	0.5	97783	95	97735	5566995	56.93
1970-1974	18	0.00114	0.00114	0.5	97688	111	97632	5469260	55.99
1970-1974	19	0.00119	0.00119	0.5	97577	116	97519	5371628	55.05
1970-1974	20	0.00108	0.00108	0.5	97461	105	97408	5274109	54.12
1970-1974	21	0.00110	0.00110	0.5	97356	107	97302	5176701	53.17
1970-1974	22	0.00108	0.00108	0.5	97248	105	97196	5079399	52.23
1970-1974	23	0.00101	0.00101	0.5	97143	98	97094	4982203	51.29
1970-1974	24	0.00099	0.00098	0.5	97045	96	96997	4885109	50.34
1970-1974	25	0.00104	0.00104	0.5	96949	101	96899	4788112	49.39
1970-1974	26	0.00105	0.00105	0.5	96848	101	96798	4691213	48.44
1970-1974	27	0.00097	0.00097	0.5	96747	94	96700	4594415	47.49
1970-1974	28	0.00098	0.00098	0.5	96653	95	96605	4497716	46.53
1970-1974	29	0.00115	0.00115	0.5	96558	111	96503	4401110	45.58
1970-1974	30	0.00118	0.00118	0.5	96447	114	96390	4304607	44.63
1970-1974	31	0.00102	0.00102	0.5	96333	98	96284	4208217	43.68
1970-1974	32	0.00123	0.00123	0.5	96235	118	96176	4111933	42.73
1970-1974	33	0.00139	0.00139	0.5	96117	134	96050	4015757	41.78
1970-1974	34	0.00146	0.00146	0.5	95983	140	95913	3919707	40.84
1970-1974	35	0.00153	0.00153	0.5	95843	147	95770	3823793	39.90
1970-1974	36	0.00171	0.00171	0.5	95697	164	95615	3728023	38.96
1970-1974	37	0.00184	0.00184	0.5	95533	176	95445	3632409	38.02
1970-1974	38	0.00208	0.00208	0.5	95357	199	95258	3536964	37.09
1970-1974	39	0.00236	0.00236	0.5	95159	224	95046	3441706	36.17
1970-1974	40	0.00263	0.00263	0.5	94934	250	94809	3346659	35.25
1970-1974	41	0.00270	0.00270	0.5	94684	256	94557	3251850	34.34
1970-1974	42	0.00324	0.00324	0.5	94429	305	94276	3157293	33.44
1970-1974	43	0.00373	0.00373	0.5	94123	351	93948	3063018	32.54
1970-1974	44	0.00377	0.00376	0.5	93772	353	93596	2969070	31.66
1970-1974	45	0.00425	0.00424	0.5	93419	396	93221	2875474	30.78
1970-1974	46	0.00461	0.00460	0.5	93023	428	92809	2782253	29.91
1970-1974	47	0.00512	0.00511	0.5	92595	473	92359	2689444	29.05
1970-1974	48	0.00548	0.00547	0.5	92122	504	91870	2597085	28.19
1970-1974	49	0.00597	0.00595	0.5	91618	545	91346	2505215	27.34
1970-1974	50	0.00656	0.00654	0.5	91073	595	90776	2413869	26.50
1970-1974	51	0.00704	0.00702	0.5	90478	635	90161	2323093	25.68
1970-1974	52	0.00776	0.00773	0.5	89843	695	89496	2232933	24.85
1970-1974	53	0.00848	0.00844	0.5	89149	753	88772	2143437	24.04
1970-1974	54	0.00931	0.00927	0.5	88396	819	87986	2054664	23.24
1970-1974	55	0.01054	0.01048	0.5	87577	918	87118	1966678	22.46
1970-1974	56	0.01107	0.01101	0.5	86659	954	86182	1879560	21.69
1970-1974	57	0.01283	0.01274	0.5	85705	1092	85159	1793378	20.93
1970-1974	58	0.01357	0.01348	0.5	84613	1141	84042	1708220	20.19
1970-1974	59	0.01446	0.01436	0.5	83472	1199	82873	1624177	19.46
1970-1974	60	0.01600	0.01588	0.5	82273	1306	81620	1541304	18.73
1970-1974	61	0.01724	0.01709	0.5	80967	1384	80275	1459684	18.03
1970-1974	62	0.01932	0.01913	0.5	79583	1523	78822	1379409	17.33
1970-1974	63	0.02026	0.02005	0.5	78061	1565	77278	1300587	16.66
1970-1974	64	0.02210	0.02186	0.5	76495	1672	75659	1223309	15.99
1970-1974	65	0.02466	0.02436	0.5	74823	1823	73912	1147650	15.34
1970-1974	66	0.02527	0.02496	0.5	73001	1822	72090	1073738	14.71
1970-1974	67	0.02800	0.02761	0.5	71179	1965	70196	1001648	14.07
1970-1974	68	0.03064	0.03017	0.5	69213	2088	68169	931452	13.46
1970-1974	69	0.03235	0.03183	0.5	67125	2137	66057	863283	12.86
1970-1974	70	0.03488	0.03428	0.5	64988	2228	63875	797226	12.27
1970-1974	71	0.03717	0.03649	0.5	62761	2290	61616	733351	11.68
1970-1974	72	0.04389	0.04294	0.5	60471	2597	59172	671736	11.11
1970-1974	73	0.04560	0.04458	0.5	57874	2580	56584	612564	10.58
1970-1974	74	0.04903	0.04786	0.5	55294	2646	53970	555980	10.06
1970-1974	75	0.05441	0.05297	0.5	52647	2789	51253	502010	9.54
1970-1974	76	0.06028	0.05852	0.5	49858	2918	48400	450757	9.04
1970-1974	77	0.06419	0.06219	0.5	46941	2919	45481	402357	8.57
1970-1974	78	0.07288	0.07032	0.5	44021	3095	42474	356876	8.11
1970-1974	79	0.07945	0.07642	0.5	40926	3127	39362	314403	7.68
1970-1974	80	0.08232	0.07907	0.5	37799	2989	36304	275040	7.28
1970-1974	81	0.08761	0.08393	0.5	34810	2922	33349	238736	6.86
1970-1974	82	0.09875	0.09410	0.5	31888	3001	30388	205387	6.44
1970-1974	83	0.11087	0.10505	0.5	28888	3035	27370	174999	6.06
1970-1974	84	0.11902	0.11234	0.5	25853	2904	24401	147629	5.71
1970-1974	85	0.13341	0.12506	0.5	22949	2870	21514	123228	5.37
1970-1974	86	0.14353	0.13392	0.5	20079	2689	18734	101714	5.07
1970-1974	87	0.15442	0.14335	0.5	17390	2493	16143	82980	4.77
1970-1974	88	0.17052	0.15712	0.5	14897	2341	13727	66836	4.49
1970-1974	89	0.17987	0.16502	0.5	12556	2072	11520	53110	4.23
1970-1974	90	0.19690	0.17926	0.5	10484	1879	9545	41589	3.97
1970-1974	91	0.21521	0.19430	0.5	8605	1672	7769	32045	3.72
1970-1974	92	0.23429	0.20972	0.5	6933	1454	6206	24276	3.50
1970-1974	93	0.25210	0.22388	0.5	5479	1227	4866	18070	3.30
1970-1974	94	0.27218	0.23958	0.5	4252	1019	3743	13204	3.11
1970-1974	95	0.29329	0.25578	0.5	3234	827	2820	9461	2.93
1970-1974	96	0.31540	0.27243	0.5	2406	656	2079	6641	2.76
1970-1974	97	0.33843	0.28945	0.5	1751	507	1497	4563	2.61
1970-1974	98	0.36232	0.30675	0.5	1244	382	1053	3065	2.46
1970-1974	99	0.38697	0.32423	0.5	862	280	723	2012	2.33
1970-1974	100	0.41227	0.34181	0.5	583	199	483	1289	2.21
1970-1974	101	0.43811	0.35939	0.5	384	138	315	806	2.10
1970-1974	102	0.46436	0.37686	0.5	246	93	199	491	2.00
1970-1974	103	0.49085	0.39412	0.5	153	60	123	292	1.91
1970-1974	104	0.51746	0.41109	0.5	93	38	74	169	1.82
1970-1974	105	0.54401	0.42768	0.5	55	23	43	95	1.75
1970-1974	106	0.57037	0.44381	0.5	31	14	24	52	1.68
1970-1974	107	0.59639	0.45940	0.5	17	8	13	28	1.61
1970-1974	108	0.62191	0.47440	0.5	9	4	7	15	1.56
1970-1974	109	0.64682	0.48875	0.5	5	2	4	7	1.52
1970-1974	110+	0.67099	1.00000	1.49	3	3	4	4	1.49
1975-1979	0	0.01182	0.01170	0.08	100000	1170	98925	7437537	74.38
1975-1979	1	0.00073	0.00073	0.5	98830	72	98794	7338612	74.25
1975-1979	2	0.00041	0.00041	0.5	98758	40	98738	7239818	73.31
1975-1979	3	0.00038	0.00038	0.5	98718	38	98699	7141080	72.34
1975-1979	4	0.00031	0.00031	0.5	98680	30	98665	7042380	71.37
1975-1979	5	0.00029	0.00029	0.5	98650	28	98636	6943715	70.39
1975-1979	6	0.00024	0.00024	0.5	98622	24	98610	6845079	69.41
1975-1979	7	0.00028	0.00028	0.5	98598	27	98585	6746469	68.42
1975-1979	8	0.00020	0.00020	0.5	98571	20	98561	6647884	67.44
1975-1979	9	0.00023	0.00023	0.5	98551	23	98539	6549323	66.46
1975-1979	10	0.00020	0.00020	0.5	98528	20	98518	6450784	65.47
1975-1979	11	0.00022	0.00022	0.5	98508	21	98497	6352266	64.49
1975-1979	12	0.00020	0.00020	0.5	98486	19	98477	6253769	63.50
1975-1979	13	0.00028	0.00028	0.5	98467	28	98453	6155293	62.51
1975-1979	14	0.00035	0.00035	0.5	98439	34	98422	6056840	61.53
1975-1979	15	0.00043	0.00043	0.5	98405	43	98383	5958418	60.55
1975-1979	16	0.00057	0.00057	0.5	98362	56	98334	5860035	59.58
1975-1979	17	0.00083	0.00083	0.5	98306	81	98266	5761701	58.61
1975-1979	18	0.00095	0.00095	0.5	98225	93	98179	5663435	57.66
1975-1979	19	0.00099	0.00099	0.5	98132	98	98083	5565256	56.71
1975-1979	20	0.00104	0.00104	0.5	98035	102	97984	5467173	55.77
1975-1979	21	0.00093	0.00093	0.5	97933	91	97887	5369189	54.83
1975-1979	22	0.00107	0.00107	0.5	97842	105	97789	5271302	53.88
1975-1979	23	0.00101	0.00101	0.5	97737	99	97687	5173513	52.93
1975-1979	24	0.00092	0.00092	0.5	97638	90	97593	5075825	51.99
1975-1979	25	0.00107	0.00107	0.5	97548	105	97495	4978232	51.03
1975-1979	26	0.00093	0.00093	0.5	97443	90	97398	4880737	50.09
1975-1979	27	0.00097	0.00097	0.5	97353	95	97305	4783339	49.13
1975-1979	28	0.00095	0.00095	0.5	97258	92	97212	4686034	48.18
1975-1979	29	0.00099	0.00099	0.5	97166	96	97118	4588822	47.23
1975-1979	30	0.00085	0.00085	0.5	97070	82	97029	4491704	46.27
1975-1979	31	0.00107	0.00107	0.5	96988	104	96936	4394675	45.31
1975-1979	32	0.00109	0.00109	0.5	96885	105	96832	4297739	44.36
1975-1979	33	0.00117	0.00117	0.5	96779	113	96723	4200907	43.41
1975-1979	34	0.00112	0.00112	0.5	96666	108	96612	4104184	42.46
1975-1979	35	0.00126	0.00126	0.5	96558	122	96497	4007572	41.50
1975-1979	36	0.00130	0.00130	0.5	96436	125	96374	3911075	40.56
1975-1979	37	0.00149	0.00149	0.5	96311	143	96240	3814701	39.61
1975-1979	38	0.00171	0.00171	0.5	96168	164	96086	3718461	38.67
1975-1979	39	0.00185	0.00185	0.5	96004	178	95915	3622375	37.73
1975-1979	40	0.00212	0.00212	0.5	95826	203	95724	3526460	36.80
1975-1979	41	0.00217	0.00217	0.5	95623	207	95519	3430736	35.88
1975-1979	42	0.00263	0.00263	0.5	95416	251	95290	3335217	34.95
1975-1979	43	0.00284	0.00284	0.5	95165	270	95030	3239926	34.05
1975-1979	44	0.00318	0.00317	0.5	94895	301	94744	3144896	33.14
1975-1979	45	0.00357	0.00356	0.5	94594	337	94425	3050152	32.24
1975-1979	46	0.00377	0.00376	0.5	94256	355	94079	2955727	31.36
1975-1979	47	0.00439	0.00438	0.5	93902	411	93696	2861648	30.47
1975-1979	48	0.00473	0.00472	0.5	93490	441	93270	2767952	29.61
1975-1979	49	0.00520	0.00518	0.5	93049	482	92808	2674682	28.74
1975-1979	50	0.00575	0.00573	0.5	92567	531	92302	2581873	27.89
1975-1979	51	0.00624	0.00622	0.5	92037	572	91750	2489572	27.05
1975-1979	52	0.00657	0.00655	0.5	91464	599	91165	2397821	26.22
1975-1979	53	0.00750	0.00747	0.5	90865	679	90526	2306656	25.39
1975-1979	54	0.00835	0.00831	0.5	90186	750	89811	2216130	24.57
1975-1979	55	0.00882	0.00878	0.5	89437	786	89044	2126319	23.77
1975-1979	56	0.00938	0.00934	0.5	88651	828	88237	2037275	22.98
1975-1979	57	0.01040	0.01035	0.5	87823	909	87369	1949038	22.19
1975-1979	58	0.01133	0.01126	0.5	86914	979	86425	1861669	21.42
1975-1979	59	0.01270	0.01262	0.5	85935	1085	85393	1775244	20.66
1975-1979	60	0.01384	0.01374	0.5	84851	1166	84268	1689851	19.92
1975-1979	61	0.01458	0.01447	0.5	83685	1211	83079	1605584	19.19
1975-1979	62	0.01724	0.01709	0.5	82474	1410	81769	1522505	18.46
1975-1979	63	0.01792	0.01776	0.5	81064	1440	80344	1440736	17.77
1975-1979	64	0.01897	0.01879	0.5	79624	1496	78876	1360392	17.09
1975-1979	65	0.02132	0.02110	0.5	78128	1648	77304	1281516	16.40
1975-1979	66	0.02243	0.02218	0.5	76480	1696	75632	1204212	15.75
1975-1979	67	0.02521	0.02490	0.5	74783	1862	73852	1128581	15.09
1975-1979	68	0.02676	0.02641	0.5	72921	1926	71958	1054728	14.46
1975-1979	69	0.02879	0.02838	0.5	70996	2015	69988	982770	13.84
1975-1979	70	0.03113	0.03065	0.5	68981	2114	67924	912782	13.23
1975-1979	71	0.03316	0.03262	0.5	66866	2181	65776	844858	12.64
1975-1979	72	0.03725	0.03657	0.5	64685	2365	63503	779082	12.04
1975-1979	73	0.03993	0.03915	0.5	62320	2440	61100	715580	11.48
1975-1979	74	0.04297	0.04207	0.5	59880	2519	58621	654480	10.93
1975-1979	75	0.04753	0.04643	0.5	57361	2663	56030	595859	10.39
1975-1979	76	0.05041	0.04917	0.5	54698	2690	53353	539829	9.87
1975-1979	77	0.05574	0.05423	0.5	52009	2821	50598	486475	9.35
1975-1979	78	0.06007	0.05832	0.5	49188	2868	47754	435877	8.86
1975-1979	79	0.06704	0.06487	0.5	46320	3005	44817	388123	8.38
1975-1979	80	0.07320	0.07061	0.5	43315	3059	41786	343306	7.93
1975-1979	81	0.07788	0.07496	0.5	40256	3018	38748	301520	7.49
1975-1979	82	0.08864	0.08488	0.5	37239	3161	35658	262772	7.06
1975-1979	83	0.09650	0.09206	0.5	34078	3137	32509	227114	6.66
1975-1979	84	0.10529	0.10002	0.5	30941	3095	29394	194604	6.29
1975-1979	85	0.11280	0.10678	0.5	27846	2973	26359	165211	5.93
1975-1979	86	0.12395	0.11672	0.5	24873	2903	23421	138851	5.58
1975-1979	87	0.13679	0.12804	0.5	21970	2813	20563	115430	5.25
1975-1979	88	0.14596	0.13603	0.5	19157	2606	17854	94867	4.95
1975-1979	89	0.15891	0.14721	0.5	16551	2437	15332	77013	4.65
1975-1979	90	0.17496	0.16088	0.5	14114	2271	12979	61681	4.37
1975-1979	91	0.18430	0.16875	0.5	11843	1999	10844	48702	4.11
1975-1979	92	0.20630	0.18701	0.5	9845	1841	8924	37858	3.85
1975-1979	93	0.22430	0.20168	0.5	8004	1614	7197	28934	3.62
1975-1979	94	0.24262	0.21637	0.5	6390	1382	5698	21737	3.40
1975-1979	95	0.26199	0.23165	0.5	5007	1160	4427	16039	3.20
1975-1979	96	0.28241	0.24747	0.5	3847	952	3371	11612	3.02
1975-1979	97	0.30384	0.26377	0.5	2895	764	2513	8241	2.85
1975-1979	98	0.32623	0.28048	0.5	2131	598	1833	5727	2.69
1975-1979	99	0.34952	0.29753	0.5	1534	456	1305	3895	2.54
1975-1979	100	0.37363	0.31482	0.5	1077	339	908	2589	2.40
1975-1979	101	0.39845	0.33226	0.5	738	245	616	1681	2.28
1975-1979	102	0.42388	0.34975	0.5	493	172	407	1066	2.16
1975-1979	103	0.44978	0.36720	0.5	321	118	262	659	2.06
1975-1979	104	0.47602	0.38451	0.5	203	78	164	397	1.96
1975-1979	105	0.50246	0.40157	0.5	125	50	100	234	1.87
1975-1979	106	0.52894	0.41831	0.5	75	31	59	134	1.79
1975-1979	107	0.55532	0.43464	0.5	43	19	34	75	1.72
1975-1979	108	0.58143	0.45047	0.5	25	11	19	41	1.66
1975-1979	109	0.60714	0.46575	0.5	14	6	10	22	1.61
1975-1979	110+	0.63231	1.00000	1.58	7	7	11	11	1.58
1980-1984	0	0.00977	0.00968	0.08	100000	968	99105	7529603	75.30
1980-1984	1	0.00068	0.00068	0.5	99032	67	98999	7430498	75.03
1980-1984	2	0.00044	0.00044	0.5	98965	43	98943	7331500	74.08
1980-1984	3	0.00031	0.00031	0.5	98922	30	98907	7232556	73.11
1980-1984	4	0.00025	0.00025	0.5	98891	24	98879	7133650	72.14
1980-1984	5	0.00028	0.00028	0.5	98867	28	98853	7034771	71.15
1980-1984	6	0.00024	0.00024	0.5	98839	24	98827	6935918	70.17
1980-1984	7	0.00018	0.00018	0.5	98815	18	98806	6837091	69.19
1980-1984	8	0.00019	0.00019	0.5	98798	19	98788	6738285	68.20
1980-1984	9	0.00019	0.00019	0.5	98779	19	98770	6639496	67.22
1980-1984	10	0.00018	0.00018	0.5	98760	18	98751	6540727	66.23
1980-1984	11	0.00018	0.00018	0.5	98742	17	98734	6441975	65.24
1980-1984	12	0.00018	0.00018	0.5	98725	18	98716	6343242	64.25
1980-1984	13	0.00025	0.00025	0.5	98707	25	98695	6244525	63.26
1980-1984	14	0.00025	0.00025	0.5	98683	25	98670	6145830	62.28
1980-1984	15	0.00035	0.00035	0.5	98658	34	98641	6047160	61.29
1980-1984	16	0.00054	0.00054	0.5	98623	53	98597	5948520	60.32
1980-1984	17	0.00072	0.00072	0.5	98570	71	98535	5849923	59.35
1980-1984	18	0.00080	0.00080	0.5	98499	79	98460	5751388	58.39
1980-1984	19	0.00088	0.00088	0.5	98420	86	98377	5652929	57.44
1980-1984	20	0.00082	0.00082	0.5	98334	81	98293	5554552	56.49
1980-1984	21	0.00089	0.00089	0.5	98253	87	98209	5456258	55.53
1980-1984	22	0.00088	0.00088	0.5	98166	86	98123	5358049	54.58
1980-1984	23	0.00077	0.00077	0.5	98079	76	98042	5259926	53.63
1980-1984	24	0.00081	0.00081	0.5	98004	80	97964	5161885	52.67
1980-1984	25	0.00079	0.00079	0.5	97924	78	97885	5063921	51.71
1980-1984	26	0.00079	0.00079	0.5	97846	78	97808	4966036	50.75
1980-1984	27	0.00091	0.00091	0.5	97769	89	97724	4868228	49.79
1980-1984	28	0.00088	0.00088	0.5	97680	86	97637	4770504	48.84
1980-1984	29	0.00085	0.00085	0.5	97594	83	97552	4672867	47.88
1980-1984	30	0.00094	0.00094	0.5	97511	91	97465	4575315	46.92
1980-1984	31	0.00099	0.00099	0.5	97420	97	97371	4477849	45.96
1980-1984	32	0.00103	0.00103	0.5	97323	100	97273	4380478	45.01
1980-1984	33	0.00106	0.00106	0.5	97223	103	97171	4283205	44.06
1980-1984	34	0.00106	0.00106	0.5	97120	103	97068	4186034	43.10
1980-1984	35	0.00117	0.00116	0.5	97017	113	96960	4088966	42.15
1980-1984	36	0.00129	0.00129	0.5	96904	125	96842	3992005	41.20
1980-1984	37	0.00136	0.00136	0.5	96779	131	96713	3895164	40.25
1980-1984	38	0.00157	0.00157	0.5	96648	151	96572	3798450	39.30
1980-1984	39	0.00159	0.00159	0.5	96496	153	96420	3701878	38.36
1980-1984	40	0.00178	0.00177	0.5	96343	171	96258	3605458	37.42
1980-1984	41	0.00208	0.00208	0.5	96172	200	96072	3509201	36.49
1980-1984	42	0.00221	0.00221	0.5	95973	212	95867	3413128	35.56
1980-1984	43	0.00234	0.00233	0.5	95760	223	95649	3317262	34.64
1980-1984	44	0.00266	0.00266	0.5	95537	254	95410	3221613	33.72
1980-1984	45	0.00287	0.00286	0.5	95283	273	95147	3126203	32.81
1980-1984	46	0.00340	0.00339	0.5	95010	322	94849	3031056	31.90
1980-1984	47	0.00361	0.00361	0.5	94688	342	94517	2936207	31.01
1980-1984	48	0.00425	0.00424	0.5	94346	400	94146	2841690	30.12
1980-1984	49	0.00479	0.00478	0.5	93946	449	93722	2747544	29.25
1980-1984	50	0.00488	0.00487	0.5	93497	455	93269	2653822	28.38
1980-1984	51	0.00603	0.00601	0.5	93042	559	92762	2560553	27.52
1980-1984	52	0.00676	0.00674	0.5	92482	623	92171	2467791	26.68
1980-1984	53	0.00707	0.00705	0.5	91859	647	91535	2375620	25.86
1980-1984	54	0.00772	0.00769	0.5	91212	701	90861	2284085	25.04
1980-1984	55	0.00826	0.00822	0.5	90511	744	90138	2193224	24.23
1980-1984	56	0.00897	0.00893	0.5	89766	802	89365	2103086	23.43
1980-1984	57	0.00953	0.00949	0.5	88964	844	88542	2013720	22.64
1980-1984	58	0.01100	0.01094	0.5	88120	964	87638	1925178	21.85
1980-1984	59	0.01196	0.01189	0.5	87156	1036	86638	1837540	21.08
1980-1984	60	0.01273	0.01265	0.5	86120	1090	85575	1750902	20.33
1980-1984	61	0.01351	0.01342	0.5	85030	1141	84460	1665327	19.59
1980-1984	62	0.01614	0.01601	0.5	83889	1343	83217	1580868	18.84
1980-1984	63	0.01665	0.01651	0.5	82546	1363	81864	1497650	18.14
1980-1984	64	0.01814	0.01798	0.5	81183	1459	80453	1415786	17.44
1980-1984	65	0.01964	0.01945	0.5	79723	1551	78948	1335333	16.75
1980-1984	66	0.02156	0.02133	0.5	78173	1667	77339	1256385	16.07
1980-1984	67	0.02344	0.02317	0.5	76505	1772	75619	1179046	15.41
1980-1984	68	0.02554	0.02522	0.5	74733	1885	73790	1103427	14.76
1980-1984	69	0.02812	0.02773	0.5	72848	2020	71838	1029636	14.13
1980-1984	70	0.02982	0.02938	0.5	70828	2081	69787	957798	13.52
1980-1984	71	0.03155	0.03106	0.5	68747	2136	67679	888011	12.92
1980-1984	72	0.03561	0.03499	0.5	66611	2330	65446	820332	12.32
1980-1984	73	0.03873	0.03799	0.5	64281	2442	63060	754886	11.74
1980-1984	74	0.04165	0.04080	0.5	61839	2523	60577	691826	11.19
1980-1984	75	0.04469	0.04371	0.5	59316	2593	58019	631248	10.64
1980-1984	76	0.04777	0.04666	0.5	56723	2646	55400	573229	10.11
1980-1984	77	0.05351	0.05212	0.5	54076	2818	52667	517829	9.58
1980-1984	78	0.05706	0.05547	0.5	51258	2843	49837	465162	9.07
1980-1984	79	0.06327	0.06133	0.5	48415	2969	46930	415325	8.58
1980-1984	80	0.06756	0.06536	0.5	45445	2970	43960	368395	8.11
1980-1984	81	0.07709	0.07423	0.5	42475	3153	40899	324435	7.64
1980-1984	82	0.08392	0.08054	0.5	39322	3167	37739	283536	7.21
1980-1984	83	0.09106	0.08709	0.5	36155	3149	34581	245798	6.80
1980-1984	84	0.10117	0.09630	0.5	33006	3178	31417	211217	6.40
1980-1984	85	0.10907	0.10343	0.5	29828	3085	28285	179800	6.03
1980-1984	86	0.11950	0.11276	0.5	26743	3016	25235	151514	5.67
1980-1984	87	0.12995	0.12202	0.5	23727	2895	22280	126279	5.32
1980-1984	88	0.14557	0.13569	0.5	20832	2827	19419	103999	4.99
1980-1984	89	0.15491	0.14378	0.5	18005	2589	16711	84581	4.70
1980-1984	90	0.17147	0.15793	0.5	15417	2435	14199	67870	4.40
1980-1984	91	0.18001	0.16515	0.5	12982	2144	11910	53671	4.13
1980-1984	92	0.20874	0.18901	0.5	10838	2049	9814	41761	3.85
1980-1984	93	0.22161	0.19951	0.5	8789	1754	7913	31947	3.63
1980-1984	94	0.23970	0.21405	0.5	7036	1506	6283	24034	3.42
1980-1984	95	0.25966	0.22982	0.5	5530	1271	4894	17751	3.21
1980-1984	96	0.28075	0.24619	0.5	4259	1049	3735	12857	3.02
1980-1984	97	0.30293	0.26308	0.5	3210	845	2788	9122	2.84
1980-1984	98	0.32614	0.28042	0.5	2366	663	2034	6334	2.68
1980-1984	99	0.35033	0.29811	0.5	1702	508	1449	4300	2.53
1980-1984	100	0.37539	0.31607	0.5	1195	378	1006	2851	2.39
1980-1984	101	0.40122	0.33418	0.5	817	273	681	1845	2.26
1980-1984	102	0.42769	0.35235	0.5	544	192	448	1165	2.14
1980-1984	103	0.45466	0.37045	0.5	352	131	287	716	2.03
1980-1984	104	0.48197	0.38837	0.5	222	86	179	429	1.93
1980-1984	105	0.50945	0.40603	0.5	136	55	108	250	1.85
1980-1984	106	0.53694	0.42330	0.5	81	34	64	142	1.77
1980-1984	107	0.56427	0.44010	0.5	46	20	36	79	1.69
1980-1984	108	0.59127	0.45636	0.5	26	12	20	43	1.63
1980-1984	109	0.61779	0.47199	0.5	14	7	11	22	1.58
1980-1984	110+	0.64366	1.00000	1.55	7	7	12	12	1.55
1985-1989	0	0.00823	0.00816	0.07	100000	816	99242	7586661	75.87
1985-1989	1	0.00050	0.00050	0.5	99184	50	99159	7487419	75.49
1985-1989	2	0.00040	0.00040	0.5	99134	39	99114	7388260	74.53
1985-1989	3	0.00028	0.00028	0.5	99094	28	99080	7289146	73.56
1985-1989	4	0.00024	0.00024	0.5	99066	23	99055	7190066	72.58
1985-1989	5	0.00020	0.00020	0.5	99043	19	99033	7091011	71.60
1985-1989	6	0.00017	0.00017	0.5	99023	17	99015	6991978	70.61
1985-1989	7	0.00017	0.00017	0.5	99006	16	98998	6892963	69.62
1985-1989	8	0.00018	0.00018	0.5	98990	18	98981	6793965	68.63
1985-1989	9	0.00016	0.00016	0.5	98972	16	98964	6694984	67.64
1985-1989	10	0.00018	0.00018	0.5	98956	18	98947	6596020	66.66
1985-1989	11	0.00017	0.00017	0.5	98938	17	98930	6497073	65.67
1985-1989	12	0.00020	0.00020	0.5	98921	20	98911	6398143	64.68
1985-1989	13	0.00018	0.00018	0.5	98901	18	98892	6299232	63.69
1985-1989	14	0.00025	0.00025	0.5	98883	24	98871	6200340	62.70
1985-1989	15	0.00043	0.00043	0.5	98858	43	98837	6101469	61.72
1985-1989	16	0.00052	0.00052	0.5	98816	52	98790	6002632	60.75
1985-1989	17	0.00065	0.00065	0.5	98764	64	98732	5903842	59.78
1985-1989	18	0.00072	0.00072	0.5	98700	71	98664	5805110	58.82
1985-1989	19	0.00075	0.00075	0.5	98629	74	98592	5706446	57.86
1985-1989	20	0.00077	0.00077	0.5	98555	75	98517	5607854	56.90
1985-1989	21	0.00077	0.00077	0.5	98480	76	98442	5509336	55.94
1985-1989	22	0.00077	0.00077	0.5	98403	76	98366	5410895	54.99
1985-1989	23	0.00077	0.00077	0.5	98328	76	98290	5312529	54.03
1985-1989	24	0.00077	0.00077	0.5	98252	76	98214	5214239	53.07
1985-1989	25	0.00080	0.00080	0.5	98176	78	98137	5116025	52.11
1985-1989	26	0.00086	0.00086	0.5	98098	84	98056	5017888	51.15
1985-1989	27	0.00083	0.00083	0.5	98014	81	97973	4919833	50.20
1985-1989	28	0.00092	0.00092	0.5	97932	90	97887	4821859	49.24
1985-1989	29	0.00093	0.00093	0.5	97842	91	97797	4723972	48.28
1985-1989	30	0.00099	0.00099	0.5	97751	97	97703	4626176	47.33
1985-1989	31	0.00113	0.00113	0.5	97654	111	97599	4528473	46.37
1985-1989	32	0.00117	0.00117	0.5	97544	114	97487	4430874	45.42
1985-1989	33	0.00113	0.00112	0.5	97430	110	97375	4333388	44.48
1985-1989	34	0.00129	0.00129	0.5	97320	125	97257	4236013	43.53
1985-1989	35	0.00130	0.00130	0.5	97195	126	97132	4138755	42.58
1985-1989	36	0.00150	0.00150	0.5	97069	146	96996	4041623	41.64
1985-1989	37	0.00150	0.00150	0.5	96923	146	96850	3944628	40.70
1985-1989	38	0.00166	0.00166	0.5	96777	161	96697	3847777	39.76
1985-1989	39	0.00162	0.00162	0.5	96617	157	96538	3751080	38.82
1985-1989	40	0.00182	0.00182	0.5	96460	176	96372	3654542	37.89
1985-1989	41	0.00204	0.00204	0.5	96284	197	96186	3558170	36.95
1985-1989	42	0.00221	0.00221	0.5	96088	212	95981	3461984	36.03
1985-1989	43	0.00231	0.00231	0.5	95875	222	95765	3366002	35.11
1985-1989	44	0.00246	0.00246	0.5	95654	235	95536	3270238	34.19
1985-1989	45	0.00299	0.00299	0.5	95418	285	95276	3174702	33.27
1985-1989	46	0.00296	0.00296	0.5	95134	281	94993	3079426	32.37
1985-1989	47	0.00348	0.00348	0.5	94852	330	94688	2984433	31.46
1985-1989	48	0.00414	0.00413	0.5	94523	391	94327	2889745	30.57
1985-1989	49	0.00423	0.00422	0.5	94132	397	93933	2795418	29.70
1985-1989	50	0.00459	0.00458	0.5	93735	429	93520	2701484	28.82
1985-1989	51	0.00534	0.00532	0.5	93305	497	93057	2607964	27.95
1985-1989	52	0.00565	0.00564	0.5	92809	523	92547	2514907	27.10
1985-1989	53	0.00628	0.00627	0.5	92286	578	91997	2422360	26.25
1985-1989	54	0.00690	0.00688	0.5	91708	631	91392	2330363	25.41
1985-1989	55	0.00765	0.00762	0.5	91077	694	90730	2238971	24.58
1985-1989	56	0.00815	0.00811	0.5	90383	733	90017	2148241	23.77
1985-1989	57	0.00924	0.00920	0.5	89650	825	89237	2058224	22.96
1985-1989	58	0.01017	0.01012	0.5	88825	899	88375	1968987	22.17
1985-1989	59	0.01088	0.01082	0.5	87926	951	87450	1880611	21.39
1985-1989	60	0.01253	0.01245	0.5	86975	1083	86433	1793161	20.62
1985-1989	61	0.01301	0.01293	0.5	85892	1110	85337	1706728	19.87
1985-1989	62	0.01486	0.01475	0.5	84782	1250	84157	1621391	19.12
1985-1989	63	0.01615	0.01602	0.5	83531	1338	82862	1537234	18.40
1985-1989	64	0.01662	0.01649	0.5	82193	1355	81515	1454372	17.69
1985-1989	65	0.01898	0.01880	0.5	80838	1520	80078	1372856	16.98
1985-1989	66	0.02031	0.02010	0.5	79318	1594	78521	1292778	16.30
1985-1989	67	0.02186	0.02162	0.5	77724	1680	76884	1214257	15.62
1985-1989	68	0.02396	0.02368	0.5	76043	1801	75143	1137374	14.96
1985-1989	69	0.02676	0.02641	0.5	74243	1961	73262	1062231	14.31
1985-1989	70	0.02881	0.02840	0.5	72282	2053	71256	988968	13.68
1985-1989	71	0.03227	0.03176	0.5	70229	2231	69114	917713	13.07
1985-1989	72	0.03545	0.03483	0.5	67999	2368	66815	848599	12.48
1985-1989	73	0.03713	0.03645	0.5	65630	2392	64434	781784	11.91
1985-1989	74	0.03968	0.03890	0.5	63238	2460	62008	717350	11.34
1985-1989	75	0.04339	0.04247	0.5	60778	2581	59487	655342	10.78
1985-1989	76	0.04760	0.04649	0.5	58197	2706	56844	595854	10.24
1985-1989	77	0.05059	0.04934	0.5	55491	2738	54122	539010	9.71
1985-1989	78	0.05531	0.05382	0.5	52753	2839	51334	484888	9.19
1985-1989	79	0.06087	0.05907	0.5	49914	2948	48440	433554	8.69
1985-1989	80	0.06634	0.06421	0.5	46965	3016	45458	385115	8.20
1985-1989	81	0.07348	0.07087	0.5	43950	3115	42392	339657	7.73
1985-1989	82	0.08189	0.07867	0.5	40835	3212	39229	297265	7.28
1985-1989	83	0.08834	0.08461	0.5	37622	3183	36031	258036	6.86
1985-1989	84	0.09689	0.09241	0.5	34439	3182	32848	222005	6.45
1985-1989	85	0.10810	0.10256	0.5	31257	3206	29654	189157	6.05
1985-1989	86	0.11627	0.10989	0.5	28051	3082	26510	159503	5.69
1985-1989	87	0.13236	0.12414	0.5	24969	3100	23419	132993	5.33
1985-1989	88	0.13908	0.13004	0.5	21869	2844	20447	109574	5.01
1985-1989	89	0.15380	0.14282	0.5	19025	2717	17667	89127	4.68
1985-1989	90	0.17310	0.15931	0.5	16308	2598	15009	71461	4.38
1985-1989	91	0.18331	0.16792	0.5	13710	2302	12559	56452	4.12
1985-1989	92	0.20328	0.18453	0.5	11408	2105	10355	43893	3.85
1985-1989	93	0.22020	0.19836	0.5	9303	1845	8380	33538	3.61
1985-1989	94	0.24204	0.21591	0.5	7457	1610	6652	25157	3.37
1985-1989	95	0.26288	0.23234	0.5	5847	1359	5168	18505	3.16
1985-1989	96	0.28492	0.24939	0.5	4489	1119	3929	13337	2.97
1985-1989	97	0.30812	0.26699	0.5	3369	900	2920	9408	2.79
1985-1989	98	0.33241	0.28503	0.5	2470	704	2118	6488	2.63
1985-1989	99	0.35771	0.30344	0.5	1766	536	1498	4371	2.48
1985-1989	100	0.38390	0.32208	0.5	1230	396	1032	2873	2.34
1985-1989	101	0.41087	0.34085	0.5	834	284	692	1841	2.21
1985-1989	102	0.43847	0.35963	0.5	550	198	451	1149	2.09
1985-1989	103	0.46653	0.37829	0.5	352	133	285	698	1.98
1985-1989	104	0.49487	0.39671	0.5	219	87	175	413	1.89
1985-1989	105	0.52331	0.41478	0.5	132	55	105	238	1.80
1985-1989	106	0.55167	0.43240	0.5	77	33	61	133	1.72
1985-1989	107	0.57975	0.44947	0.5	44	20	34	72	1.65
1985-1989	108	0.60739	0.46590	0.5	24	11	19	38	1.59
1985-1989	109	0.63440	0.48163	0.5	13	6	10	20	1.54
1985-1989	110+	0.66063	1.00000	1.51	7	7	10	10	1.51
1990-1994	0	0.00662	0.00658	0.07	100000	658	99386	7696089	76.96
1990-1994	1	0.00048	0.00048	0.5	99342	47	99319	7596703	76.47
1990-1994	2	0.00030	0.00030	0.5	99295	30	99280	7497384	75.51
1990-1994	3	0.00019	0.00019	0.5	99265	19	99255	7398104	74.53
1990-1994	4	0.00017	0.00017	0.5	99246	17	99237	7298849	73.54
1990-1994	5	0.00014	0.00014	0.5	99229	14	99222	7199612	72.56
1990-1994	6	0.00015	0.00015	0.5	99214	15	99207	7100390	71.57
1990-1994	7	0.00014	0.00014	0.5	99200	14	99193	7001183	70.58
1990-1994	8	0.00013	0.00013	0.5	99186	13	99179	6901991	69.59
1990-1994	9	0.00012	0.00012	0.5	99173	12	99167	6802811	68.60
1990-1994	10	0.00011	0.00011	0.5	99161	11	99155	6703645	67.60
1990-1994	11	0.00013	0.00013	0.5	99150	13	99143	6604490	66.61
1990-1994	12	0.00017	0.00017	0.5	99136	16	99128	6505347	65.62
1990-1994	13	0.00019	0.00019	0.5	99120	19	99111	6406218	64.63
1990-1994	14	0.00027	0.00027	0.5	99101	27	99088	6307108	63.64
1990-1994	15	0.00034	0.00034	0.5	99074	34	99057	6208020	62.66
1990-1994	16	0.00049	0.00049	0.5	99040	48	99016	6108963	61.68
1990-1994	17	0.00060	0.00060	0.5	98992	59	98963	6009947	60.71
1990-1994	18	0.00076	0.00076	0.5	98933	75	98895	5910984	59.75
1990-1994	19	0.00061	0.00061	0.5	98858	61	98828	5812089	58.79
1990-1994	20	0.00057	0.00057	0.5	98797	56	98769	5713261	57.83
1990-1994	21	0.00063	0.00063	0.5	98741	62	98710	5614492	56.86
1990-1994	22	0.00061	0.00061	0.5	98679	60	98649	5515781	55.90
1990-1994	23	0.00065	0.00065	0.5	98620	64	98588	5417132	54.93
1990-1994	24	0.00065	0.00065	0.5	98556	64	98524	5318544	53.96
1990-1994	25	0.00069	0.00069	0.5	98491	68	98457	5220021	53.00
1990-1994	26	0.00073	0.00073	0.5	98423	72	98387	5121563	52.04
1990-1994	27	0.00083	0.00083	0.5	98351	82	98310	5023176	51.07
1990-1994	28	0.00091	0.00091	0.5	98269	90	98224	4924866	50.12
1990-1994	29	0.00090	0.00090	0.5	98180	88	98136	4826641	49.16
1990-1994	30	0.00115	0.00115	0.5	98092	112	98035	4728506	48.20
1990-1994	31	0.00121	0.00121	0.5	97979	118	97920	4630470	47.26
1990-1994	32	0.00122	0.00122	0.5	97861	119	97801	4532550	46.32
1990-1994	33	0.00126	0.00126	0.5	97742	123	97680	4434749	45.37
1990-1994	34	0.00148	0.00148	0.5	97619	144	97547	4337068	44.43
1990-1994	35	0.00156	0.00156	0.5	97475	152	97398	4239522	43.49
1990-1994	36	0.00167	0.00167	0.5	97322	162	97241	4142123	42.56
1990-1994	37	0.00182	0.00182	0.5	97160	177	97072	4044882	41.63
1990-1994	38	0.00185	0.00185	0.5	96983	179	96894	3947811	40.71
1990-1994	39	0.00194	0.00193	0.5	96804	187	96710	3850917	39.78
1990-1994	40	0.00192	0.00192	0.5	96617	185	96524	3754206	38.86
1990-1994	41	0.00221	0.00221	0.5	96432	213	96325	3657682	37.93
1990-1994	42	0.00227	0.00226	0.5	96219	218	96110	3561357	37.01
1990-1994	43	0.00243	0.00243	0.5	96001	233	95884	3465247	36.10
1990-1994	44	0.00236	0.00235	0.5	95768	225	95655	3369363	35.18
1990-1994	45	0.00279	0.00279	0.5	95542	266	95409	3273708	34.26
1990-1994	46	0.00305	0.00305	0.5	95276	291	95131	3178299	33.36
1990-1994	47	0.00317	0.00316	0.5	94985	301	94835	3083169	32.46
1990-1994	48	0.00339	0.00338	0.5	94685	320	94525	2988334	31.56
1990-1994	49	0.00366	0.00366	0.5	94364	345	94192	2893809	30.67
1990-1994	50	0.00417	0.00416	0.5	94019	391	93824	2799617	29.78
1990-1994	51	0.00469	0.00468	0.5	93629	438	93410	2705793	28.90
1990-1994	52	0.00504	0.00503	0.5	93191	469	92956	2612383	28.03
1990-1994	53	0.00568	0.00566	0.5	92722	525	92459	2519427	27.17
1990-1994	54	0.00559	0.00558	0.5	92197	514	91940	2426968	26.32
1990-1994	55	0.00679	0.00676	0.5	91683	620	91373	2335028	25.47
1990-1994	56	0.00749	0.00746	0.5	91063	679	90723	2243655	24.64
1990-1994	57	0.00807	0.00803	0.5	90384	726	90021	2152932	23.82
1990-1994	58	0.00967	0.00962	0.5	89658	863	89226	2062911	23.01
1990-1994	59	0.00983	0.00978	0.5	88795	868	88361	1973685	22.23
1990-1994	60	0.01101	0.01095	0.5	87927	963	87445	1885324	21.44
1990-1994	61	0.01204	0.01197	0.5	86964	1041	86444	1797879	20.67
1990-1994	62	0.01342	0.01333	0.5	85923	1145	85351	1711435	19.92
1990-1994	63	0.01450	0.01440	0.5	84778	1221	84167	1626085	19.18
1990-1994	64	0.01584	0.01571	0.5	83557	1313	82901	1541917	18.45
1990-1994	65	0.01610	0.01597	0.5	82244	1314	81587	1459017	17.74
1990-1994	66	0.01906	0.01888	0.5	80931	1528	80167	1377429	17.02
1990-1994	67	0.01972	0.01952	0.5	79403	1550	78628	1297262	16.34
1990-1994	68	0.02212	0.02187	0.5	77853	1703	77001	1218634	15.65
1990-1994	69	0.02367	0.02339	0.5	76150	1781	75259	1141633	14.99
1990-1994	70	0.02532	0.02500	0.5	74368	1859	73439	1066374	14.34
1990-1994	71	0.02845	0.02805	0.5	72509	2034	71492	992936	13.69
1990-1994	72	0.03021	0.02976	0.5	70475	2097	69426	921444	13.07
1990-1994	73	0.03382	0.03325	0.5	68377	2274	67240	852018	12.46
1990-1994	74	0.03687	0.03621	0.5	66104	2393	64907	784777	11.87
1990-1994	75	0.03920	0.03845	0.5	63710	2449	62486	719870	11.30
1990-1994	76	0.04342	0.04250	0.5	61261	2604	59959	657385	10.73
1990-1994	77	0.04681	0.04574	0.5	58657	2683	57316	597426	10.19
1990-1994	78	0.05022	0.04899	0.5	55974	2742	54603	540110	9.65
1990-1994	79	0.05524	0.05376	0.5	53232	2862	51801	485507	9.12
1990-1994	80	0.06248	0.06059	0.5	50370	3052	48844	433706	8.61
1990-1994	81	0.06624	0.06412	0.5	47318	3034	45801	384862	8.13
1990-1994	82	0.07466	0.07197	0.5	44284	3187	42691	339060	7.66
1990-1994	83	0.08207	0.07884	0.5	41097	3240	39477	296370	7.21
1990-1994	84	0.08859	0.08484	0.5	37857	3212	36251	256893	6.79
1990-1994	85	0.09886	0.09420	0.5	34645	3264	33014	220641	6.37
1990-1994	86	0.10892	0.10329	0.5	31382	3242	29761	187628	5.98
1990-1994	87	0.11875	0.11209	0.5	28140	3154	26563	157867	5.61
1990-1994	88	0.13006	0.12212	0.5	24986	3051	23460	131304	5.26
1990-1994	89	0.14494	0.13515	0.5	21935	2964	20453	107843	4.92
1990-1994	90	0.15959	0.14780	0.5	18970	2804	17568	87391	4.61
1990-1994	91	0.17409	0.16015	0.5	16167	2589	14872	69822	4.32
1990-1994	92	0.18481	0.16918	0.5	13577	2297	12429	54950	4.05
1990-1994	93	0.21029	0.19028	0.5	11280	2146	10207	42521	3.77
1990-1994	94	0.22670	0.20362	0.5	9134	1860	8204	32314	3.54
1990-1994	95	0.24694	0.21980	0.5	7274	1599	6475	24110	3.31
1990-1994	96	0.26843	0.23667	0.5	5675	1343	5004	17635	3.11
1990-1994	97	0.29114	0.25414	0.5	4332	1101	3782	12632	2.92
1990-1994	98	0.31502	0.27215	0.5	3231	879	2791	8850	2.74
1990-1994	99	0.33999	0.29059	0.5	2352	683	2010	6059	2.58
1990-1994	100	0.36595	0.30935	0.5	1668	516	1410	4049	2.43
1990-1994	101	0.39279	0.32831	0.5	1152	378	963	2638	2.29
1990-1994	102	0.42037	0.34736	0.5	774	269	640	1675	2.16
1990-1994	103	0.44853	0.36637	0.5	505	185	413	1036	2.05
1990-1994	104	0.47709	0.38520	0.5	320	123	258	623	1.95
1990-1994	105	0.50586	0.40374	0.5	197	79	157	365	1.85
1990-1994	106	0.53466	0.42188	0.5	117	49	93	207	1.77
1990-1994	107	0.56328	0.43950	0.5	68	30	53	115	1.69
1990-1994	108	0.59154	0.45651	0.5	38	17	29	62	1.63
1990-1994	109	0.61925	0.47285	0.5	21	10	16	33	1.58
1990-1994	110+	0.64625	1.00000	1.55	11	11	17	17	1.55
1995-1999	0	0.00526	0.00524	0.06	100000	524	99509	7790941	77.91
1995-1999	1	0.00033	0.00033	0.5	99476	32	99460	7691432	77.32
1995-1999	2	0.00022	0.00022	0.5	99444	22	99433	7591972	76.34
1995-1999	3	0.00016	0.00016	0.5	99422	16	99414	7492539	75.36
1995-1999	4	0.00016	0.00016	0.5	99405	16	99398	7393125	74.37
1995-1999	5	0.00012	0.00012	0.5	99390	12	99384	7293728	73.39
1995-1999	6	0.00011	0.00011	0.5	99378	11	99373	7194344	72.39
1995-1999	7	0.00010	0.00010	0.5	99367	10	99362	7094971	71.40
1995-1999	8	0.00011	0.00011	0.5	99357	11	99352	6995609	70.41
1995-1999	9	0.00006	0.00006	0.5	99346	6	99343	6896258	69.42
1995-1999	10	0.00011	0.00011	0.5	99340	11	99335	6796914	68.42
1995-1999	11	0.00011	0.00011	0.5	99329	11	99324	6697580	67.43
1995-1999	12	0.00015	0.00015	0.5	99319	15	99311	6598256	66.44
1995-1999	13	0.00015	0.00015	0.5	99304	15	99296	6498945	65.45
1995-1999	14	0.00021	0.00021	0.5	99289	21	99279	6399648	64.45
1995-1999	15	0.00028	0.00028	0.5	99268	28	99254	6300370	63.47
1995-1999	16	0.00043	0.00043	0.5	99240	43	99218	6201116	62.49
1995-1999	17	0.00053	0.00053	0.5	99197	52	99171	6101897	61.51
1995-1999	18	0.00057	0.00057	0.5	99145	56	99117	6002726	60.54
1995-1999	19	0.00061	0.00061	0.5	99089	60	99058	5903610	59.58
1995-1999	20	0.00057	0.00057	0.5	99028	56	99000	5804551	58.62
1995-1999	21	0.00061	0.00061	0.5	98972	61	98942	5705551	57.65
1995-1999	22	0.00064	0.00064	0.5	98911	63	98880	5606610	56.68
1995-1999	23	0.00064	0.00064	0.5	98848	63	98816	5507730	55.72
1995-1999	24	0.00058	0.00058	0.5	98785	57	98756	5408914	54.75
1995-1999	25	0.00058	0.00058	0.5	98728	57	98699	5310158	53.79
1995-1999	26	0.00053	0.00053	0.5	98671	52	98645	5211458	52.82
1995-1999	27	0.00060	0.00060	0.5	98619	60	98589	5112814	51.84
1995-1999	28	0.00070	0.00070	0.5	98559	69	98525	5014224	50.88
1995-1999	29	0.00073	0.00073	0.5	98490	72	98454	4915700	49.91
1995-1999	30	0.00082	0.00081	0.5	98418	80	98377	4817246	48.95
1995-1999	31	0.00096	0.00096	0.5	98337	94	98290	4718869	47.99
1995-1999	32	0.00111	0.00111	0.5	98243	109	98189	4620579	47.03
1995-1999	33	0.00104	0.00104	0.5	98134	102	98083	4522390	46.08
1995-1999	34	0.00115	0.00115	0.5	98032	113	97976	4424307	45.13
1995-1999	35	0.00126	0.00126	0.5	97919	124	97857	4326331	44.18
1995-1999	36	0.00134	0.00134	0.5	97796	131	97730	4228474	43.24
1995-1999	37	0.00136	0.00136	0.5	97664	133	97598	4130744	42.30
1995-1999	38	0.00157	0.00157	0.5	97531	153	97455	4033146	41.35
1995-1999	39	0.00167	0.00166	0.5	97378	162	97297	3935692	40.42
1995-1999	40	0.00176	0.00176	0.5	97216	171	97131	3838395	39.48
1995-1999	41	0.00194	0.00194	0.5	97045	188	96951	3741264	38.55
1995-1999	42	0.00215	0.00215	0.5	96857	208	96753	3644313	37.63
1995-1999	43	0.00211	0.00211	0.5	96649	204	96547	3547560	36.71
1995-1999	44	0.00237	0.00237	0.5	96445	228	96331	3451013	35.78
1995-1999	45	0.00245	0.00245	0.5	96217	235	96099	3354682	34.87
1995-1999	46	0.00271	0.00270	0.5	95981	259	95852	3258583	33.95
1995-1999	47	0.00304	0.00304	0.5	95722	291	95576	3162731	33.04
1995-1999	48	0.00321	0.00321	0.5	95431	306	95278	3067155	32.14
1995-1999	49	0.00332	0.00331	0.5	95125	315	94967	2971877	31.24
1995-1999	50	0.00345	0.00345	0.5	94810	327	94647	2876910	30.34
1995-1999	51	0.00409	0.00408	0.5	94483	386	94290	2782263	29.45
1995-1999	52	0.00450	0.00449	0.5	94097	423	93886	2687973	28.57
1995-1999	53	0.00505	0.00504	0.5	93675	472	93439	2594087	27.69
1995-1999	54	0.00522	0.00520	0.5	93203	485	92961	2500648	26.83
1995-1999	55	0.00603	0.00601	0.5	92718	557	92440	2407688	25.97
1995-1999	56	0.00644	0.00642	0.5	92161	592	91865	2315248	25.12
1995-1999	57	0.00706	0.00704	0.5	91569	644	91247	2223383	24.28
1995-1999	58	0.00806	0.00802	0.5	90925	730	90560	2132136	23.45
1995-1999	59	0.00863	0.00860	0.5	90195	775	89808	2041576	22.64
1995-1999	60	0.00928	0.00924	0.5	89420	826	89007	1951768	21.83
1995-1999	61	0.01074	0.01068	0.5	88594	947	88120	1862762	21.03
1995-1999	62	0.01166	0.01159	0.5	87647	1016	87139	1774641	20.25
1995-1999	63	0.01289	0.01281	0.5	86631	1110	86076	1687502	19.48
1995-1999	64	0.01399	0.01389	0.5	85522	1188	84928	1601426	18.73
1995-1999	65	0.01548	0.01536	0.5	84334	1296	83686	1516498	17.98
1995-1999	66	0.01680	0.01666	0.5	83038	1383	82347	1432812	17.25
1995-1999	67	0.01758	0.01742	0.5	81655	1423	80944	1350465	16.54
1995-1999	68	0.02039	0.02018	0.5	80232	1619	79423	1269522	15.82
1995-1999	69	0.02206	0.02181	0.5	78613	1715	77755	1190099	15.14
1995-1999	70	0.02380	0.02352	0.5	76898	1809	75994	1112344	14.47
1995-1999	71	0.02631	0.02597	0.5	75089	1950	74114	1036350	13.80
1995-1999	72	0.02867	0.02827	0.5	73139	2068	72105	962236	13.16
1995-1999	73	0.03070	0.03024	0.5	71072	2149	69997	890130	12.52
1995-1999	74	0.03370	0.03314	0.5	68923	2284	67781	820133	11.90
1995-1999	75	0.03668	0.03602	0.5	66639	2400	65438	752353	11.29
1995-1999	76	0.03933	0.03858	0.5	64238	2478	62999	686914	10.69
1995-1999	77	0.04487	0.04388	0.5	61760	2710	60405	623915	10.10
1995-1999	78	0.04942	0.04823	0.5	59050	2848	57626	563510	9.54
1995-1999	79	0.05423	0.05280	0.5	56202	2968	54718	505884	9.00
1995-1999	80	0.06146	0.05963	0.5	53235	3174	51647	451165	8.48
1995-1999	81	0.06810	0.06585	0.5	50060	3297	48412	399518	7.98
1995-1999	82	0.07447	0.07180	0.5	46764	3358	45085	351106	7.51
1995-1999	83	0.08197	0.07874	0.5	43406	3418	41697	306021	7.05
1995-1999	84	0.09177	0.08774	0.5	39988	3509	38234	264324	6.61
1995-1999	85	0.10122	0.09635	0.5	36480	3515	34722	226090	6.20
1995-1999	86	0.11202	0.10608	0.5	32965	3497	31217	191368	5.81
1995-1999	87	0.12231	0.11526	0.5	29468	3396	27770	160151	5.43
1995-1999	88	0.13358	0.12522	0.5	26072	3265	24439	132381	5.08
1995-1999	89	0.14643	0.13644	0.5	22807	3112	21251	107942	4.73
1995-1999	90	0.16656	0.15375	0.5	19695	3028	18181	86691	4.40
1995-1999	91	0.17915	0.16442	0.5	16667	2740	15297	68510	4.11
1995-1999	92	0.20041	0.18216	0.5	13927	2537	12658	53213	3.82
1995-1999	93	0.22371	0.20121	0.5	11390	2292	10244	40555	3.56
1995-1999	94	0.24252	0.21629	0.5	9098	1968	8114	30311	3.33
1995-1999	95	0.26509	0.23407	0.5	7130	1669	6296	22197	3.11
1995-1999	96	0.28903	0.25254	0.5	5461	1379	4772	15901	2.91
1995-1999	97	0.31427	0.27160	0.5	4082	1109	3528	11129	2.73
1995-1999	98	0.34074	0.29114	0.5	2973	866	2541	7601	2.56
1995-1999	99	0.36830	0.31103	0.5	2108	656	1780	5061	2.40
1995-1999	100	0.39683	0.33113	0.5	1452	481	1212	3281	2.26
1995-1999	101	0.42615	0.35130	0.5	971	341	801	2069	2.13
1995-1999	102	0.45607	0.37138	0.5	630	234	513	1268	2.01
1995-1999	103	0.48637	0.39123	0.5	396	155	319	755	1.91
1995-1999	104	0.51684	0.41071	0.5	241	99	192	437	1.81
1995-1999	105	0.54725	0.42968	0.5	142	61	112	245	1.73
1995-1999	106	0.57736	0.44803	0.5	81	36	63	134	1.65
1995-1999	107	0.60697	0.46565	0.5	45	21	34	71	1.58
1995-1999	108	0.63585	0.48247	0.5	24	12	18	36	1.52
1995-1999	109	0.66384	0.49841	0.5	12	6	9	18	1.48
1995-1999	110+	0.69075	1.00000	1.45	6	6	9	9	1.45
2000-2004	0	0.00497	0.00495	0.06	100000	495	99536	7848326	78.48
2000-2004	1	0.00030	0.00030	0.5	99505	30	99490	7748790	77.87
2000-2004	2	0.00019	0.00019	0.5	99475	19	99465	7649300	76.90
2000-2004	3	0.00015	0.00015	0.5	99456	15	99449	7549834	75.91
2000-2004	4	0.00013	0.00013	0.5	99441	13	99435	7450386	74.92
2000-2004	5	0.00013	0.00013	0.5	99428	13	99422	7350951	73.93
2000-2004	6	0.00009	0.00009	0.5	99416	9	99411	7251529	72.94
2000-2004	7	0.00010	0.00010	0.5	99406	10	99402	7152118	71.95
2000-2004	8	0.00010	0.00010	0.5	99397	10	99392	7052717	70.96
2000-2004	9	0.00010	0.00010	0.5	99387	10	99382	6953325	69.96
2000-2004	10	0.00011	0.00011	0.5	99377	11	99371	6853943	68.97
2000-2004	11	0.00011	0.00011	0.5	99366	11	99360	6754571	67.98
2000-2004	12	0.00013	0.00013	0.5	99355	13	99348	6655211	66.98
2000-2004	13	0.00015	0.00015	0.5	99342	14	99334	6555863	65.99
2000-2004	14	0.00016	0.00016	0.5	99327	16	99319	6456528	65.00
2000-2004	15	0.00022	0.00022	0.5	99312	22	99300	6357209	64.01
2000-2004	16	0.00033	0.00033	0.5	99289	33	99273	6257908	63.03
2000-2004	17	0.00046	0.00046	0.5	99256	45	99234	6158636	62.05
2000-2004	18	0.00055	0.00055	0.5	99211	54	99184	6059402	61.08
2000-2004	19	0.00054	0.00054	0.5	99157	54	99130	5960218	60.11
2000-2004	20	0.00059	0.00059	0.5	99103	59	99073	5861088	59.14
2000-2004	21	0.00069	0.00069	0.5	99044	68	99010	5762015	58.18
2000-2004	22	0.00069	0.00069	0.5	98976	68	98942	5663005	57.22
2000-2004	23	0.00071	0.00071	0.5	98907	71	98872	5564063	56.26
2000-2004	24	0.00067	0.00067	0.5	98837	67	98804	5465191	55.30
2000-2004	25	0.00062	0.00062	0.5	98770	61	98740	5366388	54.33
2000-2004	26	0.00066	0.00066	0.5	98709	66	98677	5267648	53.37
2000-2004	27	0.00069	0.00069	0.5	98644	68	98610	5168971	52.40
2000-2004	28	0.00067	0.00067	0.5	98576	66	98543	5070361	51.44
2000-2004	29	0.00080	0.00080	0.5	98510	79	98471	4971818	50.47
2000-2004	30	0.00078	0.00078	0.5	98431	77	98393	4873348	49.51
2000-2004	31	0.00079	0.00079	0.5	98354	77	98316	4774955	48.55
2000-2004	32	0.00084	0.00084	0.5	98277	83	98236	4676639	47.59
2000-2004	33	0.00092	0.00092	0.5	98194	90	98149	4578403	46.63
2000-2004	34	0.00097	0.00097	0.5	98104	95	98056	4480254	45.67
2000-2004	35	0.00111	0.00111	0.5	98009	109	97954	4382198	44.71
2000-2004	36	0.00120	0.00119	0.5	97900	117	97841	4284243	43.76
2000-2004	37	0.00130	0.00130	0.5	97783	127	97719	4186402	42.81
2000-2004	38	0.00152	0.00152	0.5	97656	148	97582	4088683	41.87
2000-2004	39	0.00149	0.00149	0.5	97508	145	97435	3991101	40.93
2000-2004	40	0.00170	0.00170	0.5	97362	165	97280	3893666	39.99
2000-2004	41	0.00175	0.00174	0.5	97197	169	97112	3796387	39.06
2000-2004	42	0.00204	0.00204	0.5	97028	198	96929	3699274	38.13
2000-2004	43	0.00213	0.00213	0.5	96830	206	96727	3602346	37.20
2000-2004	44	0.00247	0.00247	0.5	96624	239	96504	3505619	36.28
2000-2004	45	0.00255	0.00254	0.5	96385	245	96262	3409115	35.37
2000-2004	46	0.00281	0.00281	0.5	96140	270	96005	3312852	34.46
2000-2004	47	0.00297	0.00296	0.5	95870	284	95728	3216848	33.55
2000-2004	48	0.00328	0.00327	0.5	95586	313	95429	3121120	32.65
2000-2004	49	0.00349	0.00348	0.5	95273	332	95107	3025690	31.76
2000-2004	50	0.00376	0.00375	0.5	94941	356	94763	2930583	30.87
2000-2004	51	0.00395	0.00394	0.5	94585	372	94399	2835820	29.98
2000-2004	52	0.00407	0.00406	0.5	94213	383	94021	2741421	29.10
2000-2004	53	0.00479	0.00478	0.5	93830	449	93606	2647400	28.21
2000-2004	54	0.00485	0.00483	0.5	93381	451	93156	2553794	27.35
2000-2004	55	0.00551	0.00549	0.5	92930	510	92675	2460639	26.48
2000-2004	56	0.00568	0.00566	0.5	92420	523	92158	2367964	25.62
2000-2004	57	0.00665	0.00663	0.5	91897	609	91592	2275806	24.76
2000-2004	58	0.00748	0.00746	0.5	91287	681	90947	2184214	23.93
2000-2004	59	0.00813	0.00809	0.5	90607	733	90240	2093267	23.10
2000-2004	60	0.00866	0.00862	0.5	89874	775	89486	2003027	22.29
2000-2004	61	0.00967	0.00962	0.5	89099	858	88670	1913540	21.48
2000-2004	62	0.01018	0.01013	0.5	88241	894	87795	1824870	20.68
2000-2004	63	0.01157	0.01150	0.5	87348	1005	86845	1737076	19.89
2000-2004	64	0.01272	0.01264	0.5	86343	1092	85797	1650230	19.11
2000-2004	65	0.01380	0.01370	0.5	85251	1168	84667	1564433	18.35
2000-2004	66	0.01492	0.01481	0.5	84083	1245	83460	1479766	17.60
2000-2004	67	0.01621	0.01608	0.5	82838	1332	82172	1396306	16.86
2000-2004	68	0.01794	0.01778	0.5	81505	1449	80781	1314134	16.12
2000-2004	69	0.02037	0.02016	0.5	80056	1614	79249	1233353	15.41
2000-2004	70	0.02202	0.02178	0.5	78442	1709	77587	1154104	14.71
2000-2004	71	0.02452	0.02422	0.5	76733	1858	75804	1076517	14.03
2000-2004	72	0.02663	0.02628	0.5	74875	1967	73891	1000713	13.37
2000-2004	73	0.02904	0.02863	0.5	72907	2087	71864	926822	12.71
2000-2004	74	0.03134	0.03085	0.5	70820	2185	69727	854959	12.07
2000-2004	75	0.03546	0.03485	0.5	68635	2392	67439	785231	11.44
2000-2004	76	0.03816	0.03744	0.5	66243	2480	65003	717792	10.84
2000-2004	77	0.04197	0.04110	0.5	63763	2621	62452	652789	10.24
2000-2004	78	0.04538	0.04437	0.5	61142	2713	59785	590337	9.66
2000-2004	79	0.05012	0.04889	0.5	58429	2857	57001	530552	9.08
2000-2004	80	0.05782	0.05620	0.5	55572	3123	54011	473551	8.52
2000-2004	81	0.06448	0.06246	0.5	52449	3276	50811	419540	8.00
2000-2004	82	0.07172	0.06924	0.5	49173	3405	47471	368729	7.50
2000-2004	83	0.07949	0.07645	0.5	45769	3499	44019	321258	7.02
2000-2004	84	0.09050	0.08659	0.5	42270	3660	40440	277239	6.56
2000-2004	85	0.09828	0.09367	0.5	38610	3617	36801	236799	6.13
2000-2004	86	0.11191	0.10598	0.5	34993	3709	33139	199998	5.72
2000-2004	87	0.12313	0.11599	0.5	31284	3629	29470	166859	5.33
2000-2004	88	0.13675	0.12800	0.5	27656	3540	25886	137389	4.97
2000-2004	89	0.15331	0.14240	0.5	24116	3434	22399	111503	4.62
2000-2004	90	0.16812	0.15509	0.5	20682	3207	19078	89105	4.31
2000-2004	91	0.18285	0.16753	0.5	17474	2928	16011	70027	4.01
2000-2004	92	0.20478	0.18576	0.5	14547	2702	13196	54016	3.71
2000-2004	93	0.22906	0.20552	0.5	11845	2434	10627	40820	3.45
2000-2004	94	0.25210	0.22388	0.5	9410	2107	8357	30193	3.21
2000-2004	95	0.27668	0.24306	0.5	7303	1775	6416	21836	2.99
2000-2004	96	0.30274	0.26294	0.5	5528	1454	4801	15420	2.79
2000-2004	97	0.33019	0.28340	0.5	4075	1155	3497	10619	2.61
2000-2004	98	0.35891	0.30430	0.5	2920	889	2476	7122	2.44
2000-2004	99	0.38873	0.32547	0.5	2031	661	1701	4646	2.29
2000-2004	100	0.41947	0.34674	0.5	1370	475	1133	2945	2.15
2000-2004	101	0.45090	0.36795	0.5	895	329	730	1813	2.02
2000-2004	102	0.48279	0.38891	0.5	566	220	456	1082	1.91
2000-2004	103	0.51488	0.40947	0.5	346	142	275	626	1.81
2000-2004	104	0.54690	0.42946	0.5	204	88	160	351	1.72
2000-2004	105	0.57858	0.44876	0.5	116	52	90	191	1.64
2000-2004	106	0.60968	0.46725	0.5	64	30	49	101	1.57
2000-2004	107	0.63995	0.48482	0.5	34	17	26	51	1.51
2000-2004	108	0.66919	0.50142	0.5	18	9	13	26	1.45
2000-2004	109	0.69721	0.51699	0.5	9	5	7	12	1.41
2000-2004	110+	0.72387	1.00000	1.38	4	4	6	6	1.38
2005-2009	0	0.00518	0.00516	0.06	100000	516	99517	7976442	79.76
2005-2009	1	0.00025	0.00025	0.5	99484	25	99472	7876925	79.18
2005-2009	2	0.00014	0.00014	0.5	99459	13	99453	7777453	78.20
2005-2009	3	0.00013	0.00013	0.5	99446	13	99440	7678001	77.21
2005-2009	4	0.00010	0.00010	0.5	99433	10	99428	7578561	76.22
2005-2009	5	0.00010	0.00010	0.5	99423	10	99418	7479133	75.23
2005-2009	6	0.00010	0.00010	0.5	99413	10	99408	7379715	74.23
2005-2009	7	0.00006	0.00006	0.5	99403	6	99400	7280307	73.24
2005-2009	8	0.00007	0.00007	0.5	99397	7	99393	7180907	72.24
2005-2009	9	0.00008	0.00008	0.5	99390	8	99386	7081514	71.25
2005-2009	10	0.00011	0.00011	0.5	99382	11	99376	6982128	70.26
2005-2009	11	0.00007	0.00007	0.5	99370	7	99367	6882752	69.26
2005-2009	12	0.00009	0.00009	0.5	99364	9	99359	6783385	68.27
2005-2009	13	0.00010	0.00010	0.5	99354	10	99349	6684026	67.27
2005-2009	14	0.00014	0.00014	0.5	99344	14	99338	6584676	66.28
2005-2009	15	0.00017	0.00016	0.5	99331	16	99322	6485339	65.29
2005-2009	16	0.00028	0.00028	0.5	99314	28	99300	6386016	64.30
2005-2009	17	0.00039	0.00039	0.5	99286	39	99267	6286716	63.32
2005-2009	18	0.00046	0.00046	0.5	99247	45	99225	6187449	62.34
2005-2009	19	0.00047	0.00047	0.5	99202	47	99179	6088225	61.37
2005-2009	20	0.00058	0.00058	0.5	99155	57	99127	5989046	60.40
2005-2009	21	0.00065	0.00065	0.5	99098	64	99066	5889919	59.44
2005-2009	22	0.00069	0.00069	0.5	99034	68	99000	5790853	58.47
2005-2009	23	0.00072	0.00072	0.5	98966	71	98930	5691853	57.51
2005-2009	24	0.00078	0.00078	0.5	98895	77	98856	5592923	56.55
2005-2009	25	0.00072	0.00072	0.5	98818	71	98782	5494067	55.60
2005-2009	26	0.00075	0.00074	0.5	98747	74	98710	5395284	54.64
2005-2009	27	0.00075	0.00075	0.5	98673	74	98636	5296574	53.68
2005-2009	28	0.00067	0.00067	0.5	98599	66	98566	5197938	52.72
2005-2009	29	0.00069	0.00069	0.5	98533	68	98499	5099372	51.75
2005-2009	30	0.00072	0.00072	0.5	98465	71	98429	5000873	50.79
2005-2009	31	0.00084	0.00084	0.5	98394	82	98353	4902444	49.82
2005-2009	32	0.00077	0.00077	0.5	98312	76	98274	4804092	48.87
2005-2009	33	0.00086	0.00086	0.5	98236	85	98193	4705818	47.90
2005-2009	34	0.00088	0.00088	0.5	98151	86	98108	4607625	46.94
2005-2009	35	0.00095	0.00095	0.5	98064	93	98018	4509517	45.99
2005-2009	36	0.00102	0.00102	0.5	97971	100	97921	4411499	45.03
2005-2009	37	0.00110	0.00110	0.5	97871	107	97817	4313578	44.07
2005-2009	38	0.00118	0.00118	0.5	97764	115	97706	4215761	43.12
2005-2009	39	0.00137	0.00137	0.5	97649	134	97582	4118055	42.17
2005-2009	40	0.00144	0.00144	0.5	97515	140	97445	4020473	41.23
2005-2009	41	0.00161	0.00161	0.5	97375	157	97296	3923029	40.29
2005-2009	42	0.00167	0.00167	0.5	97218	163	97136	3825733	39.35
2005-2009	43	0.00186	0.00186	0.5	97055	181	96964	3728596	38.42
2005-2009	44	0.00214	0.00214	0.5	96874	208	96770	3631632	37.49
2005-2009	45	0.00230	0.00230	0.5	96667	222	96556	3534862	36.57
2005-2009	46	0.00240	0.00240	0.5	96445	231	96329	3438306	35.65
2005-2009	47	0.00271	0.00270	0.5	96213	260	96083	3341977	34.74
2005-2009	48	0.00304	0.00303	0.5	95953	291	95808	3245894	33.83
2005-2009	49	0.00324	0.00323	0.5	95662	309	95508	3150086	32.93
2005-2009	50	0.00344	0.00344	0.5	95353	328	95190	3054578	32.03
2005-2009	51	0.00357	0.00356	0.5	95026	338	94857	2959388	31.14
2005-2009	52	0.00426	0.00425	0.5	94687	402	94486	2864531	30.25
2005-2009	53	0.00446	0.00445	0.5	94285	420	94075	2770045	29.38
2005-2009	54	0.00463	0.00462	0.5	93865	434	93648	2675970	28.51
2005-2009	55	0.00514	0.00512	0.5	93431	479	93192	2582321	27.64
2005-2009	56	0.00550	0.00549	0.5	92953	510	92698	2489129	26.78
2005-2009	57	0.00573	0.00572	0.5	92442	529	92178	2396432	25.92
2005-2009	58	0.00651	0.00649	0.5	91914	596	91616	2304253	25.07
2005-2009	59	0.00683	0.00680	0.5	91318	621	91007	2212637	24.23
2005-2009	60	0.00739	0.00736	0.5	90697	668	90363	2121630	23.39
2005-2009	61	0.00802	0.00799	0.5	90029	719	89669	2031267	22.56
2005-2009	62	0.00890	0.00886	0.5	89310	791	88914	1941598	21.74
2005-2009	63	0.01004	0.00999	0.5	88519	884	88077	1852684	20.93
2005-2009	64	0.01088	0.01082	0.5	87635	949	87161	1764607	20.14
2005-2009	65	0.01158	0.01152	0.5	86686	998	86187	1677446	19.35
2005-2009	66	0.01316	0.01308	0.5	85688	1121	85128	1591259	18.57
2005-2009	67	0.01429	0.01419	0.5	84567	1200	83968	1506131	17.81
2005-2009	68	0.01583	0.01570	0.5	83368	1309	82713	1422164	17.06
2005-2009	69	0.01695	0.01681	0.5	82059	1379	81369	1339451	16.32
2005-2009	70	0.01937	0.01918	0.5	80680	1548	79906	1258081	15.59
2005-2009	71	0.02026	0.02006	0.5	79132	1587	78338	1178176	14.89
2005-2009	72	0.02251	0.02226	0.5	77545	1726	76682	1099837	14.18
2005-2009	73	0.02488	0.02458	0.5	75818	1863	74887	1023155	13.49
2005-2009	74	0.02765	0.02727	0.5	73955	2017	72947	948269	12.82
2005-2009	75	0.02998	0.02954	0.5	71938	2125	70876	875322	12.17
2005-2009	76	0.03349	0.03294	0.5	69814	2299	68664	804446	11.52
2005-2009	77	0.03692	0.03626	0.5	67514	2448	66290	735782	10.90
2005-2009	78	0.04083	0.04001	0.5	65066	2603	63765	669492	10.29
2005-2009	79	0.04511	0.04412	0.5	62463	2756	61085	605727	9.70
2005-2009	80	0.04894	0.04777	0.5	59707	2852	58281	544642	9.12
2005-2009	81	0.05549	0.05399	0.5	56855	3070	55320	486360	8.55
2005-2009	82	0.06193	0.06007	0.5	53786	3231	52170	431040	8.01
2005-2009	83	0.06881	0.06652	0.5	50555	3363	48873	378870	7.49
2005-2009	84	0.07715	0.07428	0.5	47192	3505	45439	329997	6.99
2005-2009	85	0.08698	0.08336	0.5	43686	3642	41865	284558	6.51
2005-2009	86	0.09920	0.09452	0.5	40045	3785	38152	242692	6.06
2005-2009	87	0.10952	0.10383	0.5	36260	3765	34377	204540	5.64
2005-2009	88	0.12230	0.11526	0.5	32495	3745	30622	170163	5.24
2005-2009	89	0.14041	0.13120	0.5	28750	3772	26864	139540	4.85
2005-2009	90	0.15729	0.14582	0.5	24978	3642	23157	112677	4.51
2005-2009	91	0.17555	0.16138	0.5	21336	3443	19614	89520	4.20
2005-2009	92	0.18680	0.17085	0.5	17892	3057	16364	69906	3.91
2005-2009	93	0.21877	0.19720	0.5	14835	2925	13373	53542	3.61
2005-2009	94	0.23397	0.20947	0.5	11910	2495	10663	40169	3.37
2005-2009	95	0.25829	0.22875	0.5	9415	2154	8338	29507	3.13
2005-2009	96	0.28423	0.24887	0.5	7262	1807	6358	21168	2.92
2005-2009	97	0.31172	0.26969	0.5	5454	1471	4719	14811	2.72
2005-2009	98	0.34064	0.29107	0.5	3983	1159	3404	10092	2.53
2005-2009	99	0.37083	0.31283	0.5	2824	883	2382	6688	2.37
2005-2009	100	0.40212	0.33480	0.5	1941	650	1616	4306	2.22
2005-2009	101	0.43426	0.35679	0.5	1291	461	1061	2690	2.08
2005-2009	102	0.46701	0.37860	0.5	830	314	673	1629	1.96
2005-2009	103	0.50009	0.40006	0.5	516	206	413	956	1.85
2005-2009	104	0.53321	0.42097	0.5	310	130	244	544	1.76
2005-2009	105	0.56608	0.44120	0.5	179	79	140	299	1.67
2005-2009	106	0.59842	0.46060	0.5	100	46	77	159	1.59
2005-2009	107	0.62996	0.47907	0.5	54	26	41	82	1.53
2005-2009	108	0.66047	0.49650	0.5	28	14	21	41	1.47
2005-2009	109	0.68972	0.51286	0.5	14	7	11	20	1.42
2005-2009	110+	0.71757	1.00000	1.39	7	7	10	10	1.39
2010-2014	0	0.00428	0.00426	0.06	100000	426	99599	8066661	80.67
2010-2014	1	0.00024	0.00024	0.5	99574	24	99562	7967062	80.01
2010-2014	2	0.00016	0.00016	0.5	99549	15	99542	7867501	79.03
2010-2014	3	0.00013	0.00013	0.5	99534	13	99527	7767959	78.04
2010-2014	4	0.00011	0.00011	0.5	99521	10	99516	7668431	77.05
2010-2014	5	0.00008	0.00008	0.5	99510	8	99506	7568916	76.06
2010-2014	6	0.00008	0.00008	0.5	99502	8	99498	7469410	75.07
2010-2014	7	0.00008	0.00008	0.5	99494	8	99490	7369912	74.07
2010-2014	8	0.00009	0.00009	0.5	99486	9	99482	7270421	73.08
2010-2014	9	0.00009	0.00009	0.5	99478	9	99473	7170940	72.09
2010-2014	10	0.00009	0.00009	0.5	99469	9	99464	7071466	71.09
2010-2014	11	0.00006	0.00006	0.5	99459	6	99456	6972002	70.10
2010-2014	12	0.00010	0.00010	0.5	99453	10	99448	6872546	69.10
2010-2014	13	0.00008	0.00008	0.5	99443	8	99439	6773098	68.11
2010-2014	14	0.00011	0.00011	0.5	99435	11	99430	6673658	67.12
2010-2014	15	0.00016	0.00016	0.5	99424	16	99416	6574228	66.12
2010-2014	16	0.00025	0.00025	0.5	99408	25	99396	6474812	65.13
2010-2014	17	0.00028	0.00028	0.5	99383	28	99369	6375417	64.15
2010-2014	18	0.00038	0.00038	0.5	99356	38	99336	6276047	63.17
2010-2014	19	0.00036	0.00036	0.5	99317	36	99299	6176711	62.19
2010-2014	20	0.00048	0.00048	0.5	99282	47	99258	6077411	61.21
2010-2014	21	0.00058	0.00058	0.5	99234	57	99205	5978153	60.24
2010-2014	22	0.00065	0.00065	0.5	99177	65	99144	5878948	59.28
2010-2014	23	0.00076	0.00076	0.5	99112	75	99074	5779804	58.32
2010-2014	24	0.00080	0.00080	0.5	99037	79	98997	5680729	57.36
2010-2014	25	0.00073	0.00073	0.5	98958	72	98922	5581732	56.41
2010-2014	26	0.00079	0.00079	0.5	98886	78	98847	5482810	55.45
2010-2014	27	0.00074	0.00074	0.5	98807	73	98771	5383964	54.49
2010-2014	28	0.00083	0.00083	0.5	98734	82	98693	5285193	53.53
2010-2014	29	0.00087	0.00087	0.5	98652	86	98609	5186500	52.57
2010-2014	30	0.00089	0.00089	0.5	98566	88	98522	5087891	51.62
2010-2014	31	0.00095	0.00095	0.5	98478	93	98432	4989368	50.66
2010-2014	32	0.00095	0.00095	0.5	98385	93	98338	4890937	49.71
2010-2014	33	0.00098	0.00098	0.5	98292	96	98244	4792598	48.76
2010-2014	34	0.00096	0.00096	0.5	98196	94	98149	4694354	47.81
2010-2014	35	0.00107	0.00107	0.5	98102	105	98049	4596205	46.85
2010-2014	36	0.00100	0.00100	0.5	97997	98	97948	4498156	45.90
2010-2014	37	0.00104	0.00104	0.5	97899	102	97848	4400209	44.95
2010-2014	38	0.00117	0.00117	0.5	97797	115	97739	4302361	43.99
2010-2014	39	0.00126	0.00126	0.5	97682	123	97620	4204622	43.04
2010-2014	40	0.00140	0.00140	0.5	97559	136	97491	4107001	42.10
2010-2014	41	0.00143	0.00143	0.5	97423	139	97353	4009510	41.16
2010-2014	42	0.00165	0.00165	0.5	97284	160	97204	3912157	40.21
2010-2014	43	0.00172	0.00172	0.5	97123	167	97040	3814953	39.28
2010-2014	44	0.00198	0.00197	0.5	96956	191	96861	3717914	38.35
2010-2014	45	0.00200	0.00200	0.5	96765	194	96668	3621053	37.42
2010-2014	46	0.00234	0.00234	0.5	96571	226	96458	3524385	36.50
2010-2014	47	0.00243	0.00243	0.5	96345	234	96228	3427927	35.58
2010-2014	48	0.00269	0.00268	0.5	96111	258	95982	3331698	34.66
2010-2014	49	0.00296	0.00296	0.5	95854	284	95712	3235716	33.76
2010-2014	50	0.00347	0.00346	0.5	95570	331	95404	3140004	32.86
2010-2014	51	0.00356	0.00356	0.5	95239	339	95070	3044600	31.97
2010-2014	52	0.00383	0.00382	0.5	94900	363	94719	2949530	31.08
2010-2014	53	0.00396	0.00395	0.5	94538	374	94351	2854811	30.20
2010-2014	54	0.00442	0.00442	0.5	94164	416	93956	2760461	29.32
2010-2014	55	0.00466	0.00465	0.5	93748	436	93530	2666504	28.44
2010-2014	56	0.00519	0.00518	0.5	93312	483	93071	2572974	27.57
2010-2014	57	0.00565	0.00564	0.5	92829	523	92567	2479904	26.71
2010-2014	58	0.00617	0.00615	0.5	92306	568	92022	2387336	25.86
2010-2014	59	0.00665	0.00663	0.5	91738	608	91434	2295315	25.02
2010-2014	60	0.00679	0.00676	0.5	91130	616	90822	2203881	24.18
2010-2014	61	0.00747	0.00744	0.5	90513	673	90177	2113059	23.35
2010-2014	62	0.00817	0.00813	0.5	89840	731	89475	2022883	22.52
2010-2014	63	0.00884	0.00881	0.5	89109	785	88717	1933408	21.70
2010-2014	64	0.00964	0.00959	0.5	88325	847	87901	1844691	20.89
2010-2014	65	0.01025	0.01020	0.5	87478	892	87032	1756790	20.08
2010-2014	66	0.01154	0.01147	0.5	86586	993	86089	1669758	19.28
2010-2014	67	0.01249	0.01242	0.5	85592	1063	85061	1583669	18.50
2010-2014	68	0.01404	0.01395	0.5	84530	1179	83940	1498608	17.73
2010-2014	69	0.01553	0.01541	0.5	83351	1285	82709	1414668	16.97
2010-2014	70	0.01703	0.01688	0.5	82066	1385	81374	1331959	16.23
2010-2014	71	0.01845	0.01829	0.5	80681	1475	79943	1250585	15.50
2010-2014	72	0.02024	0.02003	0.5	79206	1587	78412	1170642	14.78
2010-2014	73	0.02170	0.02147	0.5	77619	1666	76786	1092230	14.07
2010-2014	74	0.02421	0.02392	0.5	75953	1817	75044	1015444	13.37
2010-2014	75	0.02690	0.02654	0.5	74136	1968	73152	940400	12.68
2010-2014	76	0.03003	0.02958	0.5	72168	2135	71101	867247	12.02
2010-2014	77	0.03338	0.03283	0.5	70033	2299	68884	796147	11.37
2010-2014	78	0.03704	0.03637	0.5	67734	2463	66502	727263	10.74
2010-2014	79	0.04050	0.03970	0.5	65271	2591	63975	660761	10.12
2010-2014	80	0.04524	0.04424	0.5	62680	2773	61293	596785	9.52
2010-2014	81	0.05207	0.05075	0.5	59906	3040	58386	535492	8.94
2010-2014	82	0.05781	0.05618	0.5	56866	3195	55269	477106	8.39
2010-2014	83	0.06368	0.06172	0.5	53671	3312	52015	421837	7.86
2010-2014	84	0.07144	0.06898	0.5	50359	3474	48622	369822	7.34
2010-2014	85	0.07866	0.07568	0.5	46885	3548	45111	321200	6.85
2010-2014	86	0.08907	0.08527	0.5	43337	3695	41489	276089	6.37
2010-2014	87	0.10291	0.09787	0.5	39642	3880	37702	234599	5.92
2010-2014	88	0.11455	0.10834	0.5	35762	3874	33825	196898	5.51
2010-2014	89	0.12737	0.11975	0.5	31887	3818	29978	163073	5.11
2010-2014	90	0.14264	0.13315	0.5	28069	3737	26200	133095	4.74
2010-2014	91	0.16109	0.14908	0.5	24332	3627	22518	106895	4.39
2010-2014	92	0.18234	0.16711	0.5	20704	3460	18974	84377	4.08
2010-2014	93	0.20134	0.18292	0.5	17244	3154	15667	65402	3.79
2010-2014	94	0.21895	0.19734	0.5	14090	2781	12700	49735	3.53
2010-2014	95	0.24296	0.21664	0.5	11309	2450	10084	37035	3.27
2010-2014	96	0.26817	0.23647	0.5	8859	2095	7812	26951	3.04
2010-2014	97	0.29502	0.25709	0.5	6764	1739	5895	19139	2.83
2010-2014	98	0.32340	0.27838	0.5	5025	1399	4326	13244	2.64
2010-2014	99	0.35318	0.30018	0.5	3626	1089	3082	8918	2.46
2010-2014	100	0.38420	0.32229	0.5	2538	818	2129	5836	2.30
2010-2014	101	0.41623	0.34453	0.5	1720	593	1424	3707	2.16
2010-2014	102	0.44904	0.36670	0.5	1127	413	921	2284	2.03
2010-2014	103	0.48233	0.38861	0.5	714	277	575	1363	1.91
2010-2014	104	0.51583	0.41007	0.5	436	179	347	788	1.81
2010-2014	105	0.54924	0.43090	0.5	258	111	202	441	1.71
2010-2014	106	0.58224	0.45096	0.5	147	66	114	239	1.63
2010-2014	107	0.61457	0.47011	0.5	80	38	62	125	1.56
2010-2014	108	0.64595	0.48825	0.5	43	21	32	64	1.50
2010-2014	109	0.67615	0.50532	0.5	22	11	16	32	1.45
2010-2014	110+	0.70498	1.00000	1.42	11	11	15	15	1.42
2015-2017	0	0.00395	0.00393	0.06	100000	393	99630	8039255	80.39
2015-2017	1	0.00021	0.00021	0.5	99607	21	99596	7939625	79.71
2015-2017	2	0.00017	0.00017	0.5	99586	17	99578	7840029	78.73
2015-2017	3	0.00014	0.00014	0.5	99569	14	99562	7740451	77.74
2015-2017	4	0.00010	0.00010	0.5	99555	10	99550	7640889	76.75
2015-2017	5	0.00009	0.00009	0.5	99545	9	99540	7541339	75.76
2015-2017	6	0.00010	0.00010	0.5	99536	10	99531	7441799	74.76
2015-2017	7	0.00008	0.00008	0.5	99526	8	99522	7342267	73.77
2015-2017	8	0.00009	0.00009	0.5	99519	9	99514	7242745	72.78
2015-2017	9	0.00010	0.00010	0.5	99510	10	99505	7143231	71.78
2015-2017	10	0.00008	0.00008	0.5	99500	8	99496	7043726	70.79
2015-2017	11	0.00009	0.00009	0.5	99492	9	99488	6944229	69.80
2015-2017	12	0.00009	0.00009	0.5	99484	9	99479	6844741	68.80
2015-2017	13	0.00011	0.00011	0.5	99474	11	99469	6745262	67.81
2015-2017	14	0.00014	0.00014	0.5	99463	14	99456	6645794	66.82
2015-2017	15	0.00021	0.00021	0.5	99449	21	99439	6546337	65.83
2015-2017	16	0.00024	0.00024	0.5	99429	24	99417	6446898	64.84
2015-2017	17	0.00031	0.00031	0.5	99405	31	99389	6347481	63.85
2015-2017	18	0.00033	0.00033	0.5	99374	33	99357	6248092	62.87
2015-2017	19	0.00044	0.00044	0.5	99341	44	99319	6148735	61.90
2015-2017	20	0.00045	0.00045	0.5	99297	45	99274	6049416	60.92
2015-2017	21	0.00064	0.00064	0.5	99252	63	99220	5950142	59.95
2015-2017	22	0.00077	0.00077	0.5	99188	77	99150	5850922	58.99
2015-2017	23	0.00096	0.00095	0.5	99112	95	99064	5751772	58.03
2015-2017	24	0.00097	0.00097	0.5	99017	96	98969	5652708	57.09
2015-2017	25	0.00105	0.00105	0.5	98921	104	98869	5553739	56.14
2015-2017	26	0.00107	0.00107	0.5	98817	106	98764	5454869	55.20
2015-2017	27	0.00123	0.00122	0.5	98711	121	98651	5356105	54.26
2015-2017	28	0.00126	0.00126	0.5	98591	124	98528	5257454	53.33
2015-2017	29	0.00128	0.00128	0.5	98466	126	98403	5158926	52.39
2015-2017	30	0.00124	0.00124	0.5	98340	122	98279	5060523	51.46
2015-2017	31	0.00135	0.00135	0.5	98218	132	98152	4962244	50.52
2015-2017	32	0.00139	0.00139	0.5	98086	136	98018	4864091	49.59
2015-2017	33	0.00138	0.00138	0.5	97950	135	97882	4766073	48.66
2015-2017	34	0.00162	0.00161	0.5	97814	158	97735	4668191	47.73
2015-2017	35	0.00148	0.00148	0.5	97656	144	97584	4570456	46.80
2015-2017	36	0.00160	0.00160	0.5	97512	156	97434	4472872	45.87
2015-2017	37	0.00166	0.00165	0.5	97356	161	97276	4375437	44.94
2015-2017	38	0.00167	0.00167	0.5	97195	162	97114	4278161	44.02
2015-2017	39	0.00168	0.00168	0.5	97033	163	96952	4181047	43.09
2015-2017	40	0.00167	0.00167	0.5	96870	162	96790	4084095	42.16
2015-2017	41	0.00166	0.00166	0.5	96709	160	96629	3987306	41.23
2015-2017	42	0.00183	0.00183	0.5	96549	176	96460	3890677	40.30
2015-2017	43	0.00185	0.00185	0.5	96372	179	96283	3794217	39.37
2015-2017	44	0.00217	0.00216	0.5	96194	208	96090	3697934	38.44
2015-2017	45	0.00206	0.00205	0.5	95986	197	95887	3601844	37.52
2015-2017	46	0.00230	0.00230	0.5	95788	220	95678	3505957	36.60
2015-2017	47	0.00263	0.00262	0.5	95568	251	95443	3410279	35.68
2015-2017	48	0.00284	0.00283	0.5	95317	270	95182	3314836	34.78
2015-2017	49	0.00302	0.00302	0.5	95047	287	94904	3219653	33.87
2015-2017	50	0.00342	0.00341	0.5	94760	323	94599	3124750	32.98
2015-2017	51	0.00358	0.00358	0.5	94437	338	94268	3030151	32.09
2015-2017	52	0.00394	0.00394	0.5	94100	370	93914	2935882	31.20
2015-2017	53	0.00424	0.00423	0.5	93729	397	93531	2841968	30.32
2015-2017	54	0.00453	0.00452	0.5	93332	422	93121	2748437	29.45
2015-2017	55	0.00497	0.00496	0.5	92910	461	92680	2655316	28.58
2015-2017	56	0.00521	0.00520	0.5	92449	481	92209	2562637	27.72
2015-2017	57	0.00565	0.00564	0.5	91969	518	91709	2470428	26.86
2015-2017	58	0.00614	0.00612	0.5	91450	560	91170	2378719	26.01
2015-2017	59	0.00655	0.00653	0.5	90890	593	90594	2287548	25.17
2015-2017	60	0.00682	0.00680	0.5	90297	614	89990	2196955	24.33
2015-2017	61	0.00730	0.00727	0.5	89683	652	89357	2106965	23.49
2015-2017	62	0.00805	0.00802	0.5	89031	714	88674	2017608	22.66
2015-2017	63	0.00897	0.00893	0.5	88317	789	87922	1928935	21.84
2015-2017	64	0.00940	0.00936	0.5	87528	819	87118	1841013	21.03
2015-2017	65	0.01027	0.01022	0.5	86709	886	86266	1753894	20.23
2015-2017	66	0.01109	0.01103	0.5	85823	947	85349	1667628	19.43
2015-2017	67	0.01169	0.01162	0.5	84876	986	84383	1582279	18.64
2015-2017	68	0.01321	0.01313	0.5	83890	1101	83339	1497896	17.86
2015-2017	69	0.01466	0.01455	0.5	82789	1205	82186	1414557	17.09
2015-2017	70	0.01582	0.01569	0.5	81584	1280	80944	1332371	16.33
2015-2017	71	0.01740	0.01725	0.5	80304	1385	79611	1251427	15.58
2015-2017	72	0.02049	0.02029	0.5	78918	1601	78118	1171816	14.85
2015-2017	73	0.02189	0.02165	0.5	77317	1674	76480	1093698	14.15
2015-2017	74	0.02413	0.02385	0.5	75643	1804	74741	1017218	13.45
2015-2017	75	0.02673	0.02638	0.5	73839	1948	72866	942477	12.76
2015-2017	76	0.02933	0.02891	0.5	71892	2078	70853	869611	12.10
2015-2017	77	0.03246	0.03194	0.5	69813	2230	68698	798759	11.44
2015-2017	78	0.03603	0.03539	0.5	67583	2392	66387	730060	10.80
2015-2017	79	0.04026	0.03946	0.5	65191	2573	63905	663673	10.18
2015-2017	80	0.04535	0.04434	0.5	62619	2777	61230	599768	9.58
2015-2017	81	0.05069	0.04943	0.5	59842	2958	58363	538538	9.00
2015-2017	82	0.05747	0.05587	0.5	56884	3178	55295	480175	8.44
2015-2017	83	0.06285	0.06093	0.5	53706	3273	52069	424880	7.91
2015-2017	84	0.06986	0.06750	0.5	50433	3404	48731	372811	7.39
2015-2017	85	0.07756	0.07467	0.5	47029	3512	45273	324080	6.89
2015-2017	86	0.08812	0.08440	0.5	43517	3673	41681	278807	6.41
2015-2017	87	0.10198	0.09703	0.5	39844	3866	37911	237126	5.95
2015-2017	88	0.11052	0.10473	0.5	35978	3768	34094	199214	5.54
2015-2017	89	0.12714	0.11955	0.5	32210	3851	30285	165120	5.13
2015-2017	90	0.14287	0.13334	0.5	28360	3782	26469	134835	4.75
2015-2017	91	0.16218	0.15002	0.5	24578	3687	22735	108366	4.41
2015-2017	92	0.17926	0.16452	0.5	20891	3437	19172	85632	4.10
2015-2017	93	0.19554	0.17812	0.5	17454	3109	15900	66459	3.81
2015-2017	94	0.22143	0.19936	0.5	14345	2860	12915	50560	3.52
2015-2017	95	0.24244	0.21622	0.5	11485	2483	10244	37645	3.28
2015-2017	96	0.26773	0.23612	0.5	9002	2126	7939	27401	3.04
2015-2017	97	0.29467	0.25683	0.5	6876	1766	5993	19462	2.83
2015-2017	98	0.32317	0.27821	0.5	5110	1422	4399	13469	2.64
2015-2017	99	0.35307	0.30010	0.5	3689	1107	3135	9070	2.46
2015-2017	100	0.38422	0.32230	0.5	2582	832	2166	5935	2.30
2015-2017	101	0.41639	0.34464	0.5	1750	603	1448	3769	2.15
2015-2017	102	0.44932	0.36690	0.5	1147	421	936	2321	2.02
2015-2017	103	0.48275	0.38889	0.5	726	282	585	1385	1.91
2015-2017	104	0.51638	0.41042	0.5	444	182	353	800	1.80
2015-2017	105	0.54991	0.43132	0.5	262	113	205	447	1.71
2015-2017	106	0.58302	0.45143	0.5	149	67	115	242	1.63
2015-2017	107	0.61544	0.47062	0.5	82	38	62	127	1.56
2015-2017	108	0.64691	0.48880	0.5	43	21	33	65	1.50
2015-2017	109	0.67718	0.50589	0.5	22	11	16	32	1.45
2015-2017	110+	0.70606	1.00000	1.42	11	11	15	15	1.42
