MA: Massachusetts, Lifetables (period 1x10), Both sexes Last modified: 3 Dec 2019, MPv5 (May07) 

Year     	Age	mx	qx	ax	lx	dx	Lx	Tx	ex
1960-1969	0	0.02090	0.02051	0.11	100000	2051	98167	7120286	71.20
1960-1969	1	0.00107	0.00107	0.5	97949	105	97896	7022119	71.69
1960-1969	2	0.00074	0.00074	0.5	97844	73	97808	6924222	70.77
1960-1969	3	0.00058	0.00058	0.5	97771	57	97743	6826415	69.82
1960-1969	4	0.00050	0.00050	0.5	97715	49	97690	6728672	68.86
1960-1969	5	0.00047	0.00047	0.5	97665	46	97642	6630982	67.89
1960-1969	6	0.00043	0.00043	0.5	97619	42	97598	6533339	66.93
1960-1969	7	0.00042	0.00042	0.5	97577	41	97557	6435741	65.96
1960-1969	8	0.00031	0.00031	0.5	97537	30	97522	6338184	64.98
1960-1969	9	0.00030	0.00030	0.5	97507	29	97492	6240662	64.00
1960-1969	10	0.00032	0.00032	0.5	97478	31	97462	6143170	63.02
1960-1969	11	0.00029	0.00029	0.5	97447	29	97432	6045708	62.04
1960-1969	12	0.00030	0.00030	0.5	97418	29	97403	5948276	61.06
1960-1969	13	0.00033	0.00033	0.5	97389	32	97373	5850872	60.08
1960-1969	14	0.00036	0.00036	0.5	97357	35	97339	5753499	59.10
1960-1969	15	0.00044	0.00044	0.5	97321	42	97300	5656160	58.12
1960-1969	16	0.00063	0.00063	0.5	97279	61	97248	5558860	57.14
1960-1969	17	0.00074	0.00074	0.5	97218	72	97182	5461612	56.18
1960-1969	18	0.00079	0.00079	0.5	97146	77	97107	5364430	55.22
1960-1969	19	0.00084	0.00084	0.5	97069	81	97028	5267323	54.26
1960-1969	20	0.00085	0.00084	0.5	96988	82	96947	5170294	53.31
1960-1969	21	0.00094	0.00094	0.5	96906	91	96860	5073347	52.35
1960-1969	22	0.00095	0.00095	0.5	96815	92	96769	4976487	51.40
1960-1969	23	0.00092	0.00092	0.5	96723	89	96679	4879718	50.45
1960-1969	24	0.00091	0.00091	0.5	96634	88	96591	4783039	49.50
1960-1969	25	0.00085	0.00085	0.5	96547	82	96506	4686448	48.54
1960-1969	26	0.00084	0.00084	0.5	96465	81	96425	4589942	47.58
1960-1969	27	0.00088	0.00088	0.5	96384	85	96342	4493518	46.62
1960-1969	28	0.00099	0.00099	0.5	96299	95	96252	4397176	45.66
1960-1969	29	0.00096	0.00096	0.5	96204	93	96158	4300924	44.71
1960-1969	30	0.00108	0.00108	0.5	96111	104	96059	4204767	43.75
1960-1969	31	0.00124	0.00123	0.5	96008	119	95948	4108707	42.80
1960-1969	32	0.00118	0.00118	0.5	95889	113	95833	4012759	41.85
1960-1969	33	0.00125	0.00125	0.5	95776	119	95717	3916926	40.90
1960-1969	34	0.00150	0.00150	0.5	95657	144	95585	3821210	39.95
1960-1969	35	0.00162	0.00162	0.5	95513	154	95436	3725625	39.01
1960-1969	36	0.00179	0.00179	0.5	95359	171	95273	3630189	38.07
1960-1969	37	0.00192	0.00192	0.5	95188	183	95097	3534915	37.14
1960-1969	38	0.00217	0.00217	0.5	95005	206	94902	3439819	36.21
1960-1969	39	0.00236	0.00236	0.5	94799	223	94688	3344916	35.28
1960-1969	40	0.00255	0.00254	0.5	94576	240	94456	3250229	34.37
1960-1969	41	0.00288	0.00287	0.5	94336	271	94200	3155773	33.45
1960-1969	42	0.00325	0.00324	0.5	94065	305	93912	3061573	32.55
1960-1969	43	0.00363	0.00362	0.5	93760	339	93590	2967661	31.65
1960-1969	44	0.00376	0.00375	0.5	93420	350	93245	2874071	30.76
1960-1969	45	0.00423	0.00422	0.5	93070	393	92874	2780825	29.88
1960-1969	46	0.00479	0.00477	0.5	92677	443	92456	2687952	29.00
1960-1969	47	0.00532	0.00530	0.5	92235	489	91990	2595496	28.14
1960-1969	48	0.00583	0.00582	0.5	91745	534	91479	2503506	27.29
1960-1969	49	0.00629	0.00627	0.5	91212	572	90926	2412027	26.44
1960-1969	50	0.00733	0.00730	0.5	90640	662	90309	2321102	25.61
1960-1969	51	0.00761	0.00759	0.5	89978	683	89637	2230793	24.79
1960-1969	52	0.00870	0.00866	0.5	89295	774	88908	2141156	23.98
1960-1969	53	0.00940	0.00936	0.5	88522	828	88107	2052248	23.18
1960-1969	54	0.01051	0.01046	0.5	87693	917	87235	1964140	22.40
1960-1969	55	0.01086	0.01080	0.5	86776	938	86307	1876906	21.63
1960-1969	56	0.01222	0.01215	0.5	85839	1043	85317	1790598	20.86
1960-1969	57	0.01334	0.01325	0.5	84796	1123	84234	1705281	20.11
1960-1969	58	0.01498	0.01487	0.5	83673	1244	83051	1621046	19.37
1960-1969	59	0.01599	0.01587	0.5	82429	1308	81775	1537996	18.66
1960-1969	60	0.01724	0.01709	0.5	81121	1387	80427	1456221	17.95
1960-1969	61	0.01807	0.01791	0.5	79734	1428	79020	1375793	17.25
1960-1969	62	0.02094	0.02073	0.5	78306	1623	77495	1296773	16.56
1960-1969	63	0.02203	0.02179	0.5	76683	1671	75848	1219279	15.90
1960-1969	64	0.02400	0.02372	0.5	75012	1779	74123	1143431	15.24
1960-1969	65	0.02699	0.02663	0.5	73233	1950	72258	1069308	14.60
1960-1969	66	0.02751	0.02714	0.5	71283	1934	70316	997050	13.99
1960-1969	67	0.03143	0.03094	0.5	69348	2146	68276	926735	13.36
1960-1969	68	0.03343	0.03288	0.5	67203	2209	66098	858459	12.77
1960-1969	69	0.03542	0.03481	0.5	64993	2262	63862	792361	12.19
1960-1969	70	0.04016	0.03937	0.5	62731	2469	61496	728499	11.61
1960-1969	71	0.04075	0.03994	0.5	60261	2407	59058	667003	11.07
1960-1969	72	0.04790	0.04678	0.5	57855	2706	56501	607945	10.51
1960-1969	73	0.05103	0.04976	0.5	55148	2744	53776	551443	10.00
1960-1969	74	0.05533	0.05384	0.5	52404	2822	50993	497667	9.50
1960-1969	75	0.06059	0.05881	0.5	49582	2916	48124	446674	9.01
1960-1969	76	0.06372	0.06175	0.5	46666	2882	45225	398550	8.54
1960-1969	77	0.06870	0.06642	0.5	43784	2908	42330	353325	8.07
1960-1969	78	0.07640	0.07359	0.5	40876	3008	39372	310995	7.61
1960-1969	79	0.08256	0.07928	0.5	37868	3002	36367	271623	7.17
1960-1969	80	0.09575	0.09138	0.5	34866	3186	33273	235256	6.75
1960-1969	81	0.09670	0.09224	0.5	31680	2922	30219	201983	6.38
1960-1969	82	0.11037	0.10460	0.5	28758	3008	27254	171764	5.97
1960-1969	83	0.12298	0.11586	0.5	25750	2983	24258	144511	5.61
1960-1969	84	0.13357	0.12521	0.5	22766	2851	21341	120253	5.28
1960-1969	85	0.14726	0.13716	0.5	19916	2732	18550	98912	4.97
1960-1969	86	0.15819	0.14659	0.5	17184	2519	15925	80362	4.68
1960-1969	87	0.17317	0.15937	0.5	14665	2337	13496	64437	4.39
1960-1969	88	0.18468	0.16906	0.5	12328	2084	11286	50941	4.13
1960-1969	89	0.20496	0.18591	0.5	10244	1904	9291	39655	3.87
1960-1969	90	0.22475	0.20205	0.5	8339	1685	7497	30364	3.64
1960-1969	91	0.23657	0.21155	0.5	6654	1408	5950	22867	3.44
1960-1969	92	0.25869	0.22906	0.5	5247	1202	4646	16917	3.22
1960-1969	93	0.28157	0.24682	0.5	4045	998	3546	12271	3.03
1960-1969	94	0.30131	0.26186	0.5	3046	798	2648	8725	2.86
1960-1969	95	0.32375	0.27864	0.5	2249	627	1935	6078	2.70
1960-1969	96	0.34706	0.29574	0.5	1622	480	1382	4142	2.55
1960-1969	97	0.37118	0.31308	0.5	1142	358	964	2760	2.42
1960-1969	98	0.39600	0.33055	0.5	785	259	655	1796	2.29
1960-1969	99	0.42141	0.34807	0.5	525	183	434	1141	2.17
1960-1969	100	0.44728	0.36553	0.5	342	125	280	707	2.07
1960-1969	101	0.47349	0.38285	0.5	217	83	176	427	1.97
1960-1969	102	0.49988	0.39992	0.5	134	54	107	252	1.88
1960-1969	103	0.52631	0.41666	0.5	80	34	64	144	1.80
1960-1969	104	0.55263	0.43299	0.5	47	20	37	81	1.72
1960-1969	105	0.57870	0.44883	0.5	27	12	21	44	1.65
1960-1969	106	0.60437	0.46412	0.5	15	7	11	23	1.59
1960-1969	107	0.62950	0.47880	0.5	8	4	6	12	1.54
1960-1969	108	0.65399	0.49283	0.5	4	2	3	6	1.49
1960-1969	109	0.67771	0.50619	0.5	2	1	2	3	1.45
1960-1969	110+	0.70058	1.00000	1.43	1	1	1	1	1.43
1970-1979	0	0.01377	0.01359	0.09	100000	1359	98758	7333627	73.34
1970-1979	1	0.00082	0.00082	0.5	98641	81	98600	7234869	73.35
1970-1979	2	0.00056	0.00056	0.5	98559	55	98532	7136269	72.41
1970-1979	3	0.00046	0.00046	0.5	98504	45	98482	7037737	71.45
1970-1979	4	0.00041	0.00041	0.5	98459	40	98439	6939256	70.48
1970-1979	5	0.00038	0.00038	0.5	98419	37	98400	6840817	69.51
1970-1979	6	0.00030	0.00030	0.5	98381	30	98367	6742417	68.53
1970-1979	7	0.00032	0.00032	0.5	98352	31	98336	6644050	67.55
1970-1979	8	0.00025	0.00025	0.5	98320	25	98308	6545715	66.58
1970-1979	9	0.00025	0.00025	0.5	98295	24	98283	6447407	65.59
1970-1979	10	0.00024	0.00024	0.5	98271	24	98259	6349124	64.61
1970-1979	11	0.00023	0.00023	0.5	98247	23	98236	6250864	63.62
1970-1979	12	0.00023	0.00023	0.5	98225	22	98214	6152628	62.64
1970-1979	13	0.00031	0.00031	0.5	98202	31	98187	6054415	61.65
1970-1979	14	0.00040	0.00040	0.5	98172	39	98152	5956228	60.67
1970-1979	15	0.00049	0.00049	0.5	98133	49	98109	5858076	59.70
1970-1979	16	0.00063	0.00063	0.5	98084	62	98053	5759967	58.72
1970-1979	17	0.00090	0.00090	0.5	98023	88	97979	5661914	57.76
1970-1979	18	0.00104	0.00104	0.5	97935	102	97884	5563935	56.81
1970-1979	19	0.00109	0.00109	0.5	97833	107	97780	5466051	55.87
1970-1979	20	0.00106	0.00106	0.5	97727	103	97675	5368271	54.93
1970-1979	21	0.00101	0.00101	0.5	97623	99	97574	5270596	53.99
1970-1979	22	0.00108	0.00108	0.5	97524	105	97472	5173022	53.04
1970-1979	23	0.00101	0.00101	0.5	97419	98	97370	5075551	52.10
1970-1979	24	0.00095	0.00095	0.5	97321	93	97274	4978181	51.15
1970-1979	25	0.00106	0.00106	0.5	97228	103	97177	4880906	50.20
1970-1979	26	0.00098	0.00098	0.5	97125	96	97077	4783730	49.25
1970-1979	27	0.00097	0.00097	0.5	97030	94	96982	4686652	48.30
1970-1979	28	0.00096	0.00096	0.5	96935	93	96889	4589670	47.35
1970-1979	29	0.00106	0.00106	0.5	96842	102	96791	4492781	46.39
1970-1979	30	0.00100	0.00100	0.5	96740	96	96691	4395991	45.44
1970-1979	31	0.00105	0.00105	0.5	96643	101	96593	4299299	44.49
1970-1979	32	0.00115	0.00115	0.5	96542	111	96486	4202707	43.53
1970-1979	33	0.00127	0.00127	0.5	96431	122	96370	4106220	42.58
1970-1979	34	0.00127	0.00127	0.5	96309	123	96248	4009851	41.64
1970-1979	35	0.00138	0.00138	0.5	96186	133	96120	3913603	40.69
1970-1979	36	0.00149	0.00149	0.5	96053	143	95982	3817483	39.74
1970-1979	37	0.00166	0.00166	0.5	95910	159	95830	3721502	38.80
1970-1979	38	0.00190	0.00189	0.5	95751	181	95660	3625671	37.87
1970-1979	39	0.00211	0.00211	0.5	95570	202	95469	3530011	36.94
1970-1979	40	0.00238	0.00238	0.5	95368	227	95254	3434542	36.01
1970-1979	41	0.00245	0.00245	0.5	95141	233	95025	3339288	35.10
1970-1979	42	0.00295	0.00295	0.5	94908	280	94768	3244263	34.18
1970-1979	43	0.00332	0.00331	0.5	94628	314	94471	3149495	33.28
1970-1979	44	0.00350	0.00349	0.5	94315	329	94150	3055023	32.39
1970-1979	45	0.00393	0.00393	0.5	93986	369	93801	2960873	31.50
1970-1979	46	0.00422	0.00421	0.5	93617	394	93420	2867072	30.63
1970-1979	47	0.00478	0.00476	0.5	93223	444	93001	2773652	29.75
1970-1979	48	0.00512	0.00511	0.5	92779	474	92542	2680651	28.89
1970-1979	49	0.00560	0.00558	0.5	92305	515	92047	2588110	28.04
1970-1979	50	0.00617	0.00615	0.5	91790	564	91508	2496062	27.19
1970-1979	51	0.00665	0.00663	0.5	91226	605	90923	2404555	26.36
1970-1979	52	0.00718	0.00715	0.5	90621	648	90297	2313631	25.53
1970-1979	53	0.00799	0.00796	0.5	89973	716	89615	2223334	24.71
1970-1979	54	0.00883	0.00879	0.5	89257	784	88864	2133720	23.91
1970-1979	55	0.00967	0.00963	0.5	88472	852	88046	2044855	23.11
1970-1979	56	0.01021	0.01016	0.5	87621	890	87175	1956809	22.33
1970-1979	57	0.01159	0.01153	0.5	86730	1000	86230	1869633	21.56
1970-1979	58	0.01243	0.01235	0.5	85730	1059	85201	1783403	20.80
1970-1979	59	0.01357	0.01348	0.5	84671	1141	84101	1698202	20.06
1970-1979	60	0.01490	0.01479	0.5	83530	1235	82913	1614101	19.32
1970-1979	61	0.01588	0.01576	0.5	82295	1297	81647	1531188	18.61
1970-1979	62	0.01826	0.01810	0.5	80998	1466	80265	1449542	17.90
1970-1979	63	0.01906	0.01888	0.5	79533	1502	78782	1369276	17.22
1970-1979	64	0.02049	0.02028	0.5	78031	1583	77239	1290495	16.54
1970-1979	65	0.02295	0.02268	0.5	76448	1734	75581	1213255	15.87
1970-1979	66	0.02380	0.02352	0.5	74714	1758	73835	1137675	15.23
1970-1979	67	0.02656	0.02621	0.5	72956	1912	72000	1063840	14.58
1970-1979	68	0.02863	0.02823	0.5	71044	2005	70041	991840	13.96
1970-1979	69	0.03051	0.03005	0.5	69039	2075	68001	921798	13.35
1970-1979	70	0.03294	0.03241	0.5	66964	2170	65878	853797	12.75
1970-1979	71	0.03512	0.03451	0.5	64793	2236	63675	787919	12.16
1970-1979	72	0.04051	0.03970	0.5	62557	2484	61315	724244	11.58
1970-1979	73	0.04273	0.04184	0.5	60074	2513	58817	662928	11.04
1970-1979	74	0.04598	0.04494	0.5	57560	2587	56267	604111	10.50
1970-1979	75	0.05094	0.04967	0.5	54973	2731	53608	547844	9.97
1970-1979	76	0.05530	0.05381	0.5	52243	2811	50837	494236	9.46
1970-1979	77	0.05992	0.05818	0.5	49431	2876	47994	443399	8.97
1970-1979	78	0.06635	0.06422	0.5	46556	2990	45061	395406	8.49
1970-1979	79	0.07306	0.07049	0.5	43566	3071	42030	350345	8.04
1970-1979	80	0.07766	0.07475	0.5	40495	3027	38981	308315	7.61
1970-1979	81	0.08258	0.07931	0.5	37468	2971	35982	269333	7.19
1970-1979	82	0.09348	0.08930	0.5	34496	3081	32956	233351	6.76
1970-1979	83	0.10328	0.09821	0.5	31416	3085	29873	200395	6.38
1970-1979	84	0.11170	0.10579	0.5	28330	2997	26832	170522	6.02
1970-1979	85	0.12231	0.11526	0.5	25333	2920	23873	143691	5.67
1970-1979	86	0.13280	0.12453	0.5	22413	2791	21018	119817	5.35
1970-1979	87	0.14463	0.13488	0.5	19622	2647	18299	98799	5.04
1970-1979	88	0.15682	0.14542	0.5	16976	2469	15741	80501	4.74
1970-1979	89	0.16813	0.15509	0.5	14507	2250	13382	64759	4.46
1970-1979	90	0.18458	0.16899	0.5	12257	2071	11221	51377	4.19
1970-1979	91	0.19783	0.18002	0.5	10186	1834	9269	40156	3.94
1970-1979	92	0.21849	0.19697	0.5	8352	1645	7530	30887	3.70
1970-1979	93	0.23320	0.20885	0.5	6707	1401	6007	23357	3.48
1970-1979	94	0.25540	0.22648	0.5	5306	1202	4705	17350	3.27
1970-1979	95	0.27540	0.24207	0.5	4105	994	3608	12645	3.08
1970-1979	96	0.29642	0.25816	0.5	3111	803	2709	9037	2.90
1970-1979	97	0.31840	0.27467	0.5	2308	634	1991	6328	2.74
1970-1979	98	0.34128	0.29153	0.5	1674	488	1430	4337	2.59
1970-1979	99	0.36500	0.30867	0.5	1186	366	1003	2907	2.45
1970-1979	100	0.38946	0.32598	0.5	820	267	686	1904	2.32
1970-1979	101	0.41455	0.34338	0.5	553	190	458	1218	2.20
1970-1979	102	0.44016	0.36077	0.5	363	131	297	760	2.09
1970-1979	103	0.46616	0.37804	0.5	232	88	188	463	2.00
1970-1979	104	0.49240	0.39512	0.5	144	57	116	275	1.90
1970-1979	105	0.51874	0.41190	0.5	87	36	69	159	1.82
1970-1979	106	0.54502	0.42830	0.5	51	22	40	90	1.75
1970-1979	107	0.57111	0.44425	0.5	29	13	23	49	1.68
1970-1979	108	0.59686	0.45968	0.5	16	7	13	26	1.62
1970-1979	109	0.62212	0.47452	0.5	9	4	7	14	1.58
1970-1979	110+	0.64678	1.00000	1.55	5	5	7	7	1.55
1980-1989	0	0.00895	0.00888	0.07	100000	888	99177	7558036	75.58
1980-1989	1	0.00059	0.00059	0.5	99112	58	99083	7458859	75.26
1980-1989	2	0.00041	0.00041	0.5	99054	41	99034	7359776	74.30
1980-1989	3	0.00030	0.00030	0.5	99013	29	98999	7260742	73.33
1980-1989	4	0.00024	0.00024	0.5	98984	24	98972	7161743	72.35
1980-1989	5	0.00024	0.00024	0.5	98960	24	98948	7062771	71.37
1980-1989	6	0.00021	0.00021	0.5	98937	20	98926	6963823	70.39
1980-1989	7	0.00017	0.00017	0.5	98916	17	98908	6864897	69.40
1980-1989	8	0.00018	0.00018	0.5	98899	18	98890	6765989	68.41
1980-1989	9	0.00018	0.00018	0.5	98881	18	98872	6667099	67.43
1980-1989	10	0.00018	0.00018	0.5	98864	18	98855	6568227	66.44
1980-1989	11	0.00017	0.00017	0.5	98846	17	98837	6469372	65.45
1980-1989	12	0.00019	0.00019	0.5	98829	19	98819	6370535	64.46
1980-1989	13	0.00022	0.00022	0.5	98810	22	98799	6271716	63.47
1980-1989	14	0.00025	0.00025	0.5	98788	25	98776	6172917	62.49
1980-1989	15	0.00039	0.00039	0.5	98763	38	98744	6074141	61.50
1980-1989	16	0.00053	0.00053	0.5	98725	53	98699	5975397	60.53
1980-1989	17	0.00069	0.00069	0.5	98672	68	98639	5876699	59.56
1980-1989	18	0.00076	0.00076	0.5	98605	75	98567	5778060	58.60
1980-1989	19	0.00081	0.00081	0.5	98530	80	98489	5679493	57.64
1980-1989	20	0.00080	0.00080	0.5	98449	78	98410	5581003	56.69
1980-1989	21	0.00083	0.00083	0.5	98371	82	98330	5482593	55.73
1980-1989	22	0.00083	0.00083	0.5	98289	81	98249	5384263	54.78
1980-1989	23	0.00077	0.00077	0.5	98208	76	98170	5286015	53.82
1980-1989	24	0.00079	0.00079	0.5	98132	78	98093	5187845	52.87
1980-1989	25	0.00080	0.00080	0.5	98054	78	98015	5089751	51.91
1980-1989	26	0.00083	0.00083	0.5	97976	81	97936	4991736	50.95
1980-1989	27	0.00087	0.00087	0.5	97895	85	97853	4893800	49.99
1980-1989	28	0.00090	0.00090	0.5	97811	88	97766	4795947	49.03
1980-1989	29	0.00089	0.00089	0.5	97722	87	97679	4698181	48.08
1980-1989	30	0.00097	0.00097	0.5	97635	94	97588	4600502	47.12
1980-1989	31	0.00107	0.00107	0.5	97541	104	97489	4502914	46.16
1980-1989	32	0.00110	0.00110	0.5	97437	107	97383	4405425	45.21
1980-1989	33	0.00110	0.00110	0.5	97330	107	97276	4308042	44.26
1980-1989	34	0.00118	0.00118	0.5	97223	115	97166	4210766	43.31
1980-1989	35	0.00123	0.00123	0.5	97108	120	97048	4113600	42.36
1980-1989	36	0.00140	0.00140	0.5	96989	136	96921	4016552	41.41
1980-1989	37	0.00144	0.00144	0.5	96853	139	96783	3919631	40.47
1980-1989	38	0.00162	0.00162	0.5	96713	156	96635	3822848	39.53
1980-1989	39	0.00161	0.00161	0.5	96557	155	96479	3726213	38.59
1980-1989	40	0.00180	0.00180	0.5	96402	174	96315	3629734	37.65
1980-1989	41	0.00206	0.00206	0.5	96228	198	96129	3533419	36.72
1980-1989	42	0.00221	0.00221	0.5	96030	212	95924	3437289	35.79
1980-1989	43	0.00232	0.00232	0.5	95818	222	95707	3341365	34.87
1980-1989	44	0.00255	0.00255	0.5	95596	244	95474	3245658	33.95
1980-1989	45	0.00293	0.00293	0.5	95352	279	95212	3150185	33.04
1980-1989	46	0.00316	0.00316	0.5	95073	300	94922	3054972	32.13
1980-1989	47	0.00355	0.00354	0.5	94772	335	94605	2960050	31.23
1980-1989	48	0.00420	0.00419	0.5	94437	395	94239	2865445	30.34
1980-1989	49	0.00451	0.00450	0.5	94041	423	93830	2771206	29.47
1980-1989	50	0.00474	0.00473	0.5	93618	442	93397	2677376	28.60
1980-1989	51	0.00570	0.00568	0.5	93176	529	92911	2583979	27.73
1980-1989	52	0.00624	0.00622	0.5	92646	576	92358	2491068	26.89
1980-1989	53	0.00670	0.00668	0.5	92070	615	91762	2398710	26.05
1980-1989	54	0.00733	0.00731	0.5	91455	668	91121	2306947	25.22
1980-1989	55	0.00797	0.00794	0.5	90787	721	90426	2215827	24.41
1980-1989	56	0.00858	0.00855	0.5	90066	770	89681	2125400	23.60
1980-1989	57	0.00939	0.00935	0.5	89296	835	88879	2035720	22.80
1980-1989	58	0.01061	0.01055	0.5	88461	934	87994	1946841	22.01
1980-1989	59	0.01144	0.01137	0.5	87527	995	87030	1858847	21.24
1980-1989	60	0.01263	0.01255	0.5	86532	1086	85989	1771817	20.48
1980-1989	61	0.01327	0.01318	0.5	85446	1126	84883	1685828	19.73
1980-1989	62	0.01550	0.01538	0.5	84320	1297	83671	1600945	18.99
1980-1989	63	0.01640	0.01627	0.5	83023	1350	82347	1517273	18.28
1980-1989	64	0.01738	0.01723	0.5	81672	1407	80969	1434926	17.57
1980-1989	65	0.01931	0.01912	0.5	80265	1535	79498	1353957	16.87
1980-1989	66	0.02092	0.02071	0.5	78730	1630	77915	1274460	16.19
1980-1989	67	0.02262	0.02237	0.5	77100	1725	76238	1196544	15.52
1980-1989	68	0.02474	0.02444	0.5	75375	1842	74454	1120307	14.86
1980-1989	69	0.02742	0.02705	0.5	73533	1989	72539	1045853	14.22
1980-1989	70	0.02930	0.02888	0.5	71544	2066	70511	973314	13.60
1980-1989	71	0.03192	0.03142	0.5	69478	2183	68386	902803	12.99
1980-1989	72	0.03553	0.03491	0.5	67295	2349	66120	834416	12.40
1980-1989	73	0.03791	0.03720	0.5	64946	2416	63738	768296	11.83
1980-1989	74	0.04063	0.03982	0.5	62530	2490	61285	704558	11.27
1980-1989	75	0.04401	0.04307	0.5	60040	2586	58747	643273	10.71
1980-1989	76	0.04768	0.04657	0.5	57454	2676	56116	584526	10.17
1980-1989	77	0.05199	0.05067	0.5	54779	2776	53391	528410	9.65
1980-1989	78	0.05615	0.05461	0.5	52003	2840	50583	475019	9.13
1980-1989	79	0.06203	0.06016	0.5	49163	2958	47684	424436	8.63
1980-1989	80	0.06693	0.06476	0.5	46205	2992	44709	376752	8.15
1980-1989	81	0.07521	0.07248	0.5	43213	3132	41647	332043	7.68
1980-1989	82	0.08287	0.07957	0.5	40081	3189	38486	290396	7.25
1980-1989	83	0.08966	0.08581	0.5	36892	3166	35309	251910	6.83
1980-1989	84	0.09896	0.09430	0.5	33726	3180	32136	216601	6.42
1980-1989	85	0.10857	0.10298	0.5	30546	3146	28973	184465	6.04
1980-1989	86	0.11785	0.11129	0.5	27400	3049	25875	155493	5.67
1980-1989	87	0.13118	0.12310	0.5	24350	2998	22852	129618	5.32
1980-1989	88	0.14224	0.13280	0.5	21353	2836	19935	106766	5.00
1980-1989	89	0.15434	0.14328	0.5	18517	2653	17191	86831	4.69
1980-1989	90	0.17232	0.15865	0.5	15864	2517	14606	69640	4.39
1980-1989	91	0.18176	0.16661	0.5	13347	2224	12235	55035	4.12
1980-1989	92	0.20582	0.18662	0.5	11123	2076	10085	42799	3.85
1980-1989	93	0.22174	0.19961	0.5	9048	1806	8145	32714	3.62
1980-1989	94	0.24098	0.21507	0.5	7242	1557	6463	24569	3.39
1980-1989	95	0.26141	0.23119	0.5	5684	1314	5027	18106	3.19
1980-1989	96	0.28300	0.24792	0.5	4370	1083	3828	13079	2.99
1980-1989	97	0.30572	0.26519	0.5	3287	872	2851	9251	2.81
1980-1989	98	0.32951	0.28290	0.5	2415	683	2073	6400	2.65
1980-1989	99	0.35429	0.30097	0.5	1732	521	1471	4327	2.50
1980-1989	100	0.37995	0.31929	0.5	1211	387	1017	2856	2.36
1980-1989	101	0.40639	0.33776	0.5	824	278	685	1838	2.23
1980-1989	102	0.43346	0.35625	0.5	546	194	449	1153	2.11
1980-1989	103	0.46100	0.37465	0.5	351	132	286	705	2.01
1980-1989	104	0.48886	0.39284	0.5	220	86	177	419	1.91
1980-1989	105	0.51686	0.41072	0.5	133	55	106	243	1.82
1980-1989	106	0.54482	0.42818	0.5	79	34	62	137	1.74
1980-1989	107	0.57255	0.44513	0.5	45	20	35	75	1.67
1980-1989	108	0.59990	0.46148	0.5	25	12	19	40	1.61
1980-1989	109	0.62668	0.47717	0.5	13	6	10	21	1.56
1980-1989	110+	0.65276	1.00000	1.53	7	7	11	11	1.53
1990-1999	0	0.00597	0.00593	0.06	100000	593	99445	7743488	77.43
1990-1999	1	0.00040	0.00040	0.5	99407	40	99387	7644043	76.90
1990-1999	2	0.00026	0.00026	0.5	99366	26	99353	7544656	75.93
1990-1999	3	0.00018	0.00018	0.5	99340	18	99331	7445303	74.95
1990-1999	4	0.00016	0.00016	0.5	99323	16	99314	7345971	73.96
1990-1999	5	0.00013	0.00013	0.5	99306	13	99300	7246657	72.97
1990-1999	6	0.00013	0.00013	0.5	99293	13	99287	7147357	71.98
1990-1999	7	0.00012	0.00012	0.5	99280	12	99274	7048070	70.99
1990-1999	8	0.00012	0.00012	0.5	99269	12	99263	6948796	70.00
1990-1999	9	0.00009	0.00009	0.5	99257	9	99252	6849533	69.01
1990-1999	10	0.00011	0.00011	0.5	99248	11	99242	6750281	68.01
1990-1999	11	0.00012	0.00012	0.5	99237	12	99231	6651039	67.02
1990-1999	12	0.00016	0.00016	0.5	99225	16	99217	6551808	66.03
1990-1999	13	0.00017	0.00017	0.5	99209	17	99201	6452591	65.04
1990-1999	14	0.00024	0.00024	0.5	99193	24	99181	6353390	64.05
1990-1999	15	0.00031	0.00031	0.5	99169	31	99153	6254209	63.07
1990-1999	16	0.00046	0.00046	0.5	99138	45	99115	6155056	62.09
1990-1999	17	0.00056	0.00056	0.5	99093	56	99065	6055940	61.11
1990-1999	18	0.00066	0.00066	0.5	99037	65	99004	5956875	60.15
1990-1999	19	0.00061	0.00061	0.5	98972	61	98941	5857871	59.19
1990-1999	20	0.00057	0.00057	0.5	98911	56	98883	5758930	58.22
1990-1999	21	0.00062	0.00062	0.5	98855	61	98824	5660047	57.26
1990-1999	22	0.00062	0.00062	0.5	98794	61	98763	5561222	56.29
1990-1999	23	0.00064	0.00064	0.5	98732	63	98700	5462459	55.33
1990-1999	24	0.00062	0.00062	0.5	98669	61	98638	5363759	54.36
1990-1999	25	0.00064	0.00064	0.5	98608	63	98576	5265121	53.39
1990-1999	26	0.00063	0.00063	0.5	98545	62	98514	5166545	52.43
1990-1999	27	0.00072	0.00072	0.5	98482	71	98447	5068031	51.46
1990-1999	28	0.00081	0.00081	0.5	98411	80	98371	4969584	50.50
1990-1999	29	0.00082	0.00082	0.5	98332	81	98291	4871213	49.54
1990-1999	30	0.00099	0.00099	0.5	98251	97	98202	4772922	48.58
1990-1999	31	0.00109	0.00109	0.5	98154	107	98100	4674719	47.63
1990-1999	32	0.00116	0.00116	0.5	98047	114	97990	4576619	46.68
1990-1999	33	0.00115	0.00115	0.5	97933	113	97877	4478629	45.73
1990-1999	34	0.00131	0.00131	0.5	97820	129	97756	4380752	44.78
1990-1999	35	0.00141	0.00141	0.5	97692	138	97623	4282996	43.84
1990-1999	36	0.00150	0.00150	0.5	97554	146	97481	4185374	42.90
1990-1999	37	0.00158	0.00158	0.5	97408	154	97330	4087893	41.97
1990-1999	38	0.00170	0.00170	0.5	97253	165	97171	3990562	41.03
1990-1999	39	0.00180	0.00179	0.5	97088	174	97001	3893392	40.10
1990-1999	40	0.00183	0.00183	0.5	96914	178	96825	3796391	39.17
1990-1999	41	0.00207	0.00207	0.5	96736	200	96636	3699566	38.24
1990-1999	42	0.00221	0.00221	0.5	96536	213	96430	3602929	37.32
1990-1999	43	0.00226	0.00226	0.5	96323	218	96215	3506499	36.40
1990-1999	44	0.00236	0.00236	0.5	96106	227	95992	3410285	35.48
1990-1999	45	0.00261	0.00261	0.5	95879	250	95754	3314293	34.57
1990-1999	46	0.00287	0.00286	0.5	95629	274	95492	3218539	33.66
1990-1999	47	0.00310	0.00310	0.5	95355	295	95207	3123047	32.75
1990-1999	48	0.00329	0.00329	0.5	95060	312	94903	3027840	31.85
1990-1999	49	0.00347	0.00346	0.5	94747	328	94583	2932937	30.96
1990-1999	50	0.00377	0.00376	0.5	94419	355	94242	2838353	30.06
1990-1999	51	0.00435	0.00434	0.5	94064	409	93860	2744112	29.17
1990-1999	52	0.00474	0.00473	0.5	93656	443	93434	2650252	28.30
1990-1999	53	0.00533	0.00531	0.5	93213	495	92965	2556818	27.43
1990-1999	54	0.00538	0.00537	0.5	92718	498	92469	2463852	26.57
1990-1999	55	0.00637	0.00635	0.5	92220	586	91927	2371383	25.71
1990-1999	56	0.00693	0.00690	0.5	91634	633	91318	2279456	24.88
1990-1999	57	0.00754	0.00751	0.5	91002	684	90660	2188138	24.05
1990-1999	58	0.00884	0.00880	0.5	90318	795	89921	2097478	23.22
1990-1999	59	0.00923	0.00919	0.5	89523	823	89112	2007558	22.42
1990-1999	60	0.01015	0.01010	0.5	88701	896	88253	1918446	21.63
1990-1999	61	0.01141	0.01134	0.5	87805	996	87307	1830193	20.84
1990-1999	62	0.01258	0.01250	0.5	86809	1085	86266	1742886	20.08
1990-1999	63	0.01374	0.01364	0.5	85724	1170	85139	1656620	19.33
1990-1999	64	0.01496	0.01485	0.5	84555	1256	83927	1571480	18.59
1990-1999	65	0.01581	0.01569	0.5	83299	1307	82645	1487554	17.86
1990-1999	66	0.01798	0.01782	0.5	81992	1461	81261	1404908	17.13
1990-1999	67	0.01868	0.01850	0.5	80531	1490	79786	1323647	16.44
1990-1999	68	0.02127	0.02105	0.5	79041	1664	78209	1243861	15.74
1990-1999	69	0.02288	0.02263	0.5	77377	1751	76502	1165653	15.06
1990-1999	70	0.02457	0.02428	0.5	75626	1836	74708	1089151	14.40
1990-1999	71	0.02739	0.02702	0.5	73790	1994	72793	1014443	13.75
1990-1999	72	0.02944	0.02902	0.5	71796	2083	70755	941649	13.12
1990-1999	73	0.03223	0.03172	0.5	69713	2211	68607	870895	12.49
1990-1999	74	0.03523	0.03462	0.5	67502	2337	66333	802287	11.89
1990-1999	75	0.03789	0.03719	0.5	65165	2423	63953	735954	11.29
1990-1999	76	0.04129	0.04045	0.5	62742	2538	61473	672001	10.71
1990-1999	77	0.04580	0.04478	0.5	60204	2696	58856	610528	10.14
1990-1999	78	0.04981	0.04860	0.5	57508	2795	56110	551672	9.59
1990-1999	79	0.05472	0.05327	0.5	54713	2914	53256	495562	9.06
1990-1999	80	0.06195	0.06009	0.5	51799	3113	50242	442306	8.54
1990-1999	81	0.06721	0.06503	0.5	48686	3166	47103	392064	8.05
1990-1999	82	0.07456	0.07188	0.5	45520	3272	43884	344960	7.58
1990-1999	83	0.08202	0.07879	0.5	42248	3329	40584	301076	7.13
1990-1999	84	0.09026	0.08636	0.5	38920	3361	37239	260492	6.69
1990-1999	85	0.10010	0.09533	0.5	35558	3390	33863	223253	6.28
1990-1999	86	0.11055	0.10476	0.5	32168	3370	30483	189390	5.89
1990-1999	87	0.12063	0.11377	0.5	28798	3276	27160	158906	5.52
1990-1999	88	0.13193	0.12376	0.5	25522	3159	23943	131746	5.16
1990-1999	89	0.14573	0.13583	0.5	22363	3038	20844	107804	4.82
1990-1999	90	0.16328	0.15095	0.5	19326	2917	17867	86959	4.50
1990-1999	91	0.17676	0.16241	0.5	16408	2665	15076	69092	4.21
1990-1999	92	0.19304	0.17605	0.5	13743	2419	12534	54016	3.93
1990-1999	93	0.21496	0.19409	0.5	11324	2198	10225	41482	3.66
1990-1999	94	0.23509	0.21036	0.5	9126	1920	8166	31257	3.43
1990-1999	95	0.25656	0.22739	0.5	7206	1639	6387	23091	3.20
1990-1999	96	0.27934	0.24511	0.5	5568	1365	4885	16704	3.00
1990-1999	97	0.30339	0.26343	0.5	4203	1107	3649	11819	2.81
1990-1999	98	0.32864	0.28226	0.5	3096	874	2659	8170	2.64
1990-1999	99	0.35499	0.30148	0.5	2222	670	1887	5511	2.48
1990-1999	100	0.38232	0.32097	0.5	1552	498	1303	3624	2.33
1990-1999	101	0.41050	0.34059	0.5	1054	359	874	2321	2.20
1990-1999	102	0.43934	0.36021	0.5	695	250	570	1446	2.08
1990-1999	103	0.46867	0.37969	0.5	445	169	360	877	1.97
1990-1999	104	0.49828	0.39890	0.5	276	110	221	516	1.87
1990-1999	105	0.52797	0.41770	0.5	166	69	131	295	1.78
1990-1999	106	0.55752	0.43598	0.5	97	42	75	164	1.70
1990-1999	107	0.58672	0.45364	0.5	54	25	42	89	1.63
1990-1999	108	0.61537	0.47058	0.5	30	14	23	47	1.57
1990-1999	109	0.64330	0.48674	0.5	16	8	12	24	1.52
1990-1999	110+	0.67032	1.00000	1.49	8	8	12	12	1.49
2000-2009	0	0.00507	0.00505	0.06	100000	505	99527	7912190	79.12
2000-2009	1	0.00028	0.00028	0.5	99495	28	99481	7812663	78.52
2000-2009	2	0.00016	0.00016	0.5	99467	16	99459	7713182	77.54
2000-2009	3	0.00014	0.00014	0.5	99451	14	99444	7613723	76.56
2000-2009	4	0.00012	0.00012	0.5	99437	12	99431	7514279	75.57
2000-2009	5	0.00011	0.00011	0.5	99426	11	99420	7414847	74.58
2000-2009	6	0.00010	0.00010	0.5	99415	10	99410	7315427	73.59
2000-2009	7	0.00008	0.00008	0.5	99405	8	99401	7216017	72.59
2000-2009	8	0.00008	0.00008	0.5	99397	8	99393	7116617	71.60
2000-2009	9	0.00009	0.00009	0.5	99388	9	99384	7017224	70.60
2000-2009	10	0.00011	0.00011	0.5	99379	11	99374	6917840	69.61
2000-2009	11	0.00009	0.00009	0.5	99368	9	99364	6818467	68.62
2000-2009	12	0.00011	0.00011	0.5	99359	11	99353	6719103	67.62
2000-2009	13	0.00012	0.00012	0.5	99348	12	99342	6619750	66.63
2000-2009	14	0.00015	0.00015	0.5	99336	15	99328	6520408	65.64
2000-2009	15	0.00019	0.00019	0.5	99321	19	99311	6421080	64.65
2000-2009	16	0.00031	0.00031	0.5	99302	30	99286	6321769	63.66
2000-2009	17	0.00042	0.00042	0.5	99271	42	99250	6222482	62.68
2000-2009	18	0.00050	0.00050	0.5	99229	50	99204	6123232	61.71
2000-2009	19	0.00051	0.00051	0.5	99180	50	99154	6024028	60.74
2000-2009	20	0.00059	0.00059	0.5	99129	58	99100	5924874	59.77
2000-2009	21	0.00067	0.00067	0.5	99071	66	99038	5825773	58.80
2000-2009	22	0.00069	0.00069	0.5	99005	68	98971	5726735	57.84
2000-2009	23	0.00072	0.00072	0.5	98937	71	98902	5627764	56.88
2000-2009	24	0.00073	0.00073	0.5	98866	72	98830	5528862	55.92
2000-2009	25	0.00067	0.00067	0.5	98794	66	98761	5430031	54.96
2000-2009	26	0.00071	0.00071	0.5	98728	70	98694	5331270	54.00
2000-2009	27	0.00072	0.00072	0.5	98659	71	98623	5232577	53.04
2000-2009	28	0.00067	0.00067	0.5	98588	66	98555	5133953	52.08
2000-2009	29	0.00075	0.00075	0.5	98521	73	98485	5035399	51.11
2000-2009	30	0.00075	0.00075	0.5	98448	74	98411	4936914	50.15
2000-2009	31	0.00081	0.00081	0.5	98374	80	98334	4838503	49.18
2000-2009	32	0.00081	0.00081	0.5	98294	80	98255	4740169	48.22
2000-2009	33	0.00089	0.00089	0.5	98215	88	98171	4641915	47.26
2000-2009	34	0.00093	0.00093	0.5	98127	91	98081	4543744	46.30
2000-2009	35	0.00104	0.00104	0.5	98036	102	97985	4445662	45.35
2000-2009	36	0.00112	0.00111	0.5	97934	109	97879	4347678	44.39
2000-2009	37	0.00121	0.00120	0.5	97825	118	97766	4249798	43.44
2000-2009	38	0.00136	0.00136	0.5	97707	133	97641	4152032	42.49
2000-2009	39	0.00143	0.00143	0.5	97574	140	97504	4054392	41.55
2000-2009	40	0.00158	0.00157	0.5	97434	153	97358	3956887	40.61
2000-2009	41	0.00168	0.00168	0.5	97281	163	97199	3859529	39.67
2000-2009	42	0.00186	0.00186	0.5	97118	181	97027	3762330	38.74
2000-2009	43	0.00200	0.00200	0.5	96937	194	96840	3665303	37.81
2000-2009	44	0.00231	0.00231	0.5	96743	223	96632	3568463	36.89
2000-2009	45	0.00242	0.00242	0.5	96520	233	96403	3471831	35.97
2000-2009	46	0.00260	0.00260	0.5	96287	250	96161	3375428	35.06
2000-2009	47	0.00283	0.00283	0.5	96036	272	95901	3279267	34.15
2000-2009	48	0.00315	0.00315	0.5	95765	301	95614	3183366	33.24
2000-2009	49	0.00336	0.00335	0.5	95463	320	95304	3087752	32.34
2000-2009	50	0.00359	0.00358	0.5	95144	341	94973	2992448	31.45
2000-2009	51	0.00375	0.00374	0.5	94803	355	94625	2897475	30.56
2000-2009	52	0.00417	0.00416	0.5	94448	393	94251	2802850	29.68
2000-2009	53	0.00462	0.00461	0.5	94055	434	93838	2708598	28.80
2000-2009	54	0.00473	0.00472	0.5	93621	442	93400	2614760	27.93
2000-2009	55	0.00531	0.00530	0.5	93179	494	92932	2521360	27.06
2000-2009	56	0.00558	0.00557	0.5	92686	516	92427	2428428	26.20
2000-2009	57	0.00615	0.00613	0.5	92169	565	91887	2336000	25.34
2000-2009	58	0.00694	0.00692	0.5	91604	633	91287	2244113	24.50
2000-2009	59	0.00740	0.00737	0.5	90971	670	90635	2152826	23.67
2000-2009	60	0.00795	0.00792	0.5	90300	715	89943	2062191	22.84
2000-2009	61	0.00874	0.00870	0.5	89585	780	89195	1972248	22.02
2000-2009	62	0.00946	0.00941	0.5	88805	836	88387	1883053	21.20
2000-2009	63	0.01072	0.01067	0.5	87969	938	87500	1794666	20.40
2000-2009	64	0.01171	0.01165	0.5	87031	1014	86524	1707166	19.62
2000-2009	65	0.01260	0.01252	0.5	86018	1077	85479	1620641	18.84
2000-2009	66	0.01398	0.01389	0.5	84941	1180	84351	1535162	18.07
2000-2009	67	0.01522	0.01510	0.5	83761	1265	83129	1450811	17.32
2000-2009	68	0.01687	0.01673	0.5	82496	1380	81806	1367683	16.58
2000-2009	69	0.01867	0.01849	0.5	81116	1500	80366	1285877	15.85
2000-2009	70	0.02072	0.02051	0.5	79616	1633	78799	1205511	15.14
2000-2009	71	0.02245	0.02220	0.5	77983	1731	77117	1126712	14.45
2000-2009	72	0.02466	0.02436	0.5	76252	1857	75323	1049594	13.76
2000-2009	73	0.02706	0.02670	0.5	74395	1986	73402	974271	13.10
2000-2009	74	0.02959	0.02915	0.5	72409	2111	71353	900869	12.44
2000-2009	75	0.03287	0.03234	0.5	70298	2273	69161	829516	11.80
2000-2009	76	0.03592	0.03529	0.5	68024	2400	66824	760355	11.18
2000-2009	77	0.03953	0.03877	0.5	65624	2544	64352	693531	10.57
2000-2009	78	0.04316	0.04225	0.5	63080	2665	61747	629179	9.97
2000-2009	79	0.04765	0.04654	0.5	60415	2812	59009	567431	9.39
2000-2009	80	0.05337	0.05198	0.5	57603	2994	56106	508423	8.83
2000-2009	81	0.05989	0.05815	0.5	54609	3176	53021	452316	8.28
2000-2009	82	0.06668	0.06453	0.5	51433	3319	49774	399295	7.76
2000-2009	83	0.07392	0.07129	0.5	48114	3430	46399	349521	7.26
2000-2009	84	0.08343	0.08009	0.5	44684	3579	42895	303122	6.78
2000-2009	85	0.09227	0.08820	0.5	41106	3626	39293	260227	6.33
2000-2009	86	0.10515	0.09990	0.5	37480	3744	35608	220934	5.89
2000-2009	87	0.11586	0.10951	0.5	33736	3695	31889	185326	5.49
2000-2009	88	0.12905	0.12123	0.5	30041	3642	28220	153438	5.11
2000-2009	89	0.14648	0.13648	0.5	26399	3603	24598	125218	4.74
2000-2009	90	0.16239	0.15019	0.5	22796	3424	21084	100620	4.41
2000-2009	91	0.17900	0.16429	0.5	19373	3183	17781	79535	4.11
2000-2009	92	0.19533	0.17795	0.5	16190	2881	14749	61754	3.81
2000-2009	93	0.22376	0.20125	0.5	13309	2678	11970	47005	3.53
2000-2009	94	0.24239	0.21619	0.5	10630	2298	9481	35035	3.30
2000-2009	95	0.26679	0.23539	0.5	8332	1961	7352	25554	3.07
2000-2009	96	0.29273	0.25535	0.5	6371	1627	5558	18202	2.86
2000-2009	97	0.32014	0.27596	0.5	4744	1309	4090	12645	2.67
2000-2009	98	0.34889	0.29707	0.5	3435	1020	2925	8555	2.49
2000-2009	99	0.37884	0.31851	0.5	2415	769	2030	5630	2.33
2000-2009	100	0.40980	0.34011	0.5	1645	560	1366	3600	2.19
2000-2009	101	0.44154	0.36169	0.5	1086	393	889	2235	2.06
2000-2009	102	0.47382	0.38307	0.5	693	265	560	1345	1.94
2000-2009	103	0.50636	0.40406	0.5	428	173	341	785	1.84
2000-2009	104	0.53891	0.42452	0.5	255	108	201	444	1.74
2000-2009	105	0.57116	0.44428	0.5	147	65	114	243	1.66
2000-2009	106	0.60287	0.46324	0.5	81	38	63	129	1.58
2000-2009	107	0.63378	0.48127	0.5	44	21	33	66	1.52
2000-2009	108	0.66366	0.49831	0.5	23	11	17	33	1.46
2000-2009	109	0.69232	0.51429	0.5	11	6	8	16	1.42
2000-2009	110+	0.71960	1.00000	1.39	6	6	8	8	1.39
2010-2017	0	0.00416	0.00414	0.06	100000	414	99611	8056449	80.56
2010-2017	1	0.00023	0.00023	0.5	99586	23	99575	7956838	79.90
2010-2017	2	0.00016	0.00016	0.5	99563	16	99555	7857263	78.92
2010-2017	3	0.00014	0.00014	0.5	99547	14	99540	7757708	77.93
2010-2017	4	0.00010	0.00010	0.5	99534	10	99528	7658168	76.94
2010-2017	5	0.00008	0.00008	0.5	99523	8	99519	7558640	75.95
2010-2017	6	0.00008	0.00008	0.5	99515	8	99511	7459121	74.95
2010-2017	7	0.00008	0.00008	0.5	99506	8	99502	7359610	73.96
2010-2017	8	0.00009	0.00009	0.5	99498	9	99494	7260108	72.97
2010-2017	9	0.00009	0.00009	0.5	99490	9	99485	7160614	71.97
2010-2017	10	0.00009	0.00009	0.5	99480	9	99476	7061129	70.98
2010-2017	11	0.00007	0.00007	0.5	99472	7	99468	6961653	69.99
2010-2017	12	0.00010	0.00010	0.5	99465	10	99460	6862185	68.99
2010-2017	13	0.00009	0.00009	0.5	99455	9	99450	6762725	68.00
2010-2017	14	0.00012	0.00012	0.5	99446	12	99440	6663275	67.00
2010-2017	15	0.00018	0.00018	0.5	99434	18	99425	6563835	66.01
2010-2017	16	0.00024	0.00024	0.5	99416	24	99404	6464410	65.02
2010-2017	17	0.00029	0.00029	0.5	99391	29	99377	6365007	64.04
2010-2017	18	0.00036	0.00036	0.5	99362	36	99344	6265630	63.06
2010-2017	19	0.00039	0.00039	0.5	99326	39	99307	6166286	62.08
2010-2017	20	0.00047	0.00047	0.5	99287	47	99264	6066979	61.11
2010-2017	21	0.00060	0.00060	0.5	99241	60	99211	5967715	60.13
2010-2017	22	0.00070	0.00070	0.5	99181	69	99146	5868504	59.17
2010-2017	23	0.00083	0.00083	0.5	99112	82	99070	5769358	58.21
2010-2017	24	0.00087	0.00087	0.5	99029	86	98986	5670287	57.26
2010-2017	25	0.00085	0.00085	0.5	98944	84	98901	5571301	56.31
2010-2017	26	0.00090	0.00090	0.5	98859	89	98815	5472400	55.36
2010-2017	27	0.00093	0.00093	0.5	98771	92	98725	5373585	54.40
2010-2017	28	0.00100	0.00100	0.5	98679	99	98629	5274860	53.45
2010-2017	29	0.00104	0.00103	0.5	98580	102	98529	5176231	52.51
2010-2017	30	0.00103	0.00103	0.5	98478	101	98427	5077702	51.56
2010-2017	31	0.00111	0.00111	0.5	98377	109	98322	4979275	50.61
2010-2017	32	0.00112	0.00112	0.5	98268	110	98213	4880952	49.67
2010-2017	33	0.00114	0.00114	0.5	98158	112	98102	4782739	48.73
2010-2017	34	0.00122	0.00122	0.5	98046	120	97986	4684638	47.78
2010-2017	35	0.00123	0.00123	0.5	97927	121	97866	4586651	46.84
2010-2017	36	0.00124	0.00124	0.5	97806	121	97746	4488785	45.89
2010-2017	37	0.00128	0.00128	0.5	97685	125	97623	4391039	44.95
2010-2017	38	0.00136	0.00136	0.5	97560	133	97494	4293416	44.01
2010-2017	39	0.00141	0.00141	0.5	97428	138	97359	4195922	43.07
2010-2017	40	0.00149	0.00149	0.5	97290	145	97217	4098564	42.13
2010-2017	41	0.00151	0.00151	0.5	97145	147	97072	4001346	41.19
2010-2017	42	0.00171	0.00171	0.5	96998	166	96915	3904275	40.25
2010-2017	43	0.00177	0.00177	0.5	96833	171	96747	3807359	39.32
2010-2017	44	0.00204	0.00204	0.5	96661	197	96563	3710612	38.39
2010-2017	45	0.00202	0.00202	0.5	96464	195	96367	3614049	37.47
2010-2017	46	0.00233	0.00233	0.5	96269	224	96157	3517683	36.54
2010-2017	47	0.00250	0.00250	0.5	96045	240	95925	3421525	35.62
2010-2017	48	0.00274	0.00274	0.5	95805	262	95674	3325600	34.71
2010-2017	49	0.00298	0.00298	0.5	95543	285	95401	3229926	33.81
2010-2017	50	0.00345	0.00344	0.5	95259	328	95094	3134525	32.91
2010-2017	51	0.00357	0.00356	0.5	94930	338	94761	3039430	32.02
2010-2017	52	0.00387	0.00386	0.5	94592	366	94409	2944669	31.13
2010-2017	53	0.00407	0.00406	0.5	94227	382	94035	2850259	30.25
2010-2017	54	0.00447	0.00446	0.5	93844	418	93635	2756224	29.37
2010-2017	55	0.00478	0.00477	0.5	93426	446	93203	2662589	28.50
2010-2017	56	0.00520	0.00519	0.5	92980	482	92739	2569386	27.63
2010-2017	57	0.00565	0.00564	0.5	92498	521	92238	2476646	26.78
2010-2017	58	0.00616	0.00614	0.5	91977	565	91694	2384409	25.92
2010-2017	59	0.00661	0.00659	0.5	91412	602	91111	2292715	25.08
2010-2017	60	0.00680	0.00678	0.5	90810	615	90502	2201604	24.24
2010-2017	61	0.00740	0.00737	0.5	90194	665	89862	2111102	23.41
2010-2017	62	0.00812	0.00809	0.5	89529	724	89167	2021240	22.58
2010-2017	63	0.00889	0.00886	0.5	88805	786	88412	1932073	21.76
2010-2017	64	0.00954	0.00950	0.5	88019	836	87601	1843661	20.95
2010-2017	65	0.01026	0.01021	0.5	87183	890	86738	1756060	20.14
2010-2017	66	0.01136	0.01129	0.5	86293	974	85806	1669322	19.34
2010-2017	67	0.01216	0.01208	0.5	85318	1031	84803	1583517	18.56
2010-2017	68	0.01368	0.01359	0.5	84288	1145	83715	1498714	17.78
2010-2017	69	0.01515	0.01504	0.5	83142	1250	82517	1414999	17.02
2010-2017	70	0.01651	0.01638	0.5	81892	1341	81221	1332482	16.27
2010-2017	71	0.01801	0.01785	0.5	80551	1438	79832	1251260	15.53
2010-2017	72	0.02035	0.02014	0.5	79113	1593	78316	1171429	14.81
2010-2017	73	0.02178	0.02155	0.5	77519	1670	76684	1093113	14.10
2010-2017	74	0.02418	0.02389	0.5	75849	1812	74943	1016429	13.40
2010-2017	75	0.02683	0.02647	0.5	74037	1960	73057	941486	12.72
2010-2017	76	0.02975	0.02932	0.5	72077	2113	71020	868429	12.05
2010-2017	77	0.03302	0.03249	0.5	69964	2273	68827	797408	11.40
2010-2017	78	0.03665	0.03599	0.5	67691	2436	66473	728581	10.76
2010-2017	79	0.04041	0.03961	0.5	65255	2585	63962	662108	10.15
2010-2017	80	0.04528	0.04428	0.5	62670	2775	61283	598146	9.54
2010-2017	81	0.05156	0.05027	0.5	59895	3011	58390	536863	8.96
2010-2017	82	0.05769	0.05607	0.5	56884	3189	55289	478473	8.41
2010-2017	83	0.06338	0.06143	0.5	53695	3299	52045	423184	7.88
2010-2017	84	0.07086	0.06844	0.5	50396	3449	48672	371139	7.36
2010-2017	85	0.07826	0.07531	0.5	46947	3536	45179	322467	6.87
2010-2017	86	0.08872	0.08495	0.5	43412	3688	41568	277288	6.39
2010-2017	87	0.10256	0.09755	0.5	39724	3875	37786	235720	5.93
2010-2017	88	0.11301	0.10696	0.5	35849	3835	33931	197934	5.52
2010-2017	89	0.12729	0.11967	0.5	32014	3831	30098	164002	5.12
2010-2017	90	0.14273	0.13322	0.5	28183	3755	26306	133904	4.75
2010-2017	91	0.16153	0.14946	0.5	24428	3651	22603	107598	4.40
2010-2017	92	0.18109	0.16606	0.5	20777	3450	19052	84996	4.09
2010-2017	93	0.19895	0.18095	0.5	17327	3135	15759	65943	3.81
2010-2017	94	0.21869	0.19714	0.5	14192	2798	12793	50184	3.54
2010-2017	95	0.24219	0.21603	0.5	11394	2461	10163	37391	3.28
2010-2017	96	0.26739	0.23586	0.5	8933	2107	7879	27228	3.05
2010-2017	97	0.29423	0.25649	0.5	6826	1751	5950	19349	2.83
2010-2017	98	0.32261	0.27780	0.5	5075	1410	4370	13398	2.64
2010-2017	99	0.35241	0.29961	0.5	3665	1098	3116	9028	2.46
2010-2017	100	0.38345	0.32176	0.5	2567	826	2154	5912	2.30
2010-2017	101	0.41551	0.34403	0.5	1741	599	1442	3758	2.16
2010-2017	102	0.44835	0.36625	0.5	1142	418	933	2316	2.03
2010-2017	103	0.48170	0.38820	0.5	724	281	583	1383	1.91
2010-2017	104	0.51525	0.40970	0.5	443	181	352	800	1.81
2010-2017	105	0.54872	0.43058	0.5	261	113	205	448	1.71
2010-2017	106	0.58178	0.45068	0.5	149	67	115	243	1.63
2010-2017	107	0.61417	0.46988	0.5	82	38	63	127	1.56
2010-2017	108	0.64562	0.48807	0.5	43	21	33	65	1.50
2010-2017	109	0.67589	0.50517	0.5	22	11	17	32	1.45
2010-2017	110+	0.70478	1.00000	1.42	11	11	16	16	1.42
