MA: Massachusetts, Lifetables (period 1x5), Females Last modified: 3 Dec 2019, MPv5 (May07) 

Year     	Age	mx	qx	ax	lx	dx	Lx	Tx	ex
1960-1964	0	0.01810	0.01781	0.1	100000	1781	98404	7454128	74.54
1960-1964	1	0.00099	0.00099	0.5	98219	97	98170	7355725	74.89
1960-1964	2	0.00062	0.00062	0.5	98122	61	98091	7257554	73.96
1960-1964	3	0.00047	0.00047	0.5	98061	46	98038	7159463	73.01
1960-1964	4	0.00042	0.00042	0.5	98015	41	97994	7061425	72.04
1960-1964	5	0.00041	0.00041	0.5	97973	40	97953	6963431	71.07
1960-1964	6	0.00043	0.00043	0.5	97933	42	97912	6865478	70.10
1960-1964	7	0.00037	0.00037	0.5	97891	37	97873	6767566	69.13
1960-1964	8	0.00026	0.00026	0.5	97854	25	97841	6669694	68.16
1960-1964	9	0.00022	0.00022	0.5	97829	21	97818	6571852	67.18
1960-1964	10	0.00023	0.00023	0.5	97807	22	97796	6474034	66.19
1960-1964	11	0.00023	0.00023	0.5	97785	23	97774	6376238	65.21
1960-1964	12	0.00026	0.00026	0.5	97763	25	97750	6278464	64.22
1960-1964	13	0.00024	0.00024	0.5	97738	23	97726	6180714	63.24
1960-1964	14	0.00026	0.00026	0.5	97714	25	97702	6082988	62.25
1960-1964	15	0.00023	0.00023	0.5	97689	22	97678	5985286	61.27
1960-1964	16	0.00039	0.00039	0.5	97667	38	97648	5887608	60.28
1960-1964	17	0.00047	0.00047	0.5	97629	46	97606	5789961	59.31
1960-1964	18	0.00036	0.00036	0.5	97583	35	97565	5692355	58.33
1960-1964	19	0.00050	0.00050	0.5	97548	49	97523	5594790	57.35
1960-1964	20	0.00039	0.00039	0.5	97499	38	97480	5497267	56.38
1960-1964	21	0.00039	0.00039	0.5	97461	38	97442	5399787	55.40
1960-1964	22	0.00056	0.00056	0.5	97423	54	97395	5302345	54.43
1960-1964	23	0.00050	0.00050	0.5	97368	49	97344	5204950	53.46
1960-1964	24	0.00051	0.00051	0.5	97320	49	97295	5107606	52.48
1960-1964	25	0.00059	0.00059	0.5	97270	57	97242	5010311	51.51
1960-1964	26	0.00056	0.00056	0.5	97213	54	97186	4913069	50.54
1960-1964	27	0.00057	0.00057	0.5	97158	56	97131	4815884	49.57
1960-1964	28	0.00068	0.00068	0.5	97103	66	97069	4718753	48.60
1960-1964	29	0.00072	0.00072	0.5	97036	70	97001	4621684	47.63
1960-1964	30	0.00081	0.00081	0.5	96966	79	96927	4524683	46.66
1960-1964	31	0.00094	0.00094	0.5	96888	91	96842	4427756	45.70
1960-1964	32	0.00094	0.00094	0.5	96797	91	96752	4330913	44.74
1960-1964	33	0.00086	0.00086	0.5	96706	83	96665	4234162	43.78
1960-1964	34	0.00114	0.00114	0.5	96623	110	96568	4137497	42.82
1960-1964	35	0.00106	0.00106	0.5	96513	102	96462	4040929	41.87
1960-1964	36	0.00132	0.00132	0.5	96411	128	96347	3944467	40.91
1960-1964	37	0.00143	0.00143	0.5	96283	137	96214	3848120	39.97
1960-1964	38	0.00173	0.00173	0.5	96146	167	96062	3751906	39.02
1960-1964	39	0.00175	0.00175	0.5	95979	168	95895	3655843	38.09
1960-1964	40	0.00189	0.00189	0.5	95812	181	95721	3559948	37.16
1960-1964	41	0.00215	0.00214	0.5	95630	205	95528	3464227	36.23
1960-1964	42	0.00235	0.00235	0.5	95425	224	95313	3368699	35.30
1960-1964	43	0.00287	0.00287	0.5	95201	273	95065	3273386	34.38
1960-1964	44	0.00268	0.00268	0.5	94928	254	94801	3178321	33.48
1960-1964	45	0.00295	0.00295	0.5	94674	279	94534	3083520	32.57
1960-1964	46	0.00341	0.00341	0.5	94395	321	94234	2988986	31.66
1960-1964	47	0.00377	0.00377	0.5	94074	354	93896	2894751	30.77
1960-1964	48	0.00394	0.00393	0.5	93719	368	93535	2800855	29.89
1960-1964	49	0.00467	0.00465	0.5	93351	434	93134	2707320	29.00
1960-1964	50	0.00504	0.00503	0.5	92916	467	92683	2614187	28.13
1960-1964	51	0.00505	0.00503	0.5	92449	465	92216	2521504	27.27
1960-1964	52	0.00571	0.00569	0.5	91983	524	91722	2429288	26.41
1960-1964	53	0.00623	0.00621	0.5	91460	568	91176	2337566	25.56
1960-1964	54	0.00689	0.00687	0.5	90892	624	90580	2246390	24.71
1960-1964	55	0.00746	0.00743	0.5	90268	671	89933	2155810	23.88
1960-1964	56	0.00754	0.00751	0.5	89597	673	89261	2065878	23.06
1960-1964	57	0.00843	0.00839	0.5	88924	746	88551	1976617	22.23
1960-1964	58	0.00966	0.00961	0.5	88178	847	87754	1888066	21.41
1960-1964	59	0.01063	0.01058	0.5	87331	924	86869	1800311	20.61
1960-1964	60	0.01114	0.01107	0.5	86407	957	85928	1713443	19.83
1960-1964	61	0.01156	0.01149	0.5	85450	982	84959	1627514	19.05
1960-1964	62	0.01365	0.01356	0.5	84468	1145	83895	1542555	18.26
1960-1964	63	0.01555	0.01543	0.5	83323	1286	82680	1458660	17.51
1960-1964	64	0.01615	0.01602	0.5	82037	1314	81380	1375980	16.77
1960-1964	65	0.01936	0.01917	0.5	80723	1548	79949	1294601	16.04
1960-1964	66	0.01997	0.01977	0.5	79175	1565	78392	1214652	15.34
1960-1964	67	0.02284	0.02259	0.5	77610	1753	76733	1136260	14.64
1960-1964	68	0.02454	0.02424	0.5	75857	1839	74937	1059527	13.97
1960-1964	69	0.02644	0.02609	0.5	74018	1931	73053	984589	13.30
1960-1964	70	0.03109	0.03062	0.5	72087	2207	70983	911537	12.64
1960-1964	71	0.03114	0.03066	0.5	69880	2143	68809	840553	12.03
1960-1964	72	0.03772	0.03702	0.5	67737	2508	66483	771745	11.39
1960-1964	73	0.04143	0.04059	0.5	65229	2648	63905	705261	10.81
1960-1964	74	0.04337	0.04245	0.5	62582	2656	61253	641356	10.25
1960-1964	75	0.05015	0.04892	0.5	59925	2931	58459	580103	9.68
1960-1964	76	0.05332	0.05193	0.5	56994	2960	55514	521643	9.15
1960-1964	77	0.05664	0.05508	0.5	54034	2976	52546	466129	8.63
1960-1964	78	0.06553	0.06345	0.5	51057	3240	49438	413584	8.10
1960-1964	79	0.07151	0.06904	0.5	47818	3302	46167	364146	7.62
1960-1964	80	0.08597	0.08243	0.5	44516	3669	42681	317979	7.14
1960-1964	81	0.08484	0.08138	0.5	40847	3324	39185	275298	6.74
1960-1964	82	0.10043	0.09563	0.5	37522	3588	35728	236113	6.29
1960-1964	83	0.10880	0.10318	0.5	33934	3501	32184	200385	5.91
1960-1964	84	0.12373	0.11652	0.5	30433	3546	28660	168202	5.53
1960-1964	85	0.13535	0.12677	0.5	26887	3409	25182	139542	5.19
1960-1964	86	0.14791	0.13772	0.5	23478	3234	21861	114360	4.87
1960-1964	87	0.15988	0.14804	0.5	20245	2997	18746	92498	4.57
1960-1964	88	0.17658	0.16226	0.5	17247	2798	15848	73752	4.28
1960-1964	89	0.19043	0.17387	0.5	14449	2512	13193	57904	4.01
1960-1964	90	0.21869	0.19713	0.5	11937	2353	10760	44711	3.75
1960-1964	91	0.22007	0.19826	0.5	9584	1900	8634	33951	3.54
1960-1964	92	0.25261	0.22428	0.5	7684	1723	6822	25318	3.30
1960-1964	93	0.27218	0.23958	0.5	5960	1428	5246	18496	3.10
1960-1964	94	0.29193	0.25474	0.5	4532	1155	3955	13249	2.92
1960-1964	95	0.31499	0.27213	0.5	3378	919	2918	9294	2.75
1960-1964	96	0.33900	0.28987	0.5	2459	713	2102	6376	2.59
1960-1964	97	0.36387	0.30786	0.5	1746	537	1477	4274	2.45
1960-1964	98	0.38949	0.32600	0.5	1208	394	1011	2797	2.31
1960-1964	99	0.41574	0.34419	0.5	814	280	674	1785	2.19
1960-1964	100	0.44247	0.36231	0.5	534	194	437	1111	2.08
1960-1964	101	0.46953	0.38026	0.5	341	130	276	674	1.98
1960-1964	102	0.49678	0.39794	0.5	211	84	169	398	1.88
1960-1964	103	0.52405	0.41525	0.5	127	53	101	229	1.80
1960-1964	104	0.55118	0.43210	0.5	74	32	58	128	1.72
1960-1964	105	0.57800	0.44841	0.5	42	19	33	70	1.65
1960-1964	106	0.60437	0.46412	0.5	23	11	18	37	1.59
1960-1964	107	0.63015	0.47917	0.5	12	6	9	19	1.53
1960-1964	108	0.65521	0.49353	0.5	6	3	5	10	1.49
1960-1964	109	0.67943	0.50715	0.5	3	2	2	5	1.45
1960-1964	110+	0.70272	1.00000	1.42	2	2	2	2	1.42
1965-1969	0	0.01757	0.01730	0.1	100000	1730	98447	7473464	74.73
1965-1969	1	0.00095	0.00095	0.5	98270	93	98223	7375017	75.05
1965-1969	2	0.00068	0.00068	0.5	98177	66	98144	7276794	74.12
1965-1969	3	0.00047	0.00047	0.5	98110	46	98087	7178650	73.17
1965-1969	4	0.00045	0.00045	0.5	98064	44	98042	7080563	72.20
1965-1969	5	0.00037	0.00037	0.5	98020	36	98002	6982521	71.24
1965-1969	6	0.00029	0.00029	0.5	97984	29	97970	6884519	70.26
1965-1969	7	0.00033	0.00033	0.5	97955	32	97939	6786549	69.28
1965-1969	8	0.00025	0.00025	0.5	97923	25	97911	6688610	68.30
1965-1969	9	0.00028	0.00028	0.5	97898	28	97885	6590699	67.32
1965-1969	10	0.00027	0.00027	0.5	97871	26	97858	6492814	66.34
1965-1969	11	0.00023	0.00023	0.5	97845	22	97834	6394956	65.36
1965-1969	12	0.00021	0.00021	0.5	97823	21	97812	6297122	64.37
1965-1969	13	0.00024	0.00024	0.5	97802	23	97790	6199310	63.39
1965-1969	14	0.00023	0.00023	0.5	97779	22	97768	6101520	62.40
1965-1969	15	0.00036	0.00036	0.5	97757	35	97739	6003752	61.42
1965-1969	16	0.00042	0.00042	0.5	97721	41	97701	5906013	60.44
1965-1969	17	0.00036	0.00036	0.5	97681	35	97663	5808312	59.46
1965-1969	18	0.00041	0.00041	0.5	97645	40	97625	5710649	58.48
1965-1969	19	0.00042	0.00042	0.5	97605	41	97585	5613024	57.51
1965-1969	20	0.00051	0.00051	0.5	97565	49	97540	5515439	56.53
1965-1969	21	0.00051	0.00051	0.5	97515	50	97490	5417899	55.56
1965-1969	22	0.00058	0.00058	0.5	97465	56	97437	5320409	54.59
1965-1969	23	0.00053	0.00053	0.5	97409	52	97383	5222972	53.62
1965-1969	24	0.00061	0.00061	0.5	97357	60	97327	5125589	52.65
1965-1969	25	0.00059	0.00059	0.5	97297	57	97268	5028262	51.68
1965-1969	26	0.00067	0.00067	0.5	97240	65	97207	4930994	50.71
1965-1969	27	0.00071	0.00071	0.5	97175	69	97140	4833786	49.74
1965-1969	28	0.00053	0.00053	0.5	97106	51	97080	4736646	48.78
1965-1969	29	0.00067	0.00067	0.5	97054	65	97022	4639566	47.80
1965-1969	30	0.00079	0.00079	0.5	96990	76	96951	4542544	46.84
1965-1969	31	0.00102	0.00102	0.5	96913	98	96864	4445592	45.87
1965-1969	32	0.00085	0.00085	0.5	96815	82	96774	4348728	44.92
1965-1969	33	0.00107	0.00107	0.5	96733	104	96681	4251954	43.96
1965-1969	34	0.00131	0.00131	0.5	96629	126	96566	4155273	43.00
1965-1969	35	0.00125	0.00125	0.5	96503	121	96442	4058707	42.06
1965-1969	36	0.00148	0.00148	0.5	96382	143	96311	3962265	41.11
1965-1969	37	0.00144	0.00144	0.5	96239	139	96170	3865954	40.17
1965-1969	38	0.00160	0.00160	0.5	96101	154	96024	3769784	39.23
1965-1969	39	0.00172	0.00172	0.5	95947	165	95865	3673760	38.29
1965-1969	40	0.00200	0.00200	0.5	95782	192	95686	3577895	37.35
1965-1969	41	0.00217	0.00217	0.5	95590	207	95487	3482209	36.43
1965-1969	42	0.00235	0.00235	0.5	95383	224	95271	3386722	35.51
1965-1969	43	0.00268	0.00268	0.5	95159	255	95032	3291451	34.59
1965-1969	44	0.00299	0.00299	0.5	94904	283	94763	3196420	33.68
1965-1969	45	0.00335	0.00334	0.5	94621	316	94463	3101657	32.78
1965-1969	46	0.00356	0.00355	0.5	94305	335	94138	3007194	31.89
1965-1969	47	0.00403	0.00402	0.5	93970	378	93781	2913056	31.00
1965-1969	48	0.00418	0.00417	0.5	93592	390	93397	2819275	30.12
1965-1969	49	0.00443	0.00442	0.5	93201	412	92995	2725879	29.25
1965-1969	50	0.00509	0.00508	0.5	92790	471	92554	2632883	28.37
1965-1969	51	0.00542	0.00540	0.5	92318	499	92069	2540329	27.52
1965-1969	52	0.00625	0.00623	0.5	91819	572	91533	2448261	26.66
1965-1969	53	0.00655	0.00653	0.5	91247	596	90949	2356728	25.83
1965-1969	54	0.00685	0.00683	0.5	90651	619	90342	2265779	24.99
1965-1969	55	0.00726	0.00723	0.5	90032	651	89707	2175437	24.16
1965-1969	56	0.00863	0.00860	0.5	89381	768	88997	2085730	23.34
1965-1969	57	0.00867	0.00863	0.5	88613	765	88230	1996733	22.53
1965-1969	58	0.00995	0.00990	0.5	87848	870	87413	1908503	21.73
1965-1969	59	0.00996	0.00991	0.5	86978	862	86546	1821091	20.94
1965-1969	60	0.01103	0.01097	0.5	86115	945	85643	1734544	20.14
1965-1969	61	0.01198	0.01191	0.5	85170	1014	84663	1648902	19.36
1965-1969	62	0.01426	0.01416	0.5	84156	1192	83560	1564238	18.59
1965-1969	63	0.01396	0.01386	0.5	82964	1150	82389	1480678	17.85
1965-1969	64	0.01578	0.01566	0.5	81814	1281	81173	1398289	17.09
1965-1969	65	0.01710	0.01695	0.5	80533	1365	79850	1317115	16.36
1965-1969	66	0.01893	0.01876	0.5	79167	1485	78425	1237265	15.63
1965-1969	67	0.02138	0.02116	0.5	77682	1643	76861	1158840	14.92
1965-1969	68	0.02318	0.02291	0.5	76039	1742	75168	1081979	14.23
1965-1969	69	0.02459	0.02429	0.5	74297	1805	73394	1006811	13.55
1965-1969	70	0.02865	0.02825	0.5	72492	2048	71468	933417	12.88
1965-1969	71	0.02998	0.02954	0.5	70444	2081	69404	861949	12.24
1965-1969	72	0.03635	0.03570	0.5	68364	2441	67143	792545	11.59
1965-1969	73	0.03974	0.03896	0.5	65923	2569	64639	725401	11.00
1965-1969	74	0.04483	0.04385	0.5	63354	2778	61965	660763	10.43
1965-1969	75	0.04854	0.04739	0.5	60576	2870	59141	598797	9.88
1965-1969	76	0.05094	0.04968	0.5	57706	2867	56273	539656	9.35
1965-1969	77	0.05582	0.05431	0.5	54839	2978	53350	483383	8.81
1965-1969	78	0.06327	0.06133	0.5	51861	3181	50271	430033	8.29
1965-1969	79	0.06852	0.06625	0.5	48680	3225	47068	379762	7.80
1965-1969	80	0.08025	0.07716	0.5	45455	3507	43702	332695	7.32
1965-1969	81	0.08283	0.07954	0.5	41948	3336	40280	288993	6.89
1965-1969	82	0.09498	0.09068	0.5	38612	3501	36861	248713	6.44
1965-1969	83	0.10850	0.10292	0.5	35110	3614	33304	211852	6.03
1965-1969	84	0.11561	0.10930	0.5	31497	3443	29776	178548	5.67
1965-1969	85	0.13211	0.12392	0.5	28054	3477	26316	148773	5.30
1965-1969	86	0.14113	0.13183	0.5	24578	3240	22958	122457	4.98
1965-1969	87	0.15914	0.14741	0.5	21338	3145	19765	99499	4.66
1965-1969	88	0.16692	0.15406	0.5	18192	2803	16791	79734	4.38
1965-1969	89	0.18682	0.17086	0.5	15390	2630	14075	62943	4.09
1965-1969	90	0.20753	0.18802	0.5	12760	2399	11561	48868	3.83
1965-1969	91	0.22320	0.20079	0.5	10361	2080	9321	37307	3.60
1965-1969	92	0.23650	0.21149	0.5	8281	1751	7405	27987	3.38
1965-1969	93	0.27148	0.23903	0.5	6529	1561	5749	20582	3.15
1965-1969	94	0.28401	0.24870	0.5	4969	1236	4351	14833	2.99
1965-1969	95	0.30686	0.26604	0.5	3733	993	3236	10482	2.81
1965-1969	96	0.33069	0.28377	0.5	2740	777	2351	7246	2.64
1965-1969	97	0.35542	0.30179	0.5	1962	592	1666	4894	2.49
1965-1969	98	0.38095	0.32000	0.5	1370	438	1151	3228	2.36
1965-1969	99	0.40716	0.33829	0.5	932	315	774	2077	2.23
1965-1969	100	0.43390	0.35655	0.5	617	220	507	1303	2.11
1965-1969	101	0.46104	0.37467	0.5	397	149	322	797	2.01
1965-1969	102	0.48841	0.39254	0.5	248	97	199	474	1.91
1965-1969	103	0.51584	0.41008	0.5	151	62	120	275	1.82
1965-1969	104	0.54319	0.42717	0.5	89	38	70	155	1.74
1965-1969	105	0.57027	0.44374	0.5	51	23	40	85	1.67
1965-1969	106	0.59694	0.45973	0.5	28	13	22	46	1.61
1965-1969	107	0.62305	0.47506	0.5	15	7	12	24	1.55
1965-1969	108	0.64847	0.48969	0.5	8	4	6	12	1.50
1965-1969	109	0.67307	0.50359	0.5	4	2	3	6	1.46
1965-1969	110+	0.69675	1.00000	1.44	2	2	3	3	1.44
1970-1974	0	0.01313	0.01298	0.09	100000	1298	98819	7609773	76.10
1970-1974	1	0.00079	0.00079	0.5	98702	78	98664	7510954	76.10
1970-1974	2	0.00062	0.00062	0.5	98625	61	98594	7412291	75.16
1970-1974	3	0.00042	0.00042	0.5	98564	41	98543	7313696	74.20
1970-1974	4	0.00039	0.00039	0.5	98523	38	98503	7215153	73.23
1970-1974	5	0.00035	0.00035	0.5	98484	35	98467	7116650	72.26
1970-1974	6	0.00023	0.00023	0.5	98449	23	98438	7018183	71.29
1970-1974	7	0.00034	0.00034	0.5	98427	33	98410	6919745	70.30
1970-1974	8	0.00022	0.00022	0.5	98393	22	98382	6821335	69.33
1970-1974	9	0.00015	0.00015	0.5	98372	15	98364	6722952	68.34
1970-1974	10	0.00026	0.00026	0.5	98356	26	98344	6624588	67.35
1970-1974	11	0.00020	0.00020	0.5	98331	20	98321	6526245	66.37
1970-1974	12	0.00019	0.00019	0.5	98311	19	98302	6427924	65.38
1970-1974	13	0.00028	0.00028	0.5	98292	27	98279	6329622	64.40
1970-1974	14	0.00032	0.00032	0.5	98265	31	98249	6231343	63.41
1970-1974	15	0.00036	0.00036	0.5	98234	36	98216	6133094	62.43
1970-1974	16	0.00045	0.00045	0.5	98198	44	98176	6034878	61.46
1970-1974	17	0.00050	0.00050	0.5	98154	49	98129	5936702	60.48
1970-1974	18	0.00056	0.00056	0.5	98105	55	98078	5838572	59.51
1970-1974	19	0.00053	0.00053	0.5	98050	52	98024	5740495	58.55
1970-1974	20	0.00055	0.00055	0.5	97998	54	97971	5642471	57.58
1970-1974	21	0.00047	0.00047	0.5	97944	46	97921	5544500	56.61
1970-1974	22	0.00057	0.00057	0.5	97898	56	97870	5446579	55.63
1970-1974	23	0.00048	0.00048	0.5	97843	47	97819	5348708	54.67
1970-1974	24	0.00054	0.00054	0.5	97796	53	97770	5250889	53.69
1970-1974	25	0.00056	0.00056	0.5	97743	55	97716	5153119	52.72
1970-1974	26	0.00060	0.00060	0.5	97688	59	97659	5055404	51.75
1970-1974	27	0.00066	0.00066	0.5	97629	65	97597	4957745	50.78
1970-1974	28	0.00060	0.00060	0.5	97565	58	97535	4860148	49.81
1970-1974	29	0.00079	0.00079	0.5	97506	77	97468	4762612	48.84
1970-1974	30	0.00083	0.00083	0.5	97430	81	97389	4665144	47.88
1970-1974	31	0.00073	0.00073	0.5	97349	71	97313	4567755	46.92
1970-1974	32	0.00080	0.00080	0.5	97278	77	97239	4470442	45.96
1970-1974	33	0.00106	0.00106	0.5	97200	103	97148	4373203	44.99
1970-1974	34	0.00100	0.00100	0.5	97097	97	97048	4276054	44.04
1970-1974	35	0.00119	0.00119	0.5	97000	115	96942	4179006	43.08
1970-1974	36	0.00136	0.00136	0.5	96885	132	96819	4082064	42.13
1970-1974	37	0.00142	0.00142	0.5	96753	138	96684	3985245	41.19
1970-1974	38	0.00151	0.00151	0.5	96615	146	96543	3888560	40.25
1970-1974	39	0.00158	0.00158	0.5	96470	152	96394	3792018	39.31
1970-1974	40	0.00191	0.00191	0.5	96318	184	96225	3695624	38.37
1970-1974	41	0.00192	0.00192	0.5	96133	184	96041	3599399	37.44
1970-1974	42	0.00228	0.00228	0.5	95949	219	95840	3503358	36.51
1970-1974	43	0.00261	0.00260	0.5	95730	249	95606	3407518	35.59
1970-1974	44	0.00268	0.00268	0.5	95481	255	95353	3311912	34.69
1970-1974	45	0.00295	0.00294	0.5	95226	280	95085	3216559	33.78
1970-1974	46	0.00352	0.00351	0.5	94945	333	94779	3121473	32.88
1970-1974	47	0.00376	0.00375	0.5	94612	355	94435	3026695	31.99
1970-1974	48	0.00405	0.00404	0.5	94257	381	94067	2932260	31.11
1970-1974	49	0.00427	0.00426	0.5	93876	400	93676	2838194	30.23
1970-1974	50	0.00433	0.00432	0.5	93476	404	93274	2744517	29.36
1970-1974	51	0.00498	0.00497	0.5	93073	462	92841	2651243	28.49
1970-1974	52	0.00534	0.00533	0.5	92610	494	92364	2558401	27.63
1970-1974	53	0.00579	0.00577	0.5	92117	531	91851	2466038	26.77
1970-1974	54	0.00639	0.00637	0.5	91585	584	91294	2374187	25.92
1970-1974	55	0.00729	0.00726	0.5	91002	661	90671	2282893	25.09
1970-1974	56	0.00766	0.00763	0.5	90341	689	89996	2192222	24.27
1970-1974	57	0.00823	0.00820	0.5	89652	735	89284	2102226	23.45
1970-1974	58	0.00894	0.00890	0.5	88917	791	88521	2012941	22.64
1970-1974	59	0.00957	0.00952	0.5	88125	839	87706	1924420	21.84
1970-1974	60	0.01067	0.01062	0.5	87286	927	86823	1836715	21.04
1970-1974	61	0.01107	0.01100	0.5	86359	950	85884	1749892	20.26
1970-1974	62	0.01274	0.01265	0.5	85409	1081	84868	1664008	19.48
1970-1974	63	0.01286	0.01278	0.5	84328	1078	83789	1579140	18.73
1970-1974	64	0.01456	0.01446	0.5	83250	1204	82649	1495350	17.96
1970-1974	65	0.01618	0.01605	0.5	82047	1317	81388	1412702	17.22
1970-1974	66	0.01727	0.01712	0.5	80730	1382	80039	1331314	16.49
1970-1974	67	0.01833	0.01816	0.5	79348	1441	78627	1251275	15.77
1970-1974	68	0.02043	0.02022	0.5	77907	1575	77119	1172648	15.05
1970-1974	69	0.02238	0.02213	0.5	76331	1689	75487	1095529	14.35
1970-1974	70	0.02456	0.02426	0.5	74642	1811	73737	1020042	13.67
1970-1974	71	0.02664	0.02629	0.5	72831	1915	71874	946305	12.99
1970-1974	72	0.03208	0.03158	0.5	70917	2239	69797	874431	12.33
1970-1974	73	0.03335	0.03280	0.5	68677	2253	67551	804634	11.72
1970-1974	74	0.03745	0.03676	0.5	66425	2442	65204	737082	11.10
1970-1974	75	0.04246	0.04158	0.5	63983	2660	62653	671879	10.50
1970-1974	76	0.04550	0.04448	0.5	61323	2728	59959	609226	9.93
1970-1974	77	0.05093	0.04967	0.5	58595	2910	57140	549267	9.37
1970-1974	78	0.05927	0.05756	0.5	55684	3205	54082	492128	8.84
1970-1974	79	0.06428	0.06228	0.5	52479	3268	50845	438046	8.35
1970-1974	80	0.06929	0.06697	0.5	49211	3296	47563	387201	7.87
1970-1974	81	0.07320	0.07062	0.5	45915	3242	44294	339639	7.40
1970-1974	82	0.08390	0.08052	0.5	42673	3436	40955	295345	6.92
1970-1974	83	0.09762	0.09308	0.5	39237	3652	37411	254390	6.48
1970-1974	84	0.10452	0.09933	0.5	35585	3535	33817	216980	6.10
1970-1974	85	0.11940	0.11267	0.5	32050	3611	30244	183162	5.71
1970-1974	86	0.12950	0.12162	0.5	28439	3459	26709	152918	5.38
1970-1974	87	0.13850	0.12953	0.5	24980	3236	23362	126208	5.05
1970-1974	88	0.15686	0.14545	0.5	21744	3163	20163	102846	4.73
1970-1974	89	0.16423	0.15177	0.5	18582	2820	17172	82683	4.45
1970-1974	90	0.18135	0.16627	0.5	15762	2621	14451	65512	4.16
1970-1974	91	0.20075	0.18243	0.5	13141	2397	11942	51060	3.89
1970-1974	92	0.21974	0.19798	0.5	10744	2127	9680	39118	3.64
1970-1974	93	0.23847	0.21307	0.5	8616	1836	7699	29438	3.42
1970-1974	94	0.25904	0.22934	0.5	6781	1555	6003	21740	3.21
1970-1974	95	0.28074	0.24618	0.5	5226	1286	4582	15737	3.01
1970-1974	96	0.30350	0.26351	0.5	3939	1038	3420	11154	2.83
1970-1974	97	0.32727	0.28125	0.5	2901	816	2493	7734	2.67
1970-1974	98	0.35196	0.29929	0.5	2085	624	1773	5241	2.51
1970-1974	99	0.37747	0.31754	0.5	1461	464	1229	3468	2.37
1970-1974	100	0.40368	0.33589	0.5	997	335	830	2239	2.25
1970-1974	101	0.43045	0.35421	0.5	662	235	545	1409	2.13
1970-1974	102	0.45763	0.37242	0.5	428	159	348	864	2.02
1970-1974	103	0.48507	0.39039	0.5	268	105	216	516	1.92
1970-1974	104	0.51259	0.40802	0.5	164	67	130	300	1.83
1970-1974	105	0.54005	0.42522	0.5	97	41	76	170	1.75
1970-1974	106	0.56725	0.44192	0.5	56	25	43	94	1.68
1970-1974	107	0.59406	0.45802	0.5	31	14	24	50	1.62
1970-1974	108	0.62032	0.47347	0.5	17	8	13	26	1.56
1970-1974	109	0.64590	0.48823	0.5	9	4	7	13	1.52
1970-1974	110+	0.67067	1.00000	1.49	5	5	7	7	1.49
1975-1979	0	0.01031	0.01021	0.08	100000	1021	99063	7797868	77.98
1975-1979	1	0.00067	0.00067	0.5	98979	67	98946	7698806	77.78
1975-1979	2	0.00034	0.00034	0.5	98912	34	98896	7599860	76.83
1975-1979	3	0.00034	0.00034	0.5	98879	33	98862	7500964	75.86
1975-1979	4	0.00022	0.00022	0.5	98845	22	98834	7402102	74.89
1975-1979	5	0.00026	0.00026	0.5	98823	25	98811	7303268	73.90
1975-1979	6	0.00021	0.00021	0.5	98798	21	98788	7204457	72.92
1975-1979	7	0.00021	0.00021	0.5	98777	21	98767	7105669	71.94
1975-1979	8	0.00015	0.00015	0.5	98756	15	98749	7006902	70.95
1975-1979	9	0.00022	0.00022	0.5	98741	21	98731	6908154	69.96
1975-1979	10	0.00015	0.00015	0.5	98720	15	98713	6809423	68.98
1975-1979	11	0.00016	0.00016	0.5	98705	16	98697	6710710	67.99
1975-1979	12	0.00017	0.00017	0.5	98689	17	98681	6612013	67.00
1975-1979	13	0.00020	0.00020	0.5	98673	20	98663	6513332	66.01
1975-1979	14	0.00026	0.00026	0.5	98653	26	98640	6414669	65.02
1975-1979	15	0.00036	0.00036	0.5	98627	35	98609	6316030	64.04
1975-1979	16	0.00034	0.00034	0.5	98591	34	98574	6217421	63.06
1975-1979	17	0.00042	0.00042	0.5	98557	41	98537	6118846	62.08
1975-1979	18	0.00050	0.00050	0.5	98516	49	98492	6020310	61.11
1975-1979	19	0.00050	0.00050	0.5	98467	49	98442	5921818	60.14
1975-1979	20	0.00049	0.00049	0.5	98418	48	98394	5823376	59.17
1975-1979	21	0.00042	0.00042	0.5	98370	41	98349	5724982	58.20
1975-1979	22	0.00042	0.00042	0.5	98329	41	98308	5626633	57.22
1975-1979	23	0.00052	0.00052	0.5	98288	51	98262	5528325	56.25
1975-1979	24	0.00040	0.00040	0.5	98237	40	98217	5430063	55.28
1975-1979	25	0.00054	0.00054	0.5	98197	53	98171	5331846	54.30
1975-1979	26	0.00044	0.00044	0.5	98144	43	98122	5233675	53.33
1975-1979	27	0.00049	0.00049	0.5	98101	48	98077	5135553	52.35
1975-1979	28	0.00056	0.00056	0.5	98053	55	98025	5037476	51.38
1975-1979	29	0.00060	0.00060	0.5	97998	59	97968	4939450	50.40
1975-1979	30	0.00046	0.00046	0.5	97939	45	97916	4841482	49.43
1975-1979	31	0.00061	0.00061	0.5	97893	59	97864	4743566	48.46
1975-1979	32	0.00080	0.00080	0.5	97834	78	97795	4645702	47.49
1975-1979	33	0.00081	0.00081	0.5	97756	79	97716	4547907	46.52
1975-1979	34	0.00077	0.00077	0.5	97677	75	97639	4450191	45.56
1975-1979	35	0.00090	0.00090	0.5	97601	88	97558	4352552	44.60
1975-1979	36	0.00093	0.00093	0.5	97514	90	97469	4254994	43.63
1975-1979	37	0.00089	0.00089	0.5	97424	87	97380	4157526	42.67
1975-1979	38	0.00124	0.00124	0.5	97337	121	97277	4060145	41.71
1975-1979	39	0.00125	0.00125	0.5	97216	122	97156	3962869	40.76
1975-1979	40	0.00138	0.00138	0.5	97095	134	97028	3865713	39.81
1975-1979	41	0.00155	0.00154	0.5	96961	150	96886	3768685	38.87
1975-1979	42	0.00186	0.00186	0.5	96811	180	96721	3671799	37.93
1975-1979	43	0.00212	0.00212	0.5	96631	204	96529	3575078	37.00
1975-1979	44	0.00222	0.00221	0.5	96427	213	96320	3478549	36.07
1975-1979	45	0.00265	0.00265	0.5	96213	255	96086	3382229	35.15
1975-1979	46	0.00286	0.00286	0.5	95958	274	95821	3286143	34.25
1975-1979	47	0.00315	0.00315	0.5	95684	301	95533	3190322	33.34
1975-1979	48	0.00344	0.00344	0.5	95383	328	95219	3094789	32.45
1975-1979	49	0.00370	0.00369	0.5	95055	351	94879	2999570	31.56
1975-1979	50	0.00405	0.00404	0.5	94704	382	94513	2904691	30.67
1975-1979	51	0.00423	0.00422	0.5	94321	398	94122	2810178	29.79
1975-1979	52	0.00442	0.00441	0.5	93923	414	93716	2716056	28.92
1975-1979	53	0.00535	0.00534	0.5	93509	499	93260	2622340	28.04
1975-1979	54	0.00562	0.00561	0.5	93010	522	92749	2529080	27.19
1975-1979	55	0.00608	0.00606	0.5	92488	560	92208	2436331	26.34
1975-1979	56	0.00637	0.00635	0.5	91928	584	91636	2344122	25.50
1975-1979	57	0.00690	0.00688	0.5	91345	628	91030	2252486	24.66
1975-1979	58	0.00767	0.00764	0.5	90716	693	90370	2161456	23.83
1975-1979	59	0.00873	0.00870	0.5	90023	783	89632	2071086	23.01
1975-1979	60	0.00950	0.00946	0.5	89240	844	88818	1981454	22.20
1975-1979	61	0.01008	0.01003	0.5	88396	887	87953	1892636	21.41
1975-1979	62	0.01169	0.01162	0.5	87509	1017	87001	1804683	20.62
1975-1979	63	0.01218	0.01211	0.5	86493	1047	85969	1717682	19.86
1975-1979	64	0.01257	0.01249	0.5	85445	1067	84912	1631713	19.10
1975-1979	65	0.01455	0.01444	0.5	84378	1219	83769	1546801	18.33
1975-1979	66	0.01509	0.01497	0.5	83159	1245	82537	1463032	17.59
1975-1979	67	0.01734	0.01719	0.5	81914	1408	81210	1380495	16.85
1975-1979	68	0.01848	0.01831	0.5	80506	1474	79769	1299285	16.14
1975-1979	69	0.01995	0.01976	0.5	79032	1561	78251	1219516	15.43
1975-1979	70	0.02205	0.02181	0.5	77470	1690	76625	1141265	14.73
1975-1979	71	0.02268	0.02243	0.5	75780	1700	74931	1064640	14.05
1975-1979	72	0.02649	0.02615	0.5	74081	1937	73112	989709	13.36
1975-1979	73	0.02909	0.02868	0.5	72144	2069	71110	916597	12.71
1975-1979	74	0.03158	0.03109	0.5	70075	2179	68986	845487	12.07
1975-1979	75	0.03604	0.03540	0.5	67897	2404	66695	776502	11.44
1975-1979	76	0.03780	0.03710	0.5	65493	2430	64278	709807	10.84
1975-1979	77	0.04355	0.04262	0.5	63063	2688	61719	645529	10.24
1975-1979	78	0.04807	0.04694	0.5	60375	2834	58958	583810	9.67
1975-1979	79	0.05428	0.05284	0.5	57541	3041	56021	524851	9.12
1975-1979	80	0.05989	0.05815	0.5	54501	3169	52916	468830	8.60
1975-1979	81	0.06450	0.06248	0.5	51331	3207	49728	415914	8.10
1975-1979	82	0.07470	0.07201	0.5	48124	3465	46391	366187	7.61
1975-1979	83	0.08161	0.07841	0.5	44659	3502	42908	319796	7.16
1975-1979	84	0.09052	0.08660	0.5	41157	3564	39375	276888	6.73
1975-1979	85	0.09777	0.09321	0.5	37592	3504	35840	237513	6.32
1975-1979	86	0.11084	0.10502	0.5	34088	3580	32298	201673	5.92
1975-1979	87	0.12456	0.11726	0.5	30508	3577	28720	169375	5.55
1975-1979	88	0.13162	0.12350	0.5	26931	3326	25268	140655	5.22
1975-1979	89	0.14521	0.13538	0.5	23605	3196	22007	115387	4.89
1975-1979	90	0.16225	0.15008	0.5	20410	3063	18878	93379	4.58
1975-1979	91	0.17132	0.15780	0.5	17346	2737	15978	74501	4.29
1975-1979	92	0.19105	0.17439	0.5	14609	2548	13335	58523	4.01
1975-1979	93	0.21088	0.19076	0.5	12061	2301	10911	45188	3.75
1975-1979	94	0.22985	0.20616	0.5	9761	2012	8755	34277	3.51
1975-1979	95	0.24999	0.22221	0.5	7748	1722	6887	25523	3.29
1975-1979	96	0.27127	0.23887	0.5	6027	1440	5307	18635	3.09
1975-1979	97	0.29366	0.25606	0.5	4587	1175	4000	13328	2.91
1975-1979	98	0.31708	0.27369	0.5	3412	934	2945	9328	2.73
1975-1979	99	0.34148	0.29168	0.5	2478	723	2117	6383	2.58
1975-1979	100	0.36674	0.30991	0.5	1756	544	1484	4266	2.43
1975-1979	101	0.39276	0.32829	0.5	1211	398	1013	2782	2.30
1975-1979	102	0.41940	0.34670	0.5	814	282	673	1770	2.17
1975-1979	103	0.44652	0.36502	0.5	532	194	435	1097	2.06
1975-1979	104	0.47396	0.38316	0.5	338	129	273	662	1.96
1975-1979	105	0.50156	0.40100	0.5	208	84	166	390	1.87
1975-1979	106	0.52915	0.41844	0.5	125	52	99	223	1.79
1975-1979	107	0.55656	0.43540	0.5	73	32	57	124	1.72
1975-1979	108	0.58363	0.45179	0.5	41	19	32	68	1.65
1975-1979	109	0.61021	0.46756	0.5	22	10	17	36	1.60
1975-1979	110+	0.63615	1.00000	1.57	12	12	19	19	1.57
1980-1984	0	0.00851	0.00844	0.08	100000	844	99221	7862502	78.63
1980-1984	1	0.00064	0.00064	0.5	99156	64	99124	7763282	78.29
1980-1984	2	0.00038	0.00038	0.5	99092	38	99073	7664158	77.34
1980-1984	3	0.00024	0.00024	0.5	99054	24	99042	7565085	76.37
1980-1984	4	0.00021	0.00021	0.5	99030	21	99020	7466042	75.39
1980-1984	5	0.00023	0.00023	0.5	99010	23	98998	7367022	74.41
1980-1984	6	0.00019	0.00019	0.5	98987	19	98977	7268024	73.42
1980-1984	7	0.00015	0.00015	0.5	98968	15	98961	7169047	72.44
1980-1984	8	0.00015	0.00015	0.5	98953	15	98946	7070086	71.45
1980-1984	9	0.00019	0.00019	0.5	98938	19	98928	6971141	70.46
1980-1984	10	0.00021	0.00021	0.5	98919	21	98909	6872212	69.47
1980-1984	11	0.00016	0.00016	0.5	98898	16	98890	6773304	68.49
1980-1984	12	0.00013	0.00013	0.5	98883	13	98876	6674413	67.50
1980-1984	13	0.00019	0.00019	0.5	98870	18	98861	6575537	66.51
1980-1984	14	0.00020	0.00020	0.5	98851	20	98841	6476676	65.52
1980-1984	15	0.00025	0.00025	0.5	98831	25	98819	6377835	64.53
1980-1984	16	0.00034	0.00034	0.5	98807	33	98790	6279016	63.55
1980-1984	17	0.00040	0.00040	0.5	98773	40	98753	6180226	62.57
1980-1984	18	0.00038	0.00038	0.5	98733	38	98714	6081473	61.59
1980-1984	19	0.00038	0.00038	0.5	98695	38	98677	5982758	60.62
1980-1984	20	0.00038	0.00038	0.5	98658	38	98639	5884082	59.64
1980-1984	21	0.00049	0.00049	0.5	98620	49	98596	5785442	58.66
1980-1984	22	0.00044	0.00044	0.5	98572	43	98550	5686846	57.69
1980-1984	23	0.00039	0.00039	0.5	98529	39	98509	5588296	56.72
1980-1984	24	0.00036	0.00036	0.5	98490	36	98472	5489787	55.74
1980-1984	25	0.00038	0.00038	0.5	98454	37	98436	5391314	54.76
1980-1984	26	0.00042	0.00042	0.5	98417	41	98396	5292879	53.78
1980-1984	27	0.00047	0.00047	0.5	98376	46	98353	5194482	52.80
1980-1984	28	0.00047	0.00047	0.5	98330	47	98306	5096130	51.83
1980-1984	29	0.00045	0.00045	0.5	98283	44	98261	4997823	50.85
1980-1984	30	0.00058	0.00058	0.5	98239	57	98211	4899562	49.87
1980-1984	31	0.00061	0.00061	0.5	98182	60	98152	4801351	48.90
1980-1984	32	0.00060	0.00060	0.5	98122	59	98093	4703199	47.93
1980-1984	33	0.00068	0.00068	0.5	98063	67	98030	4605107	46.96
1980-1984	34	0.00073	0.00073	0.5	97997	71	97961	4507076	45.99
1980-1984	35	0.00086	0.00086	0.5	97926	84	97884	4409115	45.03
1980-1984	36	0.00083	0.00083	0.5	97841	81	97801	4311232	44.06
1980-1984	37	0.00092	0.00092	0.5	97760	90	97715	4213431	43.10
1980-1984	38	0.00111	0.00111	0.5	97671	108	97616	4115715	42.14
1980-1984	39	0.00110	0.00110	0.5	97562	107	97509	4018099	41.18
1980-1984	40	0.00127	0.00127	0.5	97455	124	97393	3920590	40.23
1980-1984	41	0.00149	0.00149	0.5	97331	145	97258	3823198	39.28
1980-1984	42	0.00166	0.00166	0.5	97186	161	97105	3725940	38.34
1980-1984	43	0.00178	0.00178	0.5	97024	172	96938	3628835	37.40
1980-1984	44	0.00188	0.00188	0.5	96852	182	96761	3531897	36.47
1980-1984	45	0.00217	0.00217	0.5	96669	209	96565	3435136	35.53
1980-1984	46	0.00245	0.00244	0.5	96460	236	96342	3338572	34.61
1980-1984	47	0.00267	0.00267	0.5	96224	257	96096	3242229	33.69
1980-1984	48	0.00302	0.00302	0.5	95967	290	95823	3146134	32.78
1980-1984	49	0.00335	0.00335	0.5	95678	320	95518	3050311	31.88
1980-1984	50	0.00370	0.00370	0.5	95358	352	95181	2954793	30.99
1980-1984	51	0.00432	0.00431	0.5	95005	410	94800	2859612	30.10
1980-1984	52	0.00469	0.00468	0.5	94595	443	94374	2764812	29.23
1980-1984	53	0.00523	0.00521	0.5	94152	491	93907	2670438	28.36
1980-1984	54	0.00520	0.00519	0.5	93661	486	93418	2576531	27.51
1980-1984	55	0.00581	0.00579	0.5	93175	540	92905	2483112	26.65
1980-1984	56	0.00632	0.00630	0.5	92635	584	92343	2390207	25.80
1980-1984	57	0.00642	0.00640	0.5	92051	589	91757	2297864	24.96
1980-1984	58	0.00776	0.00773	0.5	91462	707	91108	2206107	24.12
1980-1984	59	0.00836	0.00833	0.5	90755	756	90377	2114999	23.30
1980-1984	60	0.00901	0.00897	0.5	89999	807	89595	2024622	22.50
1980-1984	61	0.00957	0.00952	0.5	89191	849	88767	1935027	21.70
1980-1984	62	0.01176	0.01169	0.5	88342	1033	87826	1846260	20.90
1980-1984	63	0.01156	0.01150	0.5	87309	1004	86807	1758435	20.14
1980-1984	64	0.01263	0.01255	0.5	86306	1083	85764	1671627	19.37
1980-1984	65	0.01399	0.01390	0.5	85222	1184	84630	1585863	18.61
1980-1984	66	0.01535	0.01524	0.5	84038	1281	83398	1501233	17.86
1980-1984	67	0.01660	0.01647	0.5	82757	1363	82076	1417836	17.13
1980-1984	68	0.01814	0.01797	0.5	81394	1463	80663	1335760	16.41
1980-1984	69	0.02015	0.01994	0.5	79932	1594	79135	1255097	15.70
1980-1984	70	0.02200	0.02176	0.5	78337	1705	77485	1175962	15.01
1980-1984	71	0.02246	0.02221	0.5	76633	1702	75782	1098477	14.33
1980-1984	72	0.02613	0.02579	0.5	74931	1933	73964	1022695	13.65
1980-1984	73	0.02852	0.02812	0.5	72998	2053	71972	948731	13.00
1980-1984	74	0.03036	0.02990	0.5	70945	2122	69885	876759	12.36
1980-1984	75	0.03298	0.03244	0.5	68824	2233	67707	806875	11.72
1980-1984	76	0.03600	0.03536	0.5	66591	2355	65413	739167	11.10
1980-1984	77	0.04156	0.04071	0.5	64236	2615	62928	673754	10.49
1980-1984	78	0.04487	0.04388	0.5	61621	2704	60269	610826	9.91
1980-1984	79	0.05061	0.04936	0.5	58917	2908	57463	550557	9.34
1980-1984	80	0.05453	0.05308	0.5	56009	2973	54522	493094	8.80
1980-1984	81	0.06307	0.06114	0.5	53036	3243	51414	438572	8.27
1980-1984	82	0.06995	0.06758	0.5	49793	3365	48111	387157	7.78
1980-1984	83	0.07722	0.07435	0.5	46428	3452	44702	339047	7.30
1980-1984	84	0.08799	0.08428	0.5	42976	3622	41165	294345	6.85
1980-1984	85	0.09526	0.09093	0.5	39354	3578	37565	253180	6.43
1980-1984	86	0.10582	0.10050	0.5	35776	3596	33978	215615	6.03
1980-1984	87	0.11534	0.10905	0.5	32180	3509	30425	181637	5.64
1980-1984	88	0.13127	0.12318	0.5	28671	3532	26905	151212	5.27
1980-1984	89	0.14070	0.13145	0.5	25139	3305	23487	124307	4.94
1980-1984	90	0.15730	0.14583	0.5	21834	3184	20242	100820	4.62
1980-1984	91	0.16755	0.15460	0.5	18650	2883	17209	80578	4.32
1980-1984	92	0.19577	0.17831	0.5	15767	2811	14361	63369	4.02
1980-1984	93	0.20675	0.18738	0.5	12956	2428	11742	49008	3.78
1980-1984	94	0.22620	0.20321	0.5	10528	2139	9458	37266	3.54
1980-1984	95	0.24668	0.21960	0.5	8389	1842	7468	27808	3.31
1980-1984	96	0.26838	0.23662	0.5	6546	1549	5772	20340	3.11
1980-1984	97	0.29124	0.25422	0.5	4997	1270	4362	14569	2.92
1980-1984	98	0.31522	0.27230	0.5	3727	1015	3220	10206	2.74
1980-1984	99	0.34022	0.29076	0.5	2712	789	2318	6987	2.58
1980-1984	100	0.36614	0.30949	0.5	1924	595	1626	4669	2.43
1980-1984	101	0.39287	0.32836	0.5	1328	436	1110	3043	2.29
1980-1984	102	0.42025	0.34728	0.5	892	310	737	1933	2.17
1980-1984	103	0.44813	0.36610	0.5	582	213	476	1196	2.05
1980-1984	104	0.47634	0.38471	0.5	369	142	298	720	1.95
1980-1984	105	0.50470	0.40300	0.5	227	92	181	422	1.86
1980-1984	106	0.53303	0.42086	0.5	136	57	107	241	1.77
1980-1984	107	0.56115	0.43820	0.5	79	34	61	134	1.70
1980-1984	108	0.58888	0.45493	0.5	44	20	34	72	1.64
1980-1984	109	0.61606	0.47099	0.5	24	11	18	38	1.59
1980-1984	110+	0.64254	1.00000	1.56	13	13	20	20	1.56
1985-1989	0	0.00739	0.00734	0.07	100000	734	99320	7905353	79.05
1985-1989	1	0.00051	0.00051	0.5	99266	51	99241	7806033	78.64
1985-1989	2	0.00031	0.00031	0.5	99215	31	99200	7706792	77.68
1985-1989	3	0.00027	0.00027	0.5	99185	27	99171	7607592	76.70
1985-1989	4	0.00019	0.00019	0.5	99158	19	99149	7508421	75.72
1985-1989	5	0.00015	0.00015	0.5	99139	15	99132	7409272	74.74
1985-1989	6	0.00013	0.00013	0.5	99124	12	99118	7310141	73.75
1985-1989	7	0.00010	0.00010	0.5	99112	10	99107	7211023	72.76
1985-1989	8	0.00012	0.00012	0.5	99101	12	99095	7111916	71.76
1985-1989	9	0.00012	0.00012	0.5	99089	12	99084	7012821	70.77
1985-1989	10	0.00019	0.00019	0.5	99078	19	99069	6913737	69.78
1985-1989	11	0.00011	0.00011	0.5	99059	11	99054	6814669	68.79
1985-1989	12	0.00018	0.00018	0.5	99048	18	99039	6715615	67.80
1985-1989	13	0.00015	0.00015	0.5	99030	15	99023	6616576	66.81
1985-1989	14	0.00017	0.00017	0.5	99015	17	99006	6517554	65.82
1985-1989	15	0.00029	0.00029	0.5	98998	29	98984	6418547	64.84
1985-1989	16	0.00028	0.00028	0.5	98969	27	98955	6319564	63.85
1985-1989	17	0.00037	0.00037	0.5	98942	36	98924	6220608	62.87
1985-1989	18	0.00035	0.00035	0.5	98906	35	98888	6121684	61.89
1985-1989	19	0.00033	0.00033	0.5	98871	33	98854	6022796	60.92
1985-1989	20	0.00033	0.00033	0.5	98838	33	98821	5923942	59.94
1985-1989	21	0.00034	0.00034	0.5	98804	34	98788	5825121	58.96
1985-1989	22	0.00039	0.00039	0.5	98771	39	98752	5726334	57.98
1985-1989	23	0.00038	0.00038	0.5	98732	38	98713	5627582	57.00
1985-1989	24	0.00036	0.00036	0.5	98694	36	98676	5528869	56.02
1985-1989	25	0.00043	0.00043	0.5	98658	42	98637	5430193	55.04
1985-1989	26	0.00041	0.00041	0.5	98616	40	98596	5331555	54.06
1985-1989	27	0.00045	0.00045	0.5	98576	44	98554	5232959	53.09
1985-1989	28	0.00053	0.00053	0.5	98532	52	98506	5134405	52.11
1985-1989	29	0.00045	0.00045	0.5	98480	44	98458	5035899	51.14
1985-1989	30	0.00050	0.00050	0.5	98436	49	98411	4937441	50.16
1985-1989	31	0.00067	0.00067	0.5	98386	66	98353	4839030	49.18
1985-1989	32	0.00061	0.00061	0.5	98320	60	98290	4740677	48.22
1985-1989	33	0.00065	0.00065	0.5	98261	63	98229	4642386	47.25
1985-1989	34	0.00076	0.00076	0.5	98197	75	98160	4544157	46.28
1985-1989	35	0.00077	0.00077	0.5	98122	75	98085	4445998	45.31
1985-1989	36	0.00093	0.00093	0.5	98047	91	98002	4347913	44.35
1985-1989	37	0.00089	0.00089	0.5	97956	87	97913	4249911	43.39
1985-1989	38	0.00103	0.00103	0.5	97869	101	97819	4151998	42.42
1985-1989	39	0.00096	0.00095	0.5	97768	93	97722	4054179	41.47
1985-1989	40	0.00124	0.00124	0.5	97675	121	97614	3956458	40.51
1985-1989	41	0.00130	0.00130	0.5	97554	127	97490	3858844	39.56
1985-1989	42	0.00156	0.00156	0.5	97426	152	97351	3761354	38.61
1985-1989	43	0.00163	0.00163	0.5	97275	158	97196	3664003	37.67
1985-1989	44	0.00158	0.00158	0.5	97117	153	97040	3566807	36.73
1985-1989	45	0.00222	0.00222	0.5	96964	215	96856	3469767	35.78
1985-1989	46	0.00220	0.00220	0.5	96748	213	96642	3372911	34.86
1985-1989	47	0.00258	0.00257	0.5	96536	249	96411	3276269	33.94
1985-1989	48	0.00297	0.00296	0.5	96287	285	96145	3179858	33.02
1985-1989	49	0.00328	0.00327	0.5	96002	314	95845	3083713	32.12
1985-1989	50	0.00330	0.00330	0.5	95688	315	95530	2987868	31.23
1985-1989	51	0.00412	0.00411	0.5	95372	392	95176	2892338	30.33
1985-1989	52	0.00395	0.00394	0.5	94980	375	94793	2797162	29.45
1985-1989	53	0.00425	0.00425	0.5	94606	402	94405	2702369	28.56
1985-1989	54	0.00499	0.00497	0.5	94204	469	93970	2607964	27.68
1985-1989	55	0.00534	0.00533	0.5	93736	499	93486	2513994	26.82
1985-1989	56	0.00579	0.00577	0.5	93237	538	92967	2420508	25.96
1985-1989	57	0.00669	0.00667	0.5	92698	618	92389	2327540	25.11
1985-1989	58	0.00753	0.00750	0.5	92080	691	91735	2235151	24.27
1985-1989	59	0.00782	0.00779	0.5	91390	712	91034	2143416	23.45
1985-1989	60	0.00892	0.00888	0.5	90678	806	90275	2052382	22.63
1985-1989	61	0.00963	0.00959	0.5	89872	862	89441	1962107	21.83
1985-1989	62	0.01083	0.01077	0.5	89011	959	88531	1872666	21.04
1985-1989	63	0.01141	0.01134	0.5	88052	999	87553	1784134	20.26
1985-1989	64	0.01187	0.01180	0.5	87053	1027	86540	1696582	19.49
1985-1989	65	0.01390	0.01380	0.5	86026	1188	85432	1610042	18.72
1985-1989	66	0.01452	0.01441	0.5	84838	1223	84227	1524610	17.97
1985-1989	67	0.01667	0.01653	0.5	83616	1382	82924	1440383	17.23
1985-1989	68	0.01802	0.01786	0.5	82233	1469	81499	1357458	16.51
1985-1989	69	0.02009	0.01989	0.5	80764	1606	79961	1275960	15.80
1985-1989	70	0.02137	0.02114	0.5	79158	1674	78321	1195999	15.11
1985-1989	71	0.02389	0.02361	0.5	77484	1829	76570	1117678	14.42
1985-1989	72	0.02653	0.02619	0.5	75655	1981	74665	1041108	13.76
1985-1989	73	0.02799	0.02761	0.5	73674	2034	72657	966443	13.12
1985-1989	74	0.02960	0.02917	0.5	71640	2090	70595	893786	12.48
1985-1989	75	0.03300	0.03246	0.5	69551	2258	68422	823191	11.84
1985-1989	76	0.03654	0.03589	0.5	67293	2415	66085	754769	11.22
1985-1989	77	0.03997	0.03919	0.5	64878	2542	63607	688684	10.62
1985-1989	78	0.04321	0.04230	0.5	62336	2637	61017	625077	10.03
1985-1989	79	0.04796	0.04683	0.5	59699	2796	58301	564060	9.45
1985-1989	80	0.05337	0.05198	0.5	56903	2958	55424	505759	8.89
1985-1989	81	0.06054	0.05877	0.5	53945	3170	52360	450335	8.35
1985-1989	82	0.06740	0.06521	0.5	50775	3311	49120	397975	7.84
1985-1989	83	0.07491	0.07221	0.5	47464	3427	45750	348855	7.35
1985-1989	84	0.08263	0.07935	0.5	44037	3494	42290	303105	6.88
1985-1989	85	0.09562	0.09125	0.5	40542	3700	38693	260815	6.43
1985-1989	86	0.10419	0.09903	0.5	36843	3648	35018	222123	6.03
1985-1989	87	0.11871	0.11206	0.5	33194	3720	31334	187104	5.64
1985-1989	88	0.12549	0.11808	0.5	29474	3480	27734	155770	5.28
1985-1989	89	0.14043	0.13121	0.5	25994	3411	24289	128036	4.93
1985-1989	90	0.15931	0.14756	0.5	22583	3332	20917	103747	4.59
1985-1989	91	0.17050	0.15711	0.5	19251	3024	17739	82830	4.30
1985-1989	92	0.19068	0.17408	0.5	16226	2825	14814	65092	4.01
1985-1989	93	0.20572	0.18654	0.5	13402	2500	12152	50278	3.75
1985-1989	94	0.22832	0.20493	0.5	10902	2234	9785	38126	3.50
1985-1989	95	0.24964	0.22194	0.5	8668	1924	7706	28341	3.27
1985-1989	96	0.27225	0.23963	0.5	6744	1616	5936	20635	3.06
1985-1989	97	0.29610	0.25791	0.5	5128	1323	4467	14699	2.87
1985-1989	98	0.32111	0.27669	0.5	3805	1053	3279	10232	2.69
1985-1989	99	0.34720	0.29584	0.5	2753	814	2345	6953	2.53
1985-1989	100	0.37423	0.31525	0.5	1938	611	1633	4608	2.38
1985-1989	101	0.40208	0.33478	0.5	1327	444	1105	2975	2.24
1985-1989	102	0.43057	0.35430	0.5	883	313	726	1870	2.12
1985-1989	103	0.45953	0.37367	0.5	570	213	464	1144	2.01
1985-1989	104	0.48876	0.39278	0.5	357	140	287	680	1.90
1985-1989	105	0.51808	0.41149	0.5	217	89	172	393	1.81
1985-1989	106	0.54726	0.42969	0.5	128	55	100	221	1.73
1985-1989	107	0.57613	0.44728	0.5	73	33	56	121	1.66
1985-1989	108	0.60449	0.46419	0.5	40	19	31	64	1.60
1985-1989	109	0.63216	0.48033	0.5	22	10	16	33	1.55
1985-1989	110+	0.65898	1.00000	1.52	11	11	17	17	1.52
1990-1994	0	0.00601	0.00597	0.07	100000	597	99444	7996989	79.97
1990-1994	1	0.00047	0.00047	0.5	99403	46	99379	7897545	79.45
1990-1994	2	0.00032	0.00032	0.5	99356	32	99340	7798165	78.49
1990-1994	3	0.00018	0.00018	0.5	99324	18	99315	7698825	77.51
1990-1994	4	0.00013	0.00013	0.5	99306	13	99300	7599510	76.53
1990-1994	5	0.00011	0.00011	0.5	99293	11	99287	7500210	75.54
1990-1994	6	0.00015	0.00015	0.5	99282	15	99274	7400923	74.54
1990-1994	7	0.00012	0.00012	0.5	99267	12	99261	7301648	73.56
1990-1994	8	0.00010	0.00010	0.5	99254	10	99249	7202388	72.56
1990-1994	9	0.00012	0.00012	0.5	99244	12	99238	7103139	71.57
1990-1994	10	0.00012	0.00012	0.5	99232	12	99226	7003900	70.58
1990-1994	11	0.00008	0.00008	0.5	99220	8	99216	6904674	69.59
1990-1994	12	0.00014	0.00014	0.5	99212	13	99205	6805458	68.60
1990-1994	13	0.00013	0.00013	0.5	99198	13	99192	6706253	67.60
1990-1994	14	0.00016	0.00016	0.5	99186	16	99178	6607061	66.61
1990-1994	15	0.00024	0.00024	0.5	99170	24	99158	6507883	65.62
1990-1994	16	0.00034	0.00034	0.5	99146	34	99129	6408725	64.64
1990-1994	17	0.00037	0.00036	0.5	99112	36	99094	6309596	63.66
1990-1994	18	0.00037	0.00037	0.5	99076	36	99058	6210502	62.68
1990-1994	19	0.00029	0.00029	0.5	99039	28	99025	6111445	61.71
1990-1994	20	0.00027	0.00027	0.5	99011	27	98998	6012419	60.72
1990-1994	21	0.00034	0.00034	0.5	98984	34	98967	5913422	59.74
1990-1994	22	0.00030	0.00030	0.5	98950	30	98936	5814454	58.76
1990-1994	23	0.00025	0.00025	0.5	98921	25	98908	5715519	57.78
1990-1994	24	0.00034	0.00034	0.5	98896	34	98879	5616610	56.79
1990-1994	25	0.00032	0.00032	0.5	98862	32	98846	5517731	55.81
1990-1994	26	0.00038	0.00038	0.5	98830	38	98811	5418885	54.83
1990-1994	27	0.00051	0.00051	0.5	98792	50	98767	5320074	53.85
1990-1994	28	0.00051	0.00051	0.5	98743	50	98717	5221307	52.88
1990-1994	29	0.00047	0.00047	0.5	98692	46	98669	5122589	51.90
1990-1994	30	0.00063	0.00063	0.5	98646	62	98615	5023920	50.93
1990-1994	31	0.00070	0.00070	0.5	98584	69	98550	4925305	49.96
1990-1994	32	0.00070	0.00070	0.5	98515	69	98481	4826756	49.00
1990-1994	33	0.00064	0.00064	0.5	98446	63	98415	4728275	48.03
1990-1994	34	0.00087	0.00087	0.5	98384	85	98341	4629860	47.06
1990-1994	35	0.00085	0.00085	0.5	98298	84	98256	4531519	46.10
1990-1994	36	0.00097	0.00097	0.5	98214	95	98167	4433263	45.14
1990-1994	37	0.00096	0.00096	0.5	98119	94	98072	4335096	44.18
1990-1994	38	0.00104	0.00104	0.5	98025	102	97975	4237023	43.22
1990-1994	39	0.00112	0.00112	0.5	97924	110	97869	4139049	42.27
1990-1994	40	0.00119	0.00119	0.5	97814	117	97755	4041180	41.32
1990-1994	41	0.00132	0.00132	0.5	97697	129	97632	3943425	40.36
1990-1994	42	0.00140	0.00140	0.5	97568	137	97499	3845792	39.42
1990-1994	43	0.00151	0.00151	0.5	97431	147	97357	3748293	38.47
1990-1994	44	0.00153	0.00152	0.5	97284	148	97210	3650935	37.53
1990-1994	45	0.00207	0.00207	0.5	97136	201	97035	3553726	36.59
1990-1994	46	0.00215	0.00215	0.5	96935	208	96830	3456691	35.66
1990-1994	47	0.00216	0.00216	0.5	96726	209	96622	3359860	34.74
1990-1994	48	0.00241	0.00241	0.5	96517	232	96401	3263239	33.81
1990-1994	49	0.00265	0.00265	0.5	96285	255	96157	3166838	32.89
1990-1994	50	0.00317	0.00317	0.5	96030	304	95878	3070680	31.98
1990-1994	51	0.00345	0.00344	0.5	95726	329	95561	2974802	31.08
1990-1994	52	0.00372	0.00371	0.5	95396	354	95219	2879242	30.18
1990-1994	53	0.00437	0.00436	0.5	95042	414	94835	2784022	29.29
1990-1994	54	0.00426	0.00425	0.5	94628	402	94427	2689188	28.42
1990-1994	55	0.00515	0.00513	0.5	94225	484	93984	2594761	27.54
1990-1994	56	0.00549	0.00547	0.5	93742	513	93485	2500777	26.68
1990-1994	57	0.00602	0.00601	0.5	93229	560	92949	2407292	25.82
1990-1994	58	0.00731	0.00728	0.5	92669	675	92331	2314343	24.97
1990-1994	59	0.00693	0.00691	0.5	91994	636	91676	2222012	24.15
1990-1994	60	0.00834	0.00831	0.5	91358	759	90979	2130336	23.32
1990-1994	61	0.00916	0.00912	0.5	90600	826	90186	2039357	22.51
1990-1994	62	0.00989	0.00984	0.5	89773	884	89332	1949170	21.71
1990-1994	63	0.01049	0.01043	0.5	88890	927	88426	1859839	20.92
1990-1994	64	0.01144	0.01138	0.5	87962	1001	87462	1771413	20.14
1990-1994	65	0.01188	0.01181	0.5	86961	1027	86448	1683951	19.36
1990-1994	66	0.01419	0.01409	0.5	85935	1211	85329	1597503	18.59
1990-1994	67	0.01503	0.01492	0.5	84724	1264	84092	1512174	17.85
1990-1994	68	0.01654	0.01641	0.5	83460	1369	82776	1428081	17.11
1990-1994	69	0.01749	0.01734	0.5	82091	1423	81379	1345306	16.39
1990-1994	70	0.01953	0.01934	0.5	80668	1560	79888	1263927	15.67
1990-1994	71	0.02197	0.02173	0.5	79108	1719	78248	1184039	14.97
1990-1994	72	0.02295	0.02269	0.5	77389	1756	76511	1105791	14.29
1990-1994	73	0.02659	0.02624	0.5	75633	1985	74640	1029280	13.61
1990-1994	74	0.02889	0.02848	0.5	73648	2097	72599	954640	12.96
1990-1994	75	0.03044	0.02999	0.5	71550	2145	70478	882041	12.33
1990-1994	76	0.03414	0.03357	0.5	69405	2330	68240	811563	11.69
1990-1994	77	0.03755	0.03686	0.5	67075	2472	65839	743323	11.08
1990-1994	78	0.03968	0.03891	0.5	64603	2514	63346	677484	10.49
1990-1994	79	0.04407	0.04312	0.5	62089	2677	60750	614138	9.89
1990-1994	80	0.05095	0.04969	0.5	59412	2952	57936	553388	9.31
1990-1994	81	0.05533	0.05384	0.5	56460	3040	54940	495452	8.78
1990-1994	82	0.06298	0.06106	0.5	53420	3262	51789	440512	8.25
1990-1994	83	0.06883	0.06654	0.5	50158	3338	48489	388723	7.75
1990-1994	84	0.07611	0.07332	0.5	46820	3433	45104	340234	7.27
1990-1994	85	0.08417	0.08077	0.5	43387	3505	41635	295130	6.80
1990-1994	86	0.09493	0.09062	0.5	39883	3614	38076	253495	6.36
1990-1994	87	0.10605	0.10071	0.5	36269	3653	34442	215419	5.94
1990-1994	88	0.11697	0.11051	0.5	32616	3604	30814	180977	5.55
1990-1994	89	0.13227	0.12406	0.5	29012	3599	27212	150163	5.18
1990-1994	90	0.14300	0.13346	0.5	25412	3392	23717	122951	4.84
1990-1994	91	0.16284	0.15058	0.5	22021	3316	20363	99234	4.51
1990-1994	92	0.17132	0.15781	0.5	18705	2952	17229	78871	4.22
1990-1994	93	0.19841	0.18051	0.5	15753	2844	14331	61642	3.91
1990-1994	94	0.21404	0.19334	0.5	12910	2496	11662	47311	3.66
1990-1994	95	0.23458	0.20995	0.5	10414	2186	9320	35649	3.42
1990-1994	96	0.25645	0.22730	0.5	8227	1870	7292	26329	3.20
1990-1994	97	0.27962	0.24532	0.5	6357	1560	5577	19037	2.99
1990-1994	98	0.30402	0.26390	0.5	4798	1266	4165	13459	2.81
1990-1994	99	0.32958	0.28295	0.5	3532	999	3032	9295	2.63
1990-1994	100	0.35618	0.30234	0.5	2532	766	2149	6263	2.47
1990-1994	101	0.38371	0.32194	0.5	1767	569	1482	4113	2.33
1990-1994	102	0.41200	0.34163	0.5	1198	409	993	2631	2.20
1990-1994	103	0.44089	0.36125	0.5	789	285	646	1638	2.08
1990-1994	104	0.47018	0.38068	0.5	504	192	408	991	1.97
1990-1994	105	0.49967	0.39979	0.5	312	125	250	583	1.87
1990-1994	106	0.52917	0.41846	0.5	187	78	148	334	1.78
1990-1994	107	0.55847	0.43657	0.5	109	48	85	186	1.71
1990-1994	108	0.58737	0.45403	0.5	61	28	47	101	1.64
1990-1994	109	0.61568	0.47076	0.5	33	16	26	53	1.59
1990-1994	110+	0.64322	1.00000	1.55	18	18	28	28	1.55
1995-1999	0	0.00492	0.00489	0.07	100000	489	99543	8051138	80.51
1995-1999	1	0.00027	0.00027	0.5	99511	27	99497	7951594	79.91
1995-1999	2	0.00019	0.00019	0.5	99484	19	99474	7852097	78.93
1995-1999	3	0.00017	0.00017	0.5	99465	17	99456	7752623	77.94
1995-1999	4	0.00014	0.00014	0.5	99448	14	99441	7653166	76.96
1995-1999	5	0.00009	0.00009	0.5	99434	8	99429	7553726	75.97
1995-1999	6	0.00008	0.00008	0.5	99425	8	99421	7454296	74.97
1995-1999	7	0.00008	0.00008	0.5	99418	8	99414	7354875	73.98
1995-1999	8	0.00007	0.00007	0.5	99410	7	99406	7255461	72.99
1995-1999	9	0.00006	0.00006	0.5	99403	6	99400	7156055	71.99
1995-1999	10	0.00011	0.00011	0.5	99397	11	99392	7056655	70.99
1995-1999	11	0.00011	0.00011	0.5	99386	11	99381	6957263	70.00
1995-1999	12	0.00012	0.00012	0.5	99375	12	99369	6857882	69.01
1995-1999	13	0.00011	0.00011	0.5	99363	11	99358	6758512	68.02
1995-1999	14	0.00013	0.00013	0.5	99352	13	99346	6659155	67.03
1995-1999	15	0.00021	0.00021	0.5	99339	21	99329	6559809	66.03
1995-1999	16	0.00031	0.00031	0.5	99319	31	99303	6460480	65.05
1995-1999	17	0.00029	0.00029	0.5	99288	29	99273	6361177	64.07
1995-1999	18	0.00028	0.00028	0.5	99259	28	99245	6261903	63.09
1995-1999	19	0.00027	0.00027	0.5	99231	27	99218	6162658	62.10
1995-1999	20	0.00029	0.00029	0.5	99204	29	99190	6063441	61.12
1995-1999	21	0.00025	0.00025	0.5	99175	25	99163	5964251	60.14
1995-1999	22	0.00025	0.00025	0.5	99150	25	99138	5865088	59.15
1995-1999	23	0.00036	0.00036	0.5	99126	35	99108	5765950	58.17
1995-1999	24	0.00032	0.00032	0.5	99091	32	99075	5666842	57.19
1995-1999	25	0.00030	0.00030	0.5	99059	30	99044	5567767	56.21
1995-1999	26	0.00026	0.00026	0.5	99029	25	99017	5468723	55.22
1995-1999	27	0.00033	0.00033	0.5	99004	32	98988	5369706	54.24
1995-1999	28	0.00036	0.00036	0.5	98972	36	98953	5270718	53.25
1995-1999	29	0.00050	0.00050	0.5	98935	49	98911	5171765	52.27
1995-1999	30	0.00052	0.00052	0.5	98886	52	98860	5072854	51.30
1995-1999	31	0.00059	0.00059	0.5	98834	59	98805	4973994	50.33
1995-1999	32	0.00066	0.00066	0.5	98776	65	98743	4875189	49.36
1995-1999	33	0.00065	0.00065	0.5	98711	64	98679	4776446	48.39
1995-1999	34	0.00072	0.00072	0.5	98647	71	98611	4677767	47.42
1995-1999	35	0.00089	0.00089	0.5	98576	87	98532	4579156	46.45
1995-1999	36	0.00089	0.00089	0.5	98489	87	98445	4480623	45.49
1995-1999	37	0.00086	0.00086	0.5	98401	85	98359	4382178	44.53
1995-1999	38	0.00104	0.00104	0.5	98316	102	98265	4283820	43.57
1995-1999	39	0.00099	0.00099	0.5	98214	97	98165	4185554	42.62
1995-1999	40	0.00114	0.00114	0.5	98117	112	98061	4087389	41.66
1995-1999	41	0.00137	0.00137	0.5	98005	134	97938	3989328	40.71
1995-1999	42	0.00155	0.00155	0.5	97871	152	97795	3891390	39.76
1995-1999	43	0.00137	0.00136	0.5	97719	133	97652	3793595	38.82
1995-1999	44	0.00162	0.00162	0.5	97586	158	97507	3695943	37.87
1995-1999	45	0.00175	0.00175	0.5	97428	170	97343	3598436	36.93
1995-1999	46	0.00185	0.00185	0.5	97258	180	97168	3501093	36.00
1995-1999	47	0.00227	0.00226	0.5	97078	220	96968	3403925	35.06
1995-1999	48	0.00218	0.00218	0.5	96858	211	96753	3306957	34.14
1995-1999	49	0.00231	0.00231	0.5	96648	223	96536	3210203	33.22
1995-1999	50	0.00249	0.00249	0.5	96425	240	96305	3113667	32.29
1995-1999	51	0.00305	0.00305	0.5	96185	293	96038	3017362	31.37
1995-1999	52	0.00344	0.00344	0.5	95892	330	95727	2921324	30.46
1995-1999	53	0.00395	0.00394	0.5	95562	377	95374	2825597	29.57
1995-1999	54	0.00387	0.00386	0.5	95185	368	95001	2730223	28.68
1995-1999	55	0.00474	0.00473	0.5	94818	448	94593	2635222	27.79
1995-1999	56	0.00511	0.00509	0.5	94369	481	94129	2540628	26.92
1995-1999	57	0.00551	0.00550	0.5	93888	516	93631	2446500	26.06
1995-1999	58	0.00625	0.00623	0.5	93373	582	93082	2352869	25.20
1995-1999	59	0.00650	0.00648	0.5	92791	601	92490	2259787	24.35
1995-1999	60	0.00676	0.00674	0.5	92189	622	91879	2167297	23.51
1995-1999	61	0.00849	0.00845	0.5	91568	774	91181	2075419	22.67
1995-1999	62	0.00920	0.00916	0.5	90794	832	90378	1984238	21.85
1995-1999	63	0.01028	0.01022	0.5	89962	920	89502	1893860	21.05
1995-1999	64	0.01073	0.01068	0.5	89043	951	88567	1804357	20.26
1995-1999	65	0.01191	0.01184	0.5	88092	1043	87570	1715790	19.48
1995-1999	66	0.01312	0.01303	0.5	87049	1135	86482	1628219	18.70
1995-1999	67	0.01359	0.01350	0.5	85915	1159	85335	1541738	17.95
1995-1999	68	0.01596	0.01583	0.5	84755	1342	84084	1456403	17.18
1995-1999	69	0.01671	0.01657	0.5	83413	1382	82722	1372319	16.45
1995-1999	70	0.01816	0.01800	0.5	82031	1476	81293	1289597	15.72
1995-1999	71	0.02011	0.01991	0.5	80555	1604	79753	1208304	15.00
1995-1999	72	0.02228	0.02203	0.5	78951	1740	78081	1128551	14.29
1995-1999	73	0.02349	0.02322	0.5	77211	1793	76315	1050469	13.61
1995-1999	74	0.02648	0.02613	0.5	75419	1971	74433	974154	12.92
1995-1999	75	0.02994	0.02950	0.5	73448	2166	72364	899721	12.25
1995-1999	76	0.03178	0.03128	0.5	71281	2230	70166	827356	11.61
1995-1999	77	0.03622	0.03558	0.5	69052	2457	67823	757190	10.97
1995-1999	78	0.04036	0.03956	0.5	66595	2635	65277	689367	10.35
1995-1999	79	0.04347	0.04254	0.5	63960	2721	62600	624090	9.76
1995-1999	80	0.05032	0.04909	0.5	61239	3006	59736	561490	9.17
1995-1999	81	0.05648	0.05493	0.5	58233	3199	56634	501754	8.62
1995-1999	82	0.06278	0.06087	0.5	55034	3350	53359	445120	8.09
1995-1999	83	0.06857	0.06630	0.5	51684	3427	49971	391761	7.58
1995-1999	84	0.07862	0.07565	0.5	48258	3651	46432	341790	7.08
1995-1999	85	0.08603	0.08248	0.5	44607	3679	42767	295357	6.62
1995-1999	86	0.09677	0.09230	0.5	40928	3778	39039	252590	6.17
1995-1999	87	0.10960	0.10391	0.5	37150	3860	35220	213551	5.75
1995-1999	88	0.12045	0.11361	0.5	33290	3782	31399	178331	5.36
1995-1999	89	0.13223	0.12403	0.5	29508	3660	27678	146932	4.98
1995-1999	90	0.15263	0.14181	0.5	25848	3665	24015	119254	4.61
1995-1999	91	0.16786	0.15486	0.5	22183	3435	20465	95239	4.29
1995-1999	92	0.18593	0.17011	0.5	18747	3189	17153	74774	3.99
1995-1999	93	0.21007	0.19011	0.5	15558	2958	14079	57621	3.70
1995-1999	94	0.22880	0.20531	0.5	12600	2587	11307	43541	3.46
1995-1999	95	0.25164	0.22352	0.5	10013	2238	8894	32234	3.22
1995-1999	96	0.27595	0.24249	0.5	7775	1885	6833	23340	3.00
1995-1999	97	0.30166	0.26213	0.5	5890	1544	5118	16508	2.80
1995-1999	98	0.32868	0.28229	0.5	4346	1227	3733	11390	2.62
1995-1999	99	0.35689	0.30285	0.5	3119	945	2647	7657	2.45
1995-1999	100	0.38612	0.32364	0.5	2174	704	1823	5010	2.30
1995-1999	101	0.41619	0.34450	0.5	1471	507	1217	3188	2.17
1995-1999	102	0.44690	0.36528	0.5	964	352	788	1970	2.04
1995-1999	103	0.47803	0.38581	0.5	612	236	494	1182	1.93
1995-1999	104	0.50932	0.40594	0.5	376	153	300	688	1.83
1995-1999	105	0.54054	0.42553	0.5	223	95	176	389	1.74
1995-1999	106	0.57145	0.44446	0.5	128	57	100	213	1.66
1995-1999	107	0.60181	0.46261	0.5	71	33	55	113	1.59
1995-1999	108	0.63141	0.47990	0.5	38	18	29	59	1.53
1995-1999	109	0.66004	0.49627	0.5	20	10	15	30	1.48
1995-1999	110+	0.68756	1.00000	1.45	10	10	15	15	1.45
2000-2004	0	0.00435	0.00433	0.07	100000	433	99595	8083003	80.83
2000-2004	1	0.00020	0.00020	0.5	99567	20	99557	7983408	80.18
2000-2004	2	0.00017	0.00017	0.5	99547	17	99538	7883851	79.20
2000-2004	3	0.00015	0.00015	0.5	99530	15	99523	7784313	78.21
2000-2004	4	0.00012	0.00012	0.5	99515	12	99509	7684790	77.22
2000-2004	5	0.00013	0.00013	0.5	99504	13	99497	7585280	76.23
2000-2004	6	0.00010	0.00010	0.5	99491	10	99486	7485783	75.24
2000-2004	7	0.00010	0.00010	0.5	99481	10	99476	7386297	74.25
2000-2004	8	0.00008	0.00008	0.5	99471	8	99467	7286821	73.26
2000-2004	9	0.00008	0.00008	0.5	99463	8	99459	7187354	72.26
2000-2004	10	0.00009	0.00009	0.5	99455	9	99450	7087895	71.27
2000-2004	11	0.00009	0.00009	0.5	99446	9	99442	6988444	70.27
2000-2004	12	0.00013	0.00013	0.5	99437	13	99431	6889003	69.28
2000-2004	13	0.00016	0.00016	0.5	99424	16	99416	6789572	68.29
2000-2004	14	0.00010	0.00010	0.5	99408	10	99402	6690156	67.30
2000-2004	15	0.00016	0.00016	0.5	99397	16	99389	6590754	66.31
2000-2004	16	0.00019	0.00019	0.5	99381	18	99372	6491365	65.32
2000-2004	17	0.00029	0.00029	0.5	99362	29	99348	6391993	64.33
2000-2004	18	0.00024	0.00024	0.5	99334	24	99322	6292645	63.35
2000-2004	19	0.00021	0.00021	0.5	99310	21	99300	6193323	62.36
2000-2004	20	0.00033	0.00033	0.5	99289	32	99273	6094023	61.38
2000-2004	21	0.00033	0.00033	0.5	99257	32	99241	5994750	60.40
2000-2004	22	0.00030	0.00030	0.5	99225	30	99210	5895509	59.42
2000-2004	23	0.00038	0.00038	0.5	99195	38	99176	5796300	58.43
2000-2004	24	0.00038	0.00038	0.5	99157	38	99138	5697124	57.46
2000-2004	25	0.00034	0.00034	0.5	99120	34	99103	5597985	56.48
2000-2004	26	0.00034	0.00034	0.5	99086	33	99069	5498883	55.50
2000-2004	27	0.00045	0.00045	0.5	99052	44	99030	5399814	54.51
2000-2004	28	0.00042	0.00042	0.5	99008	42	98987	5300783	53.54
2000-2004	29	0.00046	0.00046	0.5	98966	45	98944	5201796	52.56
2000-2004	30	0.00044	0.00044	0.5	98921	43	98899	5102853	51.59
2000-2004	31	0.00047	0.00047	0.5	98878	46	98855	5003953	50.61
2000-2004	32	0.00062	0.00062	0.5	98832	62	98801	4905099	49.63
2000-2004	33	0.00064	0.00064	0.5	98770	63	98739	4806298	48.66
2000-2004	34	0.00065	0.00065	0.5	98707	64	98675	4707559	47.69
2000-2004	35	0.00074	0.00074	0.5	98643	73	98606	4608884	46.72
2000-2004	36	0.00087	0.00086	0.5	98570	85	98527	4510278	45.76
2000-2004	37	0.00099	0.00099	0.5	98485	97	98436	4411751	44.80
2000-2004	38	0.00104	0.00104	0.5	98387	102	98336	4313315	43.84
2000-2004	39	0.00110	0.00110	0.5	98285	108	98231	4214979	42.89
2000-2004	40	0.00127	0.00127	0.5	98178	125	98115	4116747	41.93
2000-2004	41	0.00131	0.00131	0.5	98053	128	97989	4018632	40.98
2000-2004	42	0.00151	0.00151	0.5	97925	148	97851	3920643	40.04
2000-2004	43	0.00152	0.00152	0.5	97777	149	97702	3822793	39.10
2000-2004	44	0.00170	0.00170	0.5	97628	166	97545	3725090	38.16
2000-2004	45	0.00197	0.00197	0.5	97462	192	97366	3627546	37.22
2000-2004	46	0.00196	0.00196	0.5	97270	191	97175	3530180	36.29
2000-2004	47	0.00203	0.00202	0.5	97079	197	96981	3433005	35.36
2000-2004	48	0.00234	0.00233	0.5	96882	226	96769	3336024	34.43
2000-2004	49	0.00238	0.00238	0.5	96656	230	96541	3239255	33.51
2000-2004	50	0.00266	0.00266	0.5	96426	256	96298	3142714	32.59
2000-2004	51	0.00285	0.00285	0.5	96170	274	96033	3046415	31.68
2000-2004	52	0.00301	0.00300	0.5	95896	288	95752	2950382	30.77
2000-2004	53	0.00348	0.00347	0.5	95608	332	95442	2854630	29.86
2000-2004	54	0.00369	0.00368	0.5	95276	351	95101	2759188	28.96
2000-2004	55	0.00439	0.00439	0.5	94926	416	94718	2664087	28.06
2000-2004	56	0.00432	0.00431	0.5	94509	408	94306	2569370	27.19
2000-2004	57	0.00506	0.00505	0.5	94102	475	93864	2475064	26.30
2000-2004	58	0.00573	0.00572	0.5	93627	535	93359	2381200	25.43
2000-2004	59	0.00621	0.00619	0.5	93092	576	92804	2287840	24.58
2000-2004	60	0.00686	0.00683	0.5	92515	632	92199	2195037	23.73
2000-2004	61	0.00747	0.00744	0.5	91883	684	91541	2102837	22.89
2000-2004	62	0.00826	0.00822	0.5	91199	750	90824	2011296	22.05
2000-2004	63	0.00950	0.00946	0.5	90449	855	90022	1920472	21.23
2000-2004	64	0.01038	0.01032	0.5	89594	925	89132	1830450	20.43
2000-2004	65	0.01067	0.01061	0.5	88669	941	88199	1741319	19.64
2000-2004	66	0.01165	0.01158	0.5	87728	1016	87220	1653120	18.84
2000-2004	67	0.01298	0.01290	0.5	86712	1118	86153	1565900	18.06
2000-2004	68	0.01448	0.01437	0.5	85594	1230	84979	1479747	17.29
2000-2004	69	0.01589	0.01576	0.5	84364	1330	83699	1394768	16.53
2000-2004	70	0.01777	0.01762	0.5	83034	1463	82302	1311069	15.79
2000-2004	71	0.01976	0.01957	0.5	81571	1596	80773	1228767	15.06
2000-2004	72	0.02157	0.02134	0.5	79975	1706	79121	1147994	14.35
2000-2004	73	0.02313	0.02287	0.5	78268	1790	77373	1068873	13.66
2000-2004	74	0.02513	0.02482	0.5	76478	1898	75529	991499	12.96
2000-2004	75	0.02886	0.02845	0.5	74580	2122	73519	915970	12.28
2000-2004	76	0.03167	0.03118	0.5	72459	2259	71329	842451	11.63
2000-2004	77	0.03407	0.03350	0.5	70200	2351	69024	771122	10.98
2000-2004	78	0.03774	0.03704	0.5	67848	2513	66592	702098	10.35
2000-2004	79	0.04180	0.04095	0.5	65335	2675	63998	635506	9.73
2000-2004	80	0.04897	0.04780	0.5	62660	2995	61162	571509	9.12
2000-2004	81	0.05382	0.05241	0.5	59665	3127	58101	510346	8.55
2000-2004	82	0.06187	0.06002	0.5	56538	3393	54841	452245	8.00
2000-2004	83	0.06818	0.06593	0.5	53145	3504	51393	397403	7.48
2000-2004	84	0.07859	0.07562	0.5	49641	3754	47764	346011	6.97
2000-2004	85	0.08702	0.08339	0.5	45887	3827	43974	298247	6.50
2000-2004	86	0.09831	0.09371	0.5	42061	3941	40090	254273	6.05
2000-2004	87	0.11153	0.10564	0.5	38119	4027	36106	214183	5.62
2000-2004	88	0.12365	0.11645	0.5	34092	3970	32107	178077	5.22
2000-2004	89	0.13865	0.12966	0.5	30122	3906	28169	145970	4.85
2000-2004	90	0.15662	0.14525	0.5	26217	3808	24313	117800	4.49
2000-2004	91	0.17049	0.15710	0.5	22409	3520	20648	93488	4.17
2000-2004	92	0.19217	0.17532	0.5	18888	3312	17232	72839	3.86
2000-2004	93	0.21638	0.19525	0.5	15577	3041	14056	55607	3.57
2000-2004	94	0.23951	0.21390	0.5	12535	2681	11195	41551	3.31
2000-2004	95	0.26429	0.23344	0.5	9854	2300	8704	30356	3.08
2000-2004	96	0.29065	0.25377	0.5	7554	1917	6595	21652	2.87
2000-2004	97	0.31850	0.27475	0.5	5637	1549	4862	15057	2.67
2000-2004	98	0.34771	0.29621	0.5	4088	1211	3483	10194	2.49
2000-2004	99	0.37811	0.31800	0.5	2877	915	2420	6712	2.33
2000-2004	100	0.40951	0.33991	0.5	1962	667	1629	4292	2.19
2000-2004	101	0.44166	0.36177	0.5	1295	469	1061	2663	2.06
2000-2004	102	0.47430	0.38338	0.5	827	317	668	1602	1.94
2000-2004	103	0.50717	0.40458	0.5	510	206	407	934	1.83
2000-2004	104	0.53997	0.42518	0.5	304	129	239	528	1.74
2000-2004	105	0.57244	0.44505	0.5	174	78	136	289	1.65
2000-2004	106	0.60429	0.46407	0.5	97	45	74	153	1.58
2000-2004	107	0.63528	0.48213	0.5	52	25	39	79	1.51
2000-2004	108	0.66518	0.49917	0.5	27	13	20	39	1.46
2000-2004	109	0.69382	0.51512	0.5	13	7	10	19	1.41
2000-2004	110+	0.72104	1.00000	1.39	7	7	9	9	1.39
2005-2009	0	0.00474	0.00472	0.07	100000	472	99559	8199029	81.99
2005-2009	1	0.00023	0.00023	0.5	99528	23	99516	8099470	81.38
2005-2009	2	0.00011	0.00011	0.5	99505	10	99500	7999953	80.40
2005-2009	3	0.00009	0.00009	0.5	99495	9	99490	7900454	79.41
2005-2009	4	0.00011	0.00011	0.5	99486	11	99480	7800963	78.41
2005-2009	5	0.00009	0.00009	0.5	99475	9	99471	7701483	77.42
2005-2009	6	0.00008	0.00008	0.5	99466	8	99462	7602013	76.43
2005-2009	7	0.00006	0.00006	0.5	99458	6	99455	7502551	75.43
2005-2009	8	0.00005	0.00005	0.5	99451	5	99449	7403096	74.44
2005-2009	9	0.00009	0.00009	0.5	99446	9	99442	7303647	73.44
2005-2009	10	0.00008	0.00008	0.5	99437	8	99433	7204206	72.45
2005-2009	11	0.00005	0.00005	0.5	99429	5	99427	7104773	71.46
2005-2009	12	0.00010	0.00010	0.5	99424	10	99419	7005346	70.46
2005-2009	13	0.00007	0.00007	0.5	99414	7	99410	6905927	69.47
2005-2009	14	0.00012	0.00012	0.5	99407	12	99400	6806517	68.47
2005-2009	15	0.00013	0.00013	0.5	99394	12	99388	6707117	67.48
2005-2009	16	0.00020	0.00020	0.5	99382	20	99372	6607729	66.49
2005-2009	17	0.00026	0.00026	0.5	99362	26	99349	6508357	65.50
2005-2009	18	0.00025	0.00025	0.5	99336	25	99324	6409007	64.52
2005-2009	19	0.00027	0.00027	0.5	99311	26	99298	6309684	63.53
2005-2009	20	0.00031	0.00031	0.5	99285	31	99270	6210385	62.55
2005-2009	21	0.00031	0.00031	0.5	99254	31	99239	6111116	61.57
2005-2009	22	0.00030	0.00030	0.5	99223	30	99209	6011877	60.59
2005-2009	23	0.00040	0.00040	0.5	99194	40	99174	5912668	59.61
2005-2009	24	0.00039	0.00039	0.5	99154	38	99135	5813494	58.63
2005-2009	25	0.00041	0.00041	0.5	99116	40	99096	5714360	57.65
2005-2009	26	0.00036	0.00036	0.5	99075	36	99058	5615264	56.68
2005-2009	27	0.00037	0.00037	0.5	99040	36	99021	5516207	55.70
2005-2009	28	0.00031	0.00031	0.5	99003	31	98988	5417185	54.72
2005-2009	29	0.00039	0.00039	0.5	98972	39	98953	5318197	53.73
2005-2009	30	0.00043	0.00043	0.5	98933	43	98912	5219244	52.76
2005-2009	31	0.00046	0.00046	0.5	98891	46	98868	5120332	51.78
2005-2009	32	0.00049	0.00049	0.5	98845	48	98821	5021465	50.80
2005-2009	33	0.00054	0.00054	0.5	98796	53	98770	4922644	49.83
2005-2009	34	0.00058	0.00058	0.5	98743	57	98714	4823874	48.85
2005-2009	35	0.00061	0.00061	0.5	98686	60	98656	4725160	47.88
2005-2009	36	0.00065	0.00065	0.5	98625	64	98594	4626504	46.91
2005-2009	37	0.00076	0.00076	0.5	98562	75	98524	4527911	45.94
2005-2009	38	0.00079	0.00079	0.5	98487	78	98448	4429386	44.97
2005-2009	39	0.00093	0.00093	0.5	98409	92	98363	4330939	44.01
2005-2009	40	0.00103	0.00103	0.5	98317	101	98266	4232576	43.05
2005-2009	41	0.00120	0.00119	0.5	98216	117	98157	4134310	42.09
2005-2009	42	0.00118	0.00118	0.5	98098	116	98041	4036153	41.14
2005-2009	43	0.00145	0.00145	0.5	97983	142	97912	3938112	40.19
2005-2009	44	0.00156	0.00156	0.5	97840	153	97764	3840200	39.25
2005-2009	45	0.00167	0.00166	0.5	97687	163	97606	3742437	38.31
2005-2009	46	0.00181	0.00181	0.5	97525	177	97436	3644830	37.37
2005-2009	47	0.00213	0.00213	0.5	97348	207	97245	3547394	36.44
2005-2009	48	0.00225	0.00225	0.5	97141	218	97032	3450149	35.52
2005-2009	49	0.00243	0.00243	0.5	96923	235	96805	3353117	34.60
2005-2009	50	0.00266	0.00266	0.5	96688	257	96559	3256312	33.68
2005-2009	51	0.00255	0.00255	0.5	96431	246	96308	3159753	32.77
2005-2009	52	0.00311	0.00310	0.5	96185	298	96036	3063445	31.85
2005-2009	53	0.00323	0.00323	0.5	95887	309	95732	2967409	30.95
2005-2009	54	0.00340	0.00340	0.5	95577	325	95415	2871677	30.05
2005-2009	55	0.00363	0.00362	0.5	95252	345	95080	2776263	29.15
2005-2009	56	0.00407	0.00406	0.5	94908	385	94715	2681183	28.25
2005-2009	57	0.00425	0.00424	0.5	94522	401	94322	2586468	27.36
2005-2009	58	0.00465	0.00464	0.5	94121	436	93903	2492146	26.48
2005-2009	59	0.00533	0.00531	0.5	93685	498	93436	2398243	25.60
2005-2009	60	0.00568	0.00566	0.5	93187	528	92923	2304807	24.73
2005-2009	61	0.00622	0.00620	0.5	92660	574	92372	2211884	23.87
2005-2009	62	0.00717	0.00714	0.5	92085	658	91756	2119511	23.02
2005-2009	63	0.00785	0.00782	0.5	91427	715	91070	2027755	22.18
2005-2009	64	0.00867	0.00863	0.5	90713	783	90322	1936685	21.35
2005-2009	65	0.00939	0.00935	0.5	89930	841	89510	1846363	20.53
2005-2009	66	0.01072	0.01066	0.5	89090	950	88615	1756853	19.72
2005-2009	67	0.01148	0.01142	0.5	88140	1006	87636	1668239	18.93
2005-2009	68	0.01287	0.01279	0.5	87133	1114	86576	1580602	18.14
2005-2009	69	0.01379	0.01370	0.5	86019	1179	85430	1494026	17.37
2005-2009	70	0.01580	0.01567	0.5	84841	1330	84176	1408596	16.60
2005-2009	71	0.01643	0.01629	0.5	83511	1361	82830	1324421	15.86
2005-2009	72	0.01842	0.01825	0.5	82150	1499	81400	1241590	15.11
2005-2009	73	0.02033	0.02013	0.5	80651	1623	79839	1160190	14.39
2005-2009	74	0.02319	0.02293	0.5	79028	1812	78122	1080351	13.67
2005-2009	75	0.02504	0.02473	0.5	77216	1910	76261	1002229	12.98
2005-2009	76	0.02853	0.02813	0.5	75306	2118	74247	925968	12.30
2005-2009	77	0.03117	0.03069	0.5	73188	2246	72065	851721	11.64
2005-2009	78	0.03356	0.03300	0.5	70942	2341	69771	779656	10.99
2005-2009	79	0.03674	0.03608	0.5	68600	2475	67363	709885	10.35
2005-2009	80	0.04129	0.04045	0.5	66125	2675	64788	642522	9.72
2005-2009	81	0.04683	0.04575	0.5	63450	2903	61999	577735	9.11
2005-2009	82	0.05382	0.05241	0.5	60547	3173	58961	515736	8.52
2005-2009	83	0.05921	0.05751	0.5	57374	3300	55724	456776	7.96
2005-2009	84	0.06877	0.06648	0.5	54074	3595	52277	401051	7.42
2005-2009	85	0.07538	0.07265	0.5	50480	3667	48646	348774	6.91
2005-2009	86	0.08756	0.08389	0.5	46812	3927	44849	300128	6.41
2005-2009	87	0.09839	0.09378	0.5	42885	4022	40875	255279	5.95
2005-2009	88	0.10927	0.10361	0.5	38864	4027	36850	214405	5.52
2005-2009	89	0.12789	0.12020	0.5	34837	4188	32743	177554	5.10
2005-2009	90	0.14443	0.13471	0.5	30649	4129	28585	144811	4.72
2005-2009	91	0.16324	0.15092	0.5	26521	4003	24519	116226	4.38
2005-2009	92	0.17353	0.15967	0.5	22518	3596	20720	91707	4.07
2005-2009	93	0.20517	0.18608	0.5	18923	3521	17162	70986	3.75
2005-2009	94	0.22127	0.19923	0.5	15401	3068	13867	53824	3.49
2005-2009	95	0.24550	0.21866	0.5	12333	2697	10985	39957	3.24
2005-2009	96	0.27146	0.23902	0.5	9636	2303	8485	28972	3.01
2005-2009	97	0.29907	0.26017	0.5	7333	1908	6379	20488	2.79
2005-2009	98	0.32823	0.28196	0.5	5425	1530	4660	14108	2.60
2005-2009	99	0.35877	0.30420	0.5	3896	1185	3303	9448	2.43
2005-2009	100	0.39051	0.32672	0.5	2711	886	2268	6145	2.27
2005-2009	101	0.42320	0.34929	0.5	1825	637	1506	3877	2.12
2005-2009	102	0.45658	0.37172	0.5	1188	441	967	2371	2.00
2005-2009	103	0.49035	0.39380	0.5	746	294	599	1404	1.88
2005-2009	104	0.52420	0.41534	0.5	452	188	358	805	1.78
2005-2009	105	0.55784	0.43618	0.5	264	115	207	447	1.69
2005-2009	106	0.59096	0.45617	0.5	149	68	115	240	1.61
2005-2009	107	0.62327	0.47518	0.5	81	39	62	125	1.54
2005-2009	108	0.65452	0.49314	0.5	43	21	32	63	1.48
2005-2009	109	0.68449	0.50996	0.5	22	11	16	31	1.43
2005-2009	110+	0.71300	1.00000	1.4	11	11	15	15	1.40
2010-2014	0	0.00377	0.00375	0.06	100000	375	99648	8292587	82.93
2010-2014	1	0.00021	0.00021	0.5	99625	21	99614	8192939	82.24
2010-2014	2	0.00014	0.00014	0.5	99604	14	99597	8093324	81.26
2010-2014	3	0.00014	0.00014	0.5	99590	14	99583	7993728	80.27
2010-2014	4	0.00011	0.00011	0.5	99576	11	99570	7894145	79.28
2010-2014	5	0.00008	0.00008	0.5	99565	8	99560	7794575	78.29
2010-2014	6	0.00007	0.00007	0.5	99556	7	99553	7695014	77.29
2010-2014	7	0.00008	0.00008	0.5	99549	8	99545	7595461	76.30
2010-2014	8	0.00007	0.00007	0.5	99541	7	99538	7495916	75.30
2010-2014	9	0.00008	0.00008	0.5	99534	8	99530	7396378	74.31
2010-2014	10	0.00008	0.00008	0.5	99526	8	99522	7296848	73.32
2010-2014	11	0.00004	0.00004	0.5	99518	4	99517	7197326	72.32
2010-2014	12	0.00008	0.00008	0.5	99515	8	99511	7097809	71.32
2010-2014	13	0.00008	0.00008	0.5	99507	8	99503	6998298	70.33
2010-2014	14	0.00010	0.00010	0.5	99499	10	99494	6898795	69.34
2010-2014	15	0.00016	0.00016	0.5	99489	16	99481	6799301	68.34
2010-2014	16	0.00019	0.00019	0.5	99473	19	99464	6699819	67.35
2010-2014	17	0.00016	0.00016	0.5	99454	16	99446	6600356	66.37
2010-2014	18	0.00017	0.00017	0.5	99438	17	99429	6500910	65.38
2010-2014	19	0.00016	0.00016	0.5	99421	16	99413	6401480	64.39
2010-2014	20	0.00028	0.00028	0.5	99405	28	99391	6302067	63.40
2010-2014	21	0.00031	0.00031	0.5	99377	31	99362	6202676	62.42
2010-2014	22	0.00039	0.00039	0.5	99347	38	99327	6103314	61.43
2010-2014	23	0.00037	0.00037	0.5	99308	37	99290	6003987	60.46
2010-2014	24	0.00043	0.00043	0.5	99272	43	99250	5904697	59.48
2010-2014	25	0.00035	0.00035	0.5	99229	35	99211	5805447	58.51
2010-2014	26	0.00046	0.00045	0.5	99194	45	99171	5706235	57.53
2010-2014	27	0.00037	0.00037	0.5	99149	37	99131	5607064	56.55
2010-2014	28	0.00046	0.00046	0.5	99112	46	99090	5507934	55.57
2010-2014	29	0.00050	0.00050	0.5	99067	50	99042	5408844	54.60
2010-2014	30	0.00048	0.00048	0.5	99017	47	98994	5309802	53.63
2010-2014	31	0.00053	0.00053	0.5	98970	52	98944	5210808	52.65
2010-2014	32	0.00059	0.00059	0.5	98918	58	98889	5111864	51.68
2010-2014	33	0.00063	0.00063	0.5	98860	62	98829	5012975	50.71
2010-2014	34	0.00052	0.00052	0.5	98798	52	98772	4914146	49.74
2010-2014	35	0.00078	0.00078	0.5	98746	77	98708	4815374	48.77
2010-2014	36	0.00066	0.00066	0.5	98669	65	98637	4716666	47.80
2010-2014	37	0.00070	0.00070	0.5	98604	69	98570	4618029	46.83
2010-2014	38	0.00078	0.00078	0.5	98535	77	98497	4519460	45.87
2010-2014	39	0.00091	0.00091	0.5	98458	90	98414	4420963	44.90
2010-2014	40	0.00108	0.00108	0.5	98369	106	98316	4322550	43.94
2010-2014	41	0.00110	0.00109	0.5	98263	108	98209	4224234	42.99
2010-2014	42	0.00123	0.00122	0.5	98155	120	98095	4126025	42.04
2010-2014	43	0.00137	0.00137	0.5	98035	134	97968	4027930	41.09
2010-2014	44	0.00139	0.00139	0.5	97901	136	97833	3929963	40.14
2010-2014	45	0.00151	0.00151	0.5	97765	148	97691	3832130	39.20
2010-2014	46	0.00171	0.00171	0.5	97617	167	97534	3734439	38.26
2010-2014	47	0.00188	0.00188	0.5	97450	183	97359	3636906	37.32
2010-2014	48	0.00193	0.00193	0.5	97267	188	97173	3539547	36.39
2010-2014	49	0.00197	0.00197	0.5	97080	191	96984	3442374	35.46
2010-2014	50	0.00246	0.00245	0.5	96889	238	96770	3345390	34.53
2010-2014	51	0.00264	0.00264	0.5	96651	255	96524	3248620	33.61
2010-2014	52	0.00274	0.00274	0.5	96396	264	96264	3152096	32.70
2010-2014	53	0.00268	0.00268	0.5	96133	258	96004	3055831	31.79
2010-2014	54	0.00345	0.00344	0.5	95875	330	95710	2959828	30.87
2010-2014	55	0.00340	0.00340	0.5	95545	324	95383	2864118	29.98
2010-2014	56	0.00393	0.00392	0.5	95220	373	95034	2768735	29.08
2010-2014	57	0.00416	0.00415	0.5	94847	393	94650	2673701	28.19
2010-2014	58	0.00436	0.00436	0.5	94454	411	94248	2579051	27.30
2010-2014	59	0.00482	0.00481	0.5	94042	452	93816	2484803	26.42
2010-2014	60	0.00494	0.00493	0.5	93590	461	93360	2390987	25.55
2010-2014	61	0.00545	0.00543	0.5	93129	506	92876	2297627	24.67
2010-2014	62	0.00623	0.00621	0.5	92623	575	92335	2204751	23.80
2010-2014	63	0.00675	0.00673	0.5	92048	619	91738	2112416	22.95
2010-2014	64	0.00755	0.00752	0.5	91429	688	91085	2020677	22.10
2010-2014	65	0.00817	0.00813	0.5	90741	738	90372	1929593	21.26
2010-2014	66	0.00924	0.00920	0.5	90003	828	89589	1839221	20.44
2010-2014	67	0.00982	0.00977	0.5	89175	872	88739	1749632	19.62
2010-2014	68	0.01135	0.01129	0.5	88303	997	87805	1660893	18.81
2010-2014	69	0.01235	0.01227	0.5	87307	1071	86771	1573088	18.02
2010-2014	70	0.01377	0.01368	0.5	86235	1179	85646	1486316	17.24
2010-2014	71	0.01514	0.01502	0.5	85056	1278	84417	1400671	16.47
2010-2014	72	0.01633	0.01620	0.5	83778	1357	83099	1316254	15.71
2010-2014	73	0.01764	0.01749	0.5	82421	1442	81700	1233154	14.96
2010-2014	74	0.02020	0.02000	0.5	80979	1619	80170	1151454	14.22
2010-2014	75	0.02235	0.02210	0.5	79360	1754	78483	1071285	13.50
2010-2014	76	0.02500	0.02469	0.5	77606	1916	76648	992802	12.79
2010-2014	77	0.02808	0.02769	0.5	75690	2096	74642	916154	12.10
2010-2014	78	0.03127	0.03079	0.5	73594	2266	72461	841512	11.43
2010-2014	79	0.03419	0.03361	0.5	71328	2398	70129	769051	10.78
2010-2014	80	0.03858	0.03785	0.5	68930	2609	67626	698922	10.14
2010-2014	81	0.04422	0.04327	0.5	66321	2869	64886	631296	9.52
2010-2014	82	0.04939	0.04820	0.5	63452	3059	61922	566410	8.93
2010-2014	83	0.05563	0.05412	0.5	60393	3269	58759	504488	8.35
2010-2014	84	0.06257	0.06068	0.5	57124	3466	55391	445729	7.80
2010-2014	85	0.06936	0.06704	0.5	53658	3597	51860	390338	7.27
2010-2014	86	0.07750	0.07460	0.5	50061	3735	48194	338478	6.76
2010-2014	87	0.09040	0.08649	0.5	46327	4007	44323	290284	6.27
2010-2014	88	0.10182	0.09689	0.5	42320	4100	40270	245961	5.81
2010-2014	89	0.11496	0.10871	0.5	38219	4155	36142	205691	5.38
2010-2014	90	0.12979	0.12188	0.5	34064	4152	31988	169549	4.98
2010-2014	91	0.14860	0.13832	0.5	29913	4138	27844	137561	4.60
2010-2014	92	0.16880	0.15566	0.5	25775	4012	23769	109717	4.26
2010-2014	93	0.18789	0.17175	0.5	21763	3738	19894	85948	3.95
2010-2014	94	0.20289	0.18421	0.5	18025	3320	16365	66054	3.66
2010-2014	95	0.23127	0.20730	0.5	14705	3048	13181	49690	3.38
2010-2014	96	0.25648	0.22733	0.5	11656	2650	10331	36509	3.13
2010-2014	97	0.28344	0.24825	0.5	9007	2236	7889	26178	2.91
2010-2014	98	0.31203	0.26992	0.5	6771	1828	5857	18289	2.70
2010-2014	99	0.34213	0.29216	0.5	4943	1444	4221	12432	2.52
2010-2014	100	0.37356	0.31477	0.5	3499	1101	2948	8211	2.35
2010-2014	101	0.40610	0.33756	0.5	2398	809	1993	5263	2.20
2010-2014	102	0.43948	0.36030	0.5	1588	572	1302	3270	2.06
2010-2014	103	0.47341	0.38280	0.5	1016	389	822	1968	1.94
2010-2014	104	0.50760	0.40485	0.5	627	254	500	1146	1.83
2010-2014	105	0.54171	0.42626	0.5	373	159	294	646	1.73
2010-2014	106	0.57544	0.44687	0.5	214	96	166	352	1.65
2010-2014	107	0.60848	0.46654	0.5	118	55	91	186	1.57
2010-2014	108	0.64055	0.48516	0.5	63	31	48	95	1.51
2010-2014	109	0.67141	0.50267	0.5	33	16	24	47	1.46
2010-2014	110+	0.70087	1.00000	1.43	16	16	23	23	1.43
2015-2017	0	0.00353	0.00351	0.06	100000	351	99671	8288219	82.88
2015-2017	1	0.00023	0.00023	0.5	99649	23	99637	8188548	82.17
2015-2017	2	0.00017	0.00017	0.5	99626	17	99618	8088911	81.19
2015-2017	3	0.00013	0.00013	0.5	99609	13	99603	7989293	80.21
2015-2017	4	0.00009	0.00009	0.5	99596	9	99592	7889691	79.22
2015-2017	5	0.00010	0.00010	0.5	99587	10	99582	7790099	78.22
2015-2017	6	0.00007	0.00007	0.5	99577	7	99573	7690517	77.23
2015-2017	7	0.00004	0.00004	0.5	99570	4	99568	7590944	76.24
2015-2017	8	0.00007	0.00007	0.5	99566	7	99562	7491376	75.24
2015-2017	9	0.00010	0.00010	0.5	99559	10	99554	7391814	74.25
2015-2017	10	0.00006	0.00006	0.5	99549	6	99546	7292260	73.25
2015-2017	11	0.00010	0.00010	0.5	99543	10	99538	7192714	72.26
2015-2017	12	0.00010	0.00010	0.5	99532	9	99528	7093177	71.27
2015-2017	13	0.00004	0.00004	0.5	99523	4	99521	6993649	70.27
2015-2017	14	0.00009	0.00009	0.5	99519	9	99514	6894128	69.27
2015-2017	15	0.00013	0.00013	0.5	99509	13	99503	6794615	68.28
2015-2017	16	0.00016	0.00016	0.5	99496	15	99488	6695112	67.29
2015-2017	17	0.00019	0.00019	0.5	99481	19	99471	6595624	66.30
2015-2017	18	0.00022	0.00022	0.5	99461	22	99451	6496153	65.31
2015-2017	19	0.00021	0.00021	0.5	99440	20	99429	6396702	64.33
2015-2017	20	0.00021	0.00021	0.5	99419	21	99409	6297273	63.34
2015-2017	21	0.00031	0.00031	0.5	99398	31	99383	6197864	62.35
2015-2017	22	0.00045	0.00045	0.5	99367	45	99345	6098481	61.37
2015-2017	23	0.00046	0.00046	0.5	99322	46	99299	5999137	60.40
2015-2017	24	0.00046	0.00046	0.5	99276	46	99254	5899837	59.43
2015-2017	25	0.00058	0.00058	0.5	99231	57	99202	5800583	58.46
2015-2017	26	0.00055	0.00055	0.5	99174	54	99146	5701381	57.49
2015-2017	27	0.00056	0.00056	0.5	99119	55	99091	5602235	56.52
2015-2017	28	0.00062	0.00062	0.5	99064	61	99033	5503143	55.55
2015-2017	29	0.00073	0.00073	0.5	99003	72	98966	5404110	54.59
2015-2017	30	0.00064	0.00064	0.5	98930	63	98899	5305144	53.63
2015-2017	31	0.00089	0.00089	0.5	98867	88	98823	5206245	52.66
2015-2017	32	0.00079	0.00079	0.5	98779	78	98740	5107422	51.71
2015-2017	33	0.00064	0.00064	0.5	98701	63	98670	5008682	50.75
2015-2017	34	0.00108	0.00108	0.5	98638	107	98585	4910013	49.78
2015-2017	35	0.00088	0.00088	0.5	98531	87	98488	4811428	48.83
2015-2017	36	0.00102	0.00102	0.5	98445	100	98395	4712940	47.87
2015-2017	37	0.00103	0.00103	0.5	98344	102	98294	4614546	46.92
2015-2017	38	0.00102	0.00102	0.5	98243	100	98193	4516252	45.97
2015-2017	39	0.00103	0.00103	0.5	98143	101	98092	4418060	45.02
2015-2017	40	0.00121	0.00121	0.5	98041	119	97982	4319968	44.06
2015-2017	41	0.00112	0.00112	0.5	97923	110	97868	4221985	43.12
2015-2017	42	0.00127	0.00127	0.5	97813	125	97751	4124118	42.16
2015-2017	43	0.00120	0.00120	0.5	97688	117	97630	4026367	41.22
2015-2017	44	0.00152	0.00152	0.5	97571	149	97497	3928737	40.27
2015-2017	45	0.00152	0.00152	0.5	97423	148	97349	3831240	39.33
2015-2017	46	0.00164	0.00164	0.5	97275	160	97195	3733890	38.38
2015-2017	47	0.00189	0.00189	0.5	97115	183	97024	3636695	37.45
2015-2017	48	0.00206	0.00206	0.5	96932	200	96832	3539671	36.52
2015-2017	49	0.00219	0.00219	0.5	96732	212	96626	3442839	35.59
2015-2017	50	0.00245	0.00245	0.5	96520	236	96402	3346213	34.67
2015-2017	51	0.00256	0.00256	0.5	96284	246	96161	3249811	33.75
2015-2017	52	0.00307	0.00307	0.5	96038	295	95890	3153650	32.84
2015-2017	53	0.00315	0.00315	0.5	95743	301	95592	3057760	31.94
2015-2017	54	0.00308	0.00308	0.5	95442	294	95295	2962168	31.04
2015-2017	55	0.00373	0.00372	0.5	95148	354	94971	2866873	30.13
2015-2017	56	0.00402	0.00402	0.5	94794	381	94604	2771902	29.24
2015-2017	57	0.00416	0.00416	0.5	94413	392	94217	2677299	28.36
2015-2017	58	0.00464	0.00463	0.5	94021	435	93803	2583081	27.47
2015-2017	59	0.00485	0.00484	0.5	93586	453	93360	2489278	26.60
2015-2017	60	0.00508	0.00506	0.5	93133	472	92898	2395918	25.73
2015-2017	61	0.00522	0.00521	0.5	92662	483	92420	2303021	24.85
2015-2017	62	0.00608	0.00606	0.5	92179	558	91900	2210600	23.98
2015-2017	63	0.00659	0.00657	0.5	91621	601	91320	2118700	23.12
2015-2017	64	0.00696	0.00693	0.5	91019	631	90704	2027380	22.27
2015-2017	65	0.00784	0.00781	0.5	90388	706	90035	1936677	21.43
2015-2017	66	0.00835	0.00832	0.5	89682	746	89309	1846642	20.59
2015-2017	67	0.00926	0.00922	0.5	88936	820	88526	1757333	19.76
2015-2017	68	0.01044	0.01039	0.5	88116	915	87659	1668807	18.94
2015-2017	69	0.01191	0.01184	0.5	87201	1032	86685	1581148	18.13
2015-2017	70	0.01312	0.01304	0.5	86169	1124	85607	1494464	17.34
2015-2017	71	0.01374	0.01365	0.5	85045	1161	84465	1408857	16.57
2015-2017	72	0.01661	0.01648	0.5	83884	1382	83193	1324392	15.79
2015-2017	73	0.01796	0.01780	0.5	82502	1468	81768	1241199	15.04
2015-2017	74	0.02011	0.01991	0.5	81034	1614	80227	1159431	14.31
2015-2017	75	0.02232	0.02208	0.5	79420	1753	78544	1079204	13.59
2015-2017	76	0.02424	0.02395	0.5	77667	1860	76737	1000660	12.88
2015-2017	77	0.02772	0.02735	0.5	75807	2073	74771	923923	12.19
2015-2017	78	0.02949	0.02906	0.5	73734	2143	72663	849152	11.52
2015-2017	79	0.03446	0.03387	0.5	71592	2425	70379	776489	10.85
2015-2017	80	0.03763	0.03694	0.5	69166	2555	67889	706110	10.21
2015-2017	81	0.04192	0.04106	0.5	66612	2735	65244	638221	9.58
2015-2017	82	0.05056	0.04931	0.5	63877	3150	62302	572977	8.97
2015-2017	83	0.05409	0.05266	0.5	60727	3198	59128	510675	8.41
2015-2017	84	0.06118	0.05937	0.5	57529	3415	55821	451547	7.85
2015-2017	85	0.06819	0.06594	0.5	54113	3568	52329	395726	7.31
2015-2017	86	0.07828	0.07534	0.5	50545	3808	48641	343397	6.79
2015-2017	87	0.08969	0.08584	0.5	46737	4012	44731	294756	6.31
2015-2017	88	0.09878	0.09413	0.5	42726	4022	40715	250024	5.85
2015-2017	89	0.11399	0.10784	0.5	38704	4174	36617	209310	5.41
2015-2017	90	0.13112	0.12305	0.5	34530	4249	32406	172693	5.00
2015-2017	91	0.14900	0.13867	0.5	30281	4199	28182	140287	4.63
2015-2017	92	0.16245	0.15025	0.5	26082	3919	24123	112105	4.30
2015-2017	93	0.18515	0.16946	0.5	22163	3756	20285	87983	3.97
2015-2017	94	0.20243	0.18382	0.5	18407	3384	16716	67697	3.68
2015-2017	95	0.22966	0.20601	0.5	15024	3095	13476	50982	3.39
2015-2017	96	0.25489	0.22608	0.5	11929	2697	10580	37506	3.14
2015-2017	97	0.28188	0.24706	0.5	9232	2281	8091	26925	2.92
2015-2017	98	0.31054	0.26880	0.5	6951	1868	6017	18834	2.71
2015-2017	99	0.34073	0.29113	0.5	5083	1480	4343	12817	2.52
2015-2017	100	0.37226	0.31385	0.5	3603	1131	3038	8474	2.35
2015-2017	101	0.40493	0.33675	0.5	2472	832	2056	5437	2.20
2015-2017	102	0.43845	0.35962	0.5	1640	590	1345	3381	2.06
2015-2017	103	0.47255	0.38224	0.5	1050	401	849	2036	1.94
2015-2017	104	0.50691	0.40441	0.5	649	262	517	1187	1.83
2015-2017	105	0.54120	0.42594	0.5	386	165	304	669	1.73
2015-2017	106	0.57511	0.44667	0.5	222	99	172	365	1.65
2015-2017	107	0.60832	0.46645	0.5	123	57	94	193	1.57
2015-2017	108	0.64056	0.48517	0.5	65	32	50	99	1.51
2015-2017	109	0.67158	0.50276	0.5	34	17	25	49	1.46
2015-2017	110+	0.70117	1.00000	1.43	17	17	24	24	1.43
