MA: Massachusetts, Lifetables (period 1x10), Males Last modified: 3 Dec 2019, MPv5 (May07) 

Year     	Age	mx	qx	ax	lx	dx	Lx	Tx	ex
1960-1969	0	0.02379	0.02330	0.11	100000	2330	97924	6774090	67.74
1960-1969	1	0.00117	0.00117	0.5	97670	114	97613	6676167	68.35
1960-1969	2	0.00084	0.00084	0.5	97556	82	97516	6578553	67.43
1960-1969	3	0.00068	0.00068	0.5	97475	67	97441	6481038	66.49
1960-1969	4	0.00057	0.00057	0.5	97408	56	97380	6383596	65.53
1960-1969	5	0.00054	0.00054	0.5	97353	53	97326	6286216	64.57
1960-1969	6	0.00050	0.00050	0.5	97300	48	97275	6188890	63.61
1960-1969	7	0.00049	0.00049	0.5	97251	47	97227	6091614	62.64
1960-1969	8	0.00035	0.00035	0.5	97204	34	97187	5994387	61.67
1960-1969	9	0.00034	0.00034	0.5	97169	33	97153	5897200	60.69
1960-1969	10	0.00038	0.00038	0.5	97136	37	97118	5800047	59.71
1960-1969	11	0.00035	0.00035	0.5	97099	34	97082	5702930	58.73
1960-1969	12	0.00037	0.00037	0.5	97065	36	97047	5605848	57.75
1960-1969	13	0.00042	0.00042	0.5	97029	40	97008	5508801	56.77
1960-1969	14	0.00048	0.00048	0.5	96988	47	96965	5411793	55.80
1960-1969	15	0.00058	0.00058	0.5	96941	56	96913	5314828	54.83
1960-1969	16	0.00086	0.00086	0.5	96885	83	96844	5217915	53.86
1960-1969	17	0.00108	0.00108	0.5	96802	104	96750	5121071	52.90
1960-1969	18	0.00122	0.00122	0.5	96697	118	96639	5024322	51.96
1960-1969	19	0.00124	0.00124	0.5	96580	120	96520	4927683	51.02
1960-1969	20	0.00126	0.00126	0.5	96460	122	96399	4831163	50.08
1960-1969	21	0.00145	0.00144	0.5	96338	139	96269	4734764	49.15
1960-1969	22	0.00135	0.00135	0.5	96199	130	96134	4638495	48.22
1960-1969	23	0.00134	0.00134	0.5	96069	128	96005	4542361	47.28
1960-1969	24	0.00126	0.00126	0.5	95941	121	95880	4446356	46.34
1960-1969	25	0.00111	0.00111	0.5	95820	107	95767	4350476	45.40
1960-1969	26	0.00107	0.00107	0.5	95713	103	95662	4254709	44.45
1960-1969	27	0.00111	0.00111	0.5	95611	106	95557	4159047	43.50
1960-1969	28	0.00139	0.00139	0.5	95504	133	95438	4063490	42.55
1960-1969	29	0.00124	0.00124	0.5	95371	118	95312	3968052	41.61
1960-1969	30	0.00136	0.00136	0.5	95253	130	95188	3872740	40.66
1960-1969	31	0.00150	0.00150	0.5	95123	143	95052	3777552	39.71
1960-1969	32	0.00147	0.00147	0.5	94980	140	94911	3682500	38.77
1960-1969	33	0.00154	0.00154	0.5	94841	146	94768	3587590	37.83
1960-1969	34	0.00180	0.00180	0.5	94695	170	94610	3492822	36.89
1960-1969	35	0.00210	0.00210	0.5	94525	199	94425	3398212	35.95
1960-1969	36	0.00221	0.00220	0.5	94326	208	94222	3303787	35.03
1960-1969	37	0.00244	0.00244	0.5	94118	230	94003	3209565	34.10
1960-1969	38	0.00270	0.00269	0.5	93888	253	93762	3115562	33.18
1960-1969	39	0.00302	0.00302	0.5	93636	282	93494	3021800	32.27
1960-1969	40	0.00318	0.00318	0.5	93353	297	93205	2928306	31.37
1960-1969	41	0.00364	0.00364	0.5	93056	338	92887	2835101	30.47
1960-1969	42	0.00420	0.00419	0.5	92718	389	92524	2742213	29.58
1960-1969	43	0.00454	0.00453	0.5	92329	418	92120	2649690	28.70
1960-1969	44	0.00475	0.00474	0.5	91911	436	91693	2557570	27.83
1960-1969	45	0.00540	0.00538	0.5	91475	493	91229	2465877	26.96
1960-1969	46	0.00620	0.00618	0.5	90983	562	90701	2374648	26.10
1960-1969	47	0.00685	0.00683	0.5	90420	617	90112	2283946	25.26
1960-1969	48	0.00776	0.00773	0.5	89803	694	89456	2193835	24.43
1960-1969	49	0.00820	0.00816	0.5	89109	728	88745	2104379	23.62
1960-1969	50	0.00981	0.00976	0.5	88381	862	87950	2015634	22.81
1960-1969	51	0.01023	0.01018	0.5	87519	891	87074	1927684	22.03
1960-1969	52	0.01170	0.01163	0.5	86628	1008	86124	1840610	21.25
1960-1969	53	0.01274	0.01266	0.5	85621	1084	85078	1754486	20.49
1960-1969	54	0.01458	0.01448	0.5	84536	1224	83924	1669407	19.75
1960-1969	55	0.01483	0.01472	0.5	83312	1226	82699	1585483	19.03
1960-1969	56	0.01690	0.01676	0.5	82086	1376	81398	1502784	18.31
1960-1969	57	0.01884	0.01866	0.5	80710	1506	79957	1421386	17.61
1960-1969	58	0.02099	0.02078	0.5	79204	1645	78381	1341429	16.94
1960-1969	59	0.02269	0.02244	0.5	77558	1740	76688	1263048	16.29
1960-1969	60	0.02455	0.02425	0.5	75818	1839	74899	1186360	15.65
1960-1969	61	0.02566	0.02534	0.5	73979	1874	73042	1111461	15.02
1960-1969	62	0.02950	0.02907	0.5	72105	2096	71057	1038419	14.40
1960-1969	63	0.03109	0.03061	0.5	70009	2143	68937	967362	13.82
1960-1969	64	0.03420	0.03362	0.5	67866	2282	66725	898425	13.24
1960-1969	65	0.03831	0.03759	0.5	65584	2465	64351	831700	12.68
1960-1969	66	0.03809	0.03738	0.5	63119	2359	61939	767349	12.16
1960-1969	67	0.04385	0.04291	0.5	60759	2607	59456	705410	11.61
1960-1969	68	0.04642	0.04537	0.5	58152	2638	56833	645954	11.11
1960-1969	69	0.04912	0.04795	0.5	55514	2662	54183	589121	10.61
1960-1969	70	0.05458	0.05313	0.5	52852	2808	51448	534937	10.12
1960-1969	71	0.05520	0.05371	0.5	50044	2688	48700	483489	9.66
1960-1969	72	0.06349	0.06153	0.5	47356	2914	45899	434789	9.18
1960-1969	73	0.06621	0.06409	0.5	44442	2848	43018	388889	8.75
1960-1969	74	0.07181	0.06932	0.5	41594	2883	40152	345871	8.32
1960-1969	75	0.07745	0.07457	0.5	38710	2886	37267	305719	7.90
1960-1969	76	0.08140	0.07822	0.5	35824	2802	34423	268452	7.49
1960-1969	77	0.08803	0.08432	0.5	33022	2784	31630	234029	7.09
1960-1969	78	0.09547	0.09112	0.5	30237	2755	28860	202399	6.69
1960-1969	79	0.10299	0.09795	0.5	27482	2692	26136	173540	6.31
1960-1969	80	0.11776	0.11121	0.5	24790	2757	23412	147404	5.95
1960-1969	81	0.11952	0.11278	0.5	22033	2485	20791	123992	5.63
1960-1969	82	0.13375	0.12537	0.5	19548	2451	18323	103201	5.28
1960-1969	83	0.14993	0.13947	0.5	17098	2385	15905	84878	4.96
1960-1969	84	0.16115	0.14913	0.5	14713	2194	13616	68973	4.69
1960-1969	85	0.17480	0.16075	0.5	12519	2012	11513	55357	4.42
1960-1969	86	0.18723	0.17121	0.5	10506	1799	9607	43844	4.17
1960-1969	87	0.20292	0.18423	0.5	8708	1604	7906	34237	3.93
1960-1969	88	0.21460	0.19381	0.5	7103	1377	6415	26331	3.71
1960-1969	89	0.24375	0.21727	0.5	5727	1244	5105	19916	3.48
1960-1969	90	0.25420	0.22553	0.5	4483	1011	3977	14812	3.30
1960-1969	91	0.27357	0.24065	0.5	3472	835	3054	10835	3.12
1960-1969	92	0.29710	0.25867	0.5	2636	682	2295	7781	2.95
1960-1969	93	0.30748	0.26651	0.5	1954	521	1694	5486	2.81
1960-1969	94	0.33533	0.28718	0.5	1433	412	1228	3792	2.65
1960-1969	95	0.35737	0.30319	0.5	1022	310	867	2564	2.51
1960-1969	96	0.38003	0.31935	0.5	712	227	598	1697	2.38
1960-1969	97	0.40322	0.33557	0.5	485	163	403	1099	2.27
1960-1969	98	0.42686	0.35178	0.5	322	113	265	696	2.16
1960-1969	99	0.45084	0.36790	0.5	209	77	170	430	2.06
1960-1969	100	0.47504	0.38387	0.5	132	51	107	260	1.97
1960-1969	101	0.49937	0.39959	0.5	81	32	65	153	1.89
1960-1969	102	0.52369	0.41502	0.5	49	20	39	88	1.81
1960-1969	103	0.54791	0.43008	0.5	29	12	22	50	1.74
1960-1969	104	0.57190	0.44473	0.5	16	7	13	27	1.67
1960-1969	105	0.59556	0.45890	0.5	9	4	7	15	1.62
1960-1969	106	0.61878	0.47257	0.5	5	2	4	8	1.56
1960-1969	107	0.64147	0.48569	0.5	3	1	2	4	1.51
1960-1969	108	0.66354	0.49824	0.5	1	1	1	2	1.47
1960-1969	109	0.68492	0.51020	0.5	1	0	0	1	1.44
1960-1969	110+	0.70555	1.00000	1.42	0	0	0	0	1.42
1970-1979	0	0.01560	0.01538	0.09	100000	1538	98596	6946642	69.47
1970-1979	1	0.00091	0.00091	0.5	98462	89	98417	6848046	69.55
1970-1979	2	0.00061	0.00061	0.5	98373	60	98343	6749629	68.61
1970-1979	3	0.00054	0.00054	0.5	98312	53	98286	6651287	67.65
1970-1979	4	0.00050	0.00050	0.5	98260	49	98235	6553001	66.69
1970-1979	5	0.00044	0.00044	0.5	98210	43	98189	6454766	65.72
1970-1979	6	0.00038	0.00038	0.5	98167	38	98148	6356577	64.75
1970-1979	7	0.00035	0.00035	0.5	98129	35	98112	6258429	63.78
1970-1979	8	0.00032	0.00032	0.5	98095	31	98079	6160317	62.80
1970-1979	9	0.00031	0.00031	0.5	98064	30	98048	6062238	61.82
1970-1979	10	0.00027	0.00027	0.5	98033	27	98020	5964189	60.84
1970-1979	11	0.00028	0.00028	0.5	98007	27	97993	5866169	59.85
1970-1979	12	0.00027	0.00027	0.5	97979	26	97966	5768176	58.87
1970-1979	13	0.00038	0.00038	0.5	97953	37	97934	5670210	57.89
1970-1979	14	0.00050	0.00050	0.5	97916	49	97891	5572275	56.91
1970-1979	15	0.00063	0.00063	0.5	97867	61	97836	5474384	55.94
1970-1979	16	0.00086	0.00086	0.5	97806	84	97764	5376548	54.97
1970-1979	17	0.00134	0.00134	0.5	97722	130	97657	5278784	54.02
1970-1979	18	0.00156	0.00156	0.5	97591	152	97516	5181127	53.09
1970-1979	19	0.00168	0.00168	0.5	97440	163	97358	5083611	52.17
1970-1979	20	0.00162	0.00162	0.5	97276	158	97198	4986253	51.26
1970-1979	21	0.00163	0.00162	0.5	97119	158	97040	4889056	50.34
1970-1979	22	0.00171	0.00171	0.5	96961	166	96878	4792016	49.42
1970-1979	23	0.00157	0.00157	0.5	96795	152	96719	4695138	48.51
1970-1979	24	0.00148	0.00148	0.5	96643	143	96572	4598418	47.58
1970-1979	25	0.00159	0.00159	0.5	96500	153	96424	4501847	46.65
1970-1979	26	0.00148	0.00147	0.5	96347	142	96276	4405423	45.72
1970-1979	27	0.00139	0.00139	0.5	96205	134	96138	4309147	44.79
1970-1979	28	0.00136	0.00136	0.5	96071	131	96006	4213009	43.85
1970-1979	29	0.00144	0.00144	0.5	95941	138	95871	4117003	42.91
1970-1979	30	0.00138	0.00138	0.5	95802	132	95736	4021132	41.97
1970-1979	31	0.00145	0.00145	0.5	95670	138	95600	3925396	41.03
1970-1979	32	0.00152	0.00152	0.5	95531	145	95459	3829796	40.09
1970-1979	33	0.00162	0.00162	0.5	95386	155	95309	3734337	39.15
1970-1979	34	0.00169	0.00169	0.5	95232	161	95151	3639028	38.21
1970-1979	35	0.00176	0.00176	0.5	95071	167	94987	3543876	37.28
1970-1979	36	0.00187	0.00187	0.5	94904	177	94815	3448889	36.34
1970-1979	37	0.00220	0.00220	0.5	94726	208	94622	3354074	35.41
1970-1979	38	0.00245	0.00244	0.5	94518	231	94403	3259451	34.48
1970-1979	39	0.00284	0.00284	0.5	94287	268	94154	3165048	33.57
1970-1979	40	0.00315	0.00314	0.5	94020	296	93872	3070895	32.66
1970-1979	41	0.00319	0.00318	0.5	93724	298	93575	2977023	31.76
1970-1979	42	0.00387	0.00386	0.5	93426	361	93245	2883448	30.86
1970-1979	43	0.00431	0.00430	0.5	93065	400	92865	2790203	29.98
1970-1979	44	0.00458	0.00457	0.5	92665	424	92453	2697338	29.11
1970-1979	45	0.00513	0.00512	0.5	92241	472	92005	2604885	28.24
1970-1979	46	0.00530	0.00528	0.5	91769	485	91526	2512881	27.38
1970-1979	47	0.00619	0.00617	0.5	91284	563	91002	2421354	26.53
1970-1979	48	0.00660	0.00658	0.5	90721	597	90422	2330352	25.69
1970-1979	49	0.00734	0.00731	0.5	90124	659	89794	2239930	24.85
1970-1979	50	0.00833	0.00830	0.5	89465	742	89094	2150135	24.03
1970-1979	51	0.00889	0.00885	0.5	88723	785	88330	2061042	23.23
1970-1979	52	0.00971	0.00966	0.5	87937	850	87513	1972712	22.43
1970-1979	53	0.01070	0.01064	0.5	87088	926	86625	1885199	21.65
1970-1979	54	0.01199	0.01191	0.5	86161	1027	85648	1798574	20.87
1970-1979	55	0.01303	0.01295	0.5	85135	1102	84584	1712926	20.12
1970-1979	56	0.01384	0.01375	0.5	84032	1155	83455	1628343	19.38
1970-1979	57	0.01619	0.01606	0.5	82877	1331	82212	1544888	18.64
1970-1979	58	0.01719	0.01704	0.5	81546	1390	80851	1462676	17.94
1970-1979	59	0.01871	0.01854	0.5	80157	1486	79413	1381825	17.24
1970-1979	60	0.02056	0.02035	0.5	78670	1601	77870	1302411	16.56
1970-1979	61	0.02223	0.02198	0.5	77069	1694	76222	1224542	15.89
1970-1979	62	0.02560	0.02528	0.5	75375	1905	74422	1148320	15.23
1970-1979	63	0.02714	0.02678	0.5	73469	1967	72486	1073898	14.62
1970-1979	64	0.02925	0.02883	0.5	71502	2061	70471	1001412	14.01
1970-1979	65	0.03289	0.03236	0.5	69441	2247	68317	930941	13.41
1970-1979	66	0.03407	0.03349	0.5	67194	2251	66068	862624	12.84
1970-1979	67	0.03857	0.03784	0.5	64943	2457	63714	796555	12.27
1970-1979	68	0.04163	0.04078	0.5	62486	2548	61212	732841	11.73
1970-1979	69	0.04413	0.04318	0.5	59938	2588	58644	671629	11.21
1970-1979	70	0.04736	0.04626	0.5	57350	2653	56023	612986	10.69
1970-1979	71	0.05127	0.04999	0.5	54696	2734	53329	556963	10.18
1970-1979	72	0.05839	0.05674	0.5	51962	2948	50488	503633	9.69
1970-1979	73	0.06160	0.05976	0.5	49014	2929	47550	453145	9.25
1970-1979	74	0.06529	0.06323	0.5	46085	2914	44628	405595	8.80
1970-1979	75	0.07117	0.06872	0.5	43171	2967	41688	360967	8.36
1970-1979	76	0.07960	0.07656	0.5	40204	3078	38665	319280	7.94
1970-1979	77	0.08319	0.07987	0.5	37127	2965	35644	280614	7.56
1970-1979	78	0.09040	0.08649	0.5	34161	2955	32684	244970	7.17
1970-1979	79	0.09986	0.09511	0.5	31207	2968	29723	212286	6.80
1970-1979	80	0.10358	0.09848	0.5	28239	2781	26848	182563	6.47
1970-1979	81	0.11054	0.10475	0.5	25458	2667	24124	155715	6.12
1970-1979	82	0.12316	0.11601	0.5	22791	2644	21469	131591	5.77
1970-1979	83	0.13337	0.12503	0.5	20147	2519	18887	110122	5.47
1970-1979	84	0.14388	0.13422	0.5	17628	2366	16445	91234	5.18
1970-1979	85	0.15546	0.14425	0.5	15262	2202	14161	74789	4.90
1970-1979	86	0.16448	0.15198	0.5	13060	1985	12068	60628	4.64
1970-1979	87	0.17803	0.16347	0.5	11075	1811	10170	48560	4.38
1970-1979	88	0.19178	0.17500	0.5	9265	1621	8454	38390	4.14
1970-1979	89	0.20538	0.18626	0.5	7644	1424	6932	29936	3.92
1970-1979	90	0.22170	0.19957	0.5	6220	1241	5599	23004	3.70
1970-1979	91	0.23577	0.21091	0.5	4979	1050	4454	17405	3.50
1970-1979	92	0.26188	0.23156	0.5	3929	910	3474	12951	3.30
1970-1979	93	0.27394	0.24094	0.5	3019	727	2655	9477	3.14
1970-1979	94	0.29262	0.25527	0.5	2291	585	1999	6822	2.98
1970-1979	95	0.31183	0.26977	0.5	1707	460	1476	4823	2.83
1970-1979	96	0.33170	0.28451	0.5	1246	355	1069	3347	2.69
1970-1979	97	0.35219	0.29946	0.5	892	267	758	2278	2.55
1970-1979	98	0.37324	0.31454	0.5	625	196	526	1520	2.43
1970-1979	99	0.39478	0.32970	0.5	428	141	358	993	2.32
1970-1979	100	0.41674	0.34488	0.5	287	99	237	636	2.22
1970-1979	101	0.43904	0.36001	0.5	188	68	154	398	2.12
1970-1979	102	0.46158	0.37503	0.5	120	45	98	244	2.03
1970-1979	103	0.48428	0.38987	0.5	75	29	61	146	1.95
1970-1979	104	0.50704	0.40450	0.5	46	19	37	86	1.87
1970-1979	105	0.52978	0.41884	0.5	27	11	22	49	1.80
1970-1979	106	0.55239	0.43284	0.5	16	7	12	28	1.74
1970-1979	107	0.57479	0.44648	0.5	9	4	7	15	1.68
1970-1979	108	0.59689	0.45970	0.5	5	2	4	8	1.63
1970-1979	109	0.61860	0.47247	0.5	3	1	2	4	1.59
1970-1979	110+	0.63984	1.00000	1.56	1	1	2	2	1.56
1980-1989	0	0.00994	0.00985	0.07	100000	985	99086	7200917	72.01
1980-1989	1	0.00060	0.00060	0.5	99015	59	98986	7101831	71.72
1980-1989	2	0.00048	0.00048	0.5	98956	48	98932	7002846	70.77
1980-1989	3	0.00033	0.00033	0.5	98908	33	98892	6903913	69.80
1980-1989	4	0.00028	0.00028	0.5	98875	28	98861	6805022	68.82
1980-1989	5	0.00028	0.00028	0.5	98848	28	98834	6706160	67.84
1980-1989	6	0.00025	0.00025	0.5	98820	25	98807	6607327	66.86
1980-1989	7	0.00021	0.00021	0.5	98795	21	98784	6508520	65.88
1980-1989	8	0.00023	0.00023	0.5	98773	22	98762	6409736	64.89
1980-1989	9	0.00020	0.00020	0.5	98751	20	98741	6310973	63.91
1980-1989	10	0.00017	0.00017	0.5	98732	16	98723	6212232	62.92
1980-1989	11	0.00021	0.00021	0.5	98715	20	98705	6113508	61.93
1980-1989	12	0.00023	0.00023	0.5	98695	22	98684	6014803	60.94
1980-1989	13	0.00027	0.00027	0.5	98672	26	98659	5916120	59.96
1980-1989	14	0.00031	0.00031	0.5	98646	31	98631	5817460	58.97
1980-1989	15	0.00050	0.00050	0.5	98615	49	98591	5718830	57.99
1980-1989	16	0.00075	0.00075	0.5	98566	74	98530	5620239	57.02
1980-1989	17	0.00097	0.00097	0.5	98493	96	98445	5521709	56.06
1980-1989	18	0.00117	0.00117	0.5	98397	115	98340	5423264	55.12
1980-1989	19	0.00129	0.00129	0.5	98282	127	98219	5324924	54.18
1980-1989	20	0.00125	0.00125	0.5	98155	123	98094	5226706	53.25
1980-1989	21	0.00126	0.00126	0.5	98032	124	97970	5128612	52.32
1980-1989	22	0.00125	0.00125	0.5	97909	123	97847	5030641	51.38
1980-1989	23	0.00117	0.00117	0.5	97786	114	97729	4932794	50.44
1980-1989	24	0.00123	0.00123	0.5	97672	120	97612	4835065	49.50
1980-1989	25	0.00120	0.00120	0.5	97552	117	97494	4737453	48.56
1980-1989	26	0.00125	0.00124	0.5	97435	121	97374	4639960	47.62
1980-1989	27	0.00129	0.00129	0.5	97314	125	97251	4542585	46.68
1980-1989	28	0.00132	0.00132	0.5	97189	128	97125	4445334	45.74
1980-1989	29	0.00134	0.00134	0.5	97061	130	96996	4348209	44.80
1980-1989	30	0.00141	0.00140	0.5	96930	136	96862	4251214	43.86
1980-1989	31	0.00150	0.00150	0.5	96794	145	96722	4154352	42.92
1980-1989	32	0.00162	0.00162	0.5	96649	156	96571	4057630	41.98
1980-1989	33	0.00154	0.00154	0.5	96493	149	96418	3961059	41.05
1980-1989	34	0.00163	0.00163	0.5	96344	157	96265	3864641	40.11
1980-1989	35	0.00167	0.00167	0.5	96187	161	96106	3768376	39.18
1980-1989	36	0.00195	0.00194	0.5	96026	187	95933	3672269	38.24
1980-1989	37	0.00200	0.00200	0.5	95839	191	95744	3576337	37.32
1980-1989	38	0.00220	0.00220	0.5	95648	210	95543	3480593	36.39
1980-1989	39	0.00222	0.00222	0.5	95438	212	95332	3385050	35.47
1980-1989	40	0.00238	0.00238	0.5	95226	227	95113	3289718	34.55
1980-1989	41	0.00277	0.00277	0.5	94999	263	94868	3194606	33.63
1980-1989	42	0.00285	0.00285	0.5	94736	270	94602	3099738	32.72
1980-1989	43	0.00299	0.00299	0.5	94467	282	94326	3005136	31.81
1980-1989	44	0.00344	0.00343	0.5	94185	324	94023	2910811	30.91
1980-1989	45	0.00370	0.00370	0.5	93861	347	93688	2816788	30.01
1980-1989	46	0.00406	0.00405	0.5	93514	379	93325	2723100	29.12
1980-1989	47	0.00452	0.00451	0.5	93135	420	92925	2629776	28.24
1980-1989	48	0.00547	0.00546	0.5	92715	506	92462	2536850	27.36
1980-1989	49	0.00579	0.00577	0.5	92209	532	91943	2444388	26.51
1980-1989	50	0.00608	0.00606	0.5	91677	556	91399	2352446	25.66
1980-1989	51	0.00729	0.00726	0.5	91121	662	90790	2261047	24.81
1980-1989	52	0.00830	0.00827	0.5	90459	748	90085	2170257	23.99
1980-1989	53	0.00877	0.00873	0.5	89711	783	89320	2080171	23.19
1980-1989	54	0.00978	0.00973	0.5	88928	865	88496	1990852	22.39
1980-1989	55	0.01057	0.01051	0.5	88063	926	87600	1902356	21.60
1980-1989	56	0.01137	0.01131	0.5	87137	985	86645	1814756	20.83
1980-1989	57	0.01260	0.01252	0.5	86152	1079	85612	1728111	20.06
1980-1989	58	0.01396	0.01386	0.5	85073	1180	84483	1642499	19.31
1980-1989	59	0.01526	0.01514	0.5	83893	1270	83258	1558016	18.57
1980-1989	60	0.01688	0.01673	0.5	82623	1383	81932	1474757	17.85
1980-1989	61	0.01751	0.01736	0.5	81241	1410	80536	1392825	17.14
1980-1989	62	0.02054	0.02033	0.5	79830	1623	79019	1312290	16.44
1980-1989	63	0.02219	0.02194	0.5	78208	1716	77349	1233271	15.77
1980-1989	64	0.02354	0.02326	0.5	76491	1780	75601	1155921	15.11
1980-1989	65	0.02593	0.02560	0.5	74712	1913	73755	1080320	14.46
1980-1989	66	0.02857	0.02816	0.5	72799	2050	71774	1006565	13.83
1980-1989	67	0.03033	0.02988	0.5	70749	2114	69692	934791	13.21
1980-1989	68	0.03360	0.03305	0.5	68635	2268	67501	865099	12.60
1980-1989	69	0.03751	0.03682	0.5	66367	2443	65145	797598	12.02
1980-1989	70	0.03999	0.03920	0.5	63923	2506	62670	732453	11.46
1980-1989	71	0.04447	0.04351	0.5	61417	2672	60081	669783	10.91
1980-1989	72	0.04917	0.04799	0.5	58745	2819	57336	609701	10.38
1980-1989	73	0.05268	0.05133	0.5	55926	2871	54491	552366	9.88
1980-1989	74	0.05791	0.05628	0.5	53055	2986	51562	497875	9.38
1980-1989	75	0.06256	0.06066	0.5	50069	3037	48550	446313	8.91
1980-1989	76	0.06720	0.06502	0.5	47032	3058	45503	397763	8.46
1980-1989	77	0.07217	0.06965	0.5	43974	3063	42442	352260	8.01
1980-1989	78	0.07911	0.07610	0.5	40911	3113	39354	309818	7.57
1980-1989	79	0.08775	0.08406	0.5	37798	3177	36209	270464	7.16
1980-1989	80	0.09385	0.08965	0.5	34620	3104	33068	234255	6.77
1980-1989	81	0.10442	0.09924	0.5	31517	3128	29953	201186	6.38
1980-1989	82	0.11539	0.10910	0.5	28389	3097	26840	171233	6.03
1980-1989	83	0.12231	0.11526	0.5	25292	2915	23834	144393	5.71
1980-1989	84	0.13331	0.12498	0.5	22377	2797	20978	120559	5.39
1980-1989	85	0.14271	0.13320	0.5	19580	2608	18276	99580	5.09
1980-1989	86	0.15271	0.14188	0.5	16972	2408	15768	81304	4.79
1980-1989	87	0.17088	0.15743	0.5	14564	2293	13418	65536	4.50
1980-1989	88	0.18332	0.16792	0.5	12271	2061	11241	52119	4.25
1980-1989	89	0.19652	0.17894	0.5	10211	1827	9297	40878	4.00
1980-1989	90	0.21687	0.19566	0.5	8383	1640	7563	31581	3.77
1980-1989	91	0.22361	0.20113	0.5	6743	1356	6065	24017	3.56
1980-1989	92	0.24951	0.22184	0.5	5387	1195	4789	17952	3.33
1980-1989	93	0.27103	0.23868	0.5	4192	1001	3692	13163	3.14
1980-1989	94	0.29085	0.25392	0.5	3191	810	2786	9471	2.97
1980-1989	95	0.31150	0.26952	0.5	2381	642	2060	6685	2.81
1980-1989	96	0.33293	0.28542	0.5	1739	496	1491	4625	2.66
1980-1989	97	0.35507	0.30154	0.5	1243	375	1055	3134	2.52
1980-1989	98	0.37785	0.31781	0.5	868	276	730	2078	2.39
1980-1989	99	0.40118	0.33415	0.5	592	198	493	1348	2.28
1980-1989	100	0.42497	0.35050	0.5	394	138	325	855	2.17
1980-1989	101	0.44911	0.36676	0.5	256	94	209	530	2.07
1980-1989	102	0.47350	0.38286	0.5	162	62	131	320	1.98
1980-1989	103	0.49801	0.39872	0.5	100	40	80	189	1.89
1980-1989	104	0.52253	0.41429	0.5	60	25	48	109	1.81
1980-1989	105	0.54694	0.42949	0.5	35	15	28	61	1.74
1980-1989	106	0.57113	0.44426	0.5	20	9	16	34	1.68
1980-1989	107	0.59498	0.45857	0.5	11	5	9	18	1.62
1980-1989	108	0.61840	0.47235	0.5	6	3	5	10	1.57
1980-1989	109	0.64127	0.48558	0.5	3	2	2	5	1.53
1980-1989	110+	0.66353	1.00000	1.51	2	2	2	2	1.51
1990-1999	0	0.00643	0.00639	0.06	100000	639	99401	7432334	74.32
1990-1999	1	0.00044	0.00044	0.5	99361	43	99340	7332933	73.80
1990-1999	2	0.00027	0.00027	0.5	99318	27	99305	7233593	72.83
1990-1999	3	0.00018	0.00018	0.5	99291	18	99282	7134289	71.85
1990-1999	4	0.00019	0.00019	0.5	99273	19	99264	7035007	70.87
1990-1999	5	0.00016	0.00016	0.5	99254	16	99246	6935743	69.88
1990-1999	6	0.00015	0.00015	0.5	99238	15	99231	6836496	68.89
1990-1999	7	0.00013	0.00013	0.5	99224	13	99217	6737266	67.90
1990-1999	8	0.00015	0.00015	0.5	99210	15	99203	6638049	66.91
1990-1999	9	0.00009	0.00009	0.5	99195	9	99191	6538846	65.92
1990-1999	10	0.00011	0.00011	0.5	99186	11	99181	6439655	64.92
1990-1999	11	0.00014	0.00014	0.5	99175	14	99169	6340474	63.93
1990-1999	12	0.00019	0.00019	0.5	99162	18	99152	6241306	62.94
1990-1999	13	0.00021	0.00021	0.5	99143	21	99133	6142153	61.95
1990-1999	14	0.00033	0.00033	0.5	99122	33	99106	6043021	60.97
1990-1999	15	0.00039	0.00039	0.5	99089	39	99070	5943915	59.99
1990-1999	16	0.00058	0.00058	0.5	99050	58	99021	5844845	59.01
1990-1999	17	0.00078	0.00078	0.5	98993	77	98954	5745824	58.04
1990-1999	18	0.00100	0.00100	0.5	98915	99	98866	5646870	57.09
1990-1999	19	0.00096	0.00096	0.5	98816	95	98769	5548004	56.14
1990-1999	20	0.00086	0.00086	0.5	98722	85	98679	5449235	55.20
1990-1999	21	0.00095	0.00095	0.5	98637	94	98590	5350556	54.24
1990-1999	22	0.00098	0.00098	0.5	98543	96	98495	5251966	53.30
1990-1999	23	0.00100	0.00100	0.5	98447	98	98398	5153470	52.35
1990-1999	24	0.00091	0.00091	0.5	98349	89	98304	5055073	51.40
1990-1999	25	0.00097	0.00097	0.5	98260	96	98212	4956768	50.45
1990-1999	26	0.00095	0.00095	0.5	98164	94	98117	4858557	49.49
1990-1999	27	0.00103	0.00103	0.5	98070	101	98020	4760440	48.54
1990-1999	28	0.00119	0.00119	0.5	97969	116	97911	4662420	47.59
1990-1999	29	0.00116	0.00116	0.5	97853	114	97796	4564509	46.65
1990-1999	30	0.00140	0.00140	0.5	97739	137	97670	4466713	45.70
1990-1999	31	0.00154	0.00154	0.5	97602	150	97527	4369043	44.76
1990-1999	32	0.00166	0.00165	0.5	97452	161	97371	4271516	43.83
1990-1999	33	0.00168	0.00168	0.5	97291	163	97209	4174145	42.90
1990-1999	34	0.00185	0.00185	0.5	97127	180	97037	4076936	41.98
1990-1999	35	0.00196	0.00196	0.5	96948	190	96853	3979898	41.05
1990-1999	36	0.00210	0.00209	0.5	96758	203	96657	3883045	40.13
1990-1999	37	0.00227	0.00227	0.5	96555	219	96446	3786389	39.21
1990-1999	38	0.00238	0.00238	0.5	96336	229	96222	3689943	38.30
1990-1999	39	0.00256	0.00255	0.5	96107	246	95984	3593721	37.39
1990-1999	40	0.00253	0.00253	0.5	95861	242	95740	3497737	36.49
1990-1999	41	0.00282	0.00282	0.5	95619	269	95485	3401997	35.58
1990-1999	42	0.00296	0.00296	0.5	95350	282	95209	3306512	34.68
1990-1999	43	0.00315	0.00314	0.5	95068	299	94918	3211303	33.78
1990-1999	44	0.00319	0.00319	0.5	94769	302	94618	3116385	32.88
1990-1999	45	0.00335	0.00334	0.5	94467	316	94309	3021767	31.99
1990-1999	46	0.00379	0.00378	0.5	94151	356	93973	2927458	31.09
1990-1999	47	0.00403	0.00402	0.5	93795	377	93607	2833484	30.21
1990-1999	48	0.00436	0.00435	0.5	93418	407	93215	2739878	29.33
1990-1999	49	0.00454	0.00453	0.5	93011	421	92801	2646663	28.46
1990-1999	50	0.00480	0.00479	0.5	92590	443	92368	2553862	27.58
1990-1999	51	0.00556	0.00554	0.5	92147	511	91891	2461494	26.71
1990-1999	52	0.00599	0.00597	0.5	91636	547	91362	2369603	25.86
1990-1999	53	0.00660	0.00658	0.5	91089	599	90789	2278240	25.01
1990-1999	54	0.00684	0.00681	0.5	90489	617	90181	2187452	24.17
1990-1999	55	0.00792	0.00789	0.5	89873	709	89518	2097271	23.34
1990-1999	56	0.00870	0.00866	0.5	89163	772	88777	2007752	22.52
1990-1999	57	0.00949	0.00944	0.5	88391	835	87974	1918975	21.71
1990-1999	58	0.01112	0.01105	0.5	87557	968	87073	1831001	20.91
1990-1999	59	0.01202	0.01195	0.5	86589	1035	86072	1743928	20.14
1990-1999	60	0.01304	0.01296	0.5	85554	1109	85000	1657857	19.38
1990-1999	61	0.01429	0.01418	0.5	84446	1198	83847	1572857	18.63
1990-1999	62	0.01597	0.01585	0.5	83248	1319	82588	1489010	17.89
1990-1999	63	0.01755	0.01740	0.5	81929	1425	81216	1406422	17.17
1990-1999	64	0.01947	0.01928	0.5	80503	1552	79727	1325206	16.46
1990-1999	65	0.02044	0.02023	0.5	78951	1597	78152	1245479	15.78
1990-1999	66	0.02321	0.02294	0.5	77354	1775	76467	1167326	15.09
1990-1999	67	0.02402	0.02373	0.5	75579	1794	74682	1090860	14.43
1990-1999	68	0.02752	0.02715	0.5	73786	2003	72784	1016177	13.77
1990-1999	69	0.03046	0.03000	0.5	71783	2154	70706	943393	13.14
1990-1999	70	0.03219	0.03168	0.5	69629	2206	68526	872687	12.53
1990-1999	71	0.03591	0.03527	0.5	67423	2378	66234	804161	11.93
1990-1999	72	0.03881	0.03807	0.5	65045	2476	63807	737927	11.34
1990-1999	73	0.04225	0.04138	0.5	62569	2589	61274	674120	10.77
1990-1999	74	0.04624	0.04520	0.5	59980	2711	58624	612846	10.22
1990-1999	75	0.04928	0.04810	0.5	57269	2755	55891	554222	9.68
1990-1999	76	0.05410	0.05267	0.5	54514	2871	53078	498331	9.14
1990-1999	77	0.05997	0.05823	0.5	51643	3007	50139	445252	8.62
1990-1999	78	0.06612	0.06401	0.5	48636	3113	47079	395113	8.12
1990-1999	79	0.07392	0.07129	0.5	45523	3245	43900	348034	7.65
1990-1999	80	0.08241	0.07915	0.5	42277	3346	40604	304134	7.19
1990-1999	81	0.08866	0.08490	0.5	38931	3305	37279	263530	6.77
1990-1999	82	0.09792	0.09335	0.5	35626	3326	33963	226251	6.35
1990-1999	83	0.11014	0.10439	0.5	32300	3372	30614	192288	5.95
1990-1999	84	0.11918	0.11247	0.5	28928	3254	27302	161674	5.59
1990-1999	85	0.13609	0.12742	0.5	25675	3271	24039	134372	5.23
1990-1999	86	0.14831	0.13807	0.5	22403	3093	20857	110333	4.92
1990-1999	87	0.15571	0.14447	0.5	19310	2790	17915	89476	4.63
1990-1999	88	0.17063	0.15721	0.5	16520	2597	15222	71561	4.33
1990-1999	89	0.18827	0.17207	0.5	13923	2396	12725	56339	4.05
1990-1999	90	0.21457	0.19378	0.5	11527	2234	10411	43614	3.78
1990-1999	91	0.21751	0.19618	0.5	9294	1823	8382	33204	3.57
1990-1999	92	0.24770	0.22040	0.5	7470	1646	6647	24822	3.32
1990-1999	93	0.26844	0.23667	0.5	5824	1378	5135	18174	3.12
1990-1999	94	0.29050	0.25366	0.5	4446	1128	3882	13040	2.93
1990-1999	95	0.31360	0.27109	0.5	3318	899	2868	9158	2.76
1990-1999	96	0.33766	0.28889	0.5	2418	699	2069	6290	2.60
1990-1999	97	0.36259	0.30695	0.5	1720	528	1456	4221	2.45
1990-1999	98	0.38829	0.32516	0.5	1192	388	998	2765	2.32
1990-1999	99	0.41462	0.34342	0.5	804	276	666	1767	2.20
1990-1999	100	0.44144	0.36162	0.5	528	191	433	1100	2.08
1990-1999	101	0.46862	0.37966	0.5	337	128	273	668	1.98
1990-1999	102	0.49598	0.39742	0.5	209	83	168	395	1.89
1990-1999	103	0.52336	0.41481	0.5	126	52	100	227	1.80
1990-1999	104	0.55061	0.43175	0.5	74	32	58	127	1.72
1990-1999	105	0.57755	0.44814	0.5	42	19	33	69	1.65
1990-1999	106	0.60404	0.46393	0.5	23	11	18	37	1.59
1990-1999	107	0.62994	0.47905	0.5	12	6	9	19	1.53
1990-1999	108	0.65510	0.49347	0.5	6	3	5	10	1.49
1990-1999	109	0.67943	0.50715	0.5	3	2	2	5	1.45
1990-1999	110+	0.70282	1.00000	1.42	2	2	2	2	1.42
2000-2009	0	0.00558	0.00555	0.06	100000	555	99478	7659995	76.60
2000-2009	1	0.00034	0.00034	0.5	99445	34	99428	7560517	76.03
2000-2009	2	0.00019	0.00019	0.5	99411	19	99401	7461089	75.05
2000-2009	3	0.00016	0.00016	0.5	99392	16	99384	7361688	74.07
2000-2009	4	0.00012	0.00012	0.5	99376	12	99370	7262304	73.08
2000-2009	5	0.00011	0.00011	0.5	99364	11	99359	7162933	72.09
2000-2009	6	0.00010	0.00010	0.5	99353	10	99348	7063575	71.10
2000-2009	7	0.00008	0.00008	0.5	99343	8	99339	6964227	70.10
2000-2009	8	0.00010	0.00010	0.5	99335	10	99330	6864888	69.11
2000-2009	9	0.00010	0.00010	0.5	99325	10	99320	6765558	68.12
2000-2009	10	0.00014	0.00014	0.5	99315	14	99308	6666238	67.12
2000-2009	11	0.00011	0.00011	0.5	99301	11	99296	6566930	66.13
2000-2009	12	0.00011	0.00011	0.5	99290	11	99285	6467634	65.14
2000-2009	13	0.00013	0.00013	0.5	99280	13	99273	6368349	64.15
2000-2009	14	0.00018	0.00018	0.5	99267	18	99258	6269076	63.15
2000-2009	15	0.00024	0.00024	0.5	99249	24	99237	6169818	62.16
2000-2009	16	0.00041	0.00041	0.5	99225	41	99205	6070581	61.18
2000-2009	17	0.00057	0.00057	0.5	99184	56	99156	5971376	60.20
2000-2009	18	0.00075	0.00075	0.5	99128	74	99091	5872220	59.24
2000-2009	19	0.00078	0.00078	0.5	99053	77	99015	5773129	58.28
2000-2009	20	0.00085	0.00085	0.5	98976	84	98934	5674114	57.33
2000-2009	21	0.00102	0.00102	0.5	98892	101	98841	5575180	56.38
2000-2009	22	0.00109	0.00109	0.5	98791	107	98737	5476339	55.43
2000-2009	23	0.00105	0.00105	0.5	98684	103	98632	5377601	54.49
2000-2009	24	0.00108	0.00108	0.5	98581	106	98528	5278969	53.55
2000-2009	25	0.00097	0.00097	0.5	98475	96	98427	5180442	52.61
2000-2009	26	0.00107	0.00107	0.5	98379	105	98326	5082015	51.66
2000-2009	27	0.00104	0.00104	0.5	98274	102	98223	4983689	50.71
2000-2009	28	0.00099	0.00099	0.5	98171	97	98123	4885466	49.76
2000-2009	29	0.00107	0.00107	0.5	98075	105	98022	4787343	48.81
2000-2009	30	0.00108	0.00108	0.5	97969	106	97917	4689321	47.87
2000-2009	31	0.00117	0.00116	0.5	97864	114	97807	4591404	46.92
2000-2009	32	0.00107	0.00107	0.5	97750	104	97697	4493598	45.97
2000-2009	33	0.00121	0.00120	0.5	97645	118	97586	4395900	45.02
2000-2009	34	0.00126	0.00125	0.5	97528	122	97466	4298314	44.07
2000-2009	35	0.00141	0.00141	0.5	97405	137	97337	4200847	43.13
2000-2009	36	0.00148	0.00148	0.5	97268	144	97196	4103510	42.19
2000-2009	37	0.00154	0.00154	0.5	97124	150	97050	4006314	41.25
2000-2009	38	0.00181	0.00181	0.5	96975	176	96887	3909264	40.31
2000-2009	39	0.00187	0.00187	0.5	96799	181	96709	3812378	39.38
2000-2009	40	0.00201	0.00201	0.5	96618	194	96521	3715669	38.46
2000-2009	41	0.00212	0.00212	0.5	96424	205	96322	3619148	37.53
2000-2009	42	0.00239	0.00239	0.5	96220	230	96105	3522826	36.61
2000-2009	43	0.00254	0.00253	0.5	95990	243	95868	3426721	35.70
2000-2009	44	0.00301	0.00301	0.5	95747	288	95603	3330853	34.79
2000-2009	45	0.00305	0.00305	0.5	95459	291	95313	3235250	33.89
2000-2009	46	0.00335	0.00334	0.5	95167	318	95008	3139937	32.99
2000-2009	47	0.00362	0.00361	0.5	94849	343	94678	3044929	32.10
2000-2009	48	0.00406	0.00406	0.5	94507	383	94315	2950251	31.22
2000-2009	49	0.00436	0.00435	0.5	94123	409	93919	2855936	30.34
2000-2009	50	0.00457	0.00456	0.5	93714	428	93500	2762017	29.47
2000-2009	51	0.00486	0.00485	0.5	93286	452	93060	2668517	28.61
2000-2009	52	0.00535	0.00533	0.5	92834	495	92587	2575457	27.74
2000-2009	53	0.00597	0.00595	0.5	92339	549	92064	2482871	26.89
2000-2009	54	0.00601	0.00599	0.5	91790	550	91515	2390806	26.05
2000-2009	55	0.00674	0.00671	0.5	91239	613	90933	2299292	25.20
2000-2009	56	0.00708	0.00706	0.5	90627	640	90307	2208359	24.37
2000-2009	57	0.00781	0.00778	0.5	89987	700	89637	2118052	23.54
2000-2009	58	0.00891	0.00887	0.5	89287	792	88891	2028414	22.72
2000-2009	59	0.00921	0.00917	0.5	88495	812	88090	1939523	21.92
2000-2009	60	0.00987	0.00982	0.5	87684	861	87253	1851433	21.11
2000-2009	61	0.01091	0.01085	0.5	86822	942	86351	1764180	20.32
2000-2009	62	0.01147	0.01141	0.5	85880	980	85390	1677829	19.54
2000-2009	63	0.01311	0.01303	0.5	84900	1106	84347	1592439	18.76
2000-2009	64	0.01429	0.01419	0.5	83795	1189	83200	1508091	18.00
2000-2009	65	0.01557	0.01545	0.5	82606	1276	81968	1424891	17.25
2000-2009	66	0.01726	0.01711	0.5	81329	1392	80634	1342924	16.51
2000-2009	67	0.01872	0.01855	0.5	79938	1483	79196	1262290	15.79
2000-2009	68	0.02067	0.02046	0.5	78455	1605	77652	1183094	15.08
2000-2009	69	0.02326	0.02300	0.5	76850	1767	75966	1105441	14.38
2000-2009	70	0.02552	0.02520	0.5	75082	1892	74136	1029475	13.71
2000-2009	71	0.02779	0.02741	0.5	73190	2006	72187	955339	13.05
2000-2009	72	0.03052	0.03006	0.5	71184	2140	70114	883152	12.41
2000-2009	73	0.03389	0.03332	0.5	69044	2301	67894	813038	11.78
2000-2009	74	0.03666	0.03600	0.5	66743	2403	65542	745144	11.16
2000-2009	75	0.04072	0.03990	0.5	64341	2567	63057	679602	10.56
2000-2009	76	0.04390	0.04295	0.5	61773	2653	60446	616545	9.98
2000-2009	77	0.04930	0.04811	0.5	59120	2844	57697	556099	9.41
2000-2009	78	0.05414	0.05271	0.5	56275	2967	54792	498402	8.86
2000-2009	79	0.06040	0.05863	0.5	53309	3125	51746	443610	8.32
2000-2009	80	0.06641	0.06428	0.5	50183	3226	48570	391864	7.81
2000-2009	81	0.07568	0.07292	0.5	46958	3424	45245	343293	7.31
2000-2009	82	0.08191	0.07868	0.5	43533	3425	41821	298048	6.85
2000-2009	83	0.09242	0.08834	0.5	40108	3543	38336	256227	6.39
2000-2009	84	0.10202	0.09707	0.5	36565	3549	34790	217891	5.96
2000-2009	85	0.11446	0.10826	0.5	33015	3574	31228	183101	5.55
2000-2009	86	0.13091	0.12287	0.5	29441	3617	27632	151872	5.16
2000-2009	87	0.14044	0.13122	0.5	25824	3389	24129	124240	4.81
2000-2009	88	0.15922	0.14748	0.5	22435	3309	20781	100111	4.46
2000-2009	89	0.18010	0.16522	0.5	19126	3160	17546	79330	4.15
2000-2009	90	0.19493	0.17761	0.5	15966	2836	14548	61784	3.87
2000-2009	91	0.21474	0.19392	0.5	13130	2546	11857	47236	3.60
2000-2009	92	0.23550	0.21069	0.5	10584	2230	9469	35378	3.34
2000-2009	93	0.26642	0.23511	0.5	8354	1964	7372	25909	3.10
2000-2009	94	0.28846	0.25210	0.5	6390	1611	5585	18537	2.90
2000-2009	95	0.31486	0.27203	0.5	4779	1300	4129	12953	2.71
2000-2009	96	0.34251	0.29243	0.5	3479	1017	2970	8824	2.54
2000-2009	97	0.37128	0.31315	0.5	2462	771	2076	5853	2.38
2000-2009	98	0.40098	0.33402	0.5	1691	565	1408	3777	2.23
2000-2009	99	0.43144	0.35488	0.5	1126	400	926	2369	2.10
2000-2009	100	0.46242	0.37558	0.5	726	273	590	1443	1.99
2000-2009	101	0.49369	0.39595	0.5	454	180	364	853	1.88
2000-2009	102	0.52501	0.41585	0.5	274	114	217	489	1.78
2000-2009	103	0.55614	0.43514	0.5	160	70	125	272	1.70
2000-2009	104	0.58683	0.45371	0.5	90	41	70	147	1.62
2000-2009	105	0.61686	0.47145	0.5	49	23	38	77	1.55
2000-2009	106	0.64603	0.48830	0.5	26	13	20	39	1.49
2000-2009	107	0.67415	0.50420	0.5	13	7	10	19	1.44
2000-2009	108	0.70106	0.51910	0.5	7	3	5	9	1.39
2000-2009	109	0.72666	0.53300	0.5	3	2	2	4	1.36
2000-2009	110+	0.75084	1.00000	1.33	1	1	2	2	1.33
2010-2017	0	0.00461	0.00459	0.06	100000	459	99567	7804214	78.04
2010-2017	1	0.00024	0.00024	0.5	99541	24	99529	7704647	77.40
2010-2017	2	0.00017	0.00017	0.5	99516	17	99508	7605118	76.42
2010-2017	3	0.00013	0.00013	0.5	99499	13	99493	7505610	75.43
2010-2017	4	0.00011	0.00011	0.5	99486	11	99481	7406118	74.44
2010-2017	5	0.00008	0.00008	0.5	99476	8	99472	7306637	73.45
2010-2017	6	0.00010	0.00010	0.5	99468	10	99463	7207165	72.46
2010-2017	7	0.00010	0.00010	0.5	99458	10	99453	7107702	71.46
2010-2017	8	0.00010	0.00010	0.5	99448	10	99443	7008249	70.47
2010-2017	9	0.00010	0.00010	0.5	99438	10	99434	6908806	69.48
2010-2017	10	0.00010	0.00010	0.5	99429	10	99424	6809372	68.49
2010-2017	11	0.00008	0.00008	0.5	99419	8	99415	6709949	67.49
2010-2017	12	0.00011	0.00011	0.5	99411	11	99405	6610534	66.50
2010-2017	13	0.00012	0.00012	0.5	99400	11	99394	6511129	65.50
2010-2017	14	0.00015	0.00015	0.5	99388	15	99381	6411735	64.51
2010-2017	15	0.00021	0.00021	0.5	99373	20	99363	6312355	63.52
2010-2017	16	0.00031	0.00031	0.5	99353	30	99337	6212992	62.53
2010-2017	17	0.00041	0.00041	0.5	99322	40	99302	6113654	61.55
2010-2017	18	0.00054	0.00054	0.5	99282	53	99255	6014352	60.58
2010-2017	19	0.00062	0.00062	0.5	99228	61	99198	5915097	59.61
2010-2017	20	0.00069	0.00069	0.5	99167	68	99133	5815899	58.65
2010-2017	21	0.00090	0.00090	0.5	99099	89	99055	5716766	57.69
2010-2017	22	0.00098	0.00098	0.5	99011	97	98962	5617711	56.74
2010-2017	23	0.00125	0.00125	0.5	98913	124	98851	5518749	55.79
2010-2017	24	0.00129	0.00129	0.5	98789	127	98726	5419898	54.86
2010-2017	25	0.00126	0.00126	0.5	98662	125	98600	5321172	53.93
2010-2017	26	0.00131	0.00131	0.5	98538	129	98473	5222572	53.00
2010-2017	27	0.00142	0.00142	0.5	98409	140	98339	5124099	52.07
2010-2017	28	0.00148	0.00148	0.5	98269	146	98196	5025760	51.14
2010-2017	29	0.00148	0.00148	0.5	98123	146	98051	4927564	50.22
2010-2017	30	0.00153	0.00152	0.5	97978	149	97903	4829513	49.29
2010-2017	31	0.00155	0.00154	0.5	97829	151	97753	4731610	48.37
2010-2017	32	0.00159	0.00159	0.5	97677	155	97600	4633857	47.44
2010-2017	33	0.00166	0.00166	0.5	97522	162	97442	4536257	46.52
2010-2017	34	0.00171	0.00171	0.5	97361	166	97278	4438815	45.59
2010-2017	35	0.00166	0.00166	0.5	97195	161	97114	4341538	44.67
2010-2017	36	0.00169	0.00168	0.5	97034	163	96952	4244424	43.74
2010-2017	37	0.00175	0.00174	0.5	96870	169	96786	4147472	42.81
2010-2017	38	0.00188	0.00187	0.5	96701	181	96611	4050686	41.89
2010-2017	39	0.00189	0.00189	0.5	96520	183	96429	3954075	40.97
2010-2017	40	0.00188	0.00187	0.5	96338	181	96247	3857646	40.04
2010-2017	41	0.00193	0.00193	0.5	96157	186	96064	3761399	39.12
2010-2017	42	0.00220	0.00220	0.5	95971	211	95865	3665335	38.19
2010-2017	43	0.00225	0.00225	0.5	95760	216	95652	3569470	37.28
2010-2017	44	0.00268	0.00268	0.5	95544	256	95416	3473818	36.36
2010-2017	45	0.00256	0.00255	0.5	95288	243	95166	3378402	35.45
2010-2017	46	0.00300	0.00300	0.5	95045	285	94902	3283236	34.54
2010-2017	47	0.00315	0.00314	0.5	94759	298	94610	3188334	33.65
2010-2017	48	0.00355	0.00354	0.5	94461	334	94294	3093723	32.75
2010-2017	49	0.00397	0.00396	0.5	94127	373	93941	2999429	31.87
2010-2017	50	0.00450	0.00449	0.5	93754	421	93543	2905488	30.99
2010-2017	51	0.00458	0.00457	0.5	93333	426	93120	2811945	30.13
2010-2017	52	0.00494	0.00492	0.5	92907	457	92678	2718825	29.26
2010-2017	53	0.00534	0.00533	0.5	92449	493	92203	2626147	28.41
2010-2017	54	0.00569	0.00567	0.5	91957	522	91696	2533944	27.56
2010-2017	55	0.00612	0.00610	0.5	91435	558	91156	2442248	26.71
2010-2017	56	0.00651	0.00649	0.5	90877	590	90582	2351092	25.87
2010-2017	57	0.00725	0.00723	0.5	90287	653	89961	2260509	25.04
2010-2017	58	0.00798	0.00794	0.5	89635	712	89279	2170548	24.22
2010-2017	59	0.00853	0.00850	0.5	88923	756	88545	2081270	23.41
2010-2017	60	0.00876	0.00872	0.5	88167	769	87782	1992725	22.60
2010-2017	61	0.00964	0.00959	0.5	87398	838	86979	1904942	21.80
2010-2017	62	0.01027	0.01022	0.5	86560	885	86117	1817964	21.00
2010-2017	63	0.01134	0.01128	0.5	85675	966	85192	1731846	20.21
2010-2017	64	0.01203	0.01196	0.5	84709	1013	84202	1646654	19.44
2010-2017	65	0.01275	0.01267	0.5	83696	1060	83166	1562452	18.67
2010-2017	66	0.01415	0.01405	0.5	82636	1161	82055	1479286	17.90
2010-2017	67	0.01508	0.01497	0.5	81475	1219	80865	1397231	17.15
2010-2017	68	0.01682	0.01668	0.5	80255	1339	79586	1316366	16.40
2010-2017	69	0.01863	0.01846	0.5	78917	1457	78188	1236780	15.67
2010-2017	70	0.02006	0.01986	0.5	77460	1539	76690	1158592	14.96
2010-2017	71	0.02214	0.02190	0.5	75921	1663	75090	1081901	14.25
2010-2017	72	0.02506	0.02475	0.5	74258	1838	73339	1006812	13.56
2010-2017	73	0.02673	0.02638	0.5	72420	1910	71465	933472	12.89
2010-2017	74	0.02920	0.02878	0.5	70510	2030	69495	862007	12.23
2010-2017	75	0.03254	0.03202	0.5	68481	2193	67384	792512	11.57
2010-2017	76	0.03633	0.03568	0.5	66288	2365	65105	725127	10.94
2010-2017	77	0.03973	0.03896	0.5	63923	2490	62678	660022	10.33
2010-2017	78	0.04484	0.04386	0.5	61433	2694	60085	597344	9.72
2010-2017	79	0.04890	0.04773	0.5	58738	2804	57336	537259	9.15
2010-2017	80	0.05538	0.05389	0.5	55935	3014	54428	479923	8.58
2010-2017	81	0.06361	0.06165	0.5	52920	3263	51289	425495	8.04
2010-2017	82	0.06967	0.06732	0.5	49658	3343	47986	374206	7.54
2010-2017	83	0.07640	0.07359	0.5	46315	3408	44610	326220	7.04
2010-2017	84	0.08517	0.08169	0.5	42906	3505	41154	281609	6.56
2010-2017	85	0.09401	0.08979	0.5	39401	3538	37632	240456	6.10
2010-2017	86	0.10798	0.10245	0.5	35863	3674	34026	202824	5.66
2010-2017	87	0.12559	0.11817	0.5	32189	3804	30287	168797	5.24
2010-2017	88	0.13711	0.12832	0.5	28385	3642	26564	138510	4.88
2010-2017	89	0.15354	0.14259	0.5	24743	3528	22979	111946	4.52
2010-2017	90	0.16987	0.15657	0.5	21215	3322	19554	88967	4.19
2010-2017	91	0.19133	0.17462	0.5	17893	3125	16331	69413	3.88
2010-2017	92	0.21825	0.19678	0.5	14769	2906	13316	53082	3.59
2010-2017	93	0.23161	0.20757	0.5	11863	2462	10631	39767	3.35
2010-2017	94	0.26222	0.23183	0.5	9400	2179	8311	29135	3.10
2010-2017	95	0.28842	0.25207	0.5	7221	1820	6311	20825	2.88
2010-2017	96	0.31611	0.27297	0.5	5401	1474	4664	14514	2.69
2010-2017	97	0.34517	0.29437	0.5	3927	1156	3349	9850	2.51
2010-2017	98	0.37543	0.31610	0.5	2771	876	2333	6501	2.35
2010-2017	99	0.40671	0.33798	0.5	1895	640	1575	4168	2.20
2010-2017	100	0.43875	0.35982	0.5	1254	451	1029	2594	2.07
2010-2017	101	0.47132	0.38143	0.5	803	306	650	1565	1.95
2010-2017	102	0.50413	0.40264	0.5	497	200	397	915	1.84
2010-2017	103	0.53690	0.42327	0.5	297	126	234	518	1.75
2010-2017	104	0.56936	0.44319	0.5	171	76	133	284	1.66
2010-2017	105	0.60124	0.46227	0.5	95	44	73	151	1.59
2010-2017	106	0.63227	0.48040	0.5	51	25	39	78	1.52
2010-2017	107	0.66225	0.49751	0.5	27	13	20	39	1.46
2010-2017	108	0.69098	0.51356	0.5	13	7	10	19	1.41
2010-2017	109	0.71831	0.52850	0.5	7	3	5	9	1.37
2010-2017	110+	0.74412	1.00000	1.34	3	3	4	4	1.34
