WV: West Virginia, Lifetables (period 5x1), Both sexes Last modified: 3 Dec 2019, MPv5 (May07) 

Year	Age	mx	qx	ax	lx	dx	Lx	Tx	ex
1959	0	0.02919	0.02847	0.13	100000	2847	97524	6935728	69.36
1959	1-4	0.00125	0.00497	1.69	97153	483	387498	6838203	70.39
1959	5-9	0.00049	0.00247	2.33	96671	238	482717	6450705	66.73
1959	10-14	0.00053	0.00263	2.68	96432	254	481572	5967988	61.89
1959	15-19	0.00112	0.00557	2.96	96179	536	479801	5486416	57.04
1959	20-24	0.00147	0.00730	2.36	95643	698	476371	5006615	52.35
1959	25-29	0.00159	0.00792	2.46	94944	752	472810	4530244	47.71
1959	30-34	0.00176	0.00874	2.68	94193	824	469053	4057434	43.08
1959	35-39	0.00290	0.01440	2.7	93369	1344	463752	3588381	38.43
1959	40-44	0.00394	0.01955	2.74	92025	1799	456053	3124629	33.95
1959	45-49	0.00622	0.03068	2.69	90226	2768	444723	2668577	29.58
1959	50-54	0.00979	0.04788	2.7	87458	4188	427668	2223853	25.43
1959	55-59	0.01392	0.06746	2.71	83270	5618	403475	1796185	21.57
1959	60-64	0.02002	0.09570	2.69	77652	7431	371118	1392711	17.94
1959	65-69	0.03179	0.14775	2.62	70221	10375	326381	1021593	14.55
1959	70-74	0.04474	0.20195	2.59	59846	12086	270120	695212	11.62
1959	75-79	0.07205	0.30685	2.58	47760	14655	203405	425092	8.90
1959	80-84	0.10871	0.42921	2.55	33105	14209	130705	221687	6.70
1959	85-89	0.17625	0.60039	2.35	18896	11345	64368	90981	4.81
1959	90-94	0.26025	0.74471	2.13	7551	5623	21608	26613	3.52
1959	95-99	0.37109	0.86103	1.89	1928	1660	4473	5005	2.60
1959	100-104	0.49598	0.93047	1.64	268	249	503	532	1.99
1959	105-109	0.62082	0.96529	1.43	19	18	29	30	1.60
1959	110+	0.71648	1.00000	1.4	1	1	1	1	1.40
1960	0	0.02605	0.02546	0.12	100000	2546	97760	6955661	69.56
1960	1-4	0.00115	0.00459	1.62	97454	447	388753	6857901	70.37
1960	5-9	0.00053	0.00264	2.43	97007	256	484377	6469149	66.69
1960	10-14	0.00056	0.00281	2.43	96751	271	483057	5984772	61.86
1960	15-19	0.00087	0.00434	2.95	96479	419	481537	5501714	57.02
1960	20-24	0.00138	0.00690	2.62	96061	663	478726	5020177	52.26
1960	25-29	0.00144	0.00717	2.45	95398	684	475243	4541452	47.61
1960	30-34	0.00182	0.00904	2.67	94714	857	471576	4066209	42.93
1960	35-39	0.00274	0.01361	2.56	93857	1277	466173	3594632	38.30
1960	40-44	0.00412	0.02039	2.65	92580	1887	458460	3128459	33.79
1960	45-49	0.00634	0.03125	2.73	90693	2834	447020	2670000	29.44
1960	50-54	0.00946	0.04628	2.62	87859	4066	429605	2222980	25.30
1960	55-59	0.01376	0.06663	2.62	83793	5583	405704	1793374	21.40
1960	60-64	0.02065	0.09841	2.62	78210	7697	372764	1387670	17.74
1960	65-69	0.03103	0.14439	2.59	70513	10182	328071	1014906	14.39
1960	70-74	0.04853	0.21704	2.57	60332	13094	269844	686835	11.38
1960	75-79	0.07270	0.30911	2.58	47238	14601	200836	416991	8.83
1960	80-84	0.11169	0.43611	2.49	32636	14233	127431	216155	6.62
1960	85-89	0.17766	0.60373	2.35	18403	11111	62537	88724	4.82
1960	90-94	0.25517	0.73678	2.13	7293	5373	21057	26187	3.59
1960	95-99	0.35960	0.85136	1.91	1920	1634	4545	5130	2.67
1960	100-104	0.47940	0.92349	1.67	285	263	550	586	2.05
1960	105-109	0.60254	0.96149	1.46	22	21	35	36	1.65
1960	110+	0.69914	1.00000	1.43	1	1	1	1	1.43
1961	0	0.02736	0.02672	0.12	100000	2672	97659	6980014	69.80
1961	1-4	0.00096	0.00382	1.62	97328	372	388427	6882354	70.71
1961	5-9	0.00047	0.00237	2.15	96957	229	484129	6493927	66.98
1961	10-14	0.00048	0.00241	2.65	96727	233	483088	6009798	62.13
1961	15-19	0.00090	0.00451	2.7	96494	435	481470	5526710	57.28
1961	20-24	0.00154	0.00767	2.42	96059	737	478395	5045240	52.52
1961	25-29	0.00130	0.00646	2.69	95323	616	475191	4566845	47.91
1961	30-34	0.00160	0.00797	2.61	94707	754	471732	4091653	43.20
1961	35-39	0.00247	0.01228	2.63	93952	1154	467031	3619921	38.53
1961	40-44	0.00406	0.02011	2.65	92799	1867	459605	3152890	33.98
1961	45-49	0.00639	0.03147	2.57	90932	2862	447695	2693285	29.62
1961	50-54	0.00932	0.04560	2.65	88070	4016	430918	2245590	25.50
1961	55-59	0.01351	0.06540	2.57	84054	5497	406896	1814671	21.59
1961	60-64	0.01978	0.09448	2.63	78557	7422	375167	1407775	17.92
1961	65-69	0.03053	0.14207	2.56	71136	10106	331000	1032608	14.52
1961	70-74	0.04719	0.21196	2.6	61029	12936	274125	701609	11.50
1961	75-79	0.06985	0.29806	2.54	48094	14335	205221	427484	8.89
1961	80-84	0.11630	0.44773	2.43	33759	15115	129968	222262	6.58
1961	85-89	0.17288	0.58897	2.3	18644	10981	63517	92295	4.95
1961	90-94	0.24357	0.71820	2.14	7663	5504	22596	28778	3.76
1961	95-99	0.33404	0.82736	1.95	2159	1787	5349	6182	2.86
1961	100-104	0.43830	0.90254	1.74	373	336	768	834	2.24
1961	105-109	0.54784	0.94679	1.54	36	34	63	66	1.81
1961	110+	0.63527	1.00000	1.57	2	2	3	3	1.57
1962	0	0.02661	0.02600	0.12	100000	2600	97718	6953245	69.53
1962	1-4	0.00101	0.00401	1.83	97400	391	388753	6855527	70.39
1962	5-9	0.00049	0.00245	2.1	97009	238	484359	6466774	66.66
1962	10-14	0.00049	0.00243	2.95	96772	235	483376	5982415	61.82
1962	15-19	0.00091	0.00456	2.73	96537	440	481686	5499040	56.96
1962	20-24	0.00139	0.00695	2.57	96097	668	478860	5017354	52.21
1962	25-29	0.00139	0.00692	2.43	95429	660	475447	4538494	47.56
1962	30-34	0.00186	0.00927	2.47	94769	879	471620	4063047	42.87
1962	35-39	0.00260	0.01292	2.58	93890	1213	466509	3591427	38.25
1962	40-44	0.00392	0.01941	2.69	92677	1799	459231	3124918	33.72
1962	45-49	0.00599	0.02955	2.68	90878	2685	448168	2665687	29.33
1962	50-54	0.00954	0.04670	2.73	88193	4118	431625	2217519	25.14
1962	55-59	0.01459	0.07044	2.55	84075	5922	405852	1785894	21.24
1962	60-64	0.02187	0.10403	2.65	78152	8130	371693	1380041	17.66
1962	65-69	0.03153	0.14622	2.52	70022	10239	324769	1008348	14.40
1962	70-74	0.04669	0.20982	2.59	59783	12544	268652	683579	11.43
1962	75-79	0.07066	0.30153	2.57	47239	14244	201589	414926	8.78
1962	80-84	0.11345	0.43966	2.44	32995	14507	127876	213337	6.47
1962	85-89	0.18854	0.62769	2.34	18489	11605	61553	85461	4.62
1962	90-94	0.26531	0.75115	2.11	6883	5171	19489	23908	3.47
1962	95-99	0.37390	0.86289	1.88	1713	1478	3953	4419	2.58
1962	100-104	0.49703	0.93080	1.64	235	219	440	466	1.98
1962	105-109	0.62137	0.96541	1.43	16	16	25	26	1.60
1962	110+	0.71742	1.00000	1.39	1	1	1	1	1.39
1963	0	0.02630	0.02570	0.12	100000	2570	97743	6915841	69.16
1963	1-4	0.00104	0.00417	1.54	97430	406	388719	6818098	69.98
1963	5-9	0.00046	0.00227	2.29	97024	221	484521	6429379	66.27
1963	10-14	0.00050	0.00249	2.73	96803	241	483469	5944858	61.41
1963	15-19	0.00103	0.00516	2.72	96562	498	481674	5461389	56.56
1963	20-24	0.00136	0.00677	2.56	96064	650	478736	4979716	51.84
1963	25-29	0.00154	0.00765	2.44	95414	730	475199	4500979	47.17
1963	30-34	0.00187	0.00931	2.49	94684	882	471207	4025780	42.52
1963	35-39	0.00284	0.01409	2.7	93802	1322	465973	3554573	37.89
1963	40-44	0.00398	0.01973	2.67	92481	1825	458161	3088600	33.40
1963	45-49	0.00681	0.03349	2.62	90656	3036	446046	2630439	29.02
1963	50-54	0.00981	0.04797	2.69	87620	4203	428408	2184393	24.93
1963	55-59	0.01510	0.07298	2.73	83417	6088	403248	1755985	21.05
1963	60-64	0.02062	0.09828	2.62	77329	7600	368524	1352737	17.49
1963	65-69	0.03283	0.15218	2.6	69729	10612	323216	984212	14.11
1963	70-74	0.05032	0.22435	2.59	59118	13263	263578	660996	11.18
1963	75-79	0.07251	0.30833	2.57	45855	14138	194977	397418	8.67
1963	80-84	0.11672	0.45038	2.47	31717	14285	122387	202441	6.38
1963	85-89	0.18657	0.62014	2.3	17432	10810	57941	80054	4.59
1963	90-94	0.27740	0.76767	2.09	6622	5083	18325	22113	3.34
1963	95-99	0.39334	0.87745	1.84	1538	1350	3432	3788	2.46
1963	100-104	0.52300	0.94050	1.6	189	177	339	356	1.89
1963	105-109	0.65075	0.97084	1.39	11	11	17	17	1.53
1963	110+	0.74713	1.00000	1.34	0	0	0	0	1.34
1964	0	0.02413	0.02363	0.12	100000	2363	97910	6977748	69.78
1964	1-4	0.00104	0.00416	1.67	97637	406	389604	6879839	70.46
1964	5-9	0.00044	0.00220	2.08	97231	214	485531	6490235	66.75
1964	10-14	0.00043	0.00215	2.73	97017	209	484612	6004704	61.89
1964	15-19	0.00103	0.00516	2.77	96808	499	482929	5520092	57.02
1964	20-24	0.00115	0.00575	2.35	96309	554	480082	5037163	52.30
1964	25-29	0.00143	0.00713	2.6	95756	683	477139	4557082	47.59
1964	30-34	0.00189	0.00942	2.58	95073	896	473194	4079942	42.91
1964	35-39	0.00250	0.01243	2.73	94177	1171	468232	3606748	38.30
1964	40-44	0.00398	0.01973	2.82	93006	1835	461031	3138516	33.75
1964	45-49	0.00612	0.03016	2.68	91172	2750	449474	2677485	29.37
1964	50-54	0.00976	0.04772	2.64	88422	4219	432169	2228011	25.20
1964	55-59	0.01464	0.07070	2.57	84203	5953	406528	1795842	21.33
1964	60-64	0.02070	0.09878	2.69	78250	7729	373422	1389314	17.75
1964	65-69	0.03135	0.14562	2.56	70520	10269	327515	1015892	14.41
1964	70-74	0.04898	0.21924	2.61	60251	13209	269690	688376	11.43
1964	75-79	0.07063	0.30031	2.51	47042	14127	200025	418687	8.90
1964	80-84	0.10987	0.43190	2.53	32915	14216	129392	218662	6.64
1964	85-89	0.17827	0.60232	2.31	18699	11263	63178	89271	4.77
1964	90-94	0.26162	0.74655	2.12	7436	5551	21220	26092	3.51
1964	95-99	0.37275	0.86239	1.88	1885	1625	4360	4873	2.59
1964	100-104	0.49904	0.93182	1.64	259	242	484	512	1.98
1964	105-109	0.62631	0.96649	1.42	18	17	27	28	1.59
1964	110+	0.72427	1.00000	1.38	1	1	1	1	1.38
1965	0	0.02616	0.02557	0.12	100000	2557	97753	6946223	69.46
1965	1-4	0.00100	0.00400	1.63	97443	390	388847	6848470	70.28
1965	5-9	0.00038	0.00189	2.22	97053	184	484757	6459623	66.56
1965	10-14	0.00054	0.00268	2.9	96870	259	483804	5974866	61.68
1965	15-19	0.00106	0.00530	2.64	96610	512	481843	5491062	56.84
1965	20-24	0.00145	0.00723	2.45	96098	695	478720	5009219	52.13
1965	25-29	0.00166	0.00827	2.59	95403	789	475118	4530500	47.49
1965	30-34	0.00168	0.00839	2.89	94615	794	471395	4055382	42.86
1965	35-39	0.00253	0.01256	2.73	93821	1179	466425	3583986	38.20
1965	40-44	0.00421	0.02086	2.72	92642	1932	458801	3117562	33.65
1965	45-49	0.00630	0.03106	2.75	90709	2818	447201	2658760	29.31
1965	50-54	0.00949	0.04643	2.71	87892	4081	430117	2211559	25.16
1965	55-59	0.01492	0.07209	2.68	83811	6042	405060	1781443	21.26
1965	60-64	0.02141	0.10197	2.68	77769	7930	370444	1376382	17.70
1965	65-69	0.03205	0.14878	2.6	69839	10391	324248	1005938	14.40
1965	70-74	0.04633	0.20833	2.59	59449	12385	267352	681691	11.47
1965	75-79	0.07266	0.30847	2.55	47063	14518	199811	414339	8.80
1965	80-84	0.11259	0.43729	2.45	32546	14232	126401	214528	6.59
1965	85-89	0.17690	0.59665	2.27	18314	10927	61769	88126	4.81
1965	90-94	0.25721	0.73962	2.13	7387	5463	21241	26357	3.57
1965	95-99	0.36159	0.85291	1.9	1923	1641	4537	5116	2.66
1965	100-104	0.48099	0.92411	1.67	283	261	544	579	2.05
1965	105-109	0.60345	0.96165	1.46	21	21	34	35	1.65
1965	110+	0.69944	1.00000	1.43	1	1	1	1	1.43
1966	0	0.02611	0.02552	0.12	100000	2552	97758	6943467	69.43
1966	1-4	0.00094	0.00376	1.73	97448	366	388961	6845709	70.25
1966	5-9	0.00052	0.00259	2.55	97082	251	484793	6456748	66.51
1966	10-14	0.00045	0.00224	2.72	96830	217	483659	5971956	61.67
1966	15-19	0.00120	0.00600	2.66	96614	579	481714	5488297	56.81
1966	20-24	0.00143	0.00715	2.49	96034	687	478447	5006582	52.13
1966	25-29	0.00131	0.00652	2.47	95348	621	475167	4528135	47.49
1966	30-34	0.00172	0.00858	2.58	94727	813	471664	4052968	42.79
1966	35-39	0.00275	0.01364	2.77	93913	1281	466711	3581304	38.13
1966	40-44	0.00418	0.02072	2.71	92632	1919	458770	3114593	33.62
1966	45-49	0.00605	0.02981	2.67	90713	2704	447261	2655822	29.28
1966	50-54	0.00946	0.04626	2.63	88009	4071	430388	2208562	25.09
1966	55-59	0.01497	0.07227	2.63	83937	6066	405325	1778173	21.18
1966	60-64	0.02133	0.10156	2.64	77871	7909	370706	1372848	17.63
1966	65-69	0.03173	0.14730	2.57	69962	10306	324768	1002142	14.32
1966	70-74	0.04713	0.21157	2.59	59657	12622	267817	677374	11.35
1966	75-79	0.07453	0.31421	2.5	47035	14779	198285	409557	8.71
1966	80-84	0.11388	0.44108	2.45	32256	14227	124929	211271	6.55
1966	85-89	0.17875	0.60696	2.36	18029	10943	61219	86342	4.79
1966	90-94	0.25913	0.74237	2.12	7086	5260	20301	25123	3.55
1966	95-99	0.36435	0.85519	1.9	1826	1561	4285	4822	2.64
1966	100-104	0.48439	0.92556	1.66	264	245	505	537	2.03
1966	105-109	0.60709	0.96244	1.45	20	19	31	32	1.64
1966	110+	0.70302	1.00000	1.42	1	1	1	1	1.42
1967	0	0.02560	0.02503	0.12	100000	2503	97797	6954196	69.54
1967	1-4	0.00094	0.00375	1.66	97497	365	389131	6856398	70.32
1967	5-9	0.00045	0.00225	2.39	97131	218	485086	6467268	66.58
1967	10-14	0.00047	0.00237	2.89	96913	230	484080	5982182	61.73
1967	15-19	0.00123	0.00613	2.84	96683	593	482133	5498102	56.87
1967	20-24	0.00136	0.00676	2.49	96090	650	478823	5015969	52.20
1967	25-29	0.00129	0.00645	2.57	95440	615	475706	4537146	47.54
1967	30-34	0.00194	0.00963	2.68	94825	914	472005	4061440	42.83
1967	35-39	0.00258	0.01285	2.67	93912	1206	466743	3589435	38.22
1967	40-44	0.00394	0.01952	2.85	92705	1810	459628	3122692	33.68
1967	45-49	0.00684	0.03368	2.66	90895	3062	447324	2663065	29.30
1967	50-54	0.00971	0.04746	2.67	87834	4169	429462	2215741	25.23
1967	55-59	0.01424	0.06899	2.74	83665	5772	405287	1786279	21.35
1967	60-64	0.02209	0.10490	2.6	77892	8171	369876	1380992	17.73
1967	65-69	0.03170	0.14707	2.55	69722	10254	323490	1011117	14.50
1967	70-74	0.04673	0.20989	2.58	59468	12482	267108	687627	11.56
1967	75-79	0.06983	0.29689	2.48	46986	13950	199767	420519	8.95
1967	80-84	0.11016	0.43057	2.46	33036	14224	129120	220752	6.68
1967	85-89	0.17529	0.59465	2.3	18812	11186	63817	91632	4.87
1967	90-94	0.25103	0.72941	2.13	7625	5562	22157	27814	3.65
1967	95-99	0.34970	0.84269	1.93	2063	1739	4972	5657	2.74
1967	100-104	0.46582	0.91725	1.7	325	298	639	685	2.11
1967	105-109	0.58672	0.95780	1.48	27	26	44	46	1.69
1967	110+	0.68263	1.00000	1.46	1	1	2	2	1.46
1968	0	0.02406	0.02356	0.12	100000	2356	97916	6938981	69.39
1968	1-4	0.00112	0.00446	1.53	97644	435	389500	6841064	70.06
1968	5-9	0.00049	0.00244	2.48	97209	237	485446	6451564	66.37
1968	10-14	0.00045	0.00223	2.71	96971	216	484361	5966118	61.52
1968	15-19	0.00113	0.00563	2.81	96755	544	482587	5481757	56.66
1968	20-24	0.00152	0.00756	2.38	96211	727	479153	4999170	51.96
1968	25-29	0.00120	0.00601	2.47	95484	573	475967	4520018	47.34
1968	30-34	0.00202	0.01006	2.61	94911	955	472269	4044051	42.61
1968	35-39	0.00266	0.01324	2.8	93956	1244	467044	3571781	38.02
1968	40-44	0.00391	0.01937	2.8	92712	1796	459602	3104738	33.49
1968	45-49	0.00699	0.03440	2.62	90916	3127	447135	2645136	29.09
1968	50-54	0.01020	0.04982	2.64	87789	4373	428640	2198001	25.04
1968	55-59	0.01466	0.07078	2.58	83416	5904	402790	1769361	21.21
1968	60-64	0.02147	0.10210	2.6	77511	7914	368586	1366571	17.63
1968	65-69	0.03231	0.14972	2.56	69597	10420	322532	997985	14.34
1968	70-74	0.04685	0.21104	2.65	59177	12489	266540	675453	11.41
1968	75-79	0.07196	0.30584	2.55	46689	14279	198420	408913	8.76
1968	80-84	0.11534	0.44788	2.51	32409	14515	125846	210493	6.49
1968	85-89	0.18125	0.60650	2.27	17894	10853	59878	84647	4.73
1968	90-94	0.26160	0.74579	2.12	7041	5251	20074	24769	3.52
1968	95-99	0.36721	0.85745	1.89	1790	1535	4180	4695	2.62
1968	100-104	0.48746	0.92683	1.66	255	236	485	516	2.02
1968	105-109	0.61013	0.96308	1.45	19	18	29	30	1.63
1968	110+	0.70589	1.00000	1.42	1	1	1	1	1.42
1969	0	0.02347	0.02299	0.11	100000	2299	97962	6948577	69.49
1969	1-4	0.00094	0.00375	1.84	97701	366	390013	6850615	70.12
1969	5-9	0.00048	0.00238	2.38	97335	232	486065	6460602	66.38
1969	10-14	0.00044	0.00220	2.58	97103	214	484995	5974537	61.53
1969	15-19	0.00114	0.00567	2.97	96889	549	483328	5489542	56.66
1969	20-24	0.00144	0.00718	2.47	96340	692	479949	5006214	51.96
1969	25-29	0.00153	0.00761	2.47	95648	728	476395	4526265	47.32
1969	30-34	0.00160	0.00795	2.45	94920	755	472674	4049871	42.67
1969	35-39	0.00263	0.01308	2.7	94165	1231	467991	3577197	37.99
1969	40-44	0.00403	0.01997	2.77	92934	1856	460534	3109206	33.46
1969	45-49	0.00667	0.03284	2.65	91078	2991	448351	2648672	29.08
1969	50-54	0.01002	0.04895	2.67	88087	4312	430374	2200320	24.98
1969	55-59	0.01462	0.07064	2.61	83775	5918	404754	1769946	21.13
1969	60-64	0.02325	0.11035	2.71	77857	8592	369589	1365191	17.53
1969	65-69	0.03175	0.14769	2.65	69265	10230	322236	995602	14.37
1969	70-74	0.04743	0.21326	2.64	59035	12590	265427	673366	11.41
1969	75-79	0.07522	0.31665	2.5	46446	14707	195521	407939	8.78
1969	80-84	0.10989	0.42917	2.45	31739	13621	123950	212417	6.69
1969	85-89	0.17728	0.59838	2.29	18118	10841	61154	88468	4.88
1969	90-94	0.24286	0.71774	2.15	7276	5223	21505	27313	3.75
1969	95-99	0.33803	0.83176	1.95	2054	1708	5054	5809	2.83
1969	100-104	0.44869	0.90859	1.73	346	314	700	755	2.19
1969	105-109	0.56547	0.95224	1.52	32	30	53	55	1.76
1969	110+	0.65921	1.00000	1.52	2	2	2	2	1.52
1970	0	0.02460	0.02407	0.12	100000	2407	97873	6920470	69.20
1970	1-4	0.00082	0.00328	1.71	97593	320	389638	6822597	69.91
1970	5-9	0.00041	0.00207	2.68	97273	202	485894	6432959	66.13
1970	10-14	0.00040	0.00200	2.57	97071	194	484883	5947064	61.27
1970	15-19	0.00117	0.00584	2.76	96877	566	483116	5462182	56.38
1970	20-24	0.00171	0.00852	2.33	96311	820	479365	4979066	51.70
1970	25-29	0.00158	0.00787	2.44	95491	752	475527	4499701	47.12
1970	30-34	0.00206	0.01023	2.48	94739	969	471253	4024174	42.48
1970	35-39	0.00279	0.01386	2.55	93770	1300	465671	3552921	37.89
1970	40-44	0.00419	0.02075	2.62	92470	1919	457785	3087250	33.39
1970	45-49	0.00665	0.03276	2.69	90551	2966	445888	2629465	29.04
1970	50-54	0.01049	0.05118	2.64	87585	4482	427355	2183578	24.93
1970	55-59	0.01541	0.07433	2.62	83102	6177	400819	1756223	21.13
1970	60-64	0.02277	0.10792	2.59	76925	8302	364587	1355404	17.62
1970	65-69	0.03285	0.15239	2.64	68624	10458	318393	990818	14.44
1970	70-74	0.04747	0.21266	2.55	58166	12369	260566	672424	11.56
1970	75-79	0.07327	0.31051	2.54	45797	14221	194071	411858	8.99
1970	80-84	0.10429	0.41215	2.46	31576	13014	124790	217788	6.90
1970	85-89	0.16993	0.58267	2.3	18562	10815	63648	92998	5.01
1970	90-94	0.23941	0.71302	2.16	7747	5523	23071	29350	3.79
1970	95-99	0.33812	0.83242	1.95	2223	1851	5473	6279	2.82
1970	100-104	0.45356	0.91147	1.72	373	340	749	806	2.16
1970	105-109	0.57520	0.95504	1.5	33	31	55	57	1.73
1970	110+	0.67242	1.00000	1.49	1	1	2	2	1.49
1971	0	0.02179	0.02137	0.11	100000	2137	98096	6985225	69.85
1971	1-4	0.00092	0.00368	1.86	97863	360	390681	6887129	70.38
1971	5-9	0.00049	0.00245	2.31	97503	239	486872	6496448	66.63
1971	10-14	0.00045	0.00224	2.98	97264	218	485882	6009576	61.79
1971	15-19	0.00119	0.00595	2.93	97046	577	484039	5523694	56.92
1971	20-24	0.00158	0.00789	2.69	96469	761	480589	5039655	52.24
1971	25-29	0.00161	0.00800	2.37	95708	765	476531	4559066	47.64
1971	30-34	0.00181	0.00903	2.62	94943	858	472673	4082535	43.00
1971	35-39	0.00276	0.01372	2.66	94085	1291	467399	3609862	38.37
1971	40-44	0.00376	0.01865	2.86	92794	1730	460262	3142463	33.87
1971	45-49	0.00620	0.03054	2.65	91063	2781	448795	2682201	29.45
1971	50-54	0.01024	0.05001	2.7	88282	4415	431236	2233406	25.30
1971	55-59	0.01443	0.06975	2.59	83867	5849	405226	1802170	21.49
1971	60-64	0.02118	0.10090	2.65	78018	7872	371574	1396944	17.91
1971	65-69	0.03239	0.15017	2.58	70146	10534	325244	1025370	14.62
1971	70-74	0.04616	0.20754	2.57	59612	12372	268020	700126	11.74
1971	75-79	0.06791	0.29128	2.56	47240	13760	202626	432106	9.15
1971	80-84	0.10804	0.42753	2.56	33480	14314	132490	229480	6.85
1971	85-89	0.16454	0.57085	2.32	19167	10941	66496	96990	5.06
1971	90-94	0.24545	0.72259	2.15	8225	5944	24214	30494	3.71
1971	95-99	0.34795	0.84151	1.93	2282	1920	5519	6280	2.75
1971	100-104	0.46669	0.91788	1.7	362	332	711	761	2.11
1971	105-109	0.59013	0.95873	1.48	30	28	48	50	1.68
1971	110+	0.68776	1.00000	1.45	1	1	2	2	1.45
1972	0	0.01927	0.01894	0.1	100000	1894	98299	6968784	69.69
1972	1-4	0.00070	0.00279	1.76	98106	274	391810	6870484	70.03
1972	5-9	0.00058	0.00288	2.44	97832	282	488439	6478674	66.22
1972	10-14	0.00043	0.00217	2.34	97550	211	487188	5990235	61.41
1972	15-19	0.00119	0.00591	2.64	97339	575	485338	5503047	56.54
1972	20-24	0.00135	0.00674	2.23	96763	652	482010	5017709	51.86
1972	25-29	0.00164	0.00819	2.88	96111	787	478887	4535700	47.19
1972	30-34	0.00180	0.00896	2.36	95324	854	474364	4056812	42.56
1972	35-39	0.00209	0.01039	2.66	94470	982	470054	3582448	37.92
1972	40-44	0.00417	0.02065	2.81	93488	1931	463219	3112394	33.29
1972	45-49	0.00692	0.03403	2.68	91558	3116	450550	2649175	28.93
1972	50-54	0.01027	0.05017	2.68	88442	4437	431912	2198625	24.86
1972	55-59	0.01567	0.07558	2.67	84005	6349	405214	1766713	21.03
1972	60-64	0.02325	0.11017	2.64	77656	8556	368056	1361499	17.53
1972	65-69	0.03228	0.14995	2.64	69100	10361	321010	993443	14.38
1972	70-74	0.04980	0.22176	2.53	58738	13026	261554	672433	11.45
1972	75-79	0.07160	0.30509	2.58	45713	13947	194779	410879	8.99
1972	80-84	0.10813	0.42181	2.39	31766	13399	123916	216100	6.80
1972	85-89	0.16886	0.58388	2.36	18367	10724	63508	92185	5.02
1972	90-94	0.24247	0.71757	2.16	7643	5484	22618	28677	3.75
1972	95-99	0.34066	0.83457	1.94	2159	1802	5288	6058	2.81
1972	100-104	0.45502	0.91207	1.72	357	326	716	770	2.16
1972	105-109	0.57533	0.95500	1.5	31	30	52	54	1.73
1972	110+	0.67153	1.00000	1.49	1	1	2	2	1.49
1973	0	0.01918	0.01885	0.1	100000	1885	98307	7023760	70.24
1973	1-4	0.00083	0.00331	1.57	98115	325	391668	6925453	70.59
1973	5-9	0.00051	0.00253	2.56	97790	248	488345	6533785	66.81
1973	10-14	0.00044	0.00218	2.59	97542	212	487199	6045440	61.98
1973	15-19	0.00106	0.00526	2.57	97330	512	485404	5558240	57.11
1973	20-24	0.00131	0.00653	2.56	96817	632	482545	5072836	52.40
1973	25-29	0.00135	0.00672	2.7	96185	646	479440	4590291	47.72
1973	30-34	0.00157	0.00780	2.56	95539	745	475882	4110851	43.03
1973	35-39	0.00282	0.01403	2.73	94794	1330	470952	3634969	38.35
1973	40-44	0.00436	0.02159	2.6	93465	2018	462483	3164017	33.85
1973	45-49	0.00650	0.03199	2.59	91447	2925	450180	2701535	29.54
1973	50-54	0.00945	0.04624	2.65	88522	4094	432999	2251355	25.43
1973	55-59	0.01430	0.06916	2.63	84428	5839	408284	1818356	21.54
1973	60-64	0.02120	0.10094	2.63	78589	7933	374159	1410072	17.94
1973	65-69	0.02986	0.13930	2.6	70656	9843	329663	1035913	14.66
1973	70-74	0.04887	0.21837	2.57	60814	13280	271747	706250	11.61
1973	75-79	0.06982	0.29778	2.53	47534	14155	202715	434503	9.14
1973	80-84	0.10528	0.41600	2.48	33379	13886	131896	231788	6.94
1973	85-89	0.16371	0.57012	2.34	19494	11114	67888	99892	5.12
1973	90-94	0.23744	0.70929	2.16	8380	5944	25033	32004	3.82
1973	95-99	0.33330	0.82772	1.96	2436	2016	6050	6971	2.86
1973	100-104	0.44647	0.90775	1.73	420	381	853	921	2.19
1973	105-109	0.56635	0.95266	1.52	39	37	65	68	1.75
1973	110+	0.66272	1.00000	1.51	2	2	3	3	1.51
1974	0	0.01977	0.01943	0.1	100000	1943	98258	7071387	70.71
1974	1-4	0.00074	0.00295	1.58	98057	289	391529	6973130	71.11
1974	5-9	0.00034	0.00169	2.51	97768	165	488432	6581601	67.32
1974	10-14	0.00041	0.00206	2.79	97604	201	487574	6093168	62.43
1974	15-19	0.00103	0.00513	3.04	97403	499	486036	5605595	57.55
1974	20-24	0.00127	0.00635	2.59	96904	616	483034	5119559	52.83
1974	25-29	0.00142	0.00709	2.67	96288	682	479851	4636525	48.15
1974	30-34	0.00164	0.00817	2.63	95606	781	476178	4156673	43.48
1974	35-39	0.00223	0.01108	2.72	94824	1050	471728	3680496	38.81
1974	40-44	0.00385	0.01905	2.51	93774	1787	464423	3208768	34.22
1974	45-49	0.00645	0.03180	2.69	91987	2925	453168	2744345	29.83
1974	50-54	0.00938	0.04591	2.66	89062	4089	435745	2291177	25.73
1974	55-59	0.01390	0.06731	2.66	84973	5719	411484	1855432	21.84
1974	60-64	0.02128	0.10123	2.6	79254	8023	377025	1443948	18.22
1974	65-69	0.02942	0.13739	2.59	71231	9787	332600	1066923	14.98
1974	70-74	0.04501	0.20287	2.57	61444	12465	276967	734323	11.95
1974	75-79	0.06560	0.28214	2.52	48979	13819	210651	457356	9.34
1974	80-84	0.10605	0.41745	2.45	35160	14678	138403	246706	7.02
1974	85-89	0.15653	0.55352	2.36	20482	11337	72430	108302	5.29
1974	90-94	0.23102	0.69677	2.15	9145	6372	27582	35873	3.92
1974	95-99	0.31748	0.81158	1.99	2773	2251	7089	8291	2.99
1974	100-104	0.42463	0.89550	1.77	522	468	1102	1202	2.30
1974	105-109	0.54058	0.94512	1.56	55	52	95	100	1.83
1974	110+	0.63518	1.00000	1.57	3	3	5	5	1.57
1975	0	0.01908	0.01876	0.1	100000	1876	98315	7098901	70.99
1975	1-4	0.00061	0.00243	1.7	98124	239	391946	7000587	71.34
1975	5-9	0.00033	0.00164	2.53	97885	161	489028	6608641	67.51
1975	10-14	0.00047	0.00236	2.51	97725	230	488049	6119613	62.62
1975	15-19	0.00105	0.00522	2.77	97494	509	486336	5631564	57.76
1975	20-24	0.00129	0.00644	2.53	96985	624	483380	5145229	53.05
1975	25-29	0.00154	0.00765	2.5	96361	737	479965	4661848	48.38
1975	30-34	0.00156	0.00778	2.58	95624	744	476323	4181883	43.73
1975	35-39	0.00229	0.01137	2.64	94880	1079	471860	3705560	39.06
1975	40-44	0.00356	0.01766	2.62	93802	1656	465072	3233699	34.47
1975	45-49	0.00556	0.02745	2.75	92146	2529	455046	2768628	30.05
1975	50-54	0.00927	0.04534	2.65	89616	4063	438514	2313582	25.82
1975	55-59	0.01428	0.06907	2.65	85553	5909	413876	1875068	21.92
1975	60-64	0.02085	0.09931	2.62	79644	7910	379392	1461192	18.35
1975	65-69	0.02980	0.13883	2.54	71735	9959	334181	1081800	15.08
1975	70-74	0.04392	0.19859	2.59	61775	12268	279288	747619	12.10
1975	75-79	0.06502	0.28037	2.55	49508	13880	213474	468331	9.46
1975	80-84	0.10208	0.40510	2.45	35627	14433	141386	254857	7.15
1975	85-89	0.15205	0.54219	2.36	21195	11492	75579	113471	5.35
1975	90-94	0.23201	0.69757	2.14	9703	6769	29174	37892	3.91
1975	95-99	0.31941	0.81401	1.99	2934	2389	7478	8718	2.97
1975	100-104	0.43033	0.89909	1.76	546	491	1140	1240	2.27
1975	105-109	0.54994	0.94814	1.54	55	52	95	99	1.80
1975	110+	0.64718	1.00000	1.55	3	3	4	4	1.55
1976	0	0.01752	0.01725	0.1	100000	1725	98442	7125812	71.26
1976	1-4	0.00072	0.00289	1.63	98275	284	392426	7027370	71.51
1976	5-9	0.00033	0.00163	2.15	97991	160	489498	6634944	67.71
1976	10-14	0.00037	0.00187	2.92	97831	183	488774	6145446	62.82
1976	15-19	0.00104	0.00519	3.02	97648	507	487238	5656671	57.93
1976	20-24	0.00138	0.00687	2.5	97141	667	484041	5169433	53.22
1976	25-29	0.00136	0.00678	2.59	96474	654	480796	4685392	48.57
1976	30-34	0.00140	0.00696	2.47	95820	666	477412	4204596	43.88
1976	35-39	0.00225	0.01122	2.74	95154	1067	473358	3727184	39.17
1976	40-44	0.00374	0.01856	2.8	94086	1746	466586	3253826	34.58
1976	45-49	0.00547	0.02700	2.67	92340	2494	455884	2787240	30.18
1976	50-54	0.00883	0.04326	2.7	89846	3886	440281	2331357	25.95
1976	55-59	0.01392	0.06741	2.66	85960	5795	416253	1891075	22.00
1976	60-64	0.02128	0.10126	2.61	80165	8118	381441	1474823	18.40
1976	65-69	0.02923	0.13656	2.6	72047	9838	336598	1093382	15.18
1976	70-74	0.04407	0.19878	2.54	62209	12366	280570	756784	12.17
1976	75-79	0.06310	0.27289	2.53	49843	13602	215563	476214	9.55
1976	80-84	0.10043	0.40096	2.49	36242	14531	144695	260651	7.19
1976	85-89	0.15470	0.55011	2.38	21710	11943	77201	115956	5.34
1976	90-94	0.22628	0.69188	2.19	9767	6758	29864	38755	3.97
1976	95-99	0.32126	0.81612	1.99	3009	2456	7645	8891	2.95
1976	100-104	0.43438	0.90153	1.76	553	499	1149	1246	2.25
1976	105-109	0.55608	0.95000	1.54	54	52	93	97	1.78
1976	110+	0.65474	1.00000	1.53	3	3	4	4	1.53
1977	0	0.01542	0.01520	0.09	100000	1520	98618	7177778	71.78
1977	1-4	0.00066	0.00262	1.58	98480	258	393296	7079160	71.88
1977	5-9	0.00027	0.00135	2.64	98222	133	490794	6685864	68.07
1977	10-14	0.00035	0.00176	3.02	98089	173	490101	6195070	63.16
1977	15-19	0.00116	0.00581	2.87	97916	569	488367	5704968	58.26
1977	20-24	0.00135	0.00674	2.49	97347	656	485086	5216602	53.59
1977	25-29	0.00133	0.00663	2.5	96691	641	481854	4731515	48.93
1977	30-34	0.00166	0.00828	2.71	96051	795	478434	4249661	44.24
1977	35-39	0.00229	0.01138	2.58	95255	1084	473654	3771227	39.59
1977	40-44	0.00346	0.01718	2.86	94171	1617	467400	3297574	35.02
1977	45-49	0.00568	0.02806	2.71	92553	2597	456810	2830174	30.58
1977	50-54	0.00867	0.04253	2.73	89956	3826	441110	2373364	26.38
1977	55-59	0.01303	0.06323	2.67	86130	5446	417942	1932253	22.43
1977	60-64	0.02050	0.09771	2.6	80685	7884	384497	1514311	18.77
1977	65-69	0.02798	0.13104	2.58	72801	9540	340918	1129814	15.52
1977	70-74	0.04160	0.18901	2.59	63261	11957	287454	788896	12.47
1977	75-79	0.06041	0.26354	2.58	51304	13521	223827	501442	9.77
1977	80-84	0.09901	0.39708	2.51	37783	15003	151529	277616	7.35
1977	85-89	0.14290	0.52278	2.43	22780	11909	83335	126087	5.53
1977	90-94	0.22982	0.69341	2.14	10871	7538	32800	42751	3.93
1977	95-99	0.31735	0.81224	2	3333	2707	8531	9951	2.99
1977	100-104	0.43057	0.89946	1.76	626	563	1307	1420	2.27
1977	105-109	0.55244	0.94898	1.54	63	60	108	113	1.80
1977	110+	0.65124	1.00000	1.54	3	3	5	5	1.54
1978	0	0.01532	0.01511	0.09	100000	1511	98626	7183404	71.83
1978	1-4	0.00065	0.00259	1.72	98489	255	393376	7084778	71.93
1978	5-9	0.00028	0.00140	2.05	98234	137	490767	6691402	68.12
1978	10-14	0.00034	0.00170	2.49	98097	167	490067	6200635	63.21
1978	15-19	0.00107	0.00533	2.96	97930	522	488587	5710568	58.31
1978	20-24	0.00132	0.00655	2.58	97408	638	485492	5221981	53.61
1978	25-29	0.00143	0.00710	2.39	96769	687	482054	4736490	48.95
1978	30-34	0.00156	0.00775	2.42	96082	745	478487	4254435	44.28
1978	35-39	0.00226	0.01122	2.62	95337	1070	474144	3775948	39.61
1978	40-44	0.00369	0.01831	2.84	94268	1726	467613	3301804	35.03
1978	45-49	0.00524	0.02586	2.63	92541	2393	457023	2834191	30.63
1978	50-54	0.00859	0.04212	2.74	90148	3797	442140	2377168	26.37
1978	55-59	0.01272	0.06173	2.61	86351	5330	419029	1935028	22.41
1978	60-64	0.01960	0.09361	2.6	81020	7584	386933	1516000	18.71
1978	65-69	0.02919	0.13630	2.58	73436	10009	342913	1129067	15.37
1978	70-74	0.04166	0.18891	2.54	63427	11982	287608	786153	12.39
1978	75-79	0.06358	0.27506	2.55	51445	14150	222567	498546	9.69
1978	80-84	0.09589	0.38699	2.51	37295	14433	150508	275978	7.40
1978	85-89	0.14876	0.53666	2.41	22862	12269	82475	125470	5.49
1978	90-94	0.21935	0.68106	2.22	10593	7214	32890	42995	4.06
1978	95-99	0.31638	0.81153	2	3378	2742	8666	10106	2.99
1978	100-104	0.43216	0.90066	1.76	637	573	1327	1440	2.26
1978	105-109	0.55744	0.95061	1.53	63	60	108	113	1.78
1978	110+	0.65906	1.00000	1.52	3	3	5	5	1.52
1979	0	0.01409	0.01391	0.09	100000	1391	98730	7248788	72.49
1979	1-4	0.00071	0.00285	1.83	98609	281	393826	7150058	72.51
1979	5-9	0.00035	0.00176	2.27	98328	174	491164	6756232	68.71
1979	10-14	0.00035	0.00175	2.73	98154	172	490378	6265067	63.83
1979	15-19	0.00103	0.00516	3.01	97982	505	488904	5774689	58.94
1979	20-24	0.00146	0.00726	2.57	97477	707	485663	5285785	54.23
1979	25-29	0.00134	0.00670	2.48	96769	648	482217	4800122	49.60
1979	30-34	0.00150	0.00747	2.6	96121	718	478884	4317905	44.92
1979	35-39	0.00199	0.00989	2.87	95404	944	475010	3839021	40.24
1979	40-44	0.00329	0.01633	2.72	94460	1543	468785	3364011	35.61
1979	45-49	0.00509	0.02516	2.72	92917	2337	459256	2895226	31.16
1979	50-54	0.00818	0.04011	2.59	90580	3633	444149	2435970	26.89
1979	55-59	0.01270	0.06169	2.67	86947	5364	422211	1991821	22.91
1979	60-64	0.01864	0.08924	2.62	81583	7280	390551	1569610	19.24
1979	65-69	0.02652	0.12446	2.53	74302	9248	348670	1179059	15.87
1979	70-74	0.03952	0.18018	2.55	65055	11721	296608	830389	12.76
1979	75-79	0.05827	0.25507	2.56	53333	13604	233445	533781	10.01
1979	80-84	0.09124	0.37260	2.54	39730	14803	162240	300336	7.56
1979	85-89	0.14630	0.52869	2.38	24926	13178	90075	138096	5.54
1979	90-94	0.21795	0.67584	2.19	11748	7940	36430	48021	4.09
1979	95-99	0.30985	0.80491	2.02	3808	3065	9893	11592	3.04
1979	100-104	0.42678	0.89789	1.77	743	667	1563	1699	2.29
1979	105-109	0.55447	0.94994	1.54	76	72	130	136	1.79
1979	110+	0.65842	1.00000	1.52	4	4	6	6	1.52
1980	0	0.01171	0.01159	0.08	100000	1159	98935	7264068	72.64
1980	1-4	0.00063	0.00252	1.65	98841	249	394779	7165133	72.49
1980	5-9	0.00036	0.00179	2.27	98592	177	492478	6770354	68.67
1980	10-14	0.00026	0.00130	2.77	98415	128	491790	6277876	63.79
1980	15-19	0.00116	0.00577	3	98287	567	490302	5786086	58.87
1980	20-24	0.00142	0.00710	2.37	97720	693	486778	5295784	54.19
1980	25-29	0.00133	0.00664	2.46	97027	644	483497	4809006	49.56
1980	30-34	0.00157	0.00783	2.21	96382	755	479807	4325510	44.88
1980	35-39	0.00203	0.01010	2.65	95627	966	475864	3845702	40.22
1980	40-44	0.00328	0.01629	2.7	94661	1542	469755	3369839	35.60
1980	45-49	0.00529	0.02614	2.63	93119	2434	459831	2900083	31.14
1980	50-54	0.00769	0.03774	2.6	90685	3422	445207	2440252	26.91
1980	55-59	0.01267	0.06150	2.62	87263	5366	423528	1995045	22.86
1980	60-64	0.01873	0.08973	2.66	81897	7348	392315	1571518	19.19
1980	65-69	0.02804	0.13129	2.58	74548	9787	349021	1179203	15.82
1980	70-74	0.04029	0.18319	2.53	64761	11864	294483	830182	12.82
1980	75-79	0.05803	0.25388	2.54	52897	13429	231436	535699	10.13
1980	80-84	0.08645	0.35535	2.5	39468	14025	162238	304263	7.71
1980	85-89	0.14602	0.52762	2.37	25443	13424	91936	142024	5.58
1980	90-94	0.21107	0.66801	2.25	12019	8029	38037	50089	4.17
1980	95-99	0.31230	0.80793	2.01	3990	3224	10322	12052	3.02
1980	100-104	0.43273	0.90150	1.76	766	691	1597	1730	2.26
1980	105-109	0.56341	0.95254	1.53	75	72	128	133	1.76
1980	110+	0.66910	1.00000	1.49	4	4	5	5	1.49
1981	0	0.01259	0.01245	0.08	100000	1245	98859	7316706	73.17
1981	1-4	0.00067	0.00267	1.36	98755	264	394324	7217846	73.09
1981	5-9	0.00037	0.00183	2.22	98491	180	491955	6823522	69.28
1981	10-14	0.00031	0.00155	2.98	98311	153	491248	6331567	64.40
1981	15-19	0.00082	0.00410	2.99	98158	402	489983	5840320	59.50
1981	20-24	0.00110	0.00550	2.56	97756	537	487468	5350337	54.73
1981	25-29	0.00138	0.00687	2.48	97219	668	484409	4862868	50.02
1981	30-34	0.00122	0.00609	2.57	96551	588	481330	4378460	45.35
1981	35-39	0.00195	0.00973	2.74	95964	933	477711	3897129	40.61
1981	40-44	0.00289	0.01435	2.73	95030	1364	472051	3419418	35.98
1981	45-49	0.00449	0.02221	2.78	93667	2081	463720	2947368	31.47
1981	50-54	0.00748	0.03675	2.66	91586	3365	450039	2483648	27.12
1981	55-59	0.01220	0.05926	2.63	88220	5228	428707	2033609	23.05
1981	60-64	0.01829	0.08764	2.63	82992	7273	397742	1604902	19.34
1981	65-69	0.02724	0.12778	2.58	75719	9676	355179	1207160	15.94
1981	70-74	0.03873	0.17715	2.6	66043	11699	302099	851981	12.90
1981	75-79	0.05598	0.24553	2.5	54344	13343	238335	549882	10.12
1981	80-84	0.09281	0.37529	2.45	41001	15387	165798	311546	7.60
1981	85-89	0.14023	0.51242	2.37	25614	13125	93598	145748	5.69
1981	90-94	0.21242	0.66802	2.22	12489	8343	39275	52150	4.18
1981	95-99	0.30342	0.79719	2.02	4146	3305	10893	12875	3.11
1981	100-104	0.41337	0.88929	1.8	841	748	1809	1982	2.36
1981	105-109	0.53382	0.94335	1.57	93	88	165	173	1.86
1981	110+	0.63261	1.00000	1.58	5	5	8	8	1.58
1982	0	0.01133	0.01121	0.08	100000	1121	98968	7345261	73.45
1982	1-4	0.00052	0.00208	1.37	98879	206	394974	7246293	73.28
1982	5-9	0.00023	0.00116	2.84	98673	115	493116	6851319	69.43
1982	10-14	0.00022	0.00108	2.34	98558	106	492508	6358203	64.51
1982	15-19	0.00106	0.00529	2.9	98452	521	491167	5865695	59.58
1982	20-24	0.00130	0.00648	2.58	97931	634	488120	5374529	54.88
1982	25-29	0.00113	0.00565	2.66	97297	550	485200	4886409	50.22
1982	30-34	0.00127	0.00635	2.72	96747	614	482332	4401209	45.49
1982	35-39	0.00196	0.00977	2.7	96133	939	478504	3918877	40.77
1982	40-44	0.00263	0.01307	2.8	95194	1244	473227	3440373	36.14
1982	45-49	0.00465	0.02301	2.74	93950	2161	464866	2967146	31.58
1982	50-54	0.00789	0.03876	2.71	91789	3558	450783	2502280	27.26
1982	55-59	0.01093	0.05331	2.66	88231	4703	430168	2051497	23.25
1982	60-64	0.01892	0.09046	2.58	83528	7556	399382	1621329	19.41
1982	65-69	0.02603	0.12241	2.58	75972	9299	357311	1221948	16.08
1982	70-74	0.03810	0.17444	2.59	66673	11630	305284	864636	12.97
1982	75-79	0.05734	0.25115	2.53	55042	13824	241089	559352	10.16
1982	80-84	0.09187	0.37361	2.5	41218	15400	167632	318263	7.72
1982	85-89	0.13780	0.50858	2.43	25819	13131	95291	150631	5.83
1982	90-94	0.20192	0.64825	2.24	12688	8225	40733	55339	4.36
1982	95-99	0.28593	0.77633	2.06	4463	3465	12117	14607	3.27
1982	100-104	0.38887	0.87278	1.84	998	871	2240	2490	2.49
1982	105-109	0.50410	0.93285	1.62	127	118	235	249	1.96
1982	110+	0.59997	1.00000	1.67	9	9	14	14	1.67
1983	0	0.01073	0.01062	0.08	100000	1062	99021	7361450	73.61
1983	1-4	0.00044	0.00175	1.86	98938	173	395380	7262429	73.40
1983	5-9	0.00027	0.00136	2.36	98765	134	493469	6867049	69.53
1983	10-14	0.00029	0.00146	2.93	98631	144	492855	6373580	64.62
1983	15-19	0.00083	0.00412	3.01	98486	406	491624	5880726	59.71
1983	20-24	0.00106	0.00527	2.26	98081	517	488988	5389102	54.95
1983	25-29	0.00110	0.00549	2.55	97564	536	486507	4900114	50.22
1983	30-34	0.00124	0.00620	2.55	97028	602	483670	4413607	45.49
1983	35-39	0.00183	0.00910	2.51	96427	877	479946	3929938	40.76
1983	40-44	0.00302	0.01499	2.67	95549	1432	474406	3449991	36.11
1983	45-49	0.00427	0.02114	2.76	94117	1990	466138	2975585	31.62
1983	50-54	0.00697	0.03426	2.64	92128	3156	453175	2509447	27.24
1983	55-59	0.01125	0.05475	2.61	88971	4872	433214	2056272	23.11
1983	60-64	0.01797	0.08621	2.65	84100	7250	403458	1623058	19.30
1983	65-69	0.02694	0.12635	2.55	76850	9710	360479	1219600	15.87
1983	70-74	0.04017	0.18341	2.63	67140	12314	306541	859122	12.80
1983	75-79	0.05794	0.25292	2.49	54826	13867	239307	552581	10.08
1983	80-84	0.09230	0.37410	2.47	40959	15323	166002	313274	7.65
1983	85-89	0.13902	0.50575	2.31	25637	12966	93268	147271	5.74
1983	90-94	0.20774	0.65853	2.22	12671	8344	40166	54003	4.26
1983	95-99	0.29351	0.78559	2.04	4327	3399	11580	13836	3.20
1983	100-104	0.39960	0.88031	1.82	928	817	2044	2256	2.43
1983	105-109	0.51754	0.93784	1.6	111	104	201	212	1.91
1983	110+	0.61523	1.00000	1.63	7	7	11	11	1.63
1984	0	0.01078	0.01067	0.08	100000	1067	99016	7377689	73.78
1984	1-4	0.00050	0.00201	1.73	98933	199	395281	7278672	73.57
1984	5-9	0.00018	0.00088	2.24	98734	86	493434	6883391	69.72
1984	10-14	0.00020	0.00101	2.78	98648	99	493019	6389957	64.78
1984	15-19	0.00081	0.00403	3.01	98549	397	491952	5896938	59.84
1984	20-24	0.00109	0.00543	2.7	98152	533	489533	5404986	55.07
1984	25-29	0.00118	0.00590	2.51	97619	576	486657	4915453	50.35
1984	30-34	0.00109	0.00544	2.77	97042	528	484033	4428796	45.64
1984	35-39	0.00163	0.00810	2.79	96514	782	480840	3944763	40.87
1984	40-44	0.00292	0.01448	2.63	95732	1386	475381	3463922	36.18
1984	45-49	0.00429	0.02126	2.83	94346	2005	467371	2988541	31.68
1984	50-54	0.00742	0.03645	2.53	92340	3366	453404	2521170	27.30
1984	55-59	0.01131	0.05512	2.7	88974	4904	433599	2067767	23.24
1984	60-64	0.01792	0.08589	2.6	84070	7220	403033	1634168	19.44
1984	65-69	0.02740	0.12844	2.57	76850	9871	360236	1231134	16.02
1984	70-74	0.03915	0.17878	2.57	66979	11975	305848	870898	13.00
1984	75-79	0.05894	0.25803	2.59	55004	14193	240815	565050	10.27
1984	80-84	0.08717	0.35683	2.46	40811	14563	167063	324236	7.94
1984	85-89	0.13093	0.48904	2.41	26248	12837	98041	157172	5.99
1984	90-94	0.19945	0.64239	2.23	13412	8616	43197	59132	4.41
1984	95-99	0.28091	0.77022	2.07	4796	3694	13151	15935	3.32
1984	100-104	0.38341	0.86891	1.85	1102	958	2498	2784	2.53
1984	105-109	0.49837	0.93067	1.63	144	134	270	287	1.98
1984	110+	0.59413	1.00000	1.68	10	10	17	17	1.68
1985	0	0.01076	0.01065	0.08	100000	1065	99018	7378531	73.79
1985	1-4	0.00038	0.00151	1.91	98935	149	395427	7279513	73.58
1985	5-9	0.00016	0.00081	2.68	98786	80	493742	6884086	69.69
1985	10-14	0.00036	0.00180	2.8	98705	178	493135	6390344	64.74
1985	15-19	0.00089	0.00446	2.84	98527	440	491687	5897209	59.85
1985	20-24	0.00110	0.00550	2.51	98088	540	489094	5405522	55.11
1985	25-29	0.00117	0.00584	2.7	97548	570	486431	4916428	50.40
1985	30-34	0.00132	0.00657	2.5	96978	637	483299	4429998	45.68
1985	35-39	0.00163	0.00811	2.64	96341	781	479862	3946699	40.97
1985	40-44	0.00250	0.01244	2.66	95560	1188	475021	3466837	36.28
1985	45-49	0.00470	0.02325	2.64	94371	2195	466673	2991815	31.70
1985	50-54	0.00721	0.03544	2.54	92177	3267	452837	2525142	27.39
1985	55-59	0.01100	0.05360	2.65	88910	4765	433358	2072306	23.31
1985	60-64	0.01759	0.08439	2.6	84144	7101	403698	1638948	19.48
1985	65-69	0.02704	0.12692	2.59	77044	9778	361684	1235250	16.03
1985	70-74	0.03849	0.17606	2.58	67266	11843	307704	873565	12.99
1985	75-79	0.05701	0.25054	2.58	55423	13886	243557	565861	10.21
1985	80-84	0.09074	0.36926	2.48	41537	15338	169035	322304	7.76
1985	85-89	0.13386	0.49480	2.37	26199	12963	96840	153269	5.85
1985	90-94	0.20652	0.65793	2.24	13236	8708	42165	56429	4.26
1985	95-99	0.29815	0.79150	2.04	4528	3584	12019	14264	3.15
1985	100-104	0.40933	0.88704	1.81	944	837	2046	2244	2.38
1985	105-109	0.53215	0.94300	1.58	107	101	189	199	1.86
1985	110+	0.63320	1.00000	1.58	6	6	10	10	1.58
1986	0	0.01022	0.01012	0.08	100000	1012	99066	7357718	73.58
1986	1-4	0.00054	0.00218	1.64	98988	215	395443	7258653	73.33
1986	5-9	0.00019	0.00097	2.79	98773	95	493653	6863210	69.48
1986	10-14	0.00034	0.00168	3.1	98677	166	493071	6369557	64.55
1986	15-19	0.00105	0.00526	2.94	98511	518	491488	5876486	59.65
1986	20-24	0.00106	0.00527	2.54	97993	516	488697	5384998	54.95
1986	25-29	0.00124	0.00616	2.52	97477	600	485895	4896301	50.23
1986	30-34	0.00150	0.00749	2.59	96876	726	482635	4410406	45.53
1986	35-39	0.00167	0.00833	2.55	96150	800	478791	3927771	40.85
1986	40-44	0.00292	0.01453	2.77	95350	1385	473658	3448980	36.17
1986	45-49	0.00423	0.02095	2.57	93965	1968	465034	2975322	31.66
1986	50-54	0.00760	0.03735	2.67	91996	3436	451971	2510288	27.29
1986	55-59	0.01053	0.05142	2.7	88560	4554	432345	2058316	23.24
1986	60-64	0.01811	0.08688	2.67	84006	7299	403045	1625972	19.36
1986	65-69	0.02684	0.12607	2.59	76707	9670	360235	1222927	15.94
1986	70-74	0.03899	0.17819	2.59	67037	11946	306392	862692	12.87
1986	75-79	0.05882	0.25649	2.51	55092	14130	240242	556300	10.10
1986	80-84	0.09178	0.37245	2.47	40961	15256	166222	316058	7.72
1986	85-89	0.13549	0.49962	2.37	25705	12843	94786	149836	5.83
1986	90-94	0.20549	0.65766	2.26	12862	8459	41166	55050	4.28
1986	95-99	0.29821	0.79122	2.03	4403	3484	11683	13885	3.15
1986	100-104	0.40630	0.88474	1.81	919	813	2002	2202	2.40
1986	105-109	0.52503	0.94039	1.59	106	100	190	200	1.89
1986	110+	0.62265	1.00000	1.61	6	6	10	10	1.61
1987	0	0.00975	0.00966	0.08	100000	966	99107	7377395	73.77
1987	1-4	0.00052	0.00209	1.73	99034	207	395664	7278288	73.49
1987	5-9	0.00018	0.00089	2.21	98827	88	493888	6882623	69.64
1987	10-14	0.00029	0.00143	2.81	98739	142	493383	6388735	64.70
1987	15-19	0.00093	0.00462	2.82	98597	456	491991	5895352	59.79
1987	20-24	0.00125	0.00622	2.62	98141	610	489257	5403361	55.06
1987	25-29	0.00122	0.00609	2.46	97531	594	486152	4914104	50.38
1987	30-34	0.00141	0.00702	2.52	96938	681	483003	4427952	45.68
1987	35-39	0.00172	0.00856	2.5	96257	824	479226	3944949	40.98
1987	40-44	0.00252	0.01252	2.74	95433	1194	474471	3465724	36.32
1987	45-49	0.00438	0.02169	2.63	94239	2044	466342	2991252	31.74
1987	50-54	0.00691	0.03397	2.62	92195	3132	453521	2524910	27.39
1987	55-59	0.01132	0.05517	2.7	89063	4914	434039	2071390	23.26
1987	60-64	0.01781	0.08548	2.65	84150	7193	403842	1637351	19.46
1987	65-69	0.02712	0.12730	2.6	76957	9797	361302	1233509	16.03
1987	70-74	0.03895	0.17816	2.61	67160	11965	307210	872207	12.99
1987	75-79	0.05549	0.24463	2.58	55194	13502	243305	564997	10.24
1987	80-84	0.09097	0.37099	2.52	41692	15468	170031	321692	7.72
1987	85-89	0.13966	0.50859	2.33	26225	13338	95501	151661	5.78
1987	90-94	0.20112	0.64895	2.27	12887	8363	41581	56160	4.36
1987	95-99	0.29090	0.78256	2.05	4524	3540	12170	14578	3.22
1987	100-104	0.39675	0.87841	1.83	984	864	2178	2408	2.45
1987	105-109	0.51450	0.93677	1.61	120	112	218	230	1.92
1987	110+	0.61212	1.00000	1.63	8	8	12	12	1.63
1988	0	0.00903	0.00896	0.07	100000	896	99170	7387501	73.88
1988	1-4	0.00055	0.00221	1.71	99104	219	395913	7288331	73.54
1988	5-9	0.00024	0.00121	2.9	98885	120	494173	6892418	69.70
1988	10-14	0.00036	0.00179	2.76	98765	176	493431	6398245	64.78
1988	15-19	0.00094	0.00470	2.62	98589	463	491839	5904814	59.89
1988	20-24	0.00125	0.00625	2.53	98125	613	489114	5412975	55.16
1988	25-29	0.00126	0.00627	2.27	97512	612	485895	4923861	50.49
1988	30-34	0.00142	0.00707	2.72	96901	686	482937	4437967	45.80
1988	35-39	0.00179	0.00891	2.5	96215	857	478937	3955030	41.11
1988	40-44	0.00257	0.01279	2.57	95358	1219	473832	3476093	36.45
1988	45-49	0.00423	0.02095	2.74	94139	1972	466232	3002261	31.89
1988	50-54	0.00676	0.03329	2.72	92167	3068	453844	2536029	27.52
1988	55-59	0.01110	0.05405	2.62	89098	4816	434012	2082185	23.37
1988	60-64	0.01659	0.07979	2.62	84282	6725	405435	1648173	19.56
1988	65-69	0.02637	0.12395	2.59	77558	9613	364600	1242738	16.02
1988	70-74	0.03892	0.17768	2.55	67945	12072	310157	878138	12.92
1988	75-79	0.05726	0.25087	2.53	55872	14017	244780	567981	10.17
1988	80-84	0.09258	0.37524	2.48	41856	15706	169653	323201	7.72
1988	85-89	0.13616	0.50314	2.41	26150	13157	96631	153549	5.87
1988	90-94	0.20113	0.64663	2.24	12993	8401	41771	56918	4.38
1988	95-99	0.28358	0.77319	2.06	4591	3550	12518	15147	3.30
1988	100-104	0.38388	0.86893	1.85	1041	905	2357	2629	2.52
1988	105-109	0.49598	0.92951	1.64	136	127	256	272	1.99
1988	110+	0.58932	1.00000	1.7	10	10	16	16	1.70
1989	0	0.00978	0.00969	0.08	100000	969	99104	7401108	74.01
1989	1-4	0.00055	0.00219	1.78	99031	217	395641	7302005	73.73
1989	5-9	0.00024	0.00120	2.73	98813	118	493798	6906363	69.89
1989	10-14	0.00030	0.00148	3.05	98695	146	493191	6412565	64.97
1989	15-19	0.00108	0.00539	2.67	98549	531	491506	5919374	60.07
1989	20-24	0.00119	0.00593	2.46	98018	581	488615	5427869	55.38
1989	25-29	0.00112	0.00559	2.51	97437	544	485831	4939254	50.69
1989	30-34	0.00147	0.00733	2.51	96893	710	482693	4453423	45.96
1989	35-39	0.00179	0.00893	2.48	96182	859	478748	3970730	41.28
1989	40-44	0.00261	0.01295	2.61	95323	1234	473669	3491982	36.63
1989	45-49	0.00422	0.02088	2.6	94089	1965	465741	3018313	32.08
1989	50-54	0.00671	0.03301	2.64	92124	3041	453448	2552572	27.71
1989	55-59	0.01102	0.05371	2.63	89084	4784	434085	2099124	23.56
1989	60-64	0.01714	0.08238	2.64	84299	6945	405110	1665039	19.75
1989	65-69	0.02544	0.11993	2.62	77354	9277	364679	1259928	16.29
1989	70-74	0.03827	0.17530	2.61	68077	11934	311807	895249	13.15
1989	75-79	0.05599	0.24567	2.51	56143	13793	246331	583442	10.39
1989	80-84	0.08845	0.36248	2.51	42350	15351	173552	337111	7.96
1989	85-89	0.12914	0.48477	2.43	26999	13088	101353	163559	6.06
1989	90-94	0.19503	0.63546	2.26	13911	8840	45324	62206	4.47
1989	95-99	0.27988	0.76925	2.07	5071	3901	13938	16882	3.33
1989	100-104	0.38486	0.87030	1.85	1170	1018	2646	2944	2.52
1989	105-109	0.50320	0.93278	1.63	152	142	281	298	1.97
1989	110+	0.60201	1.00000	1.66	10	10	17	17	1.66
1990	0	0.01035	0.01026	0.08	100000	1026	99054	7442917	74.43
1990	1-4	0.00037	0.00146	1.74	98974	145	395572	7343864	74.20
1990	5-9	0.00018	0.00090	3.48	98830	88	494016	6948292	70.31
1990	10-14	0.00026	0.00131	2.88	98741	130	493432	6454276	65.37
1990	15-19	0.00092	0.00458	2.84	98612	452	492086	5960844	60.45
1990	20-24	0.00106	0.00531	2.44	98160	521	489470	5468758	55.71
1990	25-29	0.00117	0.00584	2.62	97639	570	486841	4979288	51.00
1990	30-34	0.00169	0.00840	2.39	97069	816	483218	4492448	46.28
1990	35-39	0.00173	0.00861	2.57	96253	829	479250	4009230	41.65
1990	40-44	0.00244	0.01214	2.72	95425	1159	474481	3529980	36.99
1990	45-49	0.00376	0.01866	2.78	94266	1759	467417	3055499	32.41
1990	50-54	0.00653	0.03214	2.62	92507	2973	455466	2588082	27.98
1990	55-59	0.00990	0.04837	2.62	89534	4331	437375	2132616	23.82
1990	60-64	0.01633	0.07858	2.6	85203	6695	409923	1695241	19.90
1990	65-69	0.02562	0.12073	2.61	78508	9478	369914	1285318	16.37
1990	70-74	0.03759	0.17240	2.6	69030	11901	316564	915404	13.26
1990	75-79	0.05420	0.23864	2.5	57129	13633	251550	598840	10.48
1990	80-84	0.08547	0.35171	2.48	43496	15298	178980	347289	7.98
1990	85-89	0.12990	0.48733	2.44	28198	13742	105786	168309	5.97
1990	90-94	0.20201	0.64912	2.25	14456	9384	46453	62523	4.32
1990	95-99	0.29541	0.78918	2.05	5072	4003	13551	16071	3.17
1990	100-104	0.41289	0.89001	1.8	1069	952	2305	2520	2.36
1990	105-109	0.54343	0.94698	1.56	118	111	205	215	1.82
1990	110+	0.65069	1.00000	1.54	6	6	10	10	1.54
1991	0	0.00855	0.00848	0.07	100000	848	99213	7420956	74.21
1991	1-4	0.00051	0.00203	1.85	99152	201	396174	7321743	73.84
1991	5-9	0.00020	0.00101	2.01	98951	100	494452	6925568	69.99
1991	10-14	0.00028	0.00139	3	98850	138	493976	6431116	65.06
1991	15-19	0.00093	0.00465	2.73	98713	459	492521	5937140	60.15
1991	20-24	0.00128	0.00640	2.53	98253	629	489714	5444619	55.41
1991	25-29	0.00146	0.00725	2.65	97625	708	486458	4954904	50.75
1991	30-34	0.00161	0.00802	2.51	96917	777	482651	4468446	46.11
1991	35-39	0.00175	0.00873	2.6	96140	839	478686	3985795	41.46
1991	40-44	0.00237	0.01179	2.63	95301	1124	473838	3507109	36.80
1991	45-49	0.00395	0.01956	2.69	94177	1842	466623	3033271	32.21
1991	50-54	0.00675	0.03320	2.66	92335	3066	454495	2566648	27.80
1991	55-59	0.01084	0.05287	2.63	89269	4719	435181	2112153	23.66
1991	60-64	0.01578	0.07607	2.66	84550	6432	407674	1676972	19.83
1991	65-69	0.02616	0.12329	2.67	78118	9631	368142	1269298	16.25
1991	70-74	0.03725	0.17086	2.58	68487	11702	314157	901156	13.16
1991	75-79	0.05591	0.24575	2.54	56785	13955	249598	586999	10.34
1991	80-84	0.08759	0.35937	2.5	42831	15392	175730	337401	7.88
1991	85-89	0.13256	0.49435	2.43	27439	13564	102326	161671	5.89
1991	90-94	0.20500	0.65524	2.25	13874	9091	44346	59346	4.28
1991	95-99	0.29899	0.79330	2.04	4783	3795	12691	14999	3.14
1991	100-104	0.41713	0.89258	1.8	989	883	2116	2308	2.33
1991	105-109	0.54781	0.94826	1.55	106	101	184	192	1.81
1991	110+	0.65484	1.00000	1.53	5	5	8	8	1.53
1992	0	0.00934	0.00926	0.07	100000	926	99143	7444826	74.45
1992	1-4	0.00055	0.00219	1.66	99074	217	395787	7345683	74.14
1992	5-9	0.00017	0.00084	2.82	98857	83	494103	6949896	70.30
1992	10-14	0.00021	0.00105	2.91	98774	104	493650	6455793	65.36
1992	15-19	0.00081	0.00405	2.73	98670	400	492439	5962143	60.43
1992	20-24	0.00114	0.00570	2.35	98270	560	489866	5469703	55.66
1992	25-29	0.00158	0.00787	2.57	97709	769	486675	4979838	50.97
1992	30-34	0.00159	0.00790	2.6	96940	766	482860	4493163	46.35
1992	35-39	0.00154	0.00766	2.6	96174	737	479103	4010303	41.70
1992	40-44	0.00256	0.01271	2.65	95437	1213	474335	3531200	37.00
1992	45-49	0.00392	0.01944	2.7	94224	1832	466901	3056865	32.44
1992	50-54	0.00669	0.03295	2.65	92392	3044	454797	2589964	28.03
1992	55-59	0.01003	0.04901	2.66	89348	4379	436510	2135167	23.90
1992	60-64	0.01682	0.08091	2.64	84969	6875	408640	1698657	19.99
1992	65-69	0.02447	0.11556	2.6	78094	9025	368778	1290017	16.52
1992	70-74	0.03706	0.17034	2.63	69070	11765	317487	921239	13.34
1992	75-79	0.05382	0.23763	2.54	57304	13617	253012	603753	10.54
1992	80-84	0.08572	0.35294	2.5	43687	15419	179881	350741	8.03
1992	85-89	0.12841	0.48496	2.48	28268	13709	106761	170859	6.04
1992	90-94	0.19831	0.64233	2.26	14559	9352	47158	64098	4.40
1992	95-99	0.28728	0.77870	2.06	5207	4055	14115	16940	3.25
1992	100-104	0.39590	0.87817	1.83	1152	1012	2556	2825	2.45
1992	105-109	0.51652	0.93767	1.6	140	132	255	269	1.92
1992	110+	0.61624	1.00000	1.62	9	9	14	14	1.62
1993	0	0.00877	0.00870	0.07	100000	870	99193	7429726	74.30
1993	1-4	0.00044	0.00175	1.61	99130	173	396106	7330533	73.95
1993	5-9	0.00026	0.00128	1.96	98957	126	494401	6934427	70.08
1993	10-14	0.00026	0.00130	2.8	98831	128	493871	6440026	65.16
1993	15-19	0.00078	0.00390	2.86	98703	385	492689	5946154	60.24
1993	20-24	0.00103	0.00516	2.52	98318	507	490335	5453465	55.47
1993	25-29	0.00141	0.00702	2.58	97811	687	487392	4963130	50.74
1993	30-34	0.00160	0.00799	2.5	97124	776	483681	4475739	46.08
1993	35-39	0.00190	0.00948	2.64	96348	913	479586	3992058	41.43
1993	40-44	0.00261	0.01299	2.75	95435	1240	474383	3512472	36.80
1993	45-49	0.00390	0.01933	2.77	94195	1821	466915	3038089	32.25
1993	50-54	0.00688	0.03387	2.66	92374	3129	454553	2571174	27.83
1993	55-59	0.01052	0.05135	2.7	89246	4583	435704	2116621	23.72
1993	60-64	0.01656	0.07961	2.58	84663	6740	406981	1680917	19.85
1993	65-69	0.02463	0.11621	2.58	77923	9056	367695	1273936	16.35
1993	70-74	0.03676	0.16910	2.63	68867	11646	316779	906241	13.16
1993	75-79	0.05510	0.24309	2.58	57221	13910	252451	589462	10.30
1993	80-84	0.08919	0.36573	2.54	43311	15840	177607	337011	7.78
1993	85-89	0.13647	0.50530	2.43	27471	13881	101719	159404	5.80
1993	90-94	0.20665	0.65801	2.24	13590	8942	43273	57685	4.24
1993	95-99	0.30302	0.79771	2.03	4648	3707	12235	14411	3.10
1993	100-104	0.42089	0.89470	1.79	940	841	1998	2177	2.32
1993	105-109	0.55059	0.94899	1.55	99	94	171	178	1.80
1993	110+	0.65659	1.00000	1.52	5	5	8	8	1.52
1994	0	0.00682	0.00678	0.07	100000	678	99368	7483677	74.84
1994	1-4	0.00031	0.00124	1.82	99322	123	397020	7384310	74.35
1994	5-9	0.00029	0.00146	2.32	99199	145	495608	6987289	70.44
1994	10-14	0.00021	0.00104	2.95	99054	103	495060	6491682	65.54
1994	15-19	0.00073	0.00365	2.75	98951	361	493944	5996621	60.60
1994	20-24	0.00094	0.00469	2.34	98590	463	491716	5502677	55.81
1994	25-29	0.00127	0.00632	2.54	98127	621	489111	5010961	51.07
1994	30-34	0.00158	0.00789	2.7	97507	769	485767	4521850	46.37
1994	35-39	0.00160	0.00798	2.46	96738	772	481731	4036083	41.72
1994	40-44	0.00233	0.01159	2.62	95966	1112	477178	3554352	37.04
1994	45-49	0.00378	0.01875	2.6	94853	1778	469991	3077174	32.44
1994	50-54	0.00625	0.03082	2.72	93075	2868	458839	2607183	28.01
1994	55-59	0.01036	0.05056	2.65	90207	4561	440316	2148345	23.82
1994	60-64	0.01583	0.07634	2.69	85646	6538	413135	1708028	19.94
1994	65-69	0.02449	0.11562	2.6	79108	9147	373546	1294894	16.37
1994	70-74	0.03776	0.17279	2.54	69961	12088	320099	921348	13.17
1994	75-79	0.05432	0.23931	2.52	57872	13849	254955	601249	10.39
1994	80-84	0.08836	0.36305	2.55	44023	15982	180879	346294	7.87
1994	85-89	0.13285	0.49201	2.36	28041	13796	103849	165415	5.90
1994	90-94	0.20303	0.65079	2.24	14244	9270	45657	61566	4.32
1994	95-99	0.29279	0.78549	2.05	4974	3907	13345	15909	3.20
1994	100-104	0.40449	0.88413	1.82	1067	943	2332	2564	2.40
1994	105-109	0.52862	0.94198	1.58	124	116	220	232	1.87
1994	110+	0.63112	1.00000	1.58	7	7	11	11	1.58
1995	0	0.00807	0.00801	0.07	100000	801	99255	7479817	74.80
1995	1-4	0.00049	0.00195	1.29	99199	193	396271	7380562	74.40
1995	5-9	0.00022	0.00108	2.46	99006	107	494758	6984291	70.54
1995	10-14	0.00023	0.00114	3.06	98899	113	494276	6489533	65.62
1995	15-19	0.00085	0.00424	3.11	98786	419	493141	5995257	60.69
1995	20-24	0.00096	0.00479	2.66	98367	471	490731	5502116	55.93
1995	25-29	0.00136	0.00680	2.55	97896	665	487851	5011386	51.19
1995	30-34	0.00148	0.00738	2.49	97230	717	484351	4523535	46.52
1995	35-39	0.00193	0.00961	2.79	96513	927	480517	4039184	41.85
1995	40-44	0.00227	0.01130	2.64	95586	1081	475378	3558667	37.23
1995	45-49	0.00385	0.01907	2.7	94505	1802	468376	3083289	32.63
1995	50-54	0.00590	0.02909	2.66	92703	2697	457193	2614912	28.21
1995	55-59	0.00936	0.04579	2.69	90006	4122	440497	2157719	23.97
1995	60-64	0.01581	0.07620	2.62	85885	6545	413843	1717222	19.99
1995	65-69	0.02431	0.11509	2.68	79340	9131	375548	1303380	16.43
1995	70-74	0.03721	0.17053	2.55	70209	11973	321746	927831	13.22
1995	75-79	0.05513	0.24276	2.54	58237	14137	256435	606085	10.41
1995	80-84	0.08666	0.35723	2.54	44099	15754	181792	349650	7.93
1995	85-89	0.13134	0.48900	2.39	28346	13861	105537	167857	5.92
1995	90-94	0.20380	0.65401	2.26	14485	9473	46483	62321	4.30
1995	95-99	0.29663	0.79027	2.04	5011	3960	13351	15837	3.16
1995	100-104	0.41138	0.88871	1.8	1051	934	2271	2486	2.37
1995	105-109	0.53807	0.94510	1.57	117	111	205	215	1.84
1995	110+	0.64212	1.00000	1.56	6	6	10	10	1.56
1996	0	0.00753	0.00747	0.07	100000	747	99305	7480818	74.81
1996	1-4	0.00043	0.00171	1.9	99253	170	396654	7381513	74.37
1996	5-9	0.00024	0.00122	2.65	99083	121	495130	6984859	70.50
1996	10-14	0.00029	0.00145	2.92	98962	144	494511	6489730	65.58
1996	15-19	0.00090	0.00447	2.78	98818	442	493110	5995219	60.67
1996	20-24	0.00084	0.00419	2.26	98376	413	490752	5502109	55.93
1996	25-29	0.00131	0.00655	2.92	97964	642	488481	5011357	51.16
1996	30-34	0.00151	0.00752	2.57	97322	732	484826	4522876	46.47
1996	35-39	0.00172	0.00856	2.48	96589	827	480861	4038050	41.81
1996	40-44	0.00238	0.01183	2.64	95763	1133	476142	3557189	37.15
1996	45-49	0.00398	0.01971	2.64	94629	1865	468750	3081047	32.56
1996	50-54	0.00636	0.03133	2.74	92764	2907	457242	2612297	28.16
1996	55-59	0.00930	0.04548	2.63	89858	4086	439596	2155055	23.98
1996	60-64	0.01548	0.07461	2.58	85771	6399	413374	1715459	20.00
1996	65-69	0.02513	0.11853	2.62	79372	9408	374423	1302085	16.40
1996	70-74	0.03654	0.16781	2.57	69964	11741	321317	927661	13.26
1996	75-79	0.05409	0.23896	2.57	58223	13913	257244	606344	10.41
1996	80-84	0.08670	0.35659	2.51	44310	15801	182251	349100	7.88
1996	85-89	0.13492	0.50076	2.43	28509	14276	105813	166849	5.85
1996	90-94	0.20369	0.65423	2.27	14233	9312	45714	61036	4.29
1996	95-99	0.30159	0.79616	2.04	4921	3918	12992	15322	3.11
1996	100-104	0.41939	0.89380	1.79	1003	897	2138	2331	2.32
1996	105-109	0.54882	0.94845	1.55	107	101	184	193	1.81
1996	110+	0.65451	1.00000	1.53	5	5	8	8	1.53
1997	0	0.00986	0.00977	0.08	100000	977	99097	7473016	74.73
1997	1-4	0.00029	0.00117	1.9	99023	116	395848	7373919	74.47
1997	5-9	0.00028	0.00139	1.99	98907	137	494119	6978071	70.55
1997	10-14	0.00026	0.00132	2.86	98769	130	493567	6483952	65.65
1997	15-19	0.00068	0.00341	2.78	98639	337	492447	5990385	60.73
1997	20-24	0.00078	0.00387	2.44	98302	381	490534	5497938	55.93
1997	25-29	0.00114	0.00567	2.57	97921	555	488256	5007404	51.14
1997	30-34	0.00151	0.00750	2.47	97366	730	484988	4519148	46.41
1997	35-39	0.00182	0.00905	2.54	96636	874	481033	4034160	41.75
1997	40-44	0.00257	0.01276	2.69	95762	1222	475985	3553127	37.10
1997	45-49	0.00372	0.01843	2.62	94540	1742	468546	3077143	32.55
1997	50-54	0.00610	0.03010	2.72	92798	2793	457632	2608597	28.11
1997	55-59	0.00979	0.04787	2.71	90004	4309	440162	2150965	23.90
1997	60-64	0.01535	0.07407	2.64	85696	6347	413486	1710803	19.96
1997	65-69	0.02281	0.10823	2.65	79348	8588	376528	1297317	16.35
1997	70-74	0.03677	0.16861	2.54	70760	11931	324438	920789	13.01
1997	75-79	0.05654	0.24888	2.6	58830	14642	258974	596351	10.14
1997	80-84	0.09167	0.37326	2.51	44188	16494	179930	337377	7.64
1997	85-89	0.13903	0.51126	2.41	27694	14159	101839	157446	5.69
1997	90-94	0.21499	0.67388	2.23	13535	9121	42426	55607	4.11
1997	95-99	0.31644	0.81227	2	4414	3585	11331	13181	2.99
1997	100-104	0.43763	0.90417	1.76	829	749	1712	1851	2.23
1997	105-109	0.56852	0.95389	1.52	79	76	133	139	1.75
1997	110+	0.67409	1.00000	1.48	4	4	5	5	1.48
1998	0	0.00828	0.00821	0.07	100000	821	99238	7484226	74.84
1998	1-4	0.00032	0.00129	1.73	99179	128	396423	7384988	74.46
1998	5-9	0.00014	0.00072	1.98	99050	71	495038	6988565	70.56
1998	10-14	0.00025	0.00126	2.81	98979	125	494624	6493527	65.60
1998	15-19	0.00085	0.00423	2.79	98854	418	493346	5998903	60.68
1998	20-24	0.00098	0.00491	2.52	98436	483	490982	5505557	55.93
1998	25-29	0.00116	0.00580	2.51	97953	568	488350	5014575	51.19
1998	30-34	0.00137	0.00681	2.95	97384	664	485559	4526225	46.48
1998	35-39	0.00197	0.00981	2.51	96721	949	481243	4040666	41.78
1998	40-44	0.00282	0.01402	2.71	95772	1343	475781	3559423	37.17
1998	45-49	0.00370	0.01834	2.75	94429	1732	468241	3083642	32.66
1998	50-54	0.00585	0.02884	2.65	92697	2674	457191	2615401	28.21
1998	55-59	0.00946	0.04624	2.61	90023	4162	440187	2158210	23.97
1998	60-64	0.01536	0.07415	2.66	85861	6366	414428	1718023	20.01
1998	65-69	0.02408	0.11391	2.63	79495	9055	375994	1303594	16.40
1998	70-74	0.03613	0.16607	2.57	70440	11698	323781	927601	13.17
1998	75-79	0.05556	0.24510	2.6	58742	14398	259128	603820	10.28
1998	80-84	0.08862	0.36258	2.49	44344	16078	181427	344692	7.77
1998	85-89	0.13725	0.50485	2.38	28266	14270	103970	163266	5.78
1998	90-94	0.20735	0.66046	2.25	13996	9244	44581	59296	4.24
1998	95-99	0.30376	0.79830	2.03	4752	3794	12489	14715	3.10
1998	100-104	0.41971	0.89376	1.79	959	857	2041	2226	2.32
1998	105-109	0.54680	0.94772	1.55	102	97	177	185	1.81
1998	110+	0.65065	1.00000	1.54	5	5	8	8	1.54
1999	0	0.00767	0.00761	0.07	100000	761	99292	7496175	74.96
1999	1-4	0.00028	0.00112	1.78	99239	111	396708	7396883	74.54
1999	5-9	0.00018	0.00089	2.71	99128	88	495437	7000175	70.62
1999	10-14	0.00030	0.00148	2.76	99040	147	494868	6504738	65.68
1999	15-19	0.00085	0.00426	2.85	98893	421	493557	6009870	60.77
1999	20-24	0.00102	0.00506	2.43	98471	499	491074	5516313	56.02
1999	25-29	0.00111	0.00554	2.79	97973	543	488663	5025239	51.29
1999	30-34	0.00130	0.00647	2.64	97429	630	485661	4536576	46.56
1999	35-39	0.00193	0.00961	2.59	96800	930	481756	4050915	41.85
1999	40-44	0.00283	0.01404	2.66	95869	1346	476196	3569159	37.23
1999	45-49	0.00348	0.01726	2.7	94523	1632	468860	3092963	32.72
1999	50-54	0.00574	0.02830	2.64	92892	2629	458265	2624103	28.25
1999	55-59	0.00927	0.04538	2.7	90263	4096	441888	2165838	23.99
1999	60-64	0.01532	0.07394	2.65	86167	6371	415875	1723950	20.01
1999	65-69	0.02306	0.10931	2.63	79796	8723	378335	1308075	16.39
1999	70-74	0.03556	0.16410	2.65	71073	11663	327995	929740	13.08
1999	75-79	0.05541	0.24448	2.59	59410	14524	262116	601745	10.13
1999	80-84	0.09125	0.37298	2.55	44885	16741	183476	339629	7.57
1999	85-89	0.14340	0.52199	2.39	28144	14691	102445	156154	5.55
1999	90-94	0.22249	0.69055	2.25	13453	9290	41754	53708	3.99
1999	95-99	0.33047	0.82695	1.98	4163	3443	10417	11954	2.87
1999	100-104	0.45950	0.91572	1.72	720	660	1436	1537	2.13
1999	105-109	0.59644	0.96086	1.47	61	58	98	101	1.67
1999	110+	0.70476	1.00000	1.42	2	2	3	3	1.42
2000	0	0.00781	0.00775	0.07	100000	775	99280	7488545	74.89
2000	1-4	0.00033	0.00133	1.63	99225	132	396587	7389265	74.47
2000	5-9	0.00026	0.00132	2.24	99093	130	495105	6992678	70.57
2000	10-14	0.00033	0.00163	3.12	98963	161	494510	6497573	65.66
2000	15-19	0.00086	0.00432	3.03	98802	427	493170	6003063	60.76
2000	20-24	0.00119	0.00595	2.48	98375	586	490402	5509893	56.01
2000	25-29	0.00098	0.00488	2.63	97789	477	487815	5019491	51.33
2000	30-34	0.00127	0.00632	2.73	97312	615	485166	4531676	46.57
2000	35-39	0.00202	0.01008	2.68	96697	974	481221	4046510	41.85
2000	40-44	0.00281	0.01398	2.6	95723	1338	475402	3565289	37.25
2000	45-49	0.00373	0.01849	2.7	94385	1745	467914	3089888	32.74
2000	50-54	0.00598	0.02948	2.63	92640	2731	456721	2621974	28.30
2000	55-59	0.00955	0.04669	2.68	89909	4198	439797	2165253	24.08
2000	60-64	0.01494	0.07217	2.68	85711	6186	414177	1725456	20.13
2000	65-69	0.02296	0.10868	2.55	79525	8643	376463	1311279	16.49
2000	70-74	0.03448	0.15962	2.68	70883	11315	328138	934816	13.19
2000	75-79	0.05394	0.23929	2.64	59568	14254	264244	606678	10.18
2000	80-84	0.08884	0.36304	2.48	45314	16451	185166	342434	7.56
2000	85-89	0.14640	0.52963	2.39	28863	15287	104420	157267	5.45
2000	90-94	0.22892	0.69879	2.21	13576	9487	41443	52847	3.89
2000	95-99	0.34146	0.83758	1.96	4089	3425	10031	11405	2.79
2000	100-104	0.47487	0.92288	1.69	664	613	1291	1374	2.07
2000	105-109	0.61366	0.96455	1.45	51	49	81	83	1.62
2000	110+	0.72160	1.00000	1.39	2	2	3	3	1.39
2001	0	0.00723	0.00718	0.07	100000	718	99331	7510634	75.11
2001	1-4	0.00035	0.00139	1.61	99282	138	396800	7411303	74.65
2001	5-9	0.00017	0.00084	2.25	99145	83	495494	7014503	70.75
2001	10-14	0.00016	0.00082	2.92	99061	81	495138	6519009	65.81
2001	15-19	0.00073	0.00366	2.86	98980	362	494124	6023871	60.86
2001	20-24	0.00096	0.00477	2.58	98618	470	491952	5529747	56.07
2001	25-29	0.00132	0.00657	2.34	98148	645	489028	5037794	51.33
2001	30-34	0.00122	0.00608	2.42	97503	593	485986	4548767	46.65
2001	35-39	0.00222	0.01105	2.62	96910	1071	482000	4062781	41.92
2001	40-44	0.00306	0.01519	2.71	95839	1456	475870	3580781	37.36
2001	45-49	0.00411	0.02035	2.67	94384	1921	467446	3104912	32.90
2001	50-54	0.00598	0.02948	2.69	92463	2726	456017	2637466	28.52
2001	55-59	0.00906	0.04437	2.67	89738	3981	439414	2181449	24.31
2001	60-64	0.01450	0.07007	2.62	85756	6009	414500	1742035	20.31
2001	65-69	0.02167	0.10298	2.6	79747	8212	379050	1327535	16.65
2001	70-74	0.03429	0.15833	2.59	71535	11326	330326	948484	13.26
2001	75-79	0.05207	0.23110	2.57	60208	13914	267207	618158	10.27
2001	80-84	0.08840	0.36188	2.5	46294	16753	189513	350951	7.58
2001	85-89	0.14617	0.52788	2.37	29541	15594	106687	161438	5.46
2001	90-94	0.22550	0.69476	2.24	13947	9690	42970	54751	3.93
2001	95-99	0.34422	0.84043	1.96	4257	3578	10394	11781	2.77
2001	100-104	0.48146	0.92600	1.68	679	629	1307	1387	2.04
2001	105-109	0.62394	0.96671	1.43	50	49	78	80	1.59
2001	110+	0.73388	1.00000	1.36	2	2	2	2	1.36
2002	0	0.00908	0.00901	0.07	100000	901	99166	7482570	74.83
2002	1-4	0.00026	0.00103	1.36	99099	103	396126	7383405	74.51
2002	5-9	0.00021	0.00104	2.83	98997	103	494760	6987279	70.58
2002	10-14	0.00025	0.00126	2.78	98894	124	494194	6492518	65.65
2002	15-19	0.00100	0.00500	3.11	98770	494	492913	5998324	60.73
2002	20-24	0.00158	0.00785	2.41	98276	771	489380	5505411	56.02
2002	25-29	0.00110	0.00549	2.43	97504	536	486145	5016031	51.44
2002	30-34	0.00158	0.00787	2.63	96968	764	483032	4529886	46.72
2002	35-39	0.00202	0.01003	2.58	96205	965	478694	4046854	42.06
2002	40-44	0.00335	0.01664	2.64	95240	1585	472466	3568160	37.46
2002	45-49	0.00431	0.02135	2.62	93655	2000	463527	3095694	33.05
2002	50-54	0.00595	0.02934	2.59	91656	2689	451791	2632167	28.72
2002	55-59	0.00895	0.04387	2.69	88967	3903	435831	2180376	24.51
2002	60-64	0.01371	0.06640	2.65	85064	5649	412046	1744545	20.51
2002	65-69	0.02132	0.10147	2.62	79415	8058	377862	1332499	16.78
2002	70-74	0.03279	0.15216	2.64	71357	10858	331155	954637	13.38
2002	75-79	0.05196	0.23092	2.59	60499	13971	268893	623483	10.31
2002	80-84	0.08842	0.36290	2.53	46529	16885	190975	354590	7.62
2002	85-89	0.14501	0.52581	2.39	29644	15587	107491	163615	5.52
2002	90-94	0.22172	0.68596	2.22	14057	9642	43488	56124	3.99
2002	95-99	0.33172	0.82815	1.98	4414	3656	11021	12636	2.86
2002	100-104	0.46047	0.91607	1.71	759	695	1509	1615	2.13
2002	105-109	0.59591	0.96065	1.47	64	61	103	106	1.67
2002	110+	0.70263	1.00000	1.42	3	3	4	4	1.42
2003	0	0.00726	0.00721	0.07	100000	721	99328	7490464	74.90
2003	1-4	0.00027	0.00108	1.82	99279	107	396881	7391136	74.45
2003	5-9	0.00019	0.00096	2.71	99172	95	495641	6994255	70.53
2003	10-14	0.00027	0.00135	3	99077	133	495117	6498614	65.59
2003	15-19	0.00088	0.00439	2.83	98943	434	493773	6003497	60.68
2003	20-24	0.00134	0.00668	2.62	98509	658	490976	5509724	55.93
2003	25-29	0.00125	0.00622	2.78	97851	608	487902	5018748	51.29
2003	30-34	0.00158	0.00789	2.71	97242	767	484459	4530846	46.59
2003	35-39	0.00230	0.01145	2.75	96475	1105	479887	4046387	41.94
2003	40-44	0.00337	0.01673	2.61	95370	1595	473038	3566499	37.40
2003	45-49	0.00393	0.01946	2.55	93775	1825	464405	3093461	32.99
2003	50-54	0.00611	0.03011	2.73	91950	2769	453460	2629057	28.59
2003	55-59	0.00946	0.04629	2.71	89182	4128	436476	2175596	24.40
2003	60-64	0.01387	0.06718	2.67	85054	5714	411962	1739120	20.45
2003	65-69	0.02220	0.10545	2.63	79340	8367	376903	1327158	16.73
2003	70-74	0.03254	0.15080	2.58	70973	10703	328937	950256	13.39
2003	75-79	0.05170	0.23023	2.63	60271	13876	268410	621319	10.31
2003	80-84	0.08886	0.36307	2.48	46395	16845	189567	352909	7.61
2003	85-89	0.14278	0.52130	2.41	29550	15405	107894	163342	5.53
2003	90-94	0.22594	0.69450	2.23	14146	9824	43481	55448	3.92
2003	95-99	0.34399	0.84019	1.96	4322	3631	10555	11967	2.77
2003	100-104	0.48071	0.92563	1.68	691	639	1330	1412	2.04
2003	105-109	0.62238	0.96637	1.43	51	50	80	82	1.60
2003	110+	0.73171	1.00000	1.37	2	2	2	2	1.37
2004	0	0.00750	0.00744	0.07	100000	744	99307	7516224	75.16
2004	1-4	0.00032	0.00126	2.12	99256	125	396786	7416916	74.73
2004	5-9	0.00025	0.00126	2.33	99130	125	495318	7020130	70.82
2004	10-14	0.00027	0.00135	2.72	99005	133	494724	6524813	65.90
2004	15-19	0.00091	0.00455	3.01	98872	449	493467	6030089	60.99
2004	20-24	0.00127	0.00632	2.44	98423	622	490522	5536622	56.25
2004	25-29	0.00130	0.00645	2.44	97801	631	487388	5046100	51.60
2004	30-34	0.00158	0.00789	2.63	97170	767	484035	4558712	46.91
2004	35-39	0.00203	0.01010	2.77	96403	974	479843	4074677	42.27
2004	40-44	0.00326	0.01616	2.67	95429	1542	473550	3594834	37.67
2004	45-49	0.00426	0.02108	2.62	93887	1979	464719	3121283	33.25
2004	50-54	0.00572	0.02821	2.61	91907	2593	453332	2656564	28.90
2004	55-59	0.00890	0.04361	2.73	89314	3895	437739	2203232	24.67
2004	60-64	0.01433	0.06925	2.58	85420	5916	412790	1765493	20.67
2004	65-69	0.02109	0.10035	2.59	79504	7978	378274	1352703	17.01
2004	70-74	0.03124	0.14540	2.62	71526	10400	332881	974429	13.62
2004	75-79	0.05097	0.22687	2.58	61127	13868	272094	641548	10.50
2004	80-84	0.08463	0.34926	2.5	47259	16505	195036	369454	7.82
2004	85-89	0.13955	0.51347	2.43	30753	15791	113159	174418	5.67
2004	90-94	0.21416	0.67650	2.28	14962	10122	47263	61260	4.09
2004	95-99	0.32760	0.82456	1.99	4840	3991	12183	13996	2.89
2004	100-104	0.45891	0.91563	1.72	849	778	1694	1813	2.14
2004	105-109	0.59762	0.96119	1.47	72	69	115	119	1.66
2004	110+	0.70681	1.00000	1.41	3	3	4	4	1.41
2005	0	0.00804	0.00798	0.07	100000	798	99259	7524888	75.25
2005	1-4	0.00035	0.00140	1.77	99202	139	396498	7425629	74.85
2005	5-9	0.00016	0.00082	1.97	99063	81	495068	7029131	70.96
2005	10-14	0.00025	0.00126	3.14	98982	125	494676	6534063	66.01
2005	15-19	0.00084	0.00418	2.96	98856	413	493438	6039387	61.09
2005	20-24	0.00117	0.00583	2.6	98443	574	490839	5545949	56.34
2005	25-29	0.00140	0.00698	2.43	97869	683	487594	5055111	51.65
2005	30-34	0.00147	0.00734	2.41	97186	713	484082	4567516	47.00
2005	35-39	0.00204	0.01017	2.58	96473	981	479993	4083434	42.33
2005	40-44	0.00342	0.01695	2.55	95492	1618	473493	3603441	37.74
2005	45-49	0.00470	0.02323	2.48	93873	2180	463873	3129948	33.34
2005	50-54	0.00593	0.02925	2.66	91693	2682	452178	2666074	29.08
2005	55-59	0.00915	0.04474	2.57	89011	3983	435387	2213896	24.87
2005	60-64	0.01327	0.06433	2.61	85028	5470	412090	1778509	20.92
2005	65-69	0.01978	0.09442	2.59	79558	7512	379694	1366419	17.18
2005	70-74	0.03228	0.14985	2.61	72047	10796	334419	986725	13.70
2005	75-79	0.04847	0.21744	2.64	61251	13318	274766	652306	10.65
2005	80-84	0.08354	0.34582	2.51	47933	16576	198419	377539	7.88
2005	85-89	0.13613	0.50326	2.41	31356	15780	115924	179121	5.71
2005	90-94	0.21694	0.67908	2.25	15576	10577	48757	63197	4.06
2005	95-99	0.32803	0.82496	1.99	4999	4124	12571	14440	2.89
2005	100-104	0.45878	0.91545	1.72	875	801	1746	1869	2.14
2005	105-109	0.59603	0.96075	1.47	74	71	119	123	1.67
2005	110+	0.70390	1.00000	1.42	3	3	4	4	1.42
2006	0	0.00727	0.00722	0.07	100000	722	99327	7525720	75.26
2006	1-4	0.00033	0.00131	1.67	99278	130	396807	7426392	74.80
2006	5-9	0.00020	0.00101	2.32	99147	100	495468	7029585	70.90
2006	10-14	0.00006	0.00031	3.34	99047	31	495184	6534117	65.97
2006	15-19	0.00083	0.00414	2.88	99016	410	494213	6038933	60.99
2006	20-24	0.00134	0.00668	2.76	98607	659	491561	5544720	56.23
2006	25-29	0.00160	0.00799	2.5	97948	783	487782	5053159	51.59
2006	30-34	0.00193	0.00962	2.51	97165	935	483502	4565377	46.99
2006	35-39	0.00225	0.01120	2.65	96230	1078	478624	4081875	42.42
2006	40-44	0.00317	0.01571	2.71	95153	1495	472345	3603250	37.87
2006	45-49	0.00490	0.02423	2.63	93658	2269	462914	3130905	33.43
2006	50-54	0.00636	0.03130	2.55	91388	2860	449923	2667991	29.19
2006	55-59	0.00873	0.04280	2.7	88528	3789	433914	2218068	25.06
2006	60-64	0.01316	0.06386	2.67	84738	5411	411073	1784154	21.05
2006	65-69	0.02030	0.09682	2.63	79327	7680	378412	1373081	17.31
2006	70-74	0.03212	0.14927	2.63	71647	10695	332909	994669	13.88
2006	75-79	0.04825	0.21658	2.64	60952	13201	273623	661760	10.86
2006	80-84	0.07964	0.33317	2.55	47751	15909	199754	388137	8.13
2006	85-89	0.12760	0.48574	2.54	31842	15467	121211	188383	5.92
2006	90-94	0.21376	0.67401	2.26	16375	11037	51633	67172	4.10
2006	95-99	0.32439	0.82235	2	5338	4390	13532	15539	2.91
2006	100-104	0.46298	0.91825	1.71	948	871	1881	2007	2.12
2006	105-109	0.60962	0.96409	1.45	78	75	123	126	1.63
2006	110+	0.72392	1.00000	1.38	3	3	4	4	1.38
2007	0	0.00749	0.00744	0.07	100000	744	99308	7509916	75.10
2007	1-4	0.00038	0.00151	1.59	99256	150	396665	7410608	74.66
2007	5-9	0.00021	0.00105	2.1	99107	104	495233	7013943	70.77
2007	10-14	0.00016	0.00082	2.36	99003	81	494800	6518710	65.84
2007	15-19	0.00067	0.00335	3.21	98922	331	494015	6023910	60.90
2007	20-24	0.00134	0.00666	2.69	98591	657	491439	5529895	56.09
2007	25-29	0.00186	0.00923	2.53	97934	904	487434	5038456	51.45
2007	30-34	0.00195	0.00969	2.6	97030	940	482892	4551022	46.90
2007	35-39	0.00223	0.01107	2.61	96090	1064	477901	4068129	42.34
2007	40-44	0.00339	0.01682	2.68	95026	1598	471419	3590229	37.78
2007	45-49	0.00497	0.02457	2.62	93428	2296	461677	3118809	33.38
2007	50-54	0.00661	0.03255	2.6	91132	2967	448541	2657132	29.16
2007	55-59	0.00885	0.04334	2.62	88166	3821	431727	2208591	25.05
2007	60-64	0.01389	0.06725	2.64	84345	5672	408344	1776864	21.07
2007	65-69	0.01985	0.09473	2.6	78673	7452	375507	1368520	17.40
2007	70-74	0.03069	0.14294	2.61	71220	10180	331759	993013	13.94
2007	75-79	0.04705	0.21085	2.54	61040	12870	273523	661255	10.83
2007	80-84	0.08106	0.33778	2.53	48170	16271	200741	387732	8.05
2007	85-89	0.12975	0.48482	2.39	31899	15465	119189	186991	5.86
2007	90-94	0.21206	0.67109	2.27	16434	11028	52006	67802	4.13
2007	95-99	0.32316	0.82082	2	5405	4437	13729	15795	2.92
2007	100-104	0.45921	0.91631	1.72	969	887	1933	2066	2.13
2007	105-109	0.60391	0.96284	1.46	81	78	129	133	1.65
2007	110+	0.71743	1.00000	1.39	3	3	4	4	1.39
2008	0	0.00754	0.00748	0.07	100000	748	99304	7522564	75.23
2008	1-4	0.00045	0.00178	1.67	99252	177	396594	7423260	74.79
2008	5-9	0.00012	0.00062	2.06	99075	61	495194	7026665	70.92
2008	10-14	0.00018	0.00091	2.24	99014	90	494819	6531471	65.97
2008	15-19	0.00065	0.00323	3.23	98923	319	494052	6036652	61.02
2008	20-24	0.00122	0.00606	2.73	98604	598	491665	5542600	56.21
2008	25-29	0.00159	0.00793	2.62	98006	777	488183	5050935	51.54
2008	30-34	0.00165	0.00823	2.57	97229	801	484202	4562752	46.93
2008	35-39	0.00238	0.01182	2.52	96429	1139	479314	4078551	42.30
2008	40-44	0.00324	0.01609	2.62	95289	1533	472801	3599236	37.77
2008	45-49	0.00469	0.02317	2.66	93756	2173	463695	3126435	33.35
2008	50-54	0.00626	0.03082	2.56	91584	2822	451029	2662740	29.07
2008	55-59	0.00907	0.04438	2.62	88761	3940	434426	2211711	24.92
2008	60-64	0.01388	0.06721	2.64	84822	5701	410676	1777285	20.95
2008	65-69	0.02028	0.09666	2.59	79121	7648	377189	1366609	17.27
2008	70-74	0.03008	0.14058	2.68	71473	10048	334055	989420	13.84
2008	75-79	0.04858	0.21712	2.55	61425	13337	274517	655365	10.67
2008	80-84	0.08172	0.34065	2.56	48088	16381	200459	380848	7.92
2008	85-89	0.13488	0.50093	2.43	31707	15883	117759	180389	5.69
2008	90-94	0.22251	0.69212	2.27	15824	10952	49221	62630	3.96
2008	95-99	0.34577	0.84281	1.96	4872	4106	11875	13408	2.75
2008	100-104	0.49124	0.93057	1.66	766	713	1451	1533	2.00
2008	105-109	0.64045	0.96992	1.41	53	52	81	83	1.55
2008	110+	0.75334	1.00000	1.33	2	2	2	2	1.33
2009	0	0.00778	0.00772	0.07	100000	772	99282	7523976	75.24
2009	1-4	0.00035	0.00139	1.89	99228	138	396620	7424695	74.82
2009	5-9	0.00011	0.00057	2.34	99090	56	495300	7028075	70.93
2009	10-14	0.00023	0.00115	2.93	99034	114	494933	6532775	65.97
2009	15-19	0.00063	0.00316	3.27	98920	313	494060	6037842	61.04
2009	20-24	0.00113	0.00565	2.44	98608	557	491613	5543782	56.22
2009	25-29	0.00158	0.00789	2.53	98050	774	488341	5052168	51.53
2009	30-34	0.00198	0.00985	2.57	97276	959	484048	4563827	46.92
2009	35-39	0.00235	0.01167	2.52	96318	1124	478806	4079779	42.36
2009	40-44	0.00329	0.01635	2.69	95194	1556	472376	3600973	37.83
2009	45-49	0.00489	0.02414	2.57	93637	2261	462691	3128597	33.41
2009	50-54	0.00683	0.03358	2.5	91377	3068	449228	2665906	29.17
2009	55-59	0.00924	0.04520	2.62	88309	3992	432040	2216678	25.10
2009	60-64	0.01328	0.06440	2.64	84317	5430	408786	1784639	21.17
2009	65-69	0.02063	0.09828	2.61	78887	7753	375876	1375853	17.44
2009	70-74	0.03034	0.14161	2.65	71134	10073	331968	999977	14.06
2009	75-79	0.04663	0.20992	2.63	61061	12818	274897	668009	10.94
2009	80-84	0.07610	0.32061	2.55	48243	15467	203251	393112	8.15
2009	85-89	0.13189	0.49268	2.43	32776	16148	122431	189861	5.79
2009	90-94	0.21642	0.67757	2.24	16628	11267	52059	67429	4.06
2009	95-99	0.33006	0.82811	1.99	5361	4440	13452	15371	2.87
2009	100-104	0.47115	0.92203	1.7	922	850	1803	1919	2.08
2009	105-109	0.61864	0.96590	1.44	72	69	112	116	1.61
2009	110+	0.73241	1.00000	1.37	2	2	3	3	1.37
2010	0	0.00726	0.00721	0.07	100000	721	99329	7550707	75.51
2010	1-4	0.00042	0.00167	1.67	99279	166	396729	7451379	75.05
2010	5-9	0.00015	0.00075	2.87	99113	75	495406	7054649	71.18
2010	10-14	0.00016	0.00082	2.88	99038	82	495019	6559243	66.23
2010	15-19	0.00057	0.00283	3.17	98957	280	494271	6064224	61.28
2010	20-24	0.00117	0.00583	2.68	98677	576	492047	5569954	56.45
2010	25-29	0.00131	0.00654	2.53	98101	642	488919	5077907	51.76
2010	30-34	0.00202	0.01006	2.55	97459	981	484889	4588988	47.09
2010	35-39	0.00259	0.01287	2.75	96479	1242	479598	4104098	42.54
2010	40-44	0.00294	0.01461	2.68	95237	1391	472953	3624500	38.06
2010	45-49	0.00486	0.02403	2.6	93846	2255	463822	3151548	33.58
2010	50-54	0.00650	0.03203	2.66	91590	2934	451080	2687726	29.35
2010	55-59	0.00906	0.04436	2.64	88656	3933	434017	2236646	25.23
2010	60-64	0.01321	0.06403	2.63	84723	5425	410778	1802629	21.28
2010	65-69	0.02063	0.09831	2.62	79299	7796	377928	1391851	17.55
2010	70-74	0.02901	0.13556	2.59	71503	9693	334144	1013923	14.18
2010	75-79	0.04681	0.20991	2.55	61810	12975	277205	679778	11.00
2010	80-84	0.07622	0.32040	2.51	48836	15647	205289	402573	8.24
2010	85-89	0.12569	0.47500	2.43	33189	15764	125426	197285	5.94
2010	90-94	0.21304	0.66995	2.23	17424	11673	54794	71859	4.12
2010	95-99	0.31763	0.81509	2.01	5751	4687	14757	17065	2.97
2010	100-104	0.45098	0.91206	1.74	1063	970	2151	2307	2.17
2010	105-109	0.59232	0.96013	1.48	94	90	152	157	1.68
2010	110+	0.70353	1.00000	1.42	4	4	5	5	1.42
2011	0	0.00687	0.00683	0.07	100000	683	99363	7518054	75.18
2011	1-4	0.00024	0.00097	1.29	99317	96	397007	7418691	74.70
2011	5-9	0.00013	0.00066	2.78	99221	65	495958	7021685	70.77
2011	10-14	0.00020	0.00101	2.5	99155	100	495526	6525726	65.81
2011	15-19	0.00059	0.00294	3.07	99055	291	494714	6030201	60.88
2011	20-24	0.00125	0.00623	2.54	98764	616	492306	5535487	56.05
2011	25-29	0.00163	0.00812	2.4	98149	797	488671	5043181	51.38
2011	30-34	0.00225	0.01117	2.58	97352	1088	484121	4554509	46.78
2011	35-39	0.00277	0.01375	2.57	96264	1324	478103	4070388	42.28
2011	40-44	0.00357	0.01771	2.58	94940	1682	470633	3592286	37.84
2011	45-49	0.00514	0.02541	2.71	93258	2369	460858	3121653	33.47
2011	50-54	0.00714	0.03508	2.61	90889	3188	446811	2660796	29.28
2011	55-59	0.00936	0.04576	2.6	87701	4013	428889	2213985	25.24
2011	60-64	0.01272	0.06173	2.61	83688	5166	406089	1785096	21.33
2011	65-69	0.01893	0.09053	2.59	78521	7108	375444	1379007	17.56
2011	70-74	0.03011	0.14049	2.62	71413	10033	333179	1003563	14.05
2011	75-79	0.04805	0.21513	2.57	61380	13205	274839	670384	10.92
2011	80-84	0.07587	0.32031	2.57	48176	15431	203385	395545	8.21
2011	85-89	0.12868	0.48226	2.4	32744	15791	122723	192160	5.87
2011	90-94	0.21376	0.67202	2.24	16953	11393	53296	69436	4.10
2011	95-99	0.32555	0.82347	2	5560	4579	14065	16140	2.90
2011	100-104	0.46358	0.91838	1.71	982	901	1944	2075	2.11
2011	105-109	0.60825	0.96370	1.46	80	77	127	131	1.63
2011	110+	0.72066	1.00000	1.39	3	3	4	4	1.39
2012	0	0.00735	0.00730	0.07	100000	730	99320	7527843	75.28
2012	1-4	0.00047	0.00189	1.82	99270	188	396673	7428523	74.83
2012	5-9	0.00015	0.00076	2.69	99083	75	495240	7031850	70.97
2012	10-14	0.00019	0.00097	2.68	99008	96	494817	6536610	66.02
2012	15-19	0.00050	0.00249	2.57	98912	246	493963	6041792	61.08
2012	20-24	0.00105	0.00521	2.68	98666	514	492138	5547830	56.23
2012	25-29	0.00171	0.00853	2.39	98151	837	488573	5055692	51.51
2012	30-34	0.00229	0.01141	2.51	97314	1110	483806	4567119	46.93
2012	35-39	0.00258	0.01280	2.38	96204	1232	477794	4083313	42.44
2012	40-44	0.00337	0.01669	2.63	94972	1585	471109	3605520	37.96
2012	45-49	0.00489	0.02421	2.74	93387	2261	461825	3134411	33.56
2012	50-54	0.00710	0.03488	2.57	91126	3179	447919	2672586	29.33
2012	55-59	0.00989	0.04832	2.58	87948	4249	429450	2224667	25.30
2012	60-64	0.01273	0.06177	2.6	83698	5170	406104	1795217	21.45
2012	65-69	0.01942	0.09278	2.61	78528	7286	375241	1389113	17.69
2012	70-74	0.02912	0.13628	2.65	71242	9709	333391	1013872	14.23
2012	75-79	0.04538	0.20509	2.66	61534	12620	278081	680481	11.06
2012	80-84	0.07718	0.32481	2.56	48914	15888	205860	402400	8.23
2012	85-89	0.12698	0.47844	2.42	33026	15801	124441	196540	5.95
2012	90-94	0.20822	0.66360	2.27	17225	11431	54897	72099	4.19
2012	95-99	0.31721	0.81495	2.02	5794	4722	14887	17201	2.97
2012	100-104	0.45335	0.91356	1.73	1072	980	2161	2315	2.16
2012	105-109	0.59856	0.96171	1.47	93	89	149	154	1.66
2012	110+	0.71269	1.00000	1.4	4	4	5	5	1.40
2013	0	0.00766	0.00761	0.07	100000	761	99292	7542991	75.43
2013	1-4	0.00036	0.00146	1.53	99239	145	396600	7443699	75.01
2013	5-9	0.00021	0.00104	2.05	99095	103	495169	7047099	71.11
2013	10-14	0.00025	0.00125	3	98992	123	494711	6551930	66.19
2013	15-19	0.00054	0.00270	2.74	98868	267	493738	6057219	61.27
2013	20-24	0.00093	0.00464	2.68	98602	457	491946	5563480	56.42
2013	25-29	0.00160	0.00798	2.52	98145	783	488782	5071535	51.67
2013	30-34	0.00225	0.01122	2.67	97361	1092	484266	4582752	47.07
2013	35-39	0.00234	0.01164	2.62	96269	1121	478674	4098486	42.57
2013	40-44	0.00337	0.01671	2.55	95148	1589	471854	3619812	38.04
2013	45-49	0.00475	0.02349	2.75	93559	2198	462857	3147959	33.65
2013	50-54	0.00748	0.03676	2.59	91361	3358	448723	2685101	29.39
2013	55-59	0.00962	0.04699	2.56	88003	4136	429931	2236378	25.41
2013	60-64	0.01301	0.06303	2.54	83867	5287	406317	1806448	21.54
2013	65-69	0.01956	0.09351	2.67	78581	7348	375753	1400131	17.82
2013	70-74	0.03012	0.14041	2.59	71233	10002	332059	1024378	14.38
2013	75-79	0.04443	0.20077	2.6	61231	12293	276708	692319	11.31
2013	80-84	0.07147	0.30424	2.56	48938	14889	208322	415611	8.49
2013	85-89	0.12230	0.46669	2.46	34049	15890	129926	207289	6.09
2013	90-94	0.20210	0.65381	2.3	18159	11872	58744	77363	4.26
2013	95-99	0.31756	0.81605	2.02	6286	5130	16154	18619	2.96
2013	100-104	0.45943	0.91695	1.72	1156	1060	2308	2465	2.13
2013	105-109	0.60976	0.96428	1.45	96	93	152	157	1.63
2013	110+	0.72652	1.00000	1.38	3	3	5	5	1.38
2014	0	0.00702	0.00697	0.07	100000	697	99350	7533994	75.34
2014	1-4	0.00035	0.00141	1.57	99303	140	396871	7434644	74.87
2014	5-9	0.00021	0.00105	2.49	99163	104	495553	7037773	70.97
2014	10-14	0.00017	0.00083	2.98	99059	83	495128	6542220	66.04
2014	15-19	0.00069	0.00345	2.58	98976	341	494058	6047092	61.10
2014	20-24	0.00107	0.00534	2.72	98635	527	491974	5553034	56.30
2014	25-29	0.00152	0.00756	2.63	98108	742	488781	5061060	51.59
2014	30-34	0.00203	0.01012	2.62	97366	986	484483	4572279	46.96
2014	35-39	0.00280	0.01390	2.56	96381	1340	478634	4087796	42.41
2014	40-44	0.00337	0.01672	2.67	95041	1589	471504	3609162	37.97
2014	45-49	0.00503	0.02485	2.66	93452	2322	461837	3137659	33.58
2014	50-54	0.00721	0.03544	2.59	91130	3230	447853	2675821	29.36
2014	55-59	0.01019	0.04976	2.63	87900	4374	429127	2227968	25.35
2014	60-64	0.01335	0.06466	2.58	83526	5401	404537	1798841	21.54
2014	65-69	0.01934	0.09235	2.57	78125	7215	373099	1394303	17.85
2014	70-74	0.02960	0.13811	2.58	70910	9793	330894	1021204	14.40
2014	75-79	0.04504	0.20287	2.56	61117	12398	275298	690310	11.29
2014	80-84	0.07089	0.30272	2.59	48718	14748	208032	415013	8.52
2014	85-89	0.12170	0.46615	2.49	33970	15835	130112	206981	6.09
2014	90-94	0.20544	0.65831	2.27	18135	11938	58111	76869	4.24
2014	95-99	0.30991	0.80754	2.04	6197	5004	16147	18758	3.03
2014	100-104	0.44640	0.91021	1.75	1193	1086	2432	2611	2.19
2014	105-109	0.59241	0.96040	1.48	107	103	174	180	1.68
2014	110+	0.70746	1.00000	1.41	4	4	6	6	1.41
2015	0	0.00714	0.00709	0.07	100000	709	99339	7517261	75.17
2015	1-4	0.00023	0.00093	1.44	99291	92	396928	7417922	74.71
2015	5-9	0.00008	0.00039	1.86	99199	38	495873	7020994	70.78
2015	10-14	0.00024	0.00122	2.64	99160	121	495517	6525120	65.80
2015	15-19	0.00058	0.00289	2.81	99039	286	494570	6029604	60.88
2015	20-24	0.00118	0.00587	2.54	98753	580	492338	5535033	56.05
2015	25-29	0.00160	0.00795	2.35	98174	780	488803	5042695	51.37
2015	30-34	0.00222	0.01106	2.59	97394	1077	484367	4553891	46.76
2015	35-39	0.00269	0.01337	2.51	96316	1288	478377	4069525	42.25
2015	40-44	0.00357	0.01771	2.61	95028	1683	471125	3591148	37.79
2015	45-49	0.00495	0.02447	2.6	93345	2284	461238	3120023	33.42
2015	50-54	0.00764	0.03752	2.67	91061	3417	447354	2658785	29.20
2015	55-59	0.01033	0.05039	2.62	87644	4417	427711	2211431	25.23
2015	60-64	0.01445	0.06973	2.53	83228	5804	401776	1783720	21.43
2015	65-69	0.01951	0.09318	2.6	77424	7215	369823	1381944	17.85
2015	70-74	0.02887	0.13495	2.59	70209	9475	328178	1012121	14.42
2015	75-79	0.04490	0.20261	2.59	60735	12305	274074	683943	11.26
2015	80-84	0.07181	0.30523	2.55	48429	14782	205857	409869	8.46
2015	85-89	0.12442	0.47159	2.44	33647	15868	127536	204012	6.06
2015	90-94	0.20003	0.64749	2.28	17779	11512	57551	76477	4.30
2015	95-99	0.31084	0.80847	2.03	6267	5067	16301	18925	3.02
2015	100-104	0.44712	0.91056	1.75	1200	1093	2445	2624	2.19
2015	105-109	0.59308	0.96055	1.48	107	103	174	180	1.68
2015	110+	0.70811	1.00000	1.41	4	4	6	6	1.41
2016	0	0.00723	0.00718	0.07	100000	718	99331	7487127	74.87
2016	1-4	0.00041	0.00164	1.43	99282	163	396709	7387796	74.41
2016	5-9	0.00018	0.00092	2.43	99119	91	495362	6991087	70.53
2016	10-14	0.00011	0.00057	2.82	99028	56	495017	6495725	65.59
2016	15-19	0.00060	0.00301	3.03	98972	298	494272	6000709	60.63
2016	20-24	0.00129	0.00641	2.73	98674	632	491931	5506436	55.80
2016	25-29	0.00180	0.00895	2.87	98041	878	488338	5014506	51.15
2016	30-34	0.00268	0.01329	2.51	97164	1292	482597	4526167	46.58
2016	35-39	0.00337	0.01670	2.43	95872	1602	475243	4043571	42.18
2016	40-44	0.00390	0.01930	2.53	94271	1819	466867	3568327	37.85
2016	45-49	0.00530	0.02615	2.63	92451	2417	456517	3101460	33.55
2016	50-54	0.00770	0.03783	2.69	90034	3406	442289	2644943	29.38
2016	55-59	0.01086	0.05292	2.6	86628	4584	422130	2202654	25.43
2016	60-64	0.01408	0.06805	2.55	82044	5583	396558	1780524	21.70
2016	65-69	0.01910	0.09125	2.57	76461	6977	365361	1383966	18.10
2016	70-74	0.02855	0.13387	2.67	69483	9301	325751	1018605	14.66
2016	75-79	0.04325	0.19599	2.61	60182	11795	272697	692855	11.51
2016	80-84	0.06934	0.29558	2.51	48387	14302	206273	420157	8.68
2016	85-89	0.11772	0.45325	2.46	34085	15449	131233	213884	6.28
2016	90-94	0.19260	0.63561	2.33	18636	11845	61500	82651	4.44
2016	95-99	0.29953	0.79622	2.06	6791	5407	18051	21151	3.11
2016	100-104	0.43538	0.90466	1.77	1384	1252	2875	3100	2.24
2016	105-109	0.58344	0.95848	1.5	132	126	217	225	1.70
2016	110+	0.70129	1.00000	1.43	5	5	8	8	1.43
2017	0	0.00708	0.00704	0.07	100000	704	99344	7464691	74.65
2017	1-4	0.00029	0.00116	1.73	99296	116	396924	7365347	74.18
2017	5-9	0.00017	0.00083	1.72	99181	82	495634	6968423	70.26
2017	10-14	0.00012	0.00062	2.96	99098	61	495366	6472789	65.32
2017	15-19	0.00054	0.00271	2.86	99037	269	494608	5977423	60.36
2017	20-24	0.00128	0.00639	2.66	98768	631	492366	5482815	55.51
2017	25-29	0.00195	0.00972	2.58	98137	954	488371	4990449	50.85
2017	30-34	0.00307	0.01525	2.68	97183	1482	482470	4502078	46.33
2017	35-39	0.00356	0.01766	2.59	95701	1690	474422	4019608	42.00
2017	40-44	0.00407	0.02013	2.54	94011	1892	465408	3545185	37.71
2017	45-49	0.00530	0.02615	2.62	92118	2409	454853	3079777	33.43
2017	50-54	0.00748	0.03678	2.72	89709	3300	441034	2624924	29.26
2017	55-59	0.01103	0.05374	2.62	86410	4643	420978	2183891	25.27
2017	60-64	0.01484	0.07162	2.59	81766	5856	394721	1762913	21.56
2017	65-69	0.01959	0.09354	2.59	75910	7101	362455	1368192	18.02
2017	70-74	0.02910	0.13602	2.61	68809	9359	321681	1005738	14.62
2017	75-79	0.04539	0.20477	2.61	59450	12173	268187	684057	11.51
2017	80-84	0.06820	0.29229	2.56	47277	13818	202601	415870	8.80
2017	85-89	0.11507	0.44739	2.51	33458	14969	130081	213269	6.37
2017	90-94	0.18824	0.62476	2.31	18489	11551	61366	83188	4.50
2017	95-99	0.29617	0.79232	2.07	6938	5497	18561	21821	3.15
2017	100-104	0.43071	0.90202	1.78	1441	1300	3018	3260	2.26
2017	105-109	0.57753	0.95701	1.51	141	135	234	243	1.72
2017	110+	0.69475	1.00000	1.44	6	6	9	9	1.44
