WV: West Virginia, Lifetables (period 1x10), Males Last modified: 3 Dec 2019, MPv5 (May07) 

Year     	Age	mx	qx	ax	lx	dx	Lx	Tx	ex
1960-1969	0	0.02920	0.02847	0.12	100000	2847	97504	6589048	65.89
1960-1969	1	0.00149	0.00149	0.5	97153	145	97080	6491544	66.82
1960-1969	2	0.00110	0.00110	0.5	97008	106	96955	6394464	65.92
1960-1969	3	0.00083	0.00083	0.5	96901	81	96861	6297509	64.99
1960-1969	4	0.00080	0.00080	0.5	96821	77	96782	6200648	64.04
1960-1969	5	0.00067	0.00067	0.5	96744	65	96711	6103866	63.09
1960-1969	6	0.00055	0.00055	0.5	96679	53	96653	6007154	62.13
1960-1969	7	0.00054	0.00054	0.5	96626	52	96600	5910501	61.17
1960-1969	8	0.00054	0.00054	0.5	96575	52	96548	5813901	60.20
1960-1969	9	0.00040	0.00040	0.5	96522	39	96503	5717353	59.23
1960-1969	10	0.00049	0.00049	0.5	96484	47	96460	5620850	58.26
1960-1969	11	0.00054	0.00054	0.5	96436	52	96410	5524390	57.29
1960-1969	12	0.00060	0.00060	0.5	96384	58	96355	5427979	56.32
1960-1969	13	0.00060	0.00060	0.5	96326	57	96298	5331624	55.35
1960-1969	14	0.00080	0.00080	0.5	96269	77	96230	5235326	54.38
1960-1969	15	0.00100	0.00100	0.5	96192	96	96144	5139096	53.43
1960-1969	16	0.00130	0.00130	0.5	96096	124	96033	5042952	52.48
1960-1969	17	0.00157	0.00157	0.5	95971	151	95896	4946919	51.55
1960-1969	18	0.00181	0.00181	0.5	95820	173	95734	4851023	50.63
1960-1969	19	0.00214	0.00214	0.5	95647	205	95545	4755289	49.72
1960-1969	20	0.00216	0.00216	0.5	95442	206	95339	4659745	48.82
1960-1969	21	0.00228	0.00227	0.5	95236	217	95128	4564406	47.93
1960-1969	22	0.00227	0.00226	0.5	95019	215	94912	4469278	47.04
1960-1969	23	0.00219	0.00219	0.5	94804	207	94701	4374366	46.14
1960-1969	24	0.00199	0.00199	0.5	94597	188	94503	4279665	45.24
1960-1969	25	0.00185	0.00185	0.5	94409	175	94322	4185162	44.33
1960-1969	26	0.00242	0.00242	0.5	94234	228	94120	4090841	43.41
1960-1969	27	0.00210	0.00209	0.5	94006	197	93908	3996720	42.52
1960-1969	28	0.00222	0.00222	0.5	93810	208	93706	3902812	41.60
1960-1969	29	0.00198	0.00198	0.5	93602	185	93509	3809107	40.69
1960-1969	30	0.00233	0.00233	0.5	93417	218	93308	3715598	39.77
1960-1969	31	0.00242	0.00241	0.5	93199	225	93086	3622290	38.87
1960-1969	32	0.00249	0.00249	0.5	92974	231	92858	3529203	37.96
1960-1969	33	0.00242	0.00241	0.5	92743	224	92631	3436345	37.05
1960-1969	34	0.00269	0.00269	0.5	92519	249	92394	3343714	36.14
1960-1969	35	0.00292	0.00292	0.5	92270	269	92135	3251320	35.24
1960-1969	36	0.00305	0.00305	0.5	92001	281	91860	3159184	34.34
1960-1969	37	0.00396	0.00396	0.5	91720	363	91539	3067324	33.44
1960-1969	38	0.00368	0.00367	0.5	91357	335	91190	2975785	32.57
1960-1969	39	0.00425	0.00425	0.5	91022	386	90829	2884596	31.69
1960-1969	40	0.00416	0.00415	0.5	90635	377	90447	2793767	30.82
1960-1969	41	0.00467	0.00466	0.5	90259	421	90048	2703320	29.95
1960-1969	42	0.00521	0.00520	0.5	89838	467	89604	2613272	29.09
1960-1969	43	0.00594	0.00592	0.5	89371	529	89106	2523667	28.24
1960-1969	44	0.00686	0.00683	0.5	88842	607	88538	2434561	27.40
1960-1969	45	0.00733	0.00730	0.5	88235	645	87912	2346023	26.59
1960-1969	46	0.00787	0.00783	0.5	87590	686	87247	2258111	25.78
1960-1969	47	0.00867	0.00864	0.5	86904	751	86529	2170864	24.98
1960-1969	48	0.00945	0.00940	0.5	86153	810	85748	2084335	24.19
1960-1969	49	0.01008	0.01003	0.5	85343	856	84915	1998587	23.42
1960-1969	50	0.01082	0.01076	0.5	84487	909	84032	1913672	22.65
1960-1969	51	0.01178	0.01171	0.5	83578	979	83089	1829639	21.89
1960-1969	52	0.01232	0.01224	0.5	82599	1011	82094	1746551	21.14
1960-1969	53	0.01525	0.01514	0.5	81588	1235	80971	1664457	20.40
1960-1969	54	0.01558	0.01546	0.5	80353	1242	79732	1583486	19.71
1960-1969	55	0.01722	0.01707	0.5	79111	1351	78436	1503754	19.01
1960-1969	56	0.01880	0.01863	0.5	77760	1449	77036	1425318	18.33
1960-1969	57	0.02007	0.01987	0.5	76312	1517	75554	1348282	17.67
1960-1969	58	0.02149	0.02127	0.5	74795	1591	74000	1272728	17.02
1960-1969	59	0.02367	0.02339	0.5	73205	1712	72349	1198728	16.37
1960-1969	60	0.02355	0.02328	0.5	71492	1664	70660	1126380	15.76
1960-1969	61	0.02715	0.02679	0.5	69828	1871	68893	1055719	15.12
1960-1969	62	0.03022	0.02977	0.5	67958	2023	66946	986826	14.52
1960-1969	63	0.03162	0.03112	0.5	65935	2052	64909	919880	13.95
1960-1969	64	0.03498	0.03438	0.5	63883	2196	62784	854972	13.38
1960-1969	65	0.03636	0.03571	0.5	61686	2203	60585	792187	12.84
1960-1969	66	0.04000	0.03921	0.5	59483	2332	58317	731603	12.30
1960-1969	67	0.04302	0.04212	0.5	57151	2407	55947	673285	11.78
1960-1969	68	0.04508	0.04408	0.5	54744	2413	53537	617338	11.28
1960-1969	69	0.04713	0.04605	0.5	52330	2410	51126	563801	10.77
1960-1969	70	0.05170	0.05039	0.5	49921	2516	48663	512675	10.27
1960-1969	71	0.05489	0.05342	0.5	47405	2533	46139	464013	9.79
1960-1969	72	0.05971	0.05797	0.5	44872	2601	43572	417874	9.31
1960-1969	73	0.06616	0.06404	0.5	42271	2707	40917	374302	8.85
1960-1969	74	0.07020	0.06782	0.5	39564	2683	38222	333385	8.43
1960-1969	75	0.07632	0.07352	0.5	36881	2711	35525	295162	8.00
1960-1969	76	0.08155	0.07835	0.5	34169	2677	32831	259637	7.60
1960-1969	77	0.08452	0.08109	0.5	31492	2554	30215	226806	7.20
1960-1969	78	0.09229	0.08822	0.5	28939	2553	27662	196591	6.79
1960-1969	79	0.10368	0.09857	0.5	26386	2601	25085	168929	6.40
1960-1969	80	0.11201	0.10607	0.5	23785	2523	22523	143844	6.05
1960-1969	81	0.11940	0.11267	0.5	21262	2396	20064	121321	5.71
1960-1969	82	0.13164	0.12351	0.5	18866	2330	17701	101257	5.37
1960-1969	83	0.13851	0.12954	0.5	16536	2142	15465	83556	5.05
1960-1969	84	0.16191	0.14978	0.5	14394	2156	13316	68091	4.73
1960-1969	85	0.16886	0.15571	0.5	12238	1906	11285	54775	4.48
1960-1969	86	0.18425	0.16870	0.5	10332	1743	9461	43490	4.21
1960-1969	87	0.20911	0.18932	0.5	8589	1626	7776	34029	3.96
1960-1969	88	0.21435	0.19360	0.5	6963	1348	6289	26253	3.77
1960-1969	89	0.23174	0.20768	0.5	5615	1166	5032	19963	3.56
1960-1969	90	0.24950	0.22183	0.5	4449	987	3956	14931	3.36
1960-1969	91	0.26815	0.23645	0.5	3462	819	3053	10976	3.17
1960-1969	92	0.28766	0.25149	0.5	2643	665	2311	7923	3.00
1960-1969	93	0.30798	0.26689	0.5	1979	528	1715	5612	2.84
1960-1969	94	0.32909	0.28259	0.5	1451	410	1246	3897	2.69
1960-1969	95	0.35090	0.29852	0.5	1041	311	885	2652	2.55
1960-1969	96	0.37335	0.31462	0.5	730	230	615	1766	2.42
1960-1969	97	0.39637	0.33081	0.5	500	166	418	1151	2.30
1960-1969	98	0.41985	0.34701	0.5	335	116	277	734	2.19
1960-1969	99	0.44370	0.36314	0.5	219	79	179	457	2.09
1960-1969	100	0.46782	0.37913	0.5	139	53	113	278	2.00
1960-1969	101	0.49208	0.39492	0.5	86	34	69	165	1.91
1960-1969	102	0.51638	0.41042	0.5	52	21	42	96	1.83
1960-1969	103	0.54061	0.42557	0.5	31	13	24	54	1.76
1960-1969	104	0.56464	0.44033	0.5	18	8	14	30	1.69
1960-1969	105	0.58838	0.45463	0.5	10	5	8	16	1.63
1960-1969	106	0.61171	0.46844	0.5	5	3	4	9	1.58
1960-1969	107	0.63454	0.48171	0.5	3	1	2	4	1.53
1960-1969	108	0.65678	0.49442	0.5	1	1	1	2	1.49
1960-1969	109	0.67835	0.50654	0.5	1	0	1	1	1.45
1960-1969	110+	0.69919	1.00000	1.43	0	0	1	1	1.43
1970-1979	0	0.02112	0.02072	0.1	100000	2072	98138	6685584	66.86
1970-1979	1	0.00101	0.00101	0.5	97928	99	97878	6587445	67.27
1970-1979	2	0.00075	0.00075	0.5	97829	74	97792	6489567	66.34
1970-1979	3	0.00074	0.00074	0.5	97755	72	97719	6391775	65.39
1970-1979	4	0.00045	0.00045	0.5	97683	44	97661	6294056	64.43
1970-1979	5	0.00045	0.00045	0.5	97639	44	97617	6196395	63.46
1970-1979	6	0.00053	0.00053	0.5	97595	52	97569	6098778	62.49
1970-1979	7	0.00038	0.00038	0.5	97544	37	97525	6001208	61.52
1970-1979	8	0.00049	0.00048	0.5	97506	47	97483	5903683	60.55
1970-1979	9	0.00038	0.00038	0.5	97459	37	97440	5806201	59.58
1970-1979	10	0.00049	0.00049	0.5	97422	48	97398	5708760	58.60
1970-1979	11	0.00040	0.00040	0.5	97374	39	97355	5611362	57.63
1970-1979	12	0.00039	0.00039	0.5	97335	38	97317	5514007	56.65
1970-1979	13	0.00056	0.00056	0.5	97298	55	97270	5416691	55.67
1970-1979	14	0.00069	0.00069	0.5	97243	67	97209	5319421	54.70
1970-1979	15	0.00092	0.00092	0.5	97175	89	97131	5222212	53.74
1970-1979	16	0.00133	0.00133	0.5	97086	129	97021	5125081	52.79
1970-1979	17	0.00170	0.00169	0.5	96957	164	96875	5028059	51.86
1970-1979	18	0.00186	0.00185	0.5	96792	179	96703	4931185	50.95
1970-1979	19	0.00231	0.00230	0.5	96613	223	96502	4834482	50.04
1970-1979	20	0.00207	0.00206	0.5	96390	199	96291	4737980	49.15
1970-1979	21	0.00233	0.00233	0.5	96192	224	96080	4641689	48.25
1970-1979	22	0.00215	0.00215	0.5	95968	206	95865	4545610	47.37
1970-1979	23	0.00217	0.00217	0.5	95761	208	95658	4449745	46.47
1970-1979	24	0.00230	0.00229	0.5	95554	219	95444	4354088	45.57
1970-1979	25	0.00214	0.00214	0.5	95335	204	95233	4258643	44.67
1970-1979	26	0.00220	0.00220	0.5	95131	209	95026	4163411	43.77
1970-1979	27	0.00199	0.00199	0.5	94922	189	94827	4068385	42.86
1970-1979	28	0.00200	0.00200	0.5	94733	189	94638	3973557	41.94
1970-1979	29	0.00240	0.00240	0.5	94544	227	94430	3878919	41.03
1970-1979	30	0.00233	0.00232	0.5	94317	219	94207	3784489	40.13
1970-1979	31	0.00218	0.00218	0.5	94097	205	93995	3690282	39.22
1970-1979	32	0.00242	0.00242	0.5	93892	227	93779	3596287	38.30
1970-1979	33	0.00202	0.00201	0.5	93665	189	93571	3502508	37.39
1970-1979	34	0.00235	0.00235	0.5	93477	220	93367	3408937	36.47
1970-1979	35	0.00279	0.00278	0.5	93257	260	93127	3315570	35.55
1970-1979	36	0.00306	0.00305	0.5	92997	284	92856	3222443	34.65
1970-1979	37	0.00311	0.00311	0.5	92714	288	92570	3129587	33.76
1970-1979	38	0.00325	0.00325	0.5	92426	300	92276	3037018	32.86
1970-1979	39	0.00396	0.00395	0.5	92125	364	91943	2944742	31.96
1970-1979	40	0.00393	0.00392	0.5	91761	360	91582	2852799	31.09
1970-1979	41	0.00458	0.00457	0.5	91402	418	91193	2761217	30.21
1970-1979	42	0.00497	0.00496	0.5	90984	451	90758	2670024	29.35
1970-1979	43	0.00592	0.00590	0.5	90533	534	90265	2579266	28.49
1970-1979	44	0.00616	0.00614	0.5	89998	553	89722	2489001	27.66
1970-1979	45	0.00676	0.00674	0.5	89446	603	89145	2399279	26.82
1970-1979	46	0.00723	0.00720	0.5	88843	640	88523	2310134	26.00
1970-1979	47	0.00786	0.00783	0.5	88204	690	87858	2221611	25.19
1970-1979	48	0.00921	0.00917	0.5	87513	802	87112	2133752	24.38
1970-1979	49	0.00959	0.00954	0.5	86711	827	86297	2046640	23.60
1970-1979	50	0.01047	0.01041	0.5	85884	894	85436	1960343	22.83
1970-1979	51	0.01045	0.01039	0.5	84989	883	84548	1874906	22.06
1970-1979	52	0.01262	0.01254	0.5	84106	1054	83579	1790359	21.29
1970-1979	53	0.01366	0.01356	0.5	83052	1127	82488	1706780	20.55
1970-1979	54	0.01592	0.01580	0.5	81925	1294	81278	1624291	19.83
1970-1979	55	0.01511	0.01500	0.5	80631	1209	80026	1543013	19.14
1970-1979	56	0.01751	0.01736	0.5	79421	1378	78732	1462987	18.42
1970-1979	57	0.01857	0.01840	0.5	78043	1436	77325	1384255	17.74
1970-1979	58	0.02048	0.02028	0.5	76607	1553	75830	1306930	17.06
1970-1979	59	0.02370	0.02342	0.5	75054	1758	74175	1231100	16.40
1970-1979	60	0.02524	0.02492	0.5	73296	1827	72382	1156925	15.78
1970-1979	61	0.02605	0.02572	0.5	71469	1838	70550	1084543	15.18
1970-1979	62	0.02930	0.02888	0.5	69631	2011	68625	1013993	14.56
1970-1979	63	0.03242	0.03190	0.5	67620	2157	66541	945367	13.98
1970-1979	64	0.03515	0.03454	0.5	65463	2261	64332	878826	13.42
1970-1979	65	0.03711	0.03643	0.5	63201	2303	62050	814494	12.89
1970-1979	66	0.03849	0.03776	0.5	60899	2300	59749	752444	12.36
1970-1979	67	0.04130	0.04046	0.5	58599	2371	57414	692695	11.82
1970-1979	68	0.04408	0.04313	0.5	56228	2425	55016	635281	11.30
1970-1979	69	0.04900	0.04783	0.5	53803	2573	52517	580265	10.78
1970-1979	70	0.05260	0.05125	0.5	51230	2626	49917	527749	10.30
1970-1979	71	0.05793	0.05630	0.5	48604	2736	47236	477831	9.83
1970-1979	72	0.06115	0.05933	0.5	45868	2722	44507	430595	9.39
1970-1979	73	0.06632	0.06419	0.5	43146	2770	41762	386088	8.95
1970-1979	74	0.07000	0.06763	0.5	40377	2731	39011	344327	8.53
1970-1979	75	0.07547	0.07273	0.5	37646	2738	36277	305315	8.11
1970-1979	76	0.08042	0.07731	0.5	34908	2699	33559	269038	7.71
1970-1979	77	0.08463	0.08119	0.5	32209	2615	30902	235479	7.31
1970-1979	78	0.09649	0.09205	0.5	29594	2724	28232	204578	6.91
1970-1979	79	0.10393	0.09879	0.5	26870	2655	25543	176346	6.56
1970-1979	80	0.10657	0.10118	0.5	24215	2450	22990	150803	6.23
1970-1979	81	0.11815	0.11156	0.5	21765	2428	20551	127813	5.87
1970-1979	82	0.12599	0.11852	0.5	19337	2292	18191	107261	5.55
1970-1979	83	0.13662	0.12788	0.5	17045	2180	15955	89070	5.23
1970-1979	84	0.15285	0.14199	0.5	14866	2111	13810	73114	4.92
1970-1979	85	0.15861	0.14696	0.5	12755	1874	11818	59304	4.65
1970-1979	86	0.18034	0.16542	0.5	10880	1800	9980	47487	4.36
1970-1979	87	0.19321	0.17619	0.5	9080	1600	8281	37506	4.13
1970-1979	88	0.21525	0.19434	0.5	7481	1454	6754	29226	3.91
1970-1979	89	0.21716	0.19589	0.5	6027	1181	5437	22472	3.73
1970-1979	90	0.23666	0.21162	0.5	4846	1026	4333	17036	3.52
1970-1979	91	0.25401	0.22539	0.5	3821	861	3390	12702	3.32
1970-1979	92	0.27218	0.23958	0.5	2960	709	2605	9312	3.15
1970-1979	93	0.29114	0.25415	0.5	2251	572	1965	6707	2.98
1970-1979	94	0.31086	0.26904	0.5	1679	452	1453	4742	2.83
1970-1979	95	0.33129	0.28421	0.5	1227	349	1053	3290	2.68
1970-1979	96	0.35238	0.29959	0.5	878	263	747	2237	2.55
1970-1979	97	0.37405	0.31512	0.5	615	194	518	1490	2.42
1970-1979	98	0.39625	0.33072	0.5	421	139	352	972	2.31
1970-1979	99	0.41888	0.34634	0.5	282	98	233	621	2.20
1970-1979	100	0.44185	0.36190	0.5	184	67	151	388	2.10
1970-1979	101	0.46508	0.37733	0.5	118	44	95	237	2.01
1970-1979	102	0.48846	0.39258	0.5	73	29	59	141	1.93
1970-1979	103	0.51189	0.40757	0.5	44	18	35	82	1.85
1970-1979	104	0.53527	0.42226	0.5	26	11	21	47	1.78
1970-1979	105	0.55849	0.43658	0.5	15	7	12	26	1.71
1970-1979	106	0.58147	0.45049	0.5	9	4	7	14	1.66
1970-1979	107	0.60409	0.46395	0.5	5	2	4	8	1.60
1970-1979	108	0.62628	0.47693	0.5	3	1	2	4	1.56
1970-1979	109	0.64795	0.48939	0.5	1	1	1	2	1.52
1970-1979	110+	0.66902	1.00000	1.49	1	1	1	1	1.49
1980-1989	0	0.01212	0.01199	0.08	100000	1199	98894	6980028	69.80
1980-1989	1	0.00083	0.00083	0.5	98801	82	98760	6881134	69.65
1980-1989	2	0.00058	0.00058	0.5	98719	57	98691	6782374	68.70
1980-1989	3	0.00042	0.00042	0.5	98662	41	98642	6683683	67.74
1980-1989	4	0.00042	0.00042	0.5	98621	41	98601	6585041	66.77
1980-1989	5	0.00030	0.00030	0.5	98580	30	98565	6486440	65.80
1980-1989	6	0.00023	0.00023	0.5	98550	23	98539	6387875	64.82
1980-1989	7	0.00023	0.00023	0.5	98527	22	98516	6289337	63.83
1980-1989	8	0.00028	0.00028	0.5	98505	28	98491	6190821	62.85
1980-1989	9	0.00031	0.00031	0.5	98477	30	98462	6092330	61.87
1980-1989	10	0.00018	0.00018	0.5	98447	18	98438	5993868	60.88
1980-1989	11	0.00038	0.00038	0.5	98429	37	98410	5895430	59.90
1980-1989	12	0.00032	0.00032	0.5	98392	31	98376	5797020	58.92
1980-1989	13	0.00044	0.00044	0.5	98360	43	98339	5698644	57.94
1980-1989	14	0.00057	0.00057	0.5	98318	56	98290	5600305	56.96
1980-1989	15	0.00065	0.00065	0.5	98262	64	98230	5502015	55.99
1980-1989	16	0.00109	0.00109	0.5	98198	107	98145	5403785	55.03
1980-1989	17	0.00155	0.00155	0.5	98091	152	98015	5305641	54.09
1980-1989	18	0.00173	0.00173	0.5	97939	170	97855	5207625	53.17
1980-1989	19	0.00177	0.00177	0.5	97770	173	97683	5109771	52.26
1980-1989	20	0.00186	0.00186	0.5	97597	182	97506	5012087	51.36
1980-1989	21	0.00173	0.00173	0.5	97415	168	97331	4914582	50.45
1980-1989	22	0.00182	0.00182	0.5	97247	177	97158	4817251	49.54
1980-1989	23	0.00191	0.00191	0.5	97069	185	96977	4720093	48.63
1980-1989	24	0.00179	0.00179	0.5	96884	174	96797	4623116	47.72
1980-1989	25	0.00182	0.00182	0.5	96711	176	96623	4526319	46.80
1980-1989	26	0.00188	0.00187	0.5	96535	181	96444	4429696	45.89
1980-1989	27	0.00194	0.00193	0.5	96354	186	96261	4333252	44.97
1980-1989	28	0.00205	0.00204	0.5	96168	197	96069	4236991	44.06
1980-1989	29	0.00171	0.00171	0.5	95971	164	95889	4140922	43.15
1980-1989	30	0.00189	0.00189	0.5	95807	181	95717	4045032	42.22
1980-1989	31	0.00192	0.00191	0.5	95626	183	95535	3949316	41.30
1980-1989	32	0.00182	0.00181	0.5	95443	173	95356	3853781	40.38
1980-1989	33	0.00198	0.00197	0.5	95270	188	95176	3758425	39.45
1980-1989	34	0.00207	0.00207	0.5	95082	197	94983	3663249	38.53
1980-1989	35	0.00226	0.00226	0.5	94885	214	94778	3568265	37.61
1980-1989	36	0.00236	0.00235	0.5	94671	223	94559	3473487	36.69
1980-1989	37	0.00245	0.00244	0.5	94448	231	94333	3378928	35.78
1980-1989	38	0.00274	0.00274	0.5	94217	258	94088	3284596	34.86
1980-1989	39	0.00261	0.00261	0.5	93959	245	93836	3190508	33.96
1980-1989	40	0.00304	0.00304	0.5	93714	285	93571	3096671	33.04
1980-1989	41	0.00313	0.00313	0.5	93429	292	93283	3003100	32.14
1980-1989	42	0.00381	0.00380	0.5	93137	354	92959	2909817	31.24
1980-1989	43	0.00421	0.00420	0.5	92782	389	92587	2816858	30.36
1980-1989	44	0.00448	0.00447	0.5	92393	413	92186	2724270	29.49
1980-1989	45	0.00445	0.00444	0.5	91980	409	91776	2632084	28.62
1980-1989	46	0.00558	0.00556	0.5	91571	509	91317	2540308	27.74
1980-1989	47	0.00642	0.00640	0.5	91062	583	90771	2448992	26.89
1980-1989	48	0.00655	0.00653	0.5	90479	591	90184	2358221	26.06
1980-1989	49	0.00712	0.00709	0.5	89888	638	89569	2268038	25.23
1980-1989	50	0.00816	0.00813	0.5	89251	726	88888	2178468	24.41
1980-1989	51	0.00896	0.00892	0.5	88525	790	88130	2089581	23.60
1980-1989	52	0.00930	0.00926	0.5	87735	812	87329	2001451	22.81
1980-1989	53	0.01088	0.01083	0.5	86923	941	86452	1914122	22.02
1980-1989	54	0.01065	0.01059	0.5	85982	911	85526	1827670	21.26
1980-1989	55	0.01230	0.01223	0.5	85071	1040	84551	1742143	20.48
1980-1989	56	0.01391	0.01381	0.5	84031	1161	83450	1657592	19.73
1980-1989	57	0.01432	0.01422	0.5	82870	1178	82281	1574142	19.00
1980-1989	58	0.01812	0.01795	0.5	81692	1467	80959	1491861	18.26
1980-1989	59	0.01841	0.01824	0.5	80225	1464	79493	1410902	17.59
1980-1989	60	0.02073	0.02051	0.5	78762	1616	77954	1331409	16.90
1980-1989	61	0.02167	0.02143	0.5	77146	1654	76319	1253455	16.25
1980-1989	62	0.02453	0.02423	0.5	75492	1829	74578	1177136	15.59
1980-1989	63	0.02609	0.02575	0.5	73663	1897	72714	1102558	14.97
1980-1989	64	0.02723	0.02686	0.5	71766	1928	70802	1029844	14.35
1980-1989	65	0.03110	0.03062	0.5	69838	2139	68769	959041	13.73
1980-1989	66	0.03423	0.03366	0.5	67700	2279	66560	890272	13.15
1980-1989	67	0.03703	0.03636	0.5	65421	2378	64232	823712	12.59
1980-1989	68	0.03862	0.03788	0.5	63043	2388	61848	759480	12.05
1980-1989	69	0.04246	0.04158	0.5	60654	2522	59393	697632	11.50
1980-1989	70	0.04541	0.04440	0.5	58132	2581	56842	638239	10.98
1980-1989	71	0.04966	0.04846	0.5	55551	2692	54205	581397	10.47
1980-1989	72	0.05297	0.05160	0.5	52859	2728	51496	527192	9.97
1980-1989	73	0.06120	0.05938	0.5	50132	2977	48643	475696	9.49
1980-1989	74	0.06315	0.06121	0.5	47155	2886	45712	427053	9.06
1980-1989	75	0.06670	0.06455	0.5	44268	2857	42840	381341	8.61
1980-1989	76	0.07550	0.07276	0.5	41411	3013	39904	338502	8.17
1980-1989	77	0.07747	0.07459	0.5	38398	2864	36966	298597	7.78
1980-1989	78	0.08405	0.08066	0.5	35534	2866	34101	261631	7.36
1980-1989	79	0.08831	0.08458	0.5	32668	2763	31286	227530	6.96
1980-1989	80	0.10345	0.09836	0.5	29905	2942	28434	196244	6.56
1980-1989	81	0.10771	0.10221	0.5	26963	2756	25586	167809	6.22
1980-1989	82	0.11904	0.11235	0.5	24208	2720	22848	142224	5.88
1980-1989	83	0.13504	0.12650	0.5	21488	2718	20129	119376	5.56
1980-1989	84	0.13704	0.12825	0.5	18770	2407	17566	99247	5.29
1980-1989	85	0.15437	0.14331	0.5	16362	2345	15190	81681	4.99
1980-1989	86	0.16469	0.15216	0.5	14018	2133	12951	66491	4.74
1980-1989	87	0.16205	0.14991	0.5	11885	1782	10994	53540	4.50
1980-1989	88	0.18879	0.17251	0.5	10103	1743	9232	42546	4.21
1980-1989	89	0.20294	0.18424	0.5	8360	1540	7590	33315	3.98
1980-1989	90	0.21786	0.19646	0.5	6820	1340	6150	25725	3.77
1980-1989	91	0.23356	0.20914	0.5	5480	1146	4907	19575	3.57
1980-1989	92	0.25003	0.22225	0.5	4334	963	3852	14668	3.38
1980-1989	93	0.26726	0.23576	0.5	3371	795	2973	10815	3.21
1980-1989	94	0.28522	0.24962	0.5	2576	643	2255	7842	3.04
1980-1989	95	0.30389	0.26381	0.5	1933	510	1678	5587	2.89
1980-1989	96	0.32323	0.27826	0.5	1423	396	1225	3909	2.75
1980-1989	97	0.34319	0.29293	0.5	1027	301	877	2684	2.61
1980-1989	98	0.36372	0.30776	0.5	726	223	614	1808	2.49
1980-1989	99	0.38477	0.32269	0.5	503	162	422	1193	2.37
1980-1989	100	0.40625	0.33766	0.5	341	115	283	772	2.27
1980-1989	101	0.42809	0.35262	0.5	226	80	186	489	2.17
1980-1989	102	0.45022	0.36749	0.5	146	54	119	303	2.07
1980-1989	103	0.47255	0.38224	0.5	92	35	75	184	1.99
1980-1989	104	0.49499	0.39679	0.5	57	23	46	109	1.91
1980-1989	105	0.51745	0.41109	0.5	34	14	27	63	1.84
1980-1989	106	0.53984	0.42510	0.5	20	9	16	36	1.77
1980-1989	107	0.56207	0.43876	0.5	12	5	9	20	1.71
1980-1989	108	0.58405	0.45204	0.5	7	3	5	11	1.66
1980-1989	109	0.60570	0.46491	0.5	4	2	3	6	1.62
1980-1989	110+	0.62695	1.00000	1.6	2	2	3	3	1.60
1990-1999	0	0.00975	0.00966	0.07	100000	966	99103	7136802	71.37
1990-1999	1	0.00054	0.00054	0.5	99034	54	99007	7037700	71.06
1990-1999	2	0.00055	0.00055	0.5	98980	54	98953	6938693	70.10
1990-1999	3	0.00031	0.00031	0.5	98926	31	98911	6839739	69.14
1990-1999	4	0.00035	0.00035	0.5	98895	34	98878	6740829	68.16
1990-1999	5	0.00025	0.00025	0.5	98861	25	98848	6641951	67.18
1990-1999	6	0.00024	0.00024	0.5	98836	24	98824	6543102	66.20
1990-1999	7	0.00019	0.00019	0.5	98812	19	98803	6444278	65.22
1990-1999	8	0.00023	0.00023	0.5	98793	22	98782	6345476	64.23
1990-1999	9	0.00020	0.00020	0.5	98771	19	98761	6246694	63.24
1990-1999	10	0.00017	0.00017	0.5	98751	17	98743	6147933	62.26
1990-1999	11	0.00021	0.00021	0.5	98734	20	98724	6049190	61.27
1990-1999	12	0.00021	0.00021	0.5	98714	21	98703	5950466	60.28
1990-1999	13	0.00038	0.00038	0.5	98693	37	98674	5851763	59.29
1990-1999	14	0.00050	0.00050	0.5	98656	50	98631	5753088	58.31
1990-1999	15	0.00066	0.00066	0.5	98606	65	98574	5654457	57.34
1990-1999	16	0.00115	0.00115	0.5	98541	113	98484	5555884	56.38
1990-1999	17	0.00094	0.00094	0.5	98428	93	98381	5457400	55.45
1990-1999	18	0.00152	0.00152	0.5	98335	149	98260	5359018	54.50
1990-1999	19	0.00160	0.00160	0.5	98186	157	98107	5260758	53.58
1990-1999	20	0.00156	0.00155	0.5	98028	152	97952	5162651	52.66
1990-1999	21	0.00165	0.00165	0.5	97876	162	97795	5064699	51.75
1990-1999	22	0.00159	0.00159	0.5	97714	155	97636	4966904	50.83
1990-1999	23	0.00145	0.00145	0.5	97559	141	97488	4869268	49.91
1990-1999	24	0.00135	0.00135	0.5	97418	132	97352	4771779	48.98
1990-1999	25	0.00160	0.00160	0.5	97286	155	97208	4674428	48.05
1990-1999	26	0.00177	0.00177	0.5	97131	172	97045	4577219	47.12
1990-1999	27	0.00203	0.00203	0.5	96959	197	96861	4480174	46.21
1990-1999	28	0.00227	0.00227	0.5	96762	220	96653	4383314	45.30
1990-1999	29	0.00200	0.00199	0.5	96543	193	96446	4286661	44.40
1990-1999	30	0.00203	0.00202	0.5	96350	195	96253	4190215	43.49
1990-1999	31	0.00231	0.00231	0.5	96155	222	96044	4093962	42.58
1990-1999	32	0.00206	0.00206	0.5	95933	197	95834	3997918	41.67
1990-1999	33	0.00224	0.00223	0.5	95736	214	95629	3902084	40.76
1990-1999	34	0.00225	0.00225	0.5	95522	215	95414	3806455	39.85
1990-1999	35	0.00231	0.00230	0.5	95307	219	95197	3711041	38.94
1990-1999	36	0.00211	0.00210	0.5	95087	200	94987	3615844	38.03
1990-1999	37	0.00256	0.00256	0.5	94887	243	94766	3520857	37.11
1990-1999	38	0.00264	0.00263	0.5	94645	249	94520	3426091	36.20
1990-1999	39	0.00267	0.00267	0.5	94395	252	94269	3331571	35.29
1990-1999	40	0.00285	0.00285	0.5	94144	268	94010	3237301	34.39
1990-1999	41	0.00293	0.00293	0.5	93876	275	93738	3143292	33.48
1990-1999	42	0.00333	0.00333	0.5	93601	312	93445	3049553	32.58
1990-1999	43	0.00382	0.00382	0.5	93289	356	93111	2956109	31.69
1990-1999	44	0.00380	0.00379	0.5	92933	352	92757	2862997	30.81
1990-1999	45	0.00413	0.00412	0.5	92581	381	92390	2770240	29.92
1990-1999	46	0.00451	0.00450	0.5	92200	415	91992	2677850	29.04
1990-1999	47	0.00474	0.00473	0.5	91785	434	91568	2585858	28.17
1990-1999	48	0.00566	0.00564	0.5	91351	515	91094	2494290	27.30
1990-1999	49	0.00576	0.00574	0.5	90836	522	90575	2403196	26.46
1990-1999	50	0.00603	0.00601	0.5	90314	543	90043	2312621	25.61
1990-1999	51	0.00710	0.00708	0.5	89771	635	89454	2222578	24.76
1990-1999	52	0.00852	0.00848	0.5	89136	756	88758	2133124	23.93
1990-1999	53	0.00878	0.00874	0.5	88380	773	87993	2044366	23.13
1990-1999	54	0.00931	0.00927	0.5	87607	812	87201	1956373	22.33
1990-1999	55	0.01076	0.01070	0.5	86795	929	86331	1869172	21.54
1990-1999	56	0.01118	0.01112	0.5	85866	954	85389	1782841	20.76
1990-1999	57	0.01233	0.01225	0.5	84912	1040	84391	1697452	19.99
1990-1999	58	0.01441	0.01430	0.5	83871	1200	83272	1613061	19.23
1990-1999	59	0.01502	0.01491	0.5	82672	1232	82055	1529789	18.50
1990-1999	60	0.01765	0.01750	0.5	81439	1425	80727	1447734	17.78
1990-1999	61	0.01791	0.01775	0.5	80014	1420	79304	1367007	17.08
1990-1999	62	0.02026	0.02006	0.5	78594	1577	77806	1287703	16.38
1990-1999	63	0.02140	0.02117	0.5	77017	1631	76202	1209897	15.71
1990-1999	64	0.02302	0.02276	0.5	75387	1716	74529	1133695	15.04
1990-1999	65	0.02564	0.02531	0.5	73671	1865	72739	1059166	14.38
1990-1999	66	0.02880	0.02839	0.5	71806	2039	70787	986427	13.74
1990-1999	67	0.03224	0.03173	0.5	69768	2214	68661	915640	13.12
1990-1999	68	0.03469	0.03410	0.5	67554	2303	66402	846980	12.54
1990-1999	69	0.03749	0.03680	0.5	65251	2401	64050	780577	11.96
1990-1999	70	0.03980	0.03902	0.5	62850	2453	61623	716527	11.40
1990-1999	71	0.04527	0.04427	0.5	60397	2674	59060	654904	10.84
1990-1999	72	0.04661	0.04555	0.5	57724	2629	56409	595843	10.32
1990-1999	73	0.05222	0.05089	0.5	55094	2804	53692	539435	9.79
1990-1999	74	0.05595	0.05443	0.5	52290	2846	50867	485742	9.29
1990-1999	75	0.06172	0.05987	0.5	49444	2960	47964	434875	8.80
1990-1999	76	0.06580	0.06370	0.5	46484	2961	45003	386911	8.32
1990-1999	77	0.07260	0.07006	0.5	43523	3049	41998	341908	7.86
1990-1999	78	0.08081	0.07767	0.5	40474	3144	38902	299910	7.41
1990-1999	79	0.08672	0.08312	0.5	37330	3103	35778	261008	6.99
1990-1999	80	0.09546	0.09111	0.5	34227	3119	32668	225230	6.58
1990-1999	81	0.10522	0.09996	0.5	31109	3110	29554	192562	6.19
1990-1999	82	0.11740	0.11089	0.5	27999	3105	26447	163008	5.82
1990-1999	83	0.13128	0.12319	0.5	24894	3067	23361	136561	5.49
1990-1999	84	0.13988	0.13074	0.5	21827	2854	20401	113201	5.19
1990-1999	85	0.14946	0.13907	0.5	18974	2639	17654	92800	4.89
1990-1999	86	0.16389	0.15148	0.5	16335	2474	15098	75146	4.60
1990-1999	87	0.18311	0.16775	0.5	13861	2325	12698	60048	4.33
1990-1999	88	0.18727	0.17124	0.5	11535	1975	10548	47350	4.10
1990-1999	89	0.21149	0.19126	0.5	9560	1829	8646	36802	3.85
1990-1999	90	0.22430	0.20168	0.5	7732	1559	6952	28156	3.64
1990-1999	91	0.24182	0.21574	0.5	6172	1332	5507	21204	3.44
1990-1999	92	0.26026	0.23029	0.5	4841	1115	4283	15697	3.24
1990-1999	93	0.27958	0.24529	0.5	3726	914	3269	11414	3.06
1990-1999	94	0.29976	0.26069	0.5	2812	733	2445	8145	2.90
1990-1999	95	0.32074	0.27642	0.5	2079	575	1792	5700	2.74
1990-1999	96	0.34248	0.29241	0.5	1504	440	1284	3908	2.60
1990-1999	97	0.36490	0.30859	0.5	1064	328	900	2624	2.46
1990-1999	98	0.38792	0.32490	0.5	736	239	616	1723	2.34
1990-1999	99	0.41145	0.34124	0.5	497	170	412	1107	2.23
1990-1999	100	0.43539	0.35755	0.5	327	117	269	695	2.12
1990-1999	101	0.45963	0.37374	0.5	210	79	171	426	2.03
1990-1999	102	0.48407	0.38974	0.5	132	51	106	255	1.94
1990-1999	103	0.50859	0.40548	0.5	80	33	64	149	1.86
1990-1999	104	0.53306	0.42089	0.5	48	20	38	85	1.78
1990-1999	105	0.55738	0.43590	0.5	28	12	22	47	1.71
1990-1999	106	0.58143	0.45047	0.5	16	7	12	26	1.65
1990-1999	107	0.60509	0.46454	0.5	9	4	7	14	1.60
1990-1999	108	0.62827	0.47809	0.5	5	2	3	7	1.55
1990-1999	109	0.65088	0.49107	0.5	2	1	2	4	1.51
1990-1999	110+	0.67282	1.00000	1.49	1	1	2	2	1.49
2000-2009	0	0.00846	0.00839	0.07	100000	839	99218	7237425	72.37
2000-2009	1	0.00047	0.00047	0.5	99161	46	99138	7138208	71.99
2000-2009	2	0.00038	0.00038	0.5	99115	38	99096	7039070	71.02
2000-2009	3	0.00033	0.00033	0.5	99077	32	99061	6939974	70.05
2000-2009	4	0.00025	0.00025	0.5	99045	24	99032	6840913	69.07
2000-2009	5	0.00026	0.00026	0.5	99020	26	99007	6741881	68.09
2000-2009	6	0.00019	0.00019	0.5	98995	19	98985	6642873	67.10
2000-2009	7	0.00024	0.00024	0.5	98976	24	98964	6543888	66.12
2000-2009	8	0.00021	0.00021	0.5	98952	21	98942	6444924	65.13
2000-2009	9	0.00019	0.00019	0.5	98931	19	98922	6345982	64.15
2000-2009	10	0.00020	0.00020	0.5	98912	20	98902	6247060	63.16
2000-2009	11	0.00019	0.00019	0.5	98893	19	98883	6148158	62.17
2000-2009	12	0.00022	0.00022	0.5	98874	22	98863	6049275	61.18
2000-2009	13	0.00031	0.00031	0.5	98852	31	98836	5950412	60.20
2000-2009	14	0.00044	0.00044	0.5	98820	43	98799	5851576	59.21
2000-2009	15	0.00052	0.00052	0.5	98777	52	98751	5752778	58.24
2000-2009	16	0.00077	0.00077	0.5	98725	76	98687	5654026	57.27
2000-2009	17	0.00088	0.00088	0.5	98649	86	98606	5555339	56.31
2000-2009	18	0.00139	0.00139	0.5	98563	137	98495	5456733	55.36
2000-2009	19	0.00172	0.00172	0.5	98426	169	98342	5358238	54.44
2000-2009	20	0.00155	0.00155	0.5	98257	153	98181	5259896	53.53
2000-2009	21	0.00178	0.00178	0.5	98105	174	98018	5161715	52.61
2000-2009	22	0.00195	0.00194	0.5	97930	190	97835	5063698	51.71
2000-2009	23	0.00162	0.00162	0.5	97740	158	97661	4965863	50.81
2000-2009	24	0.00194	0.00194	0.5	97582	190	97487	4868202	49.89
2000-2009	25	0.00203	0.00203	0.5	97392	198	97293	4770715	48.98
2000-2009	26	0.00189	0.00188	0.5	97194	183	97103	4673422	48.08
2000-2009	27	0.00181	0.00180	0.5	97011	175	96924	4576319	47.17
2000-2009	28	0.00197	0.00197	0.5	96836	191	96741	4479395	46.26
2000-2009	29	0.00195	0.00195	0.5	96645	188	96551	4382654	45.35
2000-2009	30	0.00203	0.00203	0.5	96457	196	96359	4286103	44.44
2000-2009	31	0.00225	0.00224	0.5	96261	216	96153	4189744	43.52
2000-2009	32	0.00209	0.00209	0.5	96045	201	95945	4093591	42.62
2000-2009	33	0.00227	0.00226	0.5	95845	217	95736	3997646	41.71
2000-2009	34	0.00223	0.00223	0.5	95628	213	95521	3901910	40.80
2000-2009	35	0.00244	0.00244	0.5	95414	233	95298	3806389	39.89
2000-2009	36	0.00286	0.00285	0.5	95182	272	95046	3711091	38.99
2000-2009	37	0.00289	0.00289	0.5	94910	274	94773	3616045	38.10
2000-2009	38	0.00296	0.00296	0.5	94636	280	94496	3521272	37.21
2000-2009	39	0.00337	0.00336	0.5	94356	317	94197	3426775	36.32
2000-2009	40	0.00339	0.00338	0.5	94039	318	93880	3332578	35.44
2000-2009	41	0.00384	0.00383	0.5	93721	359	93541	3238698	34.56
2000-2009	42	0.00417	0.00416	0.5	93361	389	93167	3145157	33.69
2000-2009	43	0.00463	0.00462	0.5	92973	430	92758	3051990	32.83
2000-2009	44	0.00472	0.00471	0.5	92543	436	92325	2959232	31.98
2000-2009	45	0.00516	0.00514	0.5	92107	474	91870	2866907	31.13
2000-2009	46	0.00550	0.00549	0.5	91634	503	91382	2775036	30.28
2000-2009	47	0.00566	0.00564	0.5	91131	514	90874	2683654	29.45
2000-2009	48	0.00608	0.00606	0.5	90617	549	90342	2592781	28.61
2000-2009	49	0.00615	0.00613	0.5	90067	553	89791	2502439	27.78
2000-2009	50	0.00708	0.00705	0.5	89515	631	89199	2412648	26.95
2000-2009	51	0.00747	0.00744	0.5	88883	661	88552	2323449	26.14
2000-2009	52	0.00782	0.00779	0.5	88222	687	87878	2234897	25.33
2000-2009	53	0.00827	0.00824	0.5	87535	721	87174	2147018	24.53
2000-2009	54	0.00891	0.00887	0.5	86814	770	86429	2059844	23.73
2000-2009	55	0.00942	0.00937	0.5	86044	806	85641	1973415	22.93
2000-2009	56	0.01037	0.01032	0.5	85237	879	84798	1887775	22.15
2000-2009	57	0.01132	0.01125	0.5	84358	949	83884	1802977	21.37
2000-2009	58	0.01250	0.01243	0.5	83409	1036	82891	1719093	20.61
2000-2009	59	0.01287	0.01278	0.5	82372	1053	81846	1636203	19.86
2000-2009	60	0.01462	0.01452	0.5	81319	1180	80729	1554357	19.11
2000-2009	61	0.01479	0.01468	0.5	80139	1177	79551	1473627	18.39
2000-2009	62	0.01738	0.01723	0.5	78962	1360	78282	1394077	17.65
2000-2009	63	0.01783	0.01767	0.5	77602	1371	76916	1315795	16.96
2000-2009	64	0.01932	0.01914	0.5	76230	1459	75501	1238879	16.25
2000-2009	65	0.02239	0.02214	0.5	74771	1656	73944	1163378	15.56
2000-2009	66	0.02305	0.02279	0.5	73116	1666	72283	1089434	14.90
2000-2009	67	0.02526	0.02494	0.5	71450	1782	70559	1017151	14.24
2000-2009	68	0.02789	0.02751	0.5	69668	1916	68709	946593	13.59
2000-2009	69	0.02953	0.02910	0.5	67751	1971	66766	877883	12.96
2000-2009	70	0.03242	0.03190	0.5	65780	2098	64731	811118	12.33
2000-2009	71	0.03483	0.03424	0.5	63681	2180	62591	746387	11.72
2000-2009	72	0.03927	0.03851	0.5	61501	2369	60317	683796	11.12
2000-2009	73	0.04081	0.04000	0.5	59133	2365	57950	623479	10.54
2000-2009	74	0.04743	0.04633	0.5	56768	2630	55453	565529	9.96
2000-2009	75	0.04994	0.04873	0.5	54137	2638	52818	510076	9.42
2000-2009	76	0.05596	0.05444	0.5	51500	2804	50098	457258	8.88
2000-2009	77	0.06016	0.05840	0.5	48696	2844	47274	407160	8.36
2000-2009	78	0.06877	0.06648	0.5	45852	3048	44328	359886	7.85
2000-2009	79	0.07525	0.07252	0.5	42804	3104	41251	315558	7.37
2000-2009	80	0.08531	0.08182	0.5	39699	3248	38075	274307	6.91
2000-2009	81	0.09646	0.09202	0.5	36451	3354	34774	236231	6.48
2000-2009	82	0.09964	0.09491	0.5	33097	3141	31526	201457	6.09
2000-2009	83	0.11233	0.10636	0.5	29956	3186	28363	169931	5.67
2000-2009	84	0.12611	0.11863	0.5	26770	3176	25182	141568	5.29
2000-2009	85	0.14046	0.13124	0.5	23594	3097	22046	116386	4.93
2000-2009	86	0.15357	0.14262	0.5	20497	2923	19036	94341	4.60
2000-2009	87	0.17332	0.15950	0.5	17574	2803	16172	75305	4.29
2000-2009	88	0.19065	0.17406	0.5	14771	2571	13485	59133	4.00
2000-2009	89	0.20823	0.18860	0.5	12200	2301	11049	45647	3.74
2000-2009	90	0.22831	0.20492	0.5	9899	2029	8885	34598	3.50
2000-2009	91	0.24972	0.22200	0.5	7871	1747	6997	25713	3.27
2000-2009	92	0.27242	0.23977	0.5	6123	1468	5389	18716	3.06
2000-2009	93	0.29638	0.25813	0.5	4655	1202	4054	13327	2.86
2000-2009	94	0.32151	0.27698	0.5	3454	957	2975	9272	2.68
2000-2009	95	0.34772	0.29622	0.5	2497	740	2127	6297	2.52
2000-2009	96	0.37488	0.31570	0.5	1757	555	1480	4170	2.37
2000-2009	97	0.40286	0.33531	0.5	1203	403	1001	2690	2.24
2000-2009	98	0.43148	0.35491	0.5	799	284	657	1689	2.11
2000-2009	99	0.46056	0.37436	0.5	516	193	419	1032	2.00
2000-2009	100	0.48992	0.39352	0.5	323	127	259	613	1.90
2000-2009	101	0.51935	0.41229	0.5	196	81	155	353	1.81
2000-2009	102	0.54864	0.43054	0.5	115	50	90	198	1.72
2000-2009	103	0.57760	0.44817	0.5	65	29	51	108	1.65
2000-2009	104	0.60604	0.46510	0.5	36	17	28	57	1.58
2000-2009	105	0.63378	0.48127	0.5	19	9	15	29	1.52
2000-2009	106	0.66065	0.49661	0.5	10	5	8	15	1.47
2000-2009	107	0.68653	0.51109	0.5	5	3	4	7	1.42
2000-2009	108	0.71130	0.52469	0.5	2	1	2	3	1.38
2000-2009	109	0.73487	0.53741	0.5	1	1	1	2	1.34
2000-2009	110+	0.75717	1.00000	1.32	1	1	1	1	1.32
2010-2017	0	0.00804	0.00798	0.07	100000	798	99255	7259823	72.60
2010-2017	1	0.00057	0.00057	0.5	99202	56	99174	7160567	72.18
2010-2017	2	0.00042	0.00042	0.5	99146	41	99125	7061393	71.22
2010-2017	3	0.00033	0.00033	0.5	99104	33	99088	6962268	70.25
2010-2017	4	0.00017	0.00017	0.5	99071	16	99063	6863180	69.28
2010-2017	5	0.00027	0.00027	0.5	99055	27	99042	6764117	68.29
2010-2017	6	0.00014	0.00014	0.5	99028	14	99021	6665076	67.30
2010-2017	7	0.00020	0.00020	0.5	99014	20	99005	6566054	66.31
2010-2017	8	0.00022	0.00022	0.5	98995	22	98984	6467050	65.33
2010-2017	9	0.00016	0.00016	0.5	98973	16	98965	6368066	64.34
2010-2017	10	0.00014	0.00014	0.5	98957	14	98950	6269101	63.35
2010-2017	11	0.00016	0.00016	0.5	98943	16	98936	6170151	62.36
2010-2017	12	0.00017	0.00017	0.5	98928	17	98919	6071215	61.37
2010-2017	13	0.00024	0.00024	0.5	98911	24	98899	5972296	60.38
2010-2017	14	0.00028	0.00028	0.5	98887	28	98873	5873397	59.39
2010-2017	15	0.00060	0.00060	0.5	98859	60	98829	5774524	58.41
2010-2017	16	0.00059	0.00059	0.5	98800	58	98771	5675694	57.45
2010-2017	17	0.00056	0.00056	0.5	98742	56	98714	5576924	56.48
2010-2017	18	0.00094	0.00094	0.5	98686	92	98640	5478210	55.51
2010-2017	19	0.00113	0.00112	0.5	98594	111	98538	5379570	54.56
2010-2017	20	0.00145	0.00144	0.5	98483	142	98412	5281032	53.62
2010-2017	21	0.00139	0.00139	0.5	98340	136	98272	5182620	52.70
2010-2017	22	0.00163	0.00162	0.5	98204	159	98124	5084348	51.77
2010-2017	23	0.00152	0.00152	0.5	98045	149	97970	4986224	50.86
2010-2017	24	0.00204	0.00204	0.5	97895	199	97796	4888254	49.93
2010-2017	25	0.00197	0.00197	0.5	97696	193	97600	4790458	49.03
2010-2017	26	0.00225	0.00224	0.5	97503	219	97394	4692858	48.13
2010-2017	27	0.00208	0.00208	0.5	97285	203	97183	4595464	47.24
2010-2017	28	0.00233	0.00233	0.5	97082	226	96969	4498281	46.33
2010-2017	29	0.00231	0.00231	0.5	96856	224	96744	4401312	45.44
2010-2017	30	0.00298	0.00298	0.5	96632	288	96488	4304569	44.55
2010-2017	31	0.00304	0.00304	0.5	96344	293	96198	4208080	43.68
2010-2017	32	0.00278	0.00277	0.5	96051	266	95918	4111883	42.81
2010-2017	33	0.00330	0.00330	0.5	95785	316	95627	4015964	41.93
2010-2017	34	0.00331	0.00331	0.5	95469	316	95311	3920337	41.06
2010-2017	35	0.00361	0.00361	0.5	95154	343	94982	3825026	40.20
2010-2017	36	0.00325	0.00324	0.5	94810	307	94657	3730044	39.34
2010-2017	37	0.00383	0.00383	0.5	94503	362	94322	3635387	38.47
2010-2017	38	0.00384	0.00383	0.5	94142	360	93961	3541065	37.61
2010-2017	39	0.00352	0.00351	0.5	93781	329	93617	3447103	36.76
2010-2017	40	0.00379	0.00378	0.5	93452	353	93275	3353487	35.88
2010-2017	41	0.00442	0.00441	0.5	93098	411	92893	3260212	35.02
2010-2017	42	0.00407	0.00406	0.5	92688	376	92500	3167319	34.17
2010-2017	43	0.00447	0.00446	0.5	92312	411	92106	3074819	33.31
2010-2017	44	0.00449	0.00448	0.5	91900	412	91694	2982713	32.46
2010-2017	45	0.00524	0.00523	0.5	91488	478	91249	2891019	31.60
2010-2017	46	0.00565	0.00563	0.5	91010	513	90753	2799770	30.76
2010-2017	47	0.00555	0.00554	0.5	90497	501	90246	2709017	29.93
2010-2017	48	0.00704	0.00701	0.5	89996	631	89680	2618770	29.10
2010-2017	49	0.00736	0.00733	0.5	89365	655	89037	2529090	28.30
2010-2017	50	0.00768	0.00765	0.5	88709	678	88370	2440053	27.51
2010-2017	51	0.00839	0.00836	0.5	88031	736	87663	2351683	26.71
2010-2017	52	0.00879	0.00875	0.5	87295	764	86913	2264020	25.94
2010-2017	53	0.00945	0.00940	0.5	86531	813	86124	2177107	25.16
2010-2017	54	0.01054	0.01049	0.5	85717	899	85268	2090983	24.39
2010-2017	55	0.01118	0.01112	0.5	84818	943	84347	2005715	23.65
2010-2017	56	0.01173	0.01166	0.5	83876	978	83386	1921368	22.91
2010-2017	57	0.01257	0.01249	0.5	82897	1036	82380	1837982	22.17
2010-2017	58	0.01312	0.01304	0.5	81862	1067	81328	1755602	21.45
2010-2017	59	0.01435	0.01425	0.5	80794	1151	80219	1674274	20.72
2010-2017	60	0.01521	0.01509	0.5	79644	1202	79043	1594055	20.01
2010-2017	61	0.01589	0.01576	0.5	78442	1236	77823	1515013	19.31
2010-2017	62	0.01655	0.01641	0.5	77205	1267	76572	1437189	18.62
2010-2017	63	0.01716	0.01701	0.5	75938	1292	75292	1360618	17.92
2010-2017	64	0.01825	0.01808	0.5	74646	1350	73972	1285325	17.22
2010-2017	65	0.02091	0.02070	0.5	73297	1517	72538	1211354	16.53
2010-2017	66	0.02209	0.02185	0.5	71780	1568	70996	1138815	15.87
2010-2017	67	0.02213	0.02189	0.5	70211	1537	69443	1067820	15.21
2010-2017	68	0.02514	0.02483	0.5	68674	1705	67822	998377	14.54
2010-2017	69	0.02667	0.02632	0.5	66969	1763	66088	930555	13.90
2010-2017	70	0.02994	0.02950	0.5	65207	1923	64245	864467	13.26
2010-2017	71	0.03118	0.03070	0.5	63283	1943	62312	800222	12.65
2010-2017	72	0.03504	0.03443	0.5	61340	2112	60284	737910	12.03
2010-2017	73	0.03830	0.03758	0.5	59228	2226	58115	677626	11.44
2010-2017	74	0.04003	0.03924	0.5	57003	2237	55884	619510	10.87
2010-2017	75	0.04338	0.04246	0.5	54766	2325	53603	563626	10.29
2010-2017	76	0.05081	0.04955	0.5	52440	2598	51141	510023	9.73
2010-2017	77	0.05386	0.05245	0.5	49842	2614	48535	458882	9.21
2010-2017	78	0.05842	0.05676	0.5	47228	2681	45888	410347	8.69
2010-2017	79	0.06525	0.06319	0.5	44547	2815	43140	364459	8.18
2010-2017	80	0.06853	0.06626	0.5	41733	2765	40350	321319	7.70
2010-2017	81	0.07911	0.07610	0.5	38967	2966	37485	280969	7.21
2010-2017	82	0.08716	0.08352	0.5	36002	3007	34498	243485	6.76
2010-2017	83	0.09238	0.08830	0.5	32995	2913	31538	208986	6.33
2010-2017	84	0.10401	0.09887	0.5	30082	2974	28595	177448	5.90
2010-2017	85	0.11639	0.10999	0.5	27108	2982	25617	148853	5.49
2010-2017	86	0.13136	0.12327	0.5	24126	2974	22639	123236	5.11
2010-2017	87	0.14671	0.13668	0.5	21152	2891	19707	100597	4.76
2010-2017	88	0.16280	0.15054	0.5	18261	2749	16886	80891	4.43
2010-2017	89	0.17154	0.15799	0.5	15512	2451	14287	64004	4.13
2010-2017	90	0.20064	0.18235	0.5	13061	2382	11870	49718	3.81
2010-2017	91	0.22136	0.19930	0.5	10680	2128	9615	37847	3.54
2010-2017	92	0.24357	0.21712	0.5	8551	1857	7623	28232	3.30
2010-2017	93	0.26724	0.23574	0.5	6694	1578	5905	20609	3.08
2010-2017	94	0.29232	0.25504	0.5	5116	1305	4464	14704	2.87
2010-2017	95	0.31873	0.27492	0.5	3811	1048	3288	10240	2.69
2010-2017	96	0.34636	0.29523	0.5	2764	816	2356	6952	2.52
2010-2017	97	0.37507	0.31584	0.5	1948	615	1640	4597	2.36
2010-2017	98	0.40468	0.33658	0.5	1333	449	1108	2956	2.22
2010-2017	99	0.43500	0.35729	0.5	884	316	726	1848	2.09
2010-2017	100	0.46582	0.37782	0.5	568	215	461	1122	1.97
2010-2017	101	0.49690	0.39802	0.5	354	141	283	661	1.87
2010-2017	102	0.52801	0.41773	0.5	213	89	168	378	1.78
2010-2017	103	0.55890	0.43683	0.5	124	54	97	210	1.69
2010-2017	104	0.58934	0.45520	0.5	70	32	54	113	1.62
2010-2017	105	0.61911	0.47276	0.5	38	18	29	59	1.55
2010-2017	106	0.64801	0.48943	0.5	20	10	15	30	1.49
2010-2017	107	0.67587	0.50516	0.5	10	5	8	15	1.44
2010-2017	108	0.70253	0.51991	0.5	5	3	4	7	1.39
2010-2017	109	0.72788	0.53366	0.5	2	1	2	3	1.35
2010-2017	110+	0.75184	1.00000	1.33	1	1	2	2	1.33
