NE: Nebraska, Lifetables (period 5x1), Both sexes Last modified: 3 Dec 2019, MPv5 (May07) 

Year	Age	mx	qx	ax	lx	dx	Lx	Tx	ex
1959	0	0.02442	0.02391	0.12	100000	2391	97888	7190281	71.90
1959	1-4	0.00094	0.00376	1.72	97609	367	389599	7092394	72.66
1959	5-9	0.00037	0.00183	2.32	97242	178	485734	6702795	68.93
1959	10-14	0.00048	0.00240	2.77	97064	233	484803	6217061	64.05
1959	15-19	0.00101	0.00505	2.84	96831	489	483103	5732258	59.20
1959	20-24	0.00117	0.00582	2.44	96342	561	480276	5249156	54.48
1959	25-29	0.00110	0.00551	1.97	95781	527	477310	4768879	49.79
1959	30-34	0.00132	0.00657	2.95	95254	626	474988	4291569	45.05
1959	35-39	0.00185	0.00919	2.51	94628	869	470973	3816581	40.33
1959	40-44	0.00274	0.01364	2.7	93758	1279	465845	3345608	35.68
1959	45-49	0.00436	0.02158	2.66	92480	1996	457734	2879762	31.14
1959	50-54	0.00707	0.03477	2.7	90484	3146	445169	2422028	26.77
1959	55-59	0.01032	0.05042	2.71	87338	4404	426612	1976859	22.63
1959	60-64	0.01677	0.08056	2.56	82934	6681	398389	1550247	18.69
1959	65-69	0.02619	0.12358	2.73	76253	9424	359850	1151858	15.11
1959	70-74	0.04249	0.19304	2.63	66829	12901	303629	792008	11.85
1959	75-79	0.06904	0.29493	2.53	53928	15905	230367	488380	9.06
1959	80-84	0.10713	0.42301	2.51	38023	16084	150134	258013	6.79
1959	85-89	0.17161	0.58776	2.32	21939	12895	75141	107879	4.92
1959	90-94	0.25210	0.73288	2.14	9044	6628	26292	32738	3.62
1959	95-99	0.35990	0.85213	1.91	2416	2059	5720	6446	2.67
1959	100-104	0.48429	0.92593	1.66	357	331	683	726	2.03
1959	105-109	0.61191	0.96368	1.45	26	26	42	43	1.63
1959	110+	0.71145	1.00000	1.41	1	1	1	1	1.41
1960	0	0.02257	0.02213	0.11	100000	2213	98033	7197188	71.97
1960	1-4	0.00088	0.00350	1.62	97787	342	390337	7099155	72.60
1960	5-9	0.00051	0.00255	2.39	97446	249	486579	6708818	68.85
1960	10-14	0.00036	0.00181	2.7	97197	176	485578	6222239	64.02
1960	15-19	0.00099	0.00492	2.74	97021	477	484023	5736661	59.13
1960	20-24	0.00099	0.00492	2.3	96543	475	481435	5252638	54.41
1960	25-29	0.00113	0.00563	2.72	96069	541	479113	4771203	49.66
1960	30-34	0.00137	0.00685	2.29	95528	654	475865	4292090	44.93
1960	35-39	0.00186	0.00927	2.6	94874	879	472263	3816224	40.22
1960	40-44	0.00258	0.01281	2.75	93995	1204	467259	3343961	35.58
1960	45-49	0.00461	0.02282	2.66	92790	2117	458997	2876703	31.00
1960	50-54	0.00797	0.03912	2.7	90673	3547	445220	2417705	26.66
1960	55-59	0.01094	0.05331	2.59	87126	4645	424448	1972485	22.64
1960	60-64	0.01677	0.08063	2.6	82482	6651	396480	1548037	18.77
1960	65-69	0.02722	0.12783	2.63	75831	9694	356185	1151557	15.19
1960	70-74	0.04090	0.18605	2.57	66137	12305	300832	795372	12.03
1960	75-79	0.06556	0.28253	2.56	53833	15209	232002	494540	9.19
1960	80-84	0.10590	0.41756	2.47	38623	16128	152297	262539	6.80
1960	85-89	0.16901	0.58096	2.31	22496	13069	77326	110242	4.90
1960	90-94	0.26218	0.74825	2.13	9427	7054	26903	32915	3.49
1960	95-99	0.38069	0.86923	1.87	2373	2063	5419	6012	2.53
1960	100-104	0.51595	0.93859	1.61	310	291	565	594	1.91
1960	105-109	0.65063	0.97109	1.39	19	19	28	29	1.53
1960	110+	0.75224	1.00000	1.33	1	1	1	1	1.33
1961	0	0.02343	0.02296	0.11	100000	2296	97965	7219129	72.19
1961	1-4	0.00084	0.00336	1.43	97704	329	389972	7121164	72.88
1961	5-9	0.00045	0.00223	2.17	97376	218	486263	6731192	69.13
1961	10-14	0.00028	0.00138	2.23	97158	134	485420	6244929	64.28
1961	15-19	0.00099	0.00493	2.72	97024	479	484028	5759510	59.36
1961	20-24	0.00111	0.00553	2.33	96546	534	481304	5275481	54.64
1961	25-29	0.00119	0.00594	2.38	96012	571	478563	4794177	49.93
1961	30-34	0.00153	0.00760	2.78	95442	725	475595	4315614	45.22
1961	35-39	0.00192	0.00958	2.96	94716	907	471733	3840018	40.54
1961	40-44	0.00271	0.01345	2.69	93809	1262	466135	3368286	35.91
1961	45-49	0.00482	0.02385	2.68	92547	2208	457619	2902151	31.36
1961	50-54	0.00702	0.03455	2.68	90340	3121	444472	2444531	27.06
1961	55-59	0.01096	0.05342	2.64	87218	4660	425093	2000060	22.93
1961	60-64	0.01643	0.07907	2.63	82559	6528	397319	1574966	19.08
1961	65-69	0.02604	0.12267	2.64	76031	9327	358141	1177648	15.49
1961	70-74	0.03823	0.17516	2.61	66705	11684	305632	819507	12.29
1961	75-79	0.06374	0.27472	2.49	55021	15115	237141	513875	9.34
1961	80-84	0.10295	0.40823	2.47	39906	16291	158244	276733	6.93
1961	85-89	0.16494	0.57623	2.39	23615	13608	82501	118490	5.02
1961	90-94	0.25300	0.73515	2.15	10007	7357	29078	35989	3.60
1961	95-99	0.36864	0.86011	1.9	2650	2280	6184	6911	2.61
1961	100-104	0.50277	0.93390	1.64	371	346	689	727	1.96
1961	105-109	0.63846	0.96906	1.41	25	24	37	38	1.56
1961	110+	0.74190	1.00000	1.35	1	1	1	1	1.35
1962	0	0.02106	0.02067	0.11	100000	2067	98153	7221449	72.21
1962	1-4	0.00077	0.00306	1.51	97933	300	390983	7123295	72.74
1962	5-9	0.00046	0.00228	2.29	97633	223	487563	6732312	68.96
1962	10-14	0.00040	0.00200	2.83	97410	194	486629	6244749	64.11
1962	15-19	0.00097	0.00484	2.67	97216	470	484982	5758120	59.23
1962	20-24	0.00141	0.00704	2.21	96746	681	481830	5273138	54.51
1962	25-29	0.00104	0.00519	2.81	96065	499	479231	4791309	49.88
1962	30-34	0.00133	0.00663	2.95	95566	634	476528	4312078	45.12
1962	35-39	0.00177	0.00880	2.72	94932	835	472759	3835550	40.40
1962	40-44	0.00302	0.01500	2.6	94097	1412	467102	3362791	35.74
1962	45-49	0.00482	0.02383	2.67	92685	2209	458280	2895689	31.24
1962	50-54	0.00742	0.03648	2.69	90476	3301	444753	2437409	26.94
1962	55-59	0.01031	0.05034	2.68	87176	4388	425684	1992656	22.86
1962	60-64	0.01701	0.08177	2.63	82787	6769	397885	1566972	18.93
1962	65-69	0.02485	0.11713	2.56	76018	8904	358340	1169086	15.38
1962	70-74	0.03964	0.18120	2.63	67114	12161	306804	810746	12.08
1962	75-79	0.06489	0.28024	2.57	54953	15400	237317	503942	9.17
1962	80-84	0.10667	0.41961	2.46	39553	16597	155589	266625	6.74
1962	85-89	0.17282	0.59029	2.32	22956	13551	78409	111037	4.84
1962	90-94	0.26459	0.75133	2.12	9405	7067	26708	32627	3.47
1962	95-99	0.38139	0.86936	1.87	2339	2033	5331	5919	2.53
1962	100-104	0.51285	0.93717	1.61	306	286	558	588	1.92
1962	105-109	0.64292	0.96959	1.4	19	19	29	30	1.55
1962	110+	0.74128	1.00000	1.35	1	1	1	1	1.35
1963	0	0.02170	0.02128	0.11	100000	2128	98103	7208818	72.09
1963	1-4	0.00101	0.00403	1.52	97872	395	390509	7110715	72.65
1963	5-9	0.00045	0.00226	2.29	97477	221	486787	6720206	68.94
1963	10-14	0.00050	0.00251	2.5	97256	244	485673	6233419	64.09
1963	15-19	0.00094	0.00467	2.86	97012	453	484091	5747746	59.25
1963	20-24	0.00114	0.00566	2.46	96559	546	481409	5263655	54.51
1963	25-29	0.00097	0.00483	2.73	96013	464	479009	4782246	49.81
1963	30-34	0.00122	0.00608	2.49	95549	581	476284	4303236	45.04
1963	35-39	0.00202	0.01003	2.75	94968	953	472696	3826952	40.30
1963	40-44	0.00285	0.01414	2.83	94015	1330	467190	3354256	35.68
1963	45-49	0.00441	0.02184	2.69	92685	2025	458757	2887067	31.15
1963	50-54	0.00707	0.03476	2.53	90661	3151	445516	2428309	26.78
1963	55-59	0.01128	0.05487	2.56	87509	4802	425818	1982793	22.66
1963	60-64	0.01702	0.08176	2.6	82708	6762	397288	1556975	18.83
1963	65-69	0.02558	0.12028	2.52	75946	9135	357101	1159687	15.27
1963	70-74	0.04047	0.18420	2.57	66811	12306	304095	802586	12.01
1963	75-79	0.06666	0.28586	2.51	54505	15581	233735	498491	9.15
1963	80-84	0.10303	0.41077	2.53	38924	15989	155188	264756	6.80
1963	85-89	0.17586	0.60110	2.37	22935	13786	78395	109568	4.78
1963	90-94	0.26912	0.75864	2.13	9149	6941	25790	31173	3.41
1963	95-99	0.39681	0.88136	1.85	2208	1946	4905	5383	2.44
1963	100-104	0.54139	0.94729	1.57	262	248	458	479	1.83
1963	105-109	0.68160	0.97593	1.34	14	13	20	20	1.46
1963	110+	0.78393	1.00000	1.28	0	0	0	0	1.28
1964	0	0.02250	0.02206	0.11	100000	2206	98038	7190661	71.91
1964	1-4	0.00088	0.00350	1.51	97794	342	390326	7092623	72.53
1964	5-9	0.00042	0.00212	2.38	97452	206	486721	6702297	68.78
1964	10-14	0.00043	0.00213	2.32	97246	207	485676	6215576	63.92
1964	15-19	0.00111	0.00553	2.86	97039	536	484050	5729900	59.05
1964	20-24	0.00120	0.00598	2.47	96503	577	481053	5245850	54.36
1964	25-29	0.00126	0.00630	2.6	95926	605	478180	4764797	49.67
1964	30-34	0.00151	0.00751	2.76	95321	716	475007	4286617	44.97
1964	35-39	0.00156	0.00775	2.64	94606	733	471301	3811610	40.29
1964	40-44	0.00308	0.01530	2.56	93872	1436	465853	3340309	35.58
1964	45-49	0.00482	0.02382	2.58	92436	2202	456863	2874456	31.10
1964	50-54	0.00773	0.03794	2.65	90234	3423	443114	2417593	26.79
1964	55-59	0.01142	0.05565	2.68	86811	4831	422852	1974479	22.74
1964	60-64	0.01760	0.08457	2.69	81980	6933	393897	1551628	18.93
1964	65-69	0.02611	0.12275	2.56	75048	9212	352763	1157731	15.43
1964	70-74	0.03929	0.17998	2.67	65836	11849	301582	804968	12.23
1964	75-79	0.06487	0.27936	2.52	53987	15082	232486	503386	9.32
1964	80-84	0.10276	0.40769	2.47	38905	15861	154345	270900	6.96
1964	85-89	0.16311	0.57048	2.37	23044	13146	80598	116555	5.06
1964	90-94	0.25022	0.73080	2.15	9898	7233	28908	35957	3.63
1964	95-99	0.36290	0.85527	1.91	2665	2279	6280	7049	2.65
1964	100-104	0.49394	0.93034	1.65	386	359	726	769	1.99
1964	105-109	0.62765	0.96703	1.42	27	26	41	43	1.59
1964	110+	0.73063	1.00000	1.37	1	1	1	1	1.37
1965	0	0.02201	0.02158	0.11	100000	2158	98078	7197952	71.98
1965	1-4	0.00081	0.00325	1.67	97842	318	390626	7099874	72.56
1965	5-9	0.00036	0.00179	2.54	97524	174	487190	6709248	68.80
1965	10-14	0.00041	0.00203	2.7	97349	197	486293	6222058	63.91
1965	15-19	0.00102	0.00508	2.75	97152	493	484652	5735765	59.04
1965	20-24	0.00114	0.00569	2.33	96659	550	481826	5251113	54.33
1965	25-29	0.00107	0.00532	2.56	96109	511	479299	4769286	49.62
1965	30-34	0.00138	0.00687	2.6	95598	657	476414	4289987	44.88
1965	35-39	0.00204	0.01018	2.75	94941	966	472529	3813573	40.17
1965	40-44	0.00302	0.01501	2.56	93975	1410	466432	3341044	35.55
1965	45-49	0.00519	0.02565	2.67	92565	2374	457282	2874612	31.06
1965	50-54	0.00789	0.03873	2.7	90190	3493	442929	2417331	26.80
1965	55-59	0.01137	0.05534	2.62	86697	4798	422065	1974402	22.77
1965	60-64	0.01805	0.08652	2.61	81899	7086	392562	1552337	18.95
1965	65-69	0.02623	0.12351	2.65	74813	9240	352323	1159775	15.50
1965	70-74	0.04066	0.18534	2.61	65573	12153	298874	807452	12.31
1965	75-79	0.06265	0.27172	2.56	53420	14515	231687	508579	9.52
1965	80-84	0.09982	0.39745	2.44	38905	15463	154914	276891	7.12
1965	85-89	0.15583	0.55342	2.38	23442	12973	83255	121977	5.20
1965	90-94	0.24439	0.72237	2.17	10469	7562	30942	38723	3.70
1965	95-99	0.35784	0.85148	1.92	2906	2475	6916	7781	2.68
1965	100-104	0.49139	0.92960	1.66	432	401	817	865	2.00
1965	105-109	0.62843	0.96731	1.42	30	29	47	48	1.58
1965	110+	0.73386	1.00000	1.36	1	1	1	1	1.36
1966	0	0.01774	0.01746	0.1	100000	1746	98426	7220611	72.21
1966	1-4	0.00101	0.00405	1.71	98254	398	392102	7122185	72.49
1966	5-9	0.00049	0.00244	2.2	97856	239	488608	6730084	68.78
1966	10-14	0.00039	0.00195	2.5	97616	191	487605	6241476	63.94
1966	15-19	0.00109	0.00545	2.87	97426	531	485998	5753870	59.06
1966	20-24	0.00123	0.00615	2.57	96895	596	483025	5267873	54.37
1966	25-29	0.00129	0.00643	2.32	96299	619	479833	4784848	49.69
1966	30-34	0.00161	0.00802	2.79	95679	767	476704	4305015	44.99
1966	35-39	0.00212	0.01057	2.78	94912	1004	472338	3828311	40.34
1966	40-44	0.00314	0.01556	2.61	93909	1462	466050	3355973	35.74
1966	45-49	0.00481	0.02379	2.58	92447	2199	456922	2889924	31.26
1966	50-54	0.00769	0.03777	2.66	90248	3409	443261	2433002	26.96
1966	55-59	0.01131	0.05512	2.73	86840	4787	423355	1989741	22.91
1966	60-64	0.01702	0.08176	2.62	82053	6709	394297	1566387	19.09
1966	65-69	0.02612	0.12309	2.66	75344	9274	354993	1172090	15.56
1966	70-74	0.03829	0.17552	2.63	66070	11596	302872	817097	12.37
1966	75-79	0.06303	0.27298	2.55	54474	14870	235935	514225	9.44
1966	80-84	0.09887	0.39652	2.5	39604	15704	158823	278290	7.03
1966	85-89	0.16480	0.57444	2.36	23900	13729	83307	119467	5.00
1966	90-94	0.25583	0.73996	2.15	10171	7526	29418	36160	3.56
1966	95-99	0.37773	0.86767	1.88	2645	2295	6075	6742	2.55
1966	100-104	0.51844	0.93986	1.61	350	329	634	666	1.90
1966	105-109	0.65851	0.97254	1.38	21	20	31	32	1.51
1966	110+	0.76319	1.00000	1.31	1	1	1	1	1.31
1967	0	0.01970	0.01936	0.1	100000	1936	98264	7258194	72.58
1967	1-4	0.00089	0.00354	1.58	98064	347	391419	7159930	73.01
1967	5-9	0.00044	0.00220	2.41	97717	215	488031	6768511	69.27
1967	10-14	0.00042	0.00210	2.64	97503	205	487029	6280480	64.41
1967	15-19	0.00088	0.00438	2.8	97297	426	485549	5793451	59.54
1967	20-24	0.00144	0.00717	2.52	96872	695	482638	5307902	54.79
1967	25-29	0.00116	0.00576	2.48	96177	554	479486	4825264	50.17
1967	30-34	0.00137	0.00681	2.43	95622	652	476437	4345778	45.45
1967	35-39	0.00193	0.00958	2.59	94971	910	472661	3869341	40.74
1967	40-44	0.00285	0.01417	2.74	94061	1332	467288	3396680	36.11
1967	45-49	0.00511	0.02526	2.69	92728	2342	458240	2929392	31.59
1967	50-54	0.00692	0.03405	2.61	90386	3077	444582	2471152	27.34
1967	55-59	0.01138	0.05543	2.67	87308	4839	425280	2026571	23.21
1967	60-64	0.01600	0.07707	2.64	82469	6356	397356	1601291	19.42
1967	65-69	0.02394	0.11329	2.63	76113	8623	360151	1203935	15.82
1967	70-74	0.03778	0.17282	2.54	67490	11664	308753	843784	12.50
1967	75-79	0.06186	0.26854	2.55	55826	14992	242327	535032	9.58
1967	80-84	0.09728	0.39130	2.5	40835	15979	164262	292705	7.17
1967	85-89	0.15942	0.56104	2.36	24856	13945	87474	128442	5.17
1967	90-94	0.24035	0.71590	2.18	10911	7811	32499	40968	3.75
1967	95-99	0.35001	0.84441	1.94	3100	2617	7478	8469	2.73
1967	100-104	0.47840	0.92387	1.68	482	446	931	991	2.06
1967	105-109	0.61108	0.96374	1.45	37	35	58	60	1.63
1967	110+	0.71451	1.00000	1.4	1	1	2	2	1.40
1968	0	0.01829	0.01799	0.1	100000	1799	98379	7233593	72.34
1968	1-4	0.00089	0.00357	1.73	98201	350	392008	7135214	72.66
1968	5-9	0.00045	0.00226	2.17	97851	221	488627	6743206	68.91
1968	10-14	0.00048	0.00239	2.69	97630	233	487608	6254579	64.06
1968	15-19	0.00111	0.00556	2.96	97396	541	485875	5766970	59.21
1968	20-24	0.00145	0.00723	2.51	96855	701	482530	5281095	54.53
1968	25-29	0.00120	0.00599	2.48	96154	576	479321	4798565	49.90
1968	30-34	0.00148	0.00735	2.57	95578	702	476185	4319244	45.19
1968	35-39	0.00190	0.00945	2.65	94876	897	472273	3843059	40.51
1968	40-44	0.00290	0.01440	2.71	93979	1353	466791	3370785	35.87
1968	45-49	0.00424	0.02100	2.68	92626	1945	458625	2903994	31.35
1968	50-54	0.00775	0.03806	2.59	90681	3451	445097	2445369	26.97
1968	55-59	0.01170	0.05692	2.61	87229	4965	424297	2000272	22.93
1968	60-64	0.01779	0.08530	2.61	82264	7017	394517	1575975	19.16
1968	65-69	0.02513	0.11840	2.56	75247	8910	354529	1181458	15.70
1968	70-74	0.03781	0.17361	2.65	66338	11517	304588	826929	12.47
1968	75-79	0.06125	0.26661	2.57	54821	14616	238616	522340	9.53
1968	80-84	0.10228	0.40619	2.47	40205	16331	159659	283725	7.06
1968	85-89	0.15831	0.55594	2.32	23874	13273	83841	124065	5.20
1968	90-94	0.23801	0.71155	2.17	10602	7544	31694	40224	3.79
1968	95-99	0.34225	0.83703	1.95	3058	2560	7479	8530	2.79
1968	100-104	0.46548	0.91781	1.7	498	457	983	1051	2.11
1968	105-109	0.59431	0.95994	1.47	41	39	66	69	1.67
1968	110+	0.69553	1.00000	1.44	2	2	2	2	1.44
1969	0	0.01755	0.01727	0.1	100000	1727	98440	7260735	72.61
1969	1-4	0.00070	0.00279	1.8	98273	274	392488	7162295	72.88
1969	5-9	0.00040	0.00201	2.47	97998	197	489495	6769806	69.08
1969	10-14	0.00042	0.00208	2.78	97801	203	488558	6280312	64.21
1969	15-19	0.00118	0.00587	2.87	97598	573	486774	5791754	59.34
1969	20-24	0.00149	0.00740	2.62	97025	718	483416	5304980	54.68
1969	25-29	0.00136	0.00678	2.66	96307	653	480008	4821564	50.06
1969	30-34	0.00136	0.00677	2.36	95654	647	476562	4341556	45.39
1969	35-39	0.00202	0.01005	2.5	95007	955	472651	3864993	40.68
1969	40-44	0.00311	0.01545	2.64	94052	1453	466828	3392342	36.07
1969	45-49	0.00478	0.02362	2.59	92599	2187	457726	2925514	31.59
1969	50-54	0.00747	0.03671	2.67	90412	3319	444337	2467788	27.29
1969	55-59	0.01077	0.05250	2.65	87093	4573	424700	2023452	23.23
1969	60-64	0.01639	0.07888	2.62	82520	6509	397135	1598752	19.37
1969	65-69	0.02373	0.11220	2.58	76011	8529	359437	1201616	15.81
1969	70-74	0.03941	0.18030	2.64	67483	12167	308707	842179	12.48
1969	75-79	0.05824	0.25462	2.53	55316	14084	241849	533472	9.64
1969	80-84	0.09655	0.39090	2.57	41231	16117	166929	291623	7.07
1969	85-89	0.16690	0.58179	2.4	25114	14611	87545	124694	4.97
1969	90-94	0.25746	0.74116	2.14	10503	7784	30235	37149	3.54
1969	95-99	0.37853	0.86847	1.88	2719	2361	6237	6915	2.54
1969	100-104	0.52111	0.94088	1.6	358	336	646	677	1.89
1969	105-109	0.66258	0.97322	1.37	21	21	31	32	1.50
1969	110+	0.76775	1.00000	1.3	1	1	1	1	1.30
1970	0	0.02007	0.01972	0.1	100000	1972	98234	7251308	72.51
1970	1-4	0.00086	0.00344	1.81	98028	338	391375	7153075	72.97
1970	5-9	0.00042	0.00210	2.27	97691	205	487893	6761700	69.22
1970	10-14	0.00042	0.00212	2.64	97486	207	486941	6273807	64.36
1970	15-19	0.00108	0.00537	2.82	97279	522	485254	5786866	59.49
1970	20-24	0.00145	0.00723	2.32	96757	700	481908	5301612	54.79
1970	25-29	0.00142	0.00706	2.4	96057	678	478520	4819704	50.18
1970	30-34	0.00118	0.00588	2.3	95379	560	475381	4341184	45.52
1970	35-39	0.00161	0.00801	2.64	94819	760	472300	3865803	40.77
1970	40-44	0.00306	0.01519	2.69	94059	1428	466990	3393503	36.08
1970	45-49	0.00502	0.02482	2.75	92630	2299	457982	2926513	31.59
1970	50-54	0.00701	0.03449	2.75	90331	3115	444652	2468531	27.33
1970	55-59	0.01151	0.05602	2.63	87216	4886	424523	2023878	23.21
1970	60-64	0.01657	0.07974	2.64	82330	6565	396157	1599356	19.43
1970	65-69	0.02579	0.12148	2.62	75765	9204	356886	1203198	15.88
1970	70-74	0.03718	0.17071	2.61	66561	11363	305634	846312	12.71
1970	75-79	0.06162	0.26764	2.55	55198	14773	239748	540678	9.80
1970	80-84	0.09432	0.38190	2.51	40425	15438	163688	300931	7.44
1970	85-89	0.14577	0.52640	2.36	24986	13153	90230	137243	5.49
1970	90-94	0.22456	0.69002	2.21	11833	8165	36361	47012	3.97
1970	95-99	0.32682	0.82271	1.98	3668	3018	9234	10651	2.90
1970	100-104	0.44945	0.91027	1.73	650	592	1317	1417	2.18
1970	105-109	0.58026	0.95681	1.5	58	56	96	100	1.71
1970	110+	0.68486	1.00000	1.46	3	3	4	4	1.46
1971	0	0.01815	0.01785	0.1	100000	1785	98391	7274058	72.74
1971	1-4	0.00068	0.00272	1.88	98215	267	392293	7175667	73.06
1971	5-9	0.00033	0.00166	2.37	97948	163	489310	6783374	69.26
1971	10-14	0.00051	0.00254	2.83	97785	248	488384	6294064	64.37
1971	15-19	0.00132	0.00656	2.8	97537	640	486276	5805680	59.52
1971	20-24	0.00115	0.00573	2.59	96897	555	483147	5319404	54.90
1971	25-29	0.00109	0.00542	2.39	96342	522	480347	4836257	50.20
1971	30-34	0.00134	0.00668	2.58	95820	640	477549	4355910	45.46
1971	35-39	0.00195	0.00971	2.71	95179	924	473785	3878361	40.75
1971	40-44	0.00315	0.01561	2.69	94255	1472	467880	3404576	36.12
1971	45-49	0.00482	0.02383	2.56	92784	2211	458523	2936696	31.65
1971	50-54	0.00705	0.03466	2.66	90572	3139	445510	2478173	27.36
1971	55-59	0.01103	0.05376	2.68	87433	4701	426254	2032663	23.25
1971	60-64	0.01701	0.08173	2.61	82733	6761	397522	1606409	19.42
1971	65-69	0.02496	0.11768	2.57	75971	8940	358157	1208887	15.91
1971	70-74	0.03763	0.17227	2.55	67031	11548	306840	850729	12.69
1971	75-79	0.06071	0.26468	2.58	55483	14685	241882	543889	9.80
1971	80-84	0.09065	0.37006	2.52	40798	15098	166542	302007	7.40
1971	85-89	0.15512	0.55248	2.4	25700	14199	91534	135465	5.27
1971	90-94	0.23437	0.70725	2.2	11501	8134	34707	43931	3.82
1971	95-99	0.34837	0.84381	1.95	3367	2841	8155	9224	2.74
1971	100-104	0.48374	0.92674	1.67	526	487	1007	1069	2.03
1971	105-109	0.62373	0.96656	1.43	39	37	60	61	1.60
1971	110+	0.73187	1.00000	1.37	1	1	2	2	1.37
1972	0	0.01601	0.01579	0.09	100000	1579	98568	7292462	72.92
1972	1-4	0.00059	0.00235	1.84	98421	231	393186	7193893	73.09
1972	5-9	0.00027	0.00132	2.44	98190	130	490617	6800707	69.26
1972	10-14	0.00034	0.00169	2.62	98060	166	489904	6310090	64.35
1972	15-19	0.00113	0.00564	2.77	97894	552	488241	5820186	59.45
1972	20-24	0.00147	0.00733	2.66	97342	714	485038	5331945	54.78
1972	25-29	0.00118	0.00588	2.62	96628	568	481790	4846907	50.16
1972	30-34	0.00101	0.00503	2.7	96060	483	479191	4365117	45.44
1972	35-39	0.00209	0.01037	2.34	95578	991	475251	3885926	40.66
1972	40-44	0.00305	0.01515	2.82	94586	1433	469804	3410676	36.06
1972	45-49	0.00425	0.02106	2.86	93153	1962	461567	2940871	31.57
1972	50-54	0.00641	0.03160	2.9	91191	2882	449909	2479304	27.19
1972	55-59	0.01186	0.05766	2.61	88310	5092	429365	2029395	22.98
1972	60-64	0.01689	0.08113	2.56	83218	6751	399610	1600030	19.23
1972	65-69	0.02550	0.12027	2.64	76467	9196	360615	1200420	15.70
1972	70-74	0.04050	0.18478	2.63	67270	12430	306896	839806	12.48
1972	75-79	0.06008	0.26215	2.57	54840	14376	239302	532910	9.72
1972	80-84	0.09597	0.38730	2.51	40464	15671	163296	293608	7.26
1972	85-89	0.15594	0.55246	2.36	24792	13697	87834	130312	5.26
1972	90-94	0.23468	0.70691	2.19	11096	7844	33423	42478	3.83
1972	95-99	0.34252	0.83784	1.95	3252	2725	7954	9055	2.78
1972	100-104	0.47045	0.92048	1.69	527	485	1032	1101	2.09
1972	105-109	0.60422	0.96238	1.46	42	40	67	69	1.65
1972	110+	0.70924	1.00000	1.41	2	2	2	2	1.41
1973	0	0.01586	0.01564	0.09	100000	1564	98582	7339231	73.39
1973	1-4	0.00094	0.00375	1.7	98436	370	392896	7240649	73.56
1973	5-9	0.00043	0.00215	2.67	98067	211	489842	6847753	69.83
1973	10-14	0.00034	0.00171	2.32	97856	167	488831	6357910	64.97
1973	15-19	0.00093	0.00465	2.92	97689	455	487498	5869080	60.08
1973	20-24	0.00129	0.00642	2.61	97234	624	484677	5381581	55.35
1973	25-29	0.00103	0.00514	2.65	96610	497	481880	4896905	50.69
1973	30-34	0.00158	0.00787	2.68	96113	756	478807	4415024	45.94
1973	35-39	0.00166	0.00829	2.82	95356	791	475056	3936217	41.28
1973	40-44	0.00295	0.01466	2.84	94566	1386	469827	3461162	36.60
1973	45-49	0.00458	0.02264	2.57	93179	2109	460772	2991334	32.10
1973	50-54	0.00644	0.03170	2.57	91070	2887	448333	2530562	27.79
1973	55-59	0.01029	0.05026	2.67	88183	4432	430601	2082229	23.61
1973	60-64	0.01554	0.07487	2.56	83751	6271	403475	1651628	19.72
1973	65-69	0.02438	0.11506	2.56	77480	8915	365677	1248153	16.11
1973	70-74	0.03704	0.16997	2.58	68565	11654	314613	882476	12.87
1973	75-79	0.05736	0.25134	2.54	56912	14304	249369	567863	9.98
1973	80-84	0.09202	0.37362	2.48	42607	15919	172999	318494	7.48
1973	85-89	0.14702	0.52963	2.36	26688	14135	96143	145494	5.45
1973	90-94	0.22710	0.69435	2.2	12553	8716	38382	49351	3.93
1973	95-99	0.33239	0.82848	1.97	3837	3179	9563	10969	2.86
1973	100-104	0.45908	0.91527	1.72	658	602	1312	1405	2.14
1973	105-109	0.59314	0.95998	1.48	56	54	90	93	1.68
1973	110+	0.69932	1.00000	1.43	2	2	3	3	1.43
1974	0	0.01562	0.01541	0.09	100000	1541	98600	7359237	73.59
1974	1-4	0.00058	0.00231	1.73	98459	228	393321	7260637	73.74
1974	5-9	0.00033	0.00165	2.52	98232	162	490756	6867316	69.91
1974	10-14	0.00050	0.00250	2.84	98069	245	489817	6376560	65.02
1974	15-19	0.00118	0.00589	2.74	97824	576	487819	5886742	60.18
1974	20-24	0.00126	0.00628	2.56	97248	611	484750	5398923	55.52
1974	25-29	0.00127	0.00635	2.78	96637	614	481826	4914174	50.85
1974	30-34	0.00135	0.00674	2.7	96024	647	478631	4432348	46.16
1974	35-39	0.00154	0.00765	2.52	95376	730	475073	3953716	41.45
1974	40-44	0.00257	0.01278	2.94	94646	1209	470736	3478643	36.75
1974	45-49	0.00417	0.02062	2.42	93437	1926	462209	3007907	32.19
1974	50-54	0.00667	0.03284	2.65	91511	3006	450488	2545699	27.82
1974	55-59	0.01029	0.05027	2.7	88505	4449	432279	2095211	23.67
1974	60-64	0.01630	0.07841	2.57	84056	6591	404254	1662932	19.78
1974	65-69	0.02331	0.11033	2.58	77465	8547	366630	1258678	16.25
1974	70-74	0.03727	0.17107	2.61	68918	11790	316360	892048	12.94
1974	75-79	0.05727	0.25159	2.59	57129	14373	250960	575688	10.08
1974	80-84	0.08739	0.36004	2.56	42756	15394	176151	324728	7.59
1974	85-89	0.14801	0.52950	2.31	27362	14488	97890	148578	5.43
1974	90-94	0.22577	0.69305	2.21	12874	8922	39519	50688	3.94
1974	95-99	0.33625	0.83280	1.97	3952	3291	9787	11169	2.83
1974	100-104	0.46925	0.92047	1.7	661	608	1296	1382	2.09
1974	105-109	0.60895	0.96364	1.45	53	51	83	86	1.63
1974	110+	0.71817	1.00000	1.39	2	2	3	3	1.39
1975	0	0.01392	0.01374	0.09	100000	1374	98747	7408298	74.08
1975	1-4	0.00061	0.00243	2.03	98626	239	394031	7309551	74.11
1975	5-9	0.00037	0.00187	2.02	98386	184	491382	6915520	70.29
1975	10-14	0.00041	0.00204	2.45	98202	200	490499	6424138	65.42
1975	15-19	0.00121	0.00605	2.94	98002	593	488785	5933639	60.55
1975	20-24	0.00133	0.00665	2.38	97409	648	485349	5444854	55.90
1975	25-29	0.00102	0.00507	2.51	96761	491	482581	4959505	51.26
1975	30-34	0.00123	0.00612	2.61	96270	589	479945	4476924	46.50
1975	35-39	0.00178	0.00888	2.64	95681	849	476397	3996979	41.77
1975	40-44	0.00261	0.01298	2.8	94832	1231	471452	3520582	37.12
1975	45-49	0.00412	0.02042	2.65	93601	1911	463515	3049129	32.58
1975	50-54	0.00702	0.03457	2.76	91690	3170	451346	2585614	28.20
1975	55-59	0.01016	0.04962	2.67	88520	4392	432367	2134268	24.11
1975	60-64	0.01526	0.07375	2.75	84128	6205	406656	1701902	20.23
1975	65-69	0.02280	0.10816	2.62	77923	8428	369578	1295245	16.62
1975	70-74	0.03472	0.16005	2.56	69495	11123	320353	925667	13.32
1975	75-79	0.05458	0.24152	2.62	58372	14098	258292	605314	10.37
1975	80-84	0.08658	0.35573	2.49	44274	15750	181915	347022	7.84
1975	85-89	0.13883	0.51073	2.41	28524	14568	104932	165107	5.79
1975	90-94	0.20315	0.65161	2.25	13956	9094	44763	60175	4.31
1975	95-99	0.29565	0.78904	2.05	4862	3836	12976	15412	3.17
1975	100-104	0.40958	0.88754	1.81	1026	910	2223	2436	2.37
1975	105-109	0.53576	0.94436	1.57	115	109	203	213	1.85
1975	110+	0.63959	1.00000	1.56	6	6	10	10	1.56
1976	0	0.01435	0.01416	0.09	100000	1416	98708	7439346	74.39
1976	1-4	0.00093	0.00373	1.79	98584	367	393524	7340637	74.46
1976	5-9	0.00031	0.00157	2.4	98216	154	490682	6947113	70.73
1976	10-14	0.00033	0.00166	2.42	98063	163	489892	6456431	65.84
1976	15-19	0.00098	0.00491	2.85	97900	481	488463	5966539	60.95
1976	20-24	0.00116	0.00579	2.6	97419	564	485738	5478076	56.23
1976	25-29	0.00102	0.00510	2.42	96855	494	483000	4992338	51.54
1976	30-34	0.00114	0.00568	2.63	96361	548	480510	4509337	46.80
1976	35-39	0.00159	0.00794	2.6	95813	761	477242	4028828	42.05
1976	40-44	0.00278	0.01379	2.81	95053	1311	472389	3551586	37.36
1976	45-49	0.00417	0.02065	2.52	93742	1935	463907	3079197	32.85
1976	50-54	0.00589	0.02906	2.65	91806	2668	452768	2615289	28.49
1976	55-59	0.00982	0.04798	2.61	89139	4277	435460	2162522	24.26
1976	60-64	0.01526	0.07362	2.63	84862	6247	409507	1727062	20.35
1976	65-69	0.02328	0.11030	2.63	78614	8671	372542	1317555	16.76
1976	70-74	0.03407	0.15721	2.55	69943	10996	322722	945013	13.51
1976	75-79	0.05141	0.22884	2.6	58947	13490	262405	622291	10.56
1976	80-84	0.08306	0.34436	2.52	45458	15654	188470	359886	7.92
1976	85-89	0.13560	0.50187	2.41	29804	14958	110306	171416	5.75
1976	90-94	0.21321	0.67148	2.24	14846	9969	46757	61110	4.12
1976	95-99	0.32082	0.81803	2	4877	3990	12436	14353	2.94
1976	100-104	0.45313	0.91311	1.73	888	810	1788	1917	2.16
1976	105-109	0.59494	0.96078	1.48	77	74	125	129	1.67
1976	110+	0.70722	1.00000	1.41	3	3	4	4	1.41
1977	0	0.01317	0.01302	0.08	100000	1302	98809	7482877	74.83
1977	1-4	0.00070	0.00279	1.34	98698	275	394062	7384068	74.81
1977	5-9	0.00027	0.00136	2.39	98423	134	491766	6990007	71.02
1977	10-14	0.00035	0.00174	2.77	98289	171	491063	6498240	66.11
1977	15-19	0.00092	0.00459	2.81	98118	451	489605	6007177	61.22
1977	20-24	0.00126	0.00626	2.46	97667	612	486785	5517572	56.49
1977	25-29	0.00105	0.00525	2.27	97056	510	483886	5030787	51.83
1977	30-34	0.00116	0.00577	2.78	96546	557	481491	4546901	47.10
1977	35-39	0.00161	0.00802	2.74	95989	770	478207	4065410	42.35
1977	40-44	0.00245	0.01219	2.64	95219	1161	473353	3587202	37.67
1977	45-49	0.00399	0.01978	2.8	94058	1861	466201	3113849	33.11
1977	50-54	0.00656	0.03231	2.68	92197	2979	454075	2647649	28.72
1977	55-59	0.01014	0.04954	2.73	89218	4420	436047	2193573	24.59
1977	60-64	0.01386	0.06711	2.64	84798	5690	410566	1757526	20.73
1977	65-69	0.02273	0.10787	2.63	79108	8533	375343	1346960	17.03
1977	70-74	0.03262	0.15130	2.61	70575	10678	327354	971617	13.77
1977	75-79	0.04981	0.22210	2.56	59896	13303	267084	644263	10.76
1977	80-84	0.07976	0.33353	2.55	46594	15540	194843	377180	8.10
1977	85-89	0.13088	0.48737	2.38	31053	15134	115635	182337	5.87
1977	90-94	0.20828	0.66269	2.26	15919	10549	50650	66703	4.19
1977	95-99	0.31497	0.81208	2.02	5369	4360	13844	16053	2.99
1977	100-104	0.44664	0.90990	1.74	1009	918	2056	2209	2.19
1977	105-109	0.58851	0.95934	1.49	91	87	148	153	1.69
1977	110+	0.70134	1.00000	1.43	4	4	5	5	1.43
1978	0	0.01319	0.01304	0.08	100000	1304	98807	7503012	75.03
1978	1-4	0.00066	0.00263	1.6	98696	260	394161	7404205	75.02
1978	5-9	0.00034	0.00172	2.45	98437	169	491751	7010044	71.21
1978	10-14	0.00035	0.00175	2.72	98267	172	490945	6518292	66.33
1978	15-19	0.00096	0.00478	2.86	98096	469	489474	6027347	61.44
1978	20-24	0.00097	0.00483	2.34	97627	472	486880	5537872	56.72
1978	25-29	0.00100	0.00498	2.36	97155	484	484498	5050992	51.99
1978	30-34	0.00098	0.00491	2.41	96672	474	482128	4566495	47.24
1978	35-39	0.00137	0.00684	2.81	96197	658	479543	4084367	42.46
1978	40-44	0.00216	0.01076	2.61	95539	1028	475239	3604824	37.73
1978	45-49	0.00385	0.01906	2.72	94511	1802	468454	3129585	33.11
1978	50-54	0.00637	0.03136	2.6	92710	2907	456582	2661131	28.70
1978	55-59	0.00961	0.04698	2.65	89803	4219	439107	2204549	24.55
1978	60-64	0.01522	0.07349	2.67	85584	6290	413284	1765443	20.63
1978	65-69	0.02191	0.10410	2.62	79294	8254	376810	1352158	17.05
1978	70-74	0.03260	0.15104	2.57	71040	10730	329133	975348	13.73
1978	75-79	0.05218	0.23166	2.58	60311	13972	267748	646215	10.71
1978	80-84	0.08101	0.33743	2.53	46339	15636	193021	378467	8.17
1978	85-89	0.12840	0.48139	2.4	30703	14780	115112	185446	6.04
1978	90-94	0.19619	0.63880	2.27	15923	10171	51844	70335	4.42
1978	95-99	0.29022	0.78326	2.06	5751	4505	15522	18491	3.22
1978	100-104	0.40795	0.88707	1.81	1247	1106	2711	2969	2.38
1978	105-109	0.53944	0.94586	1.57	141	133	247	259	1.84
1978	110+	0.64778	1.00000	1.54	8	8	12	12	1.54
1979	0	0.01191	0.01178	0.08	100000	1178	98918	7553084	75.53
1979	1-4	0.00059	0.00234	1.79	98822	231	394778	7454166	75.43
1979	5-9	0.00035	0.00176	2.32	98591	174	492489	7059388	71.60
1979	10-14	0.00030	0.00152	2.63	98417	150	491731	6566900	66.73
1979	15-19	0.00102	0.00509	2.62	98268	501	490147	6075168	61.82
1979	20-24	0.00106	0.00526	2.62	97767	515	487611	5585022	57.13
1979	25-29	0.00100	0.00498	2.53	97252	485	485065	5097411	52.41
1979	30-34	0.00116	0.00576	2.22	96768	557	482288	4612346	47.66
1979	35-39	0.00133	0.00661	2.52	96211	636	479478	4130058	42.93
1979	40-44	0.00202	0.01004	2.67	95575	959	475635	3650580	38.20
1979	45-49	0.00379	0.01880	2.8	94616	1779	469172	3174945	33.56
1979	50-54	0.00572	0.02824	2.72	92837	2621	458215	2705773	29.15
1979	55-59	0.00855	0.04190	2.55	90216	3780	441803	2247558	24.91
1979	60-64	0.01423	0.06892	2.74	86436	5957	418687	1805755	20.89
1979	65-69	0.02141	0.10196	2.66	80479	8205	383193	1387069	17.24
1979	70-74	0.03244	0.15034	2.57	72273	10866	334978	1003875	13.89
1979	75-79	0.05032	0.22461	2.61	61407	13793	274101	668897	10.89
1979	80-84	0.07866	0.32893	2.51	47615	15662	199111	394795	8.29
1979	85-89	0.12510	0.47210	2.4	31953	15085	120587	195685	6.12
1979	90-94	0.19310	0.63485	2.3	16868	10709	55456	75098	4.45
1979	95-99	0.29266	0.78657	2.06	6159	4845	16555	19641	3.19
1979	100-104	0.41425	0.89133	1.8	1315	1172	2829	3086	2.35
1979	105-109	0.54949	0.94903	1.55	143	136	247	258	1.80
1979	110+	0.66022	1.00000	1.51	7	7	11	11	1.51
1980	0	0.01178	0.01166	0.08	100000	1166	98929	7536604	75.37
1980	1-4	0.00057	0.00230	1.52	98834	227	394775	7437675	75.25
1980	5-9	0.00024	0.00122	2.57	98608	121	492745	7042900	71.42
1980	10-14	0.00026	0.00128	2.63	98487	126	492137	6550155	66.51
1980	15-19	0.00104	0.00520	2.95	98361	512	490758	6058019	61.59
1980	20-24	0.00122	0.00610	2.42	97849	597	487704	5567261	56.90
1980	25-29	0.00095	0.00476	2.42	97252	463	485070	5079557	52.23
1980	30-34	0.00116	0.00579	2.34	96790	561	482458	4594486	47.47
1980	35-39	0.00139	0.00693	2.5	96229	667	479475	4112029	42.73
1980	40-44	0.00226	0.01124	2.47	95562	1074	475093	3632554	38.01
1980	45-49	0.00408	0.02019	2.76	94488	1908	468160	3157461	33.42
1980	50-54	0.00615	0.03030	2.61	92581	2806	456209	2689301	29.05
1980	55-59	0.00924	0.04520	2.56	89775	4058	438984	2233093	24.87
1980	60-64	0.01375	0.06666	2.73	85717	5714	415593	1794108	20.93
1980	65-69	0.02265	0.10739	2.59	80003	8592	379323	1378515	17.23
1980	70-74	0.03217	0.14926	2.59	71411	10659	331350	999192	13.99
1980	75-79	0.04962	0.22104	2.53	60752	13429	270654	667842	10.99
1980	80-84	0.07803	0.32593	2.48	47323	15424	197671	397188	8.39
1980	85-89	0.12084	0.46018	2.41	31899	14679	121475	199518	6.25
1980	90-94	0.19086	0.62633	2.26	17219	10785	56506	78043	4.53
1980	95-99	0.27717	0.76677	2.09	6434	4934	17801	21536	3.35
1980	100-104	0.38894	0.87403	1.85	1501	1312	3372	3735	2.49
1980	105-109	0.51524	0.93769	1.61	189	177	344	363	1.92
1980	110+	0.62038	1.00000	1.61	12	12	19	19	1.61
1981	0	0.00996	0.00987	0.08	100000	987	99088	7564763	75.65
1981	1-4	0.00060	0.00241	1.68	99013	238	395500	7465674	75.40
1981	5-9	0.00028	0.00139	2.19	98775	137	493490	7070175	71.58
1981	10-14	0.00027	0.00136	2.68	98638	135	492877	6576685	66.68
1981	15-19	0.00099	0.00496	3	98503	488	491540	6083808	61.76
1981	20-24	0.00112	0.00560	2.49	98015	549	488696	5592268	57.06
1981	25-29	0.00111	0.00555	2.7	97466	541	486084	5103572	52.36
1981	30-34	0.00095	0.00476	2.49	96925	461	483465	4617488	47.64
1981	35-39	0.00138	0.00686	2.66	96464	661	480767	4134023	42.86
1981	40-44	0.00217	0.01078	2.56	95802	1033	476495	3653256	38.13
1981	45-49	0.00369	0.01829	2.62	94769	1733	469724	3176761	33.52
1981	50-54	0.00582	0.02871	2.53	93036	2671	458580	2707037	29.10
1981	55-59	0.00933	0.04566	2.65	90365	4126	442147	2248457	24.88
1981	60-64	0.01410	0.06823	2.62	86239	5884	417214	1806310	20.95
1981	65-69	0.02116	0.10074	2.62	80354	8095	382530	1389096	17.29
1981	70-74	0.03356	0.15525	2.59	72259	11218	334316	1006567	13.93
1981	75-79	0.04845	0.21658	2.55	61041	13220	272846	672251	11.01
1981	80-84	0.07779	0.32676	2.55	47821	15626	200874	399405	8.35
1981	85-89	0.12141	0.46211	2.42	32195	14878	122542	198531	6.17
1981	90-94	0.19725	0.64148	2.28	17317	11109	56318	75989	4.39
1981	95-99	0.29485	0.78924	2.06	6209	4900	16619	19670	3.17
1981	100-104	0.41732	0.89318	1.8	1309	1169	2801	3051	2.33
1981	105-109	0.55251	0.94987	1.55	140	133	240	251	1.79
1981	110+	0.66273	1.00000	1.51	7	7	11	11	1.51
1982	0	0.00996	0.00987	0.08	100000	987	99088	7597525	75.98
1982	1-4	0.00047	0.00188	1.76	99013	187	395634	7498437	75.73
1982	5-9	0.00030	0.00152	2.34	98827	150	493733	7102802	71.87
1982	10-14	0.00024	0.00122	3.31	98677	120	493180	6609069	66.98
1982	15-19	0.00057	0.00285	2.92	98556	281	492198	6115889	62.05
1982	20-24	0.00094	0.00467	2.45	98275	459	490204	5623692	57.22
1982	25-29	0.00084	0.00419	2.35	97816	410	487995	5133488	52.48
1982	30-34	0.00100	0.00501	2.62	97406	488	485872	4645493	47.69
1982	35-39	0.00150	0.00745	2.51	96918	722	482793	4159621	42.92
1982	40-44	0.00211	0.01050	2.81	96197	1010	478774	3676828	38.22
1982	45-49	0.00344	0.01708	2.69	95187	1626	472175	3198054	33.60
1982	50-54	0.00574	0.02833	2.63	93561	2651	461533	2725879	29.13
1982	55-59	0.00918	0.04495	2.73	90910	4086	445278	2264346	24.91
1982	60-64	0.01421	0.06870	2.59	86824	5965	419717	1819068	20.95
1982	65-69	0.02174	0.10335	2.61	80859	8357	384328	1399350	17.31
1982	70-74	0.03238	0.15025	2.6	72503	10894	336389	1015023	14.00
1982	75-79	0.04918	0.21925	2.53	61609	13508	274640	678633	11.02
1982	80-84	0.07826	0.32837	2.55	48101	15795	201824	403993	8.40
1982	85-89	0.12057	0.46143	2.46	32306	14907	123636	202169	6.26
1982	90-94	0.19001	0.62734	2.29	17399	10915	57446	78533	4.51
1982	95-99	0.28586	0.77851	2.08	6484	5048	17658	21087	3.25
1982	100-104	0.40668	0.88670	1.82	1436	1273	3131	3429	2.39
1982	105-109	0.54227	0.94698	1.56	163	154	284	297	1.83
1982	110+	0.65389	1.00000	1.53	9	9	13	13	1.53
1983	0	0.00969	0.00960	0.08	100000	960	99112	7615954	76.16
1983	1-4	0.00071	0.00282	1.64	99040	279	395498	7516842	75.90
1983	5-9	0.00020	0.00099	2.37	98760	98	493545	7121344	72.11
1983	10-14	0.00028	0.00138	3.01	98663	136	493041	6627799	67.18
1983	15-19	0.00069	0.00343	2.91	98526	338	491926	6134758	62.27
1983	20-24	0.00095	0.00475	2.66	98188	466	489849	5642832	57.47
1983	25-29	0.00079	0.00394	2.61	97722	385	487692	5152983	52.73
1983	30-34	0.00076	0.00381	2.38	97337	371	485714	4665291	47.93
1983	35-39	0.00107	0.00532	2.52	96966	515	483551	4179577	43.10
1983	40-44	0.00198	0.00984	2.63	96451	949	480000	3696026	38.32
1983	45-49	0.00325	0.01612	2.72	95502	1539	473996	3216026	33.68
1983	50-54	0.00549	0.02712	2.69	93963	2549	463935	2742030	29.18
1983	55-59	0.00905	0.04438	2.76	91414	4057	448003	2278095	24.92
1983	60-64	0.01381	0.06694	2.7	87358	5848	423330	1830093	20.95
1983	65-69	0.02149	0.10222	2.61	81510	8332	387625	1406763	17.26
1983	70-74	0.03265	0.15152	2.63	73178	11088	339639	1019138	13.93
1983	75-79	0.04952	0.22061	2.53	62090	13698	276621	679498	10.94
1983	80-84	0.07934	0.33094	2.5	48392	16015	201844	402877	8.33
1983	85-89	0.12363	0.46820	2.41	32377	15159	122615	201033	6.21
1983	90-94	0.18951	0.62450	2.27	17218	10753	56740	78418	4.55
1983	95-99	0.27667	0.76603	2.09	6465	4953	17901	21679	3.35
1983	100-104	0.38754	0.87296	1.85	1513	1321	3407	3778	2.50
1983	105-109	0.51303	0.93687	1.61	192	180	351	371	1.93
1983	110+	0.61772	1.00000	1.62	12	12	20	20	1.62
1984	0	0.00960	0.00952	0.07	100000	952	99119	7633137	76.33
1984	1-4	0.00047	0.00189	1.72	99048	187	395766	7534017	76.06
1984	5-9	0.00020	0.00101	2.51	98861	100	494055	7138251	72.21
1984	10-14	0.00032	0.00158	2.69	98761	156	493444	6644196	67.28
1984	15-19	0.00084	0.00417	2.71	98605	411	492084	6150753	62.38
1984	20-24	0.00088	0.00441	2.36	98194	433	489826	5658669	57.63
1984	25-29	0.00081	0.00402	2.49	97760	393	487814	5168842	52.87
1984	30-34	0.00091	0.00456	2.7	97368	444	485815	4681028	48.08
1984	35-39	0.00113	0.00562	2.61	96924	544	483319	4195214	43.28
1984	40-44	0.00201	0.01001	2.74	96379	965	479716	3711895	38.51
1984	45-49	0.00290	0.01440	2.74	95414	1374	473961	3232179	33.88
1984	50-54	0.00494	0.02442	2.61	94040	2297	464708	2758218	29.33
1984	55-59	0.00926	0.04532	2.65	91744	4158	448934	2293510	25.00
1984	60-64	0.01356	0.06571	2.65	87585	5755	424425	1844575	21.06
1984	65-69	0.02139	0.10182	2.65	81830	8332	389537	1420150	17.35
1984	70-74	0.03346	0.15474	2.58	73498	11373	339956	1030613	14.02
1984	75-79	0.04930	0.21927	2.48	62125	13622	276319	690657	11.12
1984	80-84	0.07545	0.31857	2.56	48503	15451	204794	414338	8.54
1984	85-89	0.11662	0.44940	2.45	33051	14853	127365	209544	6.34
1984	90-94	0.18933	0.62680	2.3	18198	11407	60247	82179	4.52
1984	95-99	0.28795	0.78142	2.07	6792	5307	18430	21932	3.23
1984	100-104	0.41194	0.89026	1.81	1485	1322	3208	3502	2.36
1984	105-109	0.55032	0.94947	1.55	163	155	281	293	1.80
1984	110+	0.66359	1.00000	1.51	8	8	12	12	1.51
1985	0	0.00953	0.00944	0.07	100000	944	99126	7637976	76.38
1985	1-4	0.00038	0.00152	1.23	99056	151	395805	7538849	76.11
1985	5-9	0.00024	0.00121	2.53	98905	120	494228	7143044	72.22
1985	10-14	0.00015	0.00074	3.1	98785	73	493788	6648816	67.31
1985	15-19	0.00079	0.00395	2.76	98712	390	492689	6155028	62.35
1985	20-24	0.00080	0.00399	2.28	98323	393	490546	5662339	57.59
1985	25-29	0.00080	0.00397	2.42	97930	389	488648	5171793	52.81
1985	30-34	0.00088	0.00438	2.6	97541	428	486679	4683145	48.01
1985	35-39	0.00103	0.00516	2.68	97114	501	484406	4196466	43.21
1985	40-44	0.00202	0.01006	2.77	96613	972	480892	3712060	38.42
1985	45-49	0.00282	0.01399	2.75	95641	1338	475198	3231168	33.78
1985	50-54	0.00552	0.02726	2.65	94303	2570	465465	2755970	29.22
1985	55-59	0.00868	0.04257	2.71	91732	3905	449713	2290505	24.97
1985	60-64	0.01386	0.06703	2.58	87827	5887	424914	1840792	20.96
1985	65-69	0.02114	0.10072	2.66	81940	8253	390407	1415878	17.28
1985	70-74	0.03387	0.15634	2.54	73687	11520	340129	1025470	13.92
1985	75-79	0.04932	0.22012	2.56	62167	13684	277432	685342	11.02
1985	80-84	0.07750	0.32590	2.56	48483	15800	203868	407910	8.41
1985	85-89	0.11899	0.45676	2.46	32682	14928	125460	204041	6.24
1985	90-94	0.19459	0.63586	2.28	17754	11289	58016	78581	4.43
1985	95-99	0.29302	0.78754	2.06	6465	5091	17376	20565	3.18
1985	100-104	0.41900	0.89463	1.8	1374	1229	2933	3189	2.32
1985	105-109	0.55897	0.95195	1.54	145	138	246	257	1.77
1985	110+	0.67299	1.00000	1.49	7	7	10	10	1.49
1986	0	0.00983	0.00974	0.08	100000	974	99100	7637662	76.38
1986	1-4	0.00048	0.00190	1.53	99026	188	395639	7538562	76.13
1986	5-9	0.00018	0.00088	2.88	98838	87	494005	7142922	72.27
1986	10-14	0.00026	0.00130	2.74	98751	128	493466	6648917	67.33
1986	15-19	0.00083	0.00414	2.82	98623	408	492226	6155451	62.41
1986	20-24	0.00116	0.00577	2.41	98215	567	489608	5663225	57.66
1986	25-29	0.00109	0.00543	2.34	97648	530	486832	5173617	52.98
1986	30-34	0.00080	0.00399	2.41	97118	388	484587	4686785	48.26
1986	35-39	0.00120	0.00599	2.67	96730	579	482301	4202198	43.44
1986	40-44	0.00189	0.00943	2.52	96151	906	478509	3719898	38.69
1986	45-49	0.00359	0.01781	2.64	95244	1697	472217	3241389	34.03
1986	50-54	0.00513	0.02536	2.77	93548	2372	462455	2769172	29.60
1986	55-59	0.00819	0.04022	2.73	91175	3667	447538	2306717	25.30
1986	60-64	0.01378	0.06671	2.61	87508	5838	423577	1859179	21.25
1986	65-69	0.02021	0.09630	2.55	81670	7865	389119	1435602	17.58
1986	70-74	0.03296	0.15286	2.63	73806	11282	342280	1046483	14.18
1986	75-79	0.04775	0.21396	2.57	62524	13378	280176	704203	11.26
1986	80-84	0.07403	0.31280	2.52	49146	15373	207663	424027	8.63
1986	85-89	0.11655	0.44801	2.42	33773	15131	129820	216364	6.41
1986	90-94	0.18311	0.61304	2.31	18642	11429	62414	86544	4.64
1986	95-99	0.27661	0.76682	2.09	7214	5532	19998	24130	3.34
1986	100-104	0.39425	0.87839	1.84	1682	1478	3748	4132	2.46
1986	105-109	0.52746	0.94227	1.59	205	193	365	384	1.88
1986	110+	0.63805	1.00000	1.57	12	12	19	19	1.57
1987	0	0.00836	0.00829	0.07	100000	829	99230	7650028	76.50
1987	1-4	0.00048	0.00193	1.77	99171	191	396257	7550798	76.14
1987	5-9	0.00024	0.00122	2.34	98979	121	494576	7154541	72.28
1987	10-14	0.00034	0.00167	2.88	98859	166	493943	6659965	67.37
1987	15-19	0.00097	0.00483	2.57	98693	477	492309	6166021	62.48
1987	20-24	0.00077	0.00386	2.19	98217	379	490018	5673713	57.77
1987	25-29	0.00092	0.00460	2.46	97838	450	488044	5183695	52.98
1987	30-34	0.00085	0.00426	2.65	97388	415	485966	4695651	48.22
1987	35-39	0.00119	0.00592	2.55	96973	574	483456	4209685	43.41
1987	40-44	0.00174	0.00868	2.6	96399	837	479982	3726229	38.65
1987	45-49	0.00337	0.01670	2.61	95562	1596	473995	3246247	33.97
1987	50-54	0.00568	0.02806	2.73	93966	2637	463844	2772252	29.50
1987	55-59	0.00897	0.04387	2.57	91329	4006	446896	2308407	25.28
1987	60-64	0.01301	0.06309	2.59	87322	5509	423339	1861512	21.32
1987	65-69	0.02053	0.09786	2.61	81813	8006	389928	1438173	17.58
1987	70-74	0.03157	0.14721	2.71	73807	10865	344133	1048245	14.20
1987	75-79	0.04743	0.21239	2.54	62942	13368	281881	704112	11.19
1987	80-84	0.07409	0.31328	2.54	49574	15530	209600	422231	8.52
1987	85-89	0.11813	0.45342	2.44	34044	15436	130675	212631	6.25
1987	90-94	0.19542	0.63779	2.28	18607	11868	60728	81956	4.40
1987	95-99	0.29610	0.79158	2.06	6740	5335	18018	21228	3.15
1987	100-104	0.42616	0.89913	1.79	1405	1263	2964	3210	2.29
1987	105-109	0.56986	0.95499	1.52	142	135	237	247	1.74
1987	110+	0.68600	1.00000	1.46	6	6	9	9	1.46
1988	0	0.00889	0.00882	0.07	100000	882	99183	7656750	76.57
1988	1-4	0.00059	0.00234	1.38	99118	232	395864	7557567	76.25
1988	5-9	0.00020	0.00100	2.59	98886	99	494192	7161704	72.42
1988	10-14	0.00023	0.00117	3.22	98787	116	493728	6667512	67.49
1988	15-19	0.00091	0.00452	2.82	98671	446	492385	6173784	62.57
1988	20-24	0.00094	0.00470	2.3	98225	462	489880	5681399	57.84
1988	25-29	0.00089	0.00445	2.63	97763	435	487785	5191519	53.10
1988	30-34	0.00085	0.00423	2.52	97329	411	485626	4703733	48.33
1988	35-39	0.00131	0.00655	2.74	96918	635	483151	4218107	43.52
1988	40-44	0.00184	0.00917	2.82	96283	883	479494	3734956	38.79
1988	45-49	0.00292	0.01452	2.73	95400	1385	473853	3255462	34.12
1988	50-54	0.00507	0.02507	2.73	94015	2357	464726	2781609	29.59
1988	55-59	0.00861	0.04222	2.68	91658	3870	449315	2316882	25.28
1988	60-64	0.01353	0.06566	2.77	87788	5765	426112	1867568	21.27
1988	65-69	0.02071	0.09857	2.56	82023	8085	390404	1441456	17.57
1988	70-74	0.03176	0.14765	2.63	73938	10917	343793	1051051	14.22
1988	75-79	0.04715	0.21164	2.58	63021	13338	282854	707258	11.22
1988	80-84	0.07293	0.30911	2.54	49684	15358	210571	424404	8.54
1988	85-89	0.12166	0.46355	2.43	34326	15912	130793	213833	6.23
1988	90-94	0.19001	0.62702	2.29	18414	11546	60767	83040	4.51
1988	95-99	0.28670	0.77974	2.08	6868	5355	18679	22272	3.24
1988	100-104	0.40892	0.88819	1.82	1513	1344	3286	3593	2.38
1988	105-109	0.54515	0.94784	1.56	169	160	294	308	1.82
1988	110+	0.65686	1.00000	1.52	9	9	13	13	1.52
1989	0	0.00789	0.00783	0.07	100000	783	99272	7683151	76.83
1989	1-4	0.00045	0.00178	1.5	99217	177	396427	7583878	76.44
1989	5-9	0.00024	0.00120	2.27	99040	119	494878	7187451	72.57
1989	10-14	0.00026	0.00130	2.49	98922	129	494286	6692573	67.66
1989	15-19	0.00073	0.00366	2.75	98793	361	493153	6198288	62.74
1989	20-24	0.00095	0.00472	2.72	98432	464	491099	5705134	57.96
1989	25-29	0.00079	0.00393	2.65	97968	385	488934	5214035	53.22
1989	30-34	0.00097	0.00483	2.78	97582	471	486864	4725101	48.42
1989	35-39	0.00117	0.00585	2.57	97111	568	484176	4238237	43.64
1989	40-44	0.00181	0.00899	2.6	96543	868	480632	3754061	38.88
1989	45-49	0.00328	0.01628	2.68	95675	1557	474758	3273429	34.21
1989	50-54	0.00547	0.02702	2.68	94118	2543	464679	2798671	29.74
1989	55-59	0.00806	0.03954	2.67	91575	3621	449429	2333992	25.49
1989	60-64	0.01326	0.06437	2.71	87954	5661	426785	1884563	21.43
1989	65-69	0.02042	0.09738	2.64	82293	8014	392526	1457778	17.71
1989	70-74	0.03173	0.14767	2.66	74279	10969	345708	1065252	14.34
1989	75-79	0.04585	0.20654	2.6	63310	13076	285219	719544	11.37
1989	80-84	0.07197	0.30544	2.53	50234	15344	213205	434325	8.65
1989	85-89	0.11724	0.45552	2.55	34890	15893	135565	221121	6.34
1989	90-94	0.18838	0.62743	2.34	18997	11919	63271	85556	4.50
1989	95-99	0.29604	0.79177	2.06	7078	5604	18930	22285	3.15
1989	100-104	0.42794	0.90031	1.78	1474	1327	3101	3355	2.28
1989	105-109	0.57334	0.95595	1.51	147	140	245	254	1.73
1989	110+	0.69045	1.00000	1.45	6	6	9	9	1.45
1990	0	0.00839	0.00832	0.07	100000	832	99227	7690943	76.91
1990	1-4	0.00035	0.00141	2.02	99168	140	396394	7591716	76.55
1990	5-9	0.00034	0.00170	2.46	99028	169	494712	7195322	72.66
1990	10-14	0.00026	0.00132	2.85	98859	131	494014	6700610	67.78
1990	15-19	0.00092	0.00461	2.84	98728	455	492661	6206596	62.87
1990	20-24	0.00090	0.00448	2.66	98273	441	490334	5713935	58.14
1990	25-29	0.00085	0.00422	2.22	97833	413	488012	5223601	53.39
1990	30-34	0.00103	0.00513	2.6	97419	500	485895	4735589	48.61
1990	35-39	0.00124	0.00617	2.59	96920	598	483154	4249694	43.85
1990	40-44	0.00171	0.00854	2.7	96321	823	479717	3766540	39.10
1990	45-49	0.00276	0.01370	2.78	95499	1308	474594	3286823	34.42
1990	50-54	0.00497	0.02459	2.66	94191	2316	465542	2812229	29.86
1990	55-59	0.00810	0.03976	2.71	91875	3653	451006	2346686	25.54
1990	60-64	0.01356	0.06578	2.73	88222	5803	427960	1895681	21.49
1990	65-69	0.02034	0.09711	2.68	82419	8004	393555	1467721	17.81
1990	70-74	0.03052	0.14251	2.68	74415	10605	347520	1074165	14.43
1990	75-79	0.04568	0.20566	2.58	63810	13123	287296	726645	11.39
1990	80-84	0.07314	0.30917	2.5	50687	15671	214255	439350	8.67
1990	85-89	0.11512	0.44471	2.44	35016	15572	135264	225094	6.43
1990	90-94	0.18348	0.61458	2.31	19444	11950	65129	89830	4.62
1990	95-99	0.28081	0.77283	2.09	7494	5792	20625	24701	3.30
1990	100-104	0.40511	0.88623	1.83	1702	1509	3724	4076	2.39
1990	105-109	0.54565	0.94830	1.56	194	184	337	352	1.82
1990	110+	0.66142	1.00000	1.51	10	10	15	15	1.51
1991	0	0.00774	0.00769	0.07	100000	769	99285	7717190	77.17
1991	1-4	0.00042	0.00167	1.64	99231	165	396535	7617905	76.77
1991	5-9	0.00023	0.00116	2.27	99066	115	495016	7221370	72.89
1991	10-14	0.00024	0.00118	2.3	98951	117	494440	6726354	67.98
1991	15-19	0.00075	0.00375	2.76	98834	370	493343	6231915	63.05
1991	20-24	0.00102	0.00510	2.29	98464	502	490961	5738572	58.28
1991	25-29	0.00089	0.00444	2.52	97962	435	488730	5247611	53.57
1991	30-34	0.00104	0.00520	2.5	97527	507	486364	4758881	48.80
1991	35-39	0.00128	0.00639	2.68	97020	620	483663	4272517	44.04
1991	40-44	0.00171	0.00850	2.55	96400	819	479993	3788855	39.30
1991	45-49	0.00282	0.01402	2.59	95580	1340	474672	3308861	34.62
1991	50-54	0.00495	0.02446	2.68	94240	2306	465844	2834189	30.07
1991	55-59	0.00771	0.03783	2.62	91935	3478	451383	2368345	25.76
1991	60-64	0.01230	0.05975	2.64	88457	5286	429786	1916963	21.67
1991	65-69	0.01981	0.09465	2.65	83171	7872	397327	1487177	17.88
1991	70-74	0.03025	0.14099	2.6	75299	10617	351011	1089850	14.47
1991	75-79	0.04616	0.20735	2.55	64683	13412	290533	738838	11.42
1991	80-84	0.07156	0.30500	2.58	51271	15637	218517	448305	8.74
1991	85-89	0.11338	0.43991	2.45	35633	15675	138249	229789	6.45
1991	90-94	0.18480	0.61670	2.3	19958	12308	66603	91540	4.59
1991	95-99	0.28406	0.77742	2.09	7650	5947	20937	24937	3.26
1991	100-104	0.41339	0.89185	1.81	1703	1519	3673	4000	2.35
1991	105-109	0.55881	0.95224	1.54	184	175	314	327	1.77
1991	110+	0.67748	1.00000	1.48	9	9	13	13	1.48
1992	0	0.00757	0.00752	0.07	100000	752	99301	7747832	77.48
1992	1-4	0.00038	0.00152	1.6	99248	151	396631	7648532	77.06
1992	5-9	0.00022	0.00108	2.54	99097	107	495224	7251901	73.18
1992	10-14	0.00022	0.00112	2.63	98991	111	494691	6756677	68.26
1992	15-19	0.00066	0.00331	2.62	98880	327	493620	6261986	63.33
1992	20-24	0.00084	0.00419	2.43	98553	413	491702	5768367	58.53
1992	25-29	0.00088	0.00440	2.6	98140	431	489666	5276664	53.77
1992	30-34	0.00099	0.00493	2.57	97708	482	487372	4786998	48.99
1992	35-39	0.00132	0.00660	2.36	97227	641	484439	4299627	44.22
1992	40-44	0.00174	0.00864	2.76	96585	835	481061	3815188	39.50
1992	45-49	0.00278	0.01379	2.63	95751	1320	475622	3334127	34.82
1992	50-54	0.00500	0.02472	2.74	94430	2334	466875	2858505	30.27
1992	55-59	0.00772	0.03793	2.71	92096	3493	452474	2391630	25.97
1992	60-64	0.01203	0.05849	2.67	88603	5182	430944	1939155	21.89
1992	65-69	0.01873	0.08973	2.66	83421	7485	399594	1508211	18.08
1992	70-74	0.02990	0.13968	2.65	75936	10607	354756	1108617	14.60
1992	75-79	0.04455	0.20158	2.64	65329	13169	295570	753861	11.54
1992	80-84	0.07312	0.30963	2.53	52160	16150	220888	458291	8.79
1992	85-89	0.11138	0.43342	2.44	36010	15607	140132	237403	6.59
1992	90-94	0.17526	0.59938	2.36	20403	12229	69777	97271	4.77
1992	95-99	0.27440	0.76435	2.1	8174	6248	22769	27494	3.36
1992	100-104	0.39456	0.87895	1.85	1926	1693	4291	4725	2.45
1992	105-109	0.53110	0.94366	1.58	233	220	414	435	1.86
1992	110+	0.64439	1.00000	1.55	13	13	20	20	1.55
1993	0	0.00940	0.00932	0.07	100000	932	99138	7713579	77.14
1993	1-4	0.00047	0.00188	1.68	99068	186	395841	7614442	76.86
1993	5-9	0.00021	0.00104	2.85	98882	103	494189	7218600	73.00
1993	10-14	0.00028	0.00138	3.16	98779	136	493645	6724412	68.08
1993	15-19	0.00069	0.00344	2.7	98643	340	492434	6230767	63.16
1993	20-24	0.00083	0.00416	2.46	98303	409	490478	5738333	58.37
1993	25-29	0.00096	0.00477	2.57	97894	467	488335	5247855	53.61
1993	30-34	0.00107	0.00532	2.58	97427	518	485879	4759520	48.85
1993	35-39	0.00125	0.00623	2.66	96909	603	483133	4273641	44.10
1993	40-44	0.00183	0.00911	2.67	96305	877	479485	3790508	39.36
1993	45-49	0.00269	0.01336	2.51	95429	1275	473970	3311023	34.70
1993	50-54	0.00431	0.02134	2.64	94153	2009	466023	2837053	30.13
1993	55-59	0.00831	0.04077	2.7	92144	3757	452090	2371030	25.73
1993	60-64	0.01252	0.06081	2.68	88387	5375	429443	1918940	21.71
1993	65-69	0.02000	0.09558	2.7	83013	7935	396793	1489498	17.94
1993	70-74	0.03031	0.14114	2.57	75078	10596	349621	1092705	14.55
1993	75-79	0.04480	0.20218	2.59	64482	13037	290987	743084	11.52
1993	80-84	0.06979	0.29813	2.56	51445	15337	219759	452098	8.79
1993	85-89	0.11368	0.44033	2.44	36107	15899	139854	232339	6.43
1993	90-94	0.18530	0.61819	2.31	20208	12493	67417	92485	4.58
1993	95-99	0.28522	0.77886	2.09	7716	6009	21070	25068	3.25
1993	100-104	0.41465	0.89257	1.81	1706	1523	3673	3998	2.34
1993	105-109	0.55958	0.95241	1.54	183	175	312	325	1.77
1993	110+	0.67765	1.00000	1.48	9	9	13	13	1.48
1994	0	0.00796	0.00790	0.07	100000	790	99266	7733452	77.33
1994	1-4	0.00049	0.00195	1.56	99210	193	396369	7634186	76.95
1994	5-9	0.00012	0.00061	2.1	99017	61	494908	7237818	73.10
1994	10-14	0.00024	0.00119	3.28	98956	118	494578	6742910	68.14
1994	15-19	0.00079	0.00392	2.7	98838	388	493300	6248332	63.22
1994	20-24	0.00077	0.00385	2.46	98450	379	491289	5755033	58.46
1994	25-29	0.00100	0.00497	2.43	98072	487	489107	5263744	53.67
1994	30-34	0.00124	0.00619	2.53	97584	604	486428	4774637	48.93
1994	35-39	0.00142	0.00708	2.48	96980	687	483171	4288209	44.22
1994	40-44	0.00192	0.00955	2.68	96294	920	479330	3805038	39.51
1994	45-49	0.00269	0.01338	2.71	95374	1277	473948	3325708	34.87
1994	50-54	0.00499	0.02466	2.61	94097	2321	464937	2851759	30.31
1994	55-59	0.00743	0.03653	2.72	91776	3352	451246	2386822	26.01
1994	60-64	0.01184	0.05764	2.7	88424	5097	430400	1935576	21.89
1994	65-69	0.01934	0.09252	2.65	83327	7710	398548	1505176	18.06
1994	70-74	0.02987	0.13942	2.62	75617	10543	352954	1106628	14.63
1994	75-79	0.04289	0.19406	2.55	65074	12628	294422	753674	11.58
1994	80-84	0.07025	0.29922	2.52	52446	15693	223378	459252	8.76
1994	85-89	0.11574	0.44670	2.45	36753	16418	141844	235875	6.42
1994	90-94	0.18253	0.61305	2.32	20335	12467	68298	94031	4.62
1994	95-99	0.28322	0.77612	2.09	7869	6107	21563	25733	3.27
1994	100-104	0.41014	0.88960	1.82	1762	1567	3821	4170	2.37
1994	105-109	0.55286	0.95046	1.55	194	185	334	349	1.79
1994	110+	0.66975	1.00000	1.49	10	10	14	14	1.49
1995	0	0.00767	0.00762	0.07	100000	762	99292	7754690	77.55
1995	1-4	0.00029	0.00117	2.15	99238	116	396738	7655399	77.14
1995	5-9	0.00020	0.00101	2.29	99122	100	495338	7258660	73.23
1995	10-14	0.00021	0.00103	2.9	99022	102	494895	6763322	68.30
1995	15-19	0.00076	0.00381	2.79	98920	377	493767	6268427	63.37
1995	20-24	0.00078	0.00389	2.5	98542	383	491753	5774660	58.60
1995	25-29	0.00087	0.00434	2.52	98159	426	489739	5282907	53.82
1995	30-34	0.00105	0.00525	2.5	97733	513	487382	4793167	49.04
1995	35-39	0.00146	0.00727	2.58	97220	707	484391	4305786	44.29
1995	40-44	0.00202	0.01007	2.52	96513	972	480155	3821395	39.59
1995	45-49	0.00259	0.01290	2.83	95542	1233	475040	3341240	34.97
1995	50-54	0.00396	0.01960	2.6	94309	1849	467111	2866200	30.39
1995	55-59	0.00724	0.03557	2.63	92461	3289	454519	2399089	25.95
1995	60-64	0.01209	0.05880	2.68	89172	5243	433681	1944570	21.81
1995	65-69	0.01917	0.09174	2.65	83929	7700	401579	1510889	18.00
1995	70-74	0.02931	0.13694	2.61	76229	10439	356160	1109311	14.55
1995	75-79	0.04427	0.20017	2.61	65790	13169	297446	753151	11.45
1995	80-84	0.07119	0.30297	2.54	52621	15943	223956	455705	8.66
1995	85-89	0.11501	0.44524	2.47	36678	16331	141995	231749	6.32
1995	90-94	0.19343	0.63585	2.31	20347	12938	66889	89754	4.41
1995	95-99	0.30278	0.79988	2.05	7409	5927	19574	22865	3.09
1995	100-104	0.43981	0.90712	1.76	1483	1345	3058	3290	2.22
1995	105-109	0.58933	0.95993	1.49	138	132	224	232	1.69
1995	110+	0.70821	1.00000	1.41	6	6	8	8	1.41
1996	0	0.00895	0.00888	0.07	100000	888	99178	7740477	77.40
1996	1-4	0.00032	0.00127	1.57	99112	126	396142	7641299	77.10
1996	5-9	0.00015	0.00076	2.59	98986	76	494748	7245157	73.19
1996	10-14	0.00035	0.00176	2.83	98910	174	494174	6750409	68.25
1996	15-19	0.00077	0.00382	2.62	98736	378	492782	6256234	63.36
1996	20-24	0.00077	0.00384	2.56	98359	377	490872	5763453	58.60
1996	25-29	0.00093	0.00462	2.54	97981	453	488795	5272580	53.81
1996	30-34	0.00098	0.00490	2.49	97529	477	486447	4783785	49.05
1996	35-39	0.00098	0.00488	2.75	97051	473	484191	4297338	44.28
1996	40-44	0.00209	0.01040	2.5	96578	1005	480381	3813147	39.48
1996	45-49	0.00294	0.01461	2.64	95573	1396	474574	3332765	34.87
1996	50-54	0.00473	0.02341	2.76	94177	2205	465940	2858192	30.35
1996	55-59	0.00727	0.03575	2.74	91972	3288	452440	2392252	26.01
1996	60-64	0.01158	0.05637	2.62	88684	4999	431541	1939812	21.87
1996	65-69	0.01851	0.08874	2.69	83685	7426	401265	1508271	18.02
1996	70-74	0.02847	0.13305	2.55	76259	10146	356430	1107006	14.52
1996	75-79	0.04365	0.19809	2.67	66113	13096	300004	750576	11.35
1996	80-84	0.07240	0.30753	2.55	53017	16304	225200	450572	8.50
1996	85-89	0.12217	0.46517	2.44	36712	17077	139780	225372	6.14
1996	90-94	0.19735	0.64185	2.28	19635	12603	63861	85592	4.36
1996	95-99	0.30259	0.79928	2.05	7032	5621	18575	21731	3.09
1996	100-104	0.43640	0.90500	1.77	1412	1277	2927	3156	2.24
1996	105-109	0.58257	0.95820	1.5	134	128	221	229	1.70
1996	110+	0.69941	1.00000	1.43	6	6	8	8	1.43
1997	0	0.00758	0.00752	0.07	100000	752	99300	7770502	77.71
1997	1-4	0.00038	0.00152	1.67	99248	151	396639	7671202	77.29
1997	5-9	0.00014	0.00072	2.36	99096	72	495293	7274563	73.41
1997	10-14	0.00021	0.00107	2.59	99025	106	494868	6779269	68.46
1997	15-19	0.00076	0.00381	2.72	98919	376	493734	6284401	63.53
1997	20-24	0.00081	0.00406	2.4	98542	400	491671	5790668	58.76
1997	25-29	0.00074	0.00368	2.58	98142	361	489838	5298997	53.99
1997	30-34	0.00102	0.00509	2.87	97781	497	487846	4809158	49.18
1997	35-39	0.00133	0.00664	2.69	97284	646	484928	4321312	44.42
1997	40-44	0.00194	0.00966	2.72	96639	933	481064	3836384	39.70
1997	45-49	0.00256	0.01275	2.79	95705	1220	475823	3355321	35.06
1997	50-54	0.00451	0.02234	2.69	94485	2110	467548	2879498	30.48
1997	55-59	0.00769	0.03774	2.6	92374	3487	453500	2411949	26.11
1997	60-64	0.01117	0.05447	2.72	88888	4841	433410	1958449	22.03
1997	65-69	0.01818	0.08724	2.69	84046	7332	403323	1525040	18.15
1997	70-74	0.02801	0.13110	2.57	76714	10058	359112	1121717	14.62
1997	75-79	0.04403	0.19901	2.59	66657	13265	301267	762605	11.44
1997	80-84	0.07082	0.30188	2.56	53392	16118	227585	461338	8.64
1997	85-89	0.11640	0.44880	2.45	37274	16728	143710	233753	6.27
1997	90-94	0.19634	0.64255	2.31	20545	13201	67237	90042	4.38
1997	95-99	0.30082	0.79739	2.05	7344	5856	19466	22805	3.11
1997	100-104	0.43469	0.90408	1.77	1488	1345	3095	3339	2.24
1997	105-109	0.58063	0.95772	1.5	143	137	235	244	1.71
1997	110+	0.69725	1.00000	1.43	6	6	9	9	1.43
1998	0	0.00749	0.00744	0.07	100000	744	99308	7788795	77.89
1998	1-4	0.00028	0.00112	1.24	99256	111	396717	7689487	77.47
1998	5-9	0.00021	0.00105	2.34	99145	104	495449	7292770	73.56
1998	10-14	0.00022	0.00108	2.66	99041	107	494956	6797321	68.63
1998	15-19	0.00069	0.00344	2.65	98934	340	493872	6302365	63.70
1998	20-24	0.00074	0.00368	2.39	98594	363	492024	5808494	58.91
1998	25-29	0.00077	0.00383	2.3	98231	376	490138	5316470	54.12
1998	30-34	0.00093	0.00465	2.7	97855	455	488229	4826332	49.32
1998	35-39	0.00124	0.00620	2.68	97400	603	485601	4338103	44.54
1998	40-44	0.00211	0.01048	2.7	96797	1014	481649	3852503	39.80
1998	45-49	0.00289	0.01435	2.68	95782	1375	475723	3370854	35.19
1998	50-54	0.00465	0.02299	2.76	94408	2171	467180	2895131	30.67
1998	55-59	0.00695	0.03421	2.71	92237	3155	453971	2427951	26.32
1998	60-64	0.01106	0.05386	2.59	89082	4798	433848	1973980	22.16
1998	65-69	0.01741	0.08351	2.57	84284	7039	404295	1540132	18.27
1998	70-74	0.02876	0.13450	2.6	77245	10390	361295	1135837	14.70
1998	75-79	0.04187	0.19050	2.64	66855	12736	304197	774542	11.59
1998	80-84	0.07137	0.30409	2.57	54120	16457	230596	470345	8.69
1998	85-89	0.11666	0.45011	2.46	37663	16952	145313	239749	6.37
1998	90-94	0.18352	0.61886	2.37	20710	12817	69837	94436	4.56
1998	95-99	0.29919	0.79596	2.06	7894	6283	21000	24599	3.12
1998	100-104	0.43647	0.90546	1.77	1611	1458	3341	3599	2.23
1998	105-109	0.58704	0.95947	1.49	152	146	249	258	1.69
1998	110+	0.70698	1.00000	1.41	6	6	9	9	1.41
1999	0	0.00705	0.00700	0.07	100000	700	99347	7771998	77.72
1999	1-4	0.00031	0.00125	1.91	99300	124	396941	7672651	77.27
1999	5-9	0.00020	0.00101	2.18	99176	100	495596	7275710	73.36
1999	10-14	0.00018	0.00092	2.86	99075	91	495182	6780113	68.43
1999	15-19	0.00082	0.00410	2.68	98984	406	493978	6284932	63.49
1999	20-24	0.00077	0.00385	2.49	98578	379	491941	5790953	58.74
1999	25-29	0.00071	0.00356	2.64	98199	350	490169	5299012	53.96
1999	30-34	0.00101	0.00504	2.75	97850	493	488137	4808843	49.15
1999	35-39	0.00142	0.00706	2.71	97356	687	485208	4320706	44.38
1999	40-44	0.00185	0.00920	2.7	96669	890	481302	3835498	39.68
1999	45-49	0.00254	0.01264	2.71	95780	1210	476129	3354196	35.02
1999	50-54	0.00418	0.02069	2.67	94569	1957	468291	2878067	30.43
1999	55-59	0.00721	0.03545	2.6	92613	3283	455193	2409776	26.02
1999	60-64	0.01177	0.05727	2.64	89329	5116	434584	1954582	21.88
1999	65-69	0.01863	0.08915	2.59	84213	7507	402961	1519999	18.05
1999	70-74	0.02799	0.13121	2.63	76706	10065	359633	1117037	14.56
1999	75-79	0.04356	0.19735	2.62	66641	13152	301908	757404	11.37
1999	80-84	0.07468	0.31601	2.57	53489	16903	226345	455497	8.52
1999	85-89	0.11792	0.45616	2.52	36586	16689	141529	229151	6.26
1999	90-94	0.19516	0.63694	2.27	19897	12673	64937	87623	4.40
1999	95-99	0.29715	0.79282	2.06	7224	5727	19273	22685	3.14
1999	100-104	0.42735	0.89976	1.78	1497	1347	3151	3412	2.28
1999	105-109	0.57045	0.95509	1.52	150	143	251	261	1.74
1999	110+	0.68576	1.00000	1.46	7	7	10	10	1.46
2000	0	0.00763	0.00758	0.07	100000	758	99295	7827874	78.28
2000	1-4	0.00030	0.00120	1.57	99242	119	396679	7728580	77.88
2000	5-9	0.00018	0.00090	2.33	99123	89	495377	7331901	73.97
2000	10-14	0.00020	0.00101	2.76	99034	100	494947	6836523	69.03
2000	15-19	0.00072	0.00360	2.92	98934	356	493933	6341577	64.10
2000	20-24	0.00080	0.00397	2.44	98578	392	491888	5847643	59.32
2000	25-29	0.00084	0.00421	2.62	98187	414	489947	5355755	54.55
2000	30-34	0.00084	0.00420	2.82	97773	411	487971	4865808	49.77
2000	35-39	0.00114	0.00569	2.72	97363	554	485552	4377837	44.96
2000	40-44	0.00172	0.00856	2.75	96808	829	482174	3892286	40.21
2000	45-49	0.00264	0.01312	2.62	95979	1259	476899	3410112	35.53
2000	50-54	0.00432	0.02137	2.77	94720	2024	469082	2933213	30.97
2000	55-59	0.00609	0.03002	2.71	92696	2783	457106	2464131	26.58
2000	60-64	0.01082	0.05280	2.68	89913	4747	438532	2007026	22.32
2000	65-69	0.01791	0.08589	2.62	85166	7315	408425	1568494	18.42
2000	70-74	0.02644	0.12439	2.62	77851	9684	366233	1160069	14.90
2000	75-79	0.04128	0.18769	2.59	68167	12794	309963	793836	11.65
2000	80-84	0.07012	0.29947	2.56	55373	16582	236475	483872	8.74
2000	85-89	0.11620	0.45055	2.51	38791	17477	150402	247398	6.38
2000	90-94	0.18560	0.62193	2.35	21313	13256	71418	96996	4.55
2000	95-99	0.29329	0.78853	2.07	8058	6354	21664	25578	3.17
2000	100-104	0.42389	0.89787	1.79	1704	1530	3609	3914	2.30
2000	105-109	0.56749	0.95436	1.52	174	166	293	304	1.75
2000	110+	0.68327	1.00000	1.46	8	8	12	12	1.46
2001	0	0.00693	0.00689	0.07	100000	689	99358	7829839	78.30
2001	1-4	0.00033	0.00132	2.02	99311	132	396986	7730481	77.84
2001	5-9	0.00019	0.00095	1.95	99180	95	495610	7333495	73.94
2001	10-14	0.00019	0.00093	3.5	99085	92	495288	6837885	69.01
2001	15-19	0.00066	0.00331	2.99	98993	327	494307	6342597	64.07
2001	20-24	0.00074	0.00369	2.25	98666	364	492326	5848290	59.27
2001	25-29	0.00068	0.00338	2.55	98301	332	490694	5355964	54.49
2001	30-34	0.00098	0.00491	2.74	97969	481	488758	4865270	49.66
2001	35-39	0.00129	0.00644	2.66	97488	627	485969	4376512	44.89
2001	40-44	0.00202	0.01003	2.65	96860	971	482023	3890543	40.17
2001	45-49	0.00276	0.01369	2.75	95889	1313	476488	3408520	35.55
2001	50-54	0.00423	0.02095	2.73	94576	1982	468382	2932032	31.00
2001	55-59	0.00654	0.03221	2.76	92595	2983	456284	2463650	26.61
2001	60-64	0.01011	0.04935	2.64	89612	4422	437603	2007366	22.40
2001	65-69	0.01686	0.08116	2.71	85189	6914	410091	1569763	18.43
2001	70-74	0.02746	0.12879	2.59	78275	10081	367062	1159671	14.82
2001	75-79	0.04252	0.19263	2.56	68194	13136	308933	792609	11.62
2001	80-84	0.06840	0.29340	2.58	55058	16154	236160	483677	8.78
2001	85-89	0.11614	0.44842	2.46	38904	17445	150208	247517	6.36
2001	90-94	0.18517	0.62036	2.34	21459	13312	71889	97309	4.53
2001	95-99	0.29878	0.79550	2.06	8147	6481	21690	25420	3.12
2001	100-104	0.43556	0.90487	1.77	1666	1507	3461	3730	2.24
2001	105-109	0.58481	0.95887	1.5	158	152	260	269	1.70
2001	110+	0.70360	1.00000	1.42	7	7	9	9	1.42
2002	0	0.00718	0.00713	0.07	100000	713	99335	7790584	77.91
2002	1-4	0.00030	0.00121	1.48	99287	121	396843	7691248	77.47
2002	5-9	0.00020	0.00100	2.43	99166	100	495575	7294405	73.56
2002	10-14	0.00020	0.00101	2.53	99067	100	495085	6798830	68.63
2002	15-19	0.00069	0.00346	2.68	98966	343	494036	6303745	63.70
2002	20-24	0.00094	0.00469	2.55	98624	463	491985	5809709	58.91
2002	25-29	0.00072	0.00358	2.53	98161	351	489939	5317725	54.17
2002	30-34	0.00105	0.00522	2.65	97810	511	487847	4827786	49.36
2002	35-39	0.00138	0.00688	2.49	97299	670	484816	4339939	44.60
2002	40-44	0.00226	0.01124	2.61	96629	1086	480551	3855123	39.90
2002	45-49	0.00260	0.01290	2.48	95543	1233	474611	3374573	35.32
2002	50-54	0.00415	0.02057	2.65	94310	1940	466997	2899962	30.75
2002	55-59	0.00708	0.03483	2.7	92371	3217	454445	2432965	26.34
2002	60-64	0.01114	0.05426	2.65	89153	4838	434396	1978520	22.19
2002	65-69	0.01734	0.08334	2.66	84316	7027	405120	1544124	18.31
2002	70-74	0.02759	0.12971	2.7	77289	10025	363372	1139004	14.74
2002	75-79	0.04152	0.18877	2.6	67264	12697	305793	775632	11.53
2002	80-84	0.06822	0.29242	2.56	54567	15956	233881	469839	8.61
2002	85-89	0.12044	0.45986	2.43	38610	17755	147417	235958	6.11
2002	90-94	0.20242	0.65000	2.25	20855	13556	66968	88541	4.25
2002	95-99	0.31784	0.81700	2.03	7299	5964	18763	21573	2.96
2002	100-104	0.46555	0.92035	1.72	1336	1229	2641	2811	2.10
2002	105-109	0.62243	0.96704	1.44	106	103	165	170	1.60
2002	110+	0.74311	1.00000	1.35	4	4	5	5	1.35
2003	0	0.00557	0.00554	0.06	100000	554	99481	7843649	78.44
2003	1-4	0.00040	0.00161	1.62	99446	160	397403	7744168	77.87
2003	5-9	0.00015	0.00076	2.31	99286	75	496227	7346764	74.00
2003	10-14	0.00021	0.00104	3.42	99211	103	495890	6850537	69.05
2003	15-19	0.00059	0.00294	2.77	99108	291	494887	6354647	64.12
2003	20-24	0.00085	0.00425	2.4	98816	420	492991	5859760	59.30
2003	25-29	0.00084	0.00419	2.69	98396	412	491031	5366768	54.54
2003	30-34	0.00095	0.00476	2.53	97984	467	488769	4875737	49.76
2003	35-39	0.00137	0.00683	2.58	97518	666	485980	4386969	44.99
2003	40-44	0.00182	0.00904	2.53	96852	875	482100	3900989	40.28
2003	45-49	0.00272	0.01350	2.69	95977	1296	476891	3418888	35.62
2003	50-54	0.00406	0.02010	2.69	94681	1903	469010	2941997	31.07
2003	55-59	0.00643	0.03166	2.61	92778	2938	456861	2472987	26.65
2003	60-64	0.01028	0.05018	2.64	89840	4508	438580	2016126	22.44
2003	65-69	0.01618	0.07787	2.61	85333	6645	410760	1577546	18.49
2003	70-74	0.02607	0.12276	2.63	78687	9660	370508	1166786	14.83
2003	75-79	0.04137	0.18824	2.61	69027	12994	314057	796278	11.54
2003	80-84	0.06899	0.29535	2.57	56034	16550	239872	482221	8.61
2003	85-89	0.11973	0.46092	2.5	39484	18199	151998	242349	6.14
2003	90-94	0.20244	0.65314	2.28	21285	13902	68674	90351	4.24
2003	95-99	0.32026	0.81956	2.02	7383	6051	18893	21677	2.94
2003	100-104	0.46907	0.92197	1.71	1332	1228	2618	2784	2.09
2003	105-109	0.62643	0.96779	1.43	104	101	161	165	1.59
2003	110+	0.74697	1.00000	1.34	3	3	4	4	1.34
2004	0	0.00674	0.00670	0.07	100000	670	99375	7899048	78.99
2004	1-4	0.00037	0.00148	1.27	99330	147	396918	7799673	78.52
2004	5-9	0.00016	0.00080	2.38	99183	80	495705	7402755	74.64
2004	10-14	0.00020	0.00101	2.93	99103	100	495307	6907050	69.70
2004	15-19	0.00064	0.00322	2.68	99003	319	494274	6411743	64.76
2004	20-24	0.00073	0.00367	2.63	98684	362	492561	5917469	59.96
2004	25-29	0.00065	0.00326	2.4	98322	320	490778	5424908	55.17
2004	30-34	0.00075	0.00373	2.86	98002	365	489226	4934130	50.35
2004	35-39	0.00117	0.00582	2.79	97636	569	486925	4444905	45.53
2004	40-44	0.00165	0.00822	2.85	97068	798	483623	3957979	40.78
2004	45-49	0.00262	0.01300	2.53	96270	1251	478261	3474356	36.09
2004	50-54	0.00404	0.02000	2.63	95019	1901	470590	2996095	31.53
2004	55-59	0.00660	0.03249	2.64	93118	3026	458443	2525506	27.12
2004	60-64	0.01031	0.05034	2.67	90093	4536	439907	2067062	22.94
2004	65-69	0.01541	0.07442	2.69	85557	6367	413090	1627156	19.02
2004	70-74	0.02352	0.11142	2.64	79190	8823	375142	1214066	15.33
2004	75-79	0.04019	0.18303	2.56	70367	12879	320437	838925	11.92
2004	80-84	0.06540	0.28351	2.65	57488	16298	249200	518488	9.02
2004	85-89	0.11182	0.43647	2.49	41189	17978	160781	269288	6.54
2004	90-94	0.17787	0.60455	2.35	23211	14032	78891	108507	4.67
2004	95-99	0.28739	0.78187	2.08	9179	7177	24972	29616	3.23
2004	100-104	0.41930	0.89543	1.8	2002	1793	4276	4644	2.32
2004	105-109	0.56485	0.95379	1.53	209	200	354	368	1.76
2004	110+	0.68235	1.00000	1.47	10	10	14	14	1.47
2005	0	0.00572	0.00569	0.06	100000	569	99468	7894193	78.94
2005	1-4	0.00024	0.00096	1.98	99431	95	397532	7794726	78.39
2005	5-9	0.00016	0.00080	2.46	99336	80	496476	7397194	74.47
2005	10-14	0.00023	0.00114	3.34	99256	113	496093	6900717	69.52
2005	15-19	0.00063	0.00315	2.61	99143	312	494970	6404625	64.60
2005	20-24	0.00073	0.00365	2.41	98831	361	493221	5909655	59.80
2005	25-29	0.00080	0.00398	2.35	98470	392	491312	5416434	55.01
2005	30-34	0.00091	0.00454	2.59	98078	446	489316	4925121	50.22
2005	35-39	0.00128	0.00640	2.69	97632	625	486716	4435805	45.43
2005	40-44	0.00190	0.00946	2.55	97007	918	482786	3949089	40.71
2005	45-49	0.00259	0.01287	2.55	96089	1237	477422	3466303	36.07
2005	50-54	0.00389	0.01927	2.58	94853	1828	469836	2988880	31.51
2005	55-59	0.00601	0.02964	2.61	93025	2757	458546	2519045	27.08
2005	60-64	0.01027	0.05012	2.6	90268	4524	440464	2060498	22.83
2005	65-69	0.01582	0.07628	2.68	85744	6541	413518	1620035	18.89
2005	70-74	0.02518	0.11861	2.56	79203	9394	373122	1206516	15.23
2005	75-79	0.03786	0.17335	2.57	69809	12101	319673	833395	11.94
2005	80-84	0.06475	0.27991	2.58	57708	16153	249463	513722	8.90
2005	85-89	0.11422	0.44567	2.54	41555	18520	162141	264259	6.36
2005	90-94	0.19225	0.63349	2.31	23035	14592	75903	102118	4.43
2005	95-99	0.30026	0.79757	2.06	8442	6733	22425	26215	3.11
2005	100-104	0.44007	0.90748	1.76	1709	1551	3524	3790	2.22
2005	105-109	0.59160	0.96051	1.48	158	152	257	265	1.68
2005	110+	0.71133	1.00000	1.41	6	6	9	9	1.41
2006	0	0.00575	0.00572	0.06	100000	572	99464	7913636	79.14
2006	1-4	0.00027	0.00106	1.39	99428	105	397436	7814172	78.59
2006	5-9	0.00013	0.00063	2.45	99322	62	496453	7416736	74.67
2006	10-14	0.00019	0.00096	3.23	99260	95	496131	6920283	69.72
2006	15-19	0.00082	0.00407	2.47	99165	404	494802	6424152	64.78
2006	20-24	0.00077	0.00386	2.58	98761	381	492880	5929350	60.04
2006	25-29	0.00076	0.00382	2.54	98380	375	490977	5436470	55.26
2006	30-34	0.00079	0.00395	2.47	98004	387	489043	4945493	50.46
2006	35-39	0.00113	0.00563	2.53	97617	550	486730	4456450	45.65
2006	40-44	0.00195	0.00971	2.7	97068	942	483172	3969720	40.90
2006	45-49	0.00288	0.01431	2.61	96125	1375	477336	3486549	36.27
2006	50-54	0.00425	0.02107	2.71	94750	1996	469173	3009213	31.76
2006	55-59	0.00608	0.02999	2.7	92754	2782	457372	2540040	27.38
2006	60-64	0.00994	0.04860	2.71	89972	4373	439848	2082668	23.15
2006	65-69	0.01509	0.07287	2.64	85599	6238	413274	1642820	19.19
2006	70-74	0.02374	0.11244	2.66	79361	8924	375911	1229546	15.49
2006	75-79	0.03811	0.17458	2.6	70438	12297	322695	853635	12.12
2006	80-84	0.06256	0.27203	2.6	58140	15816	252814	530940	9.13
2006	85-89	0.10627	0.42103	2.53	42324	17820	167689	278126	6.57
2006	90-94	0.18613	0.62487	2.37	24505	15312	82266	110437	4.51
2006	95-99	0.30432	0.80301	2.06	9192	7382	24256	28171	3.06
2006	100-104	0.45203	0.91419	1.74	1811	1655	3662	3915	2.16
2006	105-109	0.61057	0.96482	1.46	155	150	246	253	1.63
2006	110+	0.73352	1.00000	1.36	5	5	7	7	1.36
2007	0	0.00693	0.00689	0.07	100000	689	99358	7900663	79.01
2007	1-4	0.00026	0.00105	1.39	99311	104	396972	7801306	78.55
2007	5-9	0.00016	0.00078	2.53	99207	78	495841	7404334	74.64
2007	10-14	0.00019	0.00097	2.74	99129	97	495426	6908493	69.69
2007	15-19	0.00063	0.00316	2.94	99032	313	494515	6413067	64.76
2007	20-24	0.00077	0.00384	2.62	98719	379	492691	5918552	59.95
2007	25-29	0.00071	0.00356	2.43	98340	350	490801	5425861	55.17
2007	30-34	0.00081	0.00407	2.74	97990	398	489049	4935060	50.36
2007	35-39	0.00127	0.00633	2.43	97591	617	486371	4446011	45.56
2007	40-44	0.00209	0.01039	2.87	96974	1008	482730	3959640	40.83
2007	45-49	0.00270	0.01341	2.57	95967	1287	476700	3476911	36.23
2007	50-54	0.00418	0.02071	2.54	94680	1961	468573	3000210	31.69
2007	55-59	0.00590	0.02911	2.69	92719	2699	457359	2531637	27.30
2007	60-64	0.00956	0.04678	2.72	90020	4212	440478	2074278	23.04
2007	65-69	0.01632	0.07860	2.64	85808	6744	413127	1633800	19.04
2007	70-74	0.02334	0.11054	2.61	79064	8740	374444	1220673	15.44
2007	75-79	0.03786	0.17353	2.6	70324	12204	322360	846229	12.03
2007	80-84	0.06244	0.27144	2.6	58120	15776	252680	523868	9.01
2007	85-89	0.10845	0.42658	2.5	42344	18063	166564	271189	6.40
2007	90-94	0.19783	0.64526	2.31	24281	15667	79197	104625	4.31
2007	95-99	0.31752	0.81786	2.04	8613	7045	22186	25428	2.95
2007	100-104	0.47447	0.92505	1.7	1569	1451	3059	3242	2.07
2007	105-109	0.63975	0.97042	1.41	118	114	178	183	1.56
2007	110+	0.76413	1.00000	1.31	3	3	5	5	1.31
2008	0	0.00554	0.00551	0.06	100000	551	99484	7907923	79.08
2008	1-4	0.00037	0.00146	1.82	99449	146	397478	7808439	78.52
2008	5-9	0.00010	0.00049	2.85	99303	48	496412	7410961	74.63
2008	10-14	0.00017	0.00086	2.92	99255	85	496097	6914549	69.66
2008	15-19	0.00058	0.00289	2.67	99170	286	495182	6418452	64.72
2008	20-24	0.00079	0.00393	2.52	98884	388	493457	5923271	59.90
2008	25-29	0.00082	0.00407	2.74	98495	401	491570	5429814	55.13
2008	30-34	0.00086	0.00429	2.57	98094	421	489448	4938243	50.34
2008	35-39	0.00122	0.00608	2.58	97673	594	486931	4448795	45.55
2008	40-44	0.00203	0.01011	2.64	97079	982	483077	3961864	40.81
2008	45-49	0.00281	0.01398	2.65	96098	1344	477332	3478786	36.20
2008	50-54	0.00412	0.02042	2.66	94754	1935	469250	3001455	31.68
2008	55-59	0.00604	0.02978	2.66	92819	2764	457623	2532204	27.28
2008	60-64	0.00984	0.04810	2.68	90055	4332	440214	2074581	23.04
2008	65-69	0.01480	0.07154	2.69	85723	6133	414443	1634367	19.07
2008	70-74	0.02427	0.11462	2.58	79590	9123	375902	1219925	15.33
2008	75-79	0.03834	0.17538	2.57	70467	12359	322340	844022	11.98
2008	80-84	0.06251	0.27173	2.6	58109	15790	252615	521683	8.98
2008	85-89	0.11213	0.43995	2.55	42319	18618	166039	269067	6.36
2008	90-94	0.19490	0.64171	2.34	23701	15209	78036	103028	4.35
2008	95-99	0.31867	0.81904	2.03	8492	6955	21825	24992	2.94
2008	100-104	0.47588	0.92565	1.7	1537	1422	2989	3166	2.06
2008	105-109	0.64115	0.97065	1.41	114	111	173	177	1.55
2008	110+	0.76531	1.00000	1.31	3	3	4	4	1.31
2009	0	0.00556	0.00553	0.06	100000	553	99482	7962728	79.63
2009	1-4	0.00025	0.00099	1.58	99447	99	397548	7863246	79.07
2009	5-9	0.00011	0.00054	1.45	99348	54	496549	7465698	75.15
2009	10-14	0.00010	0.00049	2.67	99294	49	496357	6969149	70.19
2009	15-19	0.00053	0.00264	2.6	99245	262	495597	6472793	65.22
2009	20-24	0.00078	0.00389	2.62	98983	385	494001	5977196	60.39
2009	25-29	0.00079	0.00394	2.57	98599	388	492049	5483195	55.61
2009	30-34	0.00098	0.00487	2.66	98210	478	489934	4991146	50.82
2009	35-39	0.00104	0.00521	2.55	97732	509	487414	4501212	46.06
2009	40-44	0.00182	0.00905	2.62	97223	880	484026	4013799	41.28
2009	45-49	0.00287	0.01426	2.63	96344	1373	478467	3529773	36.64
2009	50-54	0.00433	0.02143	2.63	94970	2035	470035	3051305	32.13
2009	55-59	0.00584	0.02880	2.62	92935	2676	458302	2581270	27.77
2009	60-64	0.00974	0.04765	2.74	90259	4301	441565	2122968	23.52
2009	65-69	0.01525	0.07359	2.62	85958	6326	414761	1681403	19.56
2009	70-74	0.02134	0.10156	2.62	79632	8088	378940	1266642	15.91
2009	75-79	0.03583	0.16537	2.67	71545	11831	330172	887702	12.41
2009	80-84	0.06075	0.26476	2.57	59713	15810	260222	557530	9.34
2009	85-89	0.10267	0.40941	2.53	43904	17975	175079	297308	6.77
2009	90-94	0.17534	0.59952	2.36	25929	15545	88658	122229	4.71
2009	95-99	0.28568	0.78100	2.1	10384	8110	28388	33570	3.23
2009	100-104	0.42695	0.90088	1.79	2274	2049	4798	5182	2.28
2009	105-109	0.58324	0.95888	1.5	225	216	371	384	1.70
2009	110+	0.70773	1.00000	1.41	9	9	13	13	1.41
2010	0	0.00522	0.00519	0.06	100000	519	99513	7964816	79.65
2010	1-4	0.00028	0.00110	1.67	99481	110	397667	7865303	79.06
2010	5-9	0.00014	0.00070	2.74	99371	70	496697	7467636	75.15
2010	10-14	0.00019	0.00093	2.39	99301	93	496264	6970939	70.20
2010	15-19	0.00046	0.00229	3	99209	227	495589	6474675	65.26
2010	20-24	0.00072	0.00359	2.53	98982	355	494034	5979085	60.41
2010	25-29	0.00066	0.00328	2.73	98627	323	492401	5485052	55.61
2010	30-34	0.00080	0.00400	2.65	98304	393	490595	4992651	50.79
2010	35-39	0.00122	0.00610	2.69	97910	597	488173	4502056	45.98
2010	40-44	0.00143	0.00715	2.8	97313	696	485033	4013883	41.25
2010	45-49	0.00268	0.01332	2.65	96617	1287	480059	3528850	36.52
2010	50-54	0.00430	0.02130	2.65	95330	2031	471888	3048791	31.98
2010	55-59	0.00626	0.03085	2.65	93299	2878	459738	2576903	27.62
2010	60-64	0.00957	0.04682	2.74	90421	4233	442533	2117165	23.41
2010	65-69	0.01503	0.07262	2.66	86188	6259	416302	1674632	19.43
2010	70-74	0.02238	0.10635	2.67	79929	8500	379835	1258330	15.74
2010	75-79	0.03687	0.16885	2.51	71429	12061	327134	878495	12.30
2010	80-84	0.06068	0.26486	2.6	59368	15724	259140	551361	9.29
2010	85-89	0.10317	0.41021	2.5	43644	17903	173525	292221	6.70
2010	90-94	0.18067	0.60804	2.31	25741	15651	86630	118696	4.61
2010	95-99	0.29165	0.78817	2.08	10089	7952	27266	32066	3.18
2010	100-104	0.43382	0.90456	1.78	2137	1933	4456	4800	2.25
2010	105-109	0.58918	0.96017	1.49	204	196	332	344	1.69
2010	110+	0.71207	1.00000	1.4	8	8	11	11	1.40
2011	0	0.00554	0.00552	0.06	100000	552	99484	7958650	79.59
2011	1-4	0.00024	0.00095	1.77	99448	94	397583	7859167	79.03
2011	5-9	0.00013	0.00065	1.69	99354	64	496558	7461583	75.10
2011	10-14	0.00012	0.00060	2.26	99290	60	496285	6965026	70.15
2011	15-19	0.00038	0.00191	3	99230	190	495771	6468741	65.19
2011	20-24	0.00059	0.00297	2.55	99040	294	494482	5972970	60.31
2011	25-29	0.00069	0.00342	2.58	98746	338	492913	5478488	55.48
2011	30-34	0.00090	0.00448	2.53	98408	441	490953	4985574	50.66
2011	35-39	0.00137	0.00682	2.75	97967	668	488334	4494621	45.88
2011	40-44	0.00187	0.00931	2.71	97299	906	484423	4006287	41.17
2011	45-49	0.00302	0.01499	2.64	96393	1445	478564	3521864	36.54
2011	50-54	0.00389	0.01928	2.67	94948	1830	470478	3043300	32.05
2011	55-59	0.00615	0.03033	2.62	93118	2824	458863	2572821	27.63
2011	60-64	0.00946	0.04630	2.67	90294	4181	441747	2113959	23.41
2011	65-69	0.01378	0.06680	2.72	86113	5752	417430	1672211	19.42
2011	70-74	0.02392	0.11318	2.63	80361	9095	380245	1254781	15.61
2011	75-79	0.03682	0.16911	2.59	71266	12052	327311	874536	12.27
2011	80-84	0.05774	0.25367	2.61	59214	15021	260128	547225	9.24
2011	85-89	0.11067	0.43333	2.5	44193	19150	173046	287097	6.50
2011	90-94	0.18421	0.62332	2.41	25043	15610	84740	114051	4.55
2011	95-99	0.29938	0.79750	2.07	9433	7523	25129	29311	3.11
2011	100-104	0.44604	0.91118	1.75	1910	1741	3902	4182	2.19
2011	105-109	0.60407	0.96348	1.47	170	163	271	279	1.65
2011	110+	0.72721	1.00000	1.38	6	6	9	9	1.38
2012	0	0.00470	0.00468	0.06	100000	468	99561	7962171	79.62
2012	1-4	0.00026	0.00103	1.41	99532	103	397861	7862611	79.00
2012	5-9	0.00012	0.00061	3.08	99429	61	497028	7464750	75.08
2012	10-14	0.00025	0.00123	2.2	99368	122	496499	6967722	70.12
2012	15-19	0.00053	0.00263	3.02	99246	262	495713	6471223	65.20
2012	20-24	0.00082	0.00407	2.34	98985	403	493851	5975510	60.37
2012	25-29	0.00076	0.00381	2.57	98582	376	491995	5481659	55.61
2012	30-34	0.00093	0.00465	2.77	98206	457	490009	4989664	50.81
2012	35-39	0.00118	0.00590	2.66	97749	577	487395	4499655	46.03
2012	40-44	0.00165	0.00819	2.6	97172	796	483946	4012259	41.29
2012	45-49	0.00274	0.01362	2.47	96376	1313	478557	3528313	36.61
2012	50-54	0.00427	0.02112	2.56	95062	2008	470418	3049756	32.08
2012	55-59	0.00635	0.03130	2.65	93055	2912	458440	2579339	27.72
2012	60-64	0.00902	0.04416	2.61	90142	3981	441186	2120899	23.53
2012	65-69	0.01443	0.06973	2.62	86162	6008	416499	1679713	19.49
2012	70-74	0.02305	0.10927	2.63	80153	8759	380007	1263215	15.76
2012	75-79	0.03580	0.16535	2.7	71395	11805	329791	883207	12.37
2012	80-84	0.05941	0.26019	2.61	59589	15504	260963	553416	9.29
2012	85-89	0.10144	0.40561	2.53	44085	17881	176275	292453	6.63
2012	90-94	0.19153	0.63687	2.37	26204	16688	87131	116178	4.43
2012	95-99	0.30519	0.80474	2.06	9515	7657	25090	29047	3.05
2012	100-104	0.45926	0.91820	1.73	1858	1706	3715	3957	2.13
2012	105-109	0.62398	0.96764	1.44	152	147	236	242	1.59
2012	110+	0.74994	1.00000	1.33	5	5	7	7	1.33
2013	0	0.00535	0.00533	0.06	100000	533	99501	7974557	79.75
2013	1-4	0.00022	0.00088	1.75	99467	88	397672	7875056	79.17
2013	5-9	0.00008	0.00038	1.9	99380	37	496783	7477384	75.24
2013	10-14	0.00017	0.00083	3.18	99342	82	496561	6980602	70.27
2013	15-19	0.00058	0.00289	2.98	99260	287	495721	6484040	65.32
2013	20-24	0.00074	0.00369	2.75	98973	365	494044	5988320	60.50
2013	25-29	0.00071	0.00355	2.48	98608	350	492158	5494276	55.72
2013	30-34	0.00090	0.00447	2.42	98258	439	490160	5002118	50.91
2013	35-39	0.00120	0.00598	2.58	97820	585	487680	4511958	46.13
2013	40-44	0.00183	0.00914	2.67	97234	888	484102	4024279	41.39
2013	45-49	0.00257	0.01276	2.74	96346	1229	478954	3540177	36.74
2013	50-54	0.00420	0.02079	2.65	95117	1977	470938	3061223	32.18
2013	55-59	0.00609	0.03003	2.64	93139	2797	459102	2590285	27.81
2013	60-64	0.00900	0.04408	2.66	90342	3982	442394	2131183	23.59
2013	65-69	0.01359	0.06589	2.7	86360	5690	418740	1688788	19.56
2013	70-74	0.02209	0.10490	2.61	80670	8462	383106	1270048	15.74
2013	75-79	0.03726	0.17137	2.66	72207	12374	332077	886942	12.28
2013	80-84	0.05935	0.25907	2.55	59833	15501	261170	554865	9.27
2013	85-89	0.10373	0.41215	2.51	44332	18272	176147	293695	6.62
2013	90-94	0.18587	0.62321	2.36	26060	16241	87381	117548	4.51
2013	95-99	0.30309	0.80211	2.07	9819	7876	25986	30168	3.07
2013	100-104	0.45421	0.91557	1.74	1943	1779	3917	4182	2.15
2013	105-109	0.61626	0.96608	1.45	164	158	257	265	1.61
2013	110+	0.74108	1.00000	1.35	6	6	8	8	1.35
2014	0	0.00516	0.00514	0.06	100000	514	99518	7952546	79.53
2014	1-4	0.00029	0.00115	1.43	99486	114	397651	7853027	78.94
2014	5-9	0.00011	0.00056	2.44	99372	56	496716	7455376	75.03
2014	10-14	0.00011	0.00055	2.94	99316	54	496468	6958660	70.07
2014	15-19	0.00053	0.00265	2.74	99262	263	495715	6462192	65.10
2014	20-24	0.00077	0.00384	2.78	98999	380	494150	5966477	60.27
2014	25-29	0.00096	0.00478	2.48	98619	472	491906	5472327	55.49
2014	30-34	0.00101	0.00502	2.64	98147	493	489569	4980421	50.74
2014	35-39	0.00139	0.00692	2.51	97654	676	486584	4490851	45.99
2014	40-44	0.00181	0.00903	2.66	96978	875	482840	4004268	41.29
2014	45-49	0.00289	0.01437	2.78	96103	1381	477449	3521428	36.64
2014	50-54	0.00457	0.02264	2.76	94721	2144	468807	3043979	32.14
2014	55-59	0.00624	0.03074	2.66	92577	2846	456234	2575172	27.82
2014	60-64	0.00942	0.04608	2.65	89731	4135	438941	2118938	23.61
2014	65-69	0.01414	0.06838	2.6	85597	5853	413964	1679997	19.63
2014	70-74	0.02250	0.10671	2.59	79743	8510	378230	1266033	15.88
2014	75-79	0.03515	0.16211	2.6	71233	11547	328494	887803	12.46
2014	80-84	0.06021	0.26235	2.55	59686	15659	260050	559309	9.37
2014	85-89	0.10050	0.40297	2.54	44028	17742	176535	299259	6.80
2014	90-94	0.17777	0.60568	2.37	26286	15921	89558	122724	4.67
2014	95-99	0.28903	0.78535	2.09	10365	8140	28164	33166	3.20
2014	100-104	0.43323	0.90454	1.78	2225	2013	4645	5002	2.25
2014	105-109	0.59173	0.96090	1.49	212	204	345	356	1.68
2014	110+	0.71698	1.00000	1.39	8	8	12	12	1.39
2015	0	0.00576	0.00572	0.06	100000	572	99464	7924779	79.25
2015	1-4	0.00029	0.00118	1.64	99428	117	397434	7825314	78.70
2015	5-9	0.00016	0.00079	2.16	99311	78	496331	7427881	74.79
2015	10-14	0.00009	0.00046	2.44	99232	46	496045	6931550	69.85
2015	15-19	0.00049	0.00243	3.04	99187	241	495462	6435505	64.88
2015	20-24	0.00078	0.00389	2.38	98946	385	493722	5940043	60.03
2015	25-29	0.00101	0.00505	2.5	98561	498	491561	5446321	55.26
2015	30-34	0.00088	0.00441	2.87	98064	433	489396	4954759	50.53
2015	35-39	0.00114	0.00569	2.66	97631	555	486856	4465364	45.74
2015	40-44	0.00167	0.00833	2.93	97076	809	483706	3978508	40.98
2015	45-49	0.00285	0.01416	2.66	96267	1363	478148	3494802	36.30
2015	50-54	0.00458	0.02268	2.69	94904	2152	469541	3016654	31.79
2015	55-59	0.00686	0.03375	2.7	92752	3130	456543	2547113	27.46
2015	60-64	0.00976	0.04770	2.62	89621	4275	437953	2090570	23.33
2015	65-69	0.01456	0.07043	2.71	85347	6011	412944	1652617	19.36
2015	70-74	0.02234	0.10610	2.63	79336	8418	376766	1239674	15.63
2015	75-79	0.03739	0.17152	2.6	70918	12163	325336	862908	12.17
2015	80-84	0.06159	0.26744	2.54	58754	15713	255135	537572	9.15
2015	85-89	0.10268	0.40923	2.52	43041	17613	171542	282437	6.56
2015	90-94	0.19696	0.64410	2.31	25427	16378	83153	110894	4.36
2015	95-99	0.30419	0.80293	2.06	9050	7266	23887	27741	3.07
2015	100-104	0.45219	0.91426	1.74	1783	1631	3606	3855	2.16
2015	105-109	0.61063	0.96482	1.46	153	148	242	249	1.63
2015	110+	0.73332	1.00000	1.36	5	5	7	7	1.36
2016	0	0.00620	0.00616	0.07	100000	616	99425	7966886	79.67
2016	1-4	0.00027	0.00109	1.47	99384	108	397262	7867462	79.16
2016	5-9	0.00011	0.00053	2.27	99276	52	496235	7470200	75.25
2016	10-14	0.00015	0.00076	3.01	99223	76	495966	6973965	70.29
2016	15-19	0.00040	0.00200	2.79	99147	198	495300	6477999	65.34
2016	20-24	0.00071	0.00356	2.57	98949	353	493889	5982699	60.46
2016	25-29	0.00081	0.00405	2.44	98597	399	491960	5488810	55.67
2016	30-34	0.00103	0.00512	2.48	98197	502	489719	4996850	50.89
2016	35-39	0.00133	0.00662	2.45	97695	647	486823	4507131	46.13
2016	40-44	0.00170	0.00848	2.79	97048	823	483422	4020309	41.43
2016	45-49	0.00269	0.01337	2.66	96225	1286	478122	3536886	36.76
2016	50-54	0.00405	0.02006	2.69	94939	1905	470291	3058765	32.22
2016	55-59	0.00661	0.03257	2.65	93034	3030	458064	2588474	27.82
2016	60-64	0.00948	0.04641	2.7	90004	4177	440429	2130410	23.67
2016	65-69	0.01362	0.06603	2.7	85827	5667	416096	1689981	19.69
2016	70-74	0.02239	0.10635	2.66	80160	8525	380815	1273885	15.89
2016	75-79	0.03659	0.16840	2.64	71635	12063	329731	893070	12.47
2016	80-84	0.05894	0.25705	2.51	59571	15313	259802	563339	9.46
2016	85-89	0.09904	0.39911	2.57	44259	17664	178356	303537	6.86
2016	90-94	0.17709	0.60440	2.37	26594	16074	90764	125181	4.71
2016	95-99	0.28168	0.77605	2.11	10521	8165	28986	34417	3.27
2016	100-104	0.42162	0.89776	1.8	2356	2115	5017	5431	2.31
2016	105-109	0.57677	0.95730	1.51	241	231	400	415	1.72
2016	110+	0.70086	1.00000	1.43	10	10	15	15	1.43
2017	0	0.00551	0.00548	0.06	100000	548	99486	7941719	79.42
2017	1-4	0.00018	0.00071	1.39	99452	71	397622	7842233	78.85
2017	5-9	0.00014	0.00071	2.7	99381	71	496741	7444611	74.91
2017	10-14	0.00018	0.00091	3.18	99310	90	496385	6947870	69.96
2017	15-19	0.00057	0.00285	3.01	99219	283	495536	6451485	65.02
2017	20-24	0.00071	0.00355	2.63	98937	351	493852	5955949	60.20
2017	25-29	0.00079	0.00392	2.58	98586	386	491995	5462097	55.40
2017	30-34	0.00104	0.00519	2.51	98199	510	489728	4970103	50.61
2017	35-39	0.00135	0.00671	2.64	97690	656	486902	4480375	45.86
2017	40-44	0.00203	0.01011	2.5	97034	981	482724	3993473	41.16
2017	45-49	0.00277	0.01375	2.67	96054	1321	477190	3510749	36.55
2017	50-54	0.00406	0.02013	2.71	94732	1907	469296	3033559	32.02
2017	55-59	0.00681	0.03348	2.57	92826	3108	456586	2564263	27.62
2017	60-64	0.00962	0.04702	2.66	89718	4219	438732	2107677	23.49
2017	65-69	0.01417	0.06849	2.56	85499	5856	413222	1668945	19.52
2017	70-74	0.02289	0.10855	2.64	79643	8645	377771	1255723	15.77
2017	75-79	0.03617	0.16625	2.57	70998	11803	326319	877952	12.37
2017	80-84	0.06087	0.26603	2.63	59194	15747	258721	551633	9.32
2017	85-89	0.10174	0.40599	2.51	43447	17639	173367	292912	6.74
2017	90-94	0.18029	0.61247	2.38	25808	15807	87672	119545	4.63
2017	95-99	0.29050	0.78704	2.09	10001	7871	27096	31873	3.19
2017	100-104	0.43438	0.90507	1.78	2130	1928	4438	4777	2.24
2017	105-109	0.59194	0.96089	1.49	202	194	328	339	1.68
2017	110+	0.71631	1.00000	1.4	8	8	11	11	1.40
