NE: Nebraska, Lifetables (period 5x5), Females Last modified: 3 Dec 2019, MPv5 (May07) 

Year     	Age	mx	qx	ax	lx	dx	Lx	Tx	ex
1960-1964	0	0.01950	0.01916	0.11	100000	1916	98290	7568764	75.69
1960-1964	1-4	0.00079	0.00317	1.51	98084	311	391561	7470475	76.16
1960-1964	5-9	0.00039	0.00195	2.2	97773	191	488332	7078914	72.40
1960-1964	10-14	0.00031	0.00157	2.51	97582	153	487532	6590582	67.54
1960-1964	15-19	0.00054	0.00271	2.68	97429	264	486535	6103051	62.64
1960-1964	20-24	0.00057	0.00286	2.41	97165	278	485106	5616516	57.80
1960-1964	25-29	0.00070	0.00349	2.57	96887	338	483614	5131410	52.96
1960-1964	30-34	0.00099	0.00492	2.87	96549	475	481732	4647796	48.14
1960-1964	35-39	0.00136	0.00680	2.85	96074	654	478969	4166064	43.36
1960-1964	40-44	0.00209	0.01042	2.69	95421	994	474809	3687095	38.64
1960-1964	45-49	0.00310	0.01539	2.64	94427	1453	468708	3212285	34.02
1960-1964	50-54	0.00498	0.02461	2.61	92974	2288	459399	2743577	29.51
1960-1964	55-59	0.00718	0.03533	2.7	90685	3204	446067	2284179	25.19
1960-1964	60-64	0.01105	0.05388	2.69	87481	4714	426502	1838112	21.01
1960-1964	65-69	0.01740	0.08356	2.62	82768	6916	397400	1411609	17.06
1960-1964	70-74	0.02973	0.13912	2.7	75851	10552	354975	1014209	13.37
1960-1964	75-79	0.05356	0.23718	2.59	65299	15488	289165	659234	10.10
1960-1964	80-84	0.09030	0.36927	2.53	49811	18394	203689	370069	7.43
1960-1964	85-89	0.15079	0.54095	2.39	31418	16995	112708	166380	5.30
1960-1964	90-94	0.24164	0.71915	2.19	14422	10372	42923	53672	3.72
1960-1964	95-99	0.36104	0.85480	1.92	4051	3462	9590	10748	2.65
1960-1964	100-104	0.50026	0.93335	1.64	588	549	1097	1158	1.97
1960-1964	105-109	0.64059	0.96959	1.4	39	38	59	61	1.55
1960-1964	110+	0.74666	1.00000	1.34	1	1	2	2	1.34
1965-1969	0	0.01616	0.01593	0.1	100000	1593	98564	7619414	76.19
1965-1969	1-4	0.00083	0.00330	1.73	98407	325	392892	7520851	76.43
1965-1969	5-9	0.00037	0.00185	2.39	98082	182	489937	7127959	72.67
1965-1969	10-14	0.00028	0.00140	2.57	97901	137	489170	6638021	67.80
1965-1969	15-19	0.00059	0.00297	2.82	97764	290	488187	6148851	62.90
1965-1969	20-24	0.00069	0.00344	2.44	97474	335	486510	5660664	58.07
1965-1969	25-29	0.00065	0.00326	2.76	97139	317	484983	5174154	53.27
1965-1969	30-34	0.00101	0.00502	2.71	96822	486	482997	4689171	48.43
1965-1969	35-39	0.00152	0.00755	2.52	96336	728	479880	4206174	43.66
1965-1969	40-44	0.00229	0.01137	2.65	95609	1087	475492	3726294	38.97
1965-1969	45-49	0.00353	0.01752	2.67	94522	1656	468746	3250802	34.39
1965-1969	50-54	0.00502	0.02482	2.63	92866	2305	458863	2782056	29.96
1965-1969	55-59	0.00696	0.03424	2.67	90561	3101	445581	2323193	25.65
1965-1969	60-64	0.01136	0.05535	2.68	87459	4841	426088	1877612	21.47
1965-1969	65-69	0.01679	0.08079	2.68	82618	6675	397599	1451523	17.57
1965-1969	70-74	0.02779	0.13050	2.67	75943	9910	356671	1053924	13.88
1965-1969	75-79	0.04769	0.21401	2.6	66033	14132	296318	697253	10.56
1965-1969	80-84	0.08333	0.34616	2.56	51901	17966	215605	400936	7.73
1965-1969	85-89	0.14511	0.52907	2.44	33935	17954	123731	185330	5.46
1965-1969	90-94	0.23083	0.70239	2.21	15981	11225	48628	61600	3.85
1965-1969	95-99	0.34977	0.84570	1.95	4756	4022	11500	12972	2.73
1965-1969	100-104	0.49047	0.92980	1.66	734	682	1391	1472	2.01
1965-1969	105-109	0.63385	0.96852	1.42	52	50	79	81	1.57
1965-1969	110+	0.74273	1.00000	1.35	2	2	2	2	1.35
1970-1974	0	0.01469	0.01450	0.09	100000	1450	98686	7702119	77.02
1970-1974	1-4	0.00059	0.00237	1.72	98550	233	393667	7603433	77.15
1970-1974	5-9	0.00027	0.00134	2.26	98316	132	491222	7209765	73.33
1970-1974	10-14	0.00030	0.00150	2.62	98185	147	490574	6718544	68.43
1970-1974	15-19	0.00065	0.00323	2.64	98038	317	489440	6227970	63.53
1970-1974	20-24	0.00067	0.00334	2.54	97721	326	487802	5738529	58.72
1970-1974	25-29	0.00070	0.00350	2.59	97395	341	486152	5250728	53.91
1970-1974	30-34	0.00092	0.00460	2.64	97054	447	484217	4764575	49.09
1970-1974	35-39	0.00126	0.00629	2.6	96607	608	481578	4280358	44.31
1970-1974	40-44	0.00219	0.01088	2.88	95999	1045	477787	3798780	39.57
1970-1974	45-49	0.00319	0.01583	2.58	94955	1504	471129	3320993	34.97
1970-1974	50-54	0.00440	0.02177	2.69	93451	2035	462557	2849864	30.50
1970-1974	55-59	0.00692	0.03404	2.59	91416	3111	449592	2387308	26.11
1970-1974	60-64	0.01033	0.05040	2.58	88305	4451	430748	1937716	21.94
1970-1974	65-69	0.01656	0.07968	2.65	83854	6682	403568	1506968	17.97
1970-1974	70-74	0.02674	0.12578	2.64	77172	9706	362994	1103400	14.30
1970-1974	75-79	0.04533	0.20452	2.61	67466	13798	304412	740406	10.97
1970-1974	80-84	0.07652	0.32263	2.57	53667	17315	226284	435993	8.12
1970-1974	85-89	0.13511	0.50103	2.42	36353	18214	134808	209709	5.77
1970-1974	90-94	0.21183	0.66955	2.25	18139	12145	57333	74901	4.13
1970-1974	95-99	0.32223	0.81971	2	5994	4913	15248	17568	2.93
1970-1974	100-104	0.45611	0.91456	1.73	1081	988	2167	2320	2.15
1970-1974	105-109	0.59745	0.96126	1.47	92	89	149	154	1.66
1970-1974	110+	0.70817	1.00000	1.41	4	4	5	5	1.41
1975-1979	0	0.01191	0.01178	0.09	100000	1178	98923	7864735	78.65
1975-1979	1-4	0.00073	0.00290	1.72	98822	286	394635	7765812	78.58
1975-1979	5-9	0.00022	0.00108	2.31	98535	106	492391	7371177	74.81
1975-1979	10-14	0.00025	0.00125	2.42	98429	123	491827	6878787	69.89
1975-1979	15-19	0.00055	0.00276	2.68	98306	272	490898	6386959	64.97
1975-1979	20-24	0.00054	0.00267	2.5	98034	262	489515	5896061	60.14
1975-1979	25-29	0.00054	0.00268	2.46	97772	262	488193	5406546	55.30
1975-1979	30-34	0.00080	0.00401	2.66	97510	391	486631	4918353	50.44
1975-1979	35-39	0.00110	0.00550	2.72	97118	534	484376	4431722	45.63
1975-1979	40-44	0.00172	0.00857	2.62	96584	828	480955	3947346	40.87
1975-1979	45-49	0.00296	0.01471	2.75	95757	1409	475616	3466391	36.20
1975-1979	50-54	0.00428	0.02117	2.66	94348	1998	467070	2990775	31.70
1975-1979	55-59	0.00623	0.03068	2.6	92350	2834	454948	2523704	27.33
1975-1979	60-64	0.00945	0.04627	2.7	89516	4142	438065	2068757	23.11
1975-1979	65-69	0.01485	0.07181	2.69	85375	6130	412686	1630692	19.10
1975-1979	70-74	0.02273	0.10774	2.59	79244	8537	375619	1218006	15.37
1975-1979	75-79	0.03775	0.17345	2.66	70707	12264	324851	842387	11.91
1975-1979	80-84	0.06694	0.28837	2.6	58443	16853	251753	517536	8.86
1975-1979	85-89	0.11503	0.44536	2.47	41589	18522	161022	265782	6.39
1975-1979	90-94	0.18699	0.62204	2.31	23067	14349	76736	104761	4.54
1975-1979	95-99	0.28912	0.78344	2.08	8719	6830	23625	28025	3.21
1975-1979	100-104	0.41731	0.89380	1.8	1888	1688	4044	4400	2.33
1975-1979	105-109	0.55814	0.95171	1.54	201	191	342	356	1.78
1975-1979	110+	0.67176	1.00000	1.49	10	10	14	14	1.49
1980-1984	0	0.00901	0.00894	0.08	100000	894	99176	7951350	79.51
1980-1984	1-4	0.00049	0.00194	1.75	99106	192	395992	7852174	79.23
1980-1984	5-9	0.00019	0.00097	2.23	98914	96	494305	7456182	75.38
1980-1984	10-14	0.00020	0.00099	2.91	98818	98	493887	6961876	70.45
1980-1984	15-19	0.00045	0.00227	2.65	98720	224	493076	6467989	65.52
1980-1984	20-24	0.00048	0.00239	2.64	98496	235	491926	5974913	60.66
1980-1984	25-29	0.00055	0.00273	2.56	98261	268	490652	5482986	55.80
1980-1984	30-34	0.00058	0.00287	2.6	97993	282	489290	4992335	50.95
1980-1984	35-39	0.00091	0.00452	2.56	97712	442	487479	4503045	46.08
1980-1984	40-44	0.00158	0.00787	2.63	97270	765	484537	4015566	41.28
1980-1984	45-49	0.00259	0.01286	2.7	96505	1241	479663	3531029	36.59
1980-1984	50-54	0.00401	0.01984	2.6	95263	1890	471782	3051366	32.03
1980-1984	55-59	0.00610	0.03008	2.71	93373	2809	460428	2579584	27.63
1980-1984	60-64	0.00967	0.04727	2.68	90564	4281	442892	2119156	23.40
1980-1984	65-69	0.01430	0.06919	2.66	86283	5970	417448	1676264	19.43
1980-1984	70-74	0.02271	0.10768	2.61	80314	8648	380887	1258816	15.67
1980-1984	75-79	0.03668	0.16835	2.56	71665	12065	328893	877929	12.25
1980-1984	80-84	0.06358	0.27581	2.6	59601	16439	258568	549036	9.21
1980-1984	85-89	0.10615	0.41926	2.5	43162	18096	170480	290468	6.73
1980-1984	90-94	0.17459	0.59577	2.34	25066	14934	85535	119988	4.79
1980-1984	95-99	0.27051	0.75978	2.12	10132	7698	28459	34453	3.40
1980-1984	100-104	0.39284	0.87798	1.85	2434	2137	5440	5994	2.46
1980-1984	105-109	0.53039	0.94343	1.59	297	280	528	554	1.87
1980-1984	110+	0.64342	1.00000	1.55	17	17	26	26	1.55
1985-1989	0	0.00805	0.00799	0.08	100000	799	99261	7993620	79.94
1985-1989	1-4	0.00042	0.00169	1.33	99201	168	396356	7894359	79.58
1985-1989	5-9	0.00016	0.00082	2.64	99033	81	494975	7498003	75.71
1985-1989	10-14	0.00020	0.00100	2.67	98952	99	494531	7003027	70.77
1985-1989	15-19	0.00057	0.00285	2.49	98854	282	493560	6508496	65.84
1985-1989	20-24	0.00040	0.00201	2.45	98572	198	492353	6014936	61.02
1985-1989	25-29	0.00052	0.00260	2.44	98374	256	491212	5522583	56.14
1985-1989	30-34	0.00052	0.00260	2.74	98118	255	490012	5031370	51.28
1985-1989	35-39	0.00080	0.00397	2.64	97863	388	488400	4541358	46.41
1985-1989	40-44	0.00142	0.00708	2.5	97475	690	485650	4052959	41.58
1985-1989	45-49	0.00255	0.01267	2.69	96784	1226	481083	3567309	36.86
1985-1989	50-54	0.00416	0.02060	2.71	95558	1968	473277	3086226	32.30
1985-1989	55-59	0.00600	0.02957	2.59	93590	2767	461268	2612949	27.92
1985-1989	60-64	0.00920	0.04501	2.67	90822	4088	444568	2151681	23.69
1985-1989	65-69	0.01425	0.06895	2.64	86734	5980	419529	1707113	19.68
1985-1989	70-74	0.02235	0.10613	2.63	80754	8571	383476	1287584	15.94
1985-1989	75-79	0.03468	0.16024	2.63	72183	11567	333488	904108	12.53
1985-1989	80-84	0.06011	0.26254	2.59	60617	15914	264739	570620	9.41
1985-1989	85-89	0.10119	0.40459	2.52	44702	18086	178737	305881	6.84
1985-1989	90-94	0.17388	0.59491	2.35	26616	15834	91062	127144	4.78
1985-1989	95-99	0.27500	0.76648	2.11	10782	8264	30052	36082	3.35
1985-1989	100-104	0.40473	0.88654	1.83	2518	2232	5515	6030	2.40
1985-1989	105-109	0.54960	0.94962	1.55	286	271	494	515	1.80
1985-1989	110+	0.66730	1.00000	1.5	14	14	22	22	1.50
1990-1994	0	0.00750	0.00745	0.07	100000	745	99310	8036366	80.36
1990-1994	1-4	0.00037	0.00150	1.47	99255	149	396643	7937056	79.97
1990-1994	5-9	0.00020	0.00098	2.2	99106	98	495257	7540413	76.08
1990-1994	10-14	0.00017	0.00083	2.83	99008	82	494864	7045156	71.16
1990-1994	15-19	0.00043	0.00215	2.37	98926	213	494073	6550293	66.21
1990-1994	20-24	0.00047	0.00235	2.35	98714	232	492952	6056220	61.35
1990-1994	25-29	0.00054	0.00271	2.47	98481	267	491730	5563267	56.49
1990-1994	30-34	0.00067	0.00335	2.62	98214	329	490286	5071537	51.64
1990-1994	35-39	0.00085	0.00422	2.56	97885	413	488416	4581251	46.80
1990-1994	40-44	0.00130	0.00647	2.72	97472	631	485920	4092836	41.99
1990-1994	45-49	0.00196	0.00976	2.67	96841	945	482007	3606915	37.25
1990-1994	50-54	0.00373	0.01849	2.67	95896	1773	475339	3124908	32.59
1990-1994	55-59	0.00586	0.02892	2.67	94123	2722	464264	2649569	28.15
1990-1994	60-64	0.00924	0.04523	2.64	91401	4134	447252	2185304	23.91
1990-1994	65-69	0.01401	0.06784	2.69	87266	5920	422653	1738052	19.92
1990-1994	70-74	0.02200	0.10460	2.65	81346	8509	386725	1315399	16.17
1990-1994	75-79	0.03395	0.15706	2.62	72837	11440	336923	928674	12.75
1990-1994	80-84	0.05612	0.24730	2.6	61397	15183	270548	591751	9.64
1990-1994	85-89	0.09944	0.39907	2.53	46214	18442	185456	321203	6.95
1990-1994	90-94	0.16797	0.58210	2.36	27771	16166	96243	135747	4.89
1990-1994	95-99	0.26906	0.75906	2.13	11605	8809	32741	39504	3.40
1990-1994	100-104	0.40021	0.88393	1.84	2796	2472	6176	6763	2.42
1990-1994	105-109	0.54768	0.94925	1.56	325	308	563	587	1.81
1990-1994	110+	0.66775	1.00000	1.5	16	16	25	25	1.50
1995-1999	0	0.00708	0.00704	0.07	100000	704	99348	8042767	80.43
1995-1999	1-4	0.00027	0.00108	1.58	99296	107	396925	7943419	80.00
1995-1999	5-9	0.00013	0.00063	2.39	99189	62	495783	7546494	76.08
1995-1999	10-14	0.00018	0.00091	2.9	99127	90	495444	7050711	71.13
1995-1999	15-19	0.00044	0.00220	2.42	99036	218	494619	6555267	66.19
1995-1999	20-24	0.00039	0.00192	2.54	98818	190	493623	6060648	61.33
1995-1999	25-29	0.00047	0.00237	2.56	98628	233	492570	5567025	56.44
1995-1999	30-34	0.00072	0.00358	2.8	98395	352	491199	5074455	51.57
1995-1999	35-39	0.00092	0.00461	2.58	98043	452	489122	4583256	46.75
1995-1999	40-44	0.00152	0.00759	2.59	97591	741	486169	4094134	41.95
1995-1999	45-49	0.00197	0.00982	2.78	96850	951	482138	3607966	37.25
1995-1999	50-54	0.00345	0.01711	2.73	95899	1641	475780	3125828	32.59
1995-1999	55-59	0.00534	0.02638	2.62	94259	2486	465384	2650048	28.11
1995-1999	60-64	0.00889	0.04354	2.61	91772	3995	449319	2184664	23.81
1995-1999	65-69	0.01399	0.06770	2.62	87777	5943	424733	1735345	19.77
1995-1999	70-74	0.02134	0.10156	2.62	81834	8311	389417	1310612	16.02
1995-1999	75-79	0.03387	0.15682	2.64	73523	11530	340451	921195	12.53
1995-1999	80-84	0.05856	0.25666	2.6	61993	15911	271700	580744	9.37
1995-1999	85-89	0.10405	0.41376	2.53	46081	19066	183248	309044	6.71
1995-1999	90-94	0.17897	0.60649	2.34	27015	16384	91546	125796	4.66
1995-1999	95-99	0.28722	0.78252	2.09	10631	8319	28963	34250	3.22
1995-1999	100-104	0.42558	0.89968	1.79	2312	2080	4888	5286	2.29
1995-1999	105-109	0.57730	0.95720	1.51	232	222	385	399	1.72
1995-1999	110+	0.69802	1.00000	1.43	10	10	14	14	1.43
2000-2004	0	0.00600	0.00597	0.07	100000	597	99445	8076217	80.76
2000-2004	1-4	0.00033	0.00131	1.55	99403	130	397294	7976772	80.25
2000-2004	5-9	0.00018	0.00089	2.28	99273	88	496126	7579478	76.35
2000-2004	10-14	0.00017	0.00084	2.86	99185	84	495747	7083352	71.42
2000-2004	15-19	0.00045	0.00227	2.53	99101	225	494952	6587604	66.47
2000-2004	20-24	0.00043	0.00213	2.6	98877	211	493877	6092653	61.62
2000-2004	25-29	0.00052	0.00260	2.71	98666	257	492741	5598776	56.74
2000-2004	30-34	0.00063	0.00316	2.88	98409	311	491385	5106035	51.89
2000-2004	35-39	0.00099	0.00493	2.65	98098	484	489354	4614651	47.04
2000-2004	40-44	0.00146	0.00726	2.67	97614	708	486419	4125297	42.26
2000-2004	45-49	0.00206	0.01027	2.58	96905	995	482115	3638878	37.55
2000-2004	50-54	0.00295	0.01465	2.73	95911	1405	476365	3156763	32.91
2000-2004	55-59	0.00527	0.02605	2.65	94506	2462	466744	2680398	28.36
2000-2004	60-64	0.00827	0.04056	2.68	92044	3734	451558	2213654	24.05
2000-2004	65-69	0.01337	0.06487	2.69	88310	5729	428340	1762096	19.95
2000-2004	70-74	0.02075	0.09893	2.65	82582	8170	393679	1333756	16.15
2000-2004	75-79	0.03331	0.15428	2.61	74412	11480	344639	940077	12.63
2000-2004	80-84	0.05675	0.25012	2.63	62931	15740	277341	595438	9.46
2000-2004	85-89	0.10267	0.40909	2.52	47191	19305	188029	318097	6.74
2000-2004	90-94	0.17801	0.60478	2.35	27886	16865	94739	130067	4.66
2000-2004	95-99	0.28864	0.78465	2.09	11021	8648	29960	35328	3.21
2000-2004	100-104	0.43051	0.90276	1.78	2373	2143	4977	5368	2.26
2000-2004	105-109	0.58554	0.95930	1.5	231	221	378	391	1.70
2000-2004	110+	0.70803	1.00000	1.41	9	9	13	13	1.41
2005-2009	0	0.00533	0.00530	0.07	100000	530	99506	8144060	81.44
2005-2009	1-4	0.00023	0.00091	1.64	99470	91	397667	8044554	80.87
2005-2009	5-9	0.00011	0.00055	2.34	99379	55	496751	7646888	76.95
2005-2009	10-14	0.00015	0.00076	2.94	99325	76	496467	7150136	71.99
2005-2009	15-19	0.00043	0.00216	2.53	99249	214	495716	6653669	67.04
2005-2009	20-24	0.00040	0.00201	2.55	99035	199	494685	6157953	62.18
2005-2009	25-29	0.00045	0.00226	2.62	98835	224	493644	5663268	57.30
2005-2009	30-34	0.00062	0.00311	2.55	98611	307	492306	5169624	52.42
2005-2009	35-39	0.00092	0.00460	2.48	98305	452	490384	4677319	47.58
2005-2009	40-44	0.00158	0.00786	2.64	97852	770	487449	4186934	42.79
2005-2009	45-49	0.00222	0.01104	2.64	97083	1071	482888	3699485	38.11
2005-2009	50-54	0.00297	0.01473	2.58	96011	1415	476633	3216598	33.50
2005-2009	55-59	0.00454	0.02249	2.76	94597	2127	468208	2739965	28.96
2005-2009	60-64	0.00776	0.03814	2.69	92469	3527	454215	2271757	24.57
2005-2009	65-69	0.01268	0.06156	2.66	88943	5475	431921	1817542	20.43
2005-2009	70-74	0.01916	0.09164	2.63	83467	7649	399187	1385620	16.60
2005-2009	75-79	0.03055	0.14243	2.63	75819	10799	353521	986434	13.01
2005-2009	80-84	0.05206	0.23183	2.64	65020	15073	289557	632913	9.73
2005-2009	85-89	0.09752	0.39401	2.56	49947	19679	201797	343356	6.87
2005-2009	90-94	0.17591	0.60115	2.37	30267	18195	103435	141559	4.68
2005-2009	95-99	0.29304	0.79099	2.09	12072	9549	32585	38125	3.16
2005-2009	100-104	0.44440	0.91091	1.76	2523	2298	5172	5539	2.20
2005-2009	105-109	0.60795	0.96450	1.46	225	217	357	367	1.63
2005-2009	110+	0.73438	1.00000	1.36	8	8	11	11	1.36
2010-2014	0	0.00470	0.00468	0.07	100000	468	99563	8185361	81.85
2010-2014	1-4	0.00023	0.00094	1.63	99532	93	397906	8085799	81.24
2010-2014	5-9	0.00012	0.00058	2.3	99439	57	497037	7687893	77.31
2010-2014	10-14	0.00016	0.00079	2.44	99381	79	496704	7190855	72.36
2010-2014	15-19	0.00033	0.00164	2.92	99302	163	496173	6694151	67.41
2010-2014	20-24	0.00039	0.00196	2.58	99140	194	495228	6197979	62.52
2010-2014	25-29	0.00043	0.00215	2.7	98946	213	494238	5702751	57.64
2010-2014	30-34	0.00062	0.00307	2.65	98733	303	492951	5208513	52.75
2010-2014	35-39	0.00094	0.00468	2.69	98429	461	491081	4715562	47.91
2010-2014	40-44	0.00142	0.00709	2.67	97969	695	488226	4224481	43.12
2010-2014	45-49	0.00233	0.01156	2.62	97274	1125	483691	3736254	38.41
2010-2014	50-54	0.00326	0.01619	2.64	96149	1556	477068	3252564	33.83
2010-2014	55-59	0.00478	0.02363	2.72	94593	2235	467861	2775495	29.34
2010-2014	60-64	0.00699	0.03439	2.69	92358	3176	454466	2307634	24.99
2010-2014	65-69	0.01141	0.05554	2.64	89182	4953	434237	1853168	20.78
2010-2014	70-74	0.01830	0.08769	2.62	84228	7386	403577	1418931	16.85
2010-2014	75-79	0.03034	0.14157	2.64	76842	10879	358498	1015354	13.21
2010-2014	80-84	0.05101	0.22726	2.6	65964	14991	293863	656856	9.96
2010-2014	85-89	0.09100	0.37251	2.57	50973	18988	208654	362993	7.12
2010-2014	90-94	0.16818	0.58471	2.39	31985	18702	111199	154339	4.83
2010-2014	95-99	0.28326	0.77923	2.11	13283	10350	36540	43140	3.25
2010-2014	100-104	0.43248	0.90468	1.79	2932	2653	6134	6600	2.25
2010-2014	105-109	0.59598	0.96203	1.48	280	269	451	466	1.67
2010-2014	110+	0.72385	1.00000	1.38	11	11	15	15	1.38
2015-2017	0	0.00536	0.00533	0.07	100000	533	99503	8163380	81.63
2015-2017	1-4	0.00025	0.00101	1.5	99467	100	397616	8063877	81.07
2015-2017	5-9	0.00011	0.00054	2.44	99366	54	496694	7666261	77.15
2015-2017	10-14	0.00013	0.00062	2.81	99313	62	496427	7169567	72.19
2015-2017	15-19	0.00029	0.00144	2.58	99251	143	495906	6673139	67.24
2015-2017	20-24	0.00040	0.00201	2.24	99107	200	494985	6177233	62.33
2015-2017	25-29	0.00047	0.00235	2.44	98908	232	493943	5682248	57.45
2015-2017	30-34	0.00063	0.00316	2.69	98676	311	492658	5188305	52.58
2015-2017	35-39	0.00101	0.00504	2.58	98364	496	490620	4695647	47.74
2015-2017	40-44	0.00131	0.00655	2.71	97869	641	487877	4205027	42.97
2015-2017	45-49	0.00240	0.01192	2.72	97228	1159	483495	3717149	38.23
2015-2017	50-54	0.00338	0.01677	2.69	96069	1611	476623	3233654	33.66
2015-2017	55-59	0.00540	0.02665	2.65	94458	2517	466368	2757031	29.19
2015-2017	60-64	0.00742	0.03644	2.62	91941	3350	451720	2290663	24.91
2015-2017	65-69	0.01124	0.05481	2.72	88591	4856	431864	1838943	20.76
2015-2017	70-74	0.01853	0.08878	2.65	83735	7434	401219	1407079	16.80
2015-2017	75-79	0.03109	0.14471	2.61	76301	11041	355137	1005860	13.18
2015-2017	80-84	0.05162	0.22944	2.58	65260	14973	290042	650723	9.97
2015-2017	85-89	0.09019	0.37034	2.59	50287	18623	206480	360682	7.17
2015-2017	90-94	0.16667	0.58038	2.38	31664	18377	110260	154202	4.87
2015-2017	95-99	0.27735	0.77144	2.12	13287	10250	36957	43942	3.31
2015-2017	100-104	0.42241	0.89880	1.8	3037	2730	6462	6985	2.30
2015-2017	105-109	0.58295	0.95900	1.5	307	295	506	523	1.70
2015-2017	110+	0.71006	1.00000	1.41	13	13	18	18	1.41
